0.0004769116412233432
0.0
0.0
0.0
0.0
0.0010842758781857977
0.000848977146757723
0.0007295417628485942
0.0006790749519589036
0.0005686648749252706
0.00037406932151898715
0.00021897177960339442
0.00011923828964854861
0.00010316128855419575
0.00014675173749531862
0.00013566592762208495
0.00013231764420387643
0.00011864374925245509
4.807745559781894e-5
3.562503167979987e-5
7.379227748481505e-5
9.010948123419453e-5
0.00013202920436583362
0.0001755381553303845
0.00031192671689579953
0.0
0.0
0.0
0.0
0.00025052022369037363
4.241855875826269e-5
0.0
0.0
0.0
0.0
0.0
0.0
0.0
0.0
0.0
0.0
0.0
0.0
0.0
0.0
0.0
0.0
0.0
0.0
0.0
0.0
0.0
0.0
0.0
0.0
0.0
0.0
0.0
0.0
0.0
0.0
0.0
0.0
0.0
0.0
0.0
0.0
0.0
0.0
0.0
2.6367302174500874e-6
5.5477932107393465e-6
0.0001993407897325403
0.0
0.0
0.0
0.0
0.0007141839235217012
0.0006293099596739189
0.0006225140798912249
0.00045064513759498343
0.00020210670265995902
5.420976451428822e-5
0.0
0.0
0.0
1.272662871417174e-6
6.510393806948663e-7
0.0
3.9605794467107283e-7
5.6020512163170065e-5
0.000286395389519389
0.000499414858682383
0.00038414621298234295
0.0005051071597667156
0.0007284473882439598
0.0012441259889702087
0.0
0.0
0.0
0.0
0.0014666562352477473
0.001102333101957051
0.0008178572330083137
0.00045388709914604954
8.178497347191143e-5
0.0
0.0
0.0
0.0
0.0
0.0
0.0
0.0
0.0
0.0
1.4493610525421784e-6
0.0
1.0033490419106666e-6
0.0
3.5978071818710753e-6
0.0
0.0
0.0
0.0
0.00021293551067481245
0.00011311435405265882
0.0
0.0
0.0
0.0
0.0
0.0
0.0
0.0
0.0
0.0
0.0
0.0
0.0
0.0
0.0
0.0
0.0
0.0
0.0
0.0
0.0
0.0
9.070797443814764e-7
0.0001354282292047374
0.0003651956020837126
0.0006120801824763625
0.0007237870249503761
0.0007314928576548402
0.0006444139588565563
0.0006151720710347471
0.0006248857721459617
0.0006521470224586334
0.0006644730272806666
0.0006892907867776653
0.0006474903263232691
0.0006199542438052154
0.0006406410021747099
0.0006999492755431474
0.0006987403477274761
0.0007471414262298563
0.0008485068215484092
0.0011570748769582618
0.0
0.0
0.0
0.0
0.0015200691657940922
0.001301295948999749
0.0011766060328064526
0.0011563481738518235
0.0010616643113181361
0.000713959305341191
0.00039146429844585294
0.00023722016124477953
0.00015397494459433393
0.0001685843488251939
0.00017150015247942613
0.00021240721771313096
0.0003127675245332456
0.0005127378295306646
0.0006259043448817378
0.0008388169055786192
0.0010424366533068798
0.0011610974846628195
0.001305124361513179
0.0017086527999495922
0.0
0.0
0.0
0.0
0.002023196350927354
0.0017153704790273067
0.0014764175858010744
0.001190539922479456
0.0006869202416670497
0.0002455543401182726
1.84109375954111e-5
0.0
0.0
1.237835979456221e-6
1.0121077135558067e-6
0.0
1.4794497592273201e-5
0.00019609077367094925
0.0003873071673331858
0.0005511117085203687
0.0006501368355945656
0.0006025559162463181
0.0007753557518612866
0.0012257699989573435
0.0
0.0
0.0
0.0
0.001783549203240801
0.0013546746913917847
0.0010210885187340326
0.0009698356835173394
0.0008930990383233747
0.0006128648113164556
0.0003739931108823338
0.0002189266462950239
0.00016793435536919954
0.00025284314053453414
0.00035793060388244216
0.00045747264804473566
0.0005743038453936045
0.0008140868926842632
0.001089583241850439
0.001403168444659882
0.00158903155341509
0.0018140699654007
0.00202826745079772
0.0025260444652868666
0.0
0.0005619597067807249
0.0007548008177242202
0.00173846434832219
0.0030267661467382233
0.002694601769138937
0.002540324019295793
0.0024337089380360674
0.0022477113239441223
0.0019906899362861353
0.0016292210098774408
0.0013489182020117046
0.0012329811528943393
0.001309568493406124
0.0012672965884259896
0.0012727939454104731
0.0012104368972329887
0.0012232861253869338
0.0012293502017231733
0.0013267552888973162
0.00136045754612834
0.0014742938092738153
0.0015626613764289055
0.001887933868027795
0.0
0.0
0.00038458665878472574
0.0003869251346371801
0.0020405963464850243
0.0016667484456222795
0.001480689586207497
0.001491569015906344
0.0014585059963386298
0.0013007651428977429
0.0011912533370293692
0.0010921006228498365
0.0010275139061105359
0.0010677407054566794
0.0010254471150512225
0.0009393120497830828
0.0007579449745679795
0.0007973655284973111
0.0008318085472539413
0.0009039954679730249
0.0009421837625034517
0.0010580849763107906
0.0012123973839421956
0.0016002855084296234
0.0
0.0
0.0
0.0
0.0019837836164698372
0.0017009033984963248
0.0015259841655022215
0.0015758100361392274
0.0016082249375716014
0.0015538608907319762
0.0013540099420503353
0.0012675878568218714
0.0014188027917299072
0.0016976991268437516
0.001809153559805358
0.0017707191385024686
0.0016142536017783606
0.001600314795139882
0.0016249564774934403
0.001731915172043738
0.0017594463870431395
0.0018214573895011332
0.0019584613041404506
0.0024378762009801638
0.0
0.0005210347110868318
0.0005301411394667538
0.0012968798598857738
0.0027725547222532134
0.0024448332603324127
0.002230220083476513
0.0020157502502998
0.0017280742248715337
0.0013677710638584208
0.001016017794482134
0.0007464728830088451
0.0005622876908839919
0.000512044480634583
0.0004225416789471923
0.00042490072955619467
0.0005412497466536241
0.0006397775475597081
0.0006928441136430284
0.0008387701457358522
0.0009922215177662283
0.0011483209655122118
0.0012773151655657469
0.0016473708454417752
0.0
0.0
0.0
0.0
0.0021508855794743625
0.0017427137439915042
0.0014806538170852581
0.0011622646403345468
0.0007150927207625667
0.0002030575311416866
0.0
0.0
0.0
1.1400631930670527e-6
0.0
0.0
0.0
0.0
5.5599378904026565e-6
6.838308446298629e-5
0.00013374754654570955
0.00028672762749071284
0.0005621729168252612
0.0010458304025245404
0.0
0.0
0.0
0.0
0.0015619443719952924
0.0013396485757227355
0.0011765513596981214
0.0008818592241024256
0.00036533737554910015
4.659524306276578e-5
0.0
0.0
0.0
1.2593824658576166e-6
0.0
0.0001727815991609872
0.0004778496660821872
0.0007186424418902037
0.0008758901333393755
0.000993883391895923
0.0010978060638176226
0.0012686116078373874
0.0015058795628735252
0.0019513438286509863
0.0
0.0
0.0
0.0
0.002386286989004364
0.0021118825773574768
0.0018953268942537185
0.0017517339742525895
0.0015668752502100963
0.0013405492917340526
0.0010599038279170204
0.000802953127707726
0.0007274052970026548
0.0008226795734509252
0.0009194542073118268
0.0009415611101471828
0.0007942606945167455
0.000807972933372958
0.0008557429522287443
0.0009123812042506606
0.0008971113056550812
0.0009542851819617002
0.0010426998665066527
0.0013015068973510338
0.0
0.0
0.0
0.0
0.0011000812296652089
0.000740304827320988
0.0004982840575123243
0.0005117646658302745
0.00034995743027715453
6.373977330545161e-5
0.0
0.0
0.0
0.0
0.0
0.0
0.0
0.0
0.0
0.0
0.0
0.0
0.0
1.909517619151526e-6
0.0
0.0
0.0
0.0
1.1271180935100613e-6
0.0
0.0
0.0
0.0
0.0
0.0
0.0
0.0
0.0
0.0
0.0
0.0
0.0
0.0
0.0
0.0
0.0
0.0
1.183106089320444e-6
0.0
0.0
0.0
0.0
0.0
0.0
0.0
0.0
0.0
0.0
0.0
0.0
0.0
0.0
0.0
0.0
0.0
0.0
0.0
0.0
0.0
0.0
0.0
1.3317138107687519e-6
0.0
0.0
0.0
0.0
0.0
0.0
0.0
0.0
0.0
0.0
0.0
0.0
0.0
0.0
0.0
0.0
0.0
0.0
0.0
0.0
0.0
0.0
0.0
1.7208184346443463e-6
0.0
0.0
0.0
0.0
0.0
0.0
0.0
0.0
0.0
0.0
0.0
0.0
0.0
0.0
0.0
0.0
0.0
0.0
0.0
0.0
0.0
0.0
8.166374940771664e-7
3.851280044881503e-6
0.0
0.0
0.0
0.0
0.00011053001099030236
3.6895924513492344e-5
0.0
4.580885659876141e-5
0.00011230609972007672
0.00011506424561592161
5.911356167974352e-5
0.0
0.0
1.4493689185782655e-6
0.0
0.0
1.2031780947408192e-5
0.00016119422776642557
0.00039213064383318704
0.0005689890364343409
0.0006503145258574572
0.0007795558787604671
0.0009264371314546184
0.0012553443455981706
0.0
0.0
0.0
0.0
0.0017519120205104336
0.0014069216126344523
0.0011220513285517604
0.0007854244154176349
0.00036961959914162055
0.00010554703205498579
0.0
0.0
0.0
0.0
0.0
0.0
0.0
0.0
4.3040068172281684e-5
0.00012552184679559834
0.0002150128013124429
0.000343666304883629
0.00047961326507662405
0.0007889856814915141
0.0
0.0
0.0
0.0
0.0008228351715163115
0.00046153533029289124
0.00023924274806383226
0.00017644503268193461
4.1791579428028656e-5
0.0
0.0
0.0
0.0
0.0
0.0
0.0
0.0
0.0
0.0
1.2696610013544767e-6
1.0805097545892534e-6
1.6988672792126515e-5
0.00013381146931423462
0.00035843411677940334
0.0
0.0
0.0
0.0
0.0011171610532741837
0.0011288353240233573
0.0010327158339596262
0.0007472913484429877
0.0003987243383281391
0.00012658367530174445
0.0
0.0
0.0
1.3048020292039592e-6
1.0563245569909835e-6
0.0
3.4656166648949066e-7
0.0
6.0956986560975394e-5
0.00021777016481763705
0.00033990745850685523
0.00043435110471557603
0.000725928932275064
0.001283416892442582
0.0
0.0
0.0
0.0
0.0016657329442437653
0.0012421129489357575
0.0008679922728998164
0.0006049515340005016
0.0002451774855911392
3.142488301736519e-5
0.0
0.0
0.0
0.0
0.0
0.0
0.0
0.0
0.0
1.4650483908633472e-6
0.0
1.4157577288694755e-6
4.012562437220353e-5
0.0002091567191569797
0.0
0.0
0.0
0.0
0.0002815076809310504
0.00016073086502457182
5.5704407858700474e-5
1.5832537120985754e-5
0.0
0.0
0.0
0.0
0.0
0.0
0.0
0.0
0.0
0.0
0.0
0.0
0.0
1.1547326507971008e-6
1.0097312087726065e-6
4.65555419757228e-6
0.0
0.0
0.0
0.0
1.0787328159284591e-6
0.0
0.0
0.0
0.0
0.0
0.0
0.0
0.0
0.0
0.0
0.0
0.0
0.0
0.0
0.0
0.0
0.0
0.0
1.937783099517006e-6
0.0
0.0
0.0
0.0
0.0
0.0
0.0
0.0
0.0
0.0
0.0
0.0
0.0
0.0
4.184365653380303e-6
0.0
0.0
1.3920089685549027e-5
3.261960559228091e-5
9.786643323951446e-5
0.00013333940559453496
0.0002380352277087407
0.00034546890722165385
0.0006885895770562603
0.0
0.0
0.0
0.0
0.0009413465624884762
0.000734447460767666
0.0006814057012463545
0.0007703687881994102
0.000702300616660713
0.0004527531935802688
0.0002008603204279748
9.317780015504416e-6
0.0
1.3810278713097163e-6
1.3330988573031067e-6
1.3508100507654266e-5
2.327558057120769e-5
0.000269104844615393
0.0005668236820026758
0.0006994889594351439
0.0007830866615331438
0.0009325675169783653
0.0011057961675273041
0.0014972532142528692
0.0
0.0
0.0
0.0
0.00196647531926943
0.0017175785756919331
0.001598065707502422
0.0016007179064843878
0.00145685088699997
0.0011508653471378064
0.0008576109007607675
0.0006062628031031931
0.000481769877842138
0.00048155266371360843
0.00047296157477987304
0.0004900076023722361
0.0005025562579233854
0.000589134405307821
0.0006206234196351331
0.0007216371888387
0.0007830346978002871
0.0008551402045469639
0.0010018234535359401
0.001349500338572457
0.0
0.0
0.0
0.0
0.0018528780394934973
0.0015546344319535064
0.0014297875453791833
0.0014985870711299695
0.001527624069388459
0.0014041588013310726
0.0012286321651148457
0.001085728771083
0.0010221577311143074
0.001167547496778933
0.0012510323841762822
0.0012128478755429701
0.001021387690750022
0.0009824572989645625
0.0009412171741218532
0.001007144485034195
0.0010643750577776665
0.001143177977056649
0.0012414359498645366
0.001569269779136367
0.0
0.0
0.0
0.0
0.0015449274596014493
0.0011918283248655707
0.0010567851334154455
0.0010941833523053998
0.0010487594256649592
0.0008738693098649876
0.000672789052961533
0.00048640156596957976
0.00033906904704471513
0.00024238342189998444
0.00019904818538549752
0.0001579868863087328
0.0001332984400103166
0.0002977983628458245
0.0004653168914980184
0.0006683386660454728
0.0008179301203971625
0.0009190919445865206
0.001103783513532848
0.0015578238928413033
0.0
0.0
0.0
0.0
0.0019449755423770396
0.00161882062343932
0.0013666310895266165
0.0012480981808713793
0.000968694793088901
0.00044296456456724984
5.635814541483162e-5
0.0
0.0
1.6699723818107348e-6
0.0
7.400380413110821e-6
4.068537284167029e-5
4.055283533327643e-5
8.458104715424948e-5
0.0001668776471591867
0.00024372849877122308
0.00031482378053670026
0.000387091158775853
0.000636314596737127
0.0
0.0
0.0
0.0
0.0006785533899737257
0.0004389397511574354
0.00030437525650767346
0.0002622694122524261
9.110157180369099e-5
0.0
0.0
0.0
2.188519108588805e-6
2.8998378892764303e-6
4.132662437651886e-5
2.6304453765703832e-5
3.820515402342703e-6
1.743512562961138e-5
0.00013038737781859806
0.00022487717543025434
0.0002889132598871203
0.0005267124463122894
0.0008237380080867865
0.001234084711747451
0.0
0.0
0.0
0.0
0.0017308782001007608
0.001336635870597222
0.0010016339965921738
0.0006650880072860496
0.00029046352865684993
7.314799089066396e-5
0.0
0.0
0.0
0.0
0.0
0.0
0.0
1.4371992682693174e-6
0.0
4.782823887564534e-5
9.985589733916704e-5
0.0001828502286810694
0.0003087840410176507
0.0006386788970244207
0.0
0.0
0.0
0.0
0.0006327587793483718
0.00039487427697560134
0.0002527806802167776
0.0002441062864685572
0.00020882246883299882
0.000120906417581818
0.0
0.0
0.0
6.328074232703112e-5
0.0001497934881946777
0.00018045688658941902
0.00011935485632091562
0.00014402137971621833
0.0001986771680225643
0.0002607572546769909
0.00030090710789270513
0.0003171567859740367
0.0003142564172675716
0.0005275162114055022
0.0
0.0
0.0
0.0
0.0002951295577137627
0.00015202140926585554
5.099572662634759e-5
2.8756614904409794e-5
3.1946469969862683e-6
0.0
0.0
0.0
0.0
1.9835313312396913e-5
0.0003384881578521377
0.0005918263875849449
0.0005869272254050329
0.0006403951652094118
0.0006747184983743346
0.0007665096490310185
0.0008282784047400159
0.0009000160914262927
0.001047335119240046
0.0013751837623809378
0.0
0.0
0.0
0.0
0.0015145152598262867
0.0011968333555761692
0.0010187032845909534
0.0010687503727752783
0.0010614182680287623
0.0009807368603946037
0.0007949608741699154
0.0007127998000686211
0.0007625714599140045
0.0009548727739704831
0.001144250648275456
0.0011683288696676826
0.0010344801756542142
0.0010924373849837343
0.0011268184446537447
0.0012376890603060847
0.0012263788589760027
0.0012619879353744602
0.0013598692675182678
0.0017373974200303646
0.0
0.0
0.0
0.0
0.0020031211868971393
0.0016629317661969274
0.0014723424979437008
0.0014629669601075265
0.0014479760780715786
0.0013280390647903244
0.0011659997491319748
0.0010371518133353388
0.0009194246631676603
0.0009035666035922312
0.0008405094663401744
0.0007679598816669672
0.0006714528852769603
0.0007632885429525451
0.0008502055095030641
0.0009919009422605016
0.0010883639766553343
0.0012133371019666934
0.0013782899530448522
0.0017808321014232344
0.0
0.0
0.0
0.0
0.0019972322886812727
0.001673463048131968
0.0014377381920762185
0.0012571034141105964
0.0009218591991193332
0.00058147935460149
0.00031404352618830415
0.0001368081242892434
0.00010326819517991099
0.00016317603614528976
0.00018994570377116638
0.0002311960784081295
0.0002571437215372777
0.0002636677023311755
0.0003326001626505618
0.0003967972094879103
0.00045722622802822144
0.0006212912400012425
0.0008091891038177973
0.0011443738296245118
0.0
0.0
0.0
0.0
0.0012440110572581543
0.0009599152942423338
0.000813080317455114
0.0008186959861635224
0.000706912519961235
0.00046099561544768865
0.000293186195015886
0.0001855248641035577
0.00017105700883176988
0.00026532564754491744
0.000276805715231384
0.000293263229396699
0.00029853974522840216
0.00031040169593999744
0.00042408713884708
0.0004055492634629439
0.0004091939947763146
0.0005326285539175098
0.0006984944696304036
0.0010590774007682967
0.0
0.0
0.0
0.0
0.0011429103444639162
0.000826512706029477
0.0006463137132259973
0.00061453231772755
0.0005147334296928019
0.00031953059402063666
0.00014015029880745972
7.1476435760394544e-6
0.0
2.3938678422027703e-5
3.3722696851399826e-5
4.336060665941126e-5
0.0
7.345163713458815e-6
8.035202246735613e-5
0.00015910279578087395
0.0002406579579363152
0.0003227943720421926
0.00046884968540381164
0.0007329706703095811
0.0
0.0
0.0
0.0
0.0006543603595995637
0.0003415904626166178
0.00021248950864600894
0.0002330529304522048
0.0002287186331464499
0.00013311267905027186
0.0
0.0
0.0
0.0
1.7253583969194306e-6
0.0
0.0
0.0
0.0
1.02446827084215e-6
0.0
1.9306794004002576e-5
6.0117631961662756e-5
0.00020341366135226226
0.0
0.0
0.0
0.0
0.00021923096432836412
0.00012278061160236702
1.3540350457367513e-5
2.813127849476167e-6
0.0
0.0
0.0
0.0
0.0
0.0
0.0
0.0
0.0
0.0
0.0
0.0
0.0
1.174844187067755e-6
1.1105965983708803e-6
0.0002376051481112937
0.0
0.0
0.0
0.0
0.00135297094456149
0.001132962121505699
0.0009985061518783878
0.0010656410127473947
0.0011820940425675038
0.0011406473086093998
0.0009520685091558264
0.0007723604963644108
0.0007989792968550198
0.0009304495104297126
0.001029590540746256
0.0011229752834612352
0.001053555197863907
0.0010933267254540685
0.0011522807136658073
0.0012677889335473184
0.001339010996634477
0.0014670047388956387
0.001629497725829393
0.002011801033432574
0.0
0.0
0.0
0.0004385779968696415
0.002274063324233809
0.0019218031202625795
0.0017269968550958643
0.0016374248797421168
0.00147516167862535
0.00122012444895726
0.0009485208310910929
0.0007376771659369217
0.0005646328450509747
0.0005431507873056683
0.000514957455398374
0.000499234839762381
0.0004671346187987941
0.0005373844461449998
0.0006398546381502504
0.0007850142551291623
0.000848818143957055
0.0009205575623908116
0.0010288998444615827
0.0013507492256297172
0.0
0.0
0.0
0.0
0.0014566909575702727
0.001160570908148928
0.0009733072426326898
0.0009186985780356429
0.0008052326459844133
0.0005872070537351539
0.00040432216538107926
0.00029485151357136187
0.00026287400565328705
0.00030614286457513276
0.00031161375320740424
0.0003193938119126936
0.0002900826729282735
0.00023185001397328742
0.00021234383963573058
0.00022083522415069536
0.00022661484455503396
0.00022995016248407736
0.00020981847430481945
0.0003275404055044532
0.0
0.0
0.0
0.0
0.00042616064768968614
0.00020909855749767575
6.700934662770906e-5
7.531093078739555e-6
0.0
0.0
0.0
0.0
0.0
0.0
0.0
0.0
0.0
0.0
0.0
0.0
0.0
1.4397715940019705e-6
1.3587987327126445e-6
0.00018896877047115673
0.0
0.0
0.0
0.0
0.00013153877625126986
1.0423910624490954e-5
0.0
0.0
0.0
0.0
0.0
0.0
0.0
0.0
0.0
0.0
0.0
0.0
0.0
0.0
0.0
0.0
0.0
1.5799879988880143e-6
0.0
0.0
0.0
0.0
1.1422460807213118e-6
0.0
0.0
0.0
0.0
0.0
0.0
0.0
0.0
0.0
0.0
0.0
0.0
0.0
4.971456492922292e-7
0.0
0.0
1.0126457237051547e-6
3.815281163433834e-6
0.0001726912077076481
0.0
0.0
0.0
0.0
0.0006414836280361423
0.00041877079393201725
0.00022519651886749543
0.00015396200737633446
3.433804451497697e-5
0.0
0.0
0.0
0.0
0.0
0.0
0.0
0.0
0.0
0.0
0.0
1.131069458985876e-6
2.8022902378203327e-6
1.1991975334659458e-6
9.838930680721692e-5
0.0
0.0
0.0
0.0
0.0001458207256594306
5.019178463324494e-5
0.0
0.0
0.0
0.0
0.0
0.0
0.0
0.0
0.0
0.0
0.0
0.0
0.0
0.0
0.0
1.2283724861433803e-6
1.4994547132035057e-6
0.00025885322936592623
0.0
0.0
0.0
0.0
0.000598323632614664
0.0004053627288707664
0.00023484257716825576
0.00014656181069586612
1.3228212874605714e-5
0.0
0.0
0.0
0.0
0.0
0.0
0.0
0.0
0.0
0.0
0.0
4.592825301524796e-6
9.603289938590099e-6
0.00011704927335991482
0.0004049332686890153
0.0
0.0
0.0
0.0
0.001182698239506842
0.000984108156763379
0.0008058311393546674
0.0006541323597441737
0.00017048606787434606
0.0
0.0
0.0
0.0
0.0
0.0
0.0
0.0
1.0455977796129303e-6
0.0
3.989955712260994e-6
7.303344809006823e-5
0.00021023101812972392
0.00037457373665416785
0.0008615720603661661
0.0
0.0
0.0
0.0
0.0014948167741550397
0.0013080028162967832
0.0011194561929774637
0.0009116570415579069
0.000654577757324369
0.0003796254768737718
0.00015558553582736105
6.738918498235802e-6
0.0
1.2853729522198511e-6
0.0
0.0
6.190229096780392e-6
7.865891869985936e-5
0.00033976696489376637
0.0003971227453082328
0.0003768594628353606
0.0005648248493930663
0.0007483595124619202
0.0011421380194568448
0.0
0.0
0.0
0.0
0.001573339922311436
0.0012227939088716915
0.0008256764534865861
0.0004374455068577545
0.00012359225060324666
0.0
0.0
0.0
0.0
0.0
0.0
0.0
0.0
0.0
0.0
9.885126699991309e-7
0.0
4.965326444989523e-5
0.00021019058714770444
0.00065777227609
0.0
0.0
0.0
0.0
0.0011270932414924528
0.0007985823605982937
0.0004600418589601392
0.00025216612971137766
7.247426308156278e-5
0.0
0.0
0.0
0.0
0.0
0.0
0.0
0.0
0.0
0.0
0.0
0.0
1.1282086587137099e-6
1.0841507279440727e-6
2.235227102038091e-5
0.0
0.0
0.0
0.0
4.213939195124414e-5
0.0
0.0
0.0
0.0
0.0
0.0
0.0
0.0
0.0
0.0
0.0
0.0
0.0
0.0
0.0
0.0
0.0
2.000673939453323e-6
1.792363036253933e-6
0.0
0.0
0.0
0.0
2.1692993324676624e-6
0.0
0.0
0.0
0.0
0.0
0.0
0.0
0.0
0.0
1.5055972447960833e-6
0.0
0.0
0.0
0.0
1.032877215307697e-6
0.0
1.4027192479893607e-6
1.2940965026513483e-6
0.00013565387645567687
0.0
0.0
0.0
0.0
0.00017640867219343093
0.00022749451107595514
0.00020802705116176035
0.00027410388849091446
0.0002760113297348598
0.00019014006515240123
2.0591226553037916e-5
0.0
0.0
3.971797073831749e-6
3.8969208661308676e-5
1.3105314603068376e-5
0.0
0.0
1.5478233637919565e-5
0.00017718221385843065
0.000334609914582148
0.0004728467777716079
0.0006419618180620028
0.0010174921395398248
0.0
0.0
0.0
0.0
0.0012715953632892842
0.000990244018023875
0.0008088352027054819
0.0007866560119408559
0.0005411466392734488
0.0002696232931137289
0.00010033558562593922
0.0
0.0
1.3676565501161487e-6
0.0
0.0
0.0
1.8930693585267605e-5
0.00010152320545297977
0.00019146660389969113
0.0002080728460154069
0.0002818648491923081
0.00043246896594314517
0.0008185205490570987
0.0
0.0
0.0
0.0
0.0010746922224409222
0.0008379609093405827
0.0005490435003550194
0.0002777981912421921
4.8597384695903024e-5
0.0
0.0
0.0
0.0
0.0
0.0
0.0
0.0
0.0
0.0
9.097519148909228e-7
3.94353448599455e-6
9.811477730286842e-5
0.00018583519691053857
0.00037029102291724235
0.0
0.0
0.0
0.0
0.0008065954452178876
0.0006344859434623357
0.00034918262705296334
0.00014570020124560844
7.550271302899244e-6
0.0
0.0
0.0
0.0
0.0
0.0
0.0
0.0
0.0
0.0
0.0
0.0
4.8080046378525044e-5
0.00018878666846514994
0.0004323071676230982
0.0
0.0
0.0
0.0
0.0007820055079668384
0.000477946809909422
0.0002699826832668713
0.00021946410776202394
0.00012237931205154304
1.5089725215232462e-6
0.0
0.0
0.0
0.0
0.0
0.0
0.0
0.0
0.0
0.0
0.0
0.0
0.0
1.7062507974575342e-6
0.0
0.0
0.0
0.0
6.697656480313289e-7
0.0
0.0
0.0
0.0
0.0
0.0
0.0
0.0
0.0
0.0
0.0
0.0
0.0
0.0
0.0
0.0
1.2754268224365646e-6
4.4576662988521965e-6
0.00015371339795205904
0.0
0.0
0.0
0.0
0.0003929367199556069
0.00024350118984094776
0.00016107234345410235
6.617901425537787e-5
0.0
0.0
0.0
0.0
0.0
0.0
0.0
0.0
0.0
4.6433299595228334e-7
2.1668154566799065e-6
8.648647404992602e-5
0.00015971946795410475
0.0002685620905644503
0.00043766148038101534
0.0009150040625299854
0.0
0.0
0.0
0.0
0.0013464095828563097
0.0010826360034576646
0.00058813275436139
0.00011566954612852559
0.0
0.0
0.0
0.0
0.0
0.0
0.0
0.0
0.0
0.0
0.0
0.0
0.0
1.2244790488403015e-6
1.1207325041740692e-6
4.038269897062995e-5
0.0
0.0
0.0
0.0
0.0001256253473112771
1.816983137175712e-5
0.0
0.0
0.0
0.0
0.0
0.0
0.0
0.0
0.0
0.0
0.0
0.0
0.0
0.0
0.0
0.0
0.0
0.0
0.0
0.0
0.0
1.0685181456599872e-6
0.0
0.0
0.0
0.0
0.0
0.0
0.0
0.0
0.0
0.0
0.0
0.0
0.0
0.0
0.0
0.0
3.7645408857806286e-6
3.24459547024494e-5
0.0002518515698662304
0.0
0.0
0.0
0.0
0.0008005139941993161
0.0005952058067585119
0.0004718485891005958
0.00045713216376242985
0.00025826104168515064
6.565952792809466e-5
0.0
0.0
0.0
0.0
0.0
0.0
0.0
0.0
0.0
5.098814271431993e-7
1.8620806786413208e-5
0.00017398526177694285
0.0003371976420023735
0.0007679599080533886
0.0
0.0
0.0
0.0
0.0014776095513608302
0.0012781866946473906
0.0011689508075949657
0.0010465659175870078
0.0008587229979493725
0.0005149038876371859
0.00021165548841653046
3.2965090988355034e-5
0.0
3.1630543840257035e-5
9.111824179118753e-6
0.0
0.0
0.0
8.10651016990716e-5
0.0003140620890356643
0.0005669092801075973
0.0007473580393466645
0.0008572714910044908
0.0013246629576669628
0.0
0.0
0.0
0.0
0.0018793459826051623
0.001538693900398872
0.0012780371812020543
0.000917773127082603
0.00046049613412981524
0.00014748904960611514
0.0
0.0
0.0
0.0
0.0
0.0
0.0
0.0
0.0
1.1562921470535611e-5
5.233188630630013e-5
0.0001293034410391857
0.00021405621626705422
0.00040396466728955584
0.0
0.0
0.0
0.0
0.00058248411171752
0.0003556665688916719
0.0002712107246078625
0.0003025590291308191
0.0003067823719786224
0.00024020457702241189
7.48706619846831e-5
0.0
0.0
2.833440929223669e-5
0.00010639473228022234
8.94084124251484e-5
2.9583764619780397e-6
0.0
1.8317653525097432e-5
9.101598410921058e-5
0.00011953920150533195
0.0001818019375177056
0.0002789707427153335
0.000537269164092226
0.0
0.0
0.0
0.0
0.00040055514819396597
0.0001838477568046113
6.18685344864772e-5
5.009335639706481e-5
8.087045757292021e-6
0.0
0.0
0.0
0.0
1.7123104934261086e-6
1.4089993747907788e-6
0.0
0.0
1.0135379396302033e-6
0.0
2.0358211936112856e-6
3.6439972575438684e-5
0.00014119669691139872
0.0002546470516612272
0.0005324287450706914
0.0
0.0
0.0
0.0
0.0010639030871865125
0.0008221779335464047
0.0007472758429836073
0.0008275901510840541
0.0008036202927371291
0.0006893084070311029
0.0005591075894150323
0.0004397076365936952
0.00039579766424441677
0.00033946243089089416
0.00028170748390190094
0.00026178292192320055
0.0002222703740643408
0.0001735869822518133
0.0002680703769433547
0.00048096868376198884
0.0006390188571260553
0.0008024824966154869
0.0009761003100701409
0.0014418600714844118
0.0
0.0
0.0
0.0
0.0018258926775082621
0.0015926642341163892
0.001415802902866151
0.0011795152011626752
0.0007770920046561011
0.00036063302941728676
0.00015316002369915896
2.9764814406262224e-5
0.0
0.0
0.0
0.0
0.0
0.0
1.4121994922450128e-6
0.00011686317480889216
0.0002558051455928615
0.00035517151650134776
0.0005243408574967585
0.0008888347655906288
0.0
0.0
0.0
0.0
0.001167717665913958
0.0009428193473104254
0.000760638887045079
0.0004780910446292302
0.000165208189372459
5.422626920970298e-6
0.0
0.0
0.0
0.0
0.0
0.0
0.0
0.0
0.0
0.0
0.0
2.756885145984779e-6
9.95104863350621e-5
0.00031654461989200723
0.0
0.0
0.0
0.0
0.000818777051347352
0.0006825900684037243
0.0005270811596306564
0.0002881488722038206
4.8169127424533096e-5
0.0
0.0
0.0
0.0
0.0
0.0
0.0
0.0
0.0
0.0
0.0
0.0
2.6623572851843767e-6
1.4007579663614967e-6
0.00016504648905911955
0.0
0.0
0.0
0.0
0.00042207534584820186
0.0003019165293075967
0.0002133787491140241
9.88523479784199e-5
0.0
0.0
0.0
0.0
0.0
0.0
0.0
0.0
0.0
0.0
0.0
0.0
0.0
2.0942562716731836e-6
1.0273554171798787e-6
2.1300848143588333e-5
0.0
0.0
0.0
0.0
3.810953464396406e-5
0.0
0.0
0.0
0.0
0.0
0.0
0.0
0.0
0.0
0.0
0.0
0.0
0.0
0.0
0.0
0.0
0.0
0.0
1.1930795933527836e-6
0.0
0.0
0.0
0.0
6.575696853604825e-7
0.0
0.0
0.0
0.0
0.0
0.0
0.0
0.0
0.0
0.0
0.0
0.0
0.0
0.0
0.0
0.0
0.0
0.0
0.0
0.0
0.0
0.0
0.0
0.0
0.0
0.0
0.0
0.0
0.0
0.0
0.0
0.0
0.0
0.0
0.0
0.0
0.0
0.0
0.0
0.0
0.0
0.0
9.745338239619935e-7
0.0
0.0
0.0
0.0
8.201239211648288e-7
0.0
0.0
0.0
0.0
0.0
0.0
0.0
0.0
0.0
0.0
0.0
0.0
0.0
0.0
0.0
0.0
0.0
0.0
1.7650126813248621e-6
0.0
0.0
0.0
0.0
0.00013661091927221435
2.932351700984989e-5
0.0
0.0
0.0
0.0
0.0
0.0
0.0
0.0
0.0
0.0
0.0
0.0
0.0
0.0
0.0
0.0
0.0
1.4152083979475987e-6
0.0
0.0
0.0
0.0
8.223218006301921e-7
0.0
0.0
0.0
0.0
0.0
0.0
0.0
0.0
0.0
0.0
0.0
0.0
0.0
0.0
0.0
0.0
0.0
0.0
0.0
0.0
0.0
0.0
0.0
0.0
0.0
0.0
0.0
0.0
0.0
0.0
0.0
0.0
0.0
7.5317321279284265e-6
8.817529963616349e-5
9.985450583239416e-5
0.00012248612971732373
0.00013474620108118446
0.00017522760777341205
0.0002288922827391338
0.0002843590202299177
0.00033919522768727727
0.0006368131360154143
0.0
0.0
0.0
0.0
0.0008301040684776248
0.00058032567451945
0.0004430432585209197
0.0005551735563811022
0.0005951485303747282
0.00046545018960054854
0.00033755367731052644
0.00022253932642160595
0.00022767961869490523
0.0003411000998029034
0.0003983167819803231
0.00038876584484347996
0.0002654387960670574
0.00019514409085077792
0.00016745368258065912
0.00017489306764226648
0.00012730752390739127
0.00014150125120298982
0.00016034142783311633
0.00027864035401084454
0.0
0.0
0.0
0.0
0.00019166349660349033
1.4626998441564872e-5
0.0
0.0
0.0
0.0
0.0
0.0
0.0
0.0
0.0
0.0
0.0
0.0
0.0
0.0
0.0
0.0
1.0825002149426098e-6
1.1974058588758133e-6
0.0
0.0
0.0
0.0
2.030429000928296e-6
0.0
0.0
0.0
0.0
0.0
0.0
0.0
0.0
0.0
0.0
0.0
0.0
0.0
0.0
0.0
0.0
0.0
0.0
1.3358844773394566e-6
0.0
0.0
0.0
0.0
2.217788985862405e-6
0.0
0.0
0.0
0.0
0.0
0.0
0.0
0.0
0.0
0.0
0.0
0.0
0.0
0.0
0.0
0.0
0.0
1.405678124815493e-6
2.967763692990057e-6
0.0
0.0
0.0
0.0
0.000391739024440346
0.0002720953752798526
0.000176346843819377
0.00011019015932798975
9.89555192846898e-6
0.0
0.0
0.0
0.0
0.0
0.0
0.0
0.0
0.0
0.0
0.0
0.0
1.2383569970828763e-6
3.226663470109575e-5
0.00028280576924024855
0.0
0.0
0.0
0.0
0.00038911438784926874
0.00020999018039344962
9.308344172500244e-5
3.979179398035636e-5
0.0
0.0
0.0
0.0
0.0
0.0
0.0
0.0
0.0
0.0
0.0
0.0
0.0
0.0
1.4027385289243284e-6
1.8720894307195126e-6
0.0
0.0
0.0
0.0
0.0001262843797795646
0.0
0.0
0.0
0.0
0.0
0.0
0.0
0.0
0.0
0.0
0.0
0.0
0.0
0.0
0.0
0.0
0.0
0.0
0.0
0.0
0.0
0.0
0.0
3.1325577576805493e-6
0.0
0.0
0.0
1.2643970344834313e-6
0.0
0.0
0.0
0.0
1.599920013256845e-6
4.613355314241314e-6
2.895591780823043e-6
0.0
0.0
0.0
7.453776526193965e-5
0.00016428609714476454
0.0002600994328797967
0.00037006722482227047
0.000752430585481171
0.0
0.0
0.0
0.0
0.0011024207253861054
0.0008851184383817759
0.000647612066397214
0.0004447868449669691
0.00023155549539116246
8.797929536760297e-5
0.0
0.0
0.0
1.3541591428498395e-6
0.0
0.0
0.0
0.0
0.0
9.465647914916754e-6
8.904953077603863e-5
0.0001895636119828812
0.0002222553438931453
0.0005390083366886811
0.0
0.0
0.0
0.0
0.000732359442608516
0.0004823769889288836
0.00029943370820061994
0.0002565079128891924
0.00018071697133526196
3.972774747281962e-5
0.0
0.0
0.0
0.0
0.0
0.0
0.0
0.0
0.0
1.0333337725702103e-6
0.0
1.1296000291197833e-6
1.0236808124464119e-6
2.9052556413105063e-5
0.0
0.0
0.0
0.0
3.180419904282715e-6
0.0
0.0
0.0
0.0
0.0
0.0
0.0
0.0
0.0
0.0
0.0
0.0
0.0
0.0
0.0
0.0
0.0
0.0
0.0
0.0
0.0
0.0
0.0
6.144515932389832e-7
0.0
0.0
0.0
0.0
0.0
0.0
0.0
0.0
0.0
0.0
0.0
0.0
0.0
0.0
0.0
0.0
1.0111522448334253e-6
1.2199271151124095e-6
7.07291267880395e-5
0.0
0.0
0.0
0.0
0.0003656196816528719
0.0002687166100017168
0.0001618594617089143
0.0001022250836156079
1.966631305148688e-5
0.0
0.0
0.0
0.0
0.0
0.0
0.0
0.0
0.0
0.0
1.0626714783570194e-6
0.0
5.666343147505685e-6
7.735465785282953e-5
0.00023732799811379844
0.0
0.0
0.0
0.0
0.0005315021457539898
0.00036139633758552816
0.0002347704285992021
0.00013477424884918369
9.367583324642565e-6
0.0
0.0
0.0
0.0
0.0
0.0
0.0
0.0
0.0
0.0
0.0
0.0
1.4794093447645307e-6
6.435833665336287e-5
0.00023671358730121696
0.0
0.0
0.0
0.0
0.00015807759550780023
7.594196324932364e-5
0.0
0.0
0.0
0.0
0.0
0.0
0.0
0.0
0.0
0.0
0.0
0.0
0.0
0.0
0.0
0.0
0.0
1.6570305295574363e-6
0.0
0.0
0.0
0.0
2.0652883171445566e-6
0.0
0.0
5.325414025614878e-6
1.007567670125847e-6
0.0
0.0
0.0
0.0
0.0
0.0
0.0
0.0
0.0
0.0
0.0
0.0
8.418912742184876e-7
2.673172206735269e-6
0.00015324845812263177
0.0
0.0
0.0
0.0
0.0003506160380127536
0.0002539525451994967
9.635798749074023e-5
2.1409338863691467e-6
0.0
0.0
0.0
0.0
0.0
0.0
0.0
0.0
0.0
0.0
0.0
0.0
0.0
0.0
0.0
1.2402036796006346e-6
0.0
0.0
0.0
0.0
3.2240107755507055e-5
0.0
0.0
0.0
0.0
0.0
0.0
0.0
0.0
0.0
0.0
0.0
0.0
0.0
0.0
0.0
0.0
0.0
0.0
1.2362835399044394e-6
0.0
0.0
0.0
0.0
1.2604060073339047e-6
0.0
0.0
0.0
0.0
0.0
0.0
0.0
0.0
0.0
0.0
0.0
0.0
0.0
0.0
0.0
0.0
0.0
0.0
0.0
0.0
0.0
0.0
0.0
3.592086829692724e-6
0.0
0.0
0.0
0.0
0.0
0.0
0.0
0.0
0.0
0.0
0.0
0.0
0.0
0.0
0.0
0.0
0.0
0.0
1.6050765685458962e-6
0.0
0.0
0.0
0.0
4.315207308696791e-6
0.0
0.0
0.0
0.0
0.0
0.0
0.0
0.0
0.0
0.0
0.0
0.0
0.0
0.0
0.0
0.0
0.0
0.0
0.0
0.0
0.0
0.0
0.0
9.244309680763242e-7
0.0
0.0
0.0
0.0
0.0
0.0
0.0
0.0
0.0
0.0
0.0
0.0
0.0
0.0
0.0
0.0
0.0
0.0
0.0
0.0
0.0
0.0
0.0
1.376817434415329e-6
0.0
0.0
0.0
0.0
0.0
0.0
0.0
0.0
0.0
0.0
0.0
0.0
0.0
0.0
0.0
0.0
0.0
0.0
0.0
0.0
0.0
0.0
0.0
1.3139789737425704e-6
0.0
0.0
0.0
0.0
0.0
0.0
0.0
0.0
0.0
0.0
0.0
0.0
0.0
0.0
0.0
0.0
0.0
0.0
0.0
0.0
0.0
0.0
0.0
1.028074226422533e-6
0.0
0.0
0.0
0.0
0.0
0.0
0.0
0.0
0.0
0.0
0.0
0.0
0.0
0.0
0.0
0.0
0.0
0.0
0.0
0.0
0.0
0.0
0.0
6.633182876396851e-7
0.0
0.0
0.0
0.0
0.0
0.0
0.0
0.0
0.0
0.0
0.0
0.0
0.0
0.0
0.0
0.0
0.0
0.0
0.0
0.0
0.0
0.0
0.0
0.0
0.0
0.0
0.0
0.0
0.0
0.0
0.0
0.0
0.0
0.0
0.0
0.0
0.0
0.0
0.0
0.0
0.0
0.0
0.0
0.0
0.0
0.0
0.0
0.0
0.0
0.0
0.0
0.0
0.0
0.0
0.0
0.0
4.886268884217323e-7
6.415536386398695e-7
0.0
0.0
0.0
0.0
2.0818094087267064e-6
0.0
0.0
1.3307828767617197e-6
1.9157478556606353e-5
0.0
0.0
0.0
0.0
2.9595206548112263e-6
0.0
0.0
0.0
0.0
0.0
0.0
0.0
0.0
0.0
0.0
0.0
0.0
0.0
0.0
0.0
0.0
0.0
0.0
3.5401417724353513e-6
0.0
0.0
0.0
0.0
0.0002788021488940048
0.00016662750876375303
1.7589977602306243e-5
0.0
0.0
0.0
0.0
0.0
0.0
0.0
0.0
0.0
0.0
0.0
0.0
0.0
0.0
0.0
0.0
0.0
0.0
0.0
0.0
0.0
0.0
0.0
0.0
0.0
0.0
0.0
0.0
0.0
0.0
0.0
0.0
0.0
0.0
0.0
0.0
0.0
0.0
0.0
0.0
0.0
0.0
0.0
0.0
0.0
0.0
0.0
0.0
0.0
0.0
0.0
0.0
0.0
0.0
0.0
0.0
0.0
0.0
0.0
0.0
0.0
0.0
0.0
0.0
0.0
0.0
0.0
0.0
0.0
0.0
0.0
0.0
0.0
0.0
0.0
0.0
0.0
0.0
0.0
0.0
0.0
0.0
0.0
0.0
0.0
0.0
0.0
0.0
0.0
0.0
0.0
0.0
0.0
0.0
0.0
0.0
0.0
0.0
0.0
0.0
0.0
0.0
0.0
0.0
0.0
0.0
0.0
0.0
0.0
0.0
0.0
0.0
0.0
0.0
0.0
0.0
0.0
1.0073004599375892e-6
0.0
0.0
0.0
0.0
0.0
0.0
0.0
0.0
0.0
0.0
0.0
0.0
0.0
0.0
0.0
0.0
0.0
0.0
0.0
0.0
0.0
0.0
0.0
0.0
0.0
0.0
0.0
0.0
0.0
0.0
0.0
0.0
0.0
0.0
0.0
0.0
0.0
0.0
0.0
0.0
0.0
0.0
1.3748513267331892e-6
0.0
0.0
0.0
0.0
1.4120785991973637e-6
0.0
0.0
0.0
0.0
0.0
0.0
0.0
0.0
0.0
0.0
0.0
0.0
0.0
0.0
0.0
0.0
0.0
0.0
0.0
0.0
0.0
0.0
0.0
1.304490778082998e-6
0.0
0.0
0.0
0.0
0.0
0.0
0.0
0.0
0.0
0.0
0.0
0.0
0.0
0.0
0.0
0.0
0.0
0.0
0.0
0.0
0.0
0.0
0.0
2.039569604269316e-6
0.0
0.0
0.0
0.0
0.0
0.0
0.0
0.0
0.0
0.0
0.0
0.0
0.0
0.0
0.0
0.0
0.0
0.0
0.0
0.0
0.0
0.0
0.0
0.0
0.0
0.0
0.0
0.0
0.0
0.0
0.0
0.0
0.0
0.0
0.0
0.0
0.0
0.0
0.0
0.0
0.0
0.0
0.0
0.0
0.0
0.0
0.0
0.0
0.0
0.0
0.0
0.0
0.0
0.0
0.0
0.0
0.0
0.0
0.0
0.0
0.0
0.0
0.0
0.0
0.0
1.108088524239212e-6
6.1425196931884846e-6
0.0
0.0
0.0
0.0
0.00022499287046378106
0.0001229449503360984
2.7096643280035074e-6
0.0
0.0
0.0
0.0
0.0
0.0
0.0
0.0
0.0
0.0
0.0
0.0
0.0
0.0
9.759030215700228e-7
4.1709852765443455e-5
0.0002615424028195932
0.0
0.0
0.0
0.0
0.0006231824202250474
0.0003804080953568195
0.00014051726197437267
6.260829619953932e-6
0.0
0.0
0.0
0.0
0.0
0.0
0.0
0.0
0.0
0.0
0.0
0.0
0.0
0.0
0.0
2.4860469467570852e-5
0.0
0.0
0.0
0.0
0.00026625706094222484
0.00013462486478600544
0.0
0.0
0.0
0.0
0.0
0.0
0.0
0.0
0.0
0.0
0.0
0.0
0.0
0.0
0.0
0.0
0.0
0.0
0.0
0.0
0.0
0.0
9.591889391484015e-7
0.0
0.0
0.0
0.0
0.0
0.0
0.0
0.0
0.0
0.0
0.0
0.0
0.0
0.0
0.0
0.0
0.0
0.0
0.0
0.0
0.0
0.0
0.0
2.140329315806953e-6
0.0
0.0
0.0
0.0
0.0
0.0
0.0
0.0
0.0
0.0
0.0
0.0
0.0
0.0
0.0
0.0
0.0
0.0
3.5302994898498418e-6
0.0
0.0
0.0
0.0
5.154853573310313e-6
0.0
0.0
0.0
0.0
0.0
0.0
0.0
0.0
0.0
0.0
0.0
0.0
0.0
0.0
0.0
0.0
0.0
0.0
0.0
0.0
0.0
0.0
0.0
2.5974314956145727e-6
0.0
0.0
0.0
0.0
0.0
0.0
0.0
0.0
0.0
0.0
0.0
0.0
0.0
0.0
0.0
0.0
0.0
0.0
0.0
0.0
0.0
0.0
0.0
0.0
0.0
0.0
0.0
0.0
0.0
0.0
0.0
0.0
0.0
0.0
0.0
0.0
0.0
0.0
0.0
0.0
0.0
0.0
0.0
0.0
0.0
0.0
0.0
0.0
0.0
0.0
0.0
0.0
0.0
0.0
0.0
0.0
0.0
0.0
0.0
0.0
0.0
0.0
0.0
0.0
0.0
0.0
0.0
0.0
0.0
0.0
0.0
0.0
0.0
0.0
0.0
0.0
0.0
0.0
0.0
0.0
0.0
0.0
0.0
0.0
0.0
0.0
0.0
0.0
0.0
1.2101986600004842e-6
2.2118418080244097e-5
0.0
0.0
0.0
0.0
0.00028827290379432476
0.00019908045087880852
3.249737036272835e-5
0.0
0.0
0.0
0.0
0.0
0.0
0.0
0.0
0.0
0.0
0.0
0.0
0.0
0.0
0.0
0.0
3.5682314815403174e-6
0.0
0.0
0.0
0.0
8.466976217181295e-5
0.0
0.0
0.0
0.0
0.0
0.0
0.0
0.0
0.0
0.0
0.0
0.0
0.0
0.0
0.0
0.0
0.0
0.0
1.1208702124675722e-6
0.0
0.0
0.0
0.0
2.2546992742566958e-6
0.0
0.0
0.0
0.0
0.0
0.0
0.0
0.0
0.0
0.0
0.0
0.0
0.0
0.0
0.0
0.0
0.0
0.0
0.0
0.0
0.0
0.0
0.0
0.0
0.0
0.0
0.0
0.0
0.0
0.0
0.0
0.0
0.0
0.0
0.0
0.0
0.0
0.0
0.0
0.0
0.0
0.0
0.0
0.0
0.0
0.0
0.0
0.0
0.0
0.0
0.0
0.0
0.0
0.0
0.0
0.0
0.0
0.0
0.0
0.0
0.0
0.0
0.0
0.0
0.0
0.0
0.0
0.0
0.0
0.0
0.0
0.0
0.0
0.0
0.0
0.0
0.0
0.0
0.0
0.0
0.0
0.0
0.0
0.0
0.0
0.0
0.0
0.0
0.0
0.0
0.0
0.0
0.0
0.0
0.0
1.2332241529867494e-6
0.0
0.0
0.0
0.0
0.0
0.0
0.0
0.0
0.0
0.0
0.0
0.0
0.0
0.0
0.0
0.0
0.0
0.0
0.0
0.0
0.0
0.0
0.0
1.2698528228763634e-6
0.0
0.0
0.0
0.0
0.0
0.0
0.0
0.0
0.0
0.0
0.0
0.0
0.0
0.0
0.0
0.0
0.0
0.0
0.0
0.0
0.0
0.0
0.0
0.0
0.0
0.0
0.0
0.0
0.0
0.0
0.0
0.0
0.0
0.0
0.0
0.0
0.0
0.0
0.0
0.0
0.0
0.0
0.0
0.0
0.0
0.0
0.0
0.0
0.0
0.0
0.0
0.0
0.0
0.0
0.0
0.0
0.0
0.0
0.0
0.0
0.0
0.0
0.0
0.0
0.0
0.0
0.0
0.0
0.0
0.0
0.0
0.0
0.0
0.0
0.0
0.0
0.0
0.0
0.0
0.0
0.0
0.0
0.0
0.0
0.0
0.0
0.0
0.0
0.0
0.0
0.0
0.0
0.0
0.0
0.0
0.0
0.0
0.0
0.0
0.0
0.0
0.0
0.0
0.0
0.0
0.0
0.0
0.0
0.0
0.0
0.0
0.0
0.0
0.0
0.0
0.0
0.0
0.0
0.0
0.0
0.0
0.0
0.0
0.0
0.0
0.0
0.0
0.0
0.0
0.0
0.0
0.0
0.0
0.0
0.0
0.0
0.0
0.0
0.0
0.0
0.0
0.0
0.0
0.0
0.0
0.0
0.0
0.0
0.0
0.0
0.0
0.0
0.0
0.0
0.0
0.0
0.0
0.0
0.0
0.0
0.0
0.0
0.0
0.0
0.0
0.0
0.0
1.284243648867235e-6
0.0
0.0
0.0
0.0
0.0
0.0
0.0
0.0
0.0
0.0
0.0
0.0
0.0
0.0
0.0
0.0
0.0
0.0
0.0
0.0
0.0
0.0
0.0
9.484872374073334e-7
0.0
0.0
0.0
0.0
0.0
0.0
0.0
0.0
0.0
0.0
0.0
0.0
0.0
0.0
0.0
0.0
0.0
0.0
0.0
0.0
0.0
0.0
0.0
2.389896263397859e-6
0.0
0.0
0.0
0.0
0.0
0.0
0.0
0.0
0.0
0.0
0.0
0.0
0.0
0.0
0.0
0.0
0.0
0.0
0.0
0.0
0.0
0.0
0.0
3.1627627641804287e-6
0.0
0.0
0.0
0.0
0.0
0.0
0.0
0.0
0.0
0.0
0.0
0.0
0.0
0.0
0.0
0.0
0.0
0.0
0.0
0.0
0.0
0.0
0.0
1.4215673103899571e-6
0.0
0.0
0.0
0.0
0.0
0.0
0.0
0.0
0.0
0.0
0.0
0.0
0.0
0.0
0.0
0.0
0.0
0.0
0.0
0.0
0.0
0.0
0.0
1.1235192628177569e-6
0.0
0.0
0.0
0.0
0.0
0.0
0.0
0.0
0.0
0.0
0.0
0.0
0.0
0.0
0.0
0.0
0.0
0.0
0.0
0.0
0.0
0.0
0.0
1.129251839226397e-6
0.0
0.0
0.0
0.0
0.0
0.0
0.0
0.0
0.0
0.0
0.0
0.0
0.0
0.0
0.0
0.0
0.0
0.0
0.0
0.0
0.0
0.0
0.0
0.0
0.0
0.0
0.0
0.0
0.0
0.0
0.0
0.0
0.0
0.0
0.0
0.0
0.0
0.0
0.0
0.0
0.0
0.0
0.0
0.0
0.0
0.0
0.0
0.0
0.0
0.0
0.0
0.0
0.0
0.0
0.0
0.0
0.0
0.0
0.0
0.0
0.0
0.0
0.0
0.0
0.0
0.0
0.0
0.0
0.0
0.0
0.0
0.0
0.0
0.0
0.0
0.0
0.0
0.0
0.0
0.0
0.0
0.0
0.0
0.0
0.0
0.0
0.0
0.0
0.0
0.0
0.0
0.0
0.0
0.0
0.0
1.3403729583762447e-6
0.0
0.0
0.0
0.0
0.0
0.0
0.0
0.0
0.0
0.0
0.0
0.0
0.0
0.0
0.0
0.0
0.0
0.0
0.0
0.0
0.0
0.0
0.0
0.0
0.0
0.0
0.0
0.0
0.0
0.0
0.0
0.0
0.0
0.0
0.0
0.0
0.0
0.0
0.0
0.0
0.0
0.0
0.0
0.0
0.0
0.0
0.0
0.0
0.0
0.0
0.0
0.0
0.0
0.0
0.0
0.0
0.0
0.0
0.0
0.0
0.0
0.0
0.0
0.0
0.0
0.0
0.0
0.0
0.0
0.0
0.0
0.0
0.0
0.0
0.0
0.0
0.0
0.0
0.0
0.0
0.0
0.0
0.0
0.0
0.0
0.0
0.0
0.0
0.0
0.0
0.0
0.0
0.0
0.0
0.0
0.0
0.0
0.0
0.0
0.0
0.0
0.0
0.0
0.0
0.0
0.0
0.0
0.0
0.0
0.0
0.0
0.0
0.0
0.0
0.0
0.0
0.0
0.0
0.0
0.0
0.0
0.0
0.0
0.0
0.0
0.0
0.0
0.0
0.0
0.0
0.0
0.0
0.0
0.0
0.0
0.0
0.0
0.0
0.0
0.0
0.0
0.0
0.0
0.0
0.0
0.0
0.0
0.0
0.0
0.0
0.0
0.0
0.0
0.0
0.0
0.0
0.0
0.0
0.0
0.0
0.0
0.0
0.0
0.0
0.0
0.0
0.0
0.0
0.0
0.0
0.0
0.0
0.0
0.0
0.0
0.0
0.0
0.0
0.0
0.0
0.0
0.0
0.0
0.0
0.0
0.0
0.0
0.0
0.0
0.0
0.0
0.0
0.0
0.0
0.0
0.0
0.0
0.0
0.0
0.0
0.0
0.0
0.0
0.0
0.0
0.0
0.0
0.0
0.0
0.0
0.0
0.0
0.0
0.0
0.0
0.0
0.0
0.0
0.0
0.0
0.0
0.0
0.0
0.0
0.0
0.0
0.0
0.0
0.0
0.0
0.0
0.0
0.0
0.0
0.0
0.0
0.0
0.0
0.0
0.0
0.0
0.0
0.0
0.0
0.0
0.0
0.0
0.0
0.0
0.0
0.0
0.0
0.0
0.0
0.0
0.0
0.0
0.0
0.0
0.0
0.0
0.0
0.0
0.0
0.0
0.0
0.0
0.0
0.0
0.0
0.0
0.0
0.0
0.0
0.0
0.0
0.0
0.0
0.0
0.0
0.0
0.0
0.0
0.0
0.0
0.0
0.0
0.0
0.0
0.0
0.0
0.0
0.0
0.0
0.0
0.0
0.0
0.0
0.0
0.0
0.0
0.0
0.0
0.0
0.0
0.0
0.0
0.0
0.0
0.0
0.0
0.0
0.0
0.0
0.0
0.0
0.0
0.0
0.0
0.0
0.0
0.0
0.0
0.0
0.0
0.0
0.0
0.0
0.0
0.0
0.0
0.0
0.0
0.0
0.0
0.0
0.0
0.0
0.0
0.0
0.0
0.0
0.0
0.0
0.0
0.0
0.0
0.0
0.0
0.0
0.0
0.0
0.0
0.0
0.0
0.0
0.0
0.0
0.0
0.0
0.0
0.0
0.0
0.0
0.0
0.0
0.0
0.0
0.0
0.0
0.0
0.0
0.0
0.0
0.0
0.0
0.0
0.0
0.0
0.0
0.0
0.0
0.0
0.0
0.0
0.0
0.0
0.0
0.0
0.0
0.0
0.0
0.0
0.0
0.0
0.0
0.0
0.0
0.0
0.0
0.0
0.0
0.0
0.0
0.0
0.0
0.0
0.0
0.0
0.0
0.0
0.0
0.0
0.0
0.0
0.0
0.0
0.0
0.0
0.0
0.0
0.0
0.0
0.0
0.0
0.0
0.0
0.0
0.0
0.0
0.0
0.0
0.0
0.0
0.0
0.0
0.0
0.0
0.0
0.0
0.0
0.0
0.0
0.0
0.0
0.0
0.0
0.0
0.0
0.0
0.0
0.0
0.0
0.0
0.0
0.0
0.0
0.0
0.0
0.0
0.0
0.0
0.0
0.0
0.0
0.0
0.0
0.0
0.0
0.0
0.0
0.0
0.0
0.0
0.0
0.0
0.0
0.0
0.0
0.0
0.0
0.0
0.0
0.0
0.0
0.0
0.0
0.0
0.0
0.0
0.0
0.0
0.0
0.0
0.0
0.0
0.0
0.0
0.0
0.0
0.0
0.0
0.0
0.0
0.0
0.0
0.0
0.0
0.0
0.0
0.0
0.0
0.0
0.0
0.0
0.0
0.0
0.0
0.0
0.0
0.0
0.0
0.0
0.0
0.0
0.0
0.0
0.0
0.0
0.0
0.0
0.0
0.0
0.0
0.0
0.0
0.0
0.0
0.0
0.0
0.0
0.0
0.0
0.0
0.0
0.0
0.0
0.0
0.0
0.0
0.0
0.0
0.0
0.0
0.0
0.0
0.0
0.0
0.0
0.0
0.0
0.0
0.0
0.0
0.0
0.0
0.0
0.0
0.0
0.0
0.0
0.0
0.0
0.0
0.0
0.0
0.0
0.0
0.0
0.0
0.0
0.0
0.0
0.0
0.0
0.0
0.0
0.0
0.0
0.0
0.0
0.0
0.0
0.0
0.0
0.0
0.0
0.0
0.0
0.0
0.0
0.0
0.0
0.0
0.0
0.0
0.0
0.0
0.0
0.0
0.0
0.0
0.0
0.0
0.0
0.0
0.0
0.0
0.0
0.0
0.0
0.0
0.0
0.0
0.0
0.0
0.0
0.0
0.0
0.0
0.0
0.0
0.0
0.0
0.0
0.0
0.0
0.0
0.0
0.0
0.0
0.0
0.0
0.0
0.0
0.0
0.0
0.0
0.0
0.0
0.0
0.0
0.0
0.0
0.0
0.0
0.0
0.0
0.0
0.0
0.0
0.0
0.0
0.0
0.0
0.0
0.0
0.0
0.0
0.0
0.0
0.0
0.0
0.0
0.0
0.0
0.0
0.0
0.0
0.0
0.0
0.0
0.0
0.0
0.0
0.0
0.0
0.0
0.0
0.0
0.0
0.0
0.0
0.0
0.0
0.0
0.0
0.0
0.0
0.0
0.0
0.0
0.0
0.0
0.0
0.0
0.0
0.0
0.0
0.0
0.0
0.0
0.0
0.0
0.0
0.0
0.0
0.0
0.0
0.0
0.0
0.0
0.0
0.0
0.0
0.0
0.0
0.0
0.0
0.0
0.0
0.0
0.0
0.0
0.0
0.0
0.0
0.0
0.0
0.0
0.0
0.0
0.0
0.0
0.0
0.0
0.0
0.0
0.0
0.0
0.0
0.0
0.0
0.0
0.0
0.0
0.0
0.0
0.0
0.0
0.0
0.0
0.0
0.0
0.0
0.0
0.0
0.0
0.0
0.0
0.0
0.0
0.0
0.0
0.0
0.0
0.0
0.0
0.0
0.0
0.0
0.0
0.0
0.0
0.0
0.0
0.0
0.0
0.0
0.0
0.0
0.0
0.0
0.0
0.0
0.0
0.0
0.0
0.0
0.0
0.0
0.0
0.0
0.0
0.0
0.0
0.0
0.0
0.0
0.0
0.0
0.0
0.0
0.0
0.0
0.0
0.0
0.0
0.0
0.0
0.0
0.0
0.0
0.0
0.0
0.0
0.0
0.0
0.0
0.0
0.0
0.0
0.0
0.0
0.0
0.0
0.0
0.0
0.0
0.0
0.0
0.0
0.0
0.0
0.0
0.0
0.0
0.0
0.0
0.0
0.0
0.0
0.0
0.0
0.0
0.0
0.0
0.0
0.0
0.0
0.0
0.0
0.0
0.0
0.0
0.0
0.0
0.0
0.0
0.0
0.0
0.0
0.0
0.0
0.0
0.0
0.0
0.0
0.0
0.0
0.0
0.0
0.0
0.0
0.0
0.0
0.0
0.0
0.0
0.0
0.0
0.0
0.0
0.0
0.0
0.0
0.0
0.0
0.0
0.0
0.0
0.0
0.0
0.0
0.0
0.0
0.0
0.0
0.0
0.0
0.0
0.0
0.0
0.0
0.0
0.0
0.0
0.0
0.0
0.0
0.0
0.0
0.0
0.0
0.0
0.0
0.0
0.0
0.0
0.0
0.0
0.0
0.0
0.0
0.0
0.0
0.0
0.0
0.0
0.0
0.0
0.0
0.0
0.0
0.0
0.0
0.0
0.0
0.0
0.0
0.0
0.0
0.0
0.0
0.0
0.0
0.0
0.0
0.0
0.0
0.0
0.0
0.0
0.0
0.0
0.0
0.0
0.0
0.0
0.0
0.0
0.0
0.0
0.0
0.0
0.0
0.0
0.0
0.0
0.0
0.0
0.0
0.0
0.0
0.0
0.0
0.0
0.0
0.0
0.0
0.0
0.0
0.0
0.0
0.0
0.0
0.0
0.0
0.0
0.0
0.0
0.0
0.0
0.0
0.0
0.0
0.0
0.0
0.0
0.0
0.0
0.0
0.0
0.0
0.0
0.0
0.0
0.0
0.0
0.0
0.0
0.0
0.0
0.0
0.0
0.0
0.0
0.0
0.0
0.0
0.0
0.0
0.0
0.0
0.0
0.0
0.0
0.0
0.0
0.0
0.0
0.0
0.0
0.0
0.0
0.0
0.0
0.0
0.0
0.0
0.0
0.0
0.0
0.0
0.0
0.0
0.0
0.0
0.0
0.0
0.0
0.0
0.0
0.0
0.0
0.0
0.0
0.0
0.0
0.0
0.0
0.0
0.0
0.0
0.0
0.0
0.0
0.0
0.0
0.0
0.0
0.0
0.0
0.0
0.0
0.0
0.0
0.0
0.0
0.0
0.0
0.0
0.0
0.0
0.0
0.0
0.0
0.0
0.0
0.0
0.0
0.0
0.0
0.0
0.0
0.0
0.0
0.0
0.0
0.0
0.0
0.0
0.0
0.0
0.0
0.0
0.0
0.0
0.0
0.0
0.0
0.0
0.0
0.0
0.0
0.0
0.0
0.0
0.0
0.0
0.0
0.0
0.0
0.0
0.0
0.0
0.0
0.0
0.0
0.0
0.0
0.0
0.0
0.0
0.0
0.0
0.0
0.0
0.0
0.0
0.0
0.0
0.0
0.0
0.0
0.0
0.0
0.0
0.0
0.0
0.0
0.0
0.0
0.0
0.0
0.0
0.0
0.0
0.0
0.0
0.0
0.0
0.0
0.0
0.0
0.0
0.0
0.0
0.0
0.0
0.0
0.0
0.0
0.0
0.0
0.0
0.0
0.0
0.0
0.0
0.0
0.0
0.0
0.0
0.0
0.0
0.0
0.0
0.0
0.0
0.0
0.0
0.0
0.0
0.0
0.0
0.0
0.0
0.0
0.0
0.0
0.0
0.0
0.0
0.0
0.0
0.0
0.0
0.0
0.0
0.0
0.0
0.0
0.0
0.0
0.0
0.0
0.0
0.0
0.0
0.0
0.0
0.0
0.0
0.0
0.0
0.0
0.0
0.0
0.0
0.0
0.0
0.0
0.0
0.0
0.0
0.0
0.0
0.0
0.0
0.0
0.0
0.0
0.0
0.0
0.0
0.0
0.0
0.0
0.0
0.0
0.0
0.0
0.0
0.0
0.0
0.0
0.0
0.0
0.0
0.0
0.0
0.0
0.0
0.0
0.0
0.0
0.0
0.0
0.0
0.0
0.0
0.0
0.0
0.0
0.0
0.0
0.0
0.0
0.0
0.0
0.0
0.0
0.0
0.0
0.0
0.0
0.0
0.0
0.0
0.0
0.0
0.0
0.0
0.0
0.0
0.0
0.0
0.0
0.0
0.0
0.0
0.0
0.0
0.0
0.0
0.0
0.0
0.0
0.0
0.0
0.0
0.0
0.0
0.0
0.0
0.0
0.0
0.0
0.0
0.0
0.0
0.0
0.0
0.0
0.0
0.0
0.0
0.0
0.0
0.0
0.0
0.0
0.0
0.0
0.0
0.0
0.0
0.0
0.0
0.0
0.0
0.0
0.0
0.0
0.0
0.0
0.0
0.0
0.0
0.0
0.0
0.0
0.0
0.0
0.0
0.0
7.335439684170155e-6
0.0
0.0
0.0
0.0
0.0
0.0
0.0
0.0
0.0
0.0
0.0
0.0
0.0
0.0
0.0
0.0
0.0
0.0
0.0
0.0
0.0
0.0
0.0
7.336756916493185e-6
0.0
0.0
0.0
0.0
0.0
0.0
0.0
0.0
0.0
0.0
0.0
0.0
0.0
0.0
0.0
0.0
0.0
0.0
1.2940643167607704e-6
0.0
0.0
0.0
0.0
2.0436041601445454e-6
0.0
0.0
0.0
0.0
0.0
0.0
0.0
0.0
0.0
0.0
0.0
0.0
0.0
0.0
0.0
0.0
0.0
0.0
0.0
0.0
0.0
0.0
0.0
2.2913293754433624e-6
0.0
0.0
0.0
0.0
0.0
0.0
0.0
0.0
0.0
0.0
0.0
0.0
0.0
0.0
0.0
0.0
0.0
0.0
0.0
0.0
0.0
0.0
0.0
0.0
0.0
0.0
0.0
0.0
0.0
0.0
0.0
0.0
0.0
0.0
0.0
0.0
0.0
0.0
0.0
0.0
0.0
0.0
0.0
0.0
0.0
0.0
0.0
1.2554674216232758e-6
0.0
0.0
0.0
0.0
0.0
0.0
0.0
0.0
0.0
0.0
0.0
0.0
0.0
0.0
0.0
0.0
0.0
0.0
0.0
0.0
0.0
0.0
0.0
0.0
0.0
0.0
0.0
0.0
0.0
0.0
0.0
0.0
0.0
0.0
0.0
0.0
0.0
0.0
0.0
0.0
0.0
0.0
0.0
0.0
0.0
0.0
0.0
1.0932410916498715e-6
0.0
0.0
0.0
0.0
0.0
0.0
0.0
0.0
0.0
0.0
0.0
0.0
0.0
0.0
0.0
0.0
0.0
0.0
0.0
0.0
0.0
0.0
0.0
0.0
0.0
0.0
0.0
0.0
0.0
0.0
0.0
0.0
0.0
0.0
0.0
0.0
0.0
0.0
0.0
0.0
0.0
0.0
0.0
0.0
0.0
0.0
0.0
0.0
0.0
0.0
0.0
0.0
0.0
0.0
0.0
0.0
0.0
0.0
0.0
0.0
0.0
0.0
0.0
0.0
0.0
0.0
0.0
0.0
0.0
0.0
0.0
0.0
0.0
0.0
0.0
0.0
0.0
0.0
0.0
0.0
0.0
0.0
0.0
0.0
0.0
0.0
0.0
0.0
0.0
0.0
0.0
0.0
0.0
0.0
0.0
0.0
0.0
0.0
0.0
0.0
0.0
0.0
0.0
0.0
0.0
0.0
0.0
0.0
0.0
0.0
0.0
0.0
0.0
0.0
0.0
0.0
0.0
0.0
0.0
0.0
0.0
0.0
0.0
0.0
0.0
0.0
0.0
0.0
0.0
0.0
0.0
0.0
0.0
0.0
0.0
0.0
0.0
0.0
0.0
0.0
0.0
0.0
0.0
0.0
0.0
0.0
0.0
0.0
0.0
0.0
0.0
0.0
0.0
0.0
0.0
0.0
0.0
0.0
0.0
0.0
0.0
0.0
0.0
0.0
0.0
0.0
0.0
0.0
0.0
0.0
0.0
0.0
0.0
0.0
0.0
0.0
0.0
0.0
0.0
0.0
0.0
0.0
0.0
0.0
0.0
0.0
0.0
0.0
0.0
0.0
0.0
0.0
0.0
0.0
0.0
0.0
0.0
0.0
0.0
0.0
0.0
0.0
0.0
0.0
0.0
0.0
0.0
0.0
0.0
0.0
0.0
0.0
0.0
0.0
0.0
0.0
0.0
0.0
0.0
0.0
0.0
0.0
0.0
0.0
0.0
0.0
0.0
0.0
0.0
0.0
0.0
0.0
0.0
0.0
0.0
0.0
0.0
0.0
0.0
0.0
0.0
0.0
0.0
0.0
0.0
0.0
0.0
0.0
0.0
0.0
0.0
0.0
0.0
0.0
0.0
0.0
0.0
0.0
0.0
0.0
0.0
0.0
0.0
0.0
0.0
0.0
0.0
0.0
0.0
0.0
0.0
0.0
0.0
0.0
0.0
0.0
0.0
0.0
0.0
0.0
0.0
0.0
0.0
0.0
0.0
0.0
0.0
0.0
0.0
0.0
0.0
0.0
0.0
0.0
0.0
0.0
0.0
0.0
0.0
0.0
0.0
0.0
0.0
0.0
0.0
0.0
0.0
0.0
0.0
0.0
0.0
0.0
0.0
0.0
0.0
0.0
0.0
0.0
0.0
0.0
0.0
0.0
0.0
0.0
0.0
0.0
0.0
0.0
0.0
0.0
0.0
0.0
0.0
0.0
0.0
0.0
0.0
0.0
0.0
0.0
0.0
0.0
0.0
0.0
0.0
0.0
0.0
0.0
0.0
0.0
0.0
0.0
0.0
0.0
0.0
0.0
0.0
0.0
0.0
0.0
0.0
0.0
0.0
0.0
0.0
0.0
0.0
0.0
0.0
0.0
0.0
0.0
0.0
0.0
0.0
0.0
0.0
0.0
0.0
0.0
0.0
0.0
0.0
0.0
0.0
0.0
0.0
0.0
0.0
0.0
0.0
0.0
0.0
0.0
0.0
0.0
0.0
0.0
0.0
0.0
0.0
0.0
0.0
0.0
0.0
0.0
0.0
0.0
0.0
0.0
0.0
0.0
0.0
0.0
0.0
0.0
0.0
0.0
0.0
0.0
0.0
0.0
0.0
0.0
0.0
0.0
0.0
0.0
0.0
0.0
0.0
0.0
0.0
0.0
0.0
0.0
0.0
0.0
0.0
0.0
0.0
0.0
0.0
0.0
0.0
0.0
0.0
0.0
0.0
0.0
0.0
0.0
0.0
0.0
0.0
0.0
0.0
0.0
0.0
0.0
0.0
0.0
0.0
0.0
0.0
0.0
0.0
0.0
0.0
0.0
0.0
0.0
0.0
0.0
0.0
0.0
0.0
0.0
0.0
0.0
0.0
0.0
0.0
0.0
0.0
0.0
0.0
0.0
0.0
0.0
0.0
0.0
0.0
0.0
0.0
0.0
0.0
0.0
0.0
0.0
0.0
0.0
0.0
0.0
0.0
0.0
0.0
0.0
0.0
0.0
0.0
0.0
0.0
0.0
0.0
0.0
0.0
0.0
0.0
0.0
0.0
0.0
0.0
0.0
0.0
0.0
0.0
0.0
0.0
0.0
0.0
0.0
0.0
0.0
0.0
0.0
0.0
0.0
0.0
0.0
0.0
0.0
0.0
0.0
0.0
0.0
0.0
0.0
0.0
0.0
0.0
0.0
0.0
0.0
0.0
0.0
0.0
0.0
0.0
0.0
0.0
0.0
0.0
0.0
0.0
0.0
0.0
0.0
0.0
0.0
0.0
0.0
0.0
0.0
0.0
0.0
0.0
0.0
0.0
0.0
0.0
0.0
0.0
0.0
0.0
0.0
0.0
0.0
0.0
0.0
0.0
0.0
0.0
0.0
0.0
0.0
0.0
0.0
0.0
0.0
0.0
0.0
0.0
0.0
0.0
0.0
0.0
0.0
0.0
0.0
0.0
0.0
0.0
0.0
0.0
0.0
0.0
0.0
0.0
0.0
0.0
0.0
0.0
1.3393959179784075e-6
0.0
0.0
0.0
0.0
0.0
0.0
0.0
0.0
0.0
0.0
0.0
0.0
0.0
0.0
0.0
0.0
0.0
0.0
0.0
0.0
0.0
0.0
0.0
2.315559899702602e-6
0.0
0.0
0.0
0.0
0.0
0.0
0.0
0.0
0.0
0.0
0.0
0.0
0.0
0.0
0.0
0.0
0.0
0.0
0.0
0.0
0.0
0.0
0.0
2.1817626137550018e-6
0.0
0.0
0.0
0.0
0.0
0.0
0.0
0.0
0.0
0.0
0.0
0.0
0.0
0.0
0.0
0.0
0.0
0.0
0.0
0.0
0.0
0.0
0.0
0.0
0.0
0.0
0.0
0.0
0.0
0.0
0.0
0.0
0.0
0.0
0.0
0.0
0.0
0.0
0.0
0.0
0.0
0.0
0.0
0.0
0.0
0.0
0.0
0.0
0.0
0.0
0.0
0.0
0.0
0.0
0.0
0.0
0.0
0.0
0.0
0.0
0.0
0.0
0.0
0.0
0.0
0.0
0.0
0.0
0.0
0.0
0.0
0.0
0.0
0.0
0.0
0.0
0.0
0.0
0.0
0.0
0.0
0.0
0.0
0.0
0.0
0.0
0.0
0.0
0.0
0.0
0.0
0.0
0.0
0.0
0.0
0.0
0.0
0.0
0.0
0.0
0.0
0.0
0.0
0.0
0.0
0.0
0.0
0.0
0.0
0.0
0.0
0.0
0.0
0.0
1.2746334049225782e-6
0.0
0.0
0.0
0.0
2.8604289231989917e-5
0.0
0.0
0.0
0.0
0.0
0.0
0.0
0.0
0.0
0.0
0.0
0.0
0.0
0.0
0.0
0.0
0.0
0.0
2.387319232456304e-6
0.0
0.0
0.0
0.0
1.539959653700952e-5
0.0
0.0
0.0
0.0
0.0
0.0
0.0
0.0
0.0
0.0
0.0
0.0
0.0
0.0
0.0
0.0
0.0
0.0
0.0
0.0
0.0
0.0
0.0
0.0
0.0
0.0
0.0
0.0
0.0
0.0
0.0
0.0
0.0
0.0
0.0
0.0
0.0
0.0
0.0
0.0
0.0
0.0
0.0
0.0
0.0
0.0
0.0
0.0
0.0
0.0
0.0
0.0
0.0
0.0
0.0
0.0
0.0
0.0
0.0
0.0
0.0
0.0
0.0
0.0
0.0
0.0
0.0
0.0
0.0
0.0
0.0
0.0
0.0
0.0
0.0
0.0
0.0
0.0
0.0
0.0
0.0
0.0
0.0
0.0
0.0
0.0
0.0
0.0
0.0
0.0
0.0
0.0
0.0
0.0
0.0
0.0
0.0
0.0
0.0
0.0
0.0
0.0
0.0
0.0
0.0
0.0
0.0
0.0
0.0
0.0
0.0
0.0
0.0
0.0
0.0
0.0
0.0
0.0
0.0
0.0
0.0
0.0
0.0
0.0
0.0
0.0
0.0
0.0
0.0
0.0
0.0
0.0
0.0
0.0
0.0
0.0
0.0
0.0
0.0
0.0
0.0
0.0
0.0
0.0
0.0
0.0
0.0
0.0
0.0
0.0
0.0
0.0
0.0
0.0
0.0
0.0
0.0
0.0
0.0
0.0
0.0
0.0
0.0
0.0
0.0
0.0
0.0
1.4708586508918043e-6
0.0
0.0
0.0
0.0
0.0
0.0
0.0
0.0
0.0
0.0
0.0
0.0
0.0
0.0
0.0
0.0
0.0
0.0
0.0
0.0
0.0
0.0
0.0
3.6272781380874685e-6
0.0
0.0
0.0
0.0
0.0
0.0
0.0
0.0
0.0
0.0
0.0
0.0
0.0
0.0
0.0
0.0
0.0
0.0
0.0
0.0
0.0
0.0
0.0
2.3546632212192617e-6
0.0
0.0
0.0
0.0
0.0
0.0
0.0
0.0
0.0
0.0
0.0
0.0
0.0
0.0
0.0
0.0
0.0
0.0
0.0
0.0
0.0
0.0
0.0
2.163779274291505e-6
0.0
0.0
0.0
0.0
0.0
0.0
0.0
0.0
0.0
0.0
0.0
0.0
0.0
0.0
0.0
0.0
0.0
0.0
0.0
0.0
0.0
0.0
0.0
1.3458047173870548e-6
0.0
0.0
0.0
0.0
0.0
0.0
0.0
0.0
0.0
0.0
0.0
0.0
0.0
0.0
0.0
0.0
0.0
0.0
1.2618574467605909e-6
0.0
0.0
0.0
0.0
0.00019121121649117
0.00014579053504794307
7.797986257427944e-5
8.797141351074963e-6
0.0
0.0
0.0
0.0
0.0
0.0
0.0
0.0
0.0
0.0
0.0
0.0
0.0
1.196338542548381e-6
1.2315418401347036e-6
9.52100562116492e-5
0.0
0.0
0.0
0.0
0.00021072566507827258
0.0001201634436989157
1.1035156320429905e-5
0.0
0.0
0.0
0.0
0.0
0.0
0.0
0.0
0.0
0.0
0.0
0.0
0.0
0.0
0.0
1.2018507080802947e-6
1.9555935524875563e-6
0.0
0.0
0.0
0.0
9.119805110331891e-5
2.2809280288942827e-5
0.0
0.0
0.0
0.0
0.0
0.0
0.0
0.0
0.0
0.0
0.0
0.0
0.0
0.0
0.0
0.0
0.0
2.064687019385538e-5
0.0
0.0
0.0
0.0
0.00012390028535249652
4.5742004693567776e-5
0.0
0.0
0.0
0.0
0.0
0.0
0.0
0.0
0.0
0.0
0.0
0.0
0.0
0.0
0.0
0.0
0.0
7.049712794855258e-7
0.0
0.0
0.0
0.0
3.069237975423716e-6
0.0
0.0
0.0
0.0
0.0
0.0
0.0
0.0
0.0
0.0
0.0
0.0
0.0
0.0
0.0
0.0
0.0
0.0
0.0
0.0
0.0
0.0
0.0
2.1412524292334976e-6
0.0
0.0
0.0
0.0
0.0
0.0
0.0
0.0
0.0
0.0
0.0
0.0
0.0
0.0
0.0
0.0
0.0
1.3459711890970832e-6
1.251762567407777e-6
0.0
0.0
0.0
0.0
8.073655290421611e-5
1.7262623746471918e-5
0.0
0.0
0.0
0.0
0.0
0.0
0.0
0.0
0.0
0.0
0.0
0.0
0.0
0.0
0.0
0.0
0.0
1.2027473319789696e-6
0.0
0.0
0.0
0.0
2.994058688631752e-5
0.0
0.0
0.0
0.0
0.0
0.0
0.0
0.0
0.0
0.0
0.0
0.0
0.0
0.0
0.0
0.0
0.0
0.0
1.7381743027928062e-6
0.0
0.0
0.0
0.0
1.48422834122715e-5
0.0
0.0
0.0
0.0
0.0
0.0
0.0
0.0
0.0
0.0
0.0
0.0
0.0
0.0
0.0
0.0
0.0
0.0
1.0181081799910876e-6
0.0
0.0
0.0
0.0
3.2875432711664985e-6
0.0
0.0
0.0
0.0
0.0
0.0
0.0
0.0
0.0
0.0
0.0
0.0
0.0
0.0
0.0
0.0
0.0
0.0
1.5175269272337206e-6
0.0
0.0
0.0
0.0
4.048738104364479e-5
0.0
0.0
0.0
0.0
0.0
0.0
0.0
0.0
0.0
0.0
0.0
0.0
0.0
0.0
0.0
0.0
0.0
1.1319610617037982e-6
1.3067351095125912e-6
0.0
0.0
0.0
0.0
6.462897830701234e-5
0.0
0.0
0.0
0.0
0.0
0.0
0.0
0.0
0.0
0.0
0.0
0.0
0.0
0.0
0.0
0.0
0.0
0.0
0.0
0.0
0.0
0.0
0.0
1.0678548948011842e-6
0.0
0.0
0.0
0.0
0.0
0.0
0.0
0.0
0.0
0.0
0.0
0.0
0.0
0.0
0.0
0.0
0.0
0.0
0.0
0.0
0.0
0.0
0.0
1.1578386917901384e-6
0.0
0.0
0.0
0.0
0.0
0.0
0.0
0.0
0.0
0.0
0.0
0.0
0.0
0.0
0.0
0.0
0.0
0.0
6.078525767802497e-6
0.0
0.0
0.0
0.0
0.00017942349754550044
0.00011004344897427016
4.058570575192502e-5
6.493062207655729e-5
6.508653453947893e-5
8.380346307842518e-6
0.0
0.0
0.0
0.0
0.0
0.0
0.0
0.0
5.03470403292719e-7
9.728239233304435e-7
1.0766364391497358e-5
0.00010852612684446902
0.00020244688859831687
0.00040821624726673447
0.0
0.0
0.0
0.0
0.000919789115744197
0.0007349051240425265
0.0005536349317838629
0.0003087928383391944
7.953380927853152e-5
0.0
0.0
0.0
0.0
0.0
0.0
0.0
0.0
3.345109484288362e-7
0.0
2.3309849758438372e-5
0.00013656285174945223
0.00022438490847038342
0.00030525014974716114
0.0006139250496526848
0.0
0.0
0.0
0.0
0.0008767468346935433
0.0006544551702241282
0.0004436177207351746
0.0001756531531193594
0.0
0.0
0.0
0.0
0.0
0.0
0.0
0.0
0.0
0.0
0.0
4.3720511846671294e-7
0.0
0.0
2.267114400325226e-5
0.00025167821872836184
0.0
0.0
0.0
0.0
0.0005368145565423358
0.00036432776200114947
0.00023649170820862184
5.8254422042863183e-5
0.0
0.0
0.0
0.0
0.0
0.0
0.0
0.0
0.0
0.0
0.0
0.0
0.0
7.160531409301588e-7
1.489228746553315e-6
0.00015368483420757003
0.0
0.0
0.0
0.0
0.00034235206331732185
0.00023336090588744048
0.00011920624899415496
2.484243553491626e-5
0.0
0.0
0.0
0.0
0.0
0.0
0.0
0.0
0.0
0.0
0.0
0.0
0.0
0.0
0.0
1.2620654172157617e-6
0.0
0.0
0.0
0.0
0.00022945895619182088
0.00013829563406466658
5.62125422819126e-5
6.715370704888034e-6
0.0
0.0
0.0
0.0
0.0
0.0
0.0
0.0
0.0
0.0
0.0
0.0
0.0
0.0
1.0275472544449244e-6
1.923933087620778e-6
0.0
0.0
0.0
0.0
9.976406527592071e-5
2.20017756522399e-5
0.0
0.0
0.0
0.0
0.0
0.0
0.0
0.0
0.0
0.0
0.0
0.0
0.0
7.80213154979598e-7
0.0
1.0543183778695306e-6
1.264006588621133e-6
0.00012650266810152125
0.0
0.0
0.0
0.0
0.000292229603207591
0.00021658761621685564
0.00011630283653638972
3.569785955507352e-5
0.0
0.0
0.0
0.0
0.0
0.0
0.0
0.0
0.0
0.0
0.0
0.0
0.0
0.0
0.0
1.0616523336567586e-6
0.0
0.0
0.0
0.0
1.4547081222274583e-6
0.0
0.0
0.0
0.0
0.0
0.0
0.0
0.0
0.0
0.0
0.0
0.0
0.0
0.0
0.0
0.0
0.0
0.0
1.2201401876814737e-6
0.0
0.0
0.0
0.0
2.2541688972112034e-5
0.0
0.0
0.0
0.0
0.0
0.0
0.0
0.0
0.0
0.0
0.0
0.0
0.0
0.0
0.0
0.0
0.0
0.0
1.2143069271195894e-6
0.0
0.0
0.0
0.0
2.9752380337404048e-6
0.0
0.0
0.0
0.0
0.0
0.0
0.0
0.0
0.0
0.0
0.0
0.0
0.0
0.0
0.0
0.0
0.0
1.2039978255036419e-6
1.9443348213090393e-6
0.0
0.0
0.0
0.0
0.00017513764870260627
6.282049710758967e-5
0.0
0.0
0.0
0.0
0.0
0.0
0.0
0.0
0.0
0.0
0.0
0.0
0.0
0.0
0.0
1.2489719849503522e-6
1.0914533619405856e-6
0.00014158981744770164
0.0
0.0
0.0
0.0
0.00018279166745595774
5.464879749011327e-5
0.0
0.0
0.0
0.0
0.0
0.0
0.0
0.0
0.0
0.0
0.0
0.0
0.0
0.0
0.0
0.0
0.0
0.0
0.0
0.0
0.0
0.0
0.0
0.0
0.0
0.0
0.0
0.0
0.0
0.0
0.0
0.0
0.0
0.0
0.0
0.0
0.0
0.0
0.0
0.0
0.0
0.0
0.0
0.0
0.0
0.0
7.651919542804124e-7
0.0
0.0
0.0
0.0
0.0
0.0
0.0
0.0
0.0
0.0
0.0
0.0
0.0
0.0
0.0
0.0
0.0
0.0
0.0
0.0
0.0
0.0
0.0
0.0
0.0
0.0
0.0
0.0
0.0
0.0
0.0
0.0
0.0
0.0
0.0
0.0
0.0
0.0
0.0
0.0
0.0
0.0
0.0
0.0
0.0
0.0
0.0
0.0
0.0
0.0
0.0
0.0
0.0
0.0
0.0
0.0
0.0
0.0
0.0
0.0
0.0
0.0
0.0
0.0
0.0
1.167279527149559e-6
1.2936339497952398e-6
0.0
0.0
0.0
0.0
0.00040573431598083784
0.0002938319084391369
0.00019964440386928964
0.00014230693485511024
1.1287137668804844e-5
0.0
0.0
0.0
0.0
0.0
0.0
0.0
0.0
0.0
0.0
0.0
0.0
0.0
1.2025397218425764e-6
1.9955969735932546e-6
0.0
0.0
0.0
0.0
8.326869557634253e-5
0.0
0.0
0.0
0.0
0.0
0.0
0.0
0.0
0.0
0.0
0.0
0.0
0.0
0.0
0.0
0.0
0.0
0.0
0.0
0.0
0.0
0.0
0.0
8.157895285131819e-7
0.0
0.0
0.0
0.0
0.0
0.0
0.0
0.0
0.0
0.0
0.0
0.0
0.0
0.0
0.0
0.0
0.0
0.0
0.0
0.0
0.0
0.0
0.0
8.768201789666026e-7
0.0
0.0
0.0
0.0
0.0
1.0503381506378813e-6
0.0
5.820477260979927e-6
8.526637343633306e-5
6.936593025045067e-5
2.031464648006844e-5
0.0
1.515624700190525e-5
0.00010578296576400053
0.0002326640328519775
0.0002672595015965494
0.00029629124274863734
0.00037281720866629367
0.0007212163661078226
0.0
0.0
0.0
0.0
0.0011823492380647004
0.0010166420161652643
0.0009588298383589542
0.0008619268639384356
0.0005858042993621814
0.0002551607998288238
2.571128020840532e-5
0.0
0.0
1.2185536087570017e-6
0.0
0.0
0.0
1.1669222106586995e-6
5.458839384976685e-5
0.0002237933149275556
0.00032826157300579135
0.0004748596426356995
0.0006809194018306476
0.0010911234811192723
0.001169671381956162
0.0
0.0
0.0
0.0
0.0013853430345796976
0.0010098474553710314
0.0005409931088835104
0.00022614442488676686
3.9018699809105194e-5
0.0
0.0
0.0
0.0
0.0
0.0
0.0
0.0
0.0
0.0
1.0798816457871484e-6
0.0
7.548981588952778e-5
0.00011084950909853631
0.00023048307229340905
0.0
0.0
0.0
0.0
0.0002517676784527752
0.00013329446741264104
1.8394781788353825e-5
7.37038053664547e-6
0.0
0.0
0.0
0.0
0.0
0.0
0.0
0.0
0.0
0.0
0.0
1.1127879507447345e-6
0.0
1.877592501805475e-5
7.456893333512084e-5
0.00022210018907528942
0.0
0.0
0.0
0.0
0.0005089285849784068
0.0003632060629268869
0.00025497692716090927
0.0002766120137324154
0.00028227602724274374
0.00025503260494886014
0.00012878698061356464
0.0
0.0
0.0001196593066189641
0.0002204004736023478
0.00022901134581086065
0.00012846318840352476
0.00011127748096417406
0.00010987962485336059
0.0001675112936728706
0.00021861988441343181
0.0002810127941764967
0.00036746316065952757
0.0006307806710553199
0.0
0.0
0.0
0.0
0.0007191991585709538
0.00040801709375662247
0.00025798021177969463
0.0002590269804022045
0.00023850944846294514
0.00017887422760064762
3.200146977091454e-5
0.0
0.0
3.8281147304706866e-6
7.344628864025786e-6
8.470756417933583e-6
2.385109873012946e-5
0.0001592768893971594
0.0002089770909334002
0.00031468823969922985
0.0003566795753121016
0.000449480841856546
0.0006380996455638389
0.001051971332749602
0.0
0.0
0.0
0.0
0.0014190953561647162
0.0011939275598037067
0.0007287831866082773
0.0003266150748424513
4.768097279950311e-5
0.0
0.0
0.0
0.0
0.0
0.0
0.0
8.465176961484079e-7
0.0
6.896367210755029e-5
0.000225213666937033
0.00032690207894874875
0.0004743328053618802
0.000634749015971484
0.0010250628839672032
0.0
0.0
0.0
0.0
0.001290572864390265
0.0010567679154994988
0.0006862209845408182
0.00029100728350705635
1.7852566253226293e-5
0.0
0.0
0.0
0.0
0.0
0.0
0.0
0.0
0.0
0.0
2.733374406711444e-6
6.196113186680754e-5
0.0002230323023779642
0.0003497736468574296
0.0007283072096049163
0.0
0.0
0.0
0.0
0.001108378565666505
0.0008714853139989637
0.0005147349429208013
0.00017010380401998604
0.0
0.0
0.0
0.0
0.0
0.0
0.0
0.0
0.0
0.0
0.0
9.829590523972149e-7
3.259388807788136e-5
0.00017155768219502752
0.0002976852409318404
0.0006073604873189519
0.0
0.0
0.0
0.0
0.000969623104862169
0.0006738731756654346
0.0003092339970184207
7.721213063381905e-5
0.0
0.0
0.0
0.0
0.0
0.0
0.0
0.0
0.0
0.0
0.0
5.1917154149047515e-6
3.134943492611296e-5
0.00017098110463237867
0.00028839843497614846
0.0005896839196042388
0.0
0.0
0.0
0.0
0.0010529790046782436
0.0006790453155731301
0.000314183208917842
8.868483637571179e-5
0.0
0.0
0.0
0.0
0.0
0.0
0.0
0.0
0.0
0.0
0.0
0.0
6.435795817451869e-6
5.681337662663586e-5
0.00017170846163424793
0.00035449589894775453
0.0
0.0
0.0
0.0
0.0004917641013128735
0.00028482975775478053
0.00014825653436789394
2.052792356607082e-5
0.0
0.0
0.0
0.0
0.0
0.0
0.0
0.0
0.0
0.0
0.0
0.0
0.0
1.9948050228538623e-6
1.1482917530830555e-6
1.7251515562022126e-6
0.0
0.0
0.0
0.0
2.0918464829695057e-6
0.0
0.0
0.0
0.0
0.0
0.0
0.0
0.0
0.0
0.0
0.0
0.0
0.0
0.0
0.0
0.0
1.4591900632012612e-6
1.1434316348241691e-6
9.97921374679897e-5
0.0
0.0
0.0
0.0
0.0001688014202674875
6.517900616301245e-5
0.0
0.0
0.0
0.0
0.0
0.0
0.0
0.0
0.0
0.0
0.0
0.0
0.0
0.0
0.0
0.0
2.0966898591549663e-6
3.592654850626773e-5
0.0
0.0
0.0
0.0
0.00018954772669207553
0.00011918244267707316
4.677902490817481e-5
1.3772161088498394e-5
0.0
0.0
0.0
0.0
0.0
0.0
0.0
0.0
0.0
0.0
0.0
0.0
0.0
1.235558248138937e-6
1.064712801087313e-6
4.835850818027963e-6
0.0
0.0
0.0
0.0
2.4508259758118806e-5
0.0
0.0
0.0
0.0
0.0
0.0
0.0
0.0
0.0
0.0
0.0
0.0
0.0
0.0
0.0
0.0
0.0
0.0
0.0
0.0
0.0
0.0
0.0
8.705578944858565e-7
0.0
0.0
0.0
0.0
0.0
0.0
0.0
0.0
0.0
0.0
0.0
0.0
0.0
0.0
0.0
0.0
0.0
1.1844293472821118e-6
1.2252927783552964e-6
0.0
0.0
0.0
0.0
1.331239038117047e-6
0.0
0.0
0.0
0.0
0.0
0.0
0.0
0.0
0.0
0.0
0.0
0.0
0.0
0.0
0.0
0.0
0.0
0.0
1.2253370332619203e-6
0.0
0.0
0.0
0.0
1.00895523379175e-6
0.0
0.0
0.0
0.0
0.0
0.0
0.0
0.0
0.0
0.0
0.0
0.0
0.0
0.0
0.0
0.0
0.0
2.0454109049289746e-6
1.8046038367717523e-6
0.0
0.0
0.0
0.0
3.2958936909931477e-6
0.0
0.0
0.0
0.0
0.0
0.0
0.0
0.0
0.0
0.0
5.680744806342026e-7
0.0
1.0326129835698898e-6
1.7143239924512493e-5
0.000128004517788229
0.0002055323716866384
0.00031370770953087935
0.0004515811954459028
0.0007910023987731103
0.0
0.0
0.0
0.0
0.0011570352629574955
0.000962390114276832
0.0006035403971714828
0.00018031558264711573
0.0
0.0
0.0
0.0
0.0
0.0
0.0
0.0
0.0
0.0
0.0
0.0
0.0
2.043891003825836e-6
0.0
1.811629834529913e-6
0.0
0.0
0.0
0.0
9.425692348579439e-7
0.0
0.0
0.0
0.0
0.0
0.0
0.0
0.0
0.0
0.0
0.0
0.0
0.0
0.0
0.0
0.0
0.0
0.0
0.0
0.0
0.0
0.0
0.0
0.0
0.0
0.0
0.0
0.0
0.0
0.0
0.0
0.0
0.0
0.0
0.0
0.0
0.0
0.0
0.0
0.0
0.0
0.0
0.0
0.0
0.0
0.0
0.0
0.0
0.0
0.0
0.0
0.0
0.0
0.0
0.0
0.0
0.0
0.0
0.0
0.0
0.0
0.0
0.0
0.0
0.0
0.0
0.0
0.0
0.0
0.0
0.0
8.070677886558262e-5
0.0
2.130325337675398e-6
3.1746764096607706e-5
4.3793649518486723e-5
0.0
0.0
0.0
0.0
0.0
0.0
0.0
0.0
0.0
0.0
4.800258195447908e-5
0.00010973361222092232
0.00019489124319073728
0.0002780022672611452
0.0004857500386642652
0.0
0.0
0.0
0.0
0.000883843072550776
0.0006299535566401028
0.0003858972289798555
0.00029002731344038757
0.00018841833420213706
5.247209319433575e-5
0.0
0.0
0.0
0.0
1.432957940414606e-6
0.0
1.2994566491365791e-5
7.31120515427478e-5
0.00021156198203507427
0.0004181719711749666
0.0005564201766452146
0.0006791303202053076
0.000885372833306082
0.0013848587572729716
0.0
0.0
0.0
0.0
0.0017835761517593601
0.0014177687666401956
0.0011389818243072863
0.0008965252326393984
0.0004580673664937391
0.00014267911111410012
0.0
0.0
0.0
1.3479588637982517e-6
1.4038415179194347e-6
0.0
0.0
2.666222328259093e-5
0.00010160832666214035
0.0001936537195899226
0.00024001775373174296
0.00030153005304955617
0.0003659592140284005
0.0006342516411326192
0.0
0.0
0.0
0.0
0.0008567784376627454
0.0004891198556195726
0.00021716271514210777
0.0001024597402883538
2.931598828757225e-7
0.0
0.0
0.0
0.0
0.0
0.0
0.0
0.0
0.0
0.0
0.0
0.0
0.0
0.0
1.7264309073806292e-6
0.0
0.0
0.0
0.0
0.0
0.0
0.0
0.0
0.0
0.0
0.0
0.0
0.0
0.0
0.0
0.0
0.0
0.0
0.0
0.0
0.0
0.0
0.0
0.0
0.0
0.0
0.0
0.0
0.0
0.0
0.0
0.0
0.0
0.0
1.112587347422728e-5
0.00017213927295598212
0.0004072484482140426
0.0006201019124184095
0.0006742926511366851
0.0006654856732714511
0.000636610328318559
0.0006071551116024507
0.000667734267992823
0.0006980992466063155
0.0007077493312753997
0.0008174875550334278
0.0009901256133931394
0.0013355923253310642
0.0
0.0
0.0
0.0
0.001838182949239934
0.0015480744195035647
0.0013359659138179286
0.001363499933760431
0.001325823375931882
0.0009940750002199608
0.0005806965107251884
0.00023765864724561316
6.478571806184776e-5
9.576941654572853e-5
0.00013828419311196706
0.0003064573663258062
0.0005153037646494752
0.0007168965333282156
0.0008627516189862957
0.0010146952552732775
0.001116375517317709
0.001213221815479227
0.0013239315859378377
0.0016326993932087078
0.0
0.0
0.0
0.0
0.0018577934528263584
0.0014934081849460807
0.00110935128013253
0.0005801203480280369
0.00011648429418155453
0.0
0.0
0.0
0.0
0.0
0.0
0.0
0.0
0.0
0.0
1.3256900834835849e-6
0.0
3.148862585932275e-5
3.201834992958247e-5
0.00013376711052493536
0.0
0.0
0.0
0.0
4.2385166343029034e-5
0.0
0.0
0.0
0.0
0.0
0.0
0.0
0.0
0.0
0.0
0.0
0.0
0.0
1.3157964682219824e-6
1.0267082078239298e-6
0.0
5.9564233340126566e-5
0.00016951524635687885
0.00038634640059436316
0.0
0.0
0.0
0.0
0.00039994415486640757
0.00022312689913947563
0.00014500317865013586
0.00018740975105502355
0.00020476047107965368
0.00018184375168036246
0.00010650308347380796
2.6531605996114353e-5
6.381756365723387e-5
0.0001930798481875959
0.0002744020872027347
0.00035400103436666403
0.0003196297051883981
0.00032653307737535943
0.00036778159819992766
0.0004321174574583816
0.0005303219992044821
0.0006785275235201737
0.0008077537812837404
0.0011545653497995467
0.0
0.0
0.0
0.0
0.001708202781752258
0.0014546523482066767
0.0013429913018058503
0.0014225727561028884
0.001419017854367298
0.0012676550512848988
0.001076905240394849
0.0009735897699167576
0.001026741156038174
0.001301577940018608
0.0014845714877663207
0.0014889709190660304
0.00130942175386104
0.0013092341375364582
0.0013362269176538232
0.0013846929895704012
0.0013868766832300496
0.0014464599797173875
0.001543846479985963
0.0018503252397125802
0.0
0.0
0.0
0.0
0.002178264728862808
0.0019006840240392738
0.001674902369760989
0.001520403649161172
0.0013205440594809034
0.000993302183848944
0.0007377829951097108
0.000620779419372806
0.000567197713958805
0.0005925828190970292
0.0006390134689744861
0.000798237889194694
0.0009518450091830678
0.0010722503020607836
0.0012935903722879182
0.001522089102884287
0.0015830657642807177
0.0016947004286949718
0.001854363306755715
0.0022961625906392897
0.0
0.0
0.0005094555356694906
0.000780996997437817
0.0026538160427503595
0.0023394377450508207
0.0020266674946228707
0.0016763259637525279
0.001284918335246239
0.0006585921882317521
0.0004444860465274502
0.00040297826470119864
0.00031359906887381775
0.0004466414033880059
0.0005556911303580477
0.0006103775664926934
0.0006474564228762281
0.0007061945233760086
0.000786685342443704
0.0009563574429926621
0.0010724680779540048
0.001164641014737783
0.001273949412341049
0.0015326197406802203
0.0
0.0
0.0
0.0
0.001854630603420479
0.0014841940311187928
0.0012402361914411223
0.0011449461511017576
0.000978960901690018
0.0006856881439126918
0.0004901492519988314
0.00032743356754995356
0.00016712303067716147
0.00017148574870856742
0.0002111319352543529
0.00036478921416654243
0.0006151090498392376
0.0008462268668979654
0.0009517125232944965
0.0011576851427744907
0.0013408199144183046
0.0015341937095561427
0.0016891420980125749
0.002059963111602713
0.0
0.0
0.0
0.0
0.002276606671467343
0.00197093055563277
0.0016827295490712923
0.0012661313851277012
0.0007743423877828947
0.0003048466972639231
5.043787527404942e-5
0.0
0.0
1.4885640448848115e-6
1.2470359755272251e-6
7.49821103121816e-5
0.00014022978657111384
0.00023537156127678667
0.0002758428608609965
0.000359346103672957
0.00040324045282176535
0.000502208672146005
0.0007056039830726851
0.0011044951723879416
0.0
0.0
0.0
0.0
0.001253377171372448
0.0008126196195200736
0.000517386362838136
0.00048191451146255005
0.00033347351106486505
0.0001776942800579725
4.5181148094188456e-5
0.0
0.0
1.6803267261610935e-5
0.00015319085201944953
0.00019796823018401334
9.09518922569415e-5
6.268479137715978e-5
5.9421679834475396e-5
0.000119381722686793
0.00012882100124735906
0.00015774609081290605
0.00024028012888547212
0.0005497009368882896
0.0
0.0
0.0
0.0
0.0007462467704477794
0.00047361267291780643
0.0003426350050234176
0.0004127035472340024
0.00043202440729593177
0.00034794829831560084
0.00025592701382942386
0.00014338238318932188
0.00012557802902983813
0.00036911899551390486
0.0005784250767823342
0.0006503748605161595
0.0005705634093107637
0.000575636049017285
0.000575830774375919
0.0006369357723407436
0.000648008100970057
0.0006581019035794955
0.0007370013043643653
0.0010334084174277564
0.0
0.0
0.0
0.0
0.0010551598186702197
0.0007569330002113968
0.0005439029678322458
0.0005669170072269373
0.0005124917384574777
0.0003438281748239623
0.0001933751462778214
3.465787601231761e-5
6.551457512067925e-6
0.0001268162934460599
0.0002031820437854759
0.00018107949792478087
7.089854869952666e-5
5.699828196816748e-5
3.9302460392285457e-5
4.68259801989337e-5
8.99037407309625e-5
0.0001376952494088647
0.00013191655629875916
0.00024130625911359448
0.0
0.0
0.0
0.0
0.0004097491024397042
0.0002767023838992298
0.00021945383523997027
9.161062856536713e-5
0.0
0.0
0.0
0.0
0.0
0.0
0.0
0.0
0.0
0.0
0.0
1.50146944063851e-5
8.727428063555758e-5
0.00017379815876803503
0.00026018338138991974
0.0006061190104113748
0.0
0.0
0.0
0.0
0.0010236024204953117
0.0008207165754861383
0.0006923797340261502
0.000570097726781185
0.000300130152844773
0.00011517995295572045
0.0
0.0
0.0
1.3984202658041847e-6
0.0
8.270330744171282e-6
0.00018059771380226247
0.0003533606869215193
0.0005042755280626982
0.0005588983030756852
0.0003635330542133369
0.0004689092482042583
0.0007612341847758097
0.0011611513828086101
0.0
0.0
0.0
0.0
0.0011709792171654674
0.0008754946774939234
0.0006215637337931904
0.0003589558650216725
7.572914417837813e-5
0.0
0.0
0.0
0.0
0.0
0.0
0.0
0.0
0.0
0.0
0.0
0.0
0.0
2.1034198145706073e-6
1.6560621379189392e-6
0.0
0.0
0.0
0.0
1.002084112131012e-6
0.0
0.0
0.0
0.0
0.0
0.0
0.0
0.0
0.0
0.0
0.0
0.0
0.0
0.0
0.0
0.0
0.0
0.0
1.1826942161319354e-6
0.0
0.0
0.0
0.0
5.902073664446601e-7
0.0
0.0
0.0
0.0
0.0
0.0
0.0
0.0
0.0
0.0
0.0
0.0
0.0
0.0
0.0
0.0
5.318466321246773e-6
0.0
5.997584655586521e-5
0.0
0.0
0.0
0.0
0.0009186122908903512
0.0007446800374381185
0.000635056572217397
0.0005360121432543099
0.0002918907062126518
0.00011977729782547748
0.0
0.0
0.0
1.3761447569520953e-6
1.7930200492740554e-6
5.618673018660557e-5
0.00030156085265521177
0.0006309589024615822
0.0008175524920161619
0.0009703065667218556
0.0011466746568211152
0.0013353384935018574
0.0014787705272883498
0.0018820086685265717
0.0
0.0
0.0
0.0
0.002231898293129184
0.001888695370167455
0.0016116633521266908
0.0011655126868382645
0.0005382613480785232
0.0001368877449828097
0.0
0.0
0.0
1.3402873222438338e-6
6.395285304763109e-7
5.104122992112585e-6
1.971030550191307e-5
0.00017423261429845406
0.0003356584881245663
0.0004668141875314461
0.0005822014253388535
0.0005865632447906615
0.000636230713084384
0.0008642534053677659
0.0
0.0
0.0
0.0
0.0013596558856293912
0.0010915662271967325
0.0007424649643367506
0.0005660928213718787
0.0003308352553109262
0.0001366101229122818
0.0
0.0
0.0
0.0
0.0
0.0
0.0
0.0
0.0
1.2312211963347101e-6
0.0
3.794319941160182e-6
4.605182341989002e-5
0.00022494091759592125
0.0
0.0
0.0
0.0
0.0008691149132375938
0.0006468963132121318
0.0005029639299058122
0.0004494876238320151
0.0002562809272480113
0.0001374162183256147
5.4207014749850626e-6
0.0
0.0
1.3866529629639337e-6
0.0
0.0
0.00021972536537320537
0.0005679276507322559
0.0007866776338392058
0.0009522285708502317
0.0010757843923381058
0.0012507683181851128
0.0014136062299697901
0.001851519173167199
0.0
0.0
0.0
0.0
0.00210392378967341
0.0017134572528376673
0.0013154920975266668
0.0009815641782513463
0.0004675547159030867
9.116072895171418e-5
0.0
0.0
0.0
0.0
0.0
0.0
0.0
1.1612213567152556e-5
6.923801768302113e-5
0.00017220739637625226
0.0002654744207291832
0.0003204639937167819
0.0004172968335839138
0.000772322366100938
0.0
0.0
0.0
0.0
0.0008257077856988289
0.0004995130894527861
0.0002536949979847879
0.00017502620010902622
4.858702479931746e-5
0.0
0.0
0.0
0.0
0.0
0.0
0.0
0.0
0.0
0.0
1.285225741488673e-6
1.4700481775498878e-5
0.00012748072725912734
0.00020514471790683203
0.0003606003840925503
0.0
0.0
0.0
0.0
0.0007471363571544231
0.0005817588294866069
0.00046349993350554996
0.00047979248120638907
0.0003731800187435402
0.00024391156510114652
0.00012146796419720016
3.254837653457477e-6
0.0
3.6335794061774207e-6
2.3569838204930433e-5
9.292476331101503e-5
7.371833282089143e-5
9.70165278744446e-5
0.00021438331764474922
0.00043247900553296736
0.00048200762359982966
0.0005968316816054194
0.0008261183393445396
0.0013091803613447155
0.0
0.0
0.0
0.0
0.001629410064151114
0.0013570792903963896
0.0010042652133802046
0.0007545911844810405
0.00041422402174290016
0.00021091579531925034
1.4088025243274269e-5
0.0
0.0
0.0
1.605964228822053e-6
0.0
0.0
0.0
0.0
4.5409159823468145e-5
0.00010252391775236448
0.00014738705954675285
0.00017524689757776482
0.00030318188237866495
0.0
0.0
0.0
0.0
0.00035792992315712046
0.00015952294809709006
2.253586021165452e-5
8.753411910074423e-6
0.0
0.0
0.0
0.0
0.0
1.5256597555394955e-6
1.2669406622112756e-6
0.0
0.0
0.0
0.0
0.0
0.0
1.1418959628452959e-6
1.2065827457634202e-6
1.8411318735070874e-6
0.0
0.0
0.0
0.0
4.3669008102309586e-5
0.0
0.0
0.0
0.0
0.0
0.0
0.0
0.0
0.0
0.0
0.0
0.0
0.0
2.1568564795920136e-6
1.305783557510758e-6
0.0
0.0
1.2900811179524438e-6
0.00015213442674282774
0.0
0.0
0.0
0.0
0.0007098681069106251
0.0006136087351105233
0.0007694522240378381
0.0009219500115358722
0.0007672681176191713
0.0005429188160721431
0.0003802577560608445
0.00038948697997156183
0.0005378747621727068
0.000701218053194747
0.0007757931761966998
0.0008327722436615959
0.00081326440199047
0.0007998830459743747
0.0008546106115551322
0.0009614296945527092
0.0010288666202985883
0.0011490576688505747
0.001312015749719326
