0.0
0.0
0.0
0.0
0.0
0.0
0.001423676783406682
0.0013127824647330647
0.0009641399908176731
0.0008920693761256369
0.0007266201576186826
0.0006296319194444239
0.0005185094218528624
0.0004668467294982722
0.0004215649444594114
0.0003804559269815437
0.00035887358428777415
0.0005453204546251498
0.0005786530207880072
0.0005765463635712212
0.0005828311050469952
0.0004319688227801956
0.0
0.0
0.0
0.0
0.0
0.0
0.0
0.0
0.00042198060517532703
0.0003431834006808911
0.00022805610557019487
0.00011917938918131923
3.897784610411763e-5
0.0
0.0
0.0
0.0
0.0
0.0
0.0
2.5647424693941308e-6
0.0
0.0
0.0
0.0
0.0
0.0
0.0
0.0
0.0
0.0
0.0
1.2863201929308956e-5
2.7207534635402873e-5
0.0
0.0
0.0
0.0
0.0
0.0
0.0
0.0
1.5094174215576277e-6
6.6621340821672965e-6
6.95095127766831e-6
2.9335745894856995e-6
4.153911464873981e-5
2.463913288157499e-5
0.0
0.0
0.0
0.0
0.0
0.0
0.0
0.0
0.0008758325051986127
0.0008965590486478637
0.0006953655355389151
0.0004672492093500446
0.00034619954897739403
0.00023892780624793826
0.00015854214471988266
9.989574095325374e-5
5.887882915141684e-5
4.205477514081231e-5
8.51486431852151e-5
0.00018753697023896532
0.00032317625946602906
0.0004844920820631178
0.0005998944576302379
0.00046479056782233996
0.0
0.0
0.0
0.0
2.1692756163993283e-5
8.391568361427246e-5
7.281856768513445e-5
0.00010591370003705678
0.0012743034063290068
0.0010824714948747523
0.000750043123775469
0.00039998651272168
0.00019059087423303774
4.989560013000529e-5
0.0
0.0
0.0
0.0
0.0
5.634577767383737e-6
1.4285765694263236e-5
5.2979457640971284e-5
9.802351673829697e-5
3.844972412588116e-5
0.0
0.0
0.0
0.0
0.0
0.0
0.0
0.0
0.00036183051576449713
0.00033121228986439583
0.00020531990321670393
3.405464581351413e-5
0.0
0.0
0.0
0.0
0.0
0.0
0.0
0.0
4.777009370865279e-6
2.0598219180608193e-6
0.0
0.0
0.0
0.0
0.0
0.0
0.0
0.0
0.0
0.0
0.0002628606587383179
0.0006286343760765489
0.0007065956264951189
0.0006898696236838296
0.0006654164156676175
0.0006283158363928641
0.0006291951815504721
0.0006173141771090297
0.0005875285701006419
0.0005792975815323595
0.0005836076670304964
0.0006055599218892339
0.0007273642593311973
0.0007972537274015925
0.0008199248297054934
0.0007315091496961113
0.0
0.0
0.0
0.0
7.552829754740003e-5
0.00010085901675012672
8.669970873403926e-5
0.00017117803095594708
0.0018025974452634968
0.001686932163513929
0.0012673227901480431
0.0012036665246546216
0.0009733392807223558
0.0008247419238328051
0.0006872630976209996
0.0005989787139103972
0.0005317411279432899
0.0005064633368165695
0.000519551455582102
0.0008460488436100424
0.0011011302615908539
0.0011904365909251931
0.0013089514612913977
0.001281351919702115
1.1171286128061721e-7
4.648598263848538e-5
0.00016815368450325216
0.00020749267900833769
0.00019262617144505403
0.00037163874661598104
0.000375798933339901
0.0003020220091366117
0.0017826450744695484
0.0015374005117307409
0.0012188440101552453
0.0008076096538958975
0.0005976348412509254
0.00042366083410668527
0.0003009236059730296
0.00019757954217282828
0.00015131029179535279
0.00011355854204590351
0.00012879010929344565
0.00027435266613068073
0.0004889386972048945
0.0006052255572375167
0.0006850057380326263
0.0006364184977087309
0.0
0.0
0.0
3.0728121974509173e-6
8.915635329965892e-5
0.00013659904773339696
0.00014389602332643922
0.0002454138743233837
0.0014635832806079504
0.0012384733249886102
0.0010498083254179124
0.000852443693036963
0.0007367276038941665
0.0006354858872029228
0.0005762715742732648
0.0005207698170931073
0.000490359918397248
0.0004869071903467478
0.0005319211624370382
0.0006433032761684884
0.0008013053802588551
0.0009602617464574412
0.001104327231615851
0.0011317565730337895
8.812352628029306e-5
0.000254352627353665
0.0005049425947724571
0.0005683466451336104
0.0005709424756224767
0.0007692294028369139
0.0007817955460805249
0.0007483698710009954
0.00230459002619567
0.00212884782137755
0.0018991296260966557
0.0016344354332430673
0.001502125390942249
0.0013369637366118022
0.0012108893538804214
0.0011124713295460734
0.001028631180407866
0.0009426285308212875
0.0009536741333773196
0.000996136634535362
0.001056888425394103
0.0010939854455092476
0.0011349994248207491
0.001082389747202114
5.167932949593343e-5
0.00018063752538125005
0.00019791300755394602
0.00031644778411176773
0.00036440931237612334
0.00034229418250808437
0.0004403198507390184
0.0004327315764410244
0.0017157760008929975
0.0015624864288497865
0.001390218955384757
0.001196283230056623
0.0011210928522876432
0.0011013399245627699
0.0010813689764148256
0.0010165087384137437
0.0009310241226890649
0.0008587133041862457
0.0008274298996722543
0.0008207391033999789
0.0008827329689665887
0.0009231588236698383
0.0009465377823551881
0.0008922696764037412
1.670052801425816e-6
4.306760508861873e-5
0.00014603288902831067
0.00016908196853860738
0.00026534469169066854
0.000300116116030213
0.0002831452045760561
0.0004416701508299451
0.0017208228233825552
0.0015811424668576049
0.0014284694789356597
0.001269940079545353
0.001247515616472501
0.0011822029095501507
0.0011809898942861158
0.0012271764957953388
0.001260484984067305
0.0012598138729432292
0.001254895164991967
0.001280165559153598
0.001345680170276269
0.0013928543437699192
0.001436197943100172
0.0013802990054411048
0.0001511368110140215
0.0004939312715300163
0.0005967499107595262
0.0004961566522935704
0.0007740955115912997
0.0007565878135524118
0.0005930284138944252
0.0009113534237942447
0.0022573047928311227
0.002068651550287473
0.001804371275049024
0.0015049568045329544
0.0012534492797417578
0.0010671956160997074
0.0009035441840894988
0.0007651437993623137
0.000669761657034772
0.0005951766456528672
0.0005817258806902089
0.0006595157251082501
0.0008168225020638481
0.0008992956706665808
0.0009603226342861985
0.000943726919836012
2.3888681123194624e-6
5.5857410193644456e-5
0.00010339616499578457
0.00022659881845814224
0.0003217648695160561
0.0003130836253121129
0.00045017790828501167
0.0004849580725761247
0.0021636192765173284
0.0019610187290928323
0.0013402616332305155
0.0010875184030274623
0.000701104054200586
0.00047464401688323226
0.00030607651650186587
0.00022808211954458257
0.00017244356177497142
0.0001525118100055696
0.00016017281183874904
0.0003365112661745047
0.0004448203260585258
0.0005546230951982618
0.0006142465962707865
0.0005116751600128693
0.0
0.0
0.0
3.563327135450136e-7
1.564494960272939e-6
3.437029793670568e-5
0.00010583419760526966
0.00014776407925781997
0.001811273192780574
0.001667787416258815
0.0011074482126495716
0.0008302246055433719
0.0005161595368197609
0.00036699522066566625
0.0002874416513453125
0.00026512207115631013
0.0002710484049322411
0.00029340291932482287
0.0004580324712087158
0.0009218762606098364
0.0011995778608879621
0.0013295161638492237
0.001392453086013705
0.0013025618592619442
1.511777884161294e-7
0.00012100694525980729
0.00021917982042070553
0.00020746327604563748
0.00042241048838081947
0.0004304682337145799
0.0003756305620287365
0.0006153667777027448
0.0019057551097977222
0.0017437756433046825
0.0015027292709292532
0.0012453780801917722
0.0011408832966232647
0.0010132196198618891
0.0009036125586852797
0.0008412529396591273
0.0007939979369173343
0.0007741034477529963
0.0007790388743603476
0.0007876039596183062
0.0008405499426884406
0.0008859123485926071
0.0008940679879482357
0.0008123598636775288
0.0
1.029334350726123e-6
5.59278984458993e-6
5.236760643775396e-6
7.649885879326324e-6
7.902462819062812e-6
8.276287355917053e-6
8.826539755086781e-6
0.0011739898912824906
0.000987504139210219
0.0008202449829364679
0.0005968707686663009
0.0003538613506541655
0.0001405850810758628
2.3706928043731655e-5
0.0
0.0
0.0
0.0
0.0
6.465097195756402e-6
2.209223129888001e-5
5.141578169647395e-5
0.0
0.0
0.0
0.0
0.0
0.0
0.0
0.0
0.0
0.0001234546370153621
0.00020340184584640502
0.00012790272498585672
7.221561934747656e-6
0.0
0.0
0.0
0.0
0.0
0.0
0.0
0.0
1.6601957272735627e-6
0.0
0.0
0.0
0.0
0.0
0.0
0.0
0.0
0.0
0.0
0.0
1.8948684454035064e-5
8.209525788634332e-5
3.055937491973272e-5
0.0
0.0
0.0
0.0
0.0
0.0
0.0
0.0
0.0
3.9056379926277235e-6
1.865212856291661e-6
0.0
0.0
0.0
0.0
0.0
0.0
0.0
0.0
0.0
0.0
2.0116098305618083e-5
9.936440774255865e-5
6.818097035647548e-5
0.0
0.0
0.0
0.0
0.0
0.0
0.0
0.0
3.2215204319124765e-6
9.099065186712674e-6
1.1463514384093368e-5
4.333036071566956e-6
0.0
0.0
0.0
0.0
0.0
0.0
0.0
0.0
0.0
9.499825775165168e-6
6.889049334824337e-5
7.463995745078127e-5
8.134466143423589e-5
1.438191028205676e-5
0.0
0.0
0.0
0.0
0.0
0.0
0.0
2.6028224972839386e-6
0.0
0.0
0.0
0.0
0.0
0.0
0.0
0.0
0.0
0.0
0.0
0.0003413394705239384
0.0004309118651822871
0.00040136808352078283
0.0003507569012613596
0.0003341024634689017
0.00032105442649240566
0.0002666473604700574
0.0002034366567527953
0.0001608946439228952
0.00011446092722274784
0.00013291801621650377
0.0002395301086854266
0.00039772116066493114
0.0005373530355031167
0.0006380906435035233
0.0005940825523083612
0.0
0.0
0.0
2.8495300961910874e-5
8.878176872947832e-5
9.456838961902408e-5
0.00017913103797445915
0.000196157462616437
0.0014586387995978857
0.001263749609695107
0.0009391105514150449
0.0006140229924389387
0.0004375028578181495
0.0002563629055351217
0.00014798722349241723
6.316055329303706e-5
1.4892771712576789e-5
1.5654202474454682e-5
6.076837397454752e-5
0.0001312437777382724
0.00023559550990596653
0.00032050725608983525
0.00037469360272230533
0.00034926382793423825
0.0
0.0
0.0
0.0
0.0
0.0
0.0
0.0
0.0008470987688406382
0.0007039884455423008
0.000527183507119779
0.00027611142372515923
4.845214950358943e-5
0.0
0.0
0.0
0.0
0.0
0.0
0.0
7.867812020954527e-6
3.4941594836787665e-5
0.00010523084998107057
9.450918266494422e-5
0.0
0.0
0.0
0.0
0.0
0.0
0.0
0.0
0.0012369701407144778
0.0011532093079553902
0.0008724132898246148
0.0006075277490698588
0.0004369814988784243
0.00029969392643456965
0.0002142155876051993
0.000151831438694713
0.00010296061695339544
7.294535033466041e-5
8.981188794621994e-5
0.00017635752593726616
0.0002738342247431773
0.00035588474020673607
0.0004672715188262167
0.0004550146543095038
0.0
0.0
0.0
0.0
3.4361795993949904e-5
7.233482902782235e-5
0.00016016950321979867
0.00015748766297958176
0.0013523064538209276
0.0011156822828775757
0.000825563664947917
0.0005187077161694382
0.0003222736040171262
0.00017765193091746304
9.475599249079247e-5
3.3496223690619e-5
1.5857646744255463e-6
0.0
0.0
2.307180800441024e-6
3.676327849442294e-5
7.834754917459753e-5
0.0001415007250799441
6.334071044871953e-5
0.0
0.0
0.0
0.0
0.0
0.0
0.0
0.0
0.0004897776653724678
0.00046307859193417834
0.0003544967390886562
0.00020412565684562375
4.0228906482051614e-5
0.0
0.0
0.0
0.0
0.0
0.0
0.0
4.628428924652031e-6
2.094356414483282e-5
7.392001437389789e-5
1.742703034760067e-5
0.0
0.0
0.0
0.0
0.0
0.0
0.0
0.0
0.00016695008689219745
0.0003008758720582101
0.00023623790606758216
0.00016784122565213246
6.316114967220444e-5
1.5857007880014496e-5
0.0
0.0
0.0
0.0
0.0
2.3644725237458633e-6
1.8925872366159835e-5
4.509468094801637e-5
7.866167348102736e-5
0.0
0.0
0.0
0.0
0.0
0.0
0.0
0.0
0.0
2.844900471541653e-5
0.00012054628087736739
8.264561842321168e-5
3.905316825106524e-6
0.0
0.0
0.0
0.0
0.0
1.797354518642795e-5
7.784202623323858e-5
0.00014538499579482616
0.00023940164677823541
0.00029002082506731096
0.00034011064126445464
0.00026892369868173314
0.0
0.0
0.0
0.0
0.0
0.0
0.0
0.0
0.0010304933587413074
0.0009801689112658243
0.0008762899515340421
0.0007199943894966997
0.0006242094904040267
0.0005012851384288761
0.0003739335579421089
0.0002579309132342373
0.0001957901322811339
0.0001810574393208107
0.00021005570763236566
0.0002802440981395294
0.0004918538214056888
0.0006618173701401775
0.0007332507362560551
0.0006826555645360776
0.0
0.0
1.9594435896956475e-5
9.565243349186247e-5
0.00010117949598233435
0.00021383840591111244
0.00025691815618673604
0.0002470764541428159
0.001713417387265914
0.001543297498658149
0.0013817033459873854
0.0011470415763783321
0.0010059059414941288
0.0008827617079917319
0.0007771982874726092
0.0006847997945740402
0.0006028023010405774
0.0005423419897419157
0.000547284794834216
0.0006069649010591286
0.0006943473506238221
0.0007346427440996526
0.0007863660985750311
0.0007221340458923268
0.0
4.4008581496396476e-7
2.4610649575379437e-6
8.592677406529087e-5
0.00010559714350347669
0.00012214943530168096
0.0002483085001017999
0.00028477525520897697
0.0015715554279870985
0.0014661615836458173
0.0013356559827136822
0.0011808124531721203
0.0011279269604152155
0.0010786064610238896
0.001040902054507534
0.0009815832590008254
0.0009515379506706502
0.0009369570758204128
0.0009278480830597358
0.0009305748789373612
0.0009792318468535926
0.0009907278380637985
0.0010114676101175564
0.000964528169061766
3.70472560606125e-6
7.024978342126815e-5
0.00011607762701273086
0.00021289000277751845
0.00021237087242726745
0.0001802832123800946
0.00023400175061196178
0.00022508738905746022
0.0014784318725410282
0.0013401944251936197
0.0011803531995366755
0.0009794413664119164
0.0008916909580908833
0.0008096627239982825
0.0007379386574720103
0.0006303310952610066
0.0004895450509319899
0.00039077338898788056
0.0003558887790799985
0.0004053340171114071
0.0005466019550770582
0.000647891748431982
0.0007487716543824631
0.0007336270036644282
0.0
1.8143799056056197e-6
5.935107204467046e-5
9.666791727450704e-5
0.00019653973385678878
0.00023563460300747251
0.00024109373918995282
0.00039733270618123417
0.001657342167351678
0.001468763239999057
0.0012670010239472832
0.0009737677177605833
0.0006693470557506758
0.0004060267253599791
0.00023627218076113828
0.00013071077736862924
8.687647424488898e-5
9.484755783445779e-5
0.00015959010585801884
0.00022649254099742084
0.00035106810115289043
0.0004366695412048718
0.0004842065495470849
0.0004322060419519958
0.0
0.0
0.0
0.0
0.0
0.0
0.0
0.0
0.0010302282418720218
0.0009549046481796413
0.0006834406733921768
0.000530897023644097
0.00031191977020626034
0.0001671834220581648
0.00010937505735078249
0.00017858878001680473
0.00024566243654782925
0.00027039569271330234
0.00025568038667790816
0.0004161859926451622
0.0005441872908943106
0.0006880751789162867
0.0007653007238625425
0.0006807026190663005
0.0
0.0
0.0
5.726018454799598e-7
6.960070322374299e-5
0.00012272335330172678
0.00013177810906305293
0.00025508893949434977
0.0014582324588404564
0.0012424828186772638
0.0009110270603697195
0.0005966068668662701
0.00042937694396142766
0.0002951492497946491
0.00019739118160566377
8.868379751452213e-5
1.556163073312405e-5
0.0
1.3386882619592978e-5
8.936830297724185e-5
0.00023307478444164424
0.0003040669794510541
0.0003373644732905301
0.0002768201671533645
0.0
0.0
0.0
0.0
0.0
0.0
0.0
0.0
0.0007771410338790324
0.0007011692260532231
0.0005808531083989136
0.00043590618809447723
0.0003529507957150955
0.00027538977509491036
0.00024385396410219327
0.00023882667618017238
0.0002482522412595496
0.000251977843699671
0.00027912766817614457
0.00031942419221308606
0.000389839047990142
0.0004535808657551799
0.0004928132975123711
0.00042329390735070606
0.0
0.0
0.0
0.0
0.0
0.0
0.0
0.0
0.0005293924805983655
0.0004943112527729262
0.00037389802082393736
0.00023530015529137272
0.00017953024212503187
8.043129779289813e-5
2.5850566505438393e-5
4.226146795948095e-6
0.00012405522638230266
0.0003438468214676426
0.0005108497398097352
0.0005901174337689446
0.0006833487966773899
0.0007383051452283958
0.0007896348842557683
0.0007273037642054309
0.0
0.0
1.7050114064910384e-6
3.691686496147748e-5
8.554070831303786e-5
0.00010804329688356432
9.514496229128943e-5
0.0001455210773913033
0.0014059423038179928
0.0012551123720963436
0.001111451152625808
0.0009385920022267204
0.0009064939873331788
0.0008513148369114333
0.0008446608676134038
0.0008520344557099718
0.0008571200407760179
0.0008808755990310207
0.0008853478516143172
0.0009076868938940543
0.0009984619049834846
0.0010509106263511822
0.001102483611386259
0.0010300906716617065
4.702787046394561e-6
9.874134026816162e-5
0.00021188105889531056
0.0003059260079792548
0.00029383403290343646
0.00037138888856791576
0.00044595746070960965
0.0003763127676860646
0.0017623655888216016
0.0015743488841386977
0.001390731601226868
0.0012061607969524608
0.0011467979474852118
0.0010883115581560964
0.0010406536304028904
0.0009385870421376914
0.0008317539688618993
0.0007466289393310395
0.0007161204140489825
0.0007345743533337483
0.0008150502078625167
0.000878195844255438
0.000939866143636328
0.000914538608109475
1.492472772597251e-6
8.236545336781046e-5
0.00015087704607049947
0.00028852664755177945
0.00034526983725491475
0.00030505755551711193
0.0004163129039530431
0.0004272321284302556
0.0017289956540816232
0.0015435733522967121
0.0013062445181862327
0.0009877426658519777
0.0007744035662976251
0.0006343929375096274
0.0005097864542073791
0.0004422301265262982
0.00040251000991836346
0.0003845811845069225
0.0003949785720632692
0.0004420440041736813
0.00058145250637428
0.0006675003526101024
0.0006931045067763451
0.0006221348386735133
0.0
0.0
0.0
2.120585236869864e-7
1.9036797216528497e-6
1.422666560737234e-5
5.081495733336851e-5
4.7440177534817874e-5
0.0015518211536543005
0.0014187849274849406
0.0010787192745831435
0.0010056572180497053
0.000826840143132823
0.0007478254608769488
0.0006239802826619961
0.0005755352663676124
0.0005724225975472026
0.0005500675746619978
0.0005448888475690274
0.0008006830055009842
0.0009315398970650049
0.001022538380989035
0.000985982434370023
0.0008270133750097584
0.0
0.0
0.0
0.0
4.25680416461508e-7
5.270271756203167e-7
1.774928909223712e-5
2.1758190511629615e-5
0.0011894513664961466
0.0010299460607102648
0.0008475026954371798
0.000661914255454363
0.000564070759157207
0.00044988290912437515
0.0003943936305630119
0.0003370297149733145
0.000248656919863069
0.0001977691481282283
0.00020481002689318707
0.00023347013615662455
0.0002885370098094544
0.0003678644453474408
0.0004196824756051755
0.00038457828322107463
0.0
0.0
0.0
0.0
0.0
0.0
0.0
0.0
0.0007735030188360278
0.0006769581380073884
0.0005702861740211991
0.00044505177548013016
0.0003526170518806069
0.00024398022427386476
0.0001601560135833037
6.207055204844883e-5
2.3560356666983157e-5
4.7172435349786496e-5
7.599853144722698e-5
0.00010508245137077979
0.0001532927494724122
0.00019354119934819275
0.00021899320988437034
0.00012320237751150588
0.0
0.0
0.0
0.0
0.0
0.0
0.0
0.0
0.00043871701192085865
0.00043059038600121326
0.0003126109356518314
0.0001664386998171738
8.444634780537192e-5
1.6729637133095264e-5
0.0
0.0
0.0
0.0
0.0
3.0601837961531127e-6
8.136503479803636e-6
9.210570701391518e-6
6.317324324956623e-5
1.3272330993475666e-5
0.0
0.0
0.0
0.0
0.0
0.0
0.0
0.0
0.0012160029878538544
0.0011155486955225962
0.0010078559909718486
0.0009227835039461833
0.0009273619387019754
0.0008775757122358992
0.0008329667690055459
0.0008349909912232085
0.0008212993325245123
0.0008116288153931867
0.0008591531690740144
0.0009092944364855407
0.0009824147315463077
0.0010475726634398008
0.0010981892646154975
0.0010662915656889298
5.065301391566254e-5
0.0002163995138517614
0.0002552318168738376
0.0004246389132663093
0.00044491227621262205
0.0004021204912865613
0.0005748779465298293
0.0005483672272099052
0.0018758274574011832
0.001709665401826094
0.0014885159415347073
0.0012309964390652653
0.0011043679755136807
0.0009852843143277317
0.0008853116767387882
0.0007640645365232653
0.0006676406893552393
0.0005954939570809469
0.0005864805350419427
0.000628017294242742
0.0006968351130033283
0.0007684786800364691
0.0008344915136363945
0.0007756199528398377
0.0
8.644099266363106e-7
5.591996511397439e-6
7.959689104381735e-5
9.182319073598064e-5
9.204770098023223e-5
0.00014270407715537872
0.0001331747931522674
0.001412534019874365
0.0012448169586304415
0.0010788564155151893
0.0008817171469107425
0.0007412080368272694
0.0006522165065843744
0.000599500949983053
0.0005478799040694166
0.0004942060191514053
0.00046077248943455026
0.00044299675399038225
0.0004489992959205092
0.0005398343115457191
0.0005715645465167832
0.0005567660975581237
0.0004445715510237093
0.0
0.0
0.0
0.0
0.0
0.0
0.0
0.0
0.0007749780848059945
0.0006506946899970774
0.0004057599081252427
0.0003234805870552163
0.0001720763648431844
7.256421994462301e-5
0.0
0.0
0.0
0.0
0.0
0.0
8.485809379222064e-6
5.985704368769701e-5
0.00015701160204112266
7.617085817264331e-5
0.0
0.0
0.0
0.0
0.0
0.0
0.0
0.0
0.0003580803788200065
0.0003872642374101257
0.0002964927645938951
0.00026841480709946666
0.00018349856379259525
0.0001399993421382818
5.066902813188619e-5
3.888382445136862e-6
0.0
0.0
0.0
0.0
6.140854470371295e-6
3.195340210371067e-5
6.149309500519759e-5
0.0
0.0
0.0
0.0
0.0
0.0
0.0
0.0
0.0
0.00012611219444687684
0.00022412370900750823
0.00017580992625642608
2.335015656785102e-5
0.0
0.0
0.0
0.0
0.0
0.0
0.0
1.5515800186176747e-6
7.807056893082869e-6
2.3133152745022743e-5
5.828119113995553e-5
0.0
0.0
0.0
0.0
0.0
0.0
0.0
0.0
0.0
0.0006297170061512439
0.0005735459693059602
0.00042927289133640184
0.00022097134109097682
6.52332795372598e-5
0.0
0.0
0.0
0.0
0.0
0.0
0.0
5.611048184193643e-6
8.83341844559142e-6
0.0
7.426598589189473e-7
0.0
0.0
0.0
0.0
0.0
0.0
0.0
0.0
0.00025347649523802944
0.0003199042495782343
0.0002280404272882799
5.7542174594297427e-5
0.0
0.0
0.0
0.0
0.0
0.0
0.0
0.0
6.5924539318174375e-6
5.640948634207993e-6
3.1497837383487798e-6
5.586712821628761e-7
0.0
0.0
0.0
0.0
0.0
0.0
0.0
0.0
0.0006471271705310086
0.0006095546670780543
0.0004639913111672329
0.00022302051313492194
3.287633780345482e-5
0.0
0.0
0.0
0.0
0.0
0.0
3.7272865786613384e-6
6.110583364558814e-6
7.046129598577178e-6
2.2788902190133777e-5
3.377783465340813e-5
0.0
0.0
0.0
0.0
0.0
0.0
0.0
0.0
0.0011246770880997833
0.0010091090253656928
0.0008297068370447438
0.00048382187973846415
0.0002700222489164355
0.00015077958103814867
5.964168467439656e-5
4.517380231352606e-6
0.0
0.0
0.0
5.489163535236231e-6
0.0001740280124680764
0.00028953477744153745
0.0003478442110491041
0.0003060981201714121
0.0
0.0
0.0
0.0
0.0
6.844829002003868e-5
9.438847258967054e-5
9.125377691411628e-5
0.0017664701974847066
0.0016028793416433813
0.001102082118778256
0.000963907674273214
0.0007661535387568306
0.0006361994519265999
0.00046062228121422643
0.00035278693827456124
0.00027890229371581055
0.0002492449674707342
0.0002540427119281675
0.00046281510661106974
0.0006642754785350717
0.0009028289440255612
0.0009269578713868619
0.0007605022883248456
0.0
0.0
0.0
0.0
4.6991934424985675e-5
0.00011292841650524812
0.0001276376026302795
0.00010806672392699842
0.0014035230281663716
0.0011216654796616088
0.0007707712567093266
0.0004530527300900892
0.00023391409343306337
7.294774079861758e-5
3.147399404600796e-6
0.0
0.0
0.0
0.0
0.0
2.3859861006808724e-5
9.118175075802288e-5
0.00015572799456441594
0.00011798681333796273
0.0
0.0
0.0
0.0
0.0
0.0
0.0
0.0
0.0010321548013583278
0.000838588804645014
0.0005952434229677323
0.00031637718650905506
9.060059461622213e-5
0.0
0.0
0.0
0.0
0.0
0.0
0.0
7.803329271591121e-6
6.980029100579549e-6
3.3704669899267475e-5
9.935567520229651e-7
0.0
0.0
0.0
0.0
0.0
0.0
0.0
0.0
0.00017475272610667018
0.0002383155122143481
0.0001643113296351258
3.55108976623066e-5
0.0
0.0
0.0
0.0
0.0
0.0
0.0
1.5537787010641288e-6
5.463625063532765e-6
9.969473871855295e-6
3.9683368732541414e-5
1.556417316736372e-7
0.0
0.0
0.0
0.0
0.0
0.0
0.0
0.0
0.00011276392862241202
0.0001881774842174951
0.0001264872556410627
5.077705004089435e-5
3.1399496738967825e-5
7.604555480063439e-6
0.0
0.0
0.0
0.0
8.741658128741073e-6
2.7584144186256913e-5
5.054538655765951e-5
8.22384473780834e-5
0.00011564105755756204
3.58367312554212e-5
0.0
0.0
0.0
0.0
0.0
0.0
0.0
0.0
0.0004600111847322575
0.0005626894320649605
0.000543122540933301
0.0004512529310867652
0.0003743846101488368
0.0002768245354928863
0.0002489292730549705
0.00021999980736620665
0.00019152671269968195
0.00017191418611168616
0.0001585226574114559
0.00014438787978020623
0.0002313601561720305
0.00030885473683617005
0.00041699143408362627
0.0004413270820319322
0.0
0.0
0.0
0.0
0.0
0.0
3.2050536707294736e-5
3.6069019752416516e-5
0.0012509090919941993
0.001088537475951819
0.0009501165388055945
0.0007106539375930943
0.000535606053512078
0.00041214122267782386
0.0002904587688866978
0.0002224838024920192
0.0001784982814200144
0.00012214354533431952
0.00010845921045015578
0.00016475871536267772
0.00032252785927993326
0.00044225625542406116
0.0004990732919621573
0.0004026923858074451
0.0
0.0
0.0
0.0
0.0
0.0
0.0
0.0
0.0013908824569258734
0.0011830437290043245
0.0007473771614411876
0.00053914754071612
0.00031851350136798096
0.0002155117410762137
8.042515592774309e-5
4.389312516151337e-6
0.0
0.0
0.0
5.7524160307090065e-6
9.502393714886602e-5
0.00020723046255864352
0.00028512126677690384
0.00025882971567004327
0.0
0.0
0.0
0.0
0.0
0.0
0.0
0.0
0.0008730160331867114
0.0007574732091273533
0.0005237147843149535
0.0002651196972282289
0.00010535008096170361
8.050919800610681e-6
0.0
0.0
0.0
0.0
0.0
0.0
8.17630379512116e-6
2.6372990931153967e-5
8.407332325744838e-5
5.123075092342115e-5
0.0
0.0
0.0
0.0
0.0
0.0
0.0
0.0
0.0007189403085444515
0.0006428017948339126
0.0005059668743802207
0.0003096677495498013
0.00015700437746109605
1.768950016772463e-5
0.0
0.0
0.0
0.0
0.0
0.0
2.3960658518666643e-6
5.08736182859147e-6
3.0018181225684395e-5
0.0
0.0
0.0
0.0
0.0
0.0
0.0
0.0
0.0
4.942954971054218e-5
0.00012185884750464402
5.2588817351250916e-5
0.0
0.0
0.0
5.58010307396005e-6
2.742016233202502e-6
0.0
0.0
0.0
0.0
5.591353184972488e-6
2.7882176197868368e-6
5.106039937854896e-5
3.1403597328200314e-5
0.0
0.0
0.0
0.0
0.0
0.0
0.0
0.0
0.0005720947091260623
0.0005810847218317674
0.00043815695672140006
0.00024169396444037006
0.0001349835430887669
5.0099909867147977e-5
6.863383664889555e-6
0.0
0.0
0.0
0.0
0.0
9.826803460318833e-5
0.00022408436469158885
0.0003441040302804456
0.00028217545745739376
0.0
0.0
0.0
0.0
0.0
0.0
0.0
3.5797188297238854e-5
0.0012203091494021043
0.0009366428201606075
0.0005305371751670302
0.0002173852401321304
5.9796653927608204e-5
0.0
0.0
0.0
0.0
0.0
0.0
0.0
6.4241265591125244e-6
9.718372091066982e-6
8.720656351604231e-6
1.1699782502399815e-6
0.0
0.0
0.0
0.0
0.0
0.0
0.0
0.0
0.00023662123288972387
0.00026840798128622726
0.0001630061352365004
1.845070038022153e-5
0.0
0.0
0.0
0.0
0.0
0.0
0.0
0.0
4.710411057338496e-6
5.686165754058075e-6
4.354639391723002e-6
0.0
0.0
0.0
0.0
0.0
0.0
0.0
0.0
8.142099224074102e-5
0.00025173837688075143
0.00019294313800675714
0.00012987978780932579
3.1089472964020074e-5
0.0
0.0
0.0
0.0
0.0
0.0
6.6525067392648115e-6
4.463087421014246e-6
8.978455355615021e-5
0.0001875498385769781
0.00012789316622930164
0.0
0.0
0.0
0.0
0.0
0.0
0.0
0.0
0.0008539910146247711
0.0008182858513358236
0.0007048208881989218
0.0005040892278802147
0.0003543469488852662
0.0002271449595553729
0.0001256160655193182
3.954949077734845e-5
0.0
0.0
0.0
0.0
3.6539436528636346e-6
6.864143040823407e-5
0.00016242738679716313
0.00017786105450027078
0.0
0.0
0.0
0.0
0.0
0.0
4.396186832060155e-5
6.340117963491329e-5
0.0013276444759433516
0.00121996644674188
0.001018506883420287
0.0008084747139047014
0.0006731833742540756
0.0005287198535252435
0.00043010518364937784
0.00034111728090411203
0.00026173334888081535
0.00018534057923371428
0.00017655778906258747
0.00019477134454769948
0.000263925619873436
0.0003861777318959131
0.0005295463317164358
0.0005626939936759543
0.0
0.0
0.0
5.7740604951659316e-5
8.581773767355582e-5
0.00017139935557043502
0.00019650314664311911
0.00018607049917071224
0.0015581817322376944
0.0013538538653069202
0.0010225401789527295
0.00067919229404653
0.0004905815520728399
0.0003380674427335073
0.00021365026883815027
0.00011567505553026053
7.366629709493842e-5
3.986712540576492e-5
4.6334900461504976e-5
7.955251051416424e-5
0.00016233039878344558
0.0002599660862828078
0.00031155031657978497
0.00023380782328739767
0.0
0.0
0.0
0.0
0.0
0.0
0.0
0.0
0.0007252942961663947
0.0006876398150978008
0.0006099654252628792
0.0004969329911678721
0.00043630972622306005
0.0003376584061855452
0.0002941556613693974
0.0002441804854741714
0.00023211139468390328
0.0002425235081211609
0.0002397391490113502
0.0002635223695345451
0.00032614189942033086
0.00037767063712714394
0.00042063101223853633
0.0003365620906041133
0.0
0.0
0.0
0.0
0.0
0.0
0.0
0.0
0.000605450231281266
0.0005305295448901636
0.00041567138097807824
0.0002533175405210871
0.00016345764145793637
0.00011554383700207331
8.420313690993522e-5
9.394716903256904e-5
9.603439473747816e-5
7.87414357320434e-5
8.096984580454538e-5
9.246488005146252e-5
0.00018612275571497873
0.00023385635271452618
0.00024692201233399657
0.00018364878346675628
0.0
0.0
0.0
0.0
0.0
0.0
0.0
0.0
0.00113460457351333
0.001048546192442268
0.0009655737783132388
0.0008289705439617041
0.0007543451801337015
0.0006912472700517917
0.0006358465693075892
0.0005880712390489266
0.0005038219084091529
0.00044319752272080457
0.00041690431716009274
0.0004267448755528022
0.000525541428128993
0.0006319717216357285
0.0007241012248242642
0.0007048308843188081
0.0
0.0
2.192047030639763e-5
9.180668107873342e-5
0.00010303914937029435
0.00020632986812668856
0.0002424163218610175
0.00023578857963649878
0.0020430048869849557
0.0018654840504322343
0.0013012453985225077
0.0010908084378862958
0.0008154002373210464
0.0006787728514468094
0.0005392677224614946
0.0004403874249137029
0.00033267264294730065
0.00022883351860267814
0.00020031821577592133
0.00029127987041568823
0.0003720687683262784
0.0005417742526751976
0.0006886488960410526
0.0006548055870093281
0.0
0.0
0.0
0.0
0.0
0.0
0.0
0.0
0.0011962683179305436
0.0010472603837112953
0.0007643943760430164
0.0004666800844440058
0.00028588553118923945
0.00013176747576331348
5.478515766124081e-5
4.286712085611333e-6
0.0
0.0
0.0
0.0
4.135704324885233e-6
2.341744786163095e-5
0.00010822910709505378
7.865031336312705e-5
0.0
0.0
0.0
0.0
0.0
0.0
0.0
0.0
0.0008708889125828143
0.0008235656213896464
0.0005925753393635441
0.0003000987010000699
0.00015290517789668997
3.870483240118527e-5
0.0
0.0
0.0
0.0
0.0
0.0
1.60467480859371e-6
6.751509563803341e-6
1.2276162913825799e-5
9.585548818682102e-7
0.0
0.0
0.0
0.0
0.0
0.0
0.0
0.0
0.0005346608824781016
0.0005547610510852647
0.0003856067968023368
0.00017257286125604203
5.567814883390989e-5
0.0
0.0
0.0
0.0
0.0
0.0
0.0
2.381829295245206e-6
5.870895853295766e-6
4.460374673027368e-5
9.852321714555811e-7
0.0
0.0
0.0
0.0
0.0
0.0
0.0
0.0
0.00014777751451265072
0.00023348571270151466
0.00016923213912489458
5.066236815865993e-5
1.9652263067902095e-6
0.0
0.0
0.0
0.0
0.0
0.0
0.0
2.5474894763977257e-6
5.066446472100358e-6
2.553927421320387e-6
0.0
0.0
0.0
0.0
0.0
0.0
0.0
0.0
0.0
3.7861470637897864e-5
0.00011142331587901975
6.085101583574637e-5
0.0
0.0
0.0
0.0
0.0
0.0
0.0
0.0
0.0
1.9582379202875627e-6
1.6035882716055071e-6
0.0
0.0
0.0
0.0
0.0
0.0
0.0
0.0
0.0
0.0
8.67114198783632e-6
7.720611216386937e-5
3.1491960015347315e-5
0.0
0.0
0.0
0.0
0.0
0.0
0.0
0.0
0.0
0.0
6.8087331627643044e-6
2.2438484783399456e-6
0.0
0.0
0.0
0.0
0.0
0.0
0.0
0.0
0.0
3.0303139885221534e-5
0.00011115955027377633
8.775262967245217e-5
5.923462220009521e-5
1.0585368010115977e-6
0.0
0.0
0.0
0.0
0.0
0.0
0.0
0.0
1.5438102763637646e-6
3.6401131145596504e-6
0.0
0.0
0.0
0.0
0.0
0.0
0.0
0.0
0.0
0.0002238078315228502
0.00031729131186906945
0.00022565736222120985
7.886122086664717e-5
2.3503286604304117e-6
0.0
0.0
0.0
0.0
0.0
0.0
0.0
4.1565711623442955e-6
4.920157169675302e-6
4.3838552458855685e-6
0.0
0.0
0.0
0.0
0.0
0.0
0.0
0.0
0.0
1.5169595712530596e-5
8.017470582216831e-5
3.1648172058024775e-5
0.0
0.0
0.0
0.0
0.0
0.0
0.0
0.0
0.0
3.4992740214465835e-6
3.5886100373945333e-6
1.5042906541716628e-6
0.0
0.0
0.0
0.0
0.0
0.0
0.0
0.0
0.0
5.6703017929288516e-6
3.857875043774616e-5
2.008060479865373e-6
0.0
0.0
0.0
0.0
0.0
0.0
1.0999129679817324e-5
8.12713784071944e-5
0.0001870620645980556
0.0002777637799842228
0.0003344623574725653
0.0003705877498259736
0.00031177565436858967
0.0
0.0
0.0
0.0
0.0
0.0
0.0
0.0
0.0008943174736022146
0.0008231288089013764
0.0007378520252671686
0.0006368252827595442
0.0005969986743405055
0.0005414606797218422
0.000500932409907289
0.000478563755415758
0.0004676333413095688
0.0004542786796238893
0.0004567636715222938
0.0004497959814297829
0.00044382941937119974
0.00044702247391637434
0.00044907462068547675
0.00030933962502561265
0.0
0.0
0.0
0.0
0.0
0.0
0.0
0.0
0.0003667702741360916
0.0003159140119074958
0.00020407682932997476
9.803059010842191e-5
6.241356475153459e-5
9.653388726240594e-6
0.0
0.0
0.0
0.0
0.0
0.0
1.727679398356248e-6
0.0
0.0
1.707487962878943e-7
0.0
0.0
0.0
0.0
0.0
0.0
0.0
0.0
0.0001066181913966258
0.00021995725183707881
0.00014618553470219955
2.9715604774209826e-5
0.0
0.0
0.0
0.0
0.0
0.0
0.0
1.8819475400528193e-6
4.102929707667041e-6
5.026695062742829e-6
0.0
0.0
0.0
0.0
0.0
0.0
0.0
0.0
0.0
0.0
4.216511909875655e-5
0.0001515701746460229
0.00011558717581966715
8.953645880226517e-5
9.559475197715127e-6
0.0
0.0
0.0
0.0
0.0
0.0
0.0
1.9771517370087745e-6
8.660701544728287e-6
1.121021183029268e-5
0.0
0.0
0.0
0.0
0.0
0.0
0.0
0.0
0.0
0.00047917720397689176
0.0005242744306412977
0.0004070037626054173
0.00022577113482276864
0.00012206270078231004
2.567172129537346e-5
0.0
0.0
0.0
0.0
0.0
0.0
1.9032013930471187e-6
6.286929886342266e-6
1.651734234850878e-5
1.888487770629548e-6
0.0
0.0
0.0
0.0
0.0
0.0
0.0
0.0
0.00041828113808176776
0.00044296372680257786
0.00032214640087702254
0.00010239450267403733
4.76839601981095e-6
0.0
0.0
0.0
0.0
0.0
0.0
0.0
0.0
3.4044603243024033e-6
3.7271750664119956e-6
0.0
0.0
0.0
0.0
0.0
0.0
0.0
0.0
0.0
0.00013723480856197404
0.00021065521090603392
0.00011177086736242552
2.0864230142203568e-6
0.0
0.0
0.0
0.0
0.0
0.0
0.0
0.0
0.0
0.0
4.0654888106327295e-6
0.0
0.0
0.0
0.0
0.0
0.0
0.0
0.0
0.0
2.7050684556240754e-5
0.00013143274526255982
9.390141444670031e-5
5.1510885322963906e-5
7.517548495079753e-5
8.683031482843682e-5
8.003853113198209e-5
7.096148957216426e-5
6.917003418876523e-5
5.167111511186787e-5
6.16078825226116e-5
9.587999616448815e-5
0.000162856798855317
0.00020549937127488786
0.0002642015508975884
0.00022979942348832577
0.0
0.0
0.0
0.0
0.0
0.0
0.0
0.0
0.0010013732836832508
0.0008980403721667419
0.0006880886447788508
0.0004709632893261542
0.00034433999472768915
0.00022340681978350976
0.00014343930214403308
8.514736726624695e-5
3.912690136578485e-5
1.6205875091691625e-6
0.0
0.0
1.9890676730550267e-5
7.712685711571648e-5
0.00020731650821151763
0.0001988600790586476
0.0
0.0
0.0
0.0
0.0
0.0
0.0
0.0
0.0007641231994200763
0.0006926742432842062
0.0005709703648498973
0.00042807419365766783
0.00025880602191582776
0.00013631986882450679
4.4198716551701484e-5
0.0
0.0
0.0
0.0
0.0
1.9960996226394753e-5
8.449116488022503e-5
0.00010576778334816974
2.615947150998993e-5
0.0
0.0
0.0
0.0
0.0
0.0
0.0
0.0
0.00017066015456024698
0.00028375635120465696
0.00019316719469830417
0.00011165891563223554
1.624589425037599e-5
0.0
0.0
0.0
0.0
0.0
0.0
2.135138430490515e-6
2.3208614753910618e-6
0.0
0.0
0.0
0.0
0.0
0.0
0.0
0.0
0.0
0.0
0.0
2.4654536791150188e-6
1.3215999886174942e-5
0.0
0.0
0.0
0.0
0.0
0.0
0.0
4.14795313254183e-6
2.4215472189726886e-6
0.0
5.554634859516703e-6
5.072658673441124e-6
2.4141176008218627e-6
5.281181395647374e-7
0.0
0.0
0.0
0.0
0.0
0.0
0.0
0.0
0.00048779244799438884
0.0005200414365903345
0.0004014068785337684
0.00024173236145657426
0.00014022696607449907
3.511469168356968e-5
0.0
0.0
0.0
0.0
0.0
0.0
1.6185636527042856e-6
8.621013888968844e-6
3.305923791252924e-5
1.9433102747398665e-5
0.0
0.0
0.0
0.0
0.0
0.0
0.0
0.0
0.0005802210455235023
0.0005809236089808874
0.0004223566055841665
0.00019610060326586285
7.679932904769577e-5
5.3544243939339705e-6
0.0
0.0
0.0
0.0
0.0
0.0
5.366958455075726e-6
5.505107213147624e-6
2.7567023356104637e-5
1.394861939635946e-5
0.0
0.0
0.0
0.0
0.0
0.0
0.0
0.0
0.00025531581700613185
0.0003218015431628841
0.00022558872774844948
7.563738425901836e-5
3.249176183929891e-6
0.0
0.0
0.0
0.0
0.0
0.0
0.0
0.0
0.0
0.0
0.0
0.0
0.0
0.0
0.0
0.0
0.0
0.0
0.0
2.929900644140279e-5
0.00012059750705753601
0.0001630148530504004
0.00013207042398324465
0.00010000045347330568
5.414172189545695e-5
1.4777284346457329e-5
0.0
0.0
0.0
0.0
0.0
1.6698578686660937e-6
7.763381581963606e-6
1.1909996288386197e-5
0.0
0.0
0.0
0.0
0.0
0.0
0.0
0.0
0.0
0.0004447772874469685
0.0004398618621269587
0.0002545314752683756
6.197589646912147e-5
0.0
0.0
0.0
0.0
0.0
0.0
0.0
0.0
0.0
6.997382839218293e-6
8.14249304453617e-6
0.0
0.0
0.0
0.0
0.0
0.0
0.0
0.0
0.0
0.0001330033471114339
0.00024325266488609609
0.000131905719921262
4.8713593262023294e-5
0.0
0.0
0.0
0.0
0.0
0.0
0.0
0.0
0.0
8.752185108958222e-6
8.284777207655739e-6
0.0
0.0
0.0
0.0
0.0
0.0
0.0
0.0
0.0
7.967249900731693e-6
7.589708590805829e-5
2.2304497496998762e-5
0.0
0.0
0.0
0.0
0.0
0.0
0.0
0.0
0.0
0.0
0.0
0.0
0.0
0.0
0.0
0.0
0.0
0.0
0.0
0.0
0.0
4.693723641349857e-5
0.00017011976559932795
0.00012125722161355866
4.793390354357449e-5
1.3943572874172186e-5
0.0
0.0
0.0
0.0
0.0
0.0
0.0
3.5933279239662216e-6
1.953344858344136e-6
0.0
0.0
0.0
0.0
0.0
0.0
0.0
0.0
0.0
0.0
5.931020343476618e-5
0.00011751032129247006
4.917422768160998e-5
0.0
0.0
0.0
0.0
0.0
0.0
0.0
0.0
0.0
1.8624476295175732e-6
0.0
0.0
0.0
0.0
0.0
0.0
0.0
0.0
0.0
0.0
0.0
2.2125237378898657e-6
5.862437175244518e-6
0.0
0.0
0.0
0.0
0.0
0.0
0.0
0.0
0.0
0.0
0.0
0.0
3.2400506788746963e-6
0.0
0.0
0.0
0.0
0.0
0.0
0.0
0.0
0.0
7.146568185676316e-6
7.731805809014015e-5
4.247129352776044e-6
0.0
0.0
0.0
0.0
0.0
0.0
0.0
0.0
0.0
0.0
0.0
3.44762889167451e-6
0.0
0.0
0.0
0.0
0.0
0.0
0.0
0.0
0.0
0.0
4.5612613746646085e-5
0.0
0.0
0.0
0.0
0.0
0.0
0.0
0.0
0.0
0.0
0.0
1.5140431711525473e-6
3.5609982517494924e-6
0.0
0.0
0.0
0.0
0.0
0.0
0.0
0.0
0.0
1.4220177278078424e-7
1.3092021213005711e-5
0.0
0.0
0.0
0.0
0.0
0.0
0.0
0.0
0.0
0.0
4.681948883953904e-6
3.63063049329695e-6
3.1274160121955697e-6
0.0
0.0
0.0
0.0
0.0
0.0
0.0
0.0
0.0
1.6196177060325735e-6
6.0559907014240986e-6
0.0
0.0
0.0
0.0
0.0
0.0
0.0
0.0
0.0
0.0
0.0
0.0
0.0
0.0
0.0
0.0
0.0
0.0
0.0
0.0
0.0
0.0
1.8723870375094293e-6
6.1986364352351e-6
0.0
0.0
0.0
0.0
0.0
0.0
0.0
0.0
0.0
0.0
0.0
0.0
0.0
0.0
0.0
0.0
0.0
0.0
0.0
0.0
0.0
0.0
0.0
7.75944783182686e-6
0.0
0.0
0.0
0.0
0.0
0.0
7.5640036669345665e-6
0.0
0.0
0.0
2.1610783283889792e-6
0.0
1.5182463078410995e-5
0.0
0.0
0.0
0.0
0.0
0.0
0.0
0.0
0.0
7.629071050950894e-5
0.00015052644112883678
4.8712599386578365e-5
0.0
0.0
0.0
0.0
0.0
0.0
0.0
0.0
0.0
0.0
0.0
1.8198366513048925e-6
2.2797414499093507e-6
0.0
0.0
0.0
0.0
0.0
0.0
0.0
0.0
0.00030306169396296064
0.00034368070030611644
0.00020851479364836174
2.7361911600103304e-5
0.0
0.0
0.0
0.0
0.0
0.0
0.0
0.0
0.0
0.0
1.512944128306593e-6
0.0
0.0
0.0
0.0
0.0
0.0
0.0
0.0
0.0
0.0
6.092523681655686e-6
0.0
0.0
0.0
0.0
0.0
0.0
0.0
0.0
0.0
0.0
0.0
0.0
0.0
0.0
0.0
0.0
0.0
0.0
0.0
0.0
0.0
0.0
0.0
4.363207024641616e-6
0.0
0.0
0.0
0.0
0.0
0.0
0.0
0.0
0.0
0.0
0.0
0.0
0.0
0.0
0.0
0.0
0.0
0.0
0.0
0.0
0.0
0.0
0.0
5.118757769558854e-6
0.0
0.0
0.0
0.0
0.0
0.0
0.0
0.0
0.0
0.0
0.0
0.0
0.0
0.0
0.0
0.0
0.0
0.0
0.0
0.0
0.0
0.0
0.0
5.255369492936297e-6
0.0
0.0
0.0
0.0
0.0
0.0
0.0
0.0
0.0
0.0
0.0
0.0
0.0
0.0
0.0
0.0
0.0
0.0
0.0
0.0
0.0
0.0
0.0
6.088297256139751e-6
0.0
0.0
0.0
0.0
0.0
0.0
0.0
0.0
0.0
0.0
0.0
0.0
0.0
0.0
0.0
0.0
0.0
0.0
0.0
0.0
0.0
0.0
0.0
6.619945964225368e-6
0.0
0.0
0.0
0.0
0.0
0.0
0.0
0.0
0.0
0.0
0.0
1.6386375775865613e-6
4.405487562537469e-6
0.0
0.0
0.0
0.0
0.0
0.0
0.0
0.0
0.0
7.508347331173297e-6
4.5906023432301195e-5
0.0
0.0
0.0
0.0
0.0
0.0
0.0
0.0
0.0
0.0
0.0
0.0
3.678979304962333e-6
0.0
0.0
0.0
0.0
0.0
0.0
0.0
0.0
0.0
1.9113132306191275e-6
3.294679611210658e-5
1.6159025259105844e-6
0.0
0.0
0.0
0.0
0.0
0.0
0.0
0.0
0.0
0.0
0.0
0.0
0.0
0.0
0.0
0.0
0.0
0.0
0.0
0.0
0.0
1.909998802695174e-7
6.382305824443803e-5
2.6487027760225287e-5
0.0
0.0
0.0
0.0
0.0
0.0
0.0
0.0
0.0
0.0
1.5687360938633977e-6
3.2076289938446435e-6
0.0
0.0
0.0
0.0
0.0
0.0
0.0
0.0
0.0
0.0
5.774013783722649e-6
0.0
0.0
0.0
0.0
0.0
0.0
0.0
0.0
0.0
0.0
0.0
0.0
0.0
0.0
0.0
0.0
0.0
0.0
0.0
0.0
0.0
0.0
0.0
5.1811720781553045e-6
0.0
0.0
0.0
0.0
0.0
0.0
0.0
0.0
0.0
3.97069266865976e-6
6.98746173522835e-6
0.0
0.0
0.0
0.0
0.0
0.0
0.0
0.0
0.0
0.0
0.0
0.00025835067500138884
0.000326365271961667
0.00019943063983312282
4.712474326553564e-5
0.0
0.0
0.0
0.0
0.0
0.0
0.0
0.0
1.6632489208409741e-6
3.931509309953838e-6
8.629289658864455e-6
0.0
0.0
0.0
0.0
0.0
0.0
0.0
0.0
0.0
0.0005398271460636426
0.0004746447701414695
0.00026092037380122076
5.1022299786735137e-5
0.0
0.0
0.0
0.0
0.0
0.0
0.0
0.0
0.0
3.821174422678678e-6
4.224214160153007e-6
0.0
0.0
0.0
0.0
0.0
0.0
0.0
0.0
0.0
0.00025062183103148394
0.00027724662854904445
0.00010080312837694811
0.0
0.0
0.0
0.0
0.0
0.0
0.0
0.0
0.0
0.0
0.0
0.0
0.0
0.0
0.0
0.0
0.0
0.0
0.0
0.0
0.0
0.0
5.130324532008096e-6
0.0
0.0
0.0
0.0
0.0
0.0
0.0
0.0
0.0
0.0
0.0
0.0
0.0
0.0
0.0
0.0
0.0
0.0
0.0
0.0
0.0
0.0
0.0
2.5699590955020124e-5
4.260048025109722e-5
5.102348337237502e-5
3.1065146091732354e-6
0.0
0.0
0.0
0.0
0.0
0.0
0.0
0.0
6.75514307999083e-6
9.216912719946046e-6
0.0
0.0
0.0
0.0
0.0
0.0
0.0
0.0
0.0
4.935354123811711e-5
0.0001269700464307803
5.115739761409436e-5
0.0
0.0
0.0
0.0
0.0
0.0
0.0
0.0
0.0
0.0
0.0
0.0
0.0
0.0
0.0
0.0
0.0
0.0
0.0
0.0
0.0
0.0
3.760236506964801e-5
0.0
0.0
0.0
0.0
0.0
0.0
0.0
0.0
0.0
0.0
0.0
0.0
0.0
0.0
0.0
0.0
0.0
0.0
0.0
0.0
0.0
0.0
0.0
4.105432115076844e-6
0.0
0.0
0.0
0.0
0.0
0.0
0.0
0.0
0.0
0.0
0.0
0.0
0.0
0.0
0.0
0.0
0.0
0.0
0.0
0.0
0.0
0.0
0.0
3.456424135439241e-6
0.0
0.0
0.0
0.0
0.0
0.0
0.0
0.0
0.0
0.0
0.0
0.0
0.0
0.0
0.0
0.0
0.0
0.0
0.0
0.0
0.0
0.0
0.0
5.966307969160353e-6
0.0
0.0
0.0
0.0
0.0
0.0
0.0
0.0
0.0
0.0
0.0
1.6921004217034122e-6
8.419853531638678e-6
0.0
0.0
0.0
0.0
0.0
0.0
0.0
0.0
0.0
0.0002880277520893992
0.00033429363773374693
0.00019944616132259356
7.161440438927113e-5
1.6343778262167983e-6
0.0
0.0
0.0
0.0
0.0
0.0
0.0
0.0
5.2642932660799824e-6
7.824273783391796e-6
0.0
0.0
0.0
0.0
0.0
0.0
0.0
0.0
0.0
0.00016754739564915096
0.0002570107913572998
0.00012636007136610273
6.130438054333765e-5
0.0
0.0
0.0
0.0
0.0
0.0
0.0
0.0
1.925539315160824e-6
3.3944790645667795e-6
4.436348331141168e-6
0.0
0.0
0.0
0.0
0.0
0.0
0.0
0.0
0.0
9.298261284106884e-6
7.639464793203226e-5
3.057802986144469e-6
0.0
0.0
0.0
0.0
0.0
0.0
0.0
0.0
0.0
1.6217295876429013e-6
0.0
0.0
0.0
0.0
0.0
0.0
0.0
0.0
0.0
0.0
0.0
0.0
6.132073410114594e-6
0.0
0.0
0.0
0.0
0.0
0.0
0.0
0.0
0.0
0.0
0.0
0.0
0.0
0.0
0.0
0.0
0.0
0.0
0.0
0.0
0.0
0.0
0.0
6.163378894643011e-6
0.0
0.0
0.0
0.0
0.0
0.0
0.0
0.0
0.0
0.0
0.0
0.0
0.0
0.0
0.0
0.0
0.0
0.0
0.0
0.0
0.0
0.0
0.0
4.41850912497982e-6
0.0
0.0
0.0
0.0
0.0
0.0
0.0
0.0
0.0
0.0
0.0
0.0
0.0
0.0
0.0
0.0
0.0
0.0
0.0
0.0
0.0
0.0
0.0
5.1089786902631555e-6
0.0
0.0
0.0
0.0
0.0
0.0
0.0
0.0
0.0
0.0
0.0
0.0
0.0
0.0
0.0
0.0
0.0
0.0
0.0
0.0
0.0
0.0
0.0
5.0595437920630015e-6
0.0
0.0
0.0
0.0
0.0
0.0
0.0
0.0
0.0
0.0
0.0
0.0
0.0
0.0
0.0
0.0
0.0
0.0
0.0
0.0
0.0
0.0
0.0
3.965668705719314e-6
0.0
0.0
0.0
0.0
0.0
0.0
0.0
0.0
0.0
0.0
0.0
0.0
0.0
0.0
0.0
0.0
0.0
0.0
0.0
0.0
0.0
0.0
1.2033024302689653e-6
5.195660530645349e-6
0.0
0.0
0.0
0.0
0.0
0.0
0.0
0.0
0.0
3.3307455626725806e-6
4.079321727292329e-6
0.0
0.0
0.0
0.0
0.0
0.0
0.0
0.0
0.0
0.0
0.0
1.518958251413679e-6
6.047244017116726e-6
0.0
0.0
0.0
0.0
0.0
0.0
0.0
0.0
0.0
0.0
0.0
0.0
0.0
0.0
0.0
0.0
0.0
0.0
0.0
0.0
0.0
0.0
0.0
5.814465194824302e-6
0.0
0.0
0.0
0.0
0.0
0.0
0.0
0.0
0.0
0.0
0.0
0.0
0.0
0.0
0.0
0.0
0.0
0.0
0.0
0.0
0.0
0.0
0.0
4.943540303524953e-6
0.0
0.0
0.0
0.0
0.0
0.0
0.0
0.0
0.0
0.0
0.0
0.0
0.0
0.0
0.0
0.0
0.0
0.0
0.0
0.0
0.0
0.0
0.0
4.072661859941876e-6
0.0
0.0
0.0
0.0
0.0
0.0
0.0
0.0
0.0
0.0
0.0
0.0
0.0
0.0
0.0
0.0
0.0
0.0
0.0
0.0
0.0
0.0
0.0
4.753175403394316e-6
0.0
0.0
0.0
0.0
0.0
0.0
0.0
0.0
0.0
0.0
0.0
0.0
0.0
0.0
0.0
0.0
0.0
0.0
0.0
0.0
0.0
0.0
0.0
4.572816889253179e-6
0.0
0.0
0.0
0.0
0.0
0.0
0.0
0.0
0.0
0.0
0.0
0.0
0.0
0.0
0.0
0.0
0.0
0.0
0.0
0.0
0.0
0.0
3.8440147870942785e-6
1.1358777185353486e-5
0.0
0.0
0.0
0.0
0.0
0.0
0.0
0.0
0.0
0.0
0.0
0.0
0.0
0.0
0.0
0.0
0.0
0.0
0.0
0.0
0.0
0.0
5.45634160693269e-6
3.173763042501712e-5
0.0
0.0
0.0
0.0
0.0
0.0
0.0
0.0
0.0
0.0
0.0
0.0
0.0
0.0
0.0
0.0
0.0
0.0
0.0
0.0
0.0
0.0
0.0
2.949067225874197e-6
0.0
0.0
0.0
0.0
0.0
0.0
0.0
0.0
0.0
0.0
0.0
0.0
0.0
0.0
0.0
0.0
0.0
0.0
0.0
0.0
0.0
0.0
0.0
4.496693534840602e-6
0.0
0.0
0.0
0.0
0.0
0.0
0.0
0.0
0.0
0.0
0.0
0.0
0.0
0.0
0.0
0.0
0.0
0.0
0.0
0.0
0.0
0.0
0.0
5.570087594201287e-6
0.0
0.0
0.0
0.0
0.0
0.0
0.0
0.0
0.0
0.0
0.0
0.0
0.0
0.0
0.0
0.0
0.0
0.0
0.0
0.0
0.0
0.0
0.0
3.7096088667925253e-6
0.0
0.0
0.0
0.0
0.0
0.0
0.0
0.0
0.0
0.0
0.0
0.0
0.0
0.0
0.0
0.0
0.0
0.0
0.0
0.0
0.0
0.0
0.0
3.644542704198001e-6
0.0
0.0
0.0
0.0
0.0
0.0
0.0
0.0
0.0
0.0
0.0
0.0
0.0
0.0
0.0
0.0
0.0
0.0
0.0
0.0
0.0
0.0
0.0
3.8118626127794776e-6
0.0
0.0
0.0
0.0
0.0
0.0
0.0
0.0
0.0
0.0
0.0
0.0
0.0
0.0
0.0
0.0
0.0
0.0
0.0
0.0
0.0
0.0
0.0
5.536525399584444e-6
0.0
0.0
0.0
0.0
0.0
0.0
0.0
0.0
0.0
0.0
0.0
0.0
0.0
0.0
0.0
0.0
0.0
0.0
0.0
0.0
0.0
0.0
0.0
3.8721275558801e-6
0.0
0.0
0.0
0.0
0.0
0.0
0.0
0.0
0.0
0.0
0.0
0.0
0.0
0.0
0.0
0.0
0.0
0.0
0.0
0.0
0.0
0.0
0.0
3.5605369296857935e-6
0.0
0.0
0.0
0.0
0.0
0.0
0.0
0.0
0.0
0.0
0.0
0.0
0.0
0.0
0.0
0.0
0.0
0.0
0.0
0.0
0.0
0.0
0.0
3.941884643290957e-6
0.0
0.0
0.0
0.0
0.0
0.0
0.0
0.0
0.0
0.0
0.0
0.0
0.0
0.0
0.0
0.0
0.0
0.0
0.0
0.0
0.0
0.0
0.0
4.827667554282691e-6
0.0
0.0
0.0
0.0
0.0
0.0
0.0
0.0
0.0
0.0
0.0
0.0
0.0
0.0
0.0
0.0
0.0
0.0
0.0
0.0
0.0
0.0
0.0
4.603579717923409e-6
0.0
0.0
0.0
0.0
0.0
0.0
0.0
0.0
0.0
0.0
0.0
0.0
0.0
0.0
0.0
0.0
0.0
0.0
0.0
0.0
0.0
0.0
1.5300608668402045e-6
5.275445701848469e-6
0.0
0.0
0.0
0.0
0.0
0.0
0.0
0.0
0.0
0.0
0.0
0.0
0.0
0.0
0.0
0.0
0.0
0.0
0.0
0.0
0.0
0.0
0.0
4.026268048891924e-6
0.0
0.0
0.0
0.0
0.0
0.0
0.0
0.0
0.0
0.0
0.0
0.0
0.0
0.0
0.0
0.0
0.0
0.0
0.0
0.0
0.0
0.0
0.0
3.917081764927701e-6
0.0
0.0
0.0
0.0
0.0
0.0
0.0
0.0
0.0
0.0
0.0
0.0
0.0
0.0
0.0
0.0
0.0
0.0
0.0
0.0
0.0
0.0
0.0
4.654599150554807e-6
0.0
0.0
0.0
0.0
0.0
0.0
0.0
0.0
0.0
0.0
0.0
0.0
0.0
0.0
0.0
0.0
0.0
0.0
0.0
0.0
0.0
0.0
1.5535657058918328e-6
4.810759666364808e-6
0.0
0.0
0.0
0.0
0.0
0.0
0.0
0.0
0.0
0.0
0.0
0.0
0.0
0.0
0.0
0.0
0.0
0.0
0.0
0.0
0.0
0.0
0.0
4.74678024481004e-6
0.0
0.0
0.0
0.0
0.0
0.0
0.0
0.0
0.0
0.0
0.0
0.0
0.0
0.0
0.0
0.0
0.0
0.0
0.0
0.0
0.0
0.0
0.0
3.6299205382645165e-6
0.0
0.0
0.0
0.0
0.0
0.0
0.0
0.0
0.0
0.0
0.0
0.0
0.0
0.0
0.0
0.0
0.0
0.0
0.0
0.0
0.0
0.0
0.0
3.874301238161138e-6
0.0
0.0
0.0
0.0
0.0
0.0
0.0
0.0
0.0
0.0
0.0
0.0
0.0
0.0
0.0
0.0
0.0
0.0
0.0
0.0
0.0
0.0
0.0
3.871308985745391e-6
0.0
0.0
0.0
0.0
0.0
0.0
0.0
0.0
0.0
0.0
0.0
0.0
0.0
0.0
0.0
0.0
0.0
0.0
0.0
0.0
0.0
0.0
0.0
4.0506853862811744e-6
0.0
0.0
0.0
0.0
0.0
0.0
0.0
0.0
0.0
0.0
0.0
0.0
0.0
0.0
0.0
0.0
0.0
0.0
0.0
0.0
0.0
0.0
0.0
3.8109653326452655e-6
0.0
0.0
0.0
0.0
0.0
0.0
0.0
0.0
0.0
0.0
0.0
0.0
0.0
0.0
0.0
0.0
0.0
0.0
0.0
0.0
0.0
0.0
0.0
3.7377442930009193e-6
0.0
0.0
0.0
0.0
0.0
0.0
0.0
0.0
0.0
0.0
0.0
0.0
0.0
0.0
0.0
0.0
0.0
0.0
0.0
0.0
0.0
0.0
0.0
4.201909868045447e-6
0.0
0.0
0.0
0.0
0.0
0.0
0.0
0.0
0.0
0.0
0.0
1.5705364936637979e-6
0.0
0.0
0.0
0.0
0.0
0.0
0.0
0.0
0.0
0.0
0.0
5.379549992342753e-6
0.0
0.0
0.0
0.0
0.0
0.0
0.0
0.0
0.0
5.638442738671624e-6
2.2037433273256133e-6
0.0
0.0
0.0
0.0
0.0
0.0
0.0
0.0
0.0
0.0
0.0
1.5845335168608288e-6
5.002839423456801e-6
0.0
0.0
0.0
0.0
0.0
0.0
0.0
0.0
0.0
0.0
0.0
0.0
0.0
0.0
0.0
0.0
0.0
0.0
0.0
0.0
0.0
0.0
0.0
3.372747133218656e-6
0.0
0.0
0.0
0.0
0.0
0.0
0.0
0.0
0.0
0.0
0.0
0.0
0.0
0.0
0.0
0.0
0.0
0.0
0.0
0.0
0.0
0.0
0.0
3.4441752623321447e-6
0.0
0.0
0.0
0.0
0.0
0.0
0.0
0.0
0.0
0.0
0.0
0.0
0.0
0.0
0.0
0.0
0.0
0.0
0.0
0.0
0.0
0.0
0.0
1.1148698756773066e-6
0.0
0.0
0.0
0.0
0.0
0.0
0.0
0.0
0.0
0.0
0.0
0.0
0.0
0.0
0.0
0.0
0.0
0.0
0.0
0.0
0.0
0.0
0.0
3.4693395111853107e-6
0.0
0.0
0.0
0.0
0.0
0.0
0.0
0.0
0.0
0.0
0.0
0.0
0.0
0.0
0.0
0.0
0.0
0.0
0.0
0.0
0.0
0.0
0.0
5.241730764055746e-6
0.0
0.0
0.0
0.0
0.0
0.0
0.0
0.0
0.0
0.0
0.0
1.6121813994183046e-6
0.0
0.0
0.0
0.0
0.0
0.0
0.0
0.0
0.0
0.0
0.0
5.2866790873710154e-6
0.0
0.0
0.0
0.0
0.0
0.0
0.0
0.0
0.0
0.0
0.0
0.0
0.0
0.0
0.0
0.0
0.0
0.0
0.0
0.0
0.0
0.0
0.0
4.075671316213659e-6
0.0
0.0
0.0
0.0
0.0
0.0
0.0
0.0
0.0
0.0
0.0
0.0
0.0
0.0
0.0
0.0
0.0
0.0
0.0
0.0
0.0
0.0
0.0
4.019932338610442e-6
0.0
0.0
0.0
0.0
0.0
0.0
0.0
0.0
0.0
0.0
0.0
0.0
0.0
0.0
0.0
0.0
0.0
0.0
0.0
0.0
0.0
0.0
0.0
3.90434984404143e-6
0.0
0.0
0.0
0.0
0.0
0.0
0.0
0.0
0.0
0.0
0.0
0.0
0.0
0.0
0.0
0.0
0.0
0.0
0.0
0.0
0.0
0.0
0.0
3.905952459172886e-6
0.0
0.0
0.0
0.0
0.0
0.0
0.0
0.0
0.0
0.0
0.0
0.0
0.0
0.0
0.0
0.0
0.0
0.0
0.0
0.0
0.0
0.0
0.0
5.9533307032303925e-6
0.0
0.0
0.0
0.0
0.0
0.0
0.0
0.0
0.0
0.0
0.0
0.0
0.0
0.0
0.0
0.0
0.0
0.0
0.0
0.0
0.0
0.0
0.0
4.8417401285301635e-6
0.0
0.0
0.0
0.0
0.0
0.0
0.0
0.0
0.0
0.0
0.0
0.0
0.0
0.0
0.0
0.0
0.0
0.0
0.0
0.0
0.0
0.0
0.0
1.0364079277901314e-6
0.0
0.0
0.0
0.0
0.0
0.0
0.0
0.0
0.0
0.0
0.0
0.0
0.0
0.0
0.0
0.0
0.0
0.0
0.0
0.0
0.0
0.0
0.0
1.0933436369583577e-6
0.0
0.0
0.0
0.0
0.0
0.0
0.0
0.0
0.0
0.0
0.0
0.0
0.0
0.0
0.0
0.0
0.0
0.0
0.0
0.0
0.0
0.0
0.0
1.328832299503012e-6
0.0
0.0
0.0
0.0
0.0
0.0
0.0
0.0
0.0
0.0
0.0
0.0
0.0
0.0
0.0
0.0
0.0
0.0
0.0
0.0
0.0
0.0
0.0
3.874913918352669e-6
0.0
0.0
0.0
0.0
0.0
0.0
0.0
0.0
0.0
0.0
0.0
0.0
0.0
0.0
0.0
0.0
0.0
0.0
0.0
0.0
0.0
0.0
0.0
3.9976171769075925e-6
0.0
0.0
0.0
0.0
0.0
0.0
0.0
0.0
0.0
0.0
0.0
0.0
0.0
0.0
0.0
0.0
0.0
0.0
0.0
0.0
0.0
0.0
0.0
4.320780882486754e-6
0.0
0.0
0.0
0.0
0.0
0.0
0.0
0.0
0.0
0.0
0.0
0.0
0.0
0.0
0.0
0.0
0.0
0.0
0.0
0.0
0.0
0.0
0.0
5.258634427528952e-6
0.0
0.0
0.0
0.0
0.0
0.0
0.0
0.0
0.0
0.0
0.0
0.0
0.0
0.0
0.0
0.0
0.0
0.0
0.0
0.0
0.0
0.0
0.0
3.4978228635812143e-6
0.0
0.0
0.0
0.0
0.0
0.0
0.0
0.0
0.0
0.0
0.0
0.0
0.0
0.0
0.0
0.0
0.0
0.0
0.0
0.0
0.0
0.0
0.0
3.9102487405833826e-6
0.0
0.0
0.0
0.0
0.0
0.0
0.0
0.0
0.0
0.0
0.0
0.0
0.0
0.0
0.0
0.0
0.0
0.0
0.0
0.0
0.0
0.0
0.0
4.832015195084371e-6
0.0
0.0
0.0
0.0
0.0
0.0
0.0
0.0
0.0
0.0
0.0
0.0
0.0
0.0
0.0
0.0
0.0
0.0
0.0
0.0
0.0
0.0
0.0
3.851678812355487e-6
0.0
0.0
0.0
0.0
0.0
0.0
0.0
0.0
0.0
0.0
0.0
0.0
0.0
0.0
0.0
0.0
0.0
0.0
0.0
0.0
0.0
0.0
0.0
3.974857136616289e-6
0.0
0.0
0.0
0.0
0.0
0.0
0.0
0.0
0.0
0.0
0.0
0.0
0.0
0.0
0.0
0.0
0.0
0.0
0.0
0.0
0.0
0.0
0.0
3.7199990660553716e-6
0.0
0.0
0.0
0.0
0.0
0.0
0.0
0.0
0.0
0.0
0.0
0.0
0.0
0.0
0.0
0.0
0.0
0.0
0.0
0.0
0.0
0.0
0.0
4.0580107504504404e-6
0.0
0.0
0.0
0.0
0.0
0.0
0.0
0.0
0.0
0.0
0.0
0.0
0.0
0.0
0.0
0.0
0.0
0.0
0.0
0.0
0.0
0.0
0.0
4.076669579729519e-6
0.0
0.0
0.0
0.0
0.0
0.0
0.0
0.0
0.0
0.0
0.0
0.0
0.0
0.0
0.0
0.0
0.0
0.0
0.0
0.0
0.0
0.0
0.0
4.060263372770232e-6
0.0
0.0
0.0
0.0
0.0
0.0
0.0
0.0
0.0
0.0
0.0
0.0
0.0
0.0
0.0
0.0
0.0
0.0
0.0
0.0
0.0
0.0
0.0
6.262042274608629e-6
0.0
0.0
0.0
0.0
0.0
0.0
0.0
0.0
0.0
0.0
0.0
0.0
0.0
0.0
0.0
0.0
0.0
0.0
0.0
0.0
0.0
0.0
1.4515707213382596e-6
3.656073568011317e-6
0.0
0.0
0.0
0.0
0.0
0.0
0.0
0.0
0.0
0.0
0.0
0.0
0.0
0.0
0.0
0.0
0.0
0.0
0.0
0.0
0.0
0.0
1.2698584271609405e-6
3.957239186827658e-6
0.0
0.0
0.0
0.0
0.0
0.0
0.0
0.0
0.0
0.0
0.0
0.0
0.0
0.0
0.0
0.0
0.0
0.0
0.0
0.0
0.0
0.0
0.0
4.204264730781463e-6
0.0
0.0
0.0
0.0
0.0
0.0
0.0
0.0
0.0
0.0
0.0
0.0
0.0
0.0
0.0
0.0
0.0
0.0
0.0
0.0
0.0
0.0
0.0
3.3411267528668088e-6
0.0
0.0
0.0
0.0
0.0
0.0
0.0
0.0
0.0
0.0
0.0
0.0
0.0
0.0
0.0
0.0
0.0
0.0
0.0
0.0
0.0
0.0
0.0
3.7792404682726074e-6
0.0
0.0
0.0
0.0
0.0
0.0
0.0
0.0
0.0
0.0
0.0
0.0
0.0
0.0
0.0
0.0
0.0
0.0
0.0
0.0
0.0
0.0
0.0
4.245467943846779e-6
0.0
0.0
0.0
0.0
0.0
0.0
0.0
0.0
0.0
0.0
0.0
0.0
0.0
0.0
0.0
0.0
0.0
0.0
0.0
0.0
0.0
0.0
0.0
6.663206415434816e-6
0.0
0.0
0.0
0.0
0.0
0.0
0.0
0.0
0.0
0.0
0.0
0.0
0.0
0.0
0.0
0.0
0.0
0.0
0.0
0.0
0.0
0.0
2.7145415461391844e-5
0.00010876163612485696
1.4558421970098214e-5
0.0
0.0
0.0
0.0
0.0
0.0
0.0
0.0
0.0
0.0
0.0
2.17952439734755e-6
0.0
0.0
0.0
0.0
0.0
0.0
0.0
0.0
0.0
2.7572730678074946e-5
0.00010797453959486854
9.333876165170688e-6
0.0
0.0
0.0
0.0
0.0
0.0
0.0
0.0
0.0
0.0
0.0
0.0
0.0
0.0
0.0
0.0
0.0
0.0
0.0
0.0
0.0
0.0
3.0175078400330222e-5
0.0
0.0
0.0
0.0
0.0
0.0
0.0
0.0
0.0
0.0
0.0
0.0
0.0
0.0
0.0
0.0
0.0
0.0
0.0
0.0
0.0
0.0
3.154719863832704e-6
5.8883939266463474e-5
2.144329788372283e-6
0.0
0.0
0.0
0.0
0.0
0.0
0.0
0.0
0.0
0.0
0.0
0.0
0.0
0.0
0.0
0.0
0.0
0.0
0.0
0.0
0.0
0.0
5.186499761246561e-6
0.0
0.0
0.0
0.0
0.0
0.0
0.0
0.0
0.0
0.0
0.0
0.0
0.0
0.0
0.0
0.0
0.0
0.0
0.0
0.0
0.0
0.0
0.0
5.095574429130948e-6
0.0
0.0
0.0
0.0
0.0
0.0
0.0
0.0
0.0
0.0
0.0
0.0
0.0
0.0
0.0
0.0
0.0
0.0
0.0
0.0
0.0
0.0
0.0
3.5341328568519016e-6
0.0
0.0
0.0
0.0
0.0
0.0
0.0
0.0
0.0
0.0
0.0
0.0
0.0
0.0
0.0
0.0
0.0
0.0
0.0
0.0
0.0
0.0
0.0
5.2140164742674725e-6
0.0
0.0
0.0
0.0
0.0
0.0
0.0
0.0
0.0
0.0
0.0
0.0
0.0
0.0
0.0
0.0
0.0
0.0
0.0
0.0
0.0
0.0
0.0
4.259690197609298e-6
0.0
0.0
0.0
0.0
0.0
0.0
0.0
0.0
0.0
0.0
0.0
0.0
0.0
0.0
0.0
0.0
0.0
0.0
0.0
0.0
0.0
0.0
0.0
3.782727619820297e-6
0.0
0.0
0.0
0.0
0.0
0.0
0.0
0.0
0.0
0.0
0.0
0.0
0.0
0.0
0.0
0.0
0.0
0.0
0.0
0.0
0.0
0.0
0.0
4.186893878762373e-6
0.0
0.0
0.0
0.0
0.0
0.0
0.0
0.0
0.0
0.0
0.0
0.0
0.0
0.0
0.0
0.0
0.0
0.0
0.0
0.0
0.0
0.0
0.0
3.944892283311406e-6
0.0
0.0
0.0
0.0
0.0
0.0
0.0
0.0
0.0
0.0
0.0
0.0
0.0
0.0
0.0
0.0
0.0
0.0
0.0
0.0
0.0
0.0
0.0
3.877895658263348e-6
0.0
0.0
0.0
0.0
0.0
0.0
0.0
0.0
0.0
0.0
0.0
0.0
0.0
0.0
0.0
0.0
0.0
0.0
0.0
0.0
0.0
0.0
0.0
4.094904289778257e-6
0.0
0.0
0.0
0.0
0.0
0.0
0.0
0.0
0.0
0.0
0.0
0.0
0.0
0.0
0.0
0.0
0.0
0.0
0.0
0.0
0.0
0.0
0.0
4.143666101789292e-6
0.0
0.0
0.0
0.0
0.0
0.0
0.0
0.0
0.0
0.0
0.0
0.0
0.0
0.0
0.0
0.0
0.0
0.0
0.0
0.0
0.0
0.0
0.0
3.4114008462779856e-6
0.0
0.0
0.0
0.0
0.0
0.0
0.0
0.0
0.0
0.0
0.0
0.0
0.0
0.0
0.0
0.0
0.0
0.0
0.0
0.0
0.0
0.0
0.0
3.947747329344609e-6
0.0
0.0
0.0
0.0
0.0
0.0
0.0
0.0
0.0
0.0
0.0
0.0
0.0
0.0
0.0
0.0
0.0
0.0
0.0
0.0
0.0
0.0
0.0
4.427253149879437e-6
0.0
0.0
0.0
0.0
0.0
0.0
0.0
0.0
0.0
0.0
0.0
0.0
0.0
0.0
0.0
0.0
0.0
0.0
0.0
0.0
0.0
0.0
0.0
3.81685882663357e-6
0.0
0.0
0.0
0.0
0.0
0.0
0.0
0.0
0.0
0.0
0.0
0.0
0.0
0.0
0.0
0.0
0.0
0.0
0.0
0.0
0.0
0.0
0.0
3.893458797351335e-6
0.0
0.0
0.0
0.0
0.0
0.0
0.0
0.0
0.0
0.0
0.0
0.0
0.0
0.0
0.0
0.0
0.0
0.0
0.0
0.0
0.0
0.0
0.0
4.149565502685087e-6
0.0
0.0
0.0
0.0
0.0
0.0
0.0
0.0
0.0
0.0
0.0
0.0
0.0
0.0
0.0
0.0
0.0
0.0
0.0
0.0
0.0
0.0
1.4160641435243557e-6
5.437251144128538e-6
0.0
0.0
0.0
0.0
0.0
0.0
0.0
0.0
0.0
0.0
0.0
0.0
0.0
0.0
0.0
0.0
0.0
0.0
0.0
0.0
0.0
0.0
1.3823160309914536e-6
3.879364087360265e-6
0.0
0.0
0.0
0.0
0.0
0.0
0.0
0.0
0.0
0.0
0.0
0.0
0.0
0.0
0.0
0.0
0.0
0.0
0.0
0.0
0.0
0.0
0.0
3.983096343745918e-6
0.0
0.0
0.0
0.0
0.0
0.0
0.0
0.0
0.0
0.0
0.0
0.0
0.0
0.0
0.0
0.0
0.0
0.0
0.0
0.0
0.0
0.0
0.0
6.1405231589853325e-6
0.0
0.0
0.0
0.0
0.0
0.0
0.0
0.0
0.0
0.0
0.0
0.0
0.0
0.0
0.0
0.0
0.0
0.0
0.0
0.0
0.0
0.0
0.0
4.295115426228599e-6
0.0
0.0
0.0
0.0
0.0
0.0
0.0
0.0
0.0
0.0
0.0
0.0
0.0
0.0
0.0
0.0
0.0
0.0
0.0
0.0
0.0
0.0
1.2316890429780425e-6
3.432385241494937e-6
0.0
0.0
0.0
0.0
0.0
0.0
0.0
0.0
0.0
0.0
0.0
0.0
0.0
0.0
0.0
0.0
0.0
0.0
0.0
0.0
0.0
0.0
0.0
5.2271810614491845e-6
0.0
0.0
0.0
0.0
0.0
0.0
0.0
0.0
0.0
0.0
0.0
0.0
0.0
0.0
0.0
0.0
0.0
0.0
0.0
0.0
0.0
0.0
0.0
5.13100044700626e-6
0.0
0.0
0.0
0.0
0.0
0.0
0.0
0.0
0.0
0.0
0.0
0.0
0.0
0.0
0.0
0.0
0.0
0.0
0.0
0.0
0.0
0.0
0.0
4.910781911292841e-6
0.0
0.0
0.0
0.0
0.0
0.0
0.0
0.0
0.0
0.0
0.0
0.0
0.0
0.0
0.0
0.0
0.0
0.0
0.0
0.0
0.0
0.0
1.3010830620360579e-6
4.078471144163789e-6
0.0
0.0
0.0
0.0
0.0
0.0
0.0
0.0
0.0
0.0
0.0
0.0
0.0
0.0
0.0
0.0
0.0
0.0
0.0
0.0
0.0
0.0
0.0
5.110201683840692e-6
0.0
0.0
0.0
0.0
0.0
0.0
0.0
0.0
0.0
0.0
0.0
0.0
0.0
0.0
0.0
0.0
0.0
0.0
0.0
0.0
0.0
0.0
0.0
4.576080995127023e-6
0.0
0.0
0.0
0.0
0.0
0.0
0.0
0.0
0.0
0.0
0.0
0.0
0.0
0.0
0.0
0.0
0.0
0.0
0.0
0.0
0.0
0.0
0.0
4.807294536984852e-6
0.0
0.0
0.0
0.0
0.0
0.0
0.0
0.0
0.0
0.0
0.0
0.0
0.0
0.0
0.0
0.0
0.0
0.0
0.0
0.0
0.0
0.0
1.9011082350919014e-6
4.527883897717185e-6
0.0
0.0
0.0
0.0
0.0
0.0
0.0
0.0
0.0
0.0
0.0
0.0
0.0
0.0
0.0
0.0
0.0
0.0
0.0
0.0
0.0
0.0
0.0
6.347538089394857e-6
0.0
0.0
0.0
0.0
0.0
0.0
0.0
0.0
0.0
0.0
0.0
0.0
0.0
0.0
0.0
0.0
0.0
0.0
0.0
0.0
0.0
0.0
0.0
5.32030401629068e-6
0.0
0.0
0.0
0.0
0.0
0.0
0.0
0.0
0.0
0.0
0.0
0.0
0.0
0.0
0.0
0.0
0.0
0.0
0.0
0.0
0.0
0.0
1.416414127552539e-6
4.256419178045296e-6
0.0
0.0
0.0
0.0
0.0
0.0
0.0
0.0
0.0
0.0
0.0
0.0
0.0
0.0
0.0
0.0
0.0
0.0
0.0
0.0
0.0
0.0
1.3056852484890068e-6
4.036443880447021e-6
0.0
0.0
0.0
0.0
0.0
0.0
0.0
0.0
0.0
0.0
0.0
0.0
0.0
0.0
0.0
0.0
0.0
0.0
0.0
0.0
0.0
0.0
0.0
3.678510124026276e-6
0.0
0.0
0.0
0.0
0.0
0.0
0.0
0.0
0.0
1.4281416258385385e-6
2.3987934888794467e-6
0.0
0.0
0.0
0.0
0.0
0.0
0.0
0.0
0.0
0.0
0.0
8.293902722336005e-5
0.00014196132256812452
2.589308258139074e-5
0.0
0.0
0.0
0.0
0.0
0.0
0.0
0.0
0.0
0.0
0.0
3.4638969345564575e-6
0.0
0.0
0.0
0.0
0.0
0.0
0.0
0.0
0.0
4.121161894021558e-5
8.467708076539436e-5
0.0
0.0
0.0
0.0
0.0
0.0
0.0
0.0
0.0
0.0
0.0
0.0
0.0
0.0
0.0
0.0
0.0
0.0
0.0
0.0
0.0
0.0
0.0
4.317451456052891e-6
0.0
0.0
0.0
0.0
0.0
0.0
0.0
0.0
0.0
0.0
0.0
0.0
0.0
0.0
0.0
0.0
0.0
0.0
0.0
0.0
0.0
0.0
0.0
4.06627478738169e-6
0.0
0.0
0.0
0.0
0.0
0.0
0.0
0.0
0.0
0.0
0.0
0.0
0.0
0.0
0.0
0.0
0.0
0.0
0.0
0.0
0.0
0.0
0.0
6.0796936177469006e-6
0.0
0.0
0.0
0.0
0.0
0.0
0.0
0.0
0.0
0.0
0.0
0.0
0.0
0.0
0.0
0.0
0.0
0.0
0.0
0.0
0.0
0.0
0.0
3.841292916462916e-6
0.0
0.0
0.0
0.0
0.0
0.0
0.0
0.0
0.0
0.0
0.0
0.0
0.0
0.0
0.0
0.0
0.0
0.0
0.0
0.0
0.0
0.0
0.0
4.597627093259732e-6
0.0
0.0
0.0
0.0
0.0
0.0
0.0
0.0
0.0
0.0
0.0
0.0
0.0
0.0
0.0
0.0
0.0
0.0
0.0
0.0
0.0
0.0
0.0
4.177158904440104e-6
0.0
0.0
0.0
0.0
0.0
0.0
0.0
0.0
0.0
0.0
0.0
0.0
0.0
0.0
0.0
0.0
0.0
0.0
0.0
0.0
0.0
0.0
0.0
4.8081368704630575e-6
0.0
0.0
0.0
0.0
0.0
0.0
0.0
0.0
0.0
0.0
0.0
0.0
0.0
0.0
0.0
0.0
0.0
0.0
0.0
0.0
0.0
0.0
1.0628942632380835e-5
8.023474829998702e-5
0.0
0.0
0.0
0.0
0.0
0.0
0.0
0.0
0.0
0.0
0.0
0.0
1.5977610587595393e-6
0.0
0.0
0.0
0.0
0.0
0.0
0.0
0.0
0.0
2.4469160554966147e-6
3.224141271036823e-5
0.0
0.0
0.0
0.0
0.0
0.0
0.0
0.0
0.0
0.0
0.0
0.0
0.0
0.0
0.0
0.0
0.0
0.0
0.0
0.0
0.0
0.0
0.0
4.435816712354547e-6
0.0
0.0
0.0
0.0
0.0
0.0
0.0
0.0
0.0
0.0
0.0
0.0
0.0
0.0
0.0
0.0
0.0
0.0
0.0
0.0
0.0
0.0
0.0
4.658056752164927e-6
0.0
0.0
0.0
0.0
0.0
0.0
0.0
0.0
0.0
0.0
0.0
0.0
1.6163173097823214e-6
0.0
0.0
0.0
0.0
0.0
0.0
0.0
0.0
0.0
0.00029910013371689634
0.0004394552238585133
0.00023579967003096967
8.47189287842584e-5
0.0
0.0
0.0
0.0
0.0
0.0
0.0
0.0
2.605720001440528e-6
7.133060771670935e-6
8.11817234480797e-6
0.0
0.0
0.0
0.0
0.0
0.0
0.0
0.0
0.0
0.0002237792041485573
0.0003005092910348642
0.00013143715701116225
0.0
0.0
0.0
0.0
0.0
0.0
0.0
0.0
0.0
0.0
0.0
6.888931132186537e-6
0.0
0.0
0.0
0.0
0.0
0.0
0.0
0.0
0.0
0.00010594137520284706
0.00020298570926686495
0.00010062803914961596
0.0
0.0
0.0
0.0
0.0
0.0
0.0
0.0
0.0
0.0
3.5211459696986584e-6
4.4711456604030194e-6
1.63762983722352e-6
0.0
0.0
0.0
0.0
0.0
0.0
0.0
0.0
0.00013731539150449093
0.0002535492718610888
0.00012008281684985377
0.0
0.0
0.0
0.0
0.0
0.0
0.0
0.0
0.0
0.0
0.0
0.0
0.0
0.0
0.0
0.0
0.0
0.0
0.0
0.0
0.0
6.423346840586232e-6
6.694155078282969e-5
3.522882853640284e-6
0.0
0.0
0.0
0.0
0.0
0.0
0.0
0.0
0.0
0.0
0.0
0.0
0.0
0.0
0.0
0.0
0.0
0.0
0.0
0.0
0.0
0.0
3.9430646108657814e-5
0.0
0.0
0.0
0.0
0.0
0.0
0.0
0.0
0.0
0.0
0.0
0.0
7.301075827109558e-6
0.0
0.0
0.0
0.0
0.0
0.0
0.0
0.0
0.0
0.00011268858874607938
0.00023584063713424913
0.00013155599278628517
3.4717772891153566e-6
0.0
0.0
0.0
0.0
0.0
0.0
0.0
0.0
0.0
5.526148697561901e-6
8.339807890551667e-6
0.0
0.0
0.0
0.0
0.0
0.0
0.0
0.0
0.0
0.00010596485759045268
0.00020761991708745747
0.00013717228966829347
7.188220830952272e-5
0.0
0.0
0.0
0.0
0.0
0.0
0.0
0.0
3.0692014936496815e-6
0.0
0.0
0.0
0.0
0.0
0.0
0.0
0.0
0.0
0.0
0.0
0.00011964992898522611
0.00020529548402071306
8.433750690850087e-5
1.2673022242539012e-5
0.0
0.0
0.0
0.0
0.0
0.0
0.0
0.0
3.0065498586581147e-6
7.3229958218025815e-6
6.652589689109106e-6
0.0
0.0
0.0
0.0
0.0
0.0
0.0
0.0
0.0
1.4929884946127925e-5
0.00010061278648844275
1.788863945986118e-5
0.0
0.0
0.0
0.0
0.0
0.0
0.0
0.0
0.0
0.0
0.0
1.5243255436066219e-6
0.0
0.0
0.0
0.0
0.0
0.0
0.0
0.0
0.0
6.183486151154158e-5
0.0001463908863150278
3.8722011453406006e-5
0.0
0.0
0.0
0.0
0.0
0.0
0.0
0.0
0.0
0.0
1.8152935637645752e-6
5.068017026112617e-6
0.0
0.0
0.0
0.0
0.0
0.0
0.0
0.0
0.0
8.227275842554143e-5
0.00016091892634659437
4.187694236333366e-5
0.0
0.0
0.0
0.0
0.0
0.0
0.0
0.0
0.0
0.0
0.0
0.0
0.0
0.0
0.0
0.0
0.0
0.0
0.0
0.0
0.0
0.0
6.335816566354369e-6
0.0
0.0
0.0
0.0
0.0
0.0
0.0
0.0
0.0
0.0
0.0
0.0
0.0
0.0
0.0
0.0
0.0
0.0
0.0
0.0
0.0
0.0
0.0
6.157149609759626e-6
0.0
0.0
0.0
0.0
0.0
0.0
0.0
0.0
0.0
0.0
1.5067451489290331e-6
3.609800128128182e-6
0.0
0.0
0.0
0.0
0.0
0.0
0.0
0.0
0.0
0.0
0.00028275618933558806
0.0004037237648692824
0.00031202035366611287
0.0003263485401192275
0.00024301657887417668
0.00015572699297928728
3.149395949920156e-5
0.0
0.0
0.0
0.0
6.261506329351557e-6
3.9967255101161365e-5
0.00017534480325127668
0.0002804124367254447
0.00022568233514766827
0.0
0.0
0.0
0.0
0.0
0.0
0.0
0.0
0.0008422559826013902
0.0007967900137959279
0.0005623403433610963
0.000278539337591324
9.163146678319866e-5
0.0
0.0
0.0
0.0
0.0
0.0
0.0
8.95851566489265e-6
4.904080301924456e-5
0.00014599932687893167
0.00013617455225894067
0.0
0.0
0.0
0.0
0.0
0.0
0.0
0.0
0.0007737066933760823
0.000725556102876718
0.00046679484727310685
0.0001376599646052116
2.683222974398589e-6
0.0
0.0
0.0
0.0
0.0
0.0
0.0
0.0
8.45927612731677e-6
6.991038422095493e-6
0.0
0.0
0.0
0.0
0.0
0.0
0.0
0.0
0.0
0.0004996888990422315
0.0005219063579734185
0.0002898930200713732
2.6919816072719696e-5
0.0
0.0
0.0
0.0
0.0
0.0
0.0
0.0
1.8024226654822714e-6
9.574893182035029e-6
9.030431714959934e-6
0.0
0.0
0.0
0.0
0.0
0.0
0.0
0.0
0.0
0.0003355100852989244
0.00039270453000908226
0.00023787661175892502
4.17089313860386e-5
0.0
0.0
0.0
0.0
0.0
0.0
0.0
0.0
0.0
0.0
0.0
0.0
0.0
0.0
0.0
0.0
0.0
0.0
0.0
0.0
0.00023106695718885526
0.00034043715503262483
0.00021071196957834123
3.1635558437952054e-5
0.0
0.0
0.0
0.0
0.0
0.0
0.0
0.0
3.8041929356752223e-6
2.001245443820565e-6
3.1933188978130667e-6
0.0
0.0
0.0
0.0
0.0
0.0
0.0
0.0
0.0
0.0001516989163540952
0.0002652805587684446
0.00019462910771684045
6.110752559872505e-5
0.0
0.0
0.0
0.0
0.0
0.0
0.0
0.0
6.65111884026876e-6
1.0017905546739311e-5
1.1256094343010785e-5
5.433214348919441e-7
0.0
0.0
0.0
0.0
0.0
0.0
0.0
0.0
0.0004749577182350656
0.0005341807973927423
0.00032502895055721014
0.0001844508950148579
1.797670257622648e-5
0.0
0.0
0.0
0.0
0.0
0.0
0.0
6.5624351453767695e-6
3.5157320382504838e-6
0.0
0.0
0.0
0.0
0.0
0.0
0.0
0.0
0.0
0.0
5.6625893352612535e-6
5.4498569091789324e-5
0.0
0.0
0.0
0.0
0.0
0.0
0.0
0.0
0.0
0.0
4.323499107140346e-6
6.04771294587586e-6
1.501393407967038e-6
0.0
0.0
0.0
0.0
0.0
0.0
0.0
0.0
0.0
5.279097272748472e-5
0.00015294768558920348
6.807545616406755e-5
0.0
0.0
0.0
0.0
0.0
0.0
0.0
0.0
0.0
0.0
3.6475691275490154e-6
1.8364156158175017e-6
0.0
0.0
0.0
0.0
0.0
0.0
0.0
0.0
0.0
9.904285685468865e-6
9.743781360598869e-5
4.491296828423624e-5
0.0
0.0
0.0
0.0
0.0
0.0
0.0
0.0
0.0
6.266728412876006e-6
5.7009498734000925e-6
0.0
0.0
0.0
0.0
0.0
0.0
0.0
0.0
0.0
0.0
0.00018314124362978545
0.0002942766850199344
0.00019561181826923988
1.7873734417835648e-5
0.0
0.0
0.0
0.0
0.0
0.0
0.0
0.0
7.5878659908340084e-6
5.577298101408235e-6
5.717904964602503e-6
0.0
0.0
0.0
0.0
0.0
0.0
0.0
0.0
0.0
0.0001694162017118231
0.0002515077058388256
0.0001276044635991232
3.2134715355823656e-6
0.0
0.0
0.0
0.0
0.0
0.0
0.0
0.0
0.0
1.5035793198662239e-6
0.0
0.0
0.0
0.0
0.0
0.0
0.0
0.0
0.0
0.0
1.523575473193646e-6
6.709911341579403e-6
0.0
0.0
0.0
0.0
0.0
0.0
0.0
0.0
0.0
0.0
4.619857552392437e-6
2.051720559306124e-6
0.0
0.0
0.0
0.0
0.0
0.0
0.0
0.0
0.0
0.0
0.0
6.323652924233942e-6
0.0
0.0
0.0
0.0
0.0
0.0
0.0
0.0
0.0
0.0
0.0
0.0
0.0
0.0
0.0
0.0
0.0
0.0
0.0
0.0
0.0
0.0
0.0
4.4176413033449816e-6
0.0
0.0
0.0
0.0
0.0
0.0
0.0
0.0
0.0
0.0
0.0
0.0
0.0
0.0
0.0
0.0
0.0
0.0
0.0
0.0
0.0
0.0
0.0
6.018992496161587e-6
0.0
0.0
0.0
0.0
0.0
0.0
0.0
2.9615887224452527e-6
2.7578180914337145e-6
0.0
2.1533697207507057e-6
0.0
0.0
0.0
0.0
0.0
0.0
0.0
0.0
0.0
0.0
0.0
0.0004604046599429453
0.0005075260122855286
0.00038652350360701297
0.00015372257386870672
2.906670361267331e-6
0.0
0.0
0.0
0.0
0.0
0.0
0.0
5.56899166795407e-6
5.298751745598455e-6
5.589846168956671e-6
0.0
0.0
0.0
0.0
0.0
0.0
0.0
0.0
0.0
0.00014508667309637562
0.000245856014578483
0.0001623328993774916
1.879248324919015e-5
0.0
0.0
0.0
0.0
0.0
0.0
0.0
1.7028733273561748e-6
2.5053076821289613e-6
0.0
0.0
0.0
0.0
0.0
0.0
0.0
0.0
0.0
0.0
0.0
1.0655310135711192e-5
6.169071361275171e-5
4.145185944177802e-6
0.0
0.0
0.0
0.0
0.0
0.0
0.0
0.0
0.0
0.0
1.5306912985544417e-6
0.0
0.0
0.0
0.0
0.0
0.0
0.0
0.0
0.0
0.0
2.752657044349155e-6
2.296251153356927e-5
0.0
0.0
0.0
9.486695292505716e-6
7.109545318088459e-5
0.00010885306787250472
0.00011522446051451483
0.00010901139070338417
8.327700857337408e-5
0.00010097313672058128
0.0002483453177397246
0.00037562226213551966
0.0004534439872026326
0.0003824595413397448
0.0
0.0
0.0
0.0
0.0
0.0
0.0
0.0
0.0014882540663901124
0.0014371095241683075
0.0010219020346672483
0.0008838984672649567
0.000652353643281388
0.0004912371672138891
0.00033032766699033964
0.00023298190845174623
0.00015942962229443193
0.0001096634386960138
7.628830844733842e-5
0.0001902909771613459
0.0004104424649028392
0.0006223424614186397
0.0007458577936650423
0.0006666059485440468
0.0
0.0
0.0
0.0
0.0
0.0
4.01354500424826e-7
2.585308148896898e-5
4.158995839587059e-5
0.001222764066700193
0.0009369474510358546
0.0006285801367671806
0.00035355401503706736
0.000180380775299441
5.5577667447959776e-5
0.0
0.0
0.0
0.0
0.0
1.5182888314149839e-6
5.3877353847249976e-5
0.00012281419272236306
0.00017174193579972682
0.00010597691328352589
0.0
0.0
0.0
0.0
0.0
0.0
0.0
0.0
0.000408283806398731
0.0004206934742480336
0.00032520829531820485
0.0001494515101502825
4.1981981096370205e-5
0.0
0.0
0.0
0.0
0.0
0.0
3.3977990257035494e-6
1.013895549297664e-5
8.613331601093537e-5
0.0001358780786333238
8.573611889027434e-5
0.0
0.0
0.0
0.0
0.0
0.0
0.0
0.0
0.0005987761455800181
0.0005881400047114362
0.0005199023933587998
0.0004115880493095314
0.0003751238675619545
0.0003142473868622529
0.00026371616461060194
0.00024197416591704873
0.00024580974502231694
0.00024763779246079744
0.0002534317694473716
0.0002640325121838405
0.00030782404702583245
0.00033793078729015935
0.00038038899710926663
0.0003278743888422356
0.0
0.0
0.0
0.0
0.0
0.0
0.0
0.0
0.0007793464546468093
0.0007082293919250836
0.0005918140329287382
0.00046005281760185787
0.00039199578032457933
0.00030329871014196473
0.0002421355915828112
0.0002137636417104145
0.00017294013576591994
0.0001366896954225729
0.00014836221962110751
0.0002283661670080545
0.00037990019353625215
0.00044449615156817284
0.0005183441036149519
0.00045243561052599494
0.0
0.0
0.0
0.0
0.0
0.0
3.588541253733136e-7
4.321341209979536e-5
0.0013023282000197585
0.0010286279925835857
0.000686600783332676
0.0003574899784594213
0.00017324340113201666
6.431781442479102e-5
2.2432637541738436e-6
0.0
0.0
0.0
0.0
2.92603678454836e-5
0.00016651543552163788
0.0002953414264146289
0.00040080208021852
0.00037914811398547356
0.0
0.0
0.0
0.0
0.0
0.0
0.0
2.3753038391560084e-7
0.0015252221047478566
0.001260632899306414
0.0007316520894460743
0.000467428959230375
0.00022904165888799652
0.00010667311870623438
5.377766639509692e-6
0.0
0.0
0.0
0.0
3.372297922384703e-5
0.00015791268379053934
0.000262199750576954
0.00037400544434213785
0.0003939920895408902
0.0
0.0
0.0
0.0
0.0
0.0
0.0
0.0
0.0013594529591028997
0.0011253803748814278
0.00061978225929364
0.0003583249119887644
0.0001350236316153546
2.8216506767200905e-5
0.0
0.0
0.0
0.0
0.0
4.4321362854847594e-5
0.0002168217026773989
0.00031123021580545994
0.00041553602694089254
0.00032864057133918045
0.0
0.0
0.0
0.0
0.0
0.0
0.0
0.0
0.0009105528186663668
0.0007283601183112428
0.00045526065125941074
0.00012467217250257585
0.0
0.0
0.0
0.0
0.0
0.0
0.0
3.990031263928835e-6
8.753116814129635e-6
3.7928894132059706e-6
0.00012360244291363844
0.00013143597437840465
0.0
0.0
0.0
0.0
0.0
0.0
0.0
0.0
0.0008811106896178584
0.00070910103259651
0.0004504214503599708
0.0001452294688552418
7.171005755932172e-6
0.0
0.0
0.0
0.0
0.0
0.0
3.725377875611037e-6
6.981875992371559e-6
4.614588481185103e-6
1.8701781726979203e-5
4.558156193188727e-5
0.0
0.0
0.0
0.0
0.0
0.0
0.0
0.0
0.0005424559147083852
0.0005175504108297225
0.0002928603055282082
3.362784688576339e-5
0.0
0.0
0.0
0.0
0.0
0.0
0.0
3.5487317570581813e-6
6.102341022542807e-6
7.0295067803055525e-6
2.1448865420753454e-6
0.0
0.0
0.0
0.0
0.0
0.0
0.0
0.0
0.0
8.210043064136705e-5
0.00016414024116576575
8.666094491591632e-5
2.9683346562387375e-6
0.0
0.0
0.0
0.0
0.0
0.0
0.0
3.311703377311138e-6
3.427536422163487e-6
8.8735647370566e-6
6.872912626067707e-6
7.62248087875628e-7
0.0
0.0
0.0
0.0
0.0
0.0
0.0
0.0
0.00024091834417404157
0.000296550199235101
0.00018447569911753044
6.145897856709681e-5
0.0
0.0
0.0
0.0
0.0
0.0
0.0
8.052978506578493e-6
1.2493190366209057e-5
2.4270960833610917e-6
3.837333139165432e-6
1.3315634342674346e-6
0.0
0.0
0.0
0.0
0.0
0.0
0.0
0.0
0.00029145014325633595
0.000375383536062242
0.00029791525080963375
8.78841162108057e-5
0.0
0.0
0.0
0.0
0.0
0.0
0.0
0.0
5.324727555607948e-6
7.441206936405205e-6
5.782459336061426e-6
5.343109533128361e-7
0.0
0.0
0.0
0.0
0.0
0.0
0.0
0.0
0.0001828894821272223
0.00022802852559637964
0.00011100551935933662
4.420874379907487e-5
0.0
0.0
0.0
0.0
0.0
0.0
0.0
5.998672553442994e-6
9.989847389656946e-6
5.602730157338677e-7
0.0
0.0
0.0
0.0
0.0
0.0
0.0
0.0
0.0
0.0
1.3246593172066336e-5
5.9230928645587925e-5
0.0
0.0
0.0
0.0
0.0
0.0
0.0
0.0
0.0
0.0
2.7364870742266862e-6
0.0
0.0
0.0
0.0
0.0
0.0
0.0
0.0
0.0
0.0
0.0
5.414660900718006e-5
0.00011462951721557803
1.672589791724021e-5
0.0
0.0
0.0
0.0
0.0
0.0
0.0
0.0
0.0
1.8686915839751893e-6
0.0
0.0
0.0
0.0
0.0
0.0
0.0
0.0
0.0
0.0
0.0
1.224471289053399e-5
2.6351388416616554e-5
0.0
0.0
0.0
0.0
0.0
0.0
4.526239679168851e-6
2.9027823080911396e-6
7.129028049792862e-6
7.91683476196545e-6
4.053436394896968e-6
6.35826967075787e-7
0.0
0.0
0.0
0.0
0.0
0.0
0.0
0.0
0.0
0.0
0.0001627006306933488
0.00028133234184573116
0.0002012669066029566
0.00016972335782130401
7.763855802588049e-5
2.9879087077511854e-5
0.0
0.0
0.0
0.0
2.8572068390616595e-5
0.0002035486830773034
0.0003894505558724084
0.0004996139569701789
0.0005823149759871039
0.0005037542429887734
0.0
0.0
0.0
0.0
0.0
0.0
0.0
0.0
0.0011051494381032574
0.0009089963392063072
0.0005464928367759493
0.00021901965968207748
5.22857490200299e-5
0.0
0.0
0.0
0.0
0.0
0.0
6.590899188913105e-6
4.93122562571665e-6
0.0
0.0
8.322975559459271e-7
0.0
0.0
0.0
0.0
0.0
0.0
0.0
0.0
1.8848062051135873e-5
6.597803830540403e-5
1.890962756205489e-5
0.0
0.0
0.0
0.0
0.0
0.0
0.0
0.0
0.0
3.0847903085832314e-6
3.6670109594294e-6
0.0
0.0
0.0
0.0
0.0
0.0
0.0
0.0
0.0
0.0
0.0
6.495199576921279e-6
0.0
0.0
0.0
0.0
0.0
0.0
0.0
0.0
0.0
0.0
3.7259496367284054e-6
0.0
0.0
0.0
0.0
0.0
0.0
0.0
0.0
0.0
0.0
0.0
1.935991442145348e-6
7.615580274847236e-6
0.0
0.0
0.0
0.0
0.0
0.0
0.0
0.0
0.0
0.0
0.0
0.0
0.0
0.0
0.0
0.0
0.0
0.0
0.0
0.0
0.0
0.0
0.00014831437463294202
0.0003002721318272707
0.00027614671896523843
0.00018680598846387972
8.716826962287359e-5
5.0900867917588854e-6
0.0
0.0
0.0
0.0
0.0
4.2220687072494804e-5
0.00013515861364345682
0.00020863412097597858
0.0002773837678448277
0.00022322328070431858
0.0
0.0
0.0
0.0
0.0
0.0
0.0
0.0
0.000882560150775304
0.0007787649475652106
0.0006219627172412856
0.00043611993960503397
0.0003134293152100897
0.00018912780264442714
0.00011074664165507232
6.774985591160524e-5
6.187559493729123e-5
6.217200897407924e-5
9.546235309734879e-5
0.00021458001367088178
0.0003277688687785329
0.00044245825067757544
0.0005573093447808129
0.0005408480060753607
0.0
0.0
0.0
0.0
3.3525606893043695e-5
9.304551258927517e-5
9.819730369321026e-5
0.00019699742505408316
0.0014442208565448823
0.0012590415070104378
0.0009758931418490588
0.0006351454435474044
0.00043667702258185436
0.000289732662499996
0.00019713672960635826
0.0001375222570451001
8.870177938448259e-5
7.251005283292954e-5
0.00010931131626529302
0.00018321637464202727
0.00027221785586321466
0.00035057157172603136
0.0004163351938903164
0.00035774362002755414
0.0
0.0
0.0
0.0
0.0
0.0
0.0
0.0
0.000843756756660915
0.0006721721512507586
0.00045632109611763017
0.00019726433921330783
5.525001551487064e-5
0.0
0.0
0.0
0.0
0.0
0.0
5.309577142551022e-6
6.670797788717663e-6
2.7719471456113705e-6
0.0
0.0
0.0
0.0
0.0
0.0
0.0
0.0
0.0
0.0
2.422589171658811e-5
0.00010588047678650902
3.419380020502053e-5
0.0
0.0
0.0
0.0
0.0
0.0
0.0
0.0
0.0
2.839596508481062e-6
1.751106029837202e-6
0.0
0.0
0.0
0.0
0.0
0.0
0.0
0.0
0.0
0.0
1.80006471117271e-6
7.806430140071652e-6
2.1908198328302056e-6
0.0
0.0
0.0001615853471724459
0.0003977326866902202
0.0005000893346246837
0.000583896819632852
0.0006250977498232809
0.0006399117102613348
0.0009562140329501831
0.0010773501646927004
0.0011518409959835245
0.0011654206625267226
0.0010139646996743538
0.0
0.0
0.0
6.584580522711441e-5
8.852973946700077e-5
0.00010810726040449799
0.00022055233854960792
0.00025874344546420884
0.0015742030883407314
0.0014030440517932069
0.001252501133982624
0.0010683768426341211
0.0009168248821880782
0.0007442274978815042
0.0006017502366374386
0.00046684435027640066
0.00038356608693034444
0.0003453517602963886
0.0004567842468490076
0.0006060501523793666
0.0007355516810638992
0.0008335650565362043
0.000907710968801173
0.0008894815992243616
9.195529471316194e-7
1.1475449369122211e-5
0.00010582371946171196
0.00010152867881941547
0.0002125697033416802
0.0002504408511630352
0.00022062165486256159
0.0003539032272306221
0.0015605933116806968
0.0013199753397682163
0.0008814348251266644
0.0004863624956092835
0.0002771412441026247
9.938093938347331e-5
1.1092038173587858e-5
0.0
0.0
0.0
1.4858005562777418e-6
2.7762711780332353e-5
0.00011505124028391804
0.00017119319968648104
0.00021596543767558288
0.00010405434598887671
0.0
0.0
0.0
0.0
0.0
0.0
0.0
0.0
0.00015671051742788584
0.0001815327635561586
0.00011330360706041926
1.5184110207581495e-5
0.0
0.0
0.0
0.0
0.0
0.0
0.0
0.0
0.0
2.7931621027219163e-5
0.00012727236699968091
9.136677776767201e-5
0.0
0.0
0.0
0.0
0.0
0.0
0.0
0.0
0.0005349834903915226
0.000525473716412011
0.0004690184651082333
0.00038471857713463526
0.0003548604239274431
0.0003270607413550195
0.0003185982151032103
0.00032077894572918276
0.0003199045517092855
0.0003183870984564723
0.00037836542766407584
0.0004388431728580243
0.0004992942045272568
0.0005557816503537469
0.0006031693381961476
0.0005522088256435201
0.0
0.0
0.0
0.0
1.5566654838515583e-6
4.586771488977088e-5
0.00012600145422466443
0.00018023497988647766
0.0014992265219502642
0.0013964481671175837
0.001277327321385916
0.0011136642515070664
0.0010510793394487002
0.000998465372897398
0.0009795472970812464
0.0009832974258444248
0.0010199115492940454
0.0010390338518407075
0.0010451406721038294
0.0010539125683282314
0.0011250758019491216
0.0011787282917729255
0.0011998631586484572
0.0011322873053511578
4.857765610902128e-5
0.00020422761447719284
0.00024290086335531947
0.00037192969102198416
0.0003973927102357602
0.0003837806833298364
0.0005280104943810986
0.0005154512926441083
0.001913797398515006
0.0017159699384201395
0.0014895294425041246
0.0012388422559736047
0.0010147638464111236
0.0008774716147580316
0.0008051503809633837
0.0007404022778576368
0.0006890557684875315
0.0006799589128480481
0.0007353287861187007
0.0008383237117421611
0.0010178674686251291
0.0012111347634121044
0.0013029649669572486
0.0012466354410560693
9.092271635756509e-5
0.0002652418560599121
0.0004810209308522961
0.0005048281464907518
0.00048429869355015755
0.0007002855473026079
0.0006681875273077776
0.000595507362016797
0.002672340309222333
0.002403629691664801
0.0016477610912140875
0.001426049314889772
0.0010338800514738437
0.0009208166275302998
0.0008069460718891681
0.0007190283539988072
0.0007186002881996572
0.000727371128649768
0.0007318433379202346
0.0010974424590273885
0.0012610146614766384
0.0013360504740433593
0.0014143641005133316
0.0013317085755604162
1.0854284463716277e-6
7.10000073734134e-5
8.536783698172351e-5
0.00018197648136077343
0.00028159030882555884
0.00029511918010312067
0.0003832476177021963
0.000343818873046021
0.00159578791103089
0.0014157410577260445
0.0011936346813087235
0.0009391118210584651
0.0008092773130590169
0.0007373801349692256
0.0006789741737151978
0.0005538932874896186
0.0004555495619836741
0.0004225191465071734
0.0005188978849991255
0.0006849848602861091
0.0008291091283659941
0.0009050433803107557
0.001001188496713305
0.001025885399169387
3.4822616215951766e-5
0.0001885806194405092
0.00023682547973663756
0.00036141372323621093
0.000414199841731223
0.00038611719894360855
0.0004764990240558039
0.0005343499504523611
0.0018752713100777393
0.0016601586437911132
0.0012770987518824965
0.0008605150939434824
0.0006350000744289381
0.00047160284320362135
0.000397151964148347
0.00030965330318101926
0.00024949571901435486
0.00022142626459844083
0.0002883179133994378
0.00040203680541291067
0.0005110572313651126
0.0005585227308026718
0.0006069715394721906
0.0005328102502863524
0.0
0.0
0.0
6.938374648677334e-7
3.7023505441463864e-6
1.3371655166486772e-5
6.117505483394227e-5
3.8388939323908476e-5
0.0011566680703493516
0.0009527914917283535
0.000774082797639463
0.000572721383692933
0.000442284006146677
0.0003631431030856813
0.0003008425687270525
0.0002517634707943814
0.00022528187213375728
0.0002525676910035438
0.00027248600578560166
0.00027711314812862926
0.00031228593167266066
0.0003402911328529344
0.0003850986063104102
0.0002935898431572943
0.0
0.0
0.0
0.0
0.0
0.0
0.0
0.0
0.0008950407301972108
0.000824095061829675
0.0007218230226208913
0.0006144347597164495
0.0005843402559040726
0.0005436130994459321
0.0005035118051022244
0.0004578534016285669
0.0005155418590976654
0.0005482612515914829
0.0005750892983171084
0.0006219579530224984
0.0006805209900829078
0.0007123413555879586
0.0007406446646350466
0.0006496903419911245
0.0
0.0
0.0
1.7291074319829894e-7
4.0559153796908694e-7
1.380557250970554e-6
1.274216327328262e-6
1.0793851227171333e-6
0.0011431016758197408
0.0009755514401964588
0.0008210039708836151
0.0006535750010777147
0.0005732103079643667
0.0004798448177343293
0.00039743935978982063
0.0003298865822207795
0.000308441471223497
0.00029390426484961413
0.0002733405681119491
0.00027326889144226756
0.0003142122741135636
0.0003280413350650458
0.0003258662550308616
0.0002592543836258133
0.0
0.0
0.0
0.0
0.0
0.0
0.0
0.0
0.0006612135132533496
0.0006520609859973385
0.0004574012538959948
0.0002511180013468578
8.494513640056316e-5
0.0
0.0
0.0
0.0
0.0
6.719529575312508e-6
9.891175122861137e-6
0.00011276774438647512
0.00023325595296152984
0.00031843294345065457
0.0002728948610934332
0.0
0.0
0.0
0.0
0.0
0.0
0.0
0.0
0.0013423660823592334
0.001252093918306031
0.0008729014783554447
0.0007341727130771208
0.0005417449894685619
0.0004398934242823546
0.0003002121621342564
0.0002352024395258622
0.0001960429552367817
0.0001876872176333375
0.00026748965727673346
0.0006615396795563732
0.0008933700179608372
0.0010186754800544178
0.0010434874887622163
0.0007448584377033617
0.0
0.0
0.0
0.0
1.930614253452028e-7
0.0
1.9856232029324238e-7
1.7044362717854756e-5
0.0011667019609483424
0.0009905319976596632
0.0007034914611382262
0.0003673684632985008
0.00014281871322226417
1.98009019200227e-5
0.0
0.0
0.0
0.0
0.0
0.0
2.5072110731013023e-6
0.0
2.221111783663955e-5
5.235073115284691e-8
0.0
0.0
0.0
0.0
0.0
0.0
0.0
0.0
8.469065977069503e-5
0.00018463554723377741
0.00011328482151608756
5.446242670088269e-6
0.0
0.0
0.0
0.0
0.0
0.0
0.0
1.7299467730259024e-6
4.700244003850258e-6
4.396445512642918e-6
1.8132978154012866e-6
0.0
0.0
0.0
0.0
0.0
0.0
0.0
0.0
0.0
1.7847798271790762e-5
0.00010294214586020876
4.944048042504691e-5
0.0
0.0
0.0
0.0
0.0
0.0
0.0
0.0
0.0
8.821411221499865e-6
5.730852033789968e-6
5.422213034501982e-7
0.0
0.0
0.0
0.0
0.0
0.0
0.0
0.0
0.0
0.0009296339318668069
0.0008909269172690007
0.0007264982069773349
0.0005176973268899713
0.0003898994956642969
0.00026871744471828213
0.00021336818758465416
0.00017624680948898476
0.0001379904852914008
0.00015524815549593042
0.00022983262180993367
0.00043283171387497986
0.0006278310185627074
0.00074799625934285
0.0008368123047678999
0.0008346352012545536
0.0
3.416250941894156e-5
0.00013333079037293366
0.0001524319324846756
0.0002815939387294563
0.0002930573896843166
0.0002865499649187061
0.00046794054102063175
0.0017568866024654307
0.0015538625806905053
0.001161295360918508
0.0007051467256131905
0.0004815447492870042
0.00034409521631206325
0.0002432445227478308
0.00016061240308568356
0.00012924499738063987
0.00012549065081408632
0.00018077205397214866
0.00027844968869600545
0.0004465543063080355
0.0005663039156324855
0.0006366754047754857
0.000597300962472909
0.0
0.0
0.0
0.0
0.0
2.444441782176099e-7
8.876765901688546e-7
5.7799155494989565e-5
0.0012947137400360692
0.0010628194340681406
0.0008391961860411865
0.0006067085755393031
0.000398163830876567
0.00017658110185640136
5.678376917583732e-5
4.126458796128368e-6
0.0
0.0
0.0
3.996134028186063e-5
0.00017176663094656955
0.00023534296213116468
0.0002645411667968021
0.0001758900698143464
0.0
0.0
0.0
0.0
0.0
0.0
0.0
0.0
0.0011840800866353314
0.001115671316069046
0.000813630186916805
0.0007132666320766566
0.0005614529108318901
0.0004699350875972674
0.0003496359870725704
0.0002759613285031961
0.00022449307985835306
0.0002372687919406631
0.00028721561265866936
0.0007106213664412633
0.0010515639484147661
0.0012250517242868339
0.0013285778404774028
0.001251835433112256
0.0
6.151784334019541e-5
0.00010824695919977588
0.0002469781115925314
0.000293448780970382
0.00027375225761886764
0.0003896807974435631
0.0004283453192677194
0.0020846602012937407
0.0017928964609251151
0.0011946623176608043
0.0009199769223708634
0.0005963252361624557
0.000411623318080659
0.00024512770616750933
0.0001681602747909477
0.00011497968700767636
0.00011265165243100076
0.00017043784337574468
0.0004037429387853222
0.0005602594647856557
0.0006379989089510691
0.0007097955910729242
0.0006495454605751228
0.0
0.0
0.0
0.0
0.0
0.0
0.0
0.0
0.0008965908729902566
0.0007372372397833521
0.0005512600296144335
0.0003192065014487756
0.00012575250064473807
1.9615037230618302e-5
0.0
0.0
0.0
0.0
0.0
1.1429193432434888e-5
8.806513789057289e-5
0.00015350601799679026
0.00020141146423149225
0.00017137035243328016
0.0
0.0
0.0
0.0
0.0
0.0
0.0
0.0
0.0008999400009866781
0.0008479822346846319
0.0007288981525942273
0.0005732590656982343
0.0004828967421395741
0.00042189633043969124
0.00035684401919191703
0.0002571826740877094
0.00023663976279210844
0.0002040657184340977
0.00024709919838354936
0.0003063065275525148
0.0003723621856061164
0.0004929247070621815
0.0006217013264303799
0.0005531277257136515
0.0
0.0
0.0
2.1653134482336336e-5
7.655749866689888e-5
8.054840947676436e-5
0.0001472672669500563
0.00016076244729475817
0.0014600164546284137
0.0012161663542231487
0.0009287628148956195
0.0006361033441258366
0.0005023331542374287
0.0003381306748451201
0.00019539465736521518
8.687374558473091e-5
7.37991014887045e-5
7.969294879419948e-5
0.00011707390198844491
0.0001623058464726908
0.00022168548659157744
0.0002607338863695732
0.00032216297332824805
0.0002643896279100931
0.0
0.0
0.0
0.0
0.0
0.0
0.0
0.0
0.0005126146062457423
0.00045113426625294434
0.000332306312849616
0.00017753660848659981
0.0001178611982387045
8.006526707349369e-5
5.04664346223153e-5
3.205070226818075e-5
2.3980988665887955e-5
1.1881765399738207e-5
8.174536401622157e-6
2.772710954853989e-5
6.504913752422631e-5
7.196997683126921e-5
8.094492929064163e-5
0.0
0.0
0.0
0.0
0.0
0.0
0.0
0.0
0.0
0.00023274358412902853
0.00029265109888101774
0.00023773223537051983
0.00014730631606497724
7.487522164506625e-5
1.640959224194582e-5
0.0
0.0
0.0
0.0
0.0
0.0
4.272886145204869e-6
0.00012902773656835423
0.00021536545526576524
9.102599685920991e-5
0.0
0.0
0.0
0.0
0.0
0.0
0.0
0.0
0.0010692000260664684
0.0012338871007572388
0.0009996404076221513
0.0009215625234527305
0.0007681445831542915
0.0007098632148167363
0.0006782908941884405
0.0007257499528156928
0.0007531810023953915
0.0007700520232024726
0.0007910331245268357
0.0011714166500706776
0.001296674432919855
0.0013609310431108538
0.0013905146097241336
0.001277647973965694
9.132212513719641e-7
7.499150358986267e-5
