0.0
0.0
0.0
8.236448669870675e-5
0.00013078249726398725
0.00018763334422483485
0.0001832652777606157
7.503110088434316e-5
0.003066449940060886
0.0019589447065918226
0.0009791881184827832
0.00038611976231491793
0.00013420360170858495
8.527131519524407e-5
4.290819076496119e-5
2.6748007856616225e-5
5.607274329017415e-5
0.0004612811131148739
0.0009417141095770936
0.0
0.0
0.0
0.0
0.0
0.0
0.0
0.0
0.0
0.0
0.0
0.0030902570896976403
0.0021466766263577566
0.0014414477741866206
0.0005494063670907163
0.00016728501325860454
9.999217662904253e-5
5.96501552440134e-5
5.637860070965144e-5
7.212527144265755e-5
7.734549429238591e-5
7.758281298736344e-5
9.527152001549466e-5
0.0001552927832967494
0.0003920715012247215
0.000434770256467971
0.0
0.0
0.0
0.0
0.0
0.0
0.0
0.0
0.0
0.0024120069573468216
0.001629572936816769
0.0011258353946609855
0.0004424608615788688
0.00017631268470441586
0.00011058002587030925
7.718390911905217e-5
3.917213255436549e-5
1.280110488462355e-5
2.521738332914945e-5
4.7157345322227264e-5
5.4237599585242054e-5
0.00010449030702239398
0.00017434504008451772
0.0002280854348015104
0.0
0.0
0.0
0.0
0.0
0.0
0.0
0.0
0.0
0.0022711721462460067
0.0014539343402997596
0.000937801237662362
0.00025289703029971107
0.00010245160219714022
2.7798009737000923e-5
1.2820194578119002e-9
1.029983175758597e-9
1.2817533553274003e-6
7.0939821059299295e-6
1.794488272240134e-5
2.130348880813495e-5
3.94927354161289e-5
5.776316526359192e-5
7.853266012496993e-5
0.0
0.0
0.0
0.0
0.0
0.0
0.0
0.0
0.0
0.0020314145741752608
0.0014598413521133154
0.0013116200895636704
0.0009319197421546571
0.0008518603297829647
0.0006702244931101236
0.0006569266497470388
0.0006737604268310867
0.0006616060934128505
0.0004698051367981441
0.0004082695187089171
0.00045881383822445114
0.0006284099289080422
0.0008070943116960714
0.0008914647531984458
0.0
0.0
0.0
0.0
0.0
4.812103091490632e-5
0.00019615449177549715
0.00019050900158210546
0.00023224087703936964
0.0036058645293701222
0.002802514739346672
0.0021069779360518887
0.0011959304904040349
0.0005096104386034621
0.00020129173169050092
0.00014212882107833552
0.00011980836189728506
0.00010816423502559487
0.00010139709154653895
0.00011472299088359977
0.00014475565770012065
0.0004517174549388739
0.0006698841854841498
0.0007724959661018178
0.0011194715484124905
0.0
0.0
0.0
0.0
0.0
0.0
4.4251692957425315e-5
5.272997814282173e-5
6.7896741497813e-5
2.168958582927233e-5
0.0026920176012526957
0.0015653446460311324
0.0008102422930995611
0.00046708229927057556
0.0001782271114797242
0.00015326346635020064
0.00013817197624361698
0.0001340770880318592
0.00016689388899475253
0.0009831296326402832
0.0012842734548168424
0.0
0.0
0.0
0.0
0.0
0.0
0.0
0.0
0.0
0.0
0.0
0.002991249663741215
0.0021024573040549655
0.0014963516230296692
0.0006731216390508896
0.00030916620373089184
0.00015314478342962914
0.0001122561442600669
9.344744001622799e-5
8.986438865567454e-5
8.682003365779716e-5
0.00010108245622555358
0.000125124809962452
0.000144352193103379
0.0002325103238704052
0.0003708613278529689
0.0
0.0
0.0
0.0
0.0
0.0
0.0
0.0
0.0
0.0029979303219371074
0.002091872785844555
0.001373757592976449
0.0005392526130554829
0.0002084040237486436
0.00010377479570520729
7.508942756536727e-5
6.431741500910327e-5
4.7962587657305216e-5
4.388252694164781e-5
6.221957292437799e-5
7.850097606140492e-5
0.0001056301826528441
0.00012704984338002606
0.00021392025133532938
0.0
0.0
0.0
0.0
0.0
0.0
0.0
0.0
0.0
0.0027265035565591828
0.0016577995252416533
0.0007208474706710366
0.00013979895414722947
4.2497927393452495e-5
0.0
0.0
2.6071207508908477e-9
8.182350415297193e-9
6.300309780866232e-9
1.3978651151094982e-5
5.430585835570307e-5
8.333211097190179e-5
0.00010615737924842081
0.00014101975901244598
0.0
0.0
0.0
0.0
0.0
0.0
0.0
0.0
0.0
0.00239318638455652
0.0016831194621711035
0.001227660962359264
0.0006077352744314517
0.00021136281722508
8.975382158752996e-5
6.947333963691282e-5
4.7834071156259504e-5
2.8480280636700536e-5
2.5608688485963962e-5
4.461762920646382e-5
7.002934719465819e-5
9.570755438499231e-5
0.00010479766873473488
0.00013780435550701358
0.0
0.0
0.0
0.0
0.0
0.0
0.0
0.0
0.0
0.002407461833701811
0.0017007155359153618
0.0011032756502864604
0.0003418995633965703
0.00012774530334102533
6.186346684028782e-5
3.843255773689814e-5
2.5619662992816463e-5
2.7030179648810632e-5
3.7631337148358574e-5
4.48663374082203e-5
2.971807896647362e-5
3.8012490972534595e-5
5.6312599271610646e-5
8.573198454583254e-5
0.0
0.0
0.0
0.0
0.0
0.0
0.0
0.0
0.0
0.002314211721552369
0.0015249201981552142
0.0009631639357849795
0.00021485388468470745
7.235824971333032e-5
5.482345878503786e-6
0.0
0.0
0.0
0.0
3.235532028688033e-9
2.4503448604634843e-5
9.190944300307834e-5
0.00024292972159461776
0.000348195012142547
0.0005737410087037876
0.0
0.0
0.0
0.0
0.0
0.0
0.0
0.0
0.0
0.0
0.0012129416924197903
0.0002910071322926532
6.0881152774603124e-5
2.2779590224251354e-6
0.0
0.0
0.0
0.0
3.900544681006183e-6
0.00016022790760044243
0.0003932419120895568
0.0
0.0
0.0
0.0
0.0
0.0
0.0
0.0
0.0
0.0
0.0
0.0
0.0
0.0020093530278238003
0.0010695868375821748
0.0004923419848079211
0.0003824111103759912
0.00019675560619699541
0.00012473034194748073
0.00011568791440142692
0.0001139147443580514
0.00011654335613310419
0.000820930949665564
0.0010893596481616826
0.0
0.0
0.0
0.0
0.0
0.0
0.0
0.0
0.0
0.0
0.0
0.002996737589446887
0.0020153052128088615
0.0012912729618260415
0.0005088952988262062
0.00019692203438033572
0.00013536025195553015
0.00011527995294821272
9.750942182836066e-5
9.66494908723685e-5
0.0001002143034329876
0.00011255967636137904
0.0001240628364148703
0.0001855560982483167
0.00034568710516030246
0.0003845498233687058
0.0
0.0
0.0
0.0
0.0
0.0
0.0
0.0
0.0
0.002737407917928547
0.0016514985571465918
0.0010603792212394059
0.0006882631459344021
0.0007644765235236041
0.0003810682396498488
0.00027183272276727063
0.00027173376994859037
0.00030413438724279427
0.0003019422178599661
0.00037859273150168016
0.000617547955784566
0.0008476149426211101
0.000983080906997091
0.0010055951290694938
0.0
0.0
0.0
0.0
0.0
0.0
6.569032157752695e-6
8.081676469282403e-6
1.7315067988781993e-5
0.003029929889156961
0.0020476821545004323
0.0014075315832667548
0.0006637472037691334
0.00042056005658722465
0.00020893021219573396
0.00015735272722596167
0.00011765438567180888
9.681266142347497e-5
9.264657860460632e-5
0.00010868683500536155
0.00013830924844795896
0.0001781858330361669
0.00032178297580707626
0.00041480444052935617
0.0
0.0
0.0
0.0
0.0
0.0
0.0
0.0
0.0
0.0024391726855989546
0.0016782537749131065
0.0011603313562133348
0.0004433412998177437
0.00017469440307611454
0.00010322674015207847
5.63593236656303e-5
4.2671225812372285e-5
4.5708880116827965e-5
4.169967679140867e-5
5.56698200353392e-5
8.787147591037177e-5
0.00012682689609206724
0.0002272816429119879
0.0003794199376600967
0.0
0.0
0.0
0.0
0.0
1.8776793478126755e-5
9.331529851634647e-5
0.00011089309145673868
0.00012195646531275723
0.003524872510634353
0.0024716644636577603
0.0018323218499560867
0.001033640364437266
0.0003071275156855592
0.00014737773921703437
0.00010236915194371788
8.578554572925988e-5
8.479074772703809e-5
8.598225349676785e-5
9.249406747132395e-5
0.00012324775456139123
0.00028454790772757676
0.00048006445488684845
0.000700650042563843
0.001068664515685878
0.0
0.0
0.0
0.0
0.0
8.835500378969271e-5
0.00014183901700938923
0.00016302126864653477
0.00021112575926842506
0.0001350393120934091
0.0030084094730686694
0.0018400066272921236
0.0010594294663372366
0.0005994164347575188
0.0001820158895988699
0.0001533021898613174
0.0001508091505928552
0.0001508811302296304
0.0001898400112429915
0.0010649080743151
0.0013414950919707481
0.0
0.0
0.0
0.0
0.0
0.0
0.0
0.0
0.0
3.911202821932419e-5
0.0
0.00315029729945847
0.0023946450885395983
0.0015897798924731819
0.0006035459419493022
0.00019040886014959373
9.697998127017183e-5
5.7899224820925076e-5
2.8139136369272827e-5
9.192702495029417e-6
5.160121308273286e-6
2.771206406362393e-5
6.292789085176889e-5
9.950408206712567e-5
9.935061123061304e-5
0.00011284640169370213
0.0
0.0
0.0
0.0
0.0
0.0
0.0
4.1335002928312937e-5
4.7496723649105286e-5
0.0031380471386171834
0.0020591740263762167
0.0013128190690561363
0.0004188631314741855
0.0001336784071741124
3.6897080596979654e-5
2.793871361383599e-6
6.267026747792385e-7
9.91931423343152e-9
2.633594714986672e-7
2.5269469730722867e-5
6.330499105296928e-5
9.979411277326456e-5
0.0001212631388916634
0.00024120252009100882
0.0
0.0
0.0
0.0
0.0
0.0
0.0
0.0
0.0
0.0029657781570320567
0.0017728472096015988
0.0009099295770463329
0.0001671830440596531
1.8890582956909437e-5
8.684465900396552e-6
2.5049283210707866e-6
0.0
0.0
0.0
0.0
2.535949863010406e-9
0.0
0.0
0.0
0.0
0.0
0.0
0.0
0.0
0.0
0.0
0.0
0.0
0.0016233521085423784
0.0007782728875172688
0.00021876448800823303
3.0984289562076756e-5
0.0
0.0
0.0
0.0
0.0
0.0
0.0
0.0
0.0
0.0
0.0
0.0
0.0
0.0
0.0
0.0
0.0
0.0
0.0
0.0
0.0006644227449894508
0.00028179717325638144
5.455418554499268e-5
6.056811999021304e-8
0.0
0.0
0.0
0.0
0.0
0.0
0.0
0.0
0.0
0.0
0.0
0.0
0.0
0.0
0.0
0.0
0.0
0.0
0.0
0.0
0.0008072437466367831
0.00025929709876850127
5.451019698178894e-5
2.9321295923217853e-6
0.0
0.0
0.0
0.0
0.0
0.0
0.0
0.0
0.0
0.0
0.0
1.432662726597298e-5
0.0
0.0
0.0
0.0
0.0
0.0
0.0
0.0
0.0
0.0
0.0011349464853194706
0.0002544724436681226
1.06635107337459e-5
0.0
0.0
0.0
0.0
0.0
0.0
3.284188498549896e-5
4.3235471618536896e-5
0.0
0.0
0.0
0.0
0.0
0.0
0.0
0.0
0.0
0.0
0.0
0.0021736099635281986
0.0014907197088209066
0.0008152547646120214
0.0001305795357281372
5.208771102974272e-5
3.3434432077260525e-5
1.9063797037780553e-5
1.9143745902949364e-5
3.995889774426187e-5
4.6182969609881344e-5
5.540544393407836e-5
8.22490725608973e-5
0.00010585422648158343
0.000180279871924707
0.0003346100129609693
0.0
0.0
0.0
0.0
0.0
0.0
0.0
0.0
0.0
0.002627902959790197
0.001790661371439305
0.0012420908197973703
0.00047137100807496273
0.0001913922484008737
0.00011007417306374728
7.825872883295194e-5
6.155955838158369e-5
5.470162232187224e-5
5.912344277622523e-5
7.157268244200239e-5
0.00010336639391438574
0.00012976367534044714
0.00024214830827395508
0.00035636694809980396
0.0
0.0
0.0
0.0
0.0
0.0
0.0
0.0
0.0
0.0028345982624660305
0.0018873432432291234
0.0012838023071091915
0.0005116600399847156
0.00018602736000530236
0.0001180097073216513
0.00010773229966605302
8.205936921962187e-5
6.74457550277685e-5
6.26209983276739e-5
7.433022636757266e-5
9.916790598250312e-5
0.00012255174324466139
0.00025970340149944883
0.00039452149046885807
0.0
0.0
0.0
0.0
0.0
0.0
0.0
0.0
0.0
0.001958555797818846
0.0013143866736446772
0.0009080959230194943
0.0004112336458727307
0.0002360205255282092
0.0001330746220387179
0.00010964639127596924
8.7283094038887e-5
6.831530818594474e-5
4.645129573163711e-5
4.858793847181328e-5
6.84007216651785e-5
9.330260407299252e-5
0.00012185646217927274
0.0002066861402976163
0.0
0.0
0.0
0.0
0.0
0.0
0.0
0.0
0.0
0.0018258219277492386
0.0011969798379270376
0.0008494329274493537
0.0003955790921974439
0.0001924958482776675
0.00010715457109584046
8.664798609539047e-5
7.385541830958123e-5
6.901079374985589e-5
7.148978849498848e-5
8.105809719906112e-5
0.00010080520640642676
0.0001547338042856184
0.0003774724854559809
0.0005774985526777693
0.0
0.0
0.0
0.0
0.0
0.0
0.0
0.0
2.0667867133821277e-5
0.003337808655821948
0.002451734794916955
0.0017008580542808474
0.0007614505976424437
0.00018778817136613256
0.00010570294715689725
7.591173436571961e-5
5.15078762871348e-5
4.325260570424528e-5
3.962678746700284e-5
2.648217511205488e-5
4.689091154254309e-5
0.00011264230101772344
0.00039674738922524885
0.0005584988975325844
0.0008480380840570256
0.0
0.0
0.0
0.0
0.0
0.0
0.0
2.0749744028164868e-5
6.210819018968087e-5
5.957392222200816e-5
0.0026981789149359047
0.0015070235191609166
0.0007012923552100499
0.00024039300570709825
9.455578693270532e-5
9.015868757832862e-5
9.052391008530318e-5
8.769909377798955e-5
9.464709687621902e-5
0.000633778197537529
0.0010549475115171965
0.0
0.0
0.0
0.0
0.0
0.0
0.0
0.0
0.0
0.0
0.0
0.002941152218153575
0.002120574146440051
0.0015181498907949678
0.0006301657987986191
0.000231969402544318
0.00012453364105432754
9.047166634219848e-5
6.513562978211215e-5
5.568515861535947e-5
4.944817915267198e-5
6.118667941311933e-5
8.439352531508011e-5
0.0001081348038558903
0.0001641631223049117
0.00030388895415686684
0.0
0.0
0.0
0.0
0.0
0.0
0.0
0.0
0.0
0.0023629113493713414
0.001659331922307968
0.001238273468936807
0.0005234423260690294
0.0001909925141971111
0.0001080967962519886
5.657551589863589e-5
2.0604405910606327e-5
1.9954013651189258e-5
2.052512412308214e-5
2.8232539272347203e-5
5.5411549660213214e-5
9.207107126291921e-5
0.00011442823462690215
0.00018530463088624108
0.0
0.0
0.0
0.0
0.0
0.0
0.0
0.0
0.0
0.00276978238647626
0.002008011044430712
0.0014568389868652642
0.0006516153976656384
0.0002653478068980048
0.00011528827541018447
5.0625114386435305e-5
1.992872308940623e-5
2.319543248650067e-5
3.0546785877731714e-5
5.077411057551289e-5
6.893779378561936e-5
9.447902561382886e-5
0.00013122843119152638
0.0002509203371344159
0.0
0.0
0.0
0.0
0.0
0.0
0.0
0.0
0.0
0.0020152502401634244
0.0013696561677945837
0.0010860584276469781
0.0006139519125971534
0.00033083312872055396
0.0001442752227932915
0.00011790959712144433
0.00010024274918829247
8.616772932636901e-5
7.335131456621605e-5
7.681343038298142e-5
9.5627513998886e-5
0.0001453936505992159
0.0003358548042903899
0.00044786732152532916
0.0
0.0
0.0
0.0
0.0
0.0
0.0
0.0
0.0
0.002866182946136308
0.0021900409667528382
0.001402646730632405
0.00030180119187901304
0.00010308868297220092
5.3510193128124415e-5
2.3535694687604124e-5
0.0
0.0
0.0
0.0
1.8256198655630318e-6
3.878313074484522e-5
5.5952200017638746e-5
7.144333967057656e-5
0.0
0.0
0.0
0.0
0.0
0.0
0.0
0.0
0.0
0.0021330326061853224
0.0012526008741307487
0.00036530192487970814
3.635389916707885e-5
0.0
0.0
0.0
0.0
0.0
0.0
0.0
0.0
0.0
0.0
5.750892888975961e-6
4.8559174439295e-5
0.0
0.0
0.0
0.0
0.0
0.0
0.0
0.0
0.0
0.0
0.0011233444213255854
0.0001577838271619471
6.612377920068663e-6
0.0
0.0
0.0
0.0
0.0
0.0
0.0
2.780757495782061e-5
0.0
0.0
0.0
0.0
0.0
0.0
0.0
0.0
0.0
0.0
0.0
0.0013084397337381837
0.0004508752482887832
3.508995514367832e-5
0.0
0.0
0.0
0.0
0.0
0.0
0.0
0.0
0.0
0.0
0.0
0.0
0.0
0.0
0.0
0.0
0.0
0.0
0.0
0.0
0.0
0.0011793756556918663
0.0004811904960136268
2.5714140871766266e-5
0.0
0.0
0.0
0.0
0.0
0.0
0.0
0.0
0.0
0.0
0.0
0.0
0.0
0.0
0.0
0.0
0.0
0.0
0.0
0.0
0.0
0.0017009477960054109
0.0011435570006189707
0.0004792237424075399
7.931122242877759e-5
3.980602380743347e-5
1.7561059066628173e-6
0.0
0.0
0.0
0.0
5.2509396363645543e-11
1.6938096148565248e-5
4.224111355336946e-5
5.6983580629558125e-5
7.474838405865942e-5
0.0
0.0
0.0
0.0
0.0
0.0
0.0
0.0
0.0
0.001533235036629893
0.0009927864377281288
0.0006840591288561256
0.00023079447241369617
0.00011868390349596937
7.756986906447266e-5
3.5484226497974125e-5
1.3823489250370998e-5
2.3176269605484767e-5
2.723947240045808e-5
3.2157722690981376e-5
4.9117612557788155e-5
7.216422321483027e-5
0.00010676820513045775
0.0001783149175050651
0.0
0.0
0.0
0.0
0.0
0.0
0.0
0.0
0.0
0.0016469009588992395
0.001047102562797373
0.0007002519833209803
0.0002550617510875788
0.00012763882797545153
0.00011605830133509053
0.00012505525794723196
0.0001316398928280277
0.00012861350528252158
0.00013128152778765396
0.00014889345141236735
0.00017449243702261682
0.00031597947743237356
0.0005117292096342492
0.0006070074134170968
0.0
0.0
0.0
0.0
0.0
0.0
0.0
0.0
0.0
0.0026978070957006522
0.0019306937488498893
0.001437729752881031
0.0006421236203955229
0.0002138880906137471
0.00012472738218591108
8.103202255486739e-5
5.451170831139364e-5
4.3060480387046214e-5
4.15296973651052e-5
4.7103555552971295e-5
7.09801411528458e-5
0.00014307752891342705
0.000377283670855108
0.0004702954254700687
0.0007068714467684293
0.0
0.0
0.0
0.0
0.0
0.0
0.0
0.0
0.0
0.0
0.0022206926656988817
0.00125464194313863
0.0005992334621673755
0.00023774686854940237
9.753891492138701e-5
7.104660901856482e-5
5.7075282303036665e-5
5.701483669687715e-5
6.628982252841684e-5
0.0005264923385526328
0.0009127614783235005
0.0
0.0
0.0
0.0
0.0
0.0
0.0
0.0
0.0
0.0
0.0
0.0
0.0
0.00254225255023545
0.001580653483370582
0.0010014609835827413
0.0008736710179376152
0.0006543166196235988
0.0005761623616051927
0.00047125244932580743
0.0004301568060667546
0.00043144343250008327
0.0012196699996374852
0.0014765802333305783
0.0
0.0
0.0
0.0
0.0
0.0
0.0
0.0
1.3874003573612387e-5
0.00013180045025825752
0.00015465226501952629
0.003455049151098996
0.002452457790295474
0.0016253683643772327
0.0007181846184385013
0.0003268489956744436
0.0001610019986506894
0.00011060863899179503
9.549444976572948e-5
7.756843811610297e-5
7.766293792262066e-5
9.509393670298325e-5
0.00010935970870538063
0.0001325842418891588
0.00022461082525089912
0.00045254308021220636
0.0
0.0
0.0
0.0
0.0
0.0
0.0
8.554743177427905e-5
9.527678771989174e-5
0.00336032036415391
0.002318596652162082
0.001494436521972176
0.0005577910961019912
0.00019006126283872845
0.00010856340829283322
6.98977886075847e-5
5.323960376308589e-5
4.269739545798391e-5
3.98136644037785e-5
5.65451320624422e-5
8.711032266646368e-5
0.0001236514284199878
0.00023931022045638748
0.00035498268731656445
0.0
0.0
0.0
0.0
0.0
0.0
0.0
0.0
0.0
0.002791767223147699
0.0018639822825205809
0.0011458311189144813
0.00041628784655908097
0.0001672503818830888
0.00011789401783074921
9.307699175465914e-5
7.309337085826403e-5
6.468130248390237e-5
6.477341369571368e-5
6.752836501521411e-5
7.96626763609317e-5
0.0001020894013750571
0.0001188742822020053
0.0002581914697120856
0.0
0.0
0.0
0.0
0.0
0.0
0.0
0.0
0.0
0.002613798975998179
0.0016376442596633448
0.0008757395123733399
0.00019747815485071153
0.00012353819172052256
6.212509920793118e-5
1.1408213267765215e-5
1.1112873513668744e-8
8.295204299807265e-9
1.8488717849312895e-9
6.557826856617446e-9
1.2396448632013078e-10
1.4712171123478596e-5
2.8826246506203167e-5
7.631424218218502e-5
0.0
0.0
0.0
0.0
0.0
0.0
0.0
0.0
0.0
0.0027952969380133814
0.001807102003632226
0.0010899323392913186
0.0002938361142965769
7.707187018118188e-5
2.9856531259364652e-5
1.0302830979034607e-5
6.2849323363835074e-9
0.0
2.110414925614776e-10
0.0
7.950641583546927e-6
6.074397388827402e-5
0.00013455689915865308
0.00027332912619911864
0.000488396086977223
0.0
0.0
0.0
0.0
0.0
0.0
0.0
0.0
0.0
0.0
0.0020142864691555344
0.0008831849982910928
0.00033744964252851474
0.00016507427656828964
9.222682687514241e-5
5.985404958109114e-5
1.3063094518438981e-5
0.0
1.6484145050774e-5
0.0002528724039792247
0.0007387674299113744
0.0
0.0
0.0
0.0
0.0
0.0
0.0
0.0
0.0
0.0
0.0
0.0023807613661114566
0.0015811810998430883
0.0009046991413953259
0.00020192532511079485
0.00010807721240605493
4.912522482854376e-5
4.302162056342834e-6
0.0
0.0
0.0
0.0
4.1902762574455284e-10
3.2167863598417264e-5
7.923452287083656e-5
0.00015343221498011607
0.0
0.0
0.0
0.0
0.0
0.0
0.0
2.038564152138311e-5
6.710504192312029e-5
0.0031775880197191272
0.0021505729262058797
0.0013577016691633484
0.0004861408548618292
0.00015882500908817625
9.553587971573583e-5
6.43068520487612e-5
6.332631540975282e-5
6.590472701957766e-5
6.926026884813612e-5
7.688627472698181e-5
0.00010487334915604766
0.00013873372881332196
0.00023025763537453726
0.00034459928154882615
0.0
0.0
0.0
0.0
0.0
0.0
0.0
0.0
4.136762618571429e-5
0.0030959047732432373
0.002149807111716401
0.0014263123004966806
0.0006354908293604061
0.00036465195772064743
0.00017928945088371498
0.00014075623224583746
0.00010679693046089991
9.578969621263881e-5
9.207123175474535e-5
9.693844771768478e-5
0.00011385808224520193
0.00016659578471076218
0.00037214343041956497
0.000556070489486282
0.0
0.0
0.0
0.0
0.0
0.0
0.0
0.0
0.0
0.003028901329249781
0.0021254921199322435
0.0012918893884668453
0.00030076818529273757
0.00011945367030641615
6.416399462061155e-5
3.196103265064815e-5
1.302708201468062e-5
2.9025932217137212e-6
3.753818082893143e-9
1.6139061610258435e-6
2.691147663563682e-5
6.629267944530864e-5
9.550722913713577e-5
0.00011271370396650002
0.0
0.0
0.0
0.0
0.0
0.0
0.0
0.0
0.0
0.0018078963152993485
0.0011370266239378738
0.0006492583291833137
0.00014505866518531847
7.521140736153647e-5
2.7876671040932414e-5
6.415980862570984e-6
0.0
0.0
0.0
2.902153910929304e-9
1.2183052762035593e-6
2.6918229130298877e-5
4.60281462954882e-5
6.471071460027715e-5
0.0
0.0
0.0
0.0
0.0
0.0
0.0
0.0
0.0
0.002059627391697787
0.0011539589662785531
0.000512263941063952
9.089670466700295e-5
1.5611836921846035e-5
2.990792693984331e-10
0.0
0.0
0.0
0.0
0.0
0.0
5.509876381130742e-10
1.8862957479928967e-5
4.611120245021052e-5
0.00014066494433273636
0.0
0.0
0.0
0.0
0.0
0.0
0.0
0.0
0.0
0.0
0.0006168062410508232
5.591833651296474e-5
0.0
0.0
0.0
0.0
0.0
0.0
0.0
0.0
0.0
0.0
0.0
0.0
0.0
0.0
0.0
0.0
0.0
0.0
0.0
0.0
0.0004981993730359899
0.00018916946827401537
6.69945333681845e-5
2.3169768560647068e-5
8.582959053226375e-6
0.0
1.4159772131072106e-5
2.773716268476091e-5
2.1900128089626312e-5
1.122849009310714e-5
1.7349937346882177e-5
4.2874960177260146e-5
9.12704125635704e-5
0.0001366175503886048
0.00017209106121271605
0.0
0.0
0.0
0.0
0.0
0.0
0.0
0.0
0.0
0.0013254338521703807
0.0009978857188092595
0.0005785948558329305
0.00015102974133034412
6.774390613315164e-5
7.39008838306158e-6
3.306101385084743e-6
1.4635403953281239e-5
1.2352668215611446e-5
5.775704768325472e-6
6.071682646583324e-6
1.5944839945037163e-5
4.489112850753202e-5
7.489937763752764e-5
9.886092344225067e-5
0.0
0.0
0.0
0.0
0.0
0.0
0.0
0.0
0.0
0.0014329472106734478
0.0007949514286794891
0.00043913946375031084
0.00011981283011963418
7.873468858894844e-5
6.729433139576074e-5
5.487115695576998e-5
1.4021071879662883e-5
2.2993383247897244e-9
0.0
1.422605432425755e-9
0.0
1.2933956705630266e-5
2.777700564395694e-5
4.2027483435693206e-5
0.0
0.0
0.0
0.0
0.0
0.0
0.0
0.0
0.0
0.0014490931863690086
0.0008063413203140513
0.0003143232866062886
6.9307842847452e-5
3.643207435669563e-5
4.110931149535793e-6
2.4109329731106068e-9
0.0
0.0
0.0
0.0
0.0
1.6230703861164715e-5
3.660669753956172e-5
6.362707303230173e-5
0.0
0.0
0.0
0.0
0.0
0.0
0.0
0.0
0.0
0.001286751568237215
0.0007728930228797157
0.00042947729536664666
9.306963603265875e-5
2.6077389069461017e-5
3.4124152985878557e-9
6.157444812577852e-9
5.6200195722293164e-9
0.0
0.0
0.0
2.3892104818452016e-9
3.0070084319312847e-6
2.220163254857392e-5
4.5971427526047026e-5
0.0
0.0
0.0
0.0
0.0
0.0
0.0
0.0
0.0
0.0017572637342106797
0.0010652748243903125
0.0006070656835876769
0.00013105629253038666
6.861352132290724e-5
1.7487756679497235e-5
3.417341057422158e-9
0.0
0.0
0.0
2.6677221829758755e-9
2.245099184915982e-6
5.1980711973656694e-5
0.00010988692424602956
0.0001603827275967415
0.0003428037785130217
0.0
0.0
0.0
0.0
0.0
0.0
0.0
0.0
0.0
0.0015225699347428336
0.0006704843605007095
0.00014814556664750168
5.7616626320749596e-5
1.2593749234134039e-5
9.079230611437545e-8
0.0
1.353082135770084e-8
1.2110754128134258e-8
5.3602488680901374e-5
0.0001692642522085768
0.0
0.0
0.0
0.0
0.0
0.0
0.0
0.0
0.0
0.0
0.0
0.0014734896148993531
0.0009034484239931839
0.0005314080669455086
0.00011900429281429149
9.514794802132671e-5
7.18218901982491e-5
3.671307119174915e-5
3.231371975544366e-6
0.0
0.0
3.1473076864091786e-9
4.82266527021316e-6
2.8802079132797936e-5
4.1797758223372515e-5
5.552611965973302e-5
0.0
0.0
0.0
0.0
0.0
0.0
0.0
0.0
0.0
0.0017273107262806393
0.0010810066386141935
0.0006424781617249047
0.00012082869677429325
6.267008555110169e-5
2.428840991542564e-5
3.07194469573574e-7
0.0
0.0
0.0
0.0
0.0
1.962396507953465e-7
2.066453640608594e-5
4.562860475769728e-5
0.0
0.0
0.0
0.0
0.0
0.0
0.0
0.0
0.0
0.0020760086808877527
0.0013578581857720587
0.0008487476674069837
0.00024363367863702593
0.00010078828255689132
5.4748611405615296e-5
4.2232991795492885e-5
2.558139460728912e-5
3.447977617090341e-6
1.1572599280577e-9
8.508298591299286e-7
1.6101371347142286e-5
4.617817315603659e-5
6.623837393705788e-5
8.494847687449954e-5
0.0
0.0
0.0
0.0
0.0
0.0
0.0
0.0
0.0
0.0025393440220952902
0.001804700413147592
0.0013252622163114577
0.0005717184793435875
0.0002120421252129151
0.00012452429436762242
9.238366473814875e-5
6.0895225011866967e-5
6.26316138470592e-5
6.880215865203285e-5
6.633483320533161e-5
6.763089049561491e-5
7.312161444258386e-5
8.512830588174395e-5
0.0001265032547709042
0.0
0.0
0.0
0.0
0.0
0.0
0.0
0.0
0.0
0.0027205276582978584
0.001883809583999403
0.001228634449482768
0.00034194372912326376
0.00012069705158117531
5.915778055725024e-5
2.514992263880106e-5
4.139469818511608e-6
1.3718108108866023e-8
1.2734211685794399e-8
1.1268255096037392e-8
3.6339352528967813e-6
3.7241751825200835e-5
7.152726964239738e-5
7.816597002444314e-5
0.0
0.0
0.0
0.0
0.0
0.0
0.0
0.0
0.0
0.0023802688591880892
0.001781953637607165
0.0011835692730080658
0.00040484425300626916
0.00011029068471067061
4.133121457965152e-5
6.928441591242392e-7
0.0
0.0
0.0
0.0
0.0
9.638269889549726e-6
6.298960832182017e-5
0.00010190560462014302
0.00034560938516664254
0.0
0.0
0.0
0.0
0.0
0.0
0.0
0.0
0.0
0.0
0.0018540809214495232
0.0010061001229606098
0.0005154977162013395
0.0003141732797950395
0.00010171791097212943
6.731890829667296e-5
2.9730089281617938e-5
1.992961183522166e-5
1.9308147688886994e-5
0.00012341940227451637
0.00047883538515267976
0.0
0.0
0.0
0.0
0.0
0.0
0.0
0.0
0.0
0.0
0.0
0.0023444203878192345
0.0015323093159876388
0.0009570898398014255
0.00022482265302642266
0.00011176906926780851
6.441915345707498e-5
3.4756300967528986e-5
2.0186792706308255e-5
1.4991078463213189e-5
4.1515862417577435e-6
3.139845598112702e-6
3.312666859947936e-5
7.992091875147957e-5
0.00010416889694358026
0.00018126525855633425
0.0
0.0
0.0
0.0
0.0
0.0
0.0
0.0
0.0
0.0028551197449510905
0.002005617053085193
0.0012920416148286277
0.00042676890372729504
0.00015275279418790804
9.192077199388372e-5
4.481591445435582e-5
1.708581808667196e-5
1.9185279298462934e-6
0.0
0.0
3.9692472776742706e-10
1.6575387501114637e-5
7.536044229058031e-5
0.00010688215037562429
0.0
0.0
0.0
0.0
0.0
0.0
0.0
0.0
0.0
0.0024403216203299134
0.0017148531796878494
0.001328913386952612
0.0006813108960546534
0.0004634594109158175
0.00046419153343471906
0.0006087615538932233
0.00041031106080231637
0.0002206512226090809
0.0001852630814198934
0.00035552315498936493
0.00043157780903132863
0.000532360456511808
0.0007955681048539585
0.000989573061724326
0.0
0.0
0.0
0.0
1.9871625202005394e-5
0.00010349032494473677
0.00014046079288396413
0.00020813765007896714
0.0002432388068213723
0.003570499656410386
0.0026318804051716827
0.001851364446543269
0.0009322078301248323
0.0004227858331208352
0.00017371574881948264
0.0001370046768091867
9.627824513151643e-5
6.306106729388177e-5
4.529304081542279e-5
4.280047618056154e-5
5.998477453085786e-5
9.036727758687978e-5
0.00011371928761485575
0.00016403358613136283
0.0
0.0
0.0
0.0
0.0
0.0
0.0
0.0
0.0
0.0026964205183139804
0.001990606557871583
0.0012434995612946838
0.0003848234788204722
0.0001553203605558146
0.00010736199176040498
6.721029267922533e-5
3.31835029609255e-5
3.7843394164668905e-5
5.6326015522216436e-5
7.074043743566122e-5
9.035381180844231e-5
0.0001142541896043374
0.00014814565379483394
0.00026273335770114596
0.0
0.0
0.0
0.0
0.0
0.0
0.0
0.0
0.0
0.0021611710063815658
0.0016384512564095429
0.0013022762581515897
0.0005026181136170152
0.00011599818694292232
5.282764475348409e-5
2.6722733208693862e-5
3.933882724615612e-6
3.401604932382414e-9
2.5861290479241008e-11
5.652389133462036e-9
4.920374743289504e-10
1.779247390874762e-6
5.333361382324787e-5
0.00011359731382698087
0.0005265355992461615
0.0
0.0
0.0
0.0
0.0
0.0
0.0
0.0
0.0
0.0
0.0019717429288862755
0.0005918165053632453
8.772065651791048e-5
2.280425532800701e-5
0.0
0.0
0.0
0.0
0.0
0.0
2.8589536765388664e-5
0.0
0.0
0.0
0.0
0.0
0.0
0.0
0.0
0.0
0.0
0.0
0.002128745419698682
0.0012772514378141108
0.000550514192638806
5.243096192424753e-5
0.0
0.0
0.0
0.0
0.0
0.0
0.0
0.0
0.0
0.0
4.0094962838969e-6
0.0
0.0
0.0
0.0
0.0
0.0
0.0
0.0
0.0
0.0020006271857503383
0.001290470563319517
0.0007812230184947512
0.00017706661944277526
7.107446471606299e-5
1.6849538545144712e-5
5.12569586406878e-10
0.0
0.0
0.0
0.0
0.0
8.050336745937307e-6
4.4889674565257524e-5
7.072646999171119e-5
0.0
0.0
0.0
0.0
0.0
0.0
0.0
0.0
0.0
0.0019304712259856772
0.0013079437079029721
0.0006424583473445064
6.793867473719523e-5
1.8682371384295342e-6
0.0
0.0
0.0
0.0
0.0
0.0
0.0
0.0
0.0
2.718020470145783e-6
0.0
0.0
0.0
0.0
0.0
0.0
0.0
0.0
0.0
0.0019144336648191545
0.0011347090635091713
0.00030084608483155347
2.384400997038473e-5
0.0
0.0
0.0
0.0
0.0
0.0
0.0
0.0
0.0
0.0
0.0
0.0
0.0
0.0
0.0
0.0
0.0
0.0
0.0
0.0
0.0011296330090865908
0.0005803080884852412
8.019909206168428e-5
1.5078793990650503e-6
0.0
0.0
0.0
0.0
0.0
0.0
0.0
0.0
0.0
0.0
0.0
0.0
0.0
0.0
0.0
0.0
0.0
0.0
0.0
0.0
0.0012911541329201565
0.0004894635299671566
3.0571521170273525e-5
0.0
0.0
0.0
0.0
0.0
0.0
0.0
0.0
0.0
0.0
0.0
0.0
3.3342523772585644e-7
0.0
0.0
0.0
0.0
0.0
0.0
0.0
0.0
0.0
0.0
0.0015151878661011412
0.0008174235764529145
0.0002694552581825728
0.0001026488317119373
4.931860168427853e-5
2.002023459766263e-5
8.98548975533903e-7
5.912264518868447e-9
2.5638263470418242e-8
0.00010508675603040565
0.0003957600417786461
0.0
0.0
0.0
0.0
0.0
0.0
0.0
0.0
0.0
0.0
0.0
0.0022245164107919657
0.0015218604342099055
0.0010243683305186232
0.0003560137967974359
0.0001271120350181708
6.725597633923439e-5
3.3623501927797956e-5
7.138745046254518e-6
6.084342539538405e-9
1.3307956805578858e-10
0.0
0.0
2.1699649922559645e-5
5.715645858154492e-5
8.208301716244966e-5
0.0
0.0
0.0
0.0
0.0
0.0
0.0
0.0
0.0
0.002281931787832493
0.0014763246686365391
0.0008822021495954698
0.00018967200910305058
8.9414095954175e-5
4.022661723939205e-5
6.7706342385227836e-6
9.155398197163313e-10
3.211337155157247e-9
0.0
0.0
0.0
1.756065967744124e-5
5.3905046632012494e-5
7.860295651914215e-5
0.0
0.0
0.0
0.0
0.0
0.0
0.0
0.0
0.0
0.0021824438065868364
0.0013964380672595355
0.0007240350727160062
0.00012206731715240178
6.573149907091368e-5
2.94034031463367e-5
3.6975618422343243e-6
0.0
0.0
0.0
0.0
0.0
4.1565239251617927e-7
2.3685223779911933e-5
5.0521998068773407e-5
0.0
0.0
0.0
0.0
0.0
0.0
0.0
0.0
0.0
0.0020661655981065916
0.0013070459020127127
0.0007916390441043651
0.00017226118812370037
6.885007068556602e-5
1.4733293309277087e-5
6.2254729403167075e-9
0.0
0.0
0.0
0.0
0.0
0.0
0.0
1.5647520506673265e-9
0.0
0.0
0.0
0.0
0.0
0.0
0.0
0.0
0.0
0.0016924402877700475
0.0010848002177394143
0.0004914786241443106
7.121252373631898e-5
1.1098878902485131e-5
6.393962915867459e-9
0.0
0.0
0.0
0.0
0.0
0.0
0.0
1.3449127808353384e-10
2.324104081548968e-5
0.0
0.0
0.0
0.0
0.0
0.0
0.0
0.0
0.0
0.0015131718397723049
0.0009672150948186368
0.0004328082692255412
6.0307449545079795e-5
1.4565003783416254e-6
0.0
0.0
0.0
0.0
0.0
0.0
0.0
0.0
0.0
0.0
0.0
0.0
0.0
0.0
0.0
0.0
0.0
0.0
0.0
0.0
0.0
0.00037242760444607565
6.431718842603944e-6
0.0
0.0
0.0
0.0
0.0
0.0
0.0
0.0
0.0
0.0
0.0
0.0
0.0
0.0
0.0
0.0
0.0
0.0
0.0
0.0
0.0010626634080288734
0.0005516433882283677
7.825296617501073e-5
6.879403760324328e-10
0.0
0.0
0.0
0.0
0.0
0.0
0.0
0.0
0.0
0.0
0.0
0.0
0.0
0.0
0.0
0.0
0.0
0.0
0.0
0.0
0.0013172667576533956
0.0007084136963548774
0.00020775800918119478
1.9676646361788866e-5
8.213820626886907e-10
0.0
0.0
0.0
0.0
0.0
0.0
0.0
0.0
0.0
0.0
0.0
0.0
0.0
0.0
0.0
0.0
0.0
0.0
0.0
0.0011987155800315928
0.0007068052088417584
0.0003419397373965455
5.293493468138334e-5
9.589856526102407e-7
0.0
0.0
0.0
0.0
0.0
0.0
0.0
0.0
0.0
0.0
0.0
0.0
0.0
0.0
0.0
0.0
0.0
0.0
0.0
0.0005527807188319437
0.00016137807121704344
3.56427381148087e-9
0.0
0.0
0.0
0.0
0.0
0.0
0.0
0.0
0.0
0.0
0.0
0.0
0.0
0.0
0.0
0.0
0.0
0.0
0.0
0.0
0.0
0.0009748961345625671
0.00042026787983743267
1.4826565713281089e-5
0.0
0.0
0.0
0.0
0.0
0.0
0.0
0.0
0.0
0.0
0.0
0.0
0.0
0.0
0.0
0.0
0.0
0.0
0.0
0.0
0.0
0.0013266430208639778
0.000693792840111457
0.00013915612489596735
5.701686068013632e-7
0.0
0.0
0.0
0.0
0.0
0.0
0.0
0.0
0.0
0.0
0.0
4.165664185818629e-6
0.0
0.0
0.0
0.0
0.0
0.0
0.0
0.0
0.0
0.0
0.0008717796491014565
0.00012725638012164926
7.867804596245898e-6
2.191374907692122e-9
0.0
0.0
0.0
0.0
0.0
0.0
1.4614227005398254e-9
0.0
0.0
0.0
0.0
0.0
0.0
0.0
0.0
0.0
0.0
0.0
0.0011232078046207424
0.0004556223287853991
4.064175016024705e-5
4.1852200607063683e-10
0.0
0.0
0.0
0.0
0.0
0.0
0.0
0.0
0.0
0.0
0.0
0.0
0.0
0.0
0.0
0.0
0.0
0.0
0.0
0.0
0.0010412553562465356
0.0006186919236588747
0.00022590928715800703
1.729502922836114e-5
0.0
0.0
0.0
0.0
0.0
0.0
0.0
0.0
0.0
0.0
0.0
0.0
0.0
0.0
0.0
0.0
0.0
0.0
0.0
0.0
0.001316893497510078
0.0008178429445717302
0.0003932102756051875
5.5847942037447184e-5
5.333478637707102e-6
0.0
0.0
0.0
0.0
0.0
0.0
0.0
0.0
0.0
0.0
0.0
0.0
0.0
0.0
0.0
0.0
0.0
0.0
0.0
0.00124977791059737
0.0006456183696946157
9.072284703826691e-5
2.5928991414756744e-9
0.0
0.0
0.0
0.0
0.0
0.0
0.0
0.0
0.0
0.0
0.0
0.0
0.0
0.0
0.0
0.0
0.0
0.0
0.0
0.0
0.0009260253818603345
0.0005321178189066095
0.00022866304807742628
4.864904718256514e-5
1.447573058672756e-5
5.827939520640179e-10
0.0
0.0
0.0
0.0
0.0
0.0
0.0
0.0
0.0
0.0
0.0
0.0
0.0
0.0
0.0
0.0
0.0
0.0
0.0014286413351436995
0.0009047626826262873
0.0005490070850787635
8.524631982475071e-5
4.435204266123538e-5
3.208893811898577e-5
2.1408999014297694e-5
2.5251184607380505e-6
3.3439131348297644e-10
0.0
0.0
0.0
1.1304110951112825e-5
0.00010760186598323959
0.0002839841213773038
0.000500433776072917
0.0
0.0
0.0
0.0
0.0
0.0
0.0
0.0
0.0
0.0
0.001860996046565736
0.0010982958942072972
0.0006472483333416112
0.0007457474326980722
0.0004340727968816625
0.00038052573310837527
0.00027858769382090563
0.00013810543443798748
0.0001222964721451128
0.0006844108067731623
0.001038534840627019
0.0
0.0
0.0
0.0
0.0
0.0
0.0
0.0
0.0
0.0
0.0
0.0027415562429899294
0.001895435977255042
0.001249174343330306
0.0006551922478710216
0.0004853799525589349
0.00030755538965464584
0.00026872160322384314
0.00020157974106569076
0.00012622089606121432
0.00010574299606526702
9.134243701897357e-5
9.6394092353677e-5
0.00014904008908610036
0.00020279036452431988
0.00033210891180647165
0.0
0.0
0.0
0.0
0.0
0.0
0.0
0.0
0.0
0.0026736529232217515
0.0017038731576541762
0.0010402116505660419
0.00028138018658727343
0.00011288275468912431
6.269543779262702e-5
1.7673048601162965e-5
1.0136652323947056e-8
4.5301649077341275e-9
0.0
0.0
4.732478008973224e-9
4.1945059321057655e-12
2.5694657418476776e-5
5.2898259143400065e-5
0.0
0.0
0.0
0.0
0.0
0.0
0.0
0.0
0.0
0.001764955497406778
0.001053089070299144
0.0005032917538346567
7.280758758318963e-5
2.5936303909515196e-5
1.635297654815055e-6
5.757017224584622e-9
0.0
0.0
0.0
0.0
0.0
0.0
0.0
9.903128554277451e-6
0.0
0.0
0.0
0.0
0.0
0.0
0.0
0.0
0.0
0.0012771709975787228
0.000725944812859347
0.0003539831995970348
9.023404376826243e-5
5.367516667634186e-5
1.2362237209206946e-5
0.0
0.0
3.059347415703082e-9
0.0
0.0
0.0
0.0
1.126204156161581e-5
3.1307879163192635e-5
0.0
0.0
0.0
0.0
0.0
0.0
0.0
0.0
0.0
0.0011605447139928914
0.0005569341753014608
0.00017610267078423616
3.408638195180019e-5
3.910501471028276e-6
0.0
1.0015968560168896e-9
0.0
0.0
0.0
0.0
0.0
0.0
4.011651361643004e-9
3.022534623919243e-10
0.0
0.0
0.0
0.0
0.0
0.0
0.0
0.0
0.0
0.000964814492184198
0.0005242044387455239
0.0002321524460972891
3.611648574132731e-5
1.116702784565602e-6
0.0
0.0
0.0
7.729810460155843e-9
4.297740655927795e-9
9.061572385948052e-6
3.4717857507882755e-5
0.00010529344758033332
0.00020280575680008768
0.0002832195305771046
0.0005128587646930242
0.0
0.0
0.0
0.0
0.0
0.0
0.0
0.0
0.0
0.0
0.0015673792179618153
0.0007758867805695225
0.0003385052928605324
0.00021641003908810964
6.64430733855765e-5
2.2385468844560164e-5
7.197518993369511e-7
0.0
1.5937605899116373e-9
5.7215611538362e-5
0.00020671892198453738
0.0
0.0
0.0
0.0
0.0
0.0
0.0
0.0
0.0
0.0
0.0
0.0013390478232931122
0.0008908354747619311
0.0005856328592288951
0.00019943090950989977
0.00012956675906888713
0.00011232239929143164
9.096423221180479e-5
6.1430311796996e-5
5.5144762933833445e-5
5.2878113630203646e-5
5.13345998174344e-5
5.2894525269940606e-5
6.743667091976446e-5
7.672916172739796e-5
9.533171522192811e-5
0.0
0.0
0.0
0.0
0.0
0.0
0.0
0.0
0.0
0.0014744537723867168
0.000843105182930494
0.0002672714483399292
3.597262293067186e-5
0.0
0.0
0.0
0.0
0.0
0.0
0.0
0.0
0.0
0.0
0.0
0.0
0.0
0.0
0.0
0.0
0.0
0.0
0.0
0.0
0.0012746382368268678
0.0006650162210284711
0.00019502886338064948
1.2651058748817402e-5
0.0
0.0
0.0
0.0
0.0
0.0
0.0
0.0
0.0
0.0
0.0
0.0
0.0
0.0
0.0
0.0
0.0
0.0
0.0
0.0
0.0010547400505266926
0.0005644164915221984
0.00013419021328017096
1.342654228893745e-5
0.0
0.0
0.0
0.0
0.0
0.0
0.0
0.0
0.0
0.0
0.0
0.0
0.0
0.0
0.0
0.0
0.0
0.0
0.0
0.0
0.0009208004467757268
0.0005187589033426335
0.0002028152543436965
3.7559034763332936e-5
5.547491264510935e-6
2.9348313988705456e-9
0.0
0.0
0.0
0.0
0.0
0.0
0.0
0.0
0.0
0.0
0.0
0.0
0.0
0.0
0.0
0.0
0.0
0.0
0.0009749727652145742
0.000552395082143584
0.00014271818333024363
9.08311817814866e-6
7.041918449268942e-9
0.0
0.0
0.0
0.0
0.0
0.0
0.0
0.0
2.726545654133534e-7
1.931066069317624e-5
0.00015302373394476384
0.0
0.0
0.0
0.0
0.0
0.0
0.0
0.0
0.0
0.0
0.0008954323996472877
0.0002709774902433195
3.646194763401856e-5
6.925120536319641e-6
7.357741285271644e-10
0.0
0.0
0.0
0.0
0.0
3.852922540096637e-5
0.0
0.0
0.0
0.0
0.0
0.0
0.0
0.0
0.0
0.0
0.0
0.0014835390528200878
0.0008798847558834029
0.0003610579855002732
5.366100361098888e-5
1.657137417701408e-5
1.8209232300561055e-9
0.0
0.0
0.0
0.0
0.0
0.0
0.0
0.0
0.0
0.0
0.0
0.0
0.0
0.0
0.0
0.0
0.0
0.0
0.0011277607184794526
0.0004991027442306668
8.691968923039946e-5
7.42170689667669e-6
9.816029337104068e-10
0.0
0.0
0.0
0.0
0.0
0.0
0.0
0.0
0.0
0.0
0.0
0.0
0.0
0.0
0.0
0.0
0.0
0.0
0.0
0.001216277519627288
0.0005005595645322779
5.478349177350889e-5
2.0430260885124607e-7
0.0
0.0
0.0
0.0
0.0
0.0
0.0
0.0
0.0
0.0
0.0
0.0
0.0
0.0
0.0
0.0
0.0
0.0
0.0
0.0
0.0011759788432142947
0.0005033327638536049
6.851289976813647e-5
1.1681555411339975e-6
0.0
0.0
0.0
0.0
0.0
0.0
0.0
0.0
0.0
0.0
0.0
0.0
0.0
0.0
0.0
0.0
0.0
0.0
0.0
0.0
0.0008955010749928228
0.000308727250412923
1.1589888001377776e-5
0.0
0.0
0.0
0.0
0.0
0.0
0.0
0.0
0.0
0.0
0.0
0.0
0.0
0.0
0.0
0.0
0.0
0.0
0.0
0.0
0.0
0.0007711517959061068
0.0004140667314875563
4.3211722904163495e-5
1.7796778499801473e-10
0.0
0.0
0.0
0.0
0.0
0.0
0.0
0.0
0.0
0.0
0.0
0.0
0.0
0.0
0.0
0.0
0.0
0.0
0.0
0.0
0.0
0.0
0.00047385634362751217
7.972535012410023e-5
1.0390812917490454e-6
0.0
0.0
0.0
0.0
0.0
0.0
0.0
0.0
0.0
0.0
0.0
0.0
0.0
0.0
0.0
0.0
0.0
0.0
0.0
0.0008812306354659163
0.000481980810865926
0.000104514863516757
6.590511945321664e-10
0.0
0.0
0.0
0.0
0.0
0.0
0.0
0.0
0.0
0.0
0.0
0.0
0.0
0.0
0.0
0.0
0.0
0.0
0.0
0.0
0.0007714368071965525
0.000420152161495892
5.997918335288469e-5
1.2191729453554958e-9
0.0
0.0
0.0
0.0
0.0
0.0
0.0
0.0
0.0
0.0
0.0
0.0
0.0
0.0
0.0
0.0
0.0
0.0
0.0
0.0
0.0005636665264801446
0.00014617548996748858
7.863093682108678e-6
4.125305410764942e-10
0.0
0.0
0.0
0.0
0.0
0.0
0.0
0.0
0.0
0.0
0.0
0.0
0.0
0.0
0.0
0.0
0.0
0.0
0.0
0.0
0.0006910577254192825
0.00034691186099326755
4.93177849946921e-5
0.0
0.0
0.0
0.0
0.0
0.0
0.0
0.0
0.0
0.0
0.0
0.0
0.0
0.0
0.0
0.0
0.0
0.0
0.0
0.0
0.0
0.0008339589459153014
0.000412045090326471
9.039976318938632e-5
1.645679190108748e-5
0.0
0.0
0.0
0.0
0.0
0.0
0.0
0.0
0.0
0.0
0.0
0.0
0.0
0.0
0.0
0.0
0.0
0.0
0.0
0.0
0.0012277294888506601
0.0007617650560705833
0.0004245451033812329
9.277056246464448e-5
5.7889825304532845e-5
9.446206825857995e-6
6.64812326041848e-9
1.2514153299422184e-9
0.0
0.0
0.0
0.0
0.0
1.771565860182817e-5
6.177202801615423e-5
0.0002593164281550505
0.0
0.0
0.0
0.0
0.0
0.0
0.0
0.0
0.0
0.0
0.0011608759539660095
0.00047088317463026995
9.379885010407207e-5
8.951043689694049e-6
0.0
0.0
0.0
0.0
0.0
0.0
0.0
0.0
0.0
0.0
0.0
0.0
0.0
0.0
0.0
0.0
0.0
0.0
0.0017116786513665797
0.0008585510683811457
0.00018297789189481722
4.73942514422476e-6
1.7285353487402954e-9
0.0
0.0
0.0
0.0
0.0
0.0
0.0
0.0
0.0
0.0
0.0
0.0
0.0
0.0
0.0
0.0
0.0
0.0
0.0
0.00132581028588394
0.0005527756285616802
6.549282580327192e-5
1.333602846607466e-9
0.0
0.0
0.0
0.0
0.0
0.0
0.0
0.0
0.0
0.0
0.0
0.0
0.0
0.0
0.0
0.0
0.0
0.0
0.0
0.0
0.00057619140115319
0.00012239098629575663
3.5265194155062215e-6
0.0
0.0
0.0
0.0
0.0
0.0
0.0
0.0
0.0
0.0
0.0
0.0
0.0
0.0
0.0
0.0
0.0
0.0
0.0
0.0
0.0
0.0006377955287915055
0.0002034532547666919
2.9259529547815837e-5
5.972553454693531e-9
5.547589648977449e-9
0.0
0.0
0.0
0.0
0.0
0.0
0.0
0.0
0.0
0.0
0.0
0.0
0.0
0.0
0.0
0.0
0.0
0.0
0.0
0.0006732617735850012
0.00023476420579756583
1.7997012031856906e-5
5.606703178392794e-9
2.5353637842101586e-10
0.0
0.0
0.0
0.0
0.0
0.0
0.0
0.0
0.0
0.0
0.0
0.0
0.0
0.0
0.0
0.0
0.0
0.0
0.0
0.0010700109100330684
0.0005715049348197477
0.0002554353924598783
3.118423208158415e-5
1.8987274518833056e-10
0.0
0.0
0.0
0.0
0.0
0.0
0.0
0.0
0.0
0.0
0.0
0.0
0.0
0.0
0.0
0.0
0.0
0.0
0.0
0.0
0.0
0.0007852414545170825
0.0001793811774023025
1.698920460009743e-5
3.639345973644114e-11
0.0
0.0
0.0
0.0
0.0
0.0
0.0
0.0
0.0
0.0
0.0
0.0
0.0
0.0
0.0
0.0
0.0
0.0
0.0
0.0
2.9299839486803625e-5
0.0
0.0
0.0
0.0
0.0
0.0
0.0
0.0
0.0
0.0
0.0
0.0
0.0
0.0
0.0
0.0
0.0
0.0
0.0
0.0
0.0
9.532028306167226e-5
5.9430437224808805e-8
0.0
0.0
0.0
0.0
0.0
0.0
0.0
0.0
0.0
0.0
0.0
0.0
0.0
0.0
0.0
0.0
0.0
0.0
0.0
0.0
0.0
0.0
8.813371311297818e-7
4.5465330734019174e-8
0.0
0.0
0.0
0.0
0.0
0.0
0.0
0.0
0.0
0.0
0.0
0.0
0.0
0.0
0.0
0.0
0.0
0.0
0.0
0.0
0.0
0.0
4.3474383518308416e-8
1.7379262342989105e-8
0.0
0.0
0.0
0.0
0.0
0.0
0.0
0.0
0.0
0.0
0.0
0.0
0.0
0.0
0.0
0.0
0.0
0.0
0.0
0.0
0.0
0.0
0.0004677730547912394
0.00013222099870920177
2.0955522831577033e-6
0.0
0.0
0.0
0.0
0.0
0.0
0.0
0.0
0.0
0.0
0.0
0.0
0.0
0.0
0.0
0.0
0.0
0.0
0.0
0.0
0.0
0.0012385396223023577
0.0005609541626545635
7.303666024602967e-5
5.3158898588982266e-9
0.0
0.0
0.0
0.0
0.0
0.0
0.0
0.0
0.0
0.0
0.0
2.4171513076722044e-8
0.0
0.0
0.0
0.0
0.0
0.0
0.0
0.0
0.0
0.0
0.0004385204592805935
1.8484801778387394e-5
6.776024587904595e-10
0.0
0.0
0.0
0.0
0.0
0.0
0.0
0.0
0.0
0.0
0.0
0.0
0.0
0.0
0.0
0.0
0.0
0.0
0.0
0.0005639421485927945
0.000238562247948773
5.137399649027041e-5
4.005445461002953e-6
3.1424706078341085e-9
0.0
0.0
0.0
0.0
0.0
0.0
0.0
0.0
0.0
0.0
0.0
0.0
0.0
0.0
0.0
0.0
0.0
0.0
0.0
0.0007116054565725568
0.00035705653633337476
0.00010330533199796229
1.9389096604877008e-5
3.2284042202368346e-6
1.5081116402100269e-9
2.3781671486278724e-11
0.0
0.0
0.0
0.0
0.0
0.0
0.0
0.0
0.0
0.0
0.0
0.0
0.0
0.0
0.0
0.0
0.0
0.0008873322976121361
0.00035093597988772156
6.811741115505993e-5
1.006542499599001e-5
0.0
0.0
0.0
0.0
0.0
0.0
0.0
0.0
0.0
0.0
0.0
0.0
0.0
0.0
0.0
0.0
0.0
0.0
0.0
0.0
0.0005215402511560403
0.00020540902542724984
2.6688854212363657e-5
2.1710472701035125e-9
0.0
0.0
0.0
0.0
0.0
0.0
0.0
0.0
0.0
0.0
0.0
0.0
0.0
0.0
0.0
0.0
0.0
0.0
0.0
0.0
0.0003939618484343279
9.913976941077701e-5
3.6316498866412456e-5
1.3007033283738895e-9
6.105957389233719e-9
0.0
0.0
0.0
0.0
0.0
0.0
0.0
0.0
0.0
0.0
0.0
0.0
0.0
0.0
0.0
0.0
0.0
0.0
0.0
0.0005372236912490121
0.0001651269530709728
2.948775147948107e-5
3.0081660094041927e-9
0.0
0.0
0.0
0.0
0.0
0.0
0.0
0.0
0.0
0.0
0.0
1.2232359309858125e-8
0.0
0.0
0.0
0.0
0.0
0.0
0.0
0.0
0.0
0.0
0.0005025283646933244
0.0001030923871668515
3.240514193497808e-6
4.0597290617134856e-9
0.0
0.0
0.0
0.0
0.0
0.0
0.0
0.0
0.0
0.0
0.0
0.0
0.0
0.0
0.0
0.0
0.0
0.0
0.0004671666754259118
0.00015612683062900468
1.982758624490952e-5
2.033041463848966e-9
0.0
0.0
0.0
0.0
0.0
0.0
0.0
0.0
0.0
0.0
0.0
0.0
0.0
0.0
0.0
0.0
0.0
0.0
0.0
0.0
0.00040250253403797785
7.834967335308674e-5
5.114880896917225e-6
0.0
0.0
0.0
0.0
0.0
0.0
0.0
0.0
0.0
0.0
0.0
0.0
0.0
0.0
0.0
0.0
0.0
0.0
0.0
0.0
0.0
0.00031298869655470144
4.366156229338767e-5
3.4878815815840903e-9
0.0
0.0
0.0
0.0
0.0
0.0
0.0
0.0
0.0
0.0
0.0
0.0
0.0
0.0
0.0
0.0
0.0
0.0
0.0
0.0
0.0
0.0005686146973348911
0.0002274845249867922
2.9750586404529123e-5
3.885534354133073e-12
0.0
0.0
0.0
0.0
0.0
0.0
0.0
0.0
0.0
0.0
0.0
0.0
0.0
0.0
0.0
0.0
0.0
0.0
0.0
0.0
0.0004270411752685996
6.59420864313653e-5
9.143802486805364e-7
0.0
0.0
0.0
0.0
0.0
0.0
0.0
0.0
0.0
0.0
0.0
0.0
0.0
0.0
0.0
0.0
0.0
0.0
0.0
0.0
0.0
0.00012140876121778262
1.401939867794819e-5
3.8756844338047015e-8
0.0
0.0
0.0
0.0
0.0
0.0
0.0
0.0
0.0
0.0
0.0
0.0
0.0
0.0
0.0
0.0
0.0
0.0
0.0
0.0
0.0
0.0
0.0
1.1119090977839596e-5
1.0097094147076744e-8
0.0
0.0
0.0
0.0
0.0
0.0
0.0
0.0
0.0
0.0
0.0
0.0
0.0
0.0
0.0
0.0
0.0
0.0
0.0
0.0
0.0004187728740106272
5.9080532945434085e-5
3.061933692494964e-7
0.0
0.0
0.0
0.0
0.0
0.0
0.0
0.0
0.0
0.0
0.0
0.0
0.0
0.0
0.0
0.0
0.0
0.0
0.0
0.0
0.0
0.0005403224935184093
7.29767875388543e-5
3.963300056298133e-8
0.0
0.0
0.0
0.0
0.0
0.0
0.0
0.0
0.0
0.0
0.0
0.0
0.0
0.0
0.0
0.0
0.0
0.0
0.0
0.0
0.0
0.00040353042843183486
6.660133104642432e-5
1.354436208284404e-6
0.0
0.0
0.0
0.0
0.0
0.0
0.0
0.0
0.0
0.0
0.0
0.0
0.0
0.0
0.0
0.0
0.0
0.0
0.0
0.0
0.0
0.00039107270478381303
4.2508325001204165e-5
2.576353738703036e-8
0.0
0.0
0.0
0.0
0.0
0.0
0.0
0.0
0.0
0.0
0.0
0.0
0.0
0.0
0.0
0.0
0.0
0.0
0.0
0.0
0.0
6.583554497455386e-6
0.0
0.0
0.0
0.0
0.0
0.0
0.0
0.0
0.0
0.0
0.0
0.0
0.0
0.0
0.0
0.0
0.0
0.0
0.0
0.0
0.0
0.0
0.0
4.592521897386685e-5
6.368884928620571e-8
2.0672128259466563e-8
0.0
0.0
0.0
0.0
0.0
0.0
0.0
0.0
0.0
0.0
0.0
0.0
0.0
0.0
0.0
0.0
0.0
0.0
0.0
0.0
0.0
0.0
0.0
6.150483916708425e-5
1.8807106936083557e-8
0.0
0.0
0.0
0.0
0.0
0.0
0.0
0.0
0.0
0.0
0.0
0.0
0.0
0.0
0.0
0.0
0.0
0.0
0.0
0.0
0.0001669703749605364
7.337361865387761e-6
2.873949967819896e-10
0.0
0.0
0.0
0.0
0.0
0.0
0.0
0.0
0.0
0.0
0.0
0.0
0.0
0.0
0.0
0.0
0.0
0.0
0.0
0.0
0.0
0.00024874925892159655
2.884252143829894e-5
1.6473250535429317e-10
0.0
0.0
0.0
0.0
0.0
0.0
0.0
0.0
0.0
0.0
0.0
0.0
0.0
0.0
0.0
0.0
0.0
0.0
0.0
0.0
0.0
0.00024401943348850735
2.0870827408470828e-5
3.1018964559974523e-9
0.0
0.0
0.0
0.0
0.0
0.0
0.0
0.0
0.0
0.0
0.0
0.0
0.0
0.0
0.0
0.0
0.0
0.0
0.0
0.0
0.0
0.00035273307246921464
9.502860500031005e-6
0.0
0.0
0.0
0.0
0.0
0.0
0.0
0.0
0.0
0.0
0.0
0.0
0.0
0.0
0.0
0.0
0.0
0.0
0.0
0.0
0.0
0.0
2.063846241685042e-5
4.921191291599831e-8
0.0
0.0
0.0
0.0
0.0
0.0
0.0
0.0
0.0
0.0
0.0
0.0
0.0
0.0
0.0
0.0
0.0
0.0
0.0
0.0
0.0
0.0
0.0001485015512124857
4.3283561394737703e-8
0.0
0.0
0.0
0.0
0.0
0.0
0.0
0.0
0.0
0.0
0.0
0.0
0.0
0.0
0.0
0.0
0.0
0.0
0.0
0.0
0.0
0.0
0.0
0.0
0.0
6.025949794341005e-9
0.0
0.0
0.0
0.0
0.0
0.0
0.0
0.0
0.0
0.0
0.0
0.0
0.0
0.0
0.0
0.0
0.0
0.0
0.0
0.0
0.00025562301325055697
3.1310324566051305e-5
1.0933289569052904e-10
0.0
0.0
0.0
0.0
0.0
0.0
0.0
0.0
0.0
0.0
0.0
0.0
0.0
0.0
0.0
0.0
0.0
0.0
0.0
0.0
0.0
7.741087384489867e-5
3.5764882603197212e-6
2.387678364083381e-10
0.0
0.0
0.0
0.0
0.0
0.0
0.0
0.0
0.0
0.0
0.0
0.0
0.0
0.0
0.0
0.0
0.0
0.0
0.0
0.0
0.0
0.0
0.0
1.960948658955485e-5
0.0
0.0
0.0
0.0
0.0
0.0
0.0
0.0
0.0
0.0
0.0
0.0
0.0
0.0
0.0
0.0
0.0
0.0
0.0
0.0
0.0
1.6063876369830656e-6
2.3199072078454962e-8
0.0
0.0
0.0
0.0
0.0
0.0
0.0
0.0
0.0
0.0
0.0
0.0
0.0
0.0
0.0
0.0
0.0
0.0
0.0
0.0
0.0
0.0
1.0130164583962938e-7
5.085310598391242e-10
0.0
0.0
0.0
0.0
0.0
0.0
0.0
0.0
0.0
0.0
0.0
0.0
0.0
0.0
0.0
0.0
0.0
0.0
0.0
0.0
0.0
0.0
5.552165327776235e-10
2.285940592180104e-11
0.0
0.0
0.0
0.0
0.0
0.0
0.0
0.0
0.0
0.0
0.0
0.0
0.0
0.0
0.0
0.0
0.0
0.0
0.0
0.0
0.0
0.0
0.0
0.0
0.0
0.0
0.0
0.0
0.0
0.0
0.0
0.0
0.0
0.0
0.0
0.0
0.0
0.0
0.0
0.0
0.0
0.0
0.0
0.0
0.0
0.0
1.3575536778371403e-7
0.0
0.0
0.0
0.0
0.0
0.0
0.0
0.0
0.0
0.0
0.0
0.0
0.0
0.0
0.0
0.0
0.0
0.0
0.0
0.0
0.0
0.0
0.0
0.0
0.0
0.0
0.0
0.0
0.0
0.0
0.0
0.0
0.0
0.0
0.0
0.0
0.0
0.0
0.0
0.0
0.0
0.0
0.0
0.0
0.0
0.0
0.0
0.0
0.0
0.0
0.0
0.0
0.0
0.0
0.0
0.0
0.0
0.0
0.0
0.0
0.0
0.0
0.0
0.0
0.0
0.0
0.0
0.0
0.0
0.0
0.0
0.0
0.0
0.0
0.0
0.0
0.0
0.0
0.0
0.0
0.0
0.0
0.0
0.0
0.0
0.0
0.0
0.0
0.0
0.0
0.0
0.0
0.0
0.0
0.0
0.0
0.0
0.0
0.0
0.0
0.0
0.0
0.0
0.0
0.0
0.0
0.0
0.0
0.0
0.0
0.0
0.0
0.0
0.0
0.0
0.0
0.0
0.0
0.0
0.0
0.0
0.0
0.0
0.0
0.0
0.0
0.0
0.0
0.0
0.0
0.0
0.0
0.0
0.0
0.0
0.0
0.0
0.0
0.0
0.0
0.0
0.0
0.0
0.0
0.0
0.0
0.0
0.0
0.0
0.0
0.0
0.0
0.0
0.0
0.0
0.0
0.0
0.0
0.0
0.0
0.0
0.0
0.0
0.0
0.0
0.0
0.0
0.0
0.0
0.0
0.0
0.0
0.0
0.0
0.0
0.0
0.0
0.0
0.0
0.0
0.0
0.0
0.0
0.0
0.0
0.0
0.0
0.0
0.0
0.0
0.0
4.299521640488692e-9
0.0
0.0
0.0
0.0
0.0
0.0
0.0
0.0
0.0
0.0
0.0
0.0
0.0
0.0
0.0
0.0
0.0
0.0
0.0
0.0
0.0
0.0
0.0
1.5068079475143485e-6
3.329589870487324e-8
0.0
0.0
0.0
0.0
0.0
0.0
0.0
0.0
0.0
0.0
0.0
0.0
0.0
0.0
0.0
0.0
0.0
0.0
0.0
0.0
0.0
0.0
1.8301560476752385e-8
0.0
0.0
0.0
0.0
0.0
0.0
0.0
0.0
0.0
0.0
0.0
0.0
0.0
0.0
0.0
0.0
0.0
0.0
0.0
0.0
0.0
0.0
0.0
0.0
0.0
0.0
0.0
0.0
0.0
0.0
0.0
0.0
0.0
0.0
0.0
0.0
0.0
0.0
0.0
0.0
0.0
0.0
0.0
0.0
0.0
0.0
0.0
0.0
0.0
0.0
0.0
0.0
0.0
0.0
0.0
0.0
0.0
0.0
0.0
0.0
0.0
0.0
0.0
0.0
0.0
0.0
0.0
0.0
0.0
0.0
0.0
0.0
0.0
0.0
0.0
0.0
0.0
0.0
0.0
0.0
0.0
0.0
0.0
0.0
0.0
0.0
0.0
0.0
0.0
0.0
0.0
0.0
0.0
0.0
0.0
0.0
0.0
0.0
0.0
0.0
0.0
0.0
0.0
0.0
0.0
0.0
0.0
0.0
0.0
0.0
0.0
0.0
0.0
0.0
0.0
0.0
0.0
0.0
0.0
0.0
0.0
0.0
0.0
0.0
0.0
0.0
0.0
0.0
0.0
0.0
0.0
0.0
0.0
0.0
0.0
0.0
0.0
0.0
0.0
0.0
0.0
0.0
0.0
0.0
0.0
0.0
0.0
0.0
0.0
0.0
0.0
0.0
0.0
0.0
0.0
0.0
0.0
0.0
0.0
0.0
0.0
0.0
0.0
0.0
0.0
0.0
0.0
0.0
0.0
0.0
0.0
0.0
0.0
0.0
0.0
0.0
0.0
0.0
0.0
0.0
0.0
0.0
0.0
0.0
0.0
0.0
0.0
0.0
0.0
0.0
0.0
0.0
0.0
0.0
0.0
0.0
0.0
0.0
0.0
0.0
0.0
0.0
0.0
0.0
0.0
0.0
0.0
0.0
0.0
0.0
0.0
0.0
0.0
0.0
0.0
0.0
0.0
0.0
0.0
0.0
0.0
0.0
0.0
0.0
0.0
0.0
0.0
0.0
0.0
0.0
0.0
0.0
0.0
0.0
0.0
0.0
0.0
0.0
0.0
0.0
0.0
0.0
0.0
0.0
0.0
0.0
0.0
0.0
0.0
0.0
0.0
0.0
0.0
0.0
0.0
0.0
0.0
0.0
0.0
0.0
0.0
0.0
0.0
0.0
0.0
0.0
0.0
0.0
0.0
0.0
0.0
0.0
0.0
0.0
0.0
0.0
0.0
0.0
0.0
0.0
0.0
0.0
0.0
0.0
0.0
0.0
0.0
0.0
0.0
0.0
0.0
0.0
0.0
0.0
0.0
0.0
0.0
0.0
0.0
0.0
0.0
0.0
0.0
0.0
0.0
0.0
0.0
0.0
0.0
0.0
0.0
0.0
0.0
0.0
0.0
0.0
0.0
0.0
0.0
0.0
0.0
0.0
0.0
0.0
0.0
0.0
0.0
0.0
0.0
0.0
0.0
0.0
0.0
0.0
0.0
1.3768310726127626e-8
0.0
0.0
0.0
0.0
0.0
0.0
0.0
0.0
0.0
0.0
0.0
0.0
0.0
0.0
0.0
0.0
0.0
0.0
0.0
0.0
0.0
0.0
0.0
0.0
0.0
0.0
0.0
0.0
0.0
0.0
0.0
0.0
0.0
0.0
0.0
0.0
0.0
0.0
0.0
0.0
0.0
0.0
0.0
0.0
0.0
0.0
0.0
0.0
0.0
0.0
0.0
0.0
0.0
0.0
0.0
0.0
0.0
0.0
0.0
0.0
0.0
0.0
0.0
0.0
0.0
0.0
0.0
0.0
0.0
0.0
0.0
0.0
0.0
2.509910843130495e-6
0.0
0.0
0.0
0.0
0.0
0.0
0.0
0.0
0.0
0.0
0.0
0.0
0.0
0.0
0.0
0.0
0.0
0.0
0.0
0.0
0.0
0.0002793333627701236
3.925788275248725e-5
3.1489791543791217e-7
0.0
0.0
0.0
0.0
0.0
0.0
0.0
0.0
0.0
0.0
0.0
0.0
0.0
0.0
0.0
0.0
0.0
0.0
0.0
0.0
0.0
4.013350892677792e-8
0.0
0.0
0.0
0.0
0.0
0.0
0.0
0.0
0.0
0.0
0.0
0.0
0.0
0.0
0.0
0.0
0.0
0.0
0.0
0.0
0.0
0.0
0.0
0.0
0.0
0.0
0.0
0.0
0.0
0.0
0.0
0.0
0.0
0.0
0.0
0.0
0.0
0.0
0.0
0.0
0.0
0.0
0.0
0.0
0.0
0.0
0.0
0.0
0.0
0.0
0.0
0.0
0.0
0.0
0.0
0.0
0.0
0.0
0.0
0.0
0.0
0.0
0.0
0.0
0.0
0.0
0.0
0.0
0.0
0.0
0.0
4.0366989864345665e-8
0.0
0.0
0.0
0.0
0.0
0.0
0.0
0.0
0.0
0.0
0.0
0.0
0.0
0.0
0.0
0.0
0.0
0.0
0.0
0.0
0.0
0.0
0.0
0.0
0.0
0.0
0.0
0.0
0.0
0.0
0.0
0.0
0.0
0.0
0.0
0.0
0.0
0.0
0.0
0.0
0.0
0.0
0.0
0.0
0.0
0.0
0.0
0.0
0.0
0.0
0.0
0.0
0.0
0.0
0.0
0.0
0.0
0.0
0.0
0.0
0.0
0.0
0.0
0.0
0.0
0.0
0.0
0.0
0.0
0.0
0.0
0.0
0.0
0.0
0.0
0.0
0.0
0.0
0.0
0.0
0.0
0.0
0.0
0.0
0.0
0.0
0.0
0.0
0.0
0.0
0.0
0.0
0.0
0.0
0.0
0.0
0.0
0.0
0.0
0.0
0.0
0.0
0.0
0.0
0.0
0.0
0.0
0.0
0.0
0.0
0.0
0.0
0.0
0.0
0.0
0.0
0.0
0.0
0.0
0.0
0.0
0.0
0.0
0.0
0.0
0.0
0.0
0.0
0.0
0.0
0.0
0.0
0.0
0.0
0.0
0.0
0.0
0.0
0.0
0.0
0.0
0.0
0.0
0.0
0.0
0.0
0.0
0.0
0.0
0.0
0.0
0.0
0.0
0.0
0.0
0.0
0.0
0.0
0.0
0.0
0.0
0.0
0.0
0.0
0.0
0.0
0.0
0.0
0.0
0.0
0.0
0.0
0.0
0.0
0.0
0.0
0.0
0.0
0.0
0.0
0.0
0.0
0.0
0.0
0.0
0.0
0.0
0.0
0.0
0.0
0.0
0.0
0.0
0.0
0.0
0.0
0.0
0.0
0.0
0.0
0.0
0.0
0.0
0.0
0.0
0.0
0.0
0.0
0.0
0.0
0.0
0.0
0.0
0.0
0.0
0.0
0.0
2.926386247528486e-6
0.0
0.0
0.0
0.0
0.0
0.0
0.0
0.0
0.0
0.0
0.0
0.0
0.0
0.0
0.0
0.0
0.0
0.0
0.0
0.0
0.0
0.0
0.0
0.0
0.0
0.0
0.0
0.0
0.0
0.0
0.0
0.0
0.0
0.0
0.0
0.0
0.0
0.0
0.0
0.0
0.0
0.0
0.0
0.0
0.0
0.0
0.0
0.0
0.0
0.0
0.0
0.0
0.0
0.0
0.0
0.0
0.0
0.0
0.0
0.0
0.0
0.0
0.0
0.0
0.0
0.0
0.0
0.0
0.0
0.0
1.1173763484616668e-8
0.0
0.0
0.0
0.0
0.0
0.0
0.0
0.0
0.0
0.0
0.0
0.0
0.0
0.0
0.0
0.0
0.0
0.0
0.0
0.0
0.0
0.0
3.382201642730254e-10
0.0
0.0
0.0
0.0
0.0
0.0
0.0
0.0
0.0
0.0
0.0
0.0
0.0
0.0
0.0
0.0
0.0
0.0
0.0
0.0
0.0
0.0
0.0
0.0
0.0
0.0
0.0
0.0
0.0
0.0
0.0
0.0
0.0
0.0
0.0
0.0
0.0
0.0
0.0
0.0
0.0
0.0
0.0
0.0
0.0
0.0
0.0
0.0
0.0
0.0
0.0
0.0
0.0
0.0
0.0
0.0
0.0
0.0
0.0
0.0
0.0
0.0
0.0
0.0
0.0
0.0
0.0
0.0
0.0
0.0
0.0
0.0
0.0
0.0
0.0
0.0
0.0
0.0
0.0
0.0
0.0
0.0
0.0
0.0
0.0
0.0
0.0
0.0
0.0
0.0
0.0
0.0
0.0
0.0
0.0
0.0
0.0
0.0
0.0
0.0
0.0
0.0
0.0
0.0
0.0
0.0
0.0
0.0
0.0
0.0
0.0
0.0
0.0
0.0
0.0
0.0
0.0
0.0
0.0
0.0
0.0
0.0
0.0
0.0
0.0
0.0
0.0
0.0
0.0
0.0
0.0
0.0
0.0
0.0
0.0
0.0
0.0
0.0
0.0
0.0
0.0
0.0
0.0
0.0
0.0
0.0
0.0
0.0
0.0
0.0
0.0
0.0
0.0
0.0
0.0
0.0
0.0
0.0
0.0
0.0
0.0
0.0
0.0
0.0
0.0
0.0
0.0
0.0
0.0
0.0
0.0
0.0
0.0
0.0
0.0
0.0
0.0
0.0
0.0
0.0
0.0
0.0
0.0
0.0
0.0
0.0
0.0
0.0
0.0
0.0
0.0
4.2548688641352404e-7
2.385858639556219e-8
0.0
0.0
0.0
0.0
0.0
0.0
0.0
0.0
0.0
0.0
0.0
0.0
0.0
0.0
0.0
0.0
0.0
0.0
0.0
0.0
0.0
0.0
1.2409558437956283e-6
3.320050202239769e-8
0.0
0.0
0.0
0.0
0.0
0.0
0.0
0.0
0.0
0.0
0.0
0.0
0.0
0.0
0.0
0.0
0.0
0.0
0.0
0.0
0.0
0.0
0.0
0.0
0.0
0.0
0.0
0.0
0.0
0.0
0.0
0.0
0.0
0.0
0.0
0.0
0.0
0.0
0.0
0.0
0.0
0.0
0.0
0.0
0.0
0.0
0.0
0.0
0.0
0.0
0.0
0.0
0.0
0.0
0.0
0.0
0.0
0.0
0.0
0.0
0.0
0.0
0.0
0.0
0.0
0.0
0.0
0.0
0.0
0.0
0.0
0.0
0.0
0.0
0.0
0.0
0.0
0.0
0.0
0.0
0.0
0.0
0.0
0.0
0.0
0.0
0.0
0.0
0.0
0.0
0.0
0.0
0.0
0.0
9.054768945280344e-6
8.486186888139749e-8
0.0
0.0
0.0
0.0
0.0
0.0
0.0
0.0
0.0
0.0
0.0
0.0
0.0
0.0
0.0
0.0
0.0
0.0
0.0
0.0
0.0
0.0
0.0
0.0
0.0
0.0
0.0
0.0
0.0
0.0
0.0
0.0
0.0
0.0
0.0
0.0
0.0
0.0
0.0
0.0
0.0
0.0
0.0
0.0
0.0
0.0
0.0
0.0
0.0
0.0
0.0
0.0
0.0
0.0
0.0
0.0
0.0
0.0
0.0
0.0
0.0
0.0
0.0
0.0
0.0
0.0
0.0
0.0
0.0
0.0
0.0
0.0
0.0
0.0
0.0
0.0
0.0
0.0
0.0
0.0
0.0
0.0
0.0
0.0
0.0
0.0
0.0
0.0
0.0
0.0
0.0
0.0
0.0
0.0
0.0
0.0
0.0
0.0
0.0
0.0
0.0
0.0
0.0
0.0
0.0
0.0
0.0
0.0
0.0
0.0
0.0
0.0
0.0
0.0
0.0
0.0
0.0
0.0
0.0
0.0
0.0
0.0
0.0
0.0
0.0
0.0
0.0
0.0
0.0
0.0
0.0
0.0
0.0
0.0
0.0
0.0
0.0
0.0
0.0
0.0
0.0
0.0
0.0
0.0
0.0
0.0
0.0
0.0
0.0
0.0
0.0
0.0
0.0
0.0
0.0
0.0
0.0
0.0
0.0
0.0
0.0
0.0
0.0
0.0
0.0
0.0
0.0
0.0
0.0
0.0
0.0
0.0
0.0
0.0
0.0
0.0
0.0
0.0
0.0
0.0
0.0
0.0
0.0
0.0
0.0
0.0
0.0
0.0
0.0
0.0
0.0
0.0
0.0
0.0
0.0
0.0
0.0
0.0
0.0
0.0
0.0
0.0
0.0
0.0
0.0
0.0
0.0
0.0
0.0
0.0
0.0
0.0
0.0
0.0
0.0
0.0
0.0
0.0
0.0
0.0
0.0
0.0
0.0
0.0
0.0
0.0
0.0
0.0
0.0
0.0
0.0
0.0
0.0
0.0
0.0
0.0
0.0
0.0
0.0
0.0
0.0
0.0
0.0
0.0
0.0
0.0
0.0
0.0
0.0
0.0
0.0
0.0
0.0
0.0
0.0
0.0
0.0
0.0
0.0
0.0
0.0
0.0
0.0
0.0
0.0
0.0
0.0
0.0
0.0
0.0
0.0
0.0
0.0
0.0
0.0
0.0
0.0
0.0
0.0
0.0
0.0
0.0
0.0
0.0
0.0
0.0
1.9027270294394543e-7
1.6651517813764018e-8
0.0
0.0
0.0
0.0
0.0
0.0
0.0
0.0
0.0
0.0
0.0
0.0
0.0
0.0
0.0
0.0
0.0
0.0
0.0
0.0
0.0
0.0
0.0
0.0
0.0
0.0
0.0
0.0
0.0
0.0
0.0
0.0
0.0
0.0
0.0
0.0
0.0
0.0
0.0
0.0
0.0
0.0
0.0
0.0
0.0
0.0
0.0
0.0
0.0
0.0
0.0
0.0
0.0
0.0
0.0
0.0
0.0
0.0
0.0
0.0
0.0
0.0
0.0
0.0
0.0
0.0
0.0
0.0
0.0
0.0
5.3013337666548574e-5
0.0
0.0
0.0
0.0
0.0
0.0
0.0
0.0
0.0
0.0
0.0
0.0
0.0
0.0
0.0
0.0
0.0
0.0
0.0
0.0
0.0
0.0
0.0
0.0002834258382998689
6.293558958783414e-5
2.8418675418908632e-6
0.0
0.0
0.0
0.0
0.0
0.0
0.0
0.0
0.0
0.0
0.0
0.0
0.0
0.0
0.0
0.0
0.0
0.0
0.0
0.0
0.0
0.00021943172332998472
4.949053610671389e-5
1.0568154658679458e-6
0.0
0.0
0.0
0.0
0.0
0.0
0.0
0.0
0.0
0.0
0.0
0.0
0.0
0.0
0.0
0.0
0.0
0.0
0.0
0.0
0.0
0.0
0.0
1.5007748925114036e-10
0.0
0.0
0.0
0.0
0.0
0.0
0.0
0.0
0.0
0.0
0.0
0.0
0.0
0.0
0.0
0.0
0.0
0.0
0.0
0.0
0.0
0.0
0.0
0.0
0.0
0.0
0.0
0.0
0.0
0.0
0.0
0.0
0.0
0.0
0.0
0.0
0.0
0.0
0.0
0.0
0.0
0.0
0.0
0.0
0.0
0.0
0.0
0.0
0.0
0.0
0.0
0.0
0.0
0.0
0.0
0.0
0.0
0.0
0.0
0.0
0.0
0.0
0.0
0.0
0.0
0.0
0.0
0.0
0.0
0.0
0.0
0.0
0.0
0.0
0.0
0.0
0.0
0.0
0.0
0.0
0.0
0.0
0.0
0.0
0.0
0.0
0.0
0.0
0.0
0.0
0.0
0.0
0.0
1.1078333826889695e-7
0.0
0.0
0.0
0.0
0.0
0.0
0.0
0.0
0.0
0.0
0.0
0.0
0.0
0.0
0.0
0.0
0.0
0.0
0.0
0.0
0.0
0.0
0.0
0.0
0.0
0.0
0.0
0.0
0.0
0.0
0.0
0.0
0.0
0.0
0.0
0.0
0.0
0.0
0.0
0.0
0.0
0.0
0.0
0.0
0.0
0.0
0.0
0.0
0.0
0.0
0.0
0.0
0.0
0.0
0.0
0.0
0.0
0.0
0.0
0.0
0.0
0.0
0.0
0.0
0.0
0.0
0.0
0.0
0.0
0.0
0.0
0.0
0.0
2.17303292964672e-7
0.0
0.0
0.0
0.0
0.0
0.0
0.0
0.0
0.0
0.0
0.0
0.0
0.0
0.0
0.0
0.0
0.0
0.0
0.0
0.0
0.0
0.00019976459680744822
4.613239571250712e-5
7.641385645452987e-7
0.0
0.0
0.0
0.0
0.0
0.0
0.0
0.0
0.0
0.0
0.0
0.0
0.0
0.0
0.0
0.0
0.0
0.0
0.0
0.0
0.0
4.523322146839657e-9
0.0
0.0
0.0
0.0
0.0
0.0
0.0
0.0
0.0
0.0
0.0
0.0
0.0
0.0
0.0
0.0
0.0
0.0
0.0
0.0
0.0
0.0
0.0
0.0003394185193900393
9.092106927484868e-5
2.9197299781360024e-6
0.0
0.0
0.0
0.0
0.0
0.0
0.0
0.0
0.0
0.0
0.0
0.0
0.0
0.0
0.0
0.0
0.0
0.0
0.0
0.0
0.0
0.0005633991817401946
0.00011191997894707115
3.1038252797826916e-6
0.0
0.0
0.0
0.0
0.0
0.0
0.0
0.0
0.0
0.0
0.0
0.0
0.0
0.0
0.0
0.0
0.0
0.0
0.0
0.0
0.0
0.00029692060913917074
4.197848092921553e-5
1.4115487164094048e-6
0.0
0.0
0.0
0.0
0.0
0.0
0.0
0.0
0.0
0.0
0.0
0.0
0.0
0.0
0.0
0.0
0.0
0.0
0.0
0.0
0.0
8.773442617530647e-7
1.5873381920229172e-8
0.0
0.0
0.0
0.0
0.0
0.0
0.0
0.0
0.0
0.0
0.0
0.0
0.0
0.0
0.0
0.0
0.0
0.0
0.0
0.0
0.0
0.0
0.0
0.0
5.249392349554045e-6
0.0
0.0
0.0
0.0
0.0
0.0
0.0
0.0
0.0
0.0
0.0
0.0
0.0
0.0
0.0
0.0
0.0
0.0
0.0
0.0
0.0
0.0
0.0
0.0002659292533574487
1.8721793340683463e-5
0.0
0.0
0.0
0.0
0.0
0.0
0.0
0.0
0.0
0.0
0.0
0.0
0.0
0.0
0.0
0.0
0.0
0.0
0.0
0.0
5.118705321867758e-5
9.089177786564839e-6
0.0
0.0
0.0
0.0
0.0
0.0
0.0
0.0
0.0
0.0
0.0
0.0
0.0
0.0
0.0
0.0
0.0
0.0
0.0
0.0
0.0
0.0
7.15267999128637e-6
0.0
0.0
0.0
0.0
0.0
0.0
0.0
0.0
0.0
0.0
0.0
0.0
0.0
0.0
0.0
0.0
0.0
0.0
0.0
0.0
0.0
0.0
0.0
8.710143618262736e-6
0.0
0.0
0.0
0.0
0.0
0.0
0.0
0.0
0.0
0.0
0.0
0.0
0.0
0.0
0.0
0.0
0.0
0.0
0.0
0.0
0.0
0.0
0.0
3.9134664841719237e-5
3.188455915072182e-6
0.0
0.0
0.0
0.0
0.0
0.0
0.0
0.0
0.0
0.0
0.0
0.0
0.0
0.0
0.0
0.0
0.0
0.0
0.0
0.0
0.0
0.0
0.00017820632186113647
3.576427421197347e-5
6.812218737015467e-6
1.9831457069589667e-9
0.0
0.0
0.0
0.0
0.0
0.0
0.0
0.0
0.0
0.0
0.0
0.0
0.0
0.0
0.0
0.0
0.0
0.0
0.0
0.0
0.0
0.0
1.2275571325377048e-5
1.7970308026950924e-8
0.0
0.0
0.0
0.0
0.0
0.0
0.0
0.0
0.0
0.0
0.0
0.0
0.0
0.0
0.0
0.0
0.0
0.0
0.0
0.0
0.0001332015812494137
2.971477612588459e-5
5.224104735082965e-7
0.0
0.0
0.0
0.0
0.0
0.0
0.0
0.0
0.0
0.0
0.0
0.0
0.0
0.0
0.0
0.0
0.0
0.0
0.0
0.0
0.0
0.0007733384664546567
0.00030534072456828273
3.2769609664862225e-5
6.642182134484009e-10
0.0
0.0
0.0
0.0
0.0
0.0
0.0
0.0
0.0
0.0
0.0
0.0
0.0
0.0
0.0
0.0
0.0
0.0
0.0
0.0
0.0004668296919564397
0.0001490839602439851
2.33736893071555e-5
2.7487890737196617e-10
0.0
0.0
0.0
0.0
0.0
0.0
0.0
0.0
0.0
0.0
0.0
0.0
0.0
0.0
0.0
0.0
0.0
0.0
0.0
0.0
0.00036680648551836934
0.00019784098594828327
3.5536699027183915e-5
2.646673731398492e-10
0.0
0.0
0.0
0.0
0.0
0.0
0.0
0.0
0.0
0.0
0.0
0.0
0.0
0.0
0.0
0.0
0.0
0.0
0.0
0.0
3.638254562106602e-5
0.0
0.0
0.0
0.0
0.0
0.0
0.0
0.0
0.0
0.0
0.0
0.0
0.0
0.0
0.0
0.0
0.0
0.0
0.0
0.0
0.0
0.0
0.0
0.0
0.0
0.0
0.0
0.0
0.0
0.0
0.0
0.0
0.0
0.0
0.0
0.0
0.0
0.0
0.0
0.0
0.0
0.0
0.0
0.0
0.0
0.0
0.0
0.0
0.0
0.00018316549054682581
2.1982001308625887e-5
0.0
0.0
0.0
0.0
0.0
0.0
0.0
0.0
0.0
0.0
0.0
0.0
0.0
0.0
0.0
0.0
0.0
0.0
0.0
0.0
3.3479804328998075e-5
1.0188171320607274e-5
2.446461459503109e-8
0.0
0.0
0.0
0.0
0.0
0.0
0.0
0.0
0.0
0.0
0.0
0.0
0.0
0.0
0.0
0.0
0.0
0.0
0.0
0.0
0.0
5.304505118158159e-5
8.900944729041919e-6
0.0
0.0
0.0
0.0
0.0
0.0
0.0
0.0
0.0
0.0
0.0
0.0
0.0
0.0
0.0
0.0
0.0
0.0
0.0
0.0
0.0
0.0
0.0005929417825705826
0.00020717426587532286
2.3934580482316503e-5
8.415849253251746e-10
0.0
0.0
0.0
0.0
0.0
0.0
0.0
0.0
0.0
0.0
0.0
0.0
0.0
0.0
0.0
0.0
0.0
0.0
0.0
0.0
0.00021516667177857518
4.952399385665668e-5
3.993815501743433e-6
1.782693569880255e-10
0.0
0.0
0.0
0.0
0.0
0.0
0.0
0.0
0.0
0.0
0.0
0.0
0.0
0.0
0.0
0.0
0.0
0.0
0.0
0.0
0.0011532326663381497
0.0006765562875441374
0.00013898977157272672
9.414269758972708e-6
1.2488642428100665e-11
0.0
0.0
0.0
0.0
0.0
0.0
0.0
0.0
0.0
0.0
0.0
0.0
0.0
0.0
0.0
0.0
0.0
0.0
0.0
0.0014193834326250744
0.001026464824688524
0.00048070266018726776
6.92020513989856e-5
1.998326751666929e-6
0.0
0.0
0.0
0.0
0.0
0.0
0.0
0.0
0.0
1.779081495914012e-9
2.6553827984224285e-5
0.0
0.0
0.0
0.0
0.0
0.0
0.0
0.0
0.0
0.0
0.0012007879571245487
0.0003344829318522659
3.301406314982071e-5
0.0
0.0
0.0
0.0
0.0
0.0
0.0
3.5546248464051998e-6
0.0
0.0
0.0
0.0
0.0
0.0
0.0
0.0
0.0
0.0
0.0
0.0014872453909702788
0.001042416782816833
0.00030750774036220004
1.8987984742526454e-5
0.0
0.0
0.0
0.0
0.0
0.0
0.0
0.0
0.0
0.0
0.0
0.0
0.0
0.0
0.0
0.0
0.0
0.0
0.0
0.0
0.0009525068996270989
0.0004847248345053796
4.98433819603889e-5
0.0
0.0
0.0
0.0
0.0
0.0
0.0
0.0
0.0
0.0
0.0
0.0
0.0
0.0
0.0
0.0
0.0
0.0
0.0
0.0
0.0
0.0006320631337086656
0.00036244808975571916
2.5006724350911914e-5
0.0
0.0
0.0
0.0
0.0
0.0
0.0
0.0
0.0
0.0
0.0
0.0
0.0
0.0
0.0
0.0
0.0
0.0
0.0
0.0
0.0
0.0008802368002522651
0.0006121467617021243
0.00023936958429892282
2.7450511184090747e-5
2.3132596098832155e-11
0.0
0.0
0.0
0.0
0.0
0.0
0.0
0.0
0.0
0.0
0.0
0.0
0.0
0.0
0.0
0.0
0.0
0.0
0.0
0.001586849860052181
0.001042213450769499
0.000576773402973894
9.065118925120448e-5
1.4636629093212007e-5
0.0
0.0
0.0
0.0
0.0
0.0
0.0
0.0
0.0
3.303029233768637e-9
0.0
0.0
0.0
0.0
0.0
0.0
0.0
0.0
0.0
0.0012786626042806694
0.0009346335463470151
0.0005258759711287119
6.682497437633677e-5
4.307585077313632e-6
5.3087975573013965e-9
0.0
0.0
0.0
0.0
0.0
0.0
3.9347808325444515e-9
4.135616836841777e-6
1.4752259091174419e-5
3.985161216831635e-5
0.0
0.0
0.0
0.0
0.0
0.0
0.0
0.0
0.0
0.0
0.0007968812576361315
0.00034083967710878897
6.720413450230479e-5
2.076842032935857e-5
1.6134896471174806e-10
0.0
0.0
0.0
0.0
2.7464667797293412e-5
0.00010483658055986958
0.0
0.0
0.0
0.0
0.0
0.0
0.0
0.0
0.0
0.0
0.0
0.0
0.0019166560067735566
0.001085855142150393
0.0004823509049629018
7.833052562271574e-5
9.602369914107516e-6
5.128459554425325e-10
0.0
0.0
0.0
0.0
0.0
0.0
0.0
1.125609619198516e-5
3.060773564474046e-5
0.0
0.0
0.0
0.0
0.0
0.0
0.0
0.0
0.0
0.0018677329283231206
0.0010661023922372225
0.00038344118946144864
6.26061596810453e-5
2.2147661334241914e-6
0.0
0.0
0.0
0.0
0.0
0.0
0.0
1.1503769787108695e-9
2.8282345980902286e-9
8.961547108380557e-7
0.0
0.0
0.0
0.0
0.0
0.0
0.0
0.0
0.0
0.001122561864263848
0.0005147072756078894
0.00010603542738270096
9.342239614634974e-6
0.0
0.0
0.0
0.0
0.0
0.0
0.0
0.0
0.0
0.0
0.0
0.0
0.0
0.0
0.0
0.0
0.0
0.0
0.0
0.0
0.0013545513104239381
0.0004080156715751259
1.680623205325703e-5
0.0
0.0
0.0
0.0
0.0
0.0
0.0
0.0
0.0
0.0
0.0
0.0
0.0
0.0
0.0
0.0
0.0
0.0
0.0
0.0
0.0
0.000868962237556816
0.0002859227482089734
1.1893593336430379e-5
0.0
0.0
0.0
0.0
0.0
0.0
0.0
0.0
0.0
0.0
0.0
0.0
0.0
0.0
0.0
0.0
0.0
0.0
0.0
0.0
0.0
0.000995214209761292
0.0004461462511883806
5.335126941266589e-5
0.0
0.0
0.0
0.0
0.0
0.0
0.0
0.0
0.0
0.0
0.0
0.0
0.0
0.0
0.0
0.0
0.0
0.0
0.0
0.0
0.0
0.0
0.0
0.0006754886482832555
5.696541858423071e-5
7.008545573249718e-7
2.9667818209491792e-9
0.0
0.0
0.0
0.0
0.0
1.5978573367432376e-9
4.666142531960211e-5
0.0
0.0
0.0
0.0
0.0
0.0
0.0
0.0
0.0
0.0
0.0
0.0010197734457469015
0.0004219519931017988
5.549261459582555e-5
0.0
0.0
0.0
0.0
0.0
0.0
0.0
0.0
0.0
0.0
0.0
0.0
0.0
0.0
0.0
0.0
0.0
0.0
0.0
0.0
0.0
0.0012329922004092884
0.0006260591880798413
0.00016418087481190634
1.2675394987770703e-5
4.451451334889653e-10
0.0
0.0
0.0
0.0
0.0
0.0
0.0
0.0
0.0
7.03199623292109e-8
0.0
0.0
0.0
0.0
0.0
0.0
0.0
0.0
0.0
0.0018844127453006337
0.001066976512456896
0.00035229597084260523
6.497515619735912e-5
8.18975823083333e-6
2.9941200310930322e-9
0.0
0.0
0.0
0.0
0.0
0.0
0.0
4.079640464156938e-7
2.0516565621749082e-5
0.0
0.0
0.0
0.0
0.0
0.0
0.0
0.0
0.0
0.0022890565596592567
0.0016615678738609702
0.0013538595549282334
0.0009039163445431029
0.000659820392611545
0.00031362639732078295
0.00020635015929310895
0.0001504241997161103
0.00014023866700020826
0.00012380757359702475
0.00014184747257402555
0.00017705720385013604
0.00021276235347418487
0.00021549217442602014
0.00025430359305958977
0.0
0.0
0.0
0.0
0.0
0.0
0.0
0.0
0.0
0.001836667731524213
0.0009666850685329434
0.000268720831780502
7.803557867033395e-5
1.579609134640208e-5
6.721421219815397e-9
0.0
0.0
0.0
0.0
0.0
3.0421477172554094e-9
6.35519114353241e-6
2.1079019370228724e-5
4.5682466415383035e-5
0.0
0.0
0.0
0.0
0.0
0.0
0.0
0.0
0.0
0.001709745040973521
0.0010694198990185888
0.000510433076076518
9.088649625015539e-5
1.6642892360545714e-5
3.7974803318425535e-9
0.0
0.0
0.0
0.0
0.0
0.0
1.289712100600638e-5
4.7272279121262606e-5
6.006370819997344e-5
0.00014083234797078125
0.0
0.0
0.0
0.0
0.0
0.0
0.0
0.0
0.0
0.0
0.001480859788742126
0.0006327239454059705
0.00019551823229638189
7.447637455476812e-5
1.95458956521368e-5
3.568336770046798e-7
4.794105270168592e-9
9.326410151554669e-6
3.5043797992185524e-5
0.00024092415456951414
0.00048476159048955244
0.0
0.0
0.0
0.0
0.0
0.0
0.0
0.0
0.0
0.0
0.0
0.0015872854419050966
0.0010251577018521969
0.0006933444454355507
0.0001900923745987259
4.7216392857836726e-5
3.7646925440669426e-9
0.0
0.0
0.0
0.0
0.0
5.124240410518808e-9
1.651369946087984e-5
3.776936050857576e-5
5.279787476469494e-5
0.0
0.0
0.0
0.0
0.0
0.0
0.0
0.0
0.0
0.001382619866634334
0.0006341178307189315
7.787555565352725e-5
0.0
0.0
0.0
0.0
0.0
0.0
0.0
0.0
0.0
0.0
0.0
0.0
0.0
0.0
0.0
0.0
0.0
0.0
0.0
0.0
0.0
0.0009029203799033334
0.0002899598663459291
1.3118266379429808e-5
0.0
0.0
0.0
0.0
0.0
0.0
0.0
0.0
0.0
0.0
0.0
0.0
0.0
0.0
0.0
0.0
0.0
0.0
0.0
0.0
0.0
0.0
0.0
0.0010789692384548708
0.0005106474854158407
9.748779061553582e-5
3.326283705308767e-5
2.2095149810660605e-9
0.0
0.0
1.4403634946568702e-6
1.9857392039885174e-5
0.00026709830266700746
0.0005491489116784688
0.0
0.0
0.0
0.0
0.0
0.0
0.0
0.0
0.0
0.0
0.0
0.0017781876343877898
0.0011736983036218745
0.0008245495742964955
0.000216172422738983
6.0208364002636406e-5
1.0228535902596243e-6
0.0
0.0
0.0
0.0
0.0
4.593745172039774e-8
2.5219002331718945e-5
5.147137295444518e-5
7.06716410040504e-5
0.0
0.0
0.0
0.0
0.0
0.0
0.0
0.0
0.0
0.0012347471008534552
0.0007468919992366633
0.0005162425006863283
0.00011680659525938754
3.981174270225784e-5
1.431678086780418e-6
0.0
0.0
0.0
0.0
0.0
0.0
0.0
2.032365665516954e-5
3.8819998900084266e-5
0.00014659971901293632
0.0
0.0
0.0
0.0
0.0
0.0
0.0
0.0
0.0
0.0
0.0012520213232611029
0.0005554006155489994
0.00018386761381449993
7.700722207084342e-5
1.0038295993572323e-5
0.0
0.0
0.0
1.1643841499360814e-5
0.00014672236156186078
0.0004500146189633
0.0
0.0
0.0
0.0
0.0
0.0
0.0
0.0
0.0
0.0
0.0
0.0012743189306253892
0.0006292978000024258
0.00012651699103084427
1.4180952056037866e-5
0.0
0.0
0.0
0.0
0.0
0.0
0.0
0.0
0.0
0.0
0.0
0.0
0.0
0.0
0.0
0.0
0.0
0.0
0.0
0.0
0.0021237812278082843
0.0013026142090105785
0.0005024114747885172
7.545232594500979e-5
1.080033664631503e-5
1.884002679753569e-10
0.0
0.0
0.0
0.0
1.1297506628567102e-9
1.6355874906034652e-6
1.8176606093141316e-5
2.9234017691350556e-5
5.498625963659202e-5
0.0
0.0
0.0
0.0
0.0
0.0
0.0
0.0
0.0
0.0026104810410581807
0.0015372489031008029
0.0007115573777682593
0.00012628221097554513
3.88154740049048e-5
0.0
0.0
0.0
0.0
0.0
0.0
2.314602562722714e-9
1.6801343510122613e-5
5.188037778856721e-5
9.099616894850453e-5
0.0
0.0
0.0
0.0
0.0
0.0
0.0
0.0
0.0
0.002678143572747368
0.0017526644758337122
0.0007419693132930764
0.00011331039363105776
2.1795709065495064e-5
0.0
0.0
0.0
0.0
0.0
4.663786836724978e-10
1.074036523531335e-6
2.3232846389728924e-5
3.8781331525922946e-5
6.348092533226527e-5
0.0
0.0
0.0
0.0
0.0
0.0
0.0
0.0
0.0
0.002155696330859409
0.0013424937868660694
0.000754350597850836
0.00018702938457826072
9.260075415564622e-5
4.016103735085981e-5
1.5521290064190162e-5
3.853325287432944e-6
9.477612970626318e-6
1.7847392517425796e-5
2.9880099210684622e-5
5.497554435786924e-5
7.778003963333531e-5
9.560235748702118e-5
0.00014185550062957488
0.0
0.0
0.0
0.0
0.0
0.0
0.0
0.0
0.0
0.002116222949425946
0.0014644301993611624
0.0010524312113266677
0.00046453981948015293
0.00014945506091971266
8.583544434306678e-5
6.741755052442625e-5
5.691747634683952e-5
4.84365930613023e-5
5.556978610258013e-5
7.449757858327863e-5
9.939700035098306e-5
0.0003393730513249522
0.0005148901855710369
0.0005557660946805095
0.0007729007936070554
0.0
0.0
0.0
0.0
0.0
0.0
0.0
0.0
0.0
0.0
0.002225271206827437
0.0015834101218299577
0.0012699384699701465
0.0012207265040674877
0.0010189142304274804
0.0009581400993943341
0.000900594300687582
0.0008898843411997916
0.0008812309699817632
0.0016465981571033971
0.0017793926838813973
0.0
0.0
0.0
0.0
0.0
0.0
0.0
0.0
0.0
0.0
0.0
0.002223717329296944
0.001370259990008191
0.0007830421811651994
0.00017730510650742142
9.714404884338385e-5
5.7036100862459776e-5
3.629710764314744e-5
1.5624250426017486e-5
1.182350407685215e-5
1.4120998821479766e-5
3.001549870546276e-5
5.182782325425907e-5
8.085267080105675e-5
0.00010893767100937302
0.00014280552060036886
0.0
0.0
0.0
0.0
0.0
0.0
0.0
0.0
0.0
0.0017259017211761775
0.000912544018123875
0.00025996072905952325
6.0805733362256865e-5
1.928865598095889e-6
0.0
0.0
0.0
0.0
0.0
7.306901604772707e-9
1.0549250302119165e-5
3.6933537162405255e-5
5.1800350133549445e-5
6.758026282129993e-5
0.0
0.0
0.0
0.0
0.0
0.0
0.0
0.0
0.0
0.0013990120275893187
0.0008677932919579956
0.000362736121053064
5.790474752599435e-5
3.7460585986418616e-6
4.318380416829071e-9
0.0
0.0
0.0
0.0
3.302857595203275e-10
4.68387608251559e-10
1.8447472586696384e-5
4.324720833977387e-5
5.9487048835508596e-5
0.0
0.0
0.0
0.0
0.0
0.0
0.0
0.0
0.0
0.0017218838643317687
0.001132928012911166
0.0006348832305819724
0.0001262968083702111
5.702617028862864e-5
7.524944013531985e-6
4.8752255367588705e-9
4.058332118665867e-9
0.0
5.840710913464633e-9
5.541932612520338e-6
1.8224372958705332e-5
4.177900117828098e-5
7.249097028287666e-5
8.843792388090629e-5
0.0
0.0
0.0
0.0
0.0
0.0
0.0
0.0
0.0
0.002293460798545295
0.0014986898633579267
0.0007559434318627056
0.00012732767903491494
3.055496917461576e-5
3.2845427941346264e-9
0.0
0.0
0.0
0.0
2.1245713775136826e-9
3.4435760970928115e-9
2.179869720137001e-5
4.821189730015037e-5
7.957916166509409e-5
0.0
0.0
0.0
0.0
0.0
0.0
0.0
0.0
0.0
0.002151142438893684
0.0015975470657173484
0.0010561289451663412
0.0002779796235266885
0.00010444698987254996
6.341008689251227e-5
3.700421992238046e-5
2.5197776218667094e-5
1.2887703253628909e-5
9.492985170030476e-6
3.52560889693121e-5
3.554253719477015e-5
6.935012575873875e-5
0.0002637415831586306
0.00047669255983433007
0.0007099903534402162
0.0
0.0
0.0
0.0
0.0
0.0
0.0
0.0
0.0
0.0
0.002440510996895757
0.001245311689930458
0.0005752047076904805
0.00023690083358737356
0.00011431785825444174
8.816974972569417e-5
6.206718358084563e-5
5.5549113402152414e-5
6.484082605447639e-5
0.0002723148748013177
0.0006455014179747444
0.0
0.0
0.0
0.0
0.0
0.0
0.0
0.0
6.827006702869413e-5
8.125793231083473e-5
7.483330696878005e-5
0.0032804879197016615
0.0024284240792463965
0.001667895234606795
0.0007409542525617899
0.00033198460972334886
0.000190677219641741
0.00016954350468422434
0.00017376782514227763
0.00017880116259490238
0.00016264470118076537
0.00018203711771468657
0.0003932901161478462
0.000618566447197789
0.000826582105030968
0.0011594008928075706
0.0
0.0
0.0
0.0
4.0860323675161135e-5
4.494226570144521e-5
0.00015604315538721213
0.00020129359507367638
0.00027264875604227697
0.0035447793191684344
0.0024934751810419507
0.0016922012350596735
0.000876311250836487
0.0004997979935765916
0.00021370862638033625
0.0001704417606552712
0.00013642234658918775
0.00010712030573912013
0.00010430864093856012
0.00012488572823905303
0.00015810857915150167
0.0003141109013584826
0.0005638807118887136
0.0007550971143484565
0.0
0.0
0.0
0.0
5.912079983039202e-5
0.00013072435992542787
0.00021576236834244675
0.000216610594329143
0.00027926006807469197
0.0038282467302100253
0.0028076554067500144
0.0018716541008859265
0.0009212126812629173
0.0004693699947415484
0.00019729202249316457
0.00013899358711027326
0.00010857285511777724
0.00010843735931166476
0.00012108174112418106
0.0001535093268910863
0.00019173410524659664
0.0003557322717791815
0.000496212070305475
0.000694477929106889
0.0
0.0
0.0
0.0
8.39992698638192e-5
0.00011950884945314047
0.00012319032051804168
0.00018149074432158516
0.00022977905459486254
0.0036869602447706577
0.002572029233130548
0.001660796000737393
0.0007512838215223644
0.0003089575674422357
0.00015786848998329046
0.00010209422706385474
6.721791065515411e-5
7.664013591004953e-5
0.00010156248928033644
0.00013341229510881902
0.00015043385656071214
0.00016025899592267908
0.0002652341842603539
0.0004799200246388026
0.0
0.0
0.0
0.0
0.0
0.0
0.0
3.1139143968039856e-5
6.537243972070722e-5
0.0030910617231813997
0.0019198834925258663
0.001009533376013966
0.00026278875098131524
0.0001404867279841687
5.952453258109883e-5
2.1859532615922797e-5
2.369468186364174e-5
2.1792340604588724e-5
1.995629885451717e-5
6.74126095413319e-5
0.00011302566505521863
0.00013324067814083967
0.00018346196171146141
0.0001953734142156431
0.0
0.0
0.0
0.0
0.0
0.0
0.0
0.0
0.0
0.002624138717379964
0.0015624945607323536
0.0007598460571998013
0.0001960025596577508
8.929185845089474e-5
1.1499578227768627e-5
0.0
1.696677810020489e-10
5.661627892797106e-9
0.0
0.0
2.550271932730721e-5
8.458740317595636e-5
0.00010511222021024344
8.861262640573486e-5
0.00018539037211522433
0.0
0.0
0.0
0.0
0.0
0.0
0.0
0.0
0.0
0.0
0.0008899363925150912
0.00010813881555612753
9.04820975530954e-6
0.0
0.0
0.0
0.0
0.0
0.0
0.0
0.0
0.0
0.0
0.0
0.0
0.0
0.0
0.0
0.0
0.0
0.0
0.0
0.002410423413998372
0.001217387128177318
0.0003027833882687348
3.540340351799852e-5
0.0
0.0
0.0
0.0
0.0
0.0
0.0
0.0
0.0
0.0
0.0
0.0
0.0
0.0
0.0
0.0
0.0
0.0
0.0
0.0
0.0019335969193236234
0.0008720764047128195
0.00010957377676275935
1.7225766255401648e-6
0.0
0.0
0.0
0.0
0.0
0.0
0.0
0.0
0.0
0.0
0.0
0.0
0.0
0.0
0.0
0.0
0.0
0.0
0.0
0.0
0.0011686438254714094
0.0004828777450122192
5.041584053655706e-5
0.0
0.0
0.0
0.0
0.0
0.0
0.0
0.0
0.0
0.0
0.0
0.0
0.0
0.0
0.0
0.0
0.0
0.0
0.0
0.0
0.0
0.0013989351679725816
0.0007349482289291862
0.00012535259739159216
0.0
0.0
0.0
0.0
0.0
0.0
0.0
0.0
0.0
0.0
0.0
0.0
0.0
0.0
0.0
0.0
0.0
0.0
0.0
0.0
0.0
0.001816705871857967
0.0009025451245732665
0.00019245195211228745
9.147707461331416e-6
0.0
0.0
0.0
0.0
0.0
0.0
0.0
0.0
0.0
1.092485792392348e-5
3.11383460882037e-5
0.0
0.0
0.0
0.0
0.0
0.0
0.0
0.0
0.0
0.00234045429865533
0.0014950479205908108
0.0007156312898336611
8.755254606628521e-5
1.8251181578300154e-6
8.269751032331071e-9
0.0
0.0
0.0
0.0
0.0
0.0
2.4176108328486884e-5
5.386125997997567e-5
0.00010617875518992959
0.0002715838853601216
0.0
0.0
0.0
0.0
0.0
0.0
0.0
0.0
0.0
0.0
0.001830123623454766
0.0006925912537770528
6.787440704390709e-5
0.0
0.0
1.1939102983244596e-8
2.854075410294199e-6
9.142588881717137e-6
1.6602720016911068e-5
0.00018806678274053596
0.0005032236195603846
0.0
0.0
0.0
0.0
0.0
0.0
0.0
0.0
0.0
0.0
0.0
0.002936454851366861
0.001935698234743762
0.0011481512217718765
0.00021996207114061811
3.0177977961709436e-5
0.0
0.0
0.0
0.0
0.0
0.0
0.0
1.8622181893860819e-9
1.671736657617418e-5
3.5643502088378446e-5
0.0
0.0
0.0
0.0
0.0
0.0
0.0
0.0
0.0
0.0
0.0
0.001549512458649442
0.00023730452893509492
2.0296409191921652e-5
0.0
0.0
0.0
0.0
0.0
0.0
6.456886261417499e-6
0.00010513828451584062
0.0
0.0
0.0
0.0
0.0
0.0
0.0
0.0
0.0
0.0
0.0
0.002093625626147439
0.0014735998865867573
0.0011429518490025808
0.0004236437089153922
8.912637156700023e-5
4.43447351950404e-5
5.075239675676026e-5
3.321629329762527e-5
2.8782586206972334e-5
3.822134267207485e-5
6.780065588049237e-5
0.00010848031341979614
0.0001372582967644975
0.00026917871815410917
0.00036586522125628456
0.0
0.0
0.0
0.0
0.0
0.0
0.0
0.0
0.0
0.0022866901388067054
0.0017055950173510913
0.0012460310776259377
0.0005057748856964046
0.00017613425979766737
0.00010614535259179849
6.378480250453586e-5
4.0050831467810806e-5
3.118610671813252e-5
3.675897471744073e-5
6.226567153559758e-5
9.51538208854595e-5
0.00012620546865586968
0.00019723449253362076
0.0002618268551025451
0.0
0.0
0.0
0.0
0.0
0.0
0.0
0.0
0.0
0.0024898581429254963
0.0017650859125775496
0.0012449238512834179
0.0004429010945552734
0.00013590222624873166
6.852857313464739e-5
5.0832038349096174e-5
5.323135149531318e-5
6.057269885178396e-5
6.621870002083798e-5
7.923641272298437e-5
7.550213048300088e-5
8.183048795614011e-5
9.274629415189442e-5
9.586723157303769e-5
0.0
0.0
0.0
0.0
0.0
0.0
0.0
0.0
0.0
0.0018512526283966833
0.0012365550204354683
0.0007193812682283709
0.00015020929769665213
5.871482982904153e-5
5.044826303573446e-6
0.0
0.0
0.0
0.0
0.0
0.0
1.5157054909425545e-5
3.772573813737952e-5
5.360740347108014e-5
0.00010806595113035056
0.0
0.0
0.0
0.0
0.0
0.0
0.0
0.0
0.0
0.0
0.001018045571801486
0.00038871166092166107
7.940783661361335e-5
2.99055445645335e-5
0.0
0.0
1.4736694209559958e-8
2.064020994820278e-6
2.4571350569018424e-5
0.00021365391290348724
0.0005173526426213348
0.0
0.0
0.0
0.0
0.0
0.0
0.0
0.0
0.0
0.0
0.0
0.0015057577701971822
0.0009237200458748083
0.0005535972086831907
0.00011987664740736234
7.506234688370952e-5
4.7695058830794806e-5
3.154002226471425e-5
9.91205951573049e-6
7.349553105971847e-6
2.353036741989995e-5
3.35577426835605e-5
4.535319225332654e-5
6.65495482098625e-5
7.964309148655127e-5
9.351029857504387e-5
0.0
0.0
0.0
