0.0016796311110369238
0.0
0.0
0.0
0.0
0.0018689578443754492
0.0014299661307077252
0.00122084629018515
0.0012004129781823883
0.0007839233356410179
0.0002078583349316555
0.0
0.0
0.0
1.7227341606828353e-6
0.0
0.0
7.288224283788182e-7
4.3541137631239164e-5
0.00017041298238554912
0.00029552453919863103
0.000436434736262181
0.0006771046452971553
0.0010319636711433895
0.0016326429637300859
0.0
0.0
0.0
0.0
0.0021624081657188056
0.0017111285494266395
0.0014122251879130597
0.0010615813506044236
0.0005470139769176964
0.00018291557526061756
0.0
0.0
0.0
2.4180608708363793e-6
1.0165392208437866e-6
0.0
0.0
5.001005357899972e-5
0.0001940279781755478
0.00034085798051234533
0.00042343198910198477
0.0005908327264305282
0.000842119848617459
0.0013614153584256506
0.0
0.0
0.0
0.0
0.0020039776769100164
0.0015824951803724105
0.0013147824582263338
0.0011792903252455795
0.00079831657544218
0.0002946351139599682
1.1174974473992134e-5
0.0
0.0
1.8996836447311234e-6
1.555377819870922e-6
2.1699509506650778e-5
0.0
6.288879232222171e-6
3.194357662101311e-5
0.000151298905376174
0.0002691582167553253
0.000369631671726923
0.0005461275686653263
0.0010270875902318574
0.0
0.0
0.0
0.0
0.0011355197818698336
0.0007548099785880082
0.0005637266071904998
0.0006112637472916647
0.0006022762297584546
0.00030950059658500746
9.543345895209639e-6
4.3799698971425494e-7
0.0
0.0
1.7332016511017985e-6
0.0
0.0
0.0
0.0
2.1051079234132466e-6
3.2540058694874275e-5
0.00017007858538709635
0.00027701593038052634
0.000577238422414316
0.0
0.0
0.0
0.0
0.0009632612511830251
0.0004998804329710156
0.0003566762398498024
0.0004291921056017888
0.0004921132985069871
0.0004112655842642746
0.00017795006878001303
0.0
0.0
7.676700001970939e-5
0.00017950135729579512
0.0001782694826682434
3.509065996262579e-5
4.153267552423802e-5
8.298784154395126e-5
0.00012911199340161922
0.00013846003356127913
0.0002882158488159094
0.0004710444630071091
0.000956500835280151
0.0
0.0
0.0
0.0
0.0013474279535366793
0.0010044444135270656
0.0007914551492667085
0.0008496440118992862
0.0008080800241989333
0.0003902779847626471
2.564305987736552e-5
0.0
0.0
1.9556677018022772e-6
2.0270139436833846e-6
0.0
0.0
1.037241169202105e-5
0.00011022982083328218
0.00024393922587908067
0.0003224073850830245
0.00043782701306666326
0.0007068054293890245
0.0012654185116439671
0.0
0.0
0.0
0.0
0.0017048184923109876
0.001318422861437848
0.001118411078755408
0.0010631385557200743
0.0007300372720123428
0.00031489587382705665
2.611499039486985e-5
0.0
0.0
1.930632122575362e-6
0.0
0.0
0.0
3.407418905466762e-6
7.617323262782261e-5
0.00020125934563871355
0.0003042202285423698
0.00047555336915663016
0.000740293669809966
0.001314639166437807
0.0
0.0
0.0
0.0
0.0018596426102666635
0.0014740761780228557
0.0012926587216009788
0.0011995714164572458
0.000901672294599588
0.00036331615162339453
2.1033870200263085e-5
0.0
0.0
2.3582288581030475e-6
0.0
0.0
8.784427133245412e-6
4.4493445638548315e-6
8.095937811105747e-5
0.00023571415660365093
0.0003273196765417585
0.00048472036643500463
0.0007544078704642027
0.001215766726234905
0.0
0.0
0.0
0.0
0.0019030541635402282
0.0014830370180634895
0.0012234806960965841
0.0011157271178209927
0.0007984505744873063
0.00033516300030461156
2.431913653966396e-5
0.0
0.0
2.179622578761796e-6
1.1206129565469e-6
0.0
0.0
0.0
5.824067651559427e-5
0.00022065079700135177
0.00037667320756417603
0.000520203494505397
0.0006948626978254251
0.001175099476731905
0.0
0.0
0.0
0.0
0.0018505005672136536
0.0014491875358503801
0.00121945064083853
0.0011048705021412671
0.0007298227430059644
0.0002205180173556229
0.0
0.0
0.0
0.0
0.0
0.0
0.0
0.0
4.294388805112551e-6
7.212783741047261e-5
0.00018552823169658668
0.0003227024725344105
0.0004485766594756889
0.0010074506288676793
0.0
0.0
0.0
0.0
0.0013040344730423162
0.0007969188202620455
0.0005144100967016204
0.0005277308566439332
0.0004245977986051155
0.0003043389648781099
5.032026284340171e-5
0.0
0.0
2.353787785526289e-6
2.3281117670626273e-6
0.0
0.0
0.0
3.920062862321425e-5
0.00019582707405508526
0.00029216711522319505
0.00043237704226665037
0.0007152491182000501
0.0013233347053414801
0.0
0.0
0.0
0.0
0.0019695348757768406
0.001523208834873095
0.0012251338944150602
0.0009459790150440566
0.00046375651567382277
7.706664644350217e-5
0.0
0.0
0.0
0.0
0.0
0.0
0.0
0.0
5.032825509055172e-6
4.267243091978999e-5
0.0001501540839973663
0.00032549200490740665
0.0005592091423272324
0.0011200939898871243
0.0
0.0
0.0
0.0
0.0018582160684864435
0.0014040920407915071
0.0008089506999236503
0.0005745942762043792
0.000295879053258696
2.5265406089014703e-5
0.0
0.0
0.0
0.0
0.0
0.0
0.0
0.0
0.0
0.00010001281854146161
0.0002321115413500778
0.00036625934321714195
0.0006179229602473418
0.001223613351985306
0.0
0.0
0.0
0.0
0.0018903394668704971
0.001511173790404328
0.001268649596903825
0.001045802786654331
0.00042289876534035403
2.034738587586909e-5
0.0
0.0
0.0
0.0
0.0
0.0
0.0
0.0
0.0
2.469877982012064e-6
7.779495438290035e-5
0.00024308776212008797
0.0004119911922219355
0.0008571436778417357
0.0
0.0
0.0
0.0
0.001165696960538502
0.0008226894535766829
0.0006049795205224104
0.0006971548635562442
0.00048743747132930665
0.00025415318680971653
2.671292692459168e-5
0.0
0.0
3.0009928849571953e-6
0.0
0.0
0.0
0.0
0.0
5.81296853222397e-5
0.00014168767145184553
0.00022187855703582337
0.0003127590323070912
0.0007053892488204385
0.0
0.0
0.0
0.0
0.0011234834499025757
0.0007501282919416701
0.0005255696243531237
0.0005595708814392244
0.00037535719961659435
0.0002096405289762643
3.7706680199166517e-6
0.0
0.0
2.069816604297982e-6
0.0
0.0
0.0
0.0
0.0
0.0001216497193619484
0.0001879756797311244
0.00025602190173513
0.00035314585432563196
0.0008221670855636144
0.0
0.0
0.0
0.0
0.0013370882060497033
0.0009164056258585181
0.0006276793396306253
0.0006204852028914698
0.0005094793675769541
0.0002652886078731324
6.248644036764653e-6
0.0
0.0
0.0
0.0
1.90576880131568e-6
0.0
1.212311972611929e-5
0.0002886637792811201
0.0004740297894418151
0.00045971978523128346
0.0005930102686179899
0.0008052270175773736
0.0012282675771809913
0.0
0.0
0.0
0.0
0.0014313488392621364
0.001017641572632028
0.0007691823946357609
0.0009079158902737374
0.0009749485821702164
0.0007285780732789763
0.00044488290226122115
0.00022881592532350513
0.0002485411298535007
0.0004398162920354651
0.000591999962413233
0.0006337222366350173
0.0004300545388806662
0.0004357790708210915
0.0004579587917768961
0.0006392985988619264
0.0007657738762049457
0.0009473551880498649
0.0011768128548415846
0.0017477006782615047
0.0
0.0
0.0
0.0
0.0024297068291686224
0.0019086213790439083
0.0017308197723451555
0.0015542050647513281
0.0011059611567642593
0.0006094074760023358
0.0002927643131724093
6.0190516729120956e-5
1.6201276395984817e-5
0.00011897635274760311
0.00016306799929472363
0.0002469190541304652
0.0002760882932015843
0.00037550335042116063
0.00041259464481099075
0.0005785175100126032
0.0007148542516618459
0.0009493509868520941
0.001269993074978146
0.001843765625773933
0.0
0.0
0.0
0.0
0.0026266724686694466
0.0021976009981567353
0.0019545088385704086
0.0016505079164477632
0.0011570067605382985
0.000626009003258489
0.000215144757401821
4.053032178759336e-6
0.0
5.7507644299787225e-6
1.8671887592426869e-6
9.48717664789143e-5
0.0001842411056223417
0.0003523799714835105
0.0004655162992233978
0.0006545073924276103
0.0008403407077367862
0.0010627880036849274
0.0013012868473128345
0.0018455555842611271
0.0
0.0
0.0
0.0
0.0025166590669852737
0.002083954041639863
0.0018620486134546658
0.001754259642475796
0.001295198051191857
0.0007316237170126714
0.0003474873325065135
0.0001074714063575439
6.347204436279521e-5
7.736255877790116e-5
6.488443798333987e-5
0.0001276460979899914
0.00021168383328067244
0.0002646166877022045
0.00034399789058026017
0.0004000767329138241
0.00041342745236489214
0.0005038558714462864
0.0008111087248453642
0.0013341328027824094
0.0
0.0
0.0
0.0
0.0014696809032325399
0.0010623893407859465
0.0008746917464870356
0.0007441180690788978
0.00044517284839472895
0.00018187672751429314
0.0
0.0
0.0
1.8225083315978996e-6
0.0
0.0
0.0
2.5643306752950327e-5
0.00015073831471686282
0.0003129798305225879
0.0003825365606531038
0.00045360623590822753
0.0007108326695025711
0.0012644239158673982
0.0
0.0
0.0
0.0
0.002186997284995315
0.0017523891780912124
0.00148336284112412
0.00124402555081351
0.0007961125705362071
0.0003108517382628713
2.4760158875653183e-5
0.0
0.0
2.1358326875495377e-6
1.620449440883787e-6
0.0
0.0
7.889595406036142e-6
0.0001033796943764502
0.00029496328971332785
0.0004136477440933791
0.0005787609732762364
0.0008346239259970687
0.0014163533538301357
0.0
0.0
0.0
0.0
0.0021055323722959946
0.0017248899848251828
0.0014355586998641469
0.0011523529121794252
0.0008459850605245122
0.0002902623357707517
0.0
0.0
0.0
0.0
0.0
0.0
0.0
2.5282589962233345e-6
0.0
2.0921190476783074e-5
0.00010816736045024255
0.00025381776210426727
0.0004668848955502278
0.0009759641004111408
0.0
0.0
0.0
0.0
0.0016143502246192677
0.0011889927487019484
0.001015290632144913
0.0006710437229864875
0.00016060930210839758
0.0
0.0
0.0
0.0
0.0
0.0
0.0
0.0
1.7163610169596149e-6
0.0
7.101242054917613e-5
0.00022330383898280887
0.0003591483119273201
0.0005667173103433167
0.0011249224078173229
0.0
0.0
0.0
0.0
0.0017801058955778468
0.0012730355052858549
0.000993481760028187
0.0006178842573715285
0.00012789639303328534
0.0
0.0
0.0
0.0
0.0
0.0
0.0
0.0
0.0
0.0
1.2921662942711948e-6
0.0
0.0
0.0
8.946842820308245e-6
0.0
0.0
0.0
0.0
0.00011231728263632301
0.0
0.0
0.0
0.0
0.0
0.0
0.0
0.0
0.0
0.0
0.0
0.0
0.0
0.0
0.0
0.0
1.8146719544337085e-6
8.877949807354457e-6
0.0001546683059195834
0.0
0.0
0.0
0.0
0.0003274235936307205
0.0001264642619544663
4.670108654502816e-6
0.0
0.0
0.0
0.0
0.0
0.0
0.0
0.0
0.0
0.0
0.0
0.0
0.0
0.0
1.9729239417670067e-6
2.234447808615025e-5
0.00023910521252791224
0.0
0.0
0.0
0.0
0.0005493747503573693
0.0003238410618803118
0.0002159766925997834
8.17820542059165e-5
0.0
0.0
0.0
0.0
0.0
0.0
0.0
0.0
0.0
0.0
0.0
0.0
0.0
2.2986161948424734e-6
2.1950699496448365e-6
0.00022080053217552552
0.0
0.0
0.0
0.0
0.0008720496344101251
0.00045209035793899565
0.0003005282085095916
0.00022562765000235278
4.535857696750603e-5
0.0
0.0
0.0
0.0
0.0
0.0
0.0
0.0
0.0
0.0
1.3122297835048774e-6
1.5420467109944561e-6
0.00013371756770438258
0.00027900956850982676
0.0007231870471555943
0.0
0.0
0.0
0.0
0.0014478721514351255
0.00112453758998794
0.0008487544051176065
0.0006561153863712169
0.0003140652279282827
2.2296155329366453e-5
0.0
0.0
0.0
0.0
0.0
0.0
0.0
0.0
0.0
0.00010167145021816018
0.00020063429401425838
0.0003141361102450876
0.00043265315446214275
0.0008875644913313697
0.0
0.0
0.0
0.0
0.001867195015846925
0.001778238940915787
0.0015966707198120426
0.001304557499128358
0.0009030273022106199
0.0003479910322007095
1.1287902076536387e-5
0.0
0.0
0.0
0.0
0.0
0.0
0.0
0.0
8.348366433383737e-5
0.00023338969438652305
0.00036825986459330267
0.0006314273829543923
0.0016196423045601318
0.0
0.0
0.0
0.0
0.002329189613653903
0.0019898664298902712
0.0017597633997734879
0.0014391380728642844
0.0009069477228387331
0.00027558910179835406
0.0
0.0
0.0
0.0
0.0
0.0
0.0
0.0
0.0
1.3053326298601501e-5
0.0001331870580517771
0.000384833200461642
0.0008349579915035387
0.0015973077184075573
0.0
0.0
0.0
0.0
0.0022528163556042625
0.0018043266675110755
0.0015668700656162973
0.0013094402111891437
0.0007260631339678428
0.00021153326733029489
0.0
0.0
0.0
1.3462052380735367e-6
0.0
0.0
0.0
0.0
6.781703776162327e-5
0.0002584496622561854
0.00035787899851338277
0.0004935747494214395
0.0006310759927765533
0.001228157829925626
0.0
0.0
0.0
0.0
0.0016397231726497986
0.0013514699664062767
0.001246032147905691
0.0010807861318743162
0.0005821491295869218
0.00021985828315738168
0.0
0.0
0.0
1.9571420635518852e-6
0.0
0.0
0.0
0.0
9.217252715267722e-6
9.105628589946703e-5
0.000143705617650879
0.00022273786397697862
0.00032027488979127777
0.0005849904760393746
0.0
0.0
0.0
0.0
0.001485571207318688
0.0012843438186530133
0.0011304939345174766
0.000919077367916598
0.0004031285253736256
7.976946955002762e-5
0.0
0.0
0.0
0.0
0.0
0.0
0.0
9.00500246499191e-6
0.0
3.6844006707283945e-6
0.00014773808361685204
0.0003193713177843876
0.00038439340554633763
0.0009912531924666382
0.0
0.0
0.0
0.0
0.0017567147113882432
0.0015859427308792258
0.0011929976578785373
0.0008751116407517901
0.00045606678123193004
3.938303972333498e-5
0.0
0.0
0.0
0.0
0.0
0.0
0.0
0.0
0.0
1.636667293262174e-6
2.2886979301625738e-5
0.0003614800813736468
0.0006186666485143926
0.0012747431673278532
0.0
0.0
0.0
0.0
0.001828283069267791
0.0014654481416910604
0.0012142284050306905
0.0008029989155778985
0.00025435987639902644
1.7691355260915074e-5
0.0
0.0
0.0
0.0
0.0
0.0
0.0
0.0
0.0
0.0
1.7267465412794667e-6
1.4589047499060719e-5
7.665948841175575e-5
0.00029640370848459585
0.0
0.0
0.0
0.0
0.0010853060609098387
0.000725142332562835
0.0006429113425460964
0.00036881177435337843
6.318389524323358e-5
0.0
0.0
0.0
0.0
0.0
0.0
0.0
0.0
0.0
0.0
1.455721170312093e-6
4.6703206243910876e-5
0.00026524903264138017
0.0004116273548066175
0.000886489818387042
0.0
0.0
0.0
0.0
0.0017434584272095317
0.001396246057398904
0.0010642641437048608
0.0007320492196306756
0.00022121439737868704
0.0
0.0
0.0
0.0
0.0
0.0
0.0
0.0
0.0
0.0
0.0
0.0
4.897668921753978e-5
0.0002823097584709629
0.0006904866787086653
0.0
0.0
0.0
0.0
0.001261840682005022
0.0009228053455804728
0.0006328362356676117
0.000425436857524863
0.00011624406676460748
0.0
0.0
0.0
0.0
0.0
0.0
0.0
0.0
0.0
0.0
1.4377807369517851e-6
0.0
4.9277533923462953e-5
0.000299042456695455
0.0006790894611561208
0.0
0.0
0.0
0.0
0.0018469545802853255
0.0014815404745073908
0.001184891509919559
0.0007701492398679282
0.00021667060190260244
3.1971431867771604e-6
0.0
0.0
0.0
0.0
0.0
0.0
0.0
0.0
0.0
1.8551386344260497e-5
0.00017861079761790234
0.00031831961044092753
0.0006063504543178933
0.0011618404080205376
0.0
0.0
0.0
0.0
0.0019186390176537586
0.0014303211808844537
0.001137674275788057
0.0007006352142534822
0.00012426509868124913
0.0
0.0
0.0
0.0
0.0
0.0
0.0
0.0
0.0
0.0
7.021710031863476e-6
7.372030192869932e-5
0.00024919006052339824
0.0003464947142228589
0.0011061850750968879
0.0
0.0
0.0
0.0
0.0017472982126174568
0.0013278344335011215
0.0008968294097044615
0.0004391235641537027
0.00011155667413449223
0.0
4.7185913475740704e-7
0.0
0.0
0.0
0.0
0.0
0.0
0.0
0.0
2.0602726620020406e-6
0.0
7.2472581476901234e-6
0.0
0.00018341635978976205
0.0
0.0
0.0
0.0
0.0009331911933710201
0.000620376717761135
0.00042234991267300844
0.00044781076206429024
0.000490695168929242
0.00036387054667299254
0.00011402378331048333
0.0
0.0
1.4812187256060035e-6
3.2675670166114727e-6
0.0
0.0
0.0
0.0
5.831640044878503e-5
0.00013248425945994765
0.00022054264270820093
0.000525619380563091
0.0011233307403040428
0.0
0.0
0.0
0.0
0.0012867721779877344
0.000960610123015282
0.0008745475171900713
0.0007991119442096956
0.0006299843701969715
0.00043351214873678585
0.00038835434775442654
0.00028057555529827576
0.00018039153391628557
0.0002646603724523448
0.0002738702340177396
0.00020702268407689052
0.0001467946721668219
0.0002201633214251418
0.0002997195787531666
0.00043084998295006436
0.0006566871196792628
0.0009573561946019658
0.0011328444727943191
0.001695494217065308
0.0
0.0
0.0
0.0
0.0022786611403196044
0.0018568718660407527
0.0015649294061264361
0.001347755779299985
0.0008186758540717534
0.0003202274739965588
4.414627004159352e-5
0.0
0.0
3.027635196821185e-6
1.7595563343295645e-6
0.0
0.0
0.0
0.0
2.057424644948696e-6
0.0
3.424825338310151e-5
0.0001978952284718207
0.0010366519280426763
0.0
0.0
0.0
0.0
0.0015403381806890126
0.0011517141742741243
0.0010363712923321417
0.0009263470198390299
0.0006343854587837164
0.0003140581857289703
4.804360856373088e-5
0.0
0.0
2.090230458458003e-6
1.7816592359062277e-6
0.0
0.0
3.0610758674059475e-5
0.00018532818766210798
0.0003695170034935355
0.0006433660555828246
0.0009941445256182984
0.0013308558629322972
0.0019244239538177374
0.0
0.0
0.0
0.0
0.0023654582120593553
0.0019232163096989797
0.0017514543952547193
0.0014635431998484703
0.0008848970093954428
0.0003392267873683354
3.130084886183737e-5
0.0
0.0
2.2588596312461637e-6
0.0
0.0
0.0
0.0
0.0
0.00023463619411295578
0.0004788823295115769
0.0008367937220763163
0.0012052301931568664
0.0018573193933134925
0.0
0.0
0.0
0.0
0.00257534434663781
0.002222136507403891
0.0017568028342347486
0.0013330667273486673
0.0007549381628545071
0.00017609223284852546
0.0
0.0
0.0
3.299479388017784e-6
0.0
0.0
0.0
0.0
0.0
0.00011499825960268417
0.0003170715218447738
0.0006462177653750077
0.000937696923909196
0.0015750931619824054
0.0
0.0
0.0
0.0
0.002209206056107794
0.001825346980114862
0.0014721315959597147
0.0010976470901582888
0.00046587917866781046
0.00010914400489645048
0.0
0.0
0.0
0.0
0.0
0.0
0.0
0.0
0.0
2.9713367265615985e-5
0.00014323860853701598
0.0003201391093655309
0.0004501587855856563
0.0009255575578493982
0.0
0.0
0.0
0.0
0.0014062974975505148
0.0009933042116126091
0.0007801409199544806
0.0005382033706806584
0.00022296170520702747
1.2181321420356345e-5
0.0
0.0
3.755065898754062e-6
2.745483494055014e-6
0.00010420160910379717
0.00023282663798343905
0.00018362607749694727
0.0002612007680785371
0.0003650577627006234
0.0005400837107434335
0.0007383226230639171
0.0009598814818650537
0.0011534417546462449
0.0017063622185533689
0.0
0.0
0.0
0.0
0.002325471399861294
0.0018802537619068483
0.0015088867574790008
0.0012342859172592988
0.0009055404041558202
0.00046168985256176055
0.0001606639114755826
0.0
0.0
3.814114372481921e-6
3.4912745416199254e-6
0.0
0.0
7.295355347506847e-5
0.00023683771503900443
0.0005645681759547312
0.0007889206903980307
0.00116567084437235
0.0015927705408210473
0.002254105412516995
0.0
0.0
0.0
0.0
0.0027909901044887385
0.0023726804336177913
0.002080914792181891
0.0016677764273453465
0.0009821654026192792
0.00035048227744711205
1.720745171135182e-5
0.0
0.0
0.0
0.0
0.0
0.0
0.0
3.5052339391195954e-6
0.00012103936285075501
0.00036058708993604824
0.0006063765801423301
0.0009298327017458499
0.001505872183793128
0.0
0.0
0.0
0.0
0.0022433568774655353
0.0017459777990186493
0.0013279465005455672
0.0007566391742669821
0.00021614192015408494
0.0
0.0
0.0
0.0
0.0
0.0
0.0
0.0
0.0
0.0
1.4656190874411401e-6
0.0
7.619804867423305e-5
0.0002891490701205388
0.0007863590829089119
0.0
0.0
0.0
0.0
0.0017000232078638918
0.0015162662203359986
0.0010909711603483943
0.0004884308457420815
5.453931621737935e-5
0.0
0.0
0.0
0.0
0.0
0.0
0.0
0.0
0.0
0.0
4.977981512663224e-6
0.0
2.9721070173467425e-5
0.00019991366154663447
0.0005439197921172381
0.0
0.0
0.0
0.0
0.0016433742711841252
0.0012299200681528712
0.0009375663370215459
0.0004481434236817507
4.374920966489209e-5
0.0
0.0
0.0
0.0
0.0
0.0
0.0
0.0
0.0
0.0
0.0
5.409178200377038e-6
9.8604208873253e-5
0.00023261936758743533
0.0005457570310194624
0.0
0.0
0.0
0.0
0.0015077144533522033
0.0011154179266544121
0.0007029657862361771
0.00019542778680527832
0.0
0.0
0.0
0.0
0.0
0.0
0.0
0.0
0.0
0.0
0.0
0.0
0.0
7.276730710274178e-6
4.6233367383523e-5
0.0004151682712990569
0.0
0.0
0.0
0.0
0.0011237274196532186
0.0007772558990649716
0.0004204589406392219
0.0001065048143688815
0.0
0.0
0.0
0.0
0.0
0.0
0.0
0.0
0.0
0.0
0.0
0.0
4.483864474115697e-6
2.1136698767773486e-6
1.842661806581181e-6
0.00011121771963693033
0.0
0.0
0.0
0.0
0.00034782048145811354
0.00024194670189024185
6.916225251016463e-5
1.5738465411181613e-6
0.0
0.0
0.0
0.0
0.0
0.0
0.0
0.0
0.0
0.0
0.0
0.0
0.0
0.0
0.0
1.8836792052542563e-6
0.0
0.0
0.0
0.0
5.144164768991658e-5
0.0
0.0
0.0
0.0
0.0
0.0
0.0
0.0
0.0
0.0
0.0
0.0
0.0
0.0
0.0
0.0
0.0
0.0
2.1904093393406135e-6
0.0
0.0
0.0
0.0
0.0005337891802211558
0.00038571197146612814
0.0001961971184736187
5.94260285433435e-5
0.0
0.0
0.0
0.0
0.0
0.0
0.0
0.0
0.0
0.0
0.0
2.138442676989268e-6
4.664119100206095e-6
5.687615647610423e-5
0.0002538550715678547
0.000615393533181413
0.0
0.0
0.0
0.0
0.0013093667582952497
0.0011103082948261812
0.0008139086662303195
0.00045939673933682
0.0001026534535719468
0.0
0.0
0.0
0.0
0.0
0.0
0.0
0.0
0.0
0.0
5.314367174901162e-6
5.390413696445596e-5
0.00033157289891431346
0.0005157479012701937
0.0010195868911803197
0.0
0.0
0.0
0.0
0.002072900317880578
0.0016782156157154685
0.0012360412683108894
0.0007606618027950242
0.00021101757090031688
0.0
0.0
0.0
0.0
0.0
0.0
0.0
0.0
0.0
0.0
0.0
5.941111538202195e-6
9.826369968647683e-5
0.0003759113820202241
0.0007562134488536258
0.0
0.0
0.0
0.0
0.0017889068423840562
0.001404710259916023
0.0008987580755688357
0.0003347996836181811
1.1243258667951839e-5
0.0
0.0
0.0
0.0
0.0
0.0
0.0
0.0
0.0
0.0
0.0
0.0
0.0
0.0
2.081924236834892e-6
0.0
0.0
0.0
0.0
7.962179429158986e-5
0.00010062953385464359
6.576982679555058e-5
9.151529929574548e-6
0.0
0.0
0.0
0.0
0.0
0.0
0.0
0.0
0.0
0.0
0.0
6.170267689708358e-6
0.0
1.5694950244154715e-6
8.633086197174058e-5
0.0003967970610786743
0.0
0.0
0.0
0.0
0.0005219897199836156
0.00026962850205765657
0.00018311691939846777
0.0002494102301318758
0.0003060097468409508
0.0002970622344150223
0.00015009354475426344
0.0
0.0
7.518199024052132e-5
0.0003264821989615436
0.0003463205002073786
0.0002127917817994815
0.00023323075552160946
0.00027729436531169466
0.0003526867344917796
0.0003771084729075476
0.00046250537113083715
0.0005842269278830103
0.0010443633950989605
0.0
0.0
0.0
0.0
0.001478184578505371
0.0011813332049128503
0.0010481591767059432
0.0010206766531486045
0.0008900378825014292
0.0006820342113351364
0.00038705775901644584
4.7574142480401394e-5
0.0
5.708986019022026e-6
0.0003110442007073793
0.0006898292112607875
0.0004185856807540998
0.00029578371305415173
0.0003177345053192454
0.0004096925035473941
0.0005573022450911935
0.000721678045230434
0.0010835197368843736
0.001601207659051725
0.0
0.0
0.0
0.0
0.002157453442631476
0.001774505581622809
0.0013232625103164232
0.0009323124737682537
0.0004587077187631732
0.00018354319598886423
0.0
0.0
0.0
2.852781660459668e-6
0.0
0.0
0.0
0.0
0.0
1.4493872515031713e-6
0.0
0.00012459399332203703
0.0002901790883937396
0.000777655087931232
0.0
0.0
0.0
0.0
0.0015169113757623868
0.0011320243385472442
0.0007242378464565711
0.00033859622642897624
3.626745150867162e-5
0.0
0.0
0.0
0.0
0.0
0.0
0.0
0.0
0.0
0.0
0.0
0.0
2.246648722177392e-6
1.1861407730613802e-5
0.0
0.0
0.0
0.0
0.0006137151825608812
0.0004479621645203626
0.00043628884426691084
0.0004240981519528956
0.00015574509059061627
0.0
0.0
0.0
0.0
0.0
0.0
0.0
0.0
0.0
0.0
0.0
0.0
0.0
0.0
0.00011069357101262998
0.0
0.0
0.0
0.0
0.0005360881429290696
0.00041353106857372354
0.0004644793368070318
0.00035491110757477284
5.02262403072116e-5
0.0
0.0
0.0
0.0
0.0
0.0
0.0
0.0
0.0
0.0
0.0
0.0
0.0
6.741464743582798e-6
8.062738898851777e-5
0.0
0.0
0.0
0.0
0.0008575420092487341
0.0004659500099102951
0.00024506277563834765
0.00011211571082486802
0.0
0.0
0.0
0.0
0.0
0.0
0.0
0.0
0.0
0.0
0.0
0.0
0.0
0.0
1.3857156165705602e-6
1.796307280580427e-5
0.0
0.0
0.0
0.0
0.0004358115388647328
0.0003862662407943223
0.0002968064678059854
0.00011266385424670018
0.0
0.0
0.0
0.0
0.0
0.0
0.0
0.0
0.0
0.0
0.0
0.0
0.0
0.0
0.0
5.200002345894358e-6
0.0
0.0
0.0
0.0
0.0003999699713781001
0.00026775132631094424
0.00022221802839895882
7.797390318431318e-5
0.0
0.0
0.0
0.0
0.0
0.0
0.0
0.0
0.0
0.0
0.0
0.0
0.0
0.0
0.0
3.227523903160256e-6
0.0
0.0
0.0
0.0
0.0002951888961177225
9.43625612676483e-5
0.0
0.0
0.0
0.0
0.0
0.0
0.0
0.0
0.0
0.0
0.0
0.0
0.0
0.0
0.0
0.0
0.0
4.359506446870911e-6
0.0
0.0
0.0
0.0
0.0001312971703814687
5.860757202221083e-5
0.0
0.0
0.0
0.0
0.0
0.0
0.0
0.0
0.0
0.0
0.0
0.0
0.0
0.0
0.0
0.0
0.0
7.287928946530985e-6
0.0
0.0
0.0
0.0
0.00013899890936762118
5.278444058258667e-5
3.2701362120748525e-5
2.5545199908132796e-5
0.0
0.0
0.0
0.0
0.0
0.0
0.0
0.0
0.0
0.0
0.0
0.0
0.0
2.0603279401317925e-6
2.11510967168889e-6
8.343773046379627e-5
0.0
0.0
0.0
0.0
0.00018938682915176035
5.1563596960543654e-5
2.336213756884393e-5
0.00014014128181461988
0.00017153033218068975
7.529899484577336e-5
0.0
0.0
0.0
0.0
0.0
0.0
0.0
0.0
0.0
0.0
1.5181480862440932e-6
1.7234951516854893e-6
0.0
1.6238865655175687e-5
0.0
0.0
0.0
0.0
0.00020831249122555228
6.970695375198752e-5
0.0
0.0
0.0
0.0
0.0
0.0
0.0
0.0
0.0
0.0
0.0
0.0
0.0
0.0
0.0
0.0
2.340164681322912e-6
8.872503060129814e-5
0.0
0.0
0.0
0.0
0.0003623462278538306
0.00025616682151761706
0.0001369681956852984
3.92424674950346e-5
0.0
0.0
0.0
0.0
0.0
0.0
0.0
0.0
0.0
0.0
0.0
0.0
0.0
1.5399754294214997e-6
2.260678726650897e-6
7.576485563866806e-5
0.0
0.0
0.0
0.0
0.0006193062335658717
0.0004050127015762154
0.00025873129735366063
0.00013387349426481615
1.0299058471627358e-6
0.0
0.0
0.0
0.0
0.0
0.0
0.0
0.0
0.0
0.0
0.0
0.0
0.0
0.0
1.9050276441740795e-5
0.0
0.0
0.0
0.0
0.0005193664035839789
0.000340802392007878
0.000246035689056347
0.00010971693018418642
0.0
0.0
0.0
0.0
0.0
0.0
0.0
0.0
0.0
0.0
0.0
0.0
0.0
0.0
1.39267876985981e-6
7.234943942445522e-5
0.0
0.0
0.0
0.0
0.0005446750128675952
0.00044648639904544464
0.00031281576998376553
0.00019780795031599754
6.823647057316784e-6
0.0
0.0
0.0
0.0
0.0
0.0
0.0
0.0
0.0
0.0
0.0
0.0
0.0
1.4638769441760417e-6
3.953080247928624e-6
0.0
0.0
0.0
0.0
0.0002904334190286169
0.0001468670284197571
6.0763587791479444e-5
3.045401618498897e-5
0.0
0.0
0.0
0.0
0.0
0.0
0.0
0.0
0.0
0.0
0.0
0.0
0.0
0.0
6.2402793235858044e-6
2.145957408710311e-5
0.0
0.0
0.0
0.0
0.0005266888147881924
0.00034322863977959367
0.0002447603667158851
0.00011532286129952018
0.0
0.0
0.0
0.0
0.0
0.0
0.0
0.0
0.0
0.0
0.0
0.0
0.0
0.0
0.0
3.861149681521474e-6
0.0
0.0
0.0
0.0
0.0004847889936241281
0.00031942048582117257
0.00020555061837989998
8.495917802217813e-5
0.0
0.0
0.0
0.0
0.0
0.0
0.0
0.0
0.0
0.0
0.0
0.0
0.0
0.0
1.8533388834201343e-6
6.014079866119422e-6
0.0
0.0
0.0
0.0
0.0002995198370721161
0.00013547356135932087
1.4600189686161978e-5
0.0
0.0
0.0
0.0
0.0
0.0
0.0
0.0
0.0
0.0
0.0
0.0
0.0
0.0
0.0
0.0
8.790641735403001e-6
0.0
0.0
0.0
0.0
0.00019811104284859354
0.00015774082870935013
9.13041152480981e-6
0.0
0.0
0.0
0.0
0.0
0.0
0.0
0.0
0.0
0.0
0.0
0.0
0.0
0.0
0.0
0.0
0.0
0.0
0.0
0.0
0.0
1.502487857892766e-6
0.0
0.0
0.0
0.0
0.0
0.0
0.0
0.0
0.0
0.0
0.0
0.0
0.0
0.0
0.0
0.0
0.0
2.1173510584137374e-6
3.0681318666067344e-6
0.0
0.0
0.0
0.0
0.0002902445547044949
0.00015420036109798035
0.0
0.0
0.0
0.0
0.0
0.0
0.0
0.0
0.0
0.0
0.0
0.0
0.0
0.0
0.0
0.0
0.0
1.029709157172324e-6
0.0
0.0
0.0
0.0
0.0002131145480947812
4.860118443032596e-5
0.0
0.0
0.0
0.0
0.0
0.0
0.0
0.0
0.0
0.0
0.0
0.0
0.0
0.0
0.0
0.0
0.0
0.0
0.0
0.0
0.0
0.0
8.911536381884571e-5
0.0
0.0
0.0
0.0
0.0
0.0
0.0
0.0
0.0
0.0
0.0
0.0
0.0
0.0
0.0
0.0
0.0
0.0
0.0
0.0
0.0
0.0
0.0
0.00027992492853532456
0.00015396056605096367
0.0
0.0
0.0
0.0
0.0
0.0
0.0
0.0
0.0
0.0
0.0
0.0
0.0
0.0
0.0
0.0
0.0
1.0655348356343475e-5
0.0
0.0
0.0
0.0
0.0006343385494760073
0.00029023175764066164
1.6421588627864818e-5
0.0
0.0
0.0
0.0
0.0
0.0
0.0
0.0
0.0
0.0
0.0
0.0
0.0
0.0
0.0
8.029932800504914e-6
0.00015850409137335974
0.0
0.0
0.0
0.0
0.0008957166538152531
0.0004820251167662026
0.0002009479104760343
7.842451912746384e-5
0.0
0.0
0.0
0.0
0.0
0.0
0.0
0.0
0.0
0.0
0.0
0.0
0.0
0.0
1.5288284852056632e-6
9.045523257571823e-6
0.0
0.0
0.0
0.0
0.000652771892098147
0.0003171467549733904
2.4257825419525426e-5
0.0
0.0
0.0
0.0
0.0
0.0
0.0
0.0
0.0
0.0
0.0
0.0
0.0
0.0
0.0
0.0
7.708191075714585e-6
0.0
0.0
0.0
0.0
0.000334010533312863
0.00015512964660239066
0.0
0.0
0.0
0.0
0.0
0.0
0.0
0.0
0.0
0.0
0.0
0.0
0.0
0.0
0.0
0.0
3.2770652392057487e-6
8.584965337833249e-6
0.0
0.0
0.0
0.0
0.0005686926334177934
0.0003016778890042878
3.090553478490126e-5
0.0
0.0
0.0
0.0
0.0
0.0
0.0
0.0
0.0
0.0
0.0
0.0
0.0
0.0
0.0
5.483712530797889e-6
7.59303534939879e-5
0.0
0.0
0.0
0.0
0.0006540018237734303
0.0003448414551717777
6.864224270650664e-5
3.5124415668458016e-6
0.0
0.0
0.0
0.0
0.0
0.0
0.0
0.0
0.0
0.0
0.0
0.0
0.0
0.0
0.0
0.0
0.0
0.0
0.0
0.0
0.00041871765417858655
0.0002295757344140032
3.956584146015622e-6
0.0
0.0
0.0
0.0
0.0
0.0
0.0
0.0
0.0
0.0
0.0
0.0
0.0
0.0
0.0
7.65588790562028e-6
0.00013611318137706548
0.0
0.0
0.0
0.0
0.0009869216458231896
0.000500849775115387
0.0001386178683860053
8.949285631383817e-6
0.0
0.0
0.0
0.0
0.0
0.0
0.0
0.0
0.0
0.0
0.0
0.0
0.0
0.0
0.0
7.283959394698531e-6
0.0
0.0
0.0
0.0
0.0006490791051320654
0.0003478506688369133
3.103892262429116e-5
0.0
0.0
0.0
0.0
0.0
0.0
0.0
0.0
0.0
0.0
0.0
0.0
0.0
0.0
0.0
0.0
8.794071341634913e-6
0.0
0.0
0.0
0.0
0.0005824280844284789
0.00029796014764914167
2.653235325588407e-5
0.0
0.0
0.0
0.0
0.0
0.0
0.0
0.0
0.0
0.0
0.0
0.0
0.0
0.0
0.0
0.0
0.0
0.0
0.0
0.0
0.0
0.0
0.0
0.0
0.0
0.0
0.0
0.0
0.0
0.0
0.0
0.0
0.0
0.0
0.0
0.0
0.0
0.0
0.0
0.0
0.0
0.0
0.0
0.0
0.0
6.861622372889309e-6
0.0
0.0
0.0
0.0
0.0
0.0
0.0
0.0
0.0
0.0
0.0
0.0
0.0
0.0
0.0
0.0
0.0
0.0
0.0
0.0
0.0
0.0
0.0
0.00011120814467516979
0.0
0.0
0.0
0.0
0.0
0.0
0.0
0.0
0.0
0.0
0.0
0.0
0.0
0.0
0.0
0.0
0.0
0.0
0.0
0.0
0.0
0.0
0.0
3.3038089499655297e-6
0.0
0.0
0.0
0.0
0.0
0.0
0.0
0.0
0.0
0.0
0.0
0.0
0.0
0.0
0.0
0.0
0.0
0.0
6.89803971543068e-6
0.0
0.0
0.0
0.0
0.0003826397247232407
0.00021824511106345422
3.5065696062606036e-5
9.546453291234283e-6
0.0
0.0
0.0
0.0
0.0
0.0
0.0
0.0
0.0
0.0
0.0
0.0
0.0
1.9515908906231747e-6
2.10794078350724e-6
6.631624536228396e-5
0.0
0.0
0.0
0.0
0.000544607358382354
0.00029587406549117813
4.03189203303152e-5
0.0
0.0
0.0
0.0
0.0
0.0
0.0
0.0
0.0
0.0
0.0
0.0
0.0
0.0
1.4461397566535169e-6
1.5283298947441952e-6
0.0003109231267392865
0.0
0.0
0.0
0.0
0.0009856602027655723
0.0005104277774349855
0.00022537461046736096
0.00012735909478501186
1.2568008384882028e-5
0.0
0.0
0.0
0.0
0.0
0.0
0.0
0.0
0.0
0.0
0.0
0.0
4.514592240505305e-6
1.5201915603051363e-5
0.00032544142135893027
0.0
0.0
0.0
0.0
0.0014167939546392825
0.0008966959166552457
0.000337671493283503
0.00010209678533858556
0.0
0.0
0.0
0.0
0.0
0.0
0.0
0.0
0.0
0.0
0.0
0.0
0.0
0.0
8.023848175944527e-6
0.00018247467291654113
0.0
0.0
0.0
0.0
0.0010028497802655125
0.0005137679417278511
0.00014051922718495577
7.196154204273709e-6
0.0
0.0
0.0
0.0
0.0
0.0
0.0
0.0
0.0
0.0
0.0
0.0
0.0
0.0
0.0
8.706797572964933e-6
0.0
0.0
0.0
0.0
0.0007194356152471144
0.00038015760246360396
7.867543914364266e-5
0.0
0.0
0.0
0.0
0.0
0.0
0.0
0.0
0.0
0.0
0.0
0.0
0.0
0.0
0.0
0.0
7.775711312432266e-6
0.0
0.0
0.0
0.0
0.0004180339674337176
0.0001515494971907349
0.0
0.0
0.0
0.0
0.0
0.0
0.0
0.0
0.0
0.0
0.0
0.0
0.0
0.0
0.0
0.0
0.0
7.250250518452238e-6
0.0
0.0
0.0
0.0
0.0004030270871898958
0.000154821398984768
0.0
0.0
0.0
0.0
0.0
0.0
0.0
0.0
0.0
0.0
0.0
0.0
0.0
0.0
0.0
0.0
0.0
0.0
0.0
0.0
0.0
0.0
0.0002481260082547995
4.0075725075903735e-5
0.0
0.0
0.0
0.0
0.0
0.0
0.0
0.0
0.0
0.0
0.0
0.0
0.0
0.0
0.0
0.0
0.0
3.5636104597728773e-6
0.0
0.0
0.0
0.0
0.00031389102062449187
6.949008868477403e-5
0.0
0.0
0.0
0.0
0.0
0.0
0.0
0.0
0.0
0.0
0.0
0.0
0.0
0.0
0.0
0.0
0.0
0.0
0.0
0.0
0.0
0.0
3.6183451931333044e-5
0.0
0.0
0.0
0.0
0.0
0.0
0.0
0.0
0.0
0.0
0.0
0.0
0.0
0.0
0.0
0.0
0.0
0.0
0.0
0.0
0.0
0.0
0.0
0.00012497550178101354
0.0
0.0
0.0
0.0
0.0
0.0
0.0
0.0
0.0
0.0
0.0
0.0
0.0
0.0
0.0
0.0
0.0
0.0
1.4725130312612756e-6
0.0
0.0
0.0
0.0
2.9376240393852536e-6
0.0
0.0
0.0
0.0
0.0
0.0
0.0
0.0
0.0
0.0
0.0
0.0
0.0
0.0
0.0
0.0
0.0
0.0
0.0
0.0
0.0
0.0
0.0
1.588589536391513e-6
0.0
0.0
0.0
0.0
0.0
0.0
0.0
0.0
0.0
0.0
0.0
0.0
0.0
0.0
0.0
0.0
0.0
0.0
0.0
0.0
0.0
0.0
0.0
3.1560672818153704e-6
0.0
0.0
0.0
0.0
0.0
0.0
0.0
0.0
0.0
0.0
0.0
0.0
0.0
0.0
0.0
0.0
0.0
0.0
0.0
0.0
0.0
0.0
0.0
1.7363621987965133e-6
0.0
0.0
0.0
0.0
0.0
0.0
0.0
0.0
0.0
0.0
0.0
0.0
0.0
0.0
0.0
0.0
0.0
0.0
0.0
0.0
0.0
0.0
0.0
9.081201006304154e-6
0.0
0.0
0.0
0.0
0.0
0.0
0.0
0.0
0.0
0.0
0.0
0.0
0.0
0.0
0.0
0.0
0.0
0.0
0.0
0.0
0.0
0.0
0.0
0.000167320727932479
1.164869445561043e-5
0.0
0.0
0.0
0.0
0.0
0.0
0.0
0.0
0.0
0.0
0.0
0.0
0.0
0.0
0.0
0.0
0.0
0.0
0.0
0.0
0.0
0.0
0.00040749510556311263
0.00016322409142107889
0.0
0.0
0.0
0.0
0.0
0.0
0.0
0.0
0.0
0.0
0.0
0.0
0.0
0.0
0.0
0.0
0.0
3.602497176947376e-6
0.0
0.0
0.0
0.0
0.00021024960006795328
1.0112637649393847e-5
0.0
0.0
0.0
0.0
0.0
0.0
0.0
0.0
0.0
0.0
0.0
0.0
0.0
0.0
0.0
0.0
0.0
0.0
0.0
0.0
0.0
0.0
4.491203623127696e-5
0.0
0.0
0.0
0.0
0.0
0.0
0.0
0.0
0.0
0.0
0.0
0.0
0.0
0.0
0.0
0.0
0.0
0.0
0.0
0.0
0.0
0.0
0.0
3.1089801077857397e-6
0.0
0.0
0.0
0.0
0.0
0.0
0.0
0.0
0.0
0.0
0.0
0.0
0.0
0.0
0.0
0.0
0.0
0.0
0.0
0.0
0.0
0.0
0.0
9.96138807742394e-5
0.0
0.0
0.0
0.0
0.0
0.0
0.0
0.0
0.0
0.0
0.0
0.0
0.0
0.0
0.0
0.0
0.0
0.0
1.7561741944755916e-6
0.0
0.0
0.0
0.0
0.00011011324155270649
0.0
0.0
0.0
0.0
0.0
0.0
0.0
0.0
0.0
0.0
0.0
0.0
0.0
0.0
0.0
0.0
0.0
0.0
2.1824240035938366e-6
0.0
0.0
0.0
0.0
0.00044893916830387987
0.00024805857951150606
7.915867424166888e-6
0.0
0.0
0.0
0.0
0.0
0.0
0.0
0.0
0.0
0.0
0.0
0.0
0.0
0.0
0.0
0.0
0.0
0.0
0.0
0.0
0.0
0.00026331681907614126
7.758658901567509e-5
0.0
0.0
0.0
0.0
0.0
0.0
0.0
0.0
0.0
0.0
0.0
0.0
0.0
0.0
0.0
0.0
0.0
4.256883556630597e-6
0.0
0.0
0.0
0.0
0.000419985529981367
0.00017465507383027134
0.0
0.0
0.0
0.0
0.0
0.0
0.0
0.0
0.0
0.0
0.0
0.0
0.0
0.0
0.0
0.0
0.0
8.099304469874875e-6
0.0
0.0
0.0
0.0
0.00043251188845795484
0.00014058325364186766
0.0
0.0
0.0
0.0
0.0
0.0
0.0
0.0
0.0
0.0
0.0
0.0
0.0
0.0
0.0
0.0
0.0
0.0
0.0
0.0
0.0
0.0
2.145187808738089e-5
0.0
0.0
0.0
0.0
0.0
0.0
0.0
0.0
0.0
0.0
0.0
0.0
0.0
0.0
0.0
0.0
0.0
0.0
6.1647266678008086e-6
0.0
0.0
0.0
0.0
0.0003040944414949306
4.415334358940692e-5
0.0
0.0
0.0
0.0
0.0
0.0
0.0
0.0
0.0
0.0
0.0
0.0
0.0
0.0
0.0
0.0
0.0
0.0
0.0
0.0
0.0
0.0
5.974604073777035e-6
0.0
0.0
0.0
0.0
0.0
0.0
0.0
0.0
0.0
0.0
0.0
0.0
0.0
0.0
0.0
0.0
0.0
0.0
0.0
0.0
0.0
0.0
0.0
1.8983243966419075e-6
0.0
0.0
0.0
0.0
0.0
0.0
0.0
0.0
0.0
0.0
0.0
0.0
0.0
0.0
0.0
0.0
0.0
0.0
0.0
0.0
0.0
0.0
0.0
4.241544397826718e-6
0.0
0.0
0.0
0.0
0.0
0.0
0.0
0.0
0.0
0.0
0.0
0.0
0.0
0.0
0.0
0.0
0.0
0.0
0.0
0.0
0.0
0.0
0.0
3.6127184940534343e-6
0.0
0.0
0.0
0.0
0.0
0.0
0.0
0.0
0.0
0.0
0.0
0.0
0.0
0.0
0.0
0.0
0.0
0.0
0.0
0.0
0.0
0.0
0.0
7.2839553414928535e-6
0.0
0.0
0.0
0.0
0.0
0.0
0.0
0.0
0.0
0.0
0.0
0.0
0.0
0.0
0.0
0.0
0.0
0.0
0.0
0.0
0.0
0.0
0.0
0.00023723181006031258
2.2289912033917633e-5
0.0
0.0
0.0
0.0
0.0
0.0
0.0
0.0
0.0
0.0
0.0
0.0
0.0
0.0
0.0
0.0
0.0
0.0
0.0
0.0
0.0
0.0
0.00020081480130271955
5.089213518164054e-6
0.0
0.0
0.0
0.0
0.0
0.0
0.0
0.0
0.0
0.0
0.0
0.0
0.0
0.0
0.0
0.0
0.0
0.0
0.0
0.0
0.0
0.0
2.1057931672700856e-5
0.0
0.0
0.0
0.0
0.0
0.0
0.0
0.0
0.0
0.0
0.0
0.0
0.0
0.0
0.0
0.0
0.0
0.0
0.0
0.0
0.0
0.0
0.0
2.1950149792706045e-6
0.0
0.0
0.0
0.0
0.0
0.0
0.0
0.0
0.0
0.0
0.0
0.0
0.0
0.0
0.0
0.0
0.0
0.0
0.0
0.0
0.0
0.0
0.0
0.0
0.0
0.0
0.0
0.0
0.0
0.0
0.0
0.0
0.0
0.0
0.0
0.0
0.0
0.0
0.0
0.0
0.0
0.0
0.0
0.0
0.0
0.0
0.0
3.5478476182010537e-6
0.0
0.0
0.0
0.0
0.0
0.0
0.0
0.0
0.0
0.0
0.0
0.0
0.0
0.0
0.0
0.0
0.0
0.0
0.0
0.0
0.0
0.0
0.0
3.134152898501569e-6
0.0
0.0
0.0
0.0
0.0
0.0
0.0
0.0
0.0
0.0
0.0
0.0
0.0
0.0
0.0
0.0
0.0
0.0
0.0
0.0
0.0
0.0
0.0
3.353646944325157e-6
0.0
0.0
0.0
0.0
0.0
0.0
0.0
0.0
0.0
0.0
0.0
0.0
0.0
0.0
0.0
0.0
0.0
0.0
0.0
0.0
0.0
0.0
0.0
1.1062552967215238e-6
0.0
0.0
0.0
0.0
0.0
0.0
0.0
0.0
0.0
0.0
0.0
0.0
0.0
0.0
0.0
0.0
0.0
0.0
0.0
0.0
0.0
0.0
0.0
1.2755772276758997e-6
0.0
0.0
0.0
0.0
0.0
0.0
0.0
0.0
0.0
0.0
0.0
0.0
0.0
0.0
0.0
0.0
0.0
0.0
0.0
0.0
0.0
0.0
0.0
2.2363409928871596e-6
0.0
0.0
0.0
0.0
0.0
0.0
0.0
0.0
0.0
0.0
0.0
0.0
0.0
0.0
0.0
0.0
0.0
0.0
0.0
0.0
0.0
0.0
0.0
1.7191097599398533e-6
0.0
0.0
0.0
0.0
0.0
0.0
0.0
0.0
0.0
0.0
0.0
0.0
0.0
0.0
0.0
0.0
0.0
0.0
0.0
0.0
0.0
0.0
0.0
0.0
0.0
0.0
0.0
0.0
0.0
0.0
0.0
0.0
0.0
0.0
0.0
0.0
0.0
0.0
0.0
0.0
0.0
0.0
0.0
0.0
0.0
0.0
0.0
0.0
0.0
0.0
0.0
0.0
0.0
0.0
0.0
0.0
0.0
0.0
0.0
0.0
0.0
0.0
0.0
0.0
0.0
0.0
0.0
0.0
0.0
0.0
0.0
0.0
0.0
0.0
0.0
0.0
0.0
0.0
0.0
0.0
0.0
0.0
0.0
0.0
0.0
0.0
0.0
0.0
0.0
0.0
0.0
0.0
0.0
0.0
0.0
0.0
0.0
0.0
0.0
0.0
0.0
0.0
0.0
0.0
0.0
0.0
0.0
0.0
0.0
0.0
0.0
0.0
0.0
0.0
0.0
0.0
0.0
0.0
0.0
0.0
0.0
0.0
0.0
0.0
0.0
0.0
0.0
0.0
0.0
0.0
0.0
0.0
0.0
0.0
0.0
0.0
0.0
0.0
0.0
0.0
0.0
0.0
0.0
0.0
0.0
0.0
0.0
0.0
0.0
0.0
0.0
0.0
0.0
0.0
0.0
0.0
0.0
0.0
0.0
0.0
0.0
0.0
0.0
0.0
0.0
0.0
0.0
0.0
0.0
0.0
0.0
0.0
0.0
0.0
0.0
0.0
0.0
0.0
0.0
0.0
0.0
0.0
0.0
0.0
0.0
0.0
0.0
0.0
0.0
0.0
0.0
0.0
0.0
0.0
0.0
0.0
0.0
0.0
0.0
0.0
0.0
0.0
0.0
0.0
0.0
0.0
0.0
0.0
0.0
0.0
0.0
0.0
0.0
0.0
0.0
0.0
0.0
0.0
0.0
0.0
0.0
0.0
0.0
0.0
0.0
0.0
0.0
0.0
0.0
0.0
0.0
0.0
0.0
0.0
0.0
0.0
0.0
0.0
0.0
1.587910699087878e-6
0.0
0.0
0.0
0.0
0.0
0.0
0.0
0.0
0.0
0.0
0.0
0.0
0.0
0.0
0.0
0.0
0.0
0.0
0.0
0.0
0.0
0.0
0.0
2.011898775240021e-6
0.0
0.0
0.0
0.0
0.0
0.0
0.0
0.0
0.0
0.0
0.0
0.0
0.0
0.0
0.0
0.0
0.0
0.0
0.0
0.0
0.0
0.0
0.0
5.129287827875595e-5
0.0
0.0
0.0
0.0
0.0
0.0
0.0
0.0
0.0
0.0
0.0
0.0
0.0
0.0
0.0
0.0
0.0
0.0
0.0
0.0
0.0
0.0
0.0
4.6736725027102755e-6
0.0
0.0
0.0
0.0
0.0
0.0
0.0
0.0
0.0
0.0
0.0
0.0
0.0
0.0
0.0
0.0
0.0
0.0
0.0
0.0
0.0
0.0
0.0
1.9444566085675298e-6
0.0
0.0
0.0
0.0
0.0
0.0
0.0
0.0
0.0
0.0
0.0
0.0
0.0
0.0
0.0
0.0
0.0
0.0
0.0
0.0
0.0
0.0
0.0
0.0
0.0
0.0
0.0
0.0
0.0
0.0
0.0
0.0
0.0
0.0
0.0
0.0
0.0
0.0
0.0
0.0
0.0
0.0
0.0
0.0
0.0
0.0
0.0
0.0
0.0
0.0
0.0
0.0
0.0
0.0
0.0
0.0
0.0
0.0
0.0
0.0
0.0
0.0
0.0
0.0
0.0
0.0
0.0
0.0
0.0
0.0
0.0
0.0
0.0
0.0
0.0
0.0
0.0
0.0
0.0
0.0
0.0
0.0
0.0
0.0
0.0
0.0
0.0
0.0
0.0
0.0
0.0
0.0
0.0
0.0
0.0
0.0
0.0
0.0
0.0
0.0
0.0
0.0
0.0
0.0
0.0
0.0
0.0
0.0
0.0
0.0
0.0
0.0
0.0
0.0
0.0
0.0
0.0
0.0
0.0
0.0
0.0
0.0
0.0
0.0
0.0
0.0
0.0
0.0
0.0
0.0
0.0
0.0
0.0
0.0
0.0
0.0
0.0
0.0
0.0
0.0
0.0
0.0
0.0
0.0
0.0
0.0
0.0
0.0
0.0
0.0
0.0
0.0
0.0
0.0
0.0
0.0
0.0
0.0
0.0
0.0
0.0
0.0
0.0
0.0
0.0
0.0
0.0
0.0
0.0
0.0
0.0
0.0
0.0
0.0
0.0
0.0
0.0
0.0
0.0
0.0
0.0
0.0
0.0
0.0
0.0
0.0
0.0
0.0
0.0
0.0
0.0
0.0
0.0
0.0
0.0
0.0
0.0
0.0
0.0
0.0
0.0
0.0
0.0
0.0
0.0
0.0
0.0
0.0
0.0
0.0
0.0
0.0
0.0
0.0
0.0
0.0
0.0
0.0
0.0
0.0
0.0
0.0
0.0
0.0
0.0
0.0
0.0
0.0
0.0
0.0
0.0
0.0
0.0
0.0
0.0
0.0
0.0
0.0
0.0
0.0
0.0
0.0
0.0
0.0
0.0
0.0
0.0
0.0
0.0
0.0
0.0
0.0
0.0
0.0
0.0
0.0
0.0
0.0
0.0
0.0
0.0
0.0
0.0
0.0
0.0
0.0
0.0
0.0
0.0
0.0
0.0
0.0
0.0
0.0
0.0
0.0
0.0
0.0
0.0
0.0
0.0
0.0
0.0
0.0
0.0
0.0
0.0
0.0
0.0
0.0
0.0
0.0
0.0
0.0
0.0
0.0
0.0
0.0
0.0
0.0
0.0
0.0
0.0
0.0
0.0
0.0
0.0
0.0
0.0
0.0
0.0
0.0
0.0
0.0
0.0
0.0
0.0
0.0
0.0
0.0
0.0
0.0
0.0
0.0
0.0
0.0
0.0
0.0
0.0
0.0
0.0
0.0
0.0
0.0
0.0
0.0
0.0
0.0
0.0
0.0
0.0
0.0
0.0
0.0
0.0
0.0
0.0
0.0
0.0
0.0
0.0
0.0
0.0
0.0
0.0
0.0
0.0
0.0
0.0
0.0
0.0
0.0
0.0
0.0
0.0
0.0
0.0
0.0
0.0
0.0
0.0
0.0
0.0
0.0
0.0
0.0
0.0
0.0
0.0
0.0
0.0
0.0
0.0
1.2037697345902658e-6
0.0
0.0
0.0
0.0
0.0
0.0
0.0
0.0
0.0
0.0
0.0
0.0
0.0
0.0
0.0
0.0
0.0
0.0
0.0
0.0
0.0
0.0
0.0
0.0
0.0
0.0
0.0
0.0
0.0
0.0
0.0
0.0
0.0
0.0
0.0
0.0
0.0
0.0
0.0
0.0
0.0
0.0
0.0
0.0
0.0
0.0
0.0
4.35095491463255e-6
0.0
0.0
0.0
0.0
0.0
0.0
0.0
0.0
0.0
0.0
0.0
0.0
0.0
0.0
0.0
0.0
0.0
0.0
0.0
0.0
0.0
0.0
0.0
0.0
0.0
0.0
0.0
0.0
0.0
0.0
0.0
0.0
0.0
0.0
0.0
0.0
0.0
0.0
0.0
0.0
0.0
0.0
0.0
0.0
0.0
0.0
0.0
0.0
0.0
0.0
0.0
0.0
0.0
0.0
0.0
0.0
0.0
0.0
0.0
0.0
0.0
0.0
0.0
0.0
0.0
0.0
0.0
0.0
0.0
0.0
0.0
0.0
0.0
0.0
0.0
0.0
0.0
0.0
0.0
0.0
0.0
0.0
0.0
0.0
0.0
0.0
0.0
0.0
0.0
0.0
0.0
0.0
0.0
0.0
0.0
0.0
0.0
0.0
0.0
0.0
0.0
0.0
0.0
0.0
0.0
0.0
0.0
0.0
0.0
0.0
0.0
0.0
0.0
0.0
0.0
0.0
0.0
0.0
0.0
0.0
0.0
0.0
0.0
0.0
0.0
0.0
0.0
0.0
0.0
0.0
0.0
0.0
0.0
0.0
0.0
0.0
0.0
0.0
0.0
0.0
0.0
0.0
0.0
0.0
0.0
0.0
0.0
0.0
0.0
0.0
0.0
0.0
0.0
0.0
0.0
0.0
0.0
0.0
0.0
0.0
0.0
0.0
0.0
0.0
0.0
0.0
0.0
0.0
0.0
0.0
0.0
0.0
0.0
0.0
0.0
0.0
0.0
0.0
0.0
0.0
0.0
0.0
0.0
0.0
0.0
0.0
0.0
0.0
0.0
0.0
0.0
0.0
0.0
0.0
0.0
0.0
0.0
0.0
0.0
0.0
0.0
0.0
0.0
0.0
0.0
0.0
0.0
0.0
0.0
0.0
0.0
0.0
0.0
0.0
0.0
0.0
0.0
0.0
0.0
0.0
0.0
0.0
0.0
0.0
0.0
0.0
0.0
0.0
0.0
0.0
0.0
0.0
0.0
0.0
0.0
0.0
0.0
0.0
0.0
0.0
0.0
0.0
0.0
0.0
0.0
0.0
0.0
0.0
0.0
0.0
0.0
0.0
0.0
0.0
0.0
0.0
0.0
0.0
0.0
0.0
0.0
0.0
0.0
0.0
0.0
0.0
0.0
0.0
0.0
0.0
0.0
0.0
0.0
0.0
0.0
0.0
0.0
0.0
0.0
0.0
0.0
0.0
0.0
0.0
0.0
0.0
0.0
0.0
0.0
0.0
0.0
0.0
0.0
0.0
0.0
0.0
0.0
0.0
0.0
0.0
0.0
0.0
0.0
0.0
0.0
0.0
0.0
0.0
0.0
0.0
0.0
0.0
0.0
0.0
0.0
0.0
0.0
0.0
0.0
0.0
0.0
0.0
0.0
0.0
0.0
0.0
0.0
0.0
0.0
0.0
0.0
0.0
0.0
0.0
0.0
0.0
0.0
0.0
0.0
0.0
0.0
0.0
0.0
0.0
0.0
0.0
0.0
0.0
0.0
0.0
0.0
0.0
0.0
0.0
0.0
0.0
0.0
0.0
0.0
0.0
0.0
0.0
0.0
0.0
0.0
0.0
0.0
0.0
0.0
0.0
0.0
0.0
0.0
0.0
0.0
0.0
0.0
0.0
0.0
0.0
0.0
0.0
0.0
0.0
0.0
0.0
0.0
0.0
0.0
0.0
0.0
0.0
0.0
0.0
0.0
0.0
0.0
0.0
0.0
0.0
0.0
0.0
0.0
0.0
0.0
0.0
0.0
0.0
0.0
0.0
0.0
0.0
0.0
0.0
0.0
0.0
0.0
0.0
0.0
0.0
0.0
0.0
0.0
0.0
0.0
0.0
0.0
0.0
0.0
0.0
0.0
0.0
0.0
0.0
0.0
0.0
0.0
0.0
0.0
0.0
0.0
0.0
0.0
0.0
0.0
0.0
0.0
0.0
0.0
0.0
0.0
0.0
0.0
0.0
0.0
0.0
0.0
0.0
0.0
0.0
0.0
0.0
0.0
0.0
0.0
0.0
0.0
0.0
0.0
0.0
0.0
0.0
0.0
0.0
0.0
0.0
0.0
0.0
0.0
0.0
0.0
0.0
0.0
0.0
0.0
0.0
0.0
0.0
0.0
0.0
0.0
0.0
0.0
0.0
0.0
0.0
0.0
0.0
0.0
0.0
0.0
0.0
0.0
0.0
0.0
0.0
0.0
0.0
0.0
0.0
0.0
0.0
0.0
0.0
0.0
0.0
0.0
0.0
0.0
0.0
0.0
0.0
0.0
0.0
0.0
0.0
0.0
0.0
0.0
0.0
0.0
0.0
0.0
0.0
0.0
0.0
0.0
0.0
0.0
0.0
0.0
0.0
0.0
0.0
0.0
0.0
0.0
0.0
0.0
0.0
0.0
0.0
0.0
0.0
0.0
0.0
0.0
0.0
0.0
0.0
0.0
0.0
0.0
0.0
0.0
0.0
0.0
0.0
0.0
0.0
0.0
0.0
0.0
0.0
0.0
0.0
0.0
0.0
0.0
0.0
0.0
0.0
0.0
0.0
0.0
0.0
0.0
0.0
0.0
0.0
0.0
0.0
0.0
0.0
0.0
0.0
0.0
0.0
0.0
0.0
0.0
0.0
0.0
0.0
0.0
0.0
0.0
0.0
0.0
0.0
0.0
0.0
0.0
0.0
0.0
0.0
0.0
0.0
0.0
0.0
0.0
0.0
0.0
0.0
0.0
0.0
0.0
0.0
0.0
0.0
0.0
0.0
0.0
0.0
0.0
0.0
0.0
0.0
0.0
0.0
0.0
0.0
0.0
0.0
0.0
0.0
0.0
0.0
0.0
0.0
0.0
0.0
0.0
0.0
0.0
0.0
0.0
0.0
0.0
0.0
0.0
0.0
0.0
0.0
0.0
0.0
0.0
0.0
0.0
0.0
0.0
0.0
0.0
0.0
0.0
0.0
0.0
0.0
0.0
0.0
0.0
0.0
0.0
0.0
0.0
0.0
0.0
0.0
0.0
0.0
0.0
0.0
0.0
0.0
0.0
0.0
0.0
0.0
0.0
0.0
0.0
0.0
0.0
0.0
0.0
0.0
0.0
0.0
0.0
0.0
0.0
0.0
0.0
0.0
0.0
0.0
0.0
0.0
0.0
0.0
0.0
0.0
0.0
0.0
0.0
0.0
0.0
0.0
0.0
0.0
0.0
0.0
0.0
0.0
0.0
0.0
0.0
0.0
0.0
0.0
0.0
0.0
0.0
0.0
0.0
0.0
0.0
0.0
0.0
0.0
0.0
0.0
0.0
0.0
0.0
0.0
0.0
0.0
0.0
0.0
0.0
0.0
0.0
0.0
0.0
0.0
0.0
0.0
0.0
0.0
0.0
0.0
0.0
0.0
0.0
0.0
0.0
0.0
0.0
0.0
0.0
0.0
0.0
0.0
0.0
0.0
0.0
0.0
0.0
0.0
0.0
0.0
0.0
0.0
0.0
0.0
0.0
0.0
0.0
0.0
0.0
0.0
0.0
0.0
0.0
0.0
0.0
0.0
0.0
0.0
0.0
0.0
0.0
0.0
0.0
0.0
0.0
0.0
0.0
0.0
0.0
0.0
0.0
0.0
0.0
0.0
0.0
0.0
0.0
0.0
0.0
0.0
0.0
0.0
0.0
0.0
0.0
0.0
0.0
0.0
0.0
0.0
0.0
0.0
0.0
0.0
0.0
0.0
0.0
0.0
0.0
0.0
0.0
0.0
0.0
0.0
0.0
0.0
0.0
0.0
0.0
0.0
0.0
0.0
0.0
0.0
0.0
0.0
0.0
0.0
0.0
0.0
0.0
0.0
0.0
0.0
0.0
0.0
0.0
0.0
0.0
0.0
0.0
0.0
0.0
0.0
0.0
0.0
0.0
0.0
0.0
0.0
0.0
0.0
0.0
0.0
0.0
0.0
0.0
0.0
0.0
0.0
0.0
0.0
0.0
0.0
0.0
0.0
0.0
0.0
0.0
0.0
0.0
0.0
0.0
0.0
0.0
0.0
0.0
0.0
0.0
0.0
0.0
0.0
0.0
0.0
0.0
0.0
0.0
0.0
0.0
0.0
0.0
0.0
0.0
0.0
0.0
0.0
0.0
0.0
0.0
0.0
0.0
0.0
0.0
0.0
0.0
0.0
0.0
0.0
0.0
0.0
0.0
0.0
0.0
0.0
0.0
0.0
0.0
0.0
0.0
0.0
0.0
0.0
0.0
0.0
0.0
0.0
0.0
0.0
0.0
0.0
0.0
0.0
0.0
0.0
0.0
0.0
0.0
0.0
0.0
0.0
0.0
0.0
0.0
0.0
0.0
0.0
0.0
0.0
0.0
0.0
0.0
0.0
0.0
0.0
0.0
0.0
0.0
0.0
0.0
0.0
0.0
0.0
0.0
0.0
0.0
0.0
0.0
0.0
0.0
0.0
0.0
0.0
0.0
0.0
0.0
0.0
0.0
0.0
0.0
0.0
0.0
0.0
0.0
0.0
0.0
0.0
0.0
0.0
0.0
0.0
0.0
0.0
0.0
0.0
0.0
0.0
0.0
0.0
0.0
0.0
0.0
0.0
0.0
0.0
0.0
0.0
0.0
0.0
0.0
0.0
0.0
0.0
0.0
0.0
0.0
0.0
0.0
0.0
0.0
0.0
0.0
0.0
0.0
0.0
0.0
0.0
0.0
0.0
0.0
0.0
0.0
0.0
0.0
0.0
0.0
0.0
0.0
0.0
0.0
0.0
0.0
0.0
0.0
0.0
0.0
0.0
0.0
0.0
0.0
0.0
0.0
0.0
0.0
0.0
0.0
0.0
0.0
0.0
0.0
0.0
0.0
0.0
0.0
0.0
0.0
0.0
0.0
0.0
0.0
0.0
0.0
0.0
0.0
0.0
0.0
0.0
0.0
0.0
0.0
0.0
0.0
0.0
0.0
0.0
0.0
0.0
0.0
0.0
0.0
0.0
0.0
0.0
0.0
0.0
0.0
0.0
0.0
0.0
0.0
0.0
0.0
0.0
0.0
0.0
0.0
0.0
0.0
0.0
0.0
0.0
0.0
0.0
0.0
0.0
0.0
0.0
0.0
0.0
0.0
0.0
0.0
0.0
0.0
0.0
0.0
0.0
0.0
0.0
0.0
0.0
0.0
0.0
0.0
0.0
0.0
0.0
0.0
0.0
0.0
0.0
0.0
0.0
0.0
0.0
0.0
0.0
0.0
0.0
0.0
0.0
0.0
0.0
0.0
0.0
0.0
0.0
0.0
0.0
0.0
0.0
0.0
0.0
0.0
0.0
0.0
0.0
0.0
0.0
0.0
0.0
0.0
0.0
0.0
0.0
0.0
0.0
0.0
0.0
0.0
0.0
0.0
0.0
0.0
0.0
0.0
0.0
0.0
0.0
0.0
0.0
0.0
0.0
0.0
0.0
0.0
0.0
0.0
0.0
0.0
0.0
0.0
0.0
0.0
0.0
0.0
0.0
0.0
0.0
0.0
0.0
0.0
0.0
0.0
0.0
0.0
0.0
0.0
0.0
0.0
0.0
0.0
0.0
0.0
0.0
0.0
0.0
0.0
0.0
0.0
0.0
0.0
0.0
0.0
0.0
0.0
0.0
0.0
0.0
0.0
0.0
0.0
0.0
0.0
0.0
0.0
0.0
0.0
0.0
0.0
0.0
0.0
0.0
0.0
0.0
0.0
0.0
0.0
0.0
0.0
0.0
0.0
0.0
0.0
0.0
0.0
0.0
0.0
0.0
0.0
0.0
0.0
0.0
0.0
0.0
0.0
0.0
0.0
0.0
0.0
0.0
0.0
0.0
0.0
0.0
0.0
0.0
0.0
0.0
0.0
0.0
0.0
0.0
0.0
0.0
0.0
0.0
0.0
0.0
0.0
0.0
0.0
0.0
0.0
0.0
0.0
0.0
0.0
0.0
0.0
0.0
0.0
0.0
0.0
0.0
0.0
0.0
0.0
0.0
0.0
0.0
0.0
0.0
0.0
0.0
0.0
0.0
0.0
0.0
0.0
0.0
0.0
0.0
0.0
0.0
0.0
0.0
0.0
0.0
0.0
0.0
0.0
0.0
0.0
0.0
0.0
0.0
0.0
0.0
0.0
0.0
0.0
0.0
0.0
0.0
0.0
0.0
0.0
0.0
0.0
0.0
0.0
0.0
0.0
0.0
0.0
0.0
0.0
0.0
0.0
0.0
0.0
0.0
0.0
0.0
0.0
0.0
0.0
0.0
0.0
0.0
0.0
0.0
0.0
0.0
0.0
0.0
0.0
0.0
0.0
0.0
0.0
0.0
0.0
0.0
0.0
0.0
0.0
0.0
0.0
0.0
0.0
0.0
0.0
0.0
0.0
0.0
0.0
0.0
0.0
0.0
0.0
0.0
0.0
0.0
0.0
0.0
0.0
0.0
0.0
0.0
0.0
0.0
0.0
0.0
0.0
0.0
0.0
0.0
0.0
0.0
0.0
0.0
0.0
0.0
0.0
0.0
0.0
0.0
0.0
0.0
0.0
0.0
0.0
0.0
0.0
0.0
0.0
0.0
0.0
0.0
0.0
0.0
0.0
0.0
0.0
0.0
0.0
0.0
0.0
0.0
0.0
0.0
0.0
0.0
0.0
0.0
0.0
0.0
0.0
0.0
0.0
0.0
0.0
0.0
0.0
0.0
0.0
0.0
0.0
0.0
0.0
0.0
0.0
0.0
0.0
0.0
0.0
0.0
0.0
0.0
0.0
0.0
0.0
0.0
0.0
0.0
0.0
0.0
0.0
0.0
0.0
0.0
0.0
0.0
0.0
0.0
0.0
0.0
0.0
0.0
0.0
0.0
0.0
0.0
0.0
0.0
0.0
0.0
0.0
0.0
0.0
0.0
0.0
0.0
0.0
0.0
0.0
0.0
0.0
0.0
0.0
0.0
0.0
0.0
0.0
0.0
0.0
0.0
0.0
0.0
0.0
0.0
0.0
0.0
0.0
0.0
0.0
0.0
0.0
0.0
0.0
0.0
0.0
0.0
0.0
0.0
0.0
0.0
0.0
0.0
0.0
0.0
0.0
0.0
0.0
0.0
0.0
0.0
0.0
0.0
0.0
0.0
0.0
0.0
0.0
0.0
0.0
0.0
0.0
0.0
0.0
0.0
0.0
0.0
0.0
0.0
0.0
0.0
0.0
0.0
0.0
0.0
0.0
0.0
0.0
0.0
0.0
0.0
0.0
0.0
0.0
0.0
0.0
0.0
0.0
0.0
0.0
0.0
0.0
0.0
0.0
0.0
0.0
0.0
0.0
0.0
0.0
0.0
0.0
0.0
0.0
0.0
0.0
0.0
0.0
0.0
0.0
0.0
0.0
0.0
0.0
0.0
0.0
0.0
0.0
0.0
0.0
0.0
0.0
0.0
0.0
0.0
0.0
0.0
0.0
0.0
0.0
0.0
0.0
0.0
0.0
0.0
0.0
0.0
0.0
0.0
0.0
0.0
0.0
0.0
0.0
0.0
0.0
0.0
0.0
0.0
0.0
0.0
0.0
0.0
0.0
0.0
0.0
0.0
0.0
0.0
0.0
0.0
0.0
0.0
0.0
0.0
0.0
0.0
0.0
0.0
0.0
0.0
0.0
0.0
0.0
0.0
0.0
0.0
0.0
0.0
0.0
0.0
0.0
0.0
0.0
0.0
0.0
0.0
0.0
0.0
0.0
0.0
0.0
0.0
0.0
0.0
0.0
0.0
0.0
0.0
0.0
0.0
0.0
0.0
0.0
0.0
0.0
0.0
0.0
0.0
0.0
0.0
0.0
0.0
0.0
0.0
0.0
0.0
0.0
0.0
0.0
0.0
0.0
0.0
0.0
0.0
0.0
0.0
0.0
0.0
0.0
0.0
0.0
0.0
0.0
0.0
0.0
0.0
0.0
0.0
0.0
0.0
0.0
0.0
0.0
0.0
0.0
0.0
0.0
0.0
0.0
0.0
0.0
0.0
0.0
0.0
0.0
0.0
0.0
0.0
0.0
0.0
0.0
0.0
0.0
0.0
0.0
0.0
0.0
0.0
0.0
0.0
0.0
0.0
0.0
0.0
0.0
0.0
0.0
0.0
0.0
0.0
0.0
0.0
0.0
0.0
0.0
0.0
0.0
4.393057645886221e-6
0.0
0.0
0.0
0.0
0.0
0.0
0.0
0.0
0.0
0.0
0.0
0.0
0.0
0.0
0.0
0.0
0.0
0.0
0.0
0.0
0.0
0.0
0.0
4.57217866761534e-6
0.0
0.0
0.0
0.0
0.0
0.0
0.0
0.0
0.0
0.0
0.0
0.0
0.0
0.0
0.0
0.0
0.0
0.0
0.0
0.0
0.0
0.0
0.0
0.0
0.0
0.0
0.0
0.0
0.0
0.0
0.0
0.0
0.0
0.0
0.0
0.0
0.0
0.0
0.0
0.0
0.0
0.0
0.0
0.0
0.0
0.0
0.0
0.0
0.0
0.0
0.0
0.0
0.0
0.0
0.0
0.0
0.0
0.0
0.0
0.0
0.0
0.0
0.0
0.0
0.0
0.0
0.0
0.0
0.0
0.0
0.0
0.0
0.0
0.0
0.0
0.0
0.0
0.0
0.0
0.0
0.0
0.0
0.0
0.0
0.0
0.0
0.0
0.0
0.0
0.0
0.0
0.0
0.0
0.0
0.0
0.0
0.0
0.0
0.0
0.0
0.0
0.0
0.0
0.0
0.0
0.0
0.0
0.0
0.0
0.0
0.0
0.0
0.0
0.0
0.0
0.0
0.0
0.0
0.0
0.0
0.0
0.0
0.0
0.0
0.0
0.0
0.0
0.0
0.0
0.0
0.0
0.0
0.0
0.0
0.0
0.0
0.0
0.0
0.0
0.0
0.0
0.0
0.0
0.0
0.0
0.0
0.0
0.0
0.0
0.0
0.0
0.0
0.0
0.0
0.0
0.0
0.0
0.0
0.0
0.0
0.0
0.0
0.0
0.0
0.0
0.0
0.0
0.0
0.0
0.0
0.0
0.0
0.0
0.0
0.0
0.0
0.0
0.0
0.0
0.0
0.0
0.0
0.0
0.0
0.0
0.0
0.0
0.0
0.0
0.0
0.0
0.0
0.0
0.0
0.0
0.0
0.0
0.0
0.0
0.0
0.0
0.0
0.0
0.0
0.0
0.0
0.0
0.0
0.0
0.0
0.0
0.0
0.0
0.0
0.0
2.0402237747855752e-6
0.0
0.0
0.0
0.0
0.0
0.0
0.0
0.0
0.0
0.0
0.0
0.0
0.0
0.0
0.0
0.0
0.0
0.0
0.0
0.0
0.0
0.0
0.0
0.00011164293839957728
0.0
0.0
0.0
0.0
0.0
0.0
0.0
0.0
0.0
0.0
0.0
0.0
0.0
0.0
0.0
0.0
0.0
0.0
0.0
0.0
0.0
0.0
0.0
0.0
0.0
0.0
0.0
0.0
0.0
0.0
0.0
0.0
0.0
0.0
0.0
0.0
0.0
0.0
0.0
0.0
0.0
0.0
1.925166959129454e-6
0.0
0.0
0.0
0.0
8.942379646628969e-6
0.0
0.0
0.0
0.0
0.0
0.0
0.0
0.0
0.0
0.0
0.0
0.0
0.0
0.0
0.0
0.0
0.0
0.0
1.998604450514662e-6
0.0
0.0
0.0
0.0
0.00012502391913987973
0.0
0.0
0.0
0.0
0.0
0.0
0.0
0.0
0.0
0.0
0.0
0.0
0.0
0.0
0.0
0.0
0.0
0.0
9.915469965120265e-7
0.0
0.0
0.0
0.0
2.5186779873942266e-5
0.0
0.0
0.0
0.0
0.0
0.0
0.0
0.0
0.0
0.0
0.0
0.0
0.0
0.0
0.0
0.0
0.0
0.0
0.0
0.0
0.0
0.0
0.0
3.408809778709634e-6
0.0
0.0
0.0
0.0
0.0
0.0
0.0
0.0
0.0
0.0
0.0
0.0
0.0
0.0
0.0
0.0
0.0
0.0
0.0
0.0
0.0
0.0
0.0
3.4042253804585e-6
0.0
0.0
0.0
0.0
0.0
0.0
0.0
0.0
0.0
0.0
0.0
0.0
0.0
0.0
0.0
0.0
0.0
0.0
0.0
0.0
0.0
0.0
0.0
7.6829621769113e-5
0.0
0.0
0.0
0.0
0.0
0.0
0.0
0.0
0.0
0.0
0.0
0.0
0.0
0.0
0.0
0.0
0.0
0.0
0.0
0.0
0.0
0.0
0.0
4.647659415013532e-6
0.0
0.0
0.0
0.0
0.0
0.0
0.0
0.0
0.0
0.0
0.0
0.0
0.0
0.0
0.0
0.0
0.0
0.0
0.0
0.0
0.0
0.0
0.0
2.2335663346003563e-5
0.0
0.0
0.0
0.0
0.0
0.0
0.0
0.0
0.0
0.0
0.0
0.0
0.0
0.0
0.0
0.0
0.0
0.0
0.0
0.0
0.0
0.0
0.0
6.926801264544103e-6
0.0
0.0
0.0
0.0
0.0
0.0
0.0
0.0
0.0
0.0
0.0
0.0
0.0
0.0
0.0
0.0
0.0
0.0
0.0
0.0
0.0
0.0
0.0
2.3994428929093193e-5
0.0
0.0
0.0
0.0
0.0
0.0
0.0
0.0
0.0
0.0
0.0
0.0
0.0
0.0
0.0
0.0
0.0
0.0
0.0
0.0
0.0
0.0
0.0
1.7613069950560736e-6
0.0
0.0
0.0
0.0
0.0
0.0
0.0
0.0
0.0
0.0
0.0
0.0
0.0
0.0
0.0
0.0
0.0
0.0
0.0
0.0
0.0
0.0
0.0
1.4747662343247864e-5
0.0
0.0
0.0
0.0
0.0
0.0
0.0
0.0
0.0
0.0
0.0
0.0
0.0
0.0
0.0
0.0
0.0
0.0
2.2397026097041537e-6
0.0
0.0
0.0
0.0
0.0002629755705885786
0.0001050639069211359
0.0
0.0
0.0
0.0
0.0
0.0
0.0
0.0
0.0
0.0
0.0
0.0
0.0
0.0
0.0
5.194262905163394e-6
7.900981009746606e-6
0.00023170633520860592
0.0
0.0
0.0
0.0
0.0005645615470972739
0.00027475474826406496
3.0504966748292698e-5
0.0
0.0
0.0
0.0
0.0
0.0
0.0
0.0
0.0
0.0
0.0
0.0
0.0
0.0
0.0
8.148406907261164e-6
6.921247185944926e-5
0.0
0.0
0.0
0.0
0.0006348271043246334
0.0003563878089211305
0.0001002173040937804
8.394387557025686e-6
0.0
0.0
0.0
0.0
0.0
0.0
0.0
0.0
0.0
0.0
0.0
0.0
0.0
0.0
9.302162222547571e-6
4.8056638834220246e-5
0.0
0.0
0.0
0.0
0.0002510454745171647
0.00010755267717473004
0.0
4.674446992393869e-5
5.505963173031037e-6
0.0
0.0
0.0
0.0
0.0
0.0
0.0
0.0
0.0
0.0
0.0
0.0
0.0
3.8438629672122925e-6
3.170839111325433e-5
0.0
0.0
0.0
0.0
0.00046118808452455057
0.0002737452513908454
9.203293681181487e-5
2.9460307775625314e-5
0.0
0.0
0.0
0.0
0.0
0.0
0.0
0.0
0.0
0.0
0.0
0.0
0.0
0.0
8.840025173222854e-6
8.737911245132427e-5
0.0
0.0
0.0
0.0
0.0005242762608275108
0.00032476920309076754
0.00014679596004182245
7.579845109882032e-5
0.0
0.0
0.0
0.0
0.0
0.0
0.0
0.0
0.0
0.0
0.0
0.0
0.0
0.0
3.911456141988171e-6
4.271014766834195e-5
0.0
0.0
0.0
0.0
0.0005784735730011564
0.00037241674950246945
0.00019339817844000093
0.0001081591651335594
0.0
0.0
0.0
0.0
0.0
0.0
0.0
0.0
0.0
0.0
0.0
0.0
0.0
0.0
7.215778506736639e-6
0.00012327204497264397
0.0
0.0
0.0
0.0
0.0006093392302336171
0.00036113810311262277
0.00017952190079524187
0.00010878262507265801
0.0
0.0
0.0
0.0
0.0
0.0
0.0
0.0
0.0
0.0
0.0
0.0
0.0
0.0
7.680131809964417e-6
2.6903451868032673e-5
0.0
0.0
0.0
0.0
0.00048159833941828744
0.0002680029157935985
3.289585473674891e-5
0.0
0.0
0.0
0.0
0.0
0.0
0.0
0.0
0.0
0.0
0.0
0.0
0.0
0.0
0.0
0.0
1.7852414610470148e-6
0.0
0.0
0.0
0.0
0.00023150001934581286
3.7695121703970805e-5
0.0
0.0
0.0
0.0
0.0
0.0
0.0
0.0
0.0
0.0
0.0
0.0
0.0
0.0
0.0
0.0
1.8093085172830804e-6
5.8006329657996965e-6
0.0
0.0
0.0
0.0
0.00031898127744205303
0.0001380661200993577
0.0
0.0
0.0
0.0
0.0
0.0
0.0
0.0
0.0
0.0
0.0
0.0
0.0
0.0
0.0
0.0
0.0
5.9087758818183195e-6
0.0
0.0
0.0
0.0
0.00043222900007523513
0.00024331501681721087
3.8048760756160926e-5
0.0
0.0
0.0
0.0
0.0
0.0
0.0
0.0
0.0
0.0
0.0
0.0
0.0
0.0
0.0
0.0
5.5589593299801e-6
0.0
0.0
0.0
0.0
0.00011413528763705728
0.0
0.0
0.0
0.0
0.0
0.0
0.0
0.0
0.0
0.0
0.0
0.0
0.0
0.0
0.0
0.0
0.0
0.0
3.7590872075347637e-6
0.0
0.0
0.0
0.0
0.0003138824602737483
0.00015241265642886956
0.0
0.0
0.0
0.0
0.0
0.0
0.0
0.0
0.0
0.0
0.0
0.0
0.0
0.0
0.0
0.0
0.0
2.1302949101709263e-6
0.0
0.0
0.0
0.0
0.00017802171835752082
1.3947575017355419e-5
0.0
0.0
0.0
0.0
0.0
0.0
0.0
0.0
0.0
0.0
0.0
0.0
0.0
0.0
0.0
0.0
1.7986405290539464e-6
6.950907279682383e-6
0.0
0.0
0.0
0.0
0.00043914165723167267
0.0002529744435534659
4.437546859133352e-5
0.0
0.0
0.0
0.0
0.0
0.0
0.0
0.0
0.0
0.0
0.0
0.0
0.0
0.0
0.0
0.0
5.48999327911127e-6
0.0
0.0
0.0
0.0
0.0005569507388502356
0.0004154855271335544
0.0003383590074921002
0.0003337318773870395
0.00010828323482334807
0.0
0.0
0.0
0.0
0.0
0.0
0.0
0.0
0.0
0.0
0.0
0.0
2.454571605719035e-6
2.2808538918503355e-5
0.0003018984231720964
0.0
0.0
0.0
0.0
0.0009336551104258875
0.0005487896999114018
0.00032702443406671435
0.00026086885391411047
5.495039852488288e-5
0.0
0.0
0.0
0.0
0.0
0.0
0.0
0.0
0.0
0.0
0.0
0.0
2.1662312406568037e-6
2.400947452350811e-6
0.00013859189963147338
0.0
0.0
0.0
0.0
0.0006349964449987172
0.0003259648702814124
0.00010370810133932901
1.9329807260849236e-5
0.0
0.0
0.0
0.0
0.0
0.0
0.0
0.0
0.0
0.0
0.0
0.0
0.0
8.99241271378923e-6
0.00010310971915342254
0.000391479636815954
0.0
0.0
0.0
0.0
0.000672362165149271
0.000398922394833995
0.0002758124206625179
0.0002570539642907411
3.9591074924545376e-5
0.0
0.0
0.0
0.0
0.0
0.0
0.0
0.0
0.0
0.0
0.0
0.0
2.2397427619775056e-6
2.4237052904136012e-6
0.0001676759053039089
0.0
0.0
0.0
0.0
0.0003516633833817763
0.00019664798833144318
7.645810721228337e-5
9.41734510174e-5
0.0
0.0
0.0
0.0
0.0
0.0
0.0
0.0
0.0
0.0
0.0
0.0
0.0
0.0
0.0
1.8527446271553302e-6
0.0
0.0
0.0
0.0
0.0
0.00010112661777099202
0.0
0.0
0.0
0.0
0.0
0.0
0.0
0.0
0.0
0.0
0.0
0.0
0.0
0.0
0.0
0.0
0.0
0.0
8.852056837619295e-6
0.0
0.0
0.0
0.0
0.0003136123389978084
6.266824482925378e-5
0.0
0.0
0.0
0.0
0.0
0.0
0.0
0.0
0.0
0.0
0.0
0.0
0.0
0.0
0.0
4.143110793586017e-6
1.0227631971035476e-5
0.00029556266945273785
0.0
0.0
0.0
0.0
0.00042352492161068565
0.00020656845117151328
9.042346839186868e-6
0.0
0.0
0.0
0.0
0.0
0.0
0.0
0.0
0.0
0.0
0.0
0.0
0.0
1.4613906344769382e-6
8.963387179193697e-6
8.7586236696196e-5
0.0003775503463185089
0.0
0.0
0.0
0.0
0.0007066554185444808
0.0003714404964459809
0.00019431876670794121
2.4657789224006743e-5
0.0
0.0
0.0
0.0
0.0
0.0
0.0
0.0
0.0
0.0
0.0
0.0
1.6584213290747592e-6
1.3065064971558086e-5
0.00014929869895832185
0.0004600738906967858
0.0
0.0
0.0
0.0
0.0011502633288113246
0.000714727003103087
0.0003803047932526476
0.00013199122162833627
0.0
0.0
0.0
0.0
0.0
0.0
0.0
0.0
0.0
0.0
0.0
0.0
1.6713826050327612e-6
1.383056937424698e-5
0.0001426029067381379
0.0004316194521261901
0.0
0.0
0.0
0.0
0.0010139215772950988
0.0006530073054268403
0.0004118894469374849
0.00015582479547241566
0.0
0.0
0.0
0.0
0.0
0.0
0.0
0.0
0.0
0.0
0.0
0.0
0.0
7.84830594984655e-6
2.4986013645300368e-6
0.0002172758180290062
0.0
0.0
0.0
0.0
0.000633235247738148
0.0003094576288397485
0.00011512024865234917
5.752440055653306e-6
0.0
0.0
0.0
0.0
0.0
0.0
0.0
0.0
0.0
0.0
0.0
0.0
0.0
0.0
2.357363007592002e-6
0.00011316423365171678
0.0
0.0
0.0
0.0
0.000394731435004494
0.00017395899747023344
0.0
0.0
0.0
0.0
0.0
0.0
0.0
0.0
0.0
0.0
0.0
0.0
0.0
0.0
0.0
2.3363680078797207e-6
1.7764962982027678e-5
0.00031934726963710907
0.0
0.0
0.0
0.0
0.0006375241650037096
0.0003521873643284283
0.0001679594311334341
1.878263174649688e-5
0.0
0.0
0.0
0.0
0.0
0.0
0.0
0.0
0.0
0.0
0.0
0.0
1.5859365607084526e-6
7.75596442014161e-6
0.00010024876052211008
0.00040158241304376726
0.0
0.0
0.0
0.0
0.0008237662940693288
0.0004600029951203016
0.000267803657354194
6.61988089007357e-5
0.0
0.0
0.0
0.0
0.0
0.0
0.0
0.0
0.0
0.0
0.0
0.0
9.740927381334581e-7
8.224087661370292e-6
9.623091348353766e-5
0.00039758330424022824
0.0
0.0
0.0
0.0
0.0009361293349913467
0.0004848270425194618
0.00027051943022367444
0.00015366232402364962
1.3599758742162243e-5
0.0
0.0
0.0
0.0
0.0
0.0
0.0
0.0
0.0
0.0
0.0
0.0
2.1115461574289088e-6
1.9188770272604015e-5
0.00031252946044008366
0.0
0.0
0.0
0.0
0.0008048573498319525
0.000429667451026925
0.00024529461196392204
5.617201307450305e-5
0.0
0.0
0.0
0.0
0.0
0.0
0.0
0.0
0.0
0.0
0.0
0.0
0.0
2.3879150865047274e-6
7.264550738820135e-5
0.00038351856153502427
0.0
0.0
0.0
0.0
0.0010197055893740193
0.0005238695070686536
0.0002473100290346416
3.6704442836670274e-5
0.0
0.0
0.0
0.0
0.0
0.0
0.0
0.0
0.0
0.0
0.0
0.0
0.0
4.149105560082605e-6
8.790007660812321e-6
0.0002716272048933547
0.0
0.0
0.0
0.0
0.000653837371501119
0.00039316557328264993
0.00025809057491635605
8.482772252731327e-5
0.0
0.0
0.0
0.0
0.0
0.0
0.0
0.0
0.0
0.0
0.0
0.0
0.0
2.3835752474870173e-6
5.809781353854807e-6
0.0002459803781866464
0.0
0.0
0.0
0.0
0.0005512712010942076
0.0003263687889243931
0.00017039148091519709
3.7136975491095634e-5
0.0
0.0
0.0
0.0
0.0
0.0
0.0
0.0
0.0
0.0
0.0
1.4810959722422312e-6
1.5517283061138227e-6
5.1790500308904776e-5
0.00019680860921123238
0.000469295994874979
0.0
0.0
0.0
0.0
0.0007086547617735797
0.00035040108793958906
0.00018216252877026806
9.559815927863058e-5
1.5760856776263197e-6
0.0
0.0
0.0
0.0
0.0
0.0
0.0
0.0
0.0
0.0
0.0
6.298366845436e-6
1.1996038367005617e-5
9.241220711877346e-5
0.00031268351139432366
0.0
0.0
0.0
0.0
0.0003885869634544849
0.00023069819753436567
0.00010406661681047064
7.684987168943779e-5
9.58272735393721e-6
0.0
0.0
0.0
0.0
0.0
0.0
0.0
0.0
0.0
0.0
2.4992984160494524e-6
1.5347161865035015e-6
6.207047897288565e-5
0.0002020576542899422
0.0004487687835528249
0.0
0.0
0.0
0.0
0.000670752265413238
0.0003742246624139501
0.00025634586140156775
0.00023477690026401721
0.00012367300960462372
9.196808160857603e-6
0.0
0.0
0.0
0.0
0.0
0.0
0.0
0.0
0.0
2.3165590750228634e-6
4.4783169844312396e-5
0.00019746202803702726
0.00032642592324554857
0.0006935695292662081
0.0
0.0
0.0
0.0
0.0011942581473851422
0.0008185615356647201
0.0005514454051240035
0.0003157301322517942
5.399146881379531e-5
0.0
0.0
0.0
0.0
0.0
0.0
0.0
0.0
0.0
0.0
4.1254685741785176e-6
7.308293037605649e-5
0.0002593851372151985
0.0003997055139496233
0.0008153359400757971
0.0
0.0
0.0
0.0
0.0013609846169247205
0.0010026035927107298
0.0007874782414225304
0.000492776313739209
8.660159797296125e-5
0.0
0.0
0.0
0.0
0.0
0.0
0.0
0.0
0.0
0.0
2.3461451830237576e-6
0.0
0.000121500740889844
0.00026615886861899683
0.0006069400071616358
0.0
0.0
0.0
0.0
0.0009081370875892114
0.0004921198021341398
0.0003150909142151424
0.00021607569902380732
3.438594770441217e-5
0.0
0.0
0.0
0.0
0.0
0.0
0.0
0.0
0.0
0.0
0.0
0.0
8.061773108009666e-6
8.587395594775409e-6
0.00017544704009859574
0.0
0.0
0.0
0.0
0.0002957856342343542
0.00015235700553842957
4.6683910431177415e-5
2.6627849302585133e-5
0.0
0.0
0.0
0.0
0.0
0.0
0.0
0.0
0.0
0.0
0.0
2.3551501357256645e-6
0.0
8.839541111441119e-5
0.00018967951070800017
0.00040100891357917716
0.0
0.0
0.0
0.0
0.0009128448231211064
0.0006167077602394733
0.00044804821181780623
0.00042785169427848283
0.0003251173015941424
0.00014758240059252847
0.0
0.0
0.0
0.0
0.0
0.0
0.0
0.0
0.0
2.7179761059797703e-6
1.1699130510616922e-5
0.00021972851706025093
0.0003838294818620068
0.0007754386279301924
0.0
0.0
0.0
0.0
0.0013932679691121045
0.001077438164014626
0.0008916730861254817
0.0007660191675036268
0.0004920925752652207
0.00021518015959968425
3.98861173093917e-6
0.0
0.0
2.490203862292347e-6
1.3523913477994795e-6
3.7794489298741245e-5
3.8417525484681005e-5
0.00014188973626145133
0.00024669125316729464
0.000378823449054134
0.00045783294661604773
0.0006398607568808121
0.0009049918175005595
0.0014684791554148823
0.0
0.0
0.0
0.0
0.0019789977883362094
0.0015303869195426958
0.001242906609202053
0.000987257952379163
0.0005846125809084902
0.00020171099208812635
0.0
0.0
0.0
2.1665284097141415e-6
1.548578674245476e-6
0.0
9.469738688114232e-6
0.00013498043614478583
0.0002864803668208175
0.000440299060752919
0.0005347502776278911
0.0006679921557775345
0.0008097292814460585
0.0011494870233701652
0.0
0.0
0.0
0.0
0.0013634981297562798
0.0009819451518157285
0.0006038946341873182
0.00029621330341847777
6.362623752300334e-5
0.0
0.0
0.0
0.0
0.0
0.0
0.0
0.0
0.0
0.0
1.4801256259636267e-6
1.8526498482772104e-5
0.00018095282318062678
0.0003654701837446382
0.0008195495834515058
0.0
0.0
0.0
0.0
0.0014391621864914606
0.001161158490051409
0.0009751405433661064
0.0006963909379082689
0.00018731948423026187
0.0
0.0
0.0
0.0
0.0
0.0
0.0
0.0
0.0
0.0
2.122666678868972e-6
9.621500895656293e-5
0.00023788247349200656
0.00037053183927022494
0.0008828114852899086
0.0
0.0
0.0
0.0
0.0016712352245157136
0.0013125073231621425
0.0009560202481891933
0.0005082174605942608
9.428512163017449e-5
0.0
0.0
0.0
0.0
0.0
0.0
0.0
0.0
0.0
0.0
2.1871186028760274e-6
0.0
2.8496886127176352e-5
0.00013608148507950006
0.0005327410618308961
0.0
0.0
0.0
0.0
0.0015923392967619014
0.0010128438390730537
0.000540655892916179
0.00015832103644214358
0.0
0.0
0.0
0.0
0.0
0.0
0.0
0.0
0.0
0.0
0.0
2.3994686281461655e-6
0.0
0.00010781025862461527
0.0002939870058812872
0.0007593171647443128
0.0
0.0
0.0
0.0
0.0015936343956685067
0.0011176209951978462
0.0008148303545605434
0.00043050067437817754
5.326130463388339e-5
0.0
0.0
0.0
0.0
0.0
0.0
0.0
0.0
0.0
0.0
1.6464862295206518e-5
0.0001344288916479502
0.00024379037255543094
0.0004030892213923501
0.0009214507005643753
0.0
0.0
0.0
0.0
0.0015825620787285315
0.0011882617219553424
0.0009163028304402059
0.0006232502241743096
0.00017589599450570887
0.0
0.0
0.0
0.0
0.0
0.0
0.0
0.0
0.0
0.0
2.057807388047516e-6
2.286816299818412e-5
0.0001043619918659379
0.00019609830603379205
0.00046221314711538346
0.0
0.0
0.0
0.0
0.0012664120256926242
0.000728809881284495
0.00045695717933817487
0.00022746023868593267
1.1490250049049354e-5
0.0
0.0
0.0
0.0
0.0
0.0
0.0
0.0
0.0
3.4880997111224954e-6
2.3271092812857684e-6
5.717591041788929e-5
0.00021281275713885446
0.0003907008690032365
0.0008461140454464618
0.0
0.0
0.0
0.0
0.0013681464064306463
0.0009111660513011318
0.0006582397344903756
0.00043498092767030463
7.85558276035881e-5
0.0
0.0
0.0
0.0
0.0
0.0
0.0
0.0
0.0
0.0
5.393618551113181e-6
0.0
0.00010615852075341055
0.00029137936733358887
0.0007012851403815264
0.0
0.0
0.0
0.0
0.0013395057872295413
0.001058595274588587
0.0008258839341003535
0.0005085079104318826
8.096109712207536e-5
0.0
0.0
0.0
0.0
0.0
0.0
0.0
0.0
0.0
2.290385609049351e-6
2.8289314801932188e-6
0.0
9.999173296668065e-5
0.00020784957241172733
0.0005446908738995478
0.0
0.0
0.0
0.0
0.0011089809984716123
0.0007646754468262842
0.0006189884185330469
0.00044057652805489704
7.238092716854605e-5
0.0
0.0
0.0
0.0
0.0
0.0
0.0
0.0
0.0
1.485290435901065e-6
2.6117447806325644e-6
0.0
6.205833102764965e-5
0.00018703082608634446
0.00041863522349960006
0.0
0.0
0.0
0.0
0.001121778230588166
0.0007982554429184629
0.00044548637956893795
0.00023181846462265454
1.9059409135901392e-5
0.0
0.0
0.0
0.0
0.0
0.0
0.0
0.0
0.0
0.0
2.0359483123294206e-6
0.0
1.7439408650898016e-6
2.9822893853725714e-6
0.00015650390792258174
0.0
0.0
0.0
0.0
0.0003491675042867038
0.00014499793664116164
0.0
3.156217512344971e-5
8.52934251207748e-6
0.0
0.0
0.0
0.0
0.0
0.0
0.0
0.0
0.0
9.203936392570688e-6
2.1204650269831277e-6
0.0
1.8240392630682444e-5
8.385125774157501e-5
0.00031285964478930926
0.0
0.0
0.0
0.0
0.0005512307138911782
0.00028862258735069037
0.00013612707193882257
3.222705083600882e-5
0.0
0.0
0.0
0.0
0.0
0.0
0.0
0.0
0.0
0.0
0.0
0.0
0.0
1.877775329766854e-6
2.0612035553326025e-6
0.00015849209203475188
0.0
0.0
0.0
0.0
0.0007215740071673608
0.0004097026241204033
0.00023573800634683905
0.00011556320734350717
3.707003208480494e-6
0.0
0.0
0.0
0.0
0.0
0.0
0.0
0.0
0.0
0.0
2.4243604675383524e-6
3.214832612280006e-5
0.0001389919994049626
0.0002695844196808367
0.0005721545105988548
0.0
0.0
0.0
0.0
0.0010557351452274409
0.0006211659743075873
0.0003969106377621648
0.0003397931054888303
0.0002535265109563956
0.00012050393796598856
0.0
0.0
2.2314246606639303e-6
0.00018656856059820012
0.0003248790192637254
0.0003581875042691326
0.000253092732497804
0.00024495546128858626
0.00024369624569339361
0.0003325234232819456
0.00037707422151888876
0.0004458944660074158
0.0005148210315156542
0.000874776815187406
0.0
0.0
0.0
0.0
0.0010035147422150972
0.0006356941958434425
0.0004352351252172896
0.00042690415972298585
0.00033458571381013024
0.00026955089724714043
5.9536539392537526e-5
0.0
0.0
2.7646206931949524e-6
0.0
1.909734386703324e-5
8.151542094591446e-5
9.253052837744122e-5
0.000212443861237729
0.0003564025659620057
0.000405548128900108
0.00057309539370633
0.0007905282973554414
0.001324238042930336
0.0
0.0
0.0
0.0
0.0019967342775156233
0.0015426198504833078
0.0012406411564866548
0.001148148236275725
0.0007896748194347912
0.00034886778265924833
0.0001130295794802127
0.0
0.0
2.3072358965654727e-6
0.0
1.010255403814993e-5
0.0001410435499530444
0.0001820407708646424
0.00027177476629862017
0.0004049441013975497
0.0005189461218419289
0.0007575455587991839
0.001038433604796092
0.001561486407618419
0.0
0.0
0.0
0.0
0.0022436443178470524
0.0017719432615487017
0.0014952782783745054
0.001295211215106818
0.0008795304583482731
0.00042169237417944143
0.00015610696465667758
0.0
0.0
3.8163561881000984e-6
1.3548245320204724e-5
8.365863555885627e-5
9.724170672777451e-5
0.0002125503597079634
0.0002615876517986968
0.000388586023817951
0.0005759554453100977
0.0008505087463054732
0.0011774555185941604
0.0016918537753843543
0.0
0.0
0.0
0.0
0.002217149736817564
0.0017293294498704503
0.001424456128428477
0.0011707399783570686
0.0008257494457566909
0.0003491560354825982
1.625995261321949e-5
0.0
0.0
2.0166017575861318e-6
1.957717890499444e-6
0.0
0.0
0.0
0.0
3.755754532832612e-6
7.082592784147378e-5
0.00019518852849698416
0.00030990851621344565
0.0005234509810063643
0.0
0.0
0.0
0.0
0.0010084465620711618
0.0005359227595326112
0.000291826044513555
0.000296436989952268
0.00038721098361437514
0.00041406320274985434
0.0003923628579979968
0.0003856845342430374
0.0004628343771693013
0.0007884279443448441
0.000953156655268851
0.000917808480449396
0.0006892192665035617
0.0007611634799788758
0.0008086361130497887
0.0009909583148783247
0.001011363477891506
0.0010190385153703303
0.0010749983039543493
0.0015196078156920314
0.0
0.0
0.0
0.0
0.00231872565423843
0.001926513263479865
0.0016891157203604398
0.001626457333480695
0.001535509181297321
0.0012681633119158574
0.0008977168443542301
0.000654311619155768
0.0007006216951100755
0.0009627287668531406
0.0010246461768247041
0.0011739839328723466
0.001032592393570917
0.0009334770109969694
0.0010095976425260737
0.0013016146526136723
0.001460347281713643
0.001584546867904439
0.0017743800108227323
0.0023402852821987428
0.0
0.0
0.0
0.0
0.0025764307579997227
0.0020767707429696974
0.001844877949168416
0.0017446219427881412
0.0015257388229380484
0.0011429277509092544
0.0007962146766148947
0.0005961241620491975
0.0005720659431438434
0.000674451104195177
0.0006828199408068919
0.0007895760734570609
0.0008378350348133949
0.0010387844871773233
0.001225522708646308
0.001532895760874644
0.0016467647711840537
0.0017914447139013095
0.0020694937409287337
0.002698520216177073
0.0
0.0
0.0004707479510405457
0.0009187978720473851
0.0033890714462786217
0.0028819552058162675
0.002671921324033337
0.0024281419545562387
0.0018544841202852637
0.0013407800451942639
0.0009578701522132566
0.0007046861454851644
0.0006020811400967458
0.000624507168599246
0.0005842030529300615
0.0006541365504639212
0.0007659717844488568
0.0008277575095985833
0.0009208092976272325
0.0012436361498823778
0.0014441197011505346
0.001477598319627889
0.0016011190457607847
0.0020886499636159905
0.0
0.0
0.0
0.0
0.0028191918053866714
0.0023104949014715686
0.0019901223482489713
0.001871838123374457
0.0014658524723662983
0.0007948819680193705
0.00033035124013302235
0.00013009967093232261
2.735702352466166e-5
2.0480573068482056e-5
0.0
2.9660550983583266e-5
0.00022241401759076415
0.000288527447842033
0.0004237818791353643
0.00072492523134237
0.0009449300495076186
0.001110394477830713
0.0013672630726231792
0.0019404204096580614
0.0
0.0
0.0
0.0
0.0027500426498055326
0.002289851181767198
0.001970877788268544
0.0017629416384996
0.001383643671358839
0.000769055176361455
0.00034595205529904953
0.00018461893625552664
0.00013215543928617356
0.00011717407976705272
4.3993920959008135e-5
0.00010623808236519353
0.00026023519151939034
0.000395156916505231
0.0005574792925855528
0.0008155523647252179
0.000985055972111631
0.0012771631989291676
0.0015770416229109942
0.002131894744500764
0.0
0.0
0.0
0.0
0.002830780234717675
0.002328183118870299
0.0019333191556628845
0.0015569773492281353
0.0011243268769863077
0.0006376821043179827
0.00022244463861018727
0.0
0.0
2.175089862157025e-6
1.233769130425322e-6
3.565336506605791e-5
0.00011079195293849832
0.00025837469235675815
0.00041179087611848124
0.0006407907598484628
0.0008305521466207149
0.001156070587890974
0.0014141625347748891
0.0019351182960687524
0.0
0.0
0.0
0.0
0.002682182610069033
0.0021735814099356075
0.0016608606582567643
0.0014341058934421072
0.001098634199290739
0.0005746920794352804
0.0002257949018676959
4.262608793134724e-6
0.0
1.6212672144168454e-6
1.6822183003762282e-6
0.0
0.0
4.651283409781147e-5
0.00011785527459255971
0.00020594857131308876
0.00024937909231235897
0.00031356309222144635
0.0004799238341047559
0.0011572907232824418
0.0
0.0
0.0
0.0
0.0017953736043542078
0.0013700762938225145
0.0011241950800301456
0.0011280824171035779
0.0011402561753338148
0.0009333916541850486
0.0006260014429494852
0.0004418671494460884
0.0003828464468887998
0.0005642466714570628
0.0006539539664805003
0.0007245083738715773
0.0005483751293260409
0.0004306471037997091
0.0004319624112760837
0.0005722714937103305
0.0006130190022515054
0.0007611500606923135
0.0009890167887620157
0.0013862964463460126
0.0
0.0
0.0
0.0
0.0015973713036445479
0.0010808498624766797
0.0008550735388929968
0.0008969684801676749
0.0008062364617392754
0.0005982812877682143
0.0003498175512251597
5.1508346119539485e-5
0.0
1.191592757695651e-5
0.00012415748706912156
0.00021777644638859434
0.00012320635637400545
0.0001362111276324336
0.00018077554454222808
0.0003100679252240256
0.0004372108557404306
0.0006365203997496472
0.0008258382109609938
0.0013537997175984524
0.0
0.0
0.0
0.0
0.0023034261107727403
0.001931719147811317
0.0017864917816891857
0.0015744664525706366
0.0011109839471875858
0.0005621358108872602
0.00018527418966435906
0.0
0.0
1.714306076058863e-6
0.0
0.0
0.0
1.3200807574478943e-5
0.00011636202770376742
0.00027522184207617574
0.0003730784286173761
0.0005560401280817278
0.0008328578133242687
0.0014106592616935161
0.0
0.0
0.0
0.0
0.0020341028056078962
0.0015979417453616087
0.0013810474043775979
0.001160504783441463
0.000710836877895605
0.00023076461166664217
0.0
0.0
0.0
0.0
0.0
0.0
1.2347165187969473e-6
0.0
0.0
8.325299685717928e-5
0.00019163468954670718
0.000327174384669752
0.0004642219531719179
