0.0007899627996516752
0.000868996461177546
0.0009296608354542458
0.0009315277233283576
0.0009109431787256056
0.0009011147619494498
0.0008732261621545508
0.0008672894312824887
0.0008323122179171384
0.0005782953016563972
0.00032682229100754564
0.00018883207015746387
0.00012137395658491887
7.64895157910295e-5
4.9265619224410446e-5
3.9112005419935145e-5
4.035470570003237e-5
7.741728589503893e-5
0.00016346628831298606
0.00024955558106264043
0.0003032368458722644
0.00039426300990017796
0.000518248393192249
0.0006513589847924922
0.0007730691793385304
0.000857858312131598
0.0009402188706401305
0.0009708599162509497
0.000993284272682655
0.0010489803024413837
0.0010395908849471294
0.00102548691810713
0.0007827050840851158
0.0004752122464109809
0.0002987418801714164
0.00017884864945580316
0.000113138588204904
7.425801707732396e-5
4.253392321084681e-5
3.671304645145881e-5
5.311929433622435e-5
9.602666339342189e-5
0.00016950471552210384
0.0002586184237856812
0.00032562364674207166
0.00038921738435732507
0.0004756110550649674
0.0005641311900754199
0.0006477221269280688
0.0007321229406487284
0.0008021276964595927
0.0008579830008275894
0.0009160163594520628
0.000955554507315706
0.0009560117871462016
0.0009484241572362632
0.0008060281544081993
0.0005699095189499717
0.0003759833616042543
0.00024684363462741074
0.00015030871143117738
9.80830941370673e-5
8.111579702109495e-5
9.778900270497665e-5
0.0001218821784735801
0.00013444640017377254
0.00015438910469288978
0.00018012163652980114
0.00021705879287213942
0.000285354067657674
0.0003571960001663302
0.0004433643986082073
0.0005165955004042535
0.0005355705642468076
0.0005451619527648268
0.0005407570024226565
0.0005313426635404955
0.0005388798673048338
0.0005285211253744196
0.0005401240077689128
0.0005581687182965326
0.0005192973757793111
0.00039842268891375455
0.00022051254806101044
8.568138580705787e-5
2.9103289797813946e-5
1.2921980892586363e-5
4.1446961361485466e-6
2.0889701090683595e-6
6.8847408067833474e-6
2.6863774247776775e-5
6.702051952455366e-5
0.00010689349930109851
0.00014090766334788388
0.00020330620831852012
0.00026780974964896507
0.00032862746871622714
0.0003817824396815669
0.00043146608876383806
0.0004616649576654703
0.000471696864311463
0.00046001356776312265
0.00041184779279551805
0.0004249569262072661
0.0004732063787468597
0.0005307970150762205
0.0005345941250444566
0.00041273337223504024
0.00030161336345545345
0.00022877065366118163
0.00023347430685797393
0.0002543796710658747
0.0002499239568685596
0.00022188605743629714
0.0002138204856891336
0.0002412938587977985
0.00024404692319415512
0.0002444219212406069
0.00034523049791371777
0.0004940774621461623
0.000587995432126683
0.0006229213942902251
0.0006351264599026206
0.0006524006161385083
0.0006740956189732356
0.0006778887775964795
0.00068436532649218
0.000703986238341436
0.0007213963249491634
0.0006564745358847827
0.0004311299303116885
0.00023075501227606634
0.00013945574106049682
9.38569924311283e-5
5.3185879075749687e-5
4.0662367238411946e-5
4.553682149988741e-5
6.458562901618862e-5
0.00012486217576896985
0.0002006987606102378
0.00025766619716554586
0.0003172012773366348
0.0003994207372274295
0.000501999173373058
0.0005987311827261165
0.0006538699692610545
0.0007033048933743928
0.0007405827803743698
0.0007739405439032028
0.0008048112378674938
0.0008019007131712207
0.0008043345214976879
0.0007604587827959862
0.0005604951784391961
0.00037001581147900044
0.00022794617619721508
0.00013524872323364032
7.8307038952888e-5
4.217116211926049e-5
3.104740359100065e-5
3.8516041295281785e-5
7.229372058522917e-5
0.00012562886542315645
0.00018479486534732256
0.00022916338601885618
0.0002905151711683491
0.00040551970874185635
0.0005112371358886787
0.0006143622777952472
0.000699525192320162
0.000775733346420203
0.0008476457592170368
0.0008871427995426872
0.0008841518932648606
0.0008798913824806297
0.0008912918909320802
0.0008007453641292976
0.0006117181872984631
0.00038802430943297837
0.0002164273119831899
0.0001386304879524919
0.0001070902782360461
7.770249131215991e-5
5.829546334720865e-5
5.523358526528708e-5
8.655477845304755e-5
0.00013625065413219462
0.00018967531050055492
0.00025185815897129456
0.0003111101674385293
0.0004116801063913096
0.0005144199206649564
0.000580321826343687
0.0006467539125556904
0.0007039270512259033
0.0007750095766915953
0.0008554516899446432
0.0009005086026316118
0.0008981474223778201
0.0009028353852399866
0.0007945848993809188
0.000581032000722478
0.00038959085339514924
0.00024943206975736233
0.00015663598410899405
9.909907760273012e-5
5.6487978770945026e-5
4.3297916888826516e-5
3.663131546490736e-5
4.9170555876744386e-5
9.59963328875025e-5
0.00017034439359625526
0.00023858188451325745
0.00032882553790488696
0.00042238127075174356
0.0004836891478299729
0.0005507121312857106
0.0006314442109178128
0.0007096680030673007
0.0007748952775802396
0.0008389577407998314
0.0008629696161224662
0.0008650781099649219
0.0008824614586279029
0.0007748607095817246
0.0005413068947311241
0.00032498917340389473
0.0001630141404102806
8.328529196271147e-5
3.6045224393450494e-5
1.1712320791265066e-5
2.6907236990636092e-6
0.0
2.1725832491509767e-6
2.0807992377066826e-5
6.860764611477346e-5
0.00012864184317602098
0.00018965421111306075
0.0002641693253463484
0.00033761144583742474
0.0004395715591934451
0.0005060174514980078
0.0005362846130999768
0.0005752653193745582
0.0006016834709663849
0.0005822376863361922
0.0005267275795576692
0.0005043456697109654
0.0005076246759753966
0.0004455549335905982
0.0003607333972279559
0.0002474901852510677
0.00014404452389304022
9.206327476295432e-5
6.938523142932849e-5
6.427313130644877e-5
6.158311771857372e-5
7.0173103074347e-5
0.00011903644886470745
0.000185577075504194
0.000250159267426769
0.0003146075923346162
0.0004079276986394387
0.0005225876106906729
0.0006420665425092761
0.0007378863846363416
0.0007901944235147819
0.0008578418908095487
0.0009123946017774418
0.0009517427017055596
0.0009401541690352137
0.0009167230801905147
0.0007234457274386307
0.0004410125633455809
0.00023746697175949146
0.00010649024553871424
4.593875110080134e-5
1.393540643319621e-5
1.1156243118158786e-6
0.0
0.0
0.0
4.242483436364859e-6
4.2036713949661986e-5
9.89924213195967e-5
0.00015849381532188775
0.0002490669799421846
0.0003690335994889736
0.00047767540986602203
0.0005522414578189678
0.000617793315242194
0.0006977334897695321
0.0007742538704801096
0.0008215248799698216
0.0008069890833355658
0.0006618989860020487
0.00048813141396938486
0.00032173799882927195
0.0001647304923004636
7.902904743241144e-5
3.9868042468211556e-5
1.294751953849434e-5
5.07438127607145e-7
0.0
0.0
6.363475079131042e-6
2.9123065486364377e-5
6.565763155091943e-5
0.00012440387079066324
0.00019849006989628356
0.0002732287223441177
0.00038278348985786216
0.0005053706162250732
0.000579218872116817
0.0006459778212996915
0.0007313415068850581
0.000766331949813363
0.0008164981890272276
0.0008307475234098241
0.0008142115996525517
0.0006643710934833151
0.0003853707876284498
0.00015681954608646483
6.550031235418064e-5
3.172947451630487e-5
7.77677250506446e-6
0.0
0.0
0.0
0.0
2.335267571762158e-6
2.5554647334069577e-5
5.537874763500381e-5
0.00010159400034736946
0.0001832886163821222
0.0002743403726569109
0.0003489073900590447
0.0004022134658508569
0.000468968581600444
0.0005504976753016331
0.0005448764145891497
0.0004983918234012676
0.0004923727188261477
0.0004874271784969696
0.0005069650557513212
0.00042178749607155224
0.0002909585778725043
0.00019957636117982715
0.00012597466739154627
8.680224772747213e-5
7.708894137337238e-5
6.410478775620773e-5
6.120205861964365e-5
6.649768935287499e-5
8.467495976906211e-5
0.0001150397426860939
0.00015590399850779458
0.0001987482302444976
0.00023898148014644068
0.0003201107852236044
0.0004534345845398999
0.0005090565243813955
0.0005356976916304551
0.0005742050426702545
0.0005964978630583116
0.0005607217076697889
0.0005128116033871021
0.0005019837927358039
0.000503558579442709
0.0004055052717239611
0.0002826390666904245
0.000165594192246049
7.674563369354463e-5
5.443607290524558e-5
3.7368567615188445e-5
1.9389536200058953e-5
1.8905553765755994e-5
3.49632921948761e-5
6.122494563978033e-5
0.00010922777718520343
0.00016841673621199302
0.0002032078994023295
0.0002348085643714326
0.0002884660226776309
0.0003825263560254954
0.0004589026261583035
0.0005016986128553613
0.0005578087263710978
0.0005977321982847104
0.0005923760144842228
0.0005673576308459773
0.0005506558391956737
0.0005543426137750179
0.0004834310961103595
0.00034168238815029934
0.00019992367619642054
0.00011070474860903442
4.286035459882186e-5
9.447603480785675e-6
6.090451612042528e-6
6.079425082711026e-5
0.0001202536203813307
0.00017622541271884376
0.0003869968861216303
0.0004950081744077771
0.0004623153374554443
0.000540481333326356
0.0006233961895461274
0.00064726936943488
0.0006298884601110011
0.0006809069898798606
0.000755158504452405
0.0007746770292039649
0.0007769446572691009
0.0007547804827850403
0.0007544040226334529
0.0008330686267130068
0.0008429987703464579
0.0007478215307227141
0.0006748458243757008
0.0005791991942168076
0.0005613567175713659
0.0005933258105272032
0.0005997586431698799
0.0006081122737648408
0.0005831642674537515
0.0005764390470076805
0.0006010216244260108
0.0006331637596483684
0.0006935495913009857
0.0007863862536240984
0.0008808349409292977
0.0009918010470200697
0.0010833630948922286
0.001199144752778221
0.0012828182480188349
0.0013253873361154854
0.0013104788753047914
0.0012609616563133469
0.0013124209859605239
0.001145738361812338
0.0008028172698395608
0.0005473922708957343
0.000442369476583316
0.0003772909020843794
0.00032400856159295804
0.0002731509781737866
0.0002298436928091709
0.000248695704387787
0.00031983036109352824
0.00040428527710146726
0.00046315969893689685
0.0005086613071485519
0.0005726701273827827
0.0006810549498513417
0.0008207219953961768
0.0009433595339029012
0.0010539639585433454
0.0011552413914682664
0.0011833802751420918
0.001276902950367709
0.0013546193971163965
0.0013703489194694344
0.0014049376248430714
0.0011573607576167554
0.0007791537718137455
0.0005527717243430968
0.00042041691452206155
0.0003441705928592892
0.000274138626284258
0.00020722827866825224
0.0001660747056658902
0.00017176737191513638
0.0002622767931422632
0.0003707815809007353
0.0004591586981338841
0.0005251570585183939
0.000607200742024305
0.0007139311518816276
0.0008109260421226167
0.0009230258314681957
0.0010352158845036224
0.0011343451384801763
0.0012121678598298554
0.0012514241902509718
0.001273968134231696
0.0012712622355268764
0.0012699992705568926
0.0011630390345013723
0.0008658143499963096
0.0006052909199579492
0.00047187681385866143
0.00036903262264587484
0.00030567894987344377
0.00023614398074196918
0.00019558271477737276
0.00019392288210383303
0.00023500096278884143
0.00031138077121738085
0.000381755628449159
0.00041177261789516995
0.00043083171727922463
0.00047844099590574134
0.0005839930518870168
0.0006790925824859349
0.0007339372034216684
0.000779395537060607
0.0007848150058969427
0.0007810196225860147
0.0007472267072146541
0.0007192591932200493
0.0007176861058097251
0.0005967876030599222
0.0004249877428546743
0.00030775126941470294
0.00022134267802317094
0.0001706915362076962
0.00013173914427917644
8.372257732307203e-5
5.800036601753292e-5
5.271035003120669e-5
6.422749592643121e-5
0.00012350442887594057
0.00022157386968450757
0.00029880289716585694
0.0003468610682571494
0.00039948269201078824
0.0004909546377516782
0.0005917046428278972
0.0006814214370179344
0.0008028363243058618
0.0009424709838701608
0.0010125837621113162
0.0010353479853508496
0.0010361090904200752
0.0010425288127143936
0.0008571551427503672
0.0005847753462106961
0.0003905700859974386
0.0002697363291183
0.000183912651896096
0.00013120895550511335
8.602147905747423e-5
5.8371701993536055e-5
5.04475937389483e-5
6.965151042183647e-5
0.00012221472120565546
0.00019714909428203092
0.00028459665638431124
0.000359873776929629
0.0004442898637989723
0.0005385613711791372
0.0006449020284573905
0.0007157387243053684
0.0007899086514700334
0.0009006091630750567
0.0009668657100284773
0.0009957197513163615
0.001015836440516183
0.001004943112975448
0.0007955975208646782
0.000570125203235258
0.0003645002976963449
0.00021260048028521038
0.00011240299672046316
4.307651913001178e-5
1.1365394912611537e-5
4.633925120144595e-6
1.979653557756888e-6
2.266766028299236e-6
2.0831086729626882e-5
5.9762239773288695e-5
0.00010589324753687522
0.00015706189486597432
0.00023458598902647074
0.0003476466917950044
0.0004434621353594804
0.0005032381091102695
0.0006209059239880925
0.0007496975557767553
0.0008117904427308194
0.0007385454537372015
0.0007091763281971716
0.0007420229949740976
0.0005581967969169023
0.0002854548804386811
0.00015658158078857276
9.930480593833157e-5
6.611724929039348e-5
3.215619561984567e-5
9.451562014483142e-6
1.3610376419314563e-6
0.0
3.2912984163061665e-7
1.4530400268296338e-5
5.3390759326530766e-5
0.00011338965036622464
0.00019428682218217507
0.00027523623367134165
0.0003702312241113543
0.0004722582686458197
0.0005622638090567758
0.0006479733273913501
0.0007137469164719771
0.0007512566416607557
0.0007745765365108915
0.0007374322636669236
0.000713381791478722
0.0005201775286746433
0.00025052075881776064
0.00010698248680846477
4.3735731353531766e-5
4.860251985588988e-6
0.0
0.0
0.0
0.0
0.0
0.0
0.0
8.224847607207654e-7
2.1714894441557843e-6
1.16324020164092e-6
5.927774145899244e-7
5.269318993695586e-6
2.0753700463662936e-5
3.334154796596529e-5
4.1342407554788927e-5
4.6156883910576585e-5
4.467335890860884e-5
4.4199318417904296e-5
5.961214976921e-5
3.712129778092038e-5
4.956651263095231e-6
0.0
0.0
0.0
0.0
0.0
0.0
0.0
0.0
0.0
0.0
0.0
0.0
0.0
2.754663803157681e-7
7.989327087990693e-6
1.745605353786895e-5
5.1447743812469554e-5
0.00010957331880324685
0.00014120664427218012
0.00010715385222071477
8.133468703899017e-5
7.216887700797953e-5
5.282556126451294e-5
9.808368183896896e-6
0.0
0.0
0.0
0.0
0.0
0.0
0.0
0.0
0.0
0.0
0.0
0.0
0.0
2.8566191306665353e-6
1.9728485586424272e-5
5.184184743115166e-5
0.00011064887715760312
0.00013769720010186907
0.00015802475063996812
0.00016915200278780064
0.00016721726988696165
0.00017449328955188395
0.00011905133124357941
3.63589829766933e-5
7.853495253855068e-6
6.260587345275559e-8
0.0
0.0
0.0
0.0
0.0
0.0
0.0
0.0
0.0
0.0
0.0
4.076754092843671e-6
2.2184186517176784e-5
6.50762024541942e-5
0.00012383535162497098
0.0001738174354267393
0.00022179673182851854
0.00024795496709975856
0.0002292418533918322
0.00023375263772957257
0.00020162109514753173
0.00010190043921954697
3.711215711575579e-5
8.649984459510068e-6
1.0729482188474037e-7
0.0
0.0
0.0
0.0
0.0
0.0
2.1881389729088262e-8
6.400610005680954e-6
2.848306823238154e-5
7.4670279489365e-5
0.00013542881622922168
0.00021371581778169095
0.0002784513449511463
0.000325115665725525
0.0003760065931415452
0.0004443790877811934
0.0004976645120871269
0.0005261214212169998
0.0005185270279959235
0.0004141873916244357
0.0002626294897858531
0.00011026406449265038
4.230098313390971e-5
2.285758616687439e-5
6.629079372397137e-6
0.0
0.0
0.0
6.435148594671507e-8
9.621731124545896e-6
4.833252638411212e-5
0.00010418036003588821
0.00015249802944751774
0.0002079341306384771
0.00027283712998416287
0.0003273733630845041
0.0003724779433694887
0.0004518334501043312
0.000581981086363725
0.0006872620118721541
0.0007481570960333889
0.00088627470100194
0.0009518030060507785
0.0007751927092033688
0.000534357283099842
0.0003315596849317283
0.00017667925219849652
0.00010125181110240275
6.215792284843475e-5
3.9122315039588894e-5
2.3899633001816317e-5
1.770993551525848e-5
1.7077533934587877e-5
3.214497711592745e-5
6.336088010908177e-5
0.00011847562337258855
0.00020028934296464288
0.00027300022232687275
0.0003727974531449765
0.0006296682381794294
0.0008143427855440387
0.0008403651225271488
0.0008171370401794428
0.0009325921601660586
0.00103363219676592
0.0010848546649251058
0.0011189421364374763
0.000894707463705254
0.0005823511867748977
0.00033828981467395983
0.0001945528790642099
0.0001202518696856697
8.219428352697014e-5
5.049319898959386e-5
2.0842048609469136e-5
6.109532178522705e-6
5.683540665053735e-6
1.7510089240865013e-5
4.2645362735362617e-5
8.431505862261095e-5
0.00015316750809982955
0.0002801991061416279
0.0004615154439955626
0.0006505574832384529
0.0007718674186862502
0.0008344216006574988
0.0009393060490367498
0.0010309796843767842
0.0010183115462771178
0.0010066622118826227
0.0010219646717223624
0.0008579888837096191
0.0005368750553087629
0.0003057241295996398
0.00019860749809764026
0.0001156744585250001
6.323873768703377e-5
4.0343950458823614e-5
2.416741669750614e-5
2.7243898701015e-5
5.7195021291089975e-5
9.018995702027844e-5
0.00019209274118441925
0.0002973615856289822
0.00032634440724672056
0.0004046966716898777
0.0004542695261139109
0.0005897674740406194
0.0007095837672061917
0.000746168137298559
0.000791998331881164
0.0007851281780811755
0.0007552808733496134
0.0007909068411474645
0.0008409235764631097
0.0007267703414292019
0.0004803309531071198
0.00029576378174305337
0.00017280050322786744
0.00010798456131826357
9.026360783041523e-5
9.652666116870102e-5
0.00010293075687237274
9.768770905919236e-5
9.506558609925599e-5
0.00011179308650753055
0.00015446530754226597
0.00018169292217110714
0.00020408998839482051
0.00024322458113721474
0.00030262962401362187
0.00034113261342781317
0.0003357210720364053
0.0003834561982811359
0.0005473694018880761
0.0006039987294971219
0.0006848200640551246
0.0007678367582037142
0.0007817735643563312
0.0006465056387130303
0.00039582575560713875
0.00021627365120880276
0.00010417358506386874
6.97143605849866e-5
4.99867834626442e-5
2.5930228069546983e-5
1.5000670838429384e-5
1.3744262299915204e-5
1.2770752933070761e-5
5.670565670863377e-5
7.997900418709074e-5
7.989020761851225e-5
0.00015994453376985872
0.0002535239842303505
0.00030312531722995206
0.00042375437665402376
0.0006079701315308013
0.0007106120360942936
0.0007432566432508146
0.0007451001292345377
0.0007743355315013734
0.0008799452720382566
0.000842523298238285
0.0006315272956740499
0.00039428426299632785
0.00015571645684743577
5.676627612565302e-5
3.143358649744811e-5
1.405335165131927e-5
3.5213361454956974e-6
0.0
0.0
0.0
0.0
2.2297140917201864e-6
2.444236648029355e-5
6.743668057961508e-5
0.00022721335645213713
0.00036687686542757246
0.000498128153938098
0.0006053889404139038
0.0006576597012789634
0.0006805675989532487
0.00074484477091792
0.0007760833178050938
0.0007905839725170135
0.0007993645851717063
0.000610465709629997
0.0003230100294829995
0.00015699356112454726
6.991440417582301e-5
1.9418108039876964e-5
1.355375416999074e-6
0.0
0.0
0.0
0.0
0.0
0.0
0.0
4.8282829336742414e-6
5.30240593325686e-5
9.50246925286628e-5
0.00012660047408915404
0.00021134967549719485
0.0003580235002740407
0.00044690712319424904
0.00047505884523777744
0.00044694455234307396
0.0004339499913242288
0.0004938580655965222
0.0003641352599968377
0.00016630792843776743
6.663972035253017e-5
1.8817011951603786e-5
5.440621069119785e-7
0.0
0.0
0.0
0.0
0.0
0.0
0.0
4.540450776014624e-7
3.440183398594513e-5
0.0001240194665497057
0.00021528936025953538
0.00029396866327080105
0.0003956880405993077
0.0005246230093737559
0.0006144384748141829
0.0006598095795239113
0.0006910415999005246
0.0007167072409486355
0.0006873126643951976
0.0005168820926193664
0.0002626904963571596
0.00010060399162503081
3.345119803379014e-5
3.4193554392839293e-6
0.0
0.0
0.0
0.0
0.0
0.0
0.0
0.0
2.700767094934885e-7
4.41122814697954e-5
0.00015571389523194186
0.0002521409646897955
0.00031013830399204763
0.0004022228297339527
0.0005014754147932817
0.0005232341505329005
0.0004903706425770548
0.000497279190642941
0.0004879598521136294
0.00037958501337892215
0.00019092445836854405
5.714661433457101e-5
1.4250373572323294e-5
4.536707711299581e-6
1.2930499104468738e-6
0.0
0.0
0.0
0.0
0.0
0.0
3.818622229100783e-6
2.597246127019297e-5
6.950684552876687e-5
0.0001714863479011205
0.0002533141301576945
0.00034843362832203274
0.0005081621546568758
0.0006184168694679506
0.0006647775351286912
0.000733978734725207
0.0007497495473468076
0.0007063224467202651
0.0004938876425424185
0.00024001768292878454
0.00010795392456763545
5.186887849397215e-5
1.6992843048302486e-5
1.0395840985096624e-6
0.0
0.0
0.0
0.0
0.0
0.0
2.8078768244654905e-5
0.00010169434327303477
0.00018170390789386866
0.00030511404131397556
0.0004046610226169231
0.0004797974814692555
0.0005667980495829191
0.0006200349014325077
0.0006660265998721859
0.0007748895676570911
0.0007567622603061994
0.0007037966037483224
0.0004988376762195619
0.00021633915119321907
6.456906747041338e-5
1.549930606904686e-5
7.016300126592935e-7
0.0
0.0
0.0
0.0
0.0
0.0
0.0
4.690875072804477e-6
5.835713823684458e-5
0.00013609341786451648
0.00019764881919920275
0.0003630765982268734
0.0005279433348960913
0.0005639470263248163
0.0006602212900635741
0.0007338878283839978
0.0007095202815250121
0.0006986525216064977
0.0006257720745620715
0.00040987944580836796
0.00019795742559468833
0.00010625316138652104
2.8655288302540864e-5
1.1401284281151131e-6
0.0
0.0
0.0
0.0
0.0
0.0
0.0
0.0
0.0
1.6425691964561862e-5
2.9880767311104553e-5
6.662066696111493e-5
0.00016040160077298508
0.0002002474176340631
0.00025301617490236587
0.000354113806451454
0.00039824456830086765
0.0004131838122095068
0.00040946342888570776
0.00043261368820555877
0.000469625023745788
0.00040201106389564157
0.0002550048451443872
0.00015232818509625565
8.768078445071776e-5
4.7971247527339194e-5
3.400450564500671e-5
2.5124429376527286e-5
2.7710432610146024e-5
5.4029365209371704e-5
9.444832487328351e-5
0.00012483627516018692
0.0001671711146857032
0.00021096455254856892
0.000357633534997891
0.0005025061119459057
0.000542764112719796
0.0006135875395923436
0.0006157163243453824
0.0005779007573671487
0.0005639963196060289
0.0005762854184798644
0.000638273307992587
0.0006185068136235934
0.000499586391439574
0.00042871437680170303
0.000532678059195053
0.0006120399237159726
0.0004171794076403207
0.0003331760094566308
0.0002764252666671465
0.0002259276782677777
0.0002510008310458789
0.00030740624077771865
0.0003763177204371571
0.00044374558271960196
0.0005452351397780685
0.0006933285798170063
0.0007751268913459348
0.0008783199005586794
0.0009649622747375405
0.0010206875811256144
0.0010892095682631792
0.001149236464309858
0.0011648449646300466
0.0011657295007789904
0.0011567153793025338
0.0010118689311973666
0.0006811661575262685
0.00040881555097364023
0.0002827762725932994
0.00016474517804039633
9.574157982925299e-5
6.002760778387647e-5
4.049346399844208e-5
2.402728366913956e-5
1.7035707701955532e-5
2.9487622832479433e-5
5.676145070314982e-5
8.603859029328398e-5
0.0001161786109941032
0.00013672113460144782
0.0002043115630537643
0.000498191494346846
0.0007506052475695445
0.00074505780381847
0.000748925589150353
0.0008252133359309852
0.0007900341427473503
0.000738368597255047
0.0007779258503977696
0.0006877628841809564
0.0005000777223462778
0.00036807727628398687
0.00027404088995642466
0.00022565544616737391
0.0001878163276290602
0.00013139229055141147
9.838041390693888e-5
9.29448431524694e-5
8.869342492412455e-5
0.00014426188004903594
0.000251760652571285
0.00034500972811616015
0.00048177883587631465
0.0006421519190521231
0.0007801819293046016
0.0009102591576188827
0.0009828660586291352
0.0010667901957181873
0.0011112754281634698
0.0011124462203814518
0.0011485843438564893
0.0011375577034534652
0.001129831668003062
0.000924415918284537
0.0005962302438787646
0.0003759947358493393
0.000242347309489298
0.0001546741545773066
0.00011459012600893197
7.867720027425053e-5
5.65667698148071e-5
4.7675246642226296e-5
4.638578388302022e-5
7.601118119708242e-5
0.00012452571371046736
0.00022934869409929457
0.00037193131415343974
0.0005323691458382682
0.0006851561397736473
0.0008278331861265314
0.0009388819072810599
0.00098067836329934
0.0010220438080651136
0.0011120569195801008
0.0012327321597746818
0.0012840454140833116
0.00114660154942831
0.0008429624476784622
0.0005339518114573831
0.00029581130478522846
0.00016922591984386905
0.0001227728880168442
8.176439165392088e-5
4.347105192124038e-5
2.560654154553496e-5
1.5188627199464454e-5
1.3553095216195802e-5
2.2759483156440695e-5
5.380903422575967e-5
0.00014294686471600897
0.00026343755853324807
0.0004240299838629656
0.0005500721026450652
0.0006761983204846388
0.0007799440385321184
0.0008454969369658625
0.0009066878915601726
0.00098056102421578
0.00102639835506229
0.0010375197183022185
0.0009637365242649639
0.0007206174445276242
0.0004183947984947724
0.00023219472536018245
0.0001297657386518977
6.822156127373174e-5
3.342508277358938e-5
1.4172989420301236e-5
5.401905249535003e-6
5.1442053823565164e-8
0.0
3.0805243535362923e-6
2.4505887596871747e-5
7.425045186887835e-5
0.0001454020313471359
0.00023831748161974264
0.00032139327946621976
0.00038506242083475933
0.00044935194453906026
0.0004906724877460289
0.0005278923843365571
0.0005744361698058767
0.000588014530239858
0.0005689701971795915
0.000570993429459398
0.0004503677910056543
0.0002654504540281076
0.00012799033172683445
6.469090003222802e-5
5.216026036720929e-5
9.078123620673287e-5
0.0001309792843184633
0.00015521759245770066
0.00020922753099716725
0.0002415721534164338
0.0002842855064183827
0.0003657772198943327
0.00044092929716166594
0.0005290245803404178
0.0006365989090217168
0.0007164072537033144
0.0008137782666469244
0.0009184367079294565
0.0010247798146442227
0.0010774216657924716
0.00110633649610131
0.001144660067417853
0.0011444044517801126
0.0010714670569653701
0.0008629670914439539
0.000632772169991914
0.0004653918831345309
0.00035683338486833206
0.00029117022951235253
0.0002249801173030432
0.00016889133811875793
0.0001254591885260581
0.00010224522405291025
0.00011146026336057564
0.0001757711090840007
0.0002867153610546526
0.0004380941939380067
0.0005569931708493414
0.0007218117383072147
0.0009127852829926147
0.0010853553398458059
0.0011598644647833791
0.0012579574654253889
0.001356172518361909
0.001384431320844984
0.0014038339390424765
0.0014281407766826282
0.001404661357393729
0.0010977062847115381
0.0006744645826113456
0.0004131742024055909
0.00025812886194541217
0.00015533442810388389
9.34919185438024e-5
4.524986984950969e-5
2.7219522866461514e-5
1.559789065107651e-5
1.1917608970942467e-5
2.060172325018158e-5
7.181934306899803e-5
0.00016638353094719188
0.00030527378160933173
0.00044354468234714253
0.000565543659920792
0.0006756399131270586
0.0007735525069068613
0.0008257296725878374
0.0008860525318986295
0.001020608136974684
0.0010652355471578066
0.0010283925784570088
0.0009162118498922019
0.0006001138922435768
0.00031108143978262823
0.00013246494182852307
3.583890620617593e-5
3.3463985623286635e-6
0.0
0.0
0.0
0.0
0.0
0.0
0.0
5.244239727879625e-7
5.127146402278128e-6
4.805472367226168e-5
0.00014392387885192235
0.0002654448545576084
0.00040032966253299477
0.0005298533732424795
0.0006420942471997099
0.0006676620371677957
0.0006835755740903305
0.0007625333731147256
0.0006811722430079672
0.0004099907169992681
0.00014969385156501203
3.628612334757918e-5
5.073843158973008e-6
0.0
0.0
0.0
0.0
0.0
0.0
0.0
0.0
3.2338750514099887e-8
1.882402008261857e-6
1.8592680894847663e-5
7.894491681238447e-5
0.00016189892317070972
0.0003064091044882774
0.0004303343689669166
0.0004997811994901526
0.0006016319917585182
0.0006248680719073071
0.0006093941707292999
0.0005648474023803602
0.00034637612380014144
0.00012812167015437465
3.036237487013268e-5
2.602087571833956e-6
0.0
0.0
0.0
0.0
0.0
0.0
0.0
0.0
0.0
9.269975761624085e-7
2.8094019149719058e-5
8.501354606229387e-5
0.00014964016506306612
0.00022105352617947415
0.0003087516557350731
0.00044786507501393856
0.0005456635517615096
0.0005452015877094053
0.0005402840266551
0.0004646798101167193
0.00023919880822511897
8.47454636395808e-5
3.185431680694889e-5
5.460648873740691e-6
0.0
0.0
0.0
0.0
0.0
0.0
0.0
0.0
0.0
0.0
0.0
7.803967002627628e-6
6.995950647767601e-5
0.0001491647107067934
0.00019273759420525445
0.00023943578827626032
0.00030034215056174053
0.00035442411390242454
0.00036904453009941354
0.00031931197505307845
0.00016010293104438625
2.5222339148569254e-5
4.149313291403553e-7
0.0
0.0
0.0
0.0
0.0
0.0
0.0
0.0
0.0
0.0
0.0
0.0
7.403019873304911e-7
2.757215529377374e-6
1.6450312055491257e-6
9.336048073819302e-6
1.9802231048390365e-5
4.0126068976869316e-5
9.675076493598922e-5
0.00012587690842596856
0.00011562549914237392
5.629560553191942e-5
1.3207026233168202e-6
0.0
0.0
0.0
0.0
0.0
0.0
0.0
0.0
0.0
0.0
0.0
0.0
0.0
0.0
0.0
0.0
0.0
0.0
0.0
0.0
0.0
0.0
0.0
0.0
2.4168100572363263e-6
1.525141900934977e-6
0.0
0.0
0.0
0.0
0.0
0.0
0.0
0.0
0.0
0.0
0.0
0.0
0.0
0.0
1.3223852119395854e-5
8.752447440879346e-5
0.00012903384920411032
0.00013911385255552117
0.000168737775614982
0.00015836149093100642
0.0001027972232676468
5.1210525136701884e-5
1.570908484758793e-5
1.188188383516674e-6
0.0
0.0
0.0
0.0
0.0
0.0
0.0
0.0
0.0
3.356125457127254e-6
3.314413080948794e-5
0.00010343374276476416
0.0001764008408733316
0.00021379285311375873
0.00024619575160149317
0.0003117806894139921
0.00038120092944725716
0.0004401818330434686
0.0005004780478919986
0.0004498039561267151
0.00029616014415261146
0.00015045586966821255
6.392978408385605e-5
4.023327817469434e-5
2.865982534949586e-5
1.0461779858374774e-5
4.969077443445779e-7
0.0
0.0
0.0
0.0
3.6531093968754284e-7
1.4305827078877876e-5
5.732289783750082e-5
0.0001576100683996292
0.00026297067342638536
0.0003263572716742587
0.00037308701171890913
0.00044587926308843775
0.0005801840426083155
0.0007225955101101524
0.0008221528259179863
0.000832183905553433
0.000710338954541033
0.0004760721774489932
0.00024297344861973897
9.579508952878677e-5
3.314651057386411e-5
6.301634774356973e-6
0.0
0.0
0.0
0.0
0.0
0.0
0.0
0.0
1.0287550067900387e-7
3.658689845154903e-5
0.0001483696348846366
0.0002297374790206522
0.0003163832366139862
0.00044468722722027133
0.0005387721080586791
0.0005893581588674616
0.000685680547844967
0.000705339901189947
0.0005797006805133529
0.0003225283781500654
0.00010054626244538019
1.843173782193223e-5
7.753175167882335e-7
0.0
0.0
0.0
0.0
0.0
0.0
0.0
0.0
0.0
0.0
0.0
0.0
0.0
0.0
0.0
0.0
0.0
3.8436194453080113e-7
3.019722824495219e-5
7.103960322748025e-5
4.365681686067521e-5
9.973957319978312e-6
6.59788914683392e-7
0.0
0.0
0.0
0.0
0.0
0.0
0.0
0.0
0.0
0.0
0.0
8.64753809456424e-8
2.1021373863050616e-5
7.549112296020036e-5
0.00012211739600531774
0.00013610344980536341
0.00013796450841144158
0.00016755678080990482
0.00016725407973875963
0.00016365089504678877
0.00021436183900785255
0.00026887396825229565
0.00030030957794195966
0.00031508100580866007
0.00031500689566403247
0.0002905692325773997
0.0002102912461631209
0.00019757357974056782
0.0003471383050579629
0.0003739819859852065
0.0003488878554771294
0.0003528731828179645
0.00038570704249458977
0.0004095146396978715
0.00042521012660940246
0.0004793990408821919
0.0005406109909258059
0.0006185120900095078
0.000665489524435707
0.0007088518495182253
0.0007441767590937265
0.0007739427907400469
0.0008091292700201397
0.0008507395095818449
0.0009159920504232844
0.0008916579413042097
0.0007923002206970122
0.0008244208865431875
0.0006962072009284187
0.0003703171195308457
0.00022134781881062523
0.0001531846126908913
0.00031687792422588194
0.0006372982084886906
0.000564842486569741
0.0004044847400585898
0.0004347149617475904
0.00047856648816022707
0.000558884262543722
0.0006399852843162199
0.0007786846871324373
0.000880204820780505
0.0009445221622011003
0.0010055294882075983
0.001077777766631658
0.0011316632592364409
0.0011494030136152808
0.0011634552097253817
0.0010360776721623957
0.0007733690877589
0.00046684485011310524
0.00029983267587750526
0.00021185567035296676
0.00014234277930870586
9.494566898376573e-5
5.5841613027629184e-5
3.0461421405465582e-5
1.791318103751707e-5
1.4191709877269994e-5
1.539756276600033e-5
2.8067985564545642e-5
5.53570321425675e-5
9.896358379734777e-5
0.0001657755357571438
0.0002544182309944601
0.0003801257307235996
0.0004932134758575398
0.0005171508192569113
0.0005686904786956937
0.0006758174676334748
0.0007144304698405575
0.0006971503929387787
0.0005758834890743843
0.00035721266643203085
0.00015970412603849674
5.313088515449257e-5
1.741009508629554e-5
1.4013678190003038e-6
0.0
0.0
0.0
0.0
0.0
0.0
0.0
0.0
0.0
0.0
3.0148230791828718e-6
3.47231437389748e-5
0.00010608867563364363
0.000150245323238874
0.00017709490880643986
0.00021534759571035253
0.00024899460840889693
0.0003194475255342525
0.0003203780192357742
0.00017705020545004445
5.121950639305937e-5
5.2487634495091264e-6
0.0
0.0
0.0
0.0
0.0
0.0
0.0
0.0
0.0
0.0
0.0
0.0
0.0
4.965610585269888e-6
4.375961567216792e-5
9.041124986373402e-5
0.00011688492878070534
0.00014101924215152907
0.00018598655888067833
0.00028541914420226756
0.00025400527091645265
9.136187431786921e-5
1.151127312363479e-5
0.0
0.0
0.0
0.0
0.0
0.0
0.0
0.0
0.0
0.0
0.0
0.0
0.0
0.0
4.919270301722154e-6
2.90792579038851e-5
5.616597952759474e-5
0.00011610185773810197
0.00019939725248639993
0.00019887675628245196
0.00017598640728988554
0.0001315367590661202
3.350366737425171e-5
4.619530635150879e-7
0.0
0.0
0.0
0.0
0.0
0.0
0.0
0.0
0.0
0.0
0.0
0.0
0.0
0.0
0.0
5.572503408369546e-6
3.877858896864396e-5
6.762536816585115e-5
9.395801025472651e-5
0.00014602354840390538
0.00018261214025645022
0.00012256248021518917
2.250763076520837e-5
0.0
0.0
0.0
0.0
0.0
0.0
0.0
0.0
0.0
0.0
0.0
0.0
0.0
0.0
0.0
0.0
0.0
5.796687511963797e-6
3.23230431962797e-5
6.700332379621313e-5
9.282075499186355e-5
0.00013836663005860125
9.340460007335596e-5
4.965960151129717e-6
0.0
0.0
0.0
0.0
0.0
0.0
0.0
0.0
0.0
0.0
0.0
0.0
0.0
0.0
0.0
0.0
0.0
0.0
0.0
1.1364960062714176e-5
1.692920840099335e-5
2.1591384273052818e-5
1.2281526450626895e-5
0.0
0.0
0.0
0.0
0.0
0.0
0.0
0.0
0.0
0.0
0.0
0.0
0.0
0.0
0.0
0.0
0.0
0.0
0.0
0.0
0.0
1.9354536247323676e-8
4.1491377137096625e-6
4.808570500518864e-6
0.0
0.0
0.0
0.0
0.0
0.0
0.0
0.0
0.0
0.0
0.0
0.0
0.0
0.0
0.0
0.0
0.0
0.0
0.0
0.0
0.0
3.1258370772947657e-6
2.4465558956889455e-5
2.7038584913000014e-5
1.89005774455861e-5
3.025735902544492e-5
7.494557501402492e-6
0.0
0.0
0.0
0.0
0.0
0.0
0.0
0.0
0.0
0.0
0.0
0.0
8.636487562709247e-7
6.5976772054309455e-6
1.5130171501309316e-5
4.406093258367713e-5
4.952033107870799e-5
5.2020836356253615e-5
6.682061384481028e-5
0.00010224634177118086
0.00015485897049038178
0.00016748455503763307
0.00014077375841900567
7.399691076054614e-5
2.2306196519820524e-5
4.1369255137876993e-7
0.0
0.0
0.0
0.0
0.0
0.0
0.0
0.0
0.0
2.5981333816519025e-8
2.5025039346810164e-6
2.082819235883412e-5
4.9933833485411526e-5
6.798336181361768e-5
7.621269653445355e-5
7.59564235552464e-5
7.801560199990162e-5
8.62933872589859e-5
8.435062173728158e-5
3.884831927975106e-5
3.272007820416676e-6
0.0
0.0
0.0
0.0
0.0
0.0
0.0
0.0
0.0
0.0
0.0
0.0
0.0
0.0
1.3846413144247756e-7
5.1816184339537e-6
2.382596521825709e-5
5.384403481691191e-5
8.952354651520542e-5
0.00011550599468527706
0.00013086421998620328
9.322527627249878e-5
3.176390516071291e-5
4.602211079977257e-6
0.0
0.0
0.0
0.0
0.0
0.0
0.0
0.0
0.0
0.0
0.0
0.0
0.0
0.0
0.0
1.9344064359015397e-5
7.424042888541231e-5
0.00011971756921321079
0.00015250851889880696
0.00017538564207423264
0.00018218084533183442
0.00013738061258231502
5.0603642974514075e-5
6.683237159608554e-6
0.0
0.0
0.0
0.0
0.0
0.0
0.0
0.0
0.0
0.0
0.0
0.0
0.0
0.0
0.0
0.0
1.3236232177378013e-5
6.27985173675448e-5
0.00011962898625373673
0.00014341371685971016
0.00016753087691132019
0.0001258126638429098
3.373085085194308e-5
2.1463210501201466e-6
0.0
0.0
0.0
0.0
0.0
0.0
0.0
0.0
0.0
0.0
0.0
0.0
0.0
0.0
3.790302446723111e-6
2.247216951387295e-5
5.360826397961511e-5
9.12873026564071e-5
0.0001331549468239597
0.00018097942874069632
0.00018946446482955094
0.00014662417759765832
4.92814761988929e-5
1.6103010204619107e-6
0.0
0.0
0.0
0.0
0.0
0.0
0.0
0.0
0.0
0.0
0.0
0.0
0.0
0.0
0.0
0.0
0.0
9.781527525678542e-6
2.9949719844687985e-5
3.847125370693396e-5
5.7489613652490914e-5
5.180688380955316e-5
7.5638465849570506e-6
0.0
0.0
0.0
0.0
0.0
0.0
0.0
0.0
0.0
0.0
0.0
0.0
0.0
0.0
0.0
0.0
5.566326150974965e-7
1.638318360620459e-5
6.0246668285158784e-5
0.00012010655855828597
0.0001429485434269001
0.00016500013285143523
0.00012456369665343585
3.110250093254863e-5
6.275913371821495e-7
0.0
0.0
0.0
0.0
0.0
0.0
0.0
0.0
0.0
0.0
0.0
0.0
0.0
0.0
0.0
0.0
7.743643478842036e-7
3.7129216789624036e-5
9.623329235295406e-5
0.00011927813333227963
0.00014004187858004502
0.00010323726437437385
3.0403910828252065e-5
1.4283178116609543e-6
0.0
0.0
0.0
0.0
0.0
0.0
0.0
0.0
0.0
0.0
0.0
0.0
0.0
0.0
0.0
0.0
9.801120613948492e-7
1.8723730165104598e-5
3.8257047650068864e-5
4.680735627101037e-5
6.334650647687071e-5
2.9527483753862425e-5
9.831880243555947e-7
0.0
0.0
0.0
0.0
0.0
0.0
0.0
0.0
0.0
0.0
0.0
0.0
0.0
0.0
0.0
0.0
0.0
0.0
0.0
2.1428083164738588e-6
2.5415293962648023e-5
2.17873929807345e-5
1.5375102149765154e-6
0.0
0.0
0.0
0.0
0.0
0.0
0.0
0.0
0.0
0.0
0.0
0.0
0.0
0.0
0.0
0.0
0.0
0.0
0.0
0.0
0.0
0.0
0.0
0.0
0.0
0.0
0.0
0.0
0.0
0.0
0.0
0.0
0.0
0.0
0.0
0.0
0.0
0.0
0.0
0.0
0.0
0.0
0.0
5.028622701123297e-6
3.168870952484246e-5
4.567182248646067e-5
3.479556514044467e-5
1.1283067967081858e-5
2.41158104674642e-7
0.0
0.0
0.0
0.0
0.0
0.0
0.0
0.0
0.0
0.0
0.0
0.0
0.0
0.0
0.0
0.0
0.0
0.0
0.0
2.0267659470147206e-6
4.9174523963895696e-6
8.011970760518472e-7
0.0
0.0
0.0
0.0
0.0
0.0
0.0
0.0
0.0
0.0
0.0
0.0
0.0
0.0
0.0
0.0
0.0
0.0
0.0
0.0
0.0
0.0
0.0
0.0
0.0
0.0
0.0
0.0
0.0
0.0
0.0
0.0
0.0
0.0
0.0
0.0
0.0
0.0
0.0
0.0
0.0
0.0
0.0
0.0
0.0
3.837909860911516e-6
1.7810505202720584e-5
1.1995199507534136e-5
5.3949680023465455e-6
9.259563682562152e-8
0.0
0.0
0.0
0.0
0.0
0.0
0.0
0.0
0.0
0.0
0.0
0.0
0.0
0.0
0.0
0.0
1.309708525892789e-5
6.51858259104548e-5
0.00010931624656508813
0.0001375520953851128
0.00011764012246714403
6.820132931900058e-5
2.2305043105572867e-5
1.1375302818162668e-6
0.0
0.0
0.0
0.0
0.0
0.0
0.0
0.0
0.0
0.0
0.0
0.0
0.0
0.0
0.0
6.309667336592176e-6
5.071335460397469e-5
0.00011644768941242398
0.00017020987966319504
0.0002123597434759615
0.00020527708897413578
0.00016292967269958242
0.00011754366548130438
4.0107171215875076e-5
6.962487638270824e-7
0.0
0.0
0.0
0.0
0.0
0.0
0.0
0.0
0.0
0.0
0.0
0.0
0.0
0.0
0.0
2.3918242133198445e-6
3.435722424232286e-5
8.969614410476733e-5
0.0001409241766866639
0.0001276985027662891
7.186712646151954e-5
2.234332522506227e-5
8.796950956479007e-7
0.0
0.0
0.0
0.0
0.0
0.0
0.0
0.0
0.0
0.0
0.0
0.0
0.0
0.0
0.0
0.0
0.0
1.5833363559371249e-6
1.992606620370212e-5
4.5143352031198325e-5
4.9135331774510307e-5
3.142285686783417e-5
1.1707510993691313e-5
5.42799595674051e-7
0.0
0.0
0.0
0.0
0.0
0.0
0.0
0.0
0.0
0.0
0.0
0.0
0.0
0.0
0.0
0.0
2.507585035686497e-7
1.993142248293943e-5
6.511217171279943e-5
0.0001157256350385382
0.00010754830928135969
6.180312265352223e-5
1.866046500161311e-5
4.4605670652333113e-7
0.0
0.0
0.0
0.0
0.0
0.0
0.0
0.0
0.0
0.0
0.0
0.0
0.0
0.0
0.0
0.0
5.5059937838115375e-6
3.798153154583358e-5
9.182529418865634e-5
0.00014435177283817096
0.00014043168317706816
9.962456951713462e-5
6.251867097224829e-5
9.956002797247095e-6
0.0
0.0
0.0
0.0
0.0
0.0
0.0
0.0
0.0
0.0
0.0
0.0
0.0
0.0
0.0
0.0
0.0
0.0
4.6620683834890785e-6
4.704496780121667e-5
6.324355138351112e-5
3.340868200465762e-5
9.171931003481083e-6
2.752196707901024e-7
0.0
0.0
0.0
0.0
0.0
0.0
0.0
0.0
0.0
0.0
0.0
0.0
0.0
0.0
0.0
7.05730183068795e-6
6.13708971710375e-5
0.00013421867967666903
0.00018995816677125617
0.00023287778193613378
0.00021171375703701002
0.0001413187356985892
7.662601796949129e-5
1.7181525025589505e-5
0.0
0.0
0.0
0.0
0.0
0.0
0.0
0.0
0.0
0.0
0.0
0.0
0.0
0.0
0.0
0.0
0.0
1.6061320111147015e-6
4.2381141530104035e-5
0.00012597519405296888
0.00013119945172401461
7.035950945996873e-5
1.9134327207866125e-5
5.637506736960534e-7
0.0
0.0
0.0
0.0
0.0
0.0
0.0
0.0
0.0
0.0
0.0
0.0
0.0
0.0
0.0
0.0
1.0855489150350546e-6
2.6628782761245446e-5
7.35172400510968e-5
0.00011957296018162552
0.00011307075008350334
7.071876238519584e-5
3.1484471700674315e-5
1.7540142107064313e-6
0.0
0.0
0.0
0.0
0.0
0.0
0.0
0.0
0.0
0.0
0.0
0.0
0.0
0.0
0.0
0.0
0.0
0.0
0.0
0.0
0.0
0.0
0.0
0.0
0.0
0.0
0.0
0.0
0.0
0.0
0.0
0.0
0.0
0.0
0.0
0.0
0.0
0.0
0.0
0.0
0.0
0.0
0.0
0.0
0.0
0.0
0.0
0.0
0.0
0.0
0.0
0.0
0.0
0.0
0.0
0.0
0.0
0.0
0.0
0.0
0.0
0.0
0.0
0.0
0.0
0.0
0.0
0.0
0.0
0.0
0.0
0.0
0.0
0.0
0.0
0.0
0.0
0.0
0.0
0.0
0.0
0.0
0.0
0.0
0.0
0.0
0.0
0.0
0.0
0.0
0.0
0.0
0.0
0.0
0.0
0.0
0.0
0.0
0.0
0.0
0.0
0.0
0.0
0.0
0.0
0.0
0.0
0.0
0.0
0.0
0.0
0.0
0.0
4.714003929195624e-6
2.8957635202103858e-5
6.225401453599652e-5
7.636285673182594e-5
7.114761657010097e-5
6.245951711302786e-5
3.714376888543424e-5
8.018392489266104e-6
2.5159886383692785e-8
0.0
0.0
0.0
0.0
0.0
0.0
0.0
0.0
0.0
0.0
0.0
0.0
4.239981731091427e-7
1.3980234837885722e-5
4.5850975315346324e-5
8.667004844677226e-5
0.00012757175553388552
0.00016467257654671262
0.0001589544387960854
0.00011532954252300862
7.927663885293875e-5
4.977948439330638e-5
2.0431295030776822e-5
3.826550485078724e-6
0.0
0.0
0.0
0.0
0.0
0.0
0.0
0.0
0.0
0.0
0.0
0.0
1.741866303607094e-5
8.638968242566863e-5
0.00017440170847560335
0.00022832609884880552
0.0002534796021344914
0.00026806950682132304
0.0002411895085353676
0.00018950739377765523
0.00014481033800396254
8.104659685664594e-5
1.4119958044905698e-5
0.0
0.0
0.0
0.0
0.0
0.0
0.0
0.0
0.0
0.0
0.0
0.0
0.0
1.8219924323840405e-5
7.829879865107576e-5
0.0001486605412023805
0.00022184644210023968
0.0003243804553694969
0.000435823121027051
0.0003995784646527297
0.00024186324213902445
0.0001383668949690688
6.047924684220414e-5
1.0333071835756282e-5
0.0
0.0
0.0
0.0
0.0
0.0
0.0
0.0
0.0
0.0
0.0
0.0
0.0
2.8592078492405894e-7
2.7532161467659298e-5
0.00010253757436559432
0.0001706015995762534
0.00022377722033371244
0.00027785400549394857
0.00024047628926595583
0.00014072491036848055
6.651814358094079e-5
1.3521454271513558e-5
0.0
0.0
0.0
0.0
0.0
0.0
0.0
0.0
0.0
0.0
0.0
0.0
0.0
0.0
0.0
0.0
3.452107333714063e-7
2.7741242459716452e-5
9.161760021282536e-5
0.00015762908579865952
0.00015523657454836424
0.00010136061946957685
5.124273985211564e-5
6.77494908205164e-6
0.0
0.0
0.0
0.0
0.0
0.0
0.0
0.0
0.0
0.0
0.0
0.0
0.0
0.0
0.0
0.0
0.0
2.032245277213076e-6
2.803461245132323e-5
6.976738375216402e-5
5.7348925543375164e-5
9.588114292390427e-6
0.0
0.0
0.0
0.0
0.0
0.0
0.0
0.0
0.0
0.0
0.0
0.0
0.0
0.0
0.0
0.0
0.0
0.0
0.0
0.0
1.2089789631883208e-5
4.899171811965915e-5
4.5251851254729525e-5
7.5468592118099186e-6
0.0
0.0
0.0
0.0
0.0
0.0
0.0
0.0
0.0
0.0
0.0
0.0
0.0
0.0
0.0
0.0
0.0
0.0
0.0
0.0
0.0
2.1744661743197905e-6
2.4624320920592956e-6
0.0
0.0
0.0
0.0
0.0
0.0
0.0
0.0
0.0
0.0
0.0
0.0
0.0
0.0
0.0
0.0
0.0
0.0
0.0
0.0
0.0
9.24862414731362e-7
1.9325623587306794e-5
1.6911876497663052e-5
3.0730200536519653e-7
0.0
0.0
0.0
0.0
0.0
0.0
0.0
0.0
0.0
0.0
0.0
0.0
0.0
0.0
0.0
0.0
0.0
0.0
0.0
0.0
0.0
0.0
0.0
0.0
0.0
0.0
0.0
0.0
0.0
0.0
0.0
0.0
0.0
0.0
0.0
0.0
0.0
0.0
0.0
0.0
0.0
0.0
0.0
0.0
0.0
0.0
0.0
0.0
0.0
0.0
0.0
0.0
0.0
0.0
0.0
0.0
0.0
0.0
0.0
0.0
0.0
0.0
0.0
0.0
0.0
0.0
0.0
0.0
0.0
0.0
0.0
0.0
0.0
0.0
0.0
0.0
0.0
0.0
0.0
0.0
0.0
0.0
0.0
0.0
0.0
0.0
0.0
0.0
0.0
0.0
0.0
0.0
0.0
0.0
0.0
0.0
0.0
0.0
0.0
0.0
0.0
0.0
0.0
0.0
0.0
0.0
0.0
0.0
0.0
0.0
0.0
0.0
0.0
0.0
0.0
0.0
0.0
0.0
0.0
0.0
0.0
0.0
0.0
0.0
0.0
0.0
0.0
0.0
0.0
0.0
0.0
0.0
0.0
0.0
0.0
0.0
0.0
0.0
0.0
0.0
0.0
0.0
0.0
0.0
0.0
0.0
0.0
0.0
0.0
0.0
0.0
0.0
0.0
0.0
0.0
0.0
0.0
0.0
0.0
0.0
0.0
0.0
0.0
0.0
0.0
0.0
0.0
0.0
0.0
0.0
0.0
0.0
0.0
0.0
0.0
0.0
0.0
0.0
0.0
0.0
0.0
0.0
0.0
0.0
0.0
0.0
0.0
0.0
0.0
0.0
0.0
0.0
0.0
0.0
0.0
0.0
0.0
0.0
0.0
0.0
0.0
0.0
0.0
0.0
0.0
0.0
0.0
0.0
0.0
0.0
0.0
0.0
1.5893032184612512e-6
3.5914177031929984e-5
3.258629750601809e-5
1.181060130767246e-6
0.0
0.0
0.0
0.0
0.0
0.0
0.0
0.0
0.0
0.0
0.0
0.0
0.0
0.0
0.0
0.0
0.0
0.0
0.0
0.0
0.0
2.893617339246536e-6
1.4208249518177464e-6
0.0
0.0
0.0
0.0
0.0
0.0
0.0
0.0
0.0
0.0
0.0
0.0
0.0
0.0
0.0
0.0
0.0
0.0
0.0
0.0
0.0
0.0
0.0
0.0
0.0
0.0
0.0
0.0
0.0
0.0
0.0
0.0
0.0
0.0
0.0
0.0
0.0
0.0
0.0
0.0
0.0
0.0
0.0
0.0
0.0
0.0
0.0
0.0
0.0
0.0
0.0
0.0
0.0
0.0
0.0
0.0
0.0
0.0
0.0
0.0
0.0
0.0
0.0
0.0
0.0
0.0
0.0
0.0
0.0
0.0
0.0
0.0
0.0
0.0
0.0
0.0
0.0
0.0
0.0
0.0
0.0
0.0
0.0
0.0
0.0
0.0
0.0
0.0
0.0
0.0
0.0
0.0
0.0
0.0
0.0
0.0
0.0
0.0
0.0
0.0
0.0
0.0
0.0
0.0
0.0
0.0
0.0
0.0
0.0
0.0
0.0
0.0
0.0
0.0
0.0
0.0
1.9683336419554564e-6
3.107830137599335e-5
8.459171654861445e-5
8.633228561370657e-5
3.4593565583350084e-5
7.212781972903641e-6
1.9726781729722102e-7
0.0
0.0
0.0
0.0
0.0
0.0
0.0
0.0
0.0
0.0
0.0
0.0
0.0
0.0
0.0
0.0
0.0
0.0
0.0
7.192868884645177e-6
1.1569635469595153e-5
3.305949952072899e-8
0.0
0.0
0.0
0.0
0.0
0.0
0.0
0.0
0.0
0.0
0.0
0.0
0.0
0.0
0.0
0.0
0.0
0.0
0.0
0.0
6.660419055931637e-6
4.8742246496029644e-5
4.7546836138198964e-5
6.153327917715861e-6
0.0
0.0
0.0
0.0
0.0
0.0
0.0
0.0
0.0
0.0
0.0
0.0
0.0
0.0
0.0
0.0
0.0
0.0
0.0
1.3142932108050169e-5
4.1086486454074484e-5
7.331666634617458e-5
5.1006894098542524e-5
4.631382253263162e-6
0.0
0.0
0.0
0.0
0.0
0.0
0.0
0.0
0.0
0.0
0.0
0.0
0.0
0.0
0.0
0.0
0.0
0.0
0.0
0.0
0.0
0.0
0.0
0.0
0.0
0.0
0.0
0.0
0.0
0.0
0.0
0.0
0.0
0.0
0.0
0.0
0.0
0.0
0.0
0.0
0.0
0.0
0.0
0.0
1.4319751972365389e-8
1.4705629640588002e-5
8.391541611789661e-6
0.0
0.0
0.0
0.0
0.0
0.0
0.0
0.0
0.0
0.0
0.0
0.0
0.0
0.0
0.0
0.0
0.0
0.0
0.0
0.0
0.0
0.0
0.0
0.0
0.0
0.0
0.0
0.0
0.0
0.0
0.0
0.0
0.0
0.0
0.0
0.0
0.0
0.0
0.0
0.0
0.0
0.0
0.0
0.0
0.0
0.0
0.0
0.0
0.0
0.0
0.0
0.0
0.0
0.0
0.0
0.0
0.0
0.0
0.0
0.0
0.0
0.0
0.0
0.0
0.0
0.0
0.0
0.0
0.0
0.0
0.0
0.0
0.0
0.0
0.0
0.0
0.0
0.0
0.0
0.0
0.0
0.0
0.0
0.0
0.0
0.0
0.0
0.0
0.0
0.0
0.0
0.0
0.0
0.0
0.0
0.0
0.0
0.0
0.0
0.0
0.0
0.0
0.0
0.0
0.0
0.0
0.0
0.0
0.0
0.0
0.0
0.0
0.0
0.0
0.0
0.0
0.0
0.0
0.0
0.0
0.0
0.0
0.0
0.0
0.0
0.0
0.0
0.0
0.0
0.0
0.0
0.0
0.0
0.0
0.0
0.0
0.0
0.0
0.0
0.0
0.0
0.0
1.159988273701708e-6
5.06509225713634e-7
0.0
0.0
0.0
0.0
0.0
0.0
0.0
0.0
0.0
0.0
0.0
0.0
0.0
0.0
0.0
0.0
0.0
0.0
0.0
0.0
0.0
0.0
0.0
0.0
0.0
0.0
0.0
0.0
0.0
0.0
0.0
0.0
0.0
0.0
0.0
0.0
0.0
0.0
0.0
0.0
0.0
0.0
0.0
0.0
0.0
0.0
0.0
0.0
0.0
0.0
0.0
0.0
0.0
0.0
0.0
0.0
0.0
0.0
0.0
0.0
0.0
0.0
0.0
0.0
0.0
0.0
0.0
0.0
0.0
0.0
0.0
0.0
0.0
0.0
0.0
0.0
0.0
0.0
0.0
0.0
0.0
0.0
0.0
0.0
0.0
0.0
0.0
0.0
0.0
0.0
0.0
0.0
0.0
0.0
0.0
0.0
0.0
0.0
0.0
0.0
0.0
0.0
0.0
0.0
0.0
0.0
0.0
0.0
0.0
0.0
0.0
0.0
0.0
0.0
0.0
0.0
0.0
0.0
0.0
0.0
0.0
0.0
0.0
0.0
0.0
0.0
0.0
0.0
0.0
0.0
0.0
0.0
0.0
0.0
0.0
0.0
0.0
0.0
0.0
0.0
0.0
0.0
0.0
0.0
0.0
0.0
0.0
0.0
0.0
0.0
0.0
0.0
0.0
0.0
0.0
0.0
0.0
0.0
0.0
0.0
0.0
0.0
0.0
0.0
0.0
0.0
0.0
0.0
0.0
0.0
0.0
0.0
0.0
0.0
0.0
0.0
0.0
0.0
0.0
0.0
0.0
0.0
0.0
0.0
0.0
0.0
0.0
0.0
0.0
0.0
0.0
0.0
0.0
0.0
0.0
0.0
0.0
0.0
0.0
0.0
0.0
0.0
0.0
0.0
0.0
0.0
0.0
0.0
0.0
0.0
0.0
0.0
0.0
0.0
0.0
0.0
0.0
0.0
0.0
0.0
0.0
0.0
0.0
0.0
0.0
0.0
0.0
0.0
0.0
0.0
0.0
0.0
0.0
0.0
0.0
0.0
0.0
0.0
0.0
0.0
0.0
0.0
0.0
0.0
0.0
0.0
0.0
0.0
0.0
0.0
0.0
0.0
0.0
0.0
0.0
0.0
0.0
0.0
0.0
0.0
0.0
0.0
0.0
0.0
0.0
0.0
0.0
0.0
0.0
0.0
0.0
0.0
0.0
0.0
0.0
0.0
0.0
0.0
0.0
0.0
0.0
0.0
0.0
0.0
0.0
0.0
0.0
0.0
0.0
0.0
0.0
0.0
0.0
0.0
0.0
0.0
0.0
0.0
0.0
0.0
0.0
0.0
0.0
0.0
0.0
0.0
0.0
0.0
0.0
0.0
0.0
0.0
0.0
0.0
0.0
0.0
0.0
0.0
0.0
0.0
0.0
0.0
0.0
0.0
0.0
0.0
0.0
0.0
0.0
0.0
0.0
0.0
0.0
0.0
0.0
0.0
0.0
0.0
0.0
0.0
0.0
0.0
0.0
0.0
0.0
0.0
0.0
0.0
0.0
0.0
0.0
0.0
0.0
0.0
0.0
0.0
0.0
0.0
0.0
0.0
0.0
0.0
0.0
0.0
0.0
0.0
0.0
0.0
0.0
0.0
0.0
0.0
0.0
0.0
0.0
0.0
0.0
0.0
0.0
0.0
0.0
0.0
0.0
0.0
0.0
0.0
0.0
0.0
0.0
0.0
0.0
0.0
0.0
0.0
0.0
0.0
0.0
0.0
0.0
0.0
0.0
0.0
0.0
0.0
0.0
0.0
0.0
0.0
0.0
0.0
0.0
0.0
0.0
0.0
0.0
0.0
0.0
0.0
0.0
0.0
0.0
0.0
0.0
0.0
0.0
0.0
0.0
0.0
0.0
0.0
0.0
0.0
0.0
0.0
0.0
0.0
0.0
0.0
0.0
0.0
0.0
0.0
0.0
0.0
0.0
0.0
0.0
0.0
0.0
0.0
0.0
0.0
0.0
0.0
0.0
0.0
0.0
0.0
0.0
0.0
0.0
0.0
0.0
0.0
0.0
0.0
0.0
0.0
0.0
0.0
0.0
0.0
0.0
0.0
0.0
0.0
0.0
0.0
0.0
0.0
0.0
0.0
0.0
0.0
0.0
0.0
0.0
0.0
0.0
0.0
0.0
0.0
0.0
0.0
0.0
0.0
0.0
0.0
0.0
0.0
0.0
0.0
0.0
0.0
0.0
0.0
0.0
0.0
0.0
0.0
0.0
0.0
0.0
0.0
0.0
0.0
0.0
0.0
0.0
0.0
0.0
0.0
0.0
0.0
0.0
0.0
0.0
0.0
0.0
0.0
0.0
0.0
0.0
0.0
0.0
0.0
0.0
0.0
0.0
0.0
0.0
0.0
0.0
0.0
0.0
0.0
0.0
0.0
0.0
0.0
0.0
0.0
0.0
0.0
0.0
0.0
0.0
0.0
0.0
0.0
0.0
0.0
0.0
0.0
0.0
0.0
0.0
0.0
0.0
0.0
0.0
0.0
0.0
0.0
0.0
0.0
0.0
0.0
0.0
0.0
0.0
0.0
0.0
0.0
0.0
0.0
0.0
0.0
0.0
0.0
0.0
0.0
0.0
0.0
0.0
0.0
0.0
0.0
0.0
0.0
0.0
0.0
0.0
0.0
0.0
0.0
0.0
0.0
0.0
0.0
0.0
0.0
0.0
0.0
0.0
0.0
0.0
0.0
0.0
0.0
0.0
0.0
0.0
0.0
0.0
0.0
0.0
0.0
0.0
0.0
0.0
0.0
0.0
0.0
0.0
0.0
0.0
0.0
0.0
0.0
0.0
0.0
0.0
0.0
0.0
0.0
0.0
0.0
0.0
0.0
0.0
0.0
0.0
0.0
0.0
0.0
0.0
0.0
0.0
0.0
0.0
0.0
0.0
0.0
0.0
0.0
0.0
0.0
0.0
0.0
0.0
0.0
0.0
0.0
0.0
0.0
0.0
0.0
0.0
0.0
0.0
0.0
0.0
0.0
0.0
0.0
0.0
0.0
0.0
0.0
0.0
0.0
0.0
0.0
0.0
0.0
0.0
0.0
0.0
0.0
0.0
0.0
0.0
0.0
0.0
0.0
0.0
0.0
0.0
0.0
0.0
0.0
0.0
0.0
0.0
0.0
0.0
0.0
0.0
0.0
0.0
0.0
0.0
0.0
0.0
0.0
0.0
0.0
0.0
0.0
0.0
0.0
0.0
0.0
0.0
0.0
0.0
0.0
0.0
0.0
0.0
0.0
0.0
0.0
0.0
0.0
0.0
0.0
0.0
0.0
0.0
0.0
0.0
0.0
0.0
0.0
0.0
0.0
0.0
0.0
0.0
0.0
0.0
0.0
0.0
0.0
0.0
0.0
0.0
0.0
0.0
0.0
0.0
0.0
0.0
0.0
0.0
0.0
0.0
0.0
0.0
0.0
0.0
0.0
0.0
0.0
0.0
0.0
0.0
0.0
0.0
0.0
0.0
0.0
0.0
0.0
0.0
0.0
0.0
0.0
0.0
0.0
0.0
0.0
0.0
0.0
0.0
0.0
0.0
0.0
0.0
0.0
0.0
0.0
0.0
0.0
0.0
0.0
0.0
0.0
0.0
0.0
0.0
0.0
0.0
0.0
0.0
0.0
0.0
0.0
0.0
0.0
0.0
0.0
0.0
0.0
0.0
0.0
0.0
0.0
0.0
0.0
0.0
0.0
0.0
0.0
0.0
0.0
0.0
0.0
0.0
0.0
0.0
0.0
0.0
0.0
0.0
0.0
0.0
0.0
0.0
0.0
0.0
0.0
0.0
0.0
0.0
0.0
0.0
0.0
0.0
0.0
0.0
0.0
0.0
0.0
0.0
0.0
0.0
0.0
0.0
0.0
0.0
0.0
0.0
0.0
0.0
0.0
0.0
0.0
0.0
0.0
0.0
0.0
0.0
0.0
0.0
0.0
0.0
0.0
0.0
0.0
0.0
0.0
0.0
0.0
0.0
0.0
0.0
0.0
0.0
0.0
0.0
0.0
0.0
0.0
0.0
0.0
0.0
0.0
0.0
0.0
0.0
0.0
0.0
0.0
0.0
0.0
0.0
0.0
0.0
0.0
0.0
0.0
0.0
0.0
0.0
0.0
0.0
0.0
0.0
0.0
0.0
0.0
0.0
0.0
0.0
0.0
0.0
0.0
0.0
0.0
0.0
0.0
0.0
0.0
0.0
0.0
0.0
0.0
0.0
0.0
0.0
0.0
0.0
0.0
0.0
0.0
0.0
0.0
0.0
0.0
0.0
0.0
0.0
0.0
0.0
0.0
0.0
0.0
0.0
0.0
0.0
0.0
0.0
0.0
0.0
0.0
0.0
0.0
0.0
0.0
0.0
0.0
0.0
0.0
0.0
0.0
0.0
0.0
0.0
0.0
0.0
0.0
0.0
0.0
0.0
0.0
0.0
0.0
0.0
0.0
0.0
0.0
0.0
0.0
0.0
0.0
0.0
0.0
0.0
0.0
0.0
0.0
0.0
0.0
0.0
0.0
0.0
0.0
0.0
0.0
0.0
0.0
0.0
0.0
0.0
0.0
0.0
0.0
0.0
0.0
0.0
0.0
0.0
0.0
0.0
0.0
0.0
0.0
0.0
0.0
0.0
0.0
0.0
0.0
0.0
0.0
0.0
0.0
0.0
0.0
0.0
0.0
0.0
0.0
0.0
0.0
0.0
0.0
0.0
0.0
0.0
0.0
0.0
0.0
0.0
0.0
0.0
0.0
0.0
0.0
0.0
0.0
0.0
0.0
0.0
0.0
0.0
0.0
0.0
0.0
0.0
0.0
0.0
0.0
0.0
0.0
0.0
0.0
0.0
0.0
0.0
0.0
0.0
0.0
0.0
0.0
0.0
0.0
0.0
0.0
0.0
0.0
0.0
0.0
0.0
0.0
0.0
0.0
0.0
0.0
0.0
0.0
0.0
0.0
0.0
0.0
0.0
0.0
0.0
0.0
0.0
0.0
0.0
0.0
0.0
0.0
0.0
0.0
0.0
0.0
0.0
0.0
0.0
0.0
0.0
0.0
0.0
0.0
0.0
0.0
0.0
0.0
0.0
0.0
0.0
0.0
0.0
0.0
0.0
0.0
0.0
0.0
0.0
0.0
0.0
0.0
0.0
0.0
0.0
0.0
0.0
0.0
0.0
0.0
0.0
0.0
0.0
0.0
0.0
0.0
0.0
0.0
0.0
0.0
0.0
0.0
0.0
0.0
0.0
0.0
0.0
0.0
0.0
0.0
0.0
0.0
0.0
0.0
0.0
0.0
0.0
0.0
0.0
0.0
0.0
0.0
0.0
0.0
0.0
0.0
0.0
0.0
0.0
0.0
0.0
0.0
0.0
0.0
0.0
0.0
0.0
0.0
0.0
0.0
0.0
0.0
0.0
0.0
0.0
0.0
0.0
0.0
0.0
0.0
0.0
0.0
0.0
0.0
0.0
0.0
0.0
0.0
0.0
0.0
0.0
0.0
0.0
0.0
0.0
0.0
0.0
0.0
0.0
0.0
0.0
0.0
0.0
0.0
0.0
0.0
0.0
0.0
0.0
0.0
0.0
0.0
0.0
0.0
0.0
0.0
0.0
0.0
0.0
0.0
0.0
0.0
0.0
0.0
0.0
0.0
0.0
0.0
0.0
0.0
0.0
0.0
0.0
0.0
0.0
0.0
0.0
0.0
0.0
0.0
0.0
0.0
0.0
0.0
0.0
0.0
0.0
0.0
0.0
0.0
0.0
0.0
0.0
0.0
0.0
0.0
0.0
0.0
0.0
0.0
0.0
0.0
0.0
0.0
0.0
0.0
0.0
0.0
0.0
0.0
0.0
0.0
0.0
0.0
0.0
0.0
0.0
0.0
0.0
0.0
0.0
0.0
0.0
0.0
0.0
0.0
0.0
0.0
0.0
0.0
0.0
0.0
0.0
0.0
0.0
0.0
0.0
0.0
0.0
0.0
0.0
0.0
0.0
0.0
0.0
0.0
0.0
0.0
0.0
0.0
0.0
0.0
0.0
0.0
0.0
0.0
0.0
0.0
0.0
0.0
0.0
0.0
0.0
0.0
0.0
0.0
0.0
0.0
0.0
0.0
0.0
0.0
0.0
0.0
0.0
0.0
0.0
0.0
0.0
0.0
0.0
0.0
0.0
0.0
0.0
0.0
0.0
0.0
0.0
0.0
0.0
0.0
0.0
0.0
0.0
0.0
0.0
0.0
0.0
0.0
0.0
0.0
0.0
0.0
0.0
0.0
0.0
0.0
0.0
0.0
0.0
0.0
0.0
0.0
0.0
0.0
0.0
0.0
0.0
0.0
0.0
0.0
0.0
0.0
0.0
0.0
0.0
0.0
0.0
0.0
0.0
0.0
0.0
0.0
0.0
0.0
0.0
0.0
0.0
0.0
0.0
0.0
0.0
0.0
0.0
0.0
0.0
0.0
0.0
0.0
0.0
0.0
0.0
0.0
0.0
0.0
0.0
0.0
0.0
0.0
0.0
0.0
0.0
0.0
0.0
0.0
0.0
0.0
0.0
0.0
0.0
0.0
0.0
0.0
0.0
0.0
0.0
0.0
0.0
0.0
0.0
0.0
0.0
0.0
0.0
0.0
0.0
0.0
0.0
0.0
0.0
0.0
0.0
0.0
0.0
0.0
0.0
0.0
0.0
0.0
0.0
0.0
0.0
0.0
0.0
0.0
0.0
0.0
0.0
0.0
0.0
0.0
0.0
0.0
0.0
0.0
0.0
0.0
0.0
0.0
0.0
0.0
0.0
0.0
0.0
0.0
0.0
0.0
0.0
0.0
0.0
0.0
0.0
0.0
0.0
0.0
0.0
0.0
0.0
0.0
0.0
0.0
0.0
0.0
0.0
0.0
0.0
0.0
0.0
0.0
0.0
0.0
0.0
0.0
0.0
0.0
0.0
0.0
0.0
0.0
0.0
0.0
0.0
0.0
0.0
0.0
0.0
0.0
0.0
0.0
0.0
0.0
0.0
0.0
0.0
0.0
0.0
0.0
0.0
0.0
0.0
0.0
0.0
0.0
0.0
0.0
0.0
0.0
0.0
0.0
0.0
0.0
0.0
0.0
0.0
0.0
0.0
0.0
0.0
0.0
0.0
0.0
0.0
0.0
0.0
0.0
0.0
0.0
0.0
0.0
0.0
0.0
0.0
0.0
0.0
0.0
0.0
0.0
0.0
0.0
0.0
0.0
0.0
0.0
0.0
0.0
0.0
0.0
0.0
0.0
0.0
0.0
0.0
0.0
0.0
0.0
0.0
0.0
0.0
0.0
0.0
0.0
0.0
0.0
0.0
0.0
0.0
0.0
0.0
0.0
0.0
0.0
0.0
0.0
0.0
0.0
0.0
0.0
0.0
0.0
0.0
0.0
0.0
0.0
0.0
0.0
0.0
0.0
0.0
0.0
0.0
0.0
0.0
0.0
0.0
0.0
0.0
0.0
0.0
0.0
0.0
0.0
0.0
0.0
0.0
0.0
0.0
0.0
0.0
0.0
0.0
0.0
0.0
0.0
0.0
0.0
0.0
0.0
0.0
0.0
0.0
0.0
0.0
0.0
0.0
0.0
0.0
0.0
0.0
0.0
0.0
0.0
0.0
0.0
0.0
0.0
0.0
0.0
0.0
0.0
0.0
0.0
0.0
0.0
0.0
0.0
0.0
0.0
0.0
0.0
0.0
0.0
0.0
0.0
0.0
0.0
0.0
0.0
0.0
0.0
0.0
0.0
0.0
0.0
0.0
0.0
0.0
0.0
0.0
0.0
0.0
0.0
0.0
0.0
0.0
0.0
0.0
0.0
0.0
0.0
0.0
0.0
0.0
0.0
0.0
0.0
0.0
0.0
0.0
0.0
0.0
0.0
0.0
0.0
0.0
0.0
0.0
0.0
0.0
0.0
0.0
0.0
0.0
0.0
0.0
0.0
0.0
0.0
0.0
0.0
0.0
0.0
0.0
0.0
0.0
0.0
0.0
0.0
0.0
0.0
0.0
0.0
0.0
0.0
0.0
0.0
0.0
0.0
0.0
0.0
0.0
0.0
0.0
0.0
0.0
0.0
0.0
0.0
0.0
0.0
0.0
0.0
0.0
0.0
0.0
0.0
0.0
0.0
0.0
0.0
0.0
0.0
0.0
0.0
0.0
0.0
0.0
0.0
0.0
0.0
0.0
0.0
0.0
0.0
0.0
0.0
0.0
0.0
0.0
0.0
0.0
0.0
0.0
0.0
0.0
0.0
0.0
0.0
0.0
0.0
0.0
0.0
0.0
0.0
0.0
0.0
0.0
0.0
0.0
0.0
0.0
0.0
0.0
0.0
0.0
0.0
0.0
0.0
0.0
0.0
0.0
0.0
0.0
0.0
0.0
0.0
0.0
0.0
0.0
0.0
0.0
0.0
0.0
0.0
0.0
0.0
0.0
0.0
0.0
0.0
0.0
0.0
0.0
0.0
0.0
0.0
0.0
0.0
0.0
0.0
0.0
0.0
0.0
0.0
0.0
0.0
0.0
0.0
0.0
0.0
0.0
0.0
0.0
0.0
0.0
0.0
0.0
0.0
0.0
0.0
0.0
0.0
0.0
0.0
0.0
0.0
0.0
0.0
0.0
0.0
0.0
0.0
0.0
0.0
0.0
0.0
0.0
0.0
0.0
0.0
0.0
0.0
0.0
0.0
0.0
0.0
0.0
0.0
0.0
0.0
0.0
0.0
0.0
0.0
0.0
0.0
0.0
0.0
0.0
0.0
0.0
0.0
0.0
0.0
0.0
0.0
0.0
0.0
0.0
0.0
0.0
0.0
0.0
0.0
0.0
0.0
0.0
0.0
0.0
0.0
0.0
0.0
0.0
0.0
0.0
0.0
0.0
0.0
0.0
0.0
0.0
0.0
0.0
0.0
0.0
0.0
0.0
0.0
0.0
0.0
0.0
0.0
0.0
0.0
0.0
0.0
0.0
0.0
0.0
0.0
0.0
0.0
0.0
0.0
0.0
0.0
0.0
0.0
0.0
0.0
0.0
0.0
0.0
0.0
0.0
0.0
0.0
0.0
0.0
0.0
0.0
0.0
0.0
0.0
0.0
0.0
0.0
0.0
0.0
0.0
0.0
0.0
0.0
0.0
0.0
0.0
0.0
0.0
0.0
0.0
0.0
0.0
0.0
0.0
0.0
0.0
0.0
0.0
0.0
0.0
0.0
0.0
0.0
0.0
0.0
0.0
0.0
0.0
0.0
0.0
0.0
0.0
0.0
0.0
0.0
0.0
0.0
0.0
0.0
0.0
0.0
0.0
0.0
0.0
0.0
0.0
0.0
0.0
0.0
0.0
0.0
0.0
0.0
0.0
0.0
0.0
0.0
0.0
0.0
0.0
0.0
0.0
0.0
0.0
0.0
0.0
0.0
0.0
0.0
0.0
0.0
0.0
0.0
0.0
0.0
0.0
0.0
0.0
0.0
0.0
0.0
0.0
0.0
0.0
0.0
0.0
0.0
0.0
0.0
0.0
0.0
0.0
0.0
0.0
0.0
0.0
0.0
0.0
0.0
0.0
0.0
0.0
0.0
0.0
0.0
0.0
0.0
0.0
0.0
0.0
0.0
0.0
0.0
0.0
0.0
0.0
0.0
0.0
0.0
0.0
0.0
0.0
0.0
0.0
0.0
0.0
0.0
0.0
0.0
0.0
0.0
0.0
0.0
0.0
0.0
0.0
0.0
0.0
0.0
0.0
0.0
0.0
0.0
0.0
0.0
0.0
0.0
0.0
0.0
0.0
0.0
0.0
0.0
0.0
0.0
0.0
0.0
0.0
0.0
0.0
0.0
0.0
0.0
0.0
0.0
0.0
0.0
0.0
0.0
0.0
0.0
0.0
0.0
0.0
0.0
0.0
0.0
0.0
0.0
0.0
0.0
0.0
0.0
0.0
0.0
0.0
0.0
0.0
0.0
0.0
0.0
0.0
0.0
0.0
0.0
0.0
0.0
0.0
0.0
0.0
0.0
0.0
0.0
0.0
0.0
0.0
0.0
0.0
0.0
0.0
0.0
0.0
0.0
0.0
0.0
0.0
0.0
0.0
0.0
0.0
0.0
0.0
0.0
0.0
0.0
0.0
0.0
0.0
0.0
0.0
0.0
0.0
0.0
0.0
0.0
0.0
0.0
0.0
0.0
0.0
0.0
0.0
0.0
0.0
0.0
0.0
0.0
0.0
0.0
0.0
0.0
0.0
0.0
0.0
0.0
0.0
0.0
0.0
0.0
0.0
0.0
0.0
0.0
0.0
0.0
0.0
0.0
0.0
0.0
0.0
0.0
0.0
0.0
0.0
0.0
0.0
0.0
0.0
0.0
0.0
0.0
0.0
0.0
0.0
0.0
0.0
0.0
0.0
0.0
0.0
0.0
0.0
0.0
0.0
0.0
0.0
0.0
0.0
0.0
0.0
0.0
0.0
0.0
0.0
0.0
0.0
0.0
0.0
0.0
0.0
0.0
0.0
0.0
0.0
0.0
0.0
0.0
0.0
0.0
0.0
0.0
0.0
0.0
0.0
0.0
0.0
0.0
0.0
0.0
0.0
0.0
0.0
0.0
0.0
0.0
0.0
0.0
0.0
0.0
0.0
0.0
0.0
0.0
0.0
0.0
0.0
0.0
0.0
0.0
0.0
0.0
0.0
0.0
0.0
0.0
0.0
0.0
0.0
0.0
0.0
0.0
0.0
0.0
0.0
0.0
0.0
0.0
0.0
0.0
0.0
0.0
0.0
0.0
0.0
0.0
0.0
0.0
0.0
0.0
0.0
0.0
0.0
0.0
0.0
0.0
0.0
0.0
0.0
0.0
0.0
0.0
0.0
0.0
0.0
0.0
0.0
0.0
0.0
0.0
0.0
0.0
0.0
0.0
0.0
0.0
0.0
0.0
0.0
0.0
0.0
0.0
0.0
0.0
0.0
0.0
0.0
0.0
0.0
0.0
0.0
0.0
0.0
0.0
0.0
0.0
0.0
0.0
0.0
0.0
0.0
0.0
0.0
0.0
0.0
0.0
0.0
0.0
0.0
0.0
0.0
0.0
0.0
0.0
0.0
0.0
0.0
0.0
0.0
0.0
0.0
0.0
0.0
0.0
0.0
0.0
0.0
0.0
0.0
0.0
0.0
0.0
0.0
0.0
0.0
0.0
0.0
0.0
0.0
0.0
0.0
0.0
0.0
0.0
0.0
0.0
0.0
0.0
0.0
0.0
0.0
0.0
0.0
0.0
0.0
0.0
0.0
0.0
0.0
0.0
0.0
0.0
0.0
0.0
0.0
0.0
0.0
0.0
0.0
0.0
0.0
0.0
0.0
0.0
0.0
0.0
0.0
0.0
0.0
0.0
0.0
0.0
0.0
0.0
0.0
0.0
0.0
0.0
0.0
0.0
0.0
0.0
0.0
0.0
0.0
0.0
0.0
0.0
0.0
0.0
0.0
0.0
0.0
0.0
0.0
0.0
0.0
0.0
0.0
0.0
0.0
0.0
0.0
0.0
0.0
0.0
0.0
0.0
0.0
0.0
0.0
0.0
0.0
0.0
0.0
0.0
0.0
0.0
0.0
0.0
0.0
0.0
0.0
0.0
0.0
0.0
0.0
0.0
0.0
0.0
0.0
0.0
0.0
0.0
0.0
0.0
0.0
0.0
0.0
0.0
0.0
0.0
0.0
0.0
0.0
0.0
0.0
0.0
0.0
0.0
0.0
0.0
0.0
0.0
0.0
0.0
0.0
0.0
0.0
0.0
0.0
0.0
0.0
0.0
0.0
0.0
0.0
0.0
0.0
0.0
0.0
0.0
0.0
0.0
0.0
0.0
0.0
0.0
0.0
0.0
0.0
0.0
0.0
0.0
0.0
0.0
0.0
0.0
0.0
0.0
0.0
0.0
0.0
0.0
0.0
0.0
0.0
0.0
0.0
0.0
0.0
0.0
0.0
0.0
0.0
0.0
0.0
0.0
0.0
0.0
0.0
0.0
0.0
0.0
0.0
0.0
0.0
0.0
0.0
0.0
0.0
0.0
0.0
0.0
0.0
0.0
0.0
0.0
0.0
0.0
0.0
0.0
0.0
0.0
0.0
0.0
0.0
0.0
0.0
0.0
0.0
0.0
0.0
0.0
0.0
0.0
0.0
0.0
0.0
0.0
0.0
0.0
0.0
0.0
0.0
0.0
0.0
0.0
0.0
0.0
0.0
0.0
0.0
0.0
0.0
0.0
0.0
0.0
0.0
0.0
0.0
0.0
0.0
0.0
0.0
0.0
0.0
0.0
0.0
0.0
0.0
0.0
0.0
0.0
0.0
0.0
0.0
0.0
0.0
0.0
0.0
0.0
0.0
0.0
0.0
0.0
0.0
0.0
0.0
0.0
0.0
0.0
0.0
0.0
0.0
0.0
0.0
0.0
0.0
0.0
0.0
0.0
0.0
0.0
0.0
0.0
0.0
0.0
0.0
0.0
0.0
0.0
0.0
0.0
0.0
0.0
0.0
0.0
0.0
0.0
0.0
0.0
0.0
0.0
0.0
0.0
0.0
0.0
0.0
0.0
0.0
0.0
0.0
0.0
0.0
0.0
0.0
0.0
0.0
0.0
0.0
0.0
0.0
0.0
0.0
0.0
0.0
0.0
0.0
0.0
0.0
0.0
0.0
0.0
0.0
0.0
0.0
0.0
0.0
0.0
0.0
0.0
0.0
0.0
0.0
0.0
0.0
0.0
0.0
0.0
0.0
0.0
0.0
0.0
0.0
0.0
0.0
0.0
0.0
0.0
0.0
0.0
0.0
0.0
0.0
0.0
0.0
0.0
0.0
0.0
0.0
0.0
0.0
0.0
0.0
0.0
0.0
0.0
0.0
0.0
0.0
0.0
0.0
0.0
0.0
0.0
0.0
0.0
0.0
0.0
0.0
0.0
0.0
0.0
0.0
0.0
0.0
0.0
0.0
0.0
0.0
0.0
0.0
0.0
0.0
0.0
0.0
0.0
0.0
0.0
0.0
0.0
0.0
0.0
0.0
0.0
0.0
0.0
0.0
0.0
0.0
0.0
0.0
0.0
0.0
0.0
0.0
0.0
0.0
0.0
0.0
0.0
0.0
0.0
0.0
0.0
0.0
0.0
0.0
0.0
0.0
0.0
0.0
0.0
0.0
0.0
0.0
0.0
0.0
0.0
0.0
0.0
0.0
0.0
0.0
0.0
0.0
0.0
0.0
0.0
0.0
0.0
0.0
0.0
0.0
0.0
0.0
0.0
0.0
0.0
0.0
0.0
0.0
0.0
0.0
0.0
0.0
0.0
0.0
0.0
0.0
0.0
0.0
0.0
0.0
0.0
0.0
0.0
0.0
0.0
0.0
0.0
0.0
0.0
0.0
0.0
0.0
0.0
0.0
0.0
0.0
0.0
0.0
0.0
0.0
0.0
0.0
0.0
0.0
0.0
0.0
0.0
0.0
0.0
0.0
0.0
0.0
0.0
0.0
0.0
0.0
0.0
0.0
0.0
0.0
0.0
0.0
0.0
0.0
0.0
0.0
0.0
0.0
0.0
0.0
0.0
0.0
0.0
0.0
0.0
0.0
0.0
0.0
0.0
0.0
0.0
0.0
0.0
0.0
0.0
0.0
0.0
0.0
0.0
0.0
0.0
0.0
0.0
0.0
0.0
0.0
0.0
0.0
0.0
0.0
0.0
0.0
0.0
0.0
0.0
0.0
0.0
0.0
0.0
0.0
0.0
0.0
0.0
0.0
0.0
0.0
0.0
0.0
0.0
0.0
0.0
0.0
0.0
0.0
0.0
0.0
0.0
0.0
0.0
0.0
0.0
0.0
0.0
0.0
0.0
0.0
0.0
0.0
0.0
0.0
0.0
0.0
0.0
0.0
0.0
0.0
0.0
0.0
0.0
0.0
0.0
0.0
0.0
0.0
0.0
0.0
0.0
0.0
0.0
0.0
0.0
0.0
0.0
0.0
0.0
0.0
0.0
0.0
0.0
0.0
0.0
0.0
0.0
0.0
0.0
0.0
0.0
0.0
0.0
0.0
0.0
0.0
0.0
0.0
0.0
0.0
0.0
0.0
0.0
0.0
0.0
0.0
0.0
0.0
0.0
0.0
0.0
0.0
0.0
0.0
0.0
0.0
0.0
0.0
0.0
0.0
0.0
0.0
0.0
0.0
0.0
0.0
0.0
0.0
5.172335939249089e-7
1.4011982688094294e-6
3.4189568977227534e-7
0.0
0.0
0.0
0.0
0.0
0.0
0.0
0.0
0.0
0.0
0.0
0.0
0.0
0.0
0.0
0.0
0.0
0.0
0.0
0.0
0.0
0.0
0.0
0.0
0.0
0.0
0.0
0.0
0.0
0.0
0.0
0.0
0.0
0.0
0.0
0.0
0.0
0.0
0.0
0.0
0.0
0.0
0.0
0.0
0.0
0.0
0.0
0.0
0.0
0.0
0.0
0.0
0.0
0.0
0.0
0.0
0.0
0.0
0.0
0.0
0.0
0.0
0.0
0.0
0.0
0.0
0.0
0.0
0.0
0.0
0.0
0.0
0.0
0.0
0.0
0.0
0.0
0.0
0.0
0.0
0.0
0.0
0.0
0.0
0.0
0.0
0.0
0.0
0.0
0.0
0.0
0.0
0.0
0.0
0.0
0.0
0.0
0.0
0.0
0.0
0.0
0.0
0.0
0.0
0.0
0.0
0.0
0.0
0.0
0.0
0.0
0.0
0.0
0.0
0.0
0.0
0.0
0.0
0.0
0.0
0.0
0.0
0.0
0.0
0.0
0.0
0.0
0.0
0.0
0.0
0.0
0.0
0.0
0.0
0.0
0.0
0.0
0.0
0.0
0.0
0.0
0.0
0.0
0.0
0.0
0.0
0.0
0.0
0.0
0.0
0.0
0.0
0.0
0.0
0.0
0.0
0.0
0.0
0.0
0.0
0.0
0.0
0.0
0.0
0.0
0.0
0.0
0.0
0.0
0.0
0.0
0.0
0.0
0.0
0.0
0.0
0.0
0.0
0.0
0.0
0.0
0.0
0.0
0.0
0.0
0.0
0.0
0.0
0.0
0.0
0.0
0.0
0.0
0.0
0.0
0.0
0.0
0.0
0.0
0.0
0.0
0.0
0.0
0.0
0.0
0.0
0.0
0.0
0.0
0.0
0.0
0.0
0.0
0.0
0.0
0.0
0.0
0.0
0.0
0.0
0.0
0.0
0.0
0.0
0.0
0.0
0.0
0.0
0.0
0.0
0.0
0.0
0.0
0.0
0.0
0.0
0.0
0.0
0.0
0.0
0.0
0.0
0.0
0.0
0.0
0.0
0.0
0.0
0.0
0.0
0.0
0.0
0.0
0.0
0.0
0.0
0.0
0.0
0.0
0.0
2.678191516416449e-6
2.412836284916808e-5
3.517437750024751e-5
3.448512016924867e-5
2.3763767064488817e-5
4.186736502299252e-6
0.0
0.0
0.0
0.0
0.0
0.0
0.0
0.0
0.0
0.0
0.0
0.0
0.0
0.0
2.986390594387698e-6
2.60859049614477e-5
6.400732454706006e-5
0.00010354339869560195
0.00013574373702448877
0.00015842954718906042
0.00014313640823698827
0.00010925094462021966
6.831054308094653e-5
1.288016886147423e-5
0.0
0.0
0.0
0.0
0.0
0.0
0.0
0.0
0.0
0.0
0.0
0.0
0.0
0.0
0.0
7.429805051134797e-7
1.1222531658270873e-5
4.7156118572345655e-5
0.0001047367416573565
0.00016303996359472056
0.00016509158588602795
0.00013081806973593357
8.281855717698576e-5
1.4774940316316293e-5
0.0
0.0
0.0
0.0
0.0
0.0
0.0
0.0
0.0
0.0
0.0
0.0
0.0
0.0
0.0
0.0
5.083950983493374e-7
9.261543709973952e-6
2.6739555592789246e-5
4.450087170655149e-5
5.697200928195402e-5
7.02632804150429e-5
9.0846329428341e-5
5.68044153830607e-5
4.851071012210497e-6
0.0
0.0
0.0
0.0
0.0
0.0
0.0
0.0
0.0
0.0
0.0
0.0
0.0
0.0
3.6202932470808053e-6
3.035510589367262e-5
7.138794068838413e-5
0.00010921058813418318
0.0001419445684540322
0.000143844702412677
0.00013511494390352802
0.00011503146222264309
4.344012573320726e-5
3.21878674560916e-6
0.0
0.0
0.0
0.0
0.0
0.0
0.0
0.0
0.0
0.0
0.0
0.0
0.0
0.0
2.2109709562916883e-6
2.6648907119917623e-5
6.678849264445276e-5
0.00010831902767230912
0.00013921800220519304
0.00014049307182138393
0.00012805588708415068
0.00010609905075618071
3.423613931237373e-5
8.806043815287612e-7
0.0
0.0
0.0
0.0
0.0
0.0
0.0
0.0
0.0
0.0
0.0
0.0
0.0
0.0
8.28587237339756e-8
1.0952842336803342e-5
4.6339061988989765e-5
9.782747009567466e-5
0.00014603474219848135
0.00015678259145081978
0.00014523494365426454
0.00011722681380044553
3.876512335427436e-5
1.8013374391208085e-6
0.0
0.0
0.0
0.0
0.0
0.0
0.0
0.0
0.0
0.0
0.0
0.0
0.0
0.0
2.55092808871979e-6
2.6158732301646723e-5
6.822737855516131e-5
0.00011634435169232607
0.0001546483865051882
0.00016113540644883192
0.00015512445800871643
0.00013254354167301901
4.737265781520641e-5
2.992006737992785e-6
0.0
0.0
0.0
0.0
0.0
0.0
0.0
0.0
0.0
0.0
0.0
0.0
0.0
0.0
0.0
2.1789447794133456e-6
2.3825041565714486e-5
6.752749496923817e-5
0.00011635236763617687
0.00011883893535938427
9.406319827656065e-5
6.136308229595795e-5
7.887892111022488e-6
0.0
0.0
0.0
0.0
0.0
0.0
0.0
0.0
0.0
0.0
0.0
0.0
0.0
0.0
0.0
0.0
0.0
0.0
1.4811114428593311e-6
1.3600191893556148e-5
1.7132201276253078e-5
1.1627993222862055e-5
3.557763842853646e-6
0.0
0.0
0.0
0.0
0.0
0.0
0.0
0.0
0.0
0.0
0.0
0.0
0.0
0.0
0.0
0.0
0.0
0.0
2.132765659016489e-7
1.2411224120512978e-5
3.759014813714515e-5
4.5244481121753036e-5
3.688563586537491e-5
2.1249350124321516e-5
1.3994437709845183e-6
0.0
0.0
0.0
0.0
0.0
0.0
0.0
0.0
0.0
0.0
0.0
0.0
0.0
0.0
0.0
0.0
7.825239023280332e-7
1.8492023141674122e-5
5.394133952927669e-5
9.167427577648009e-5
9.733314872665329e-5
8.538272526384596e-5
6.387981681673483e-5
1.0964302403368753e-5
0.0
0.0
0.0
0.0
0.0
0.0
0.0
0.0
0.0
0.0
0.0
0.0
0.0
0.0
0.0
0.0
0.0
0.0
2.2370428771008737e-7
3.0393698619300925e-6
7.271616698558579e-6
1.5225687685293522e-5
2.104297185419334e-5
2.5091273794113515e-6
0.0
0.0
0.0
0.0
0.0
0.0
0.0
0.0
0.0
0.0
0.0
0.0
0.0
0.0
0.0
0.0
0.0
0.0
1.1230253754428036e-5
4.291139978087034e-5
5.269464093493926e-5
3.9791431162267834e-5
1.8983257575757477e-5
1.315745401585824e-6
0.0
0.0
0.0
0.0
0.0
0.0
0.0
0.0
0.0
0.0
0.0
0.0
0.0
0.0
0.0
0.0
0.0
0.0
2.799296948018895e-7
7.926410959430643e-6
1.4220990288258479e-5
1.6657051998600968e-5
1.8342306363969646e-5
2.94984994999432e-6
0.0
0.0
0.0
0.0
0.0
0.0
0.0
0.0
0.0
0.0
0.0
0.0
0.0
0.0
0.0
0.0
5.081985281376503e-6
3.2078943255325376e-5
7.486760671373845e-5
0.00011369533382175838
0.00011698817933734434
0.00010147701053651847
7.64268227566259e-5
2.100740793824428e-5
6.604554724803789e-7
0.0
0.0
0.0
0.0
0.0
0.0
0.0
0.0
0.0
0.0
0.0
0.0
0.0
0.0
0.0
1.2660532596036001e-6
1.9824630673004918e-5
6.32486028251628e-5
0.00012147913600766738
0.00016320641567184568
0.00019935884655962076
0.0002040540789715195
0.00011145820358641628
2.493402412293638e-5
7.919196587164341e-7
0.0
0.0
0.0
0.0
0.0
0.0
0.0
0.0
0.0
0.0
0.0
8.474391560873339e-7
1.9394875046604486e-5
6.398694328093296e-5
0.00011450801855180581
0.0001625716406165089
0.00020843753313050953
0.00024825095003753745
0.0002506558773903155
0.0002408422776204374
0.00021496305652238072
0.00010884601214694425
2.5450018477550296e-5
1.0283597537276718e-6
0.0
0.0
0.0
0.0
0.0
0.0
0.0
0.0
0.0
0.0
0.0
0.0
4.805134814028387e-7
1.3180311144400667e-5
4.876085139952801e-5
9.077603030726276e-5
0.0001354870509960207
0.00017064903565040338
0.00016207731699999922
0.00013624347907468723
9.521270121057381e-5
2.9028312627576967e-5
2.7572544174392492e-6
0.0
0.0
0.0
0.0
0.0
0.0
0.0
0.0
0.0
0.0
0.0
0.0
4.519799325965538e-6
3.981227853792291e-5
6.927805177457417e-5
9.396683542465086e-5
0.00012493049312653303
0.00016107858277895608
0.00018778022521491686
0.0001909591808574496
0.00019434056259126767
0.0001916597932484523
9.377976059041049e-5
1.5008321190851652e-5
0.0
0.0
0.0
0.0
0.0
0.0
0.0
0.0
0.0
0.0
0.0
0.0
0.0
1.7447868397236692e-6
1.473278180719781e-5
4.272647390373043e-5
6.923210096446094e-5
9.00935851784155e-5
0.00010054832534647976
9.81952111327272e-5
0.0001011203111814286
0.0001090682665570927
5.4286985378661095e-5
2.8472053161983085e-6
0.0
0.0
0.0
0.0
0.0
0.0
0.0
0.0
0.0
0.0
0.0
0.0
0.0
0.0
0.0
0.0
0.0
0.0
0.0
5.918074380564376e-7
1.5162777155910822e-6
1.4585892636854964e-6
2.636976771277809e-7
0.0
0.0
0.0
0.0
0.0
0.0
0.0
0.0
0.0
0.0
0.0
0.0
0.0
0.0
0.0
0.0
0.0
2.8651656468952793e-6
2.3963103624824264e-5
5.712781139152479e-5
6.537748496936089e-5
4.308102312911723e-5
1.5374623340299735e-5
1.6765472960681233e-6
0.0
0.0
0.0
0.0
0.0
0.0
0.0
0.0
0.0
0.0
0.0
0.0
0.0
0.0
2.1737118351674865e-7
1.74481892831916e-5
6.566934213751291e-5
0.000104298860484593
0.00012480585964058007
0.00013638527640070486
0.00013393939544659568
0.0001211997465365119
9.075957455629865e-5
3.1435088441756644e-5
2.1164275617842857e-6
0.0
0.0
0.0
0.0
0.0
0.0
0.0
0.0
0.0
0.0
0.0
0.0
0.0
6.065995437925747e-6
4.6517310317841724e-5
9.963160584924159e-5
0.0001436387405337271
0.00017398916174000747
0.00019659431775806923
0.00020226643737165137
0.00019262602077603776
0.00017522232638330235
8.248771491409399e-5
6.27110726468866e-6
0.0
0.0
0.0
0.0
0.0
0.0
0.0
0.0
0.0
0.0
0.0
0.0
4.463915050822039e-7
2.2523148189811423e-5
8.379969919972511e-5
0.00015026906508629597
0.00020772562118269208
0.00026654904679223115
0.00032634235454074905
0.000347336729284628
0.0003300296333392052
0.0002808811239219771
0.00017209680995385903
4.8680521901072985e-5
5.148196752183623e-6
0.0
0.0
0.0
0.0
0.0
0.0
0.0
0.0
0.0
0.0
0.0
3.0698041259150377e-6
3.526666829424337e-5
9.052782522471541e-5
0.00014861494784062227
0.000198371467789449
0.0002491340831674868
0.0002950146081657193
0.0003165552876078815
0.00031072157329309797
0.0002828042044754844
0.0001661327966911555
3.782156848855839e-5
1.8956730302094716e-6
0.0
0.0
0.0
0.0
0.0
0.0
0.0
0.0
0.0
0.0
0.0
0.0
0.0
6.9086594826752706e-6
4.0087692984028435e-5
8.409656051455785e-5
0.00013420589084942538
0.00017843808259452928
0.00018499075750156443
0.0001585492464936203
0.000128470124191519
4.78922466527588e-5
1.830276743274233e-7
0.0
0.0
0.0
0.0
0.0
0.0
0.0
0.0
0.0
0.0
0.0
0.0
0.0
0.0
0.0
6.439116147637198e-6
3.68911554034645e-5
7.333156403402475e-5
0.00010607791921983227
0.00011188310567716651
9.655953329072576e-5
7.02762681287141e-5
1.2115950509581803e-5
0.0
0.0
0.0
0.0
0.0
0.0
0.0
0.0
0.0
0.0
0.0
0.0
0.0
0.0
0.0
1.575202335891776e-5
7.031347252871001e-5
0.00012004782830174978
0.00014850168416992234
0.00016851427889753818
0.00017696554149127457
0.00017606340526153203
0.00015898232370902237
7.376413927780308e-5
9.03340772720191e-6
0.0
0.0
0.0
0.0
0.0
0.0
0.0
0.0
0.0
0.0
0.0
0.0
0.0
6.684166639334563e-6
5.099100025222318e-5
0.00011165238699811188
0.0001604628174681605
0.0001933393666865288
0.0002182161315600726
0.00023164813353712704
0.00023058986432845073
0.00021356070985285112
0.00011979825189305029
2.6098839904745285e-5
5.338072184839387e-7
0.0
0.0
0.0
0.0
0.0
0.0
0.0
0.0
0.0
0.0
0.0
0.0
7.725417821077849e-6
5.3658619573626074e-5
0.00011307680328605875
0.00016938275436487228
0.0002150722524672818
0.0002622482146674689
0.0002707053395575452
0.00024510335398998255
0.00021740385082418836
0.00016316230669467224
8.442395030971325e-5
1.6037136052489254e-5
0.0
0.0
0.0
0.0
0.0
0.0
0.0
0.0
0.0
0.0
0.0
0.0
7.666695388406677e-6
5.653522182168041e-5
0.00012497634410256497
0.00017795412081106075
0.00021266529491598745
0.00024683931453147763
0.0002568323859804279
0.00024311163198458626
0.0002230629336376522
0.00012663787506294458
2.0861600526359393e-5
0.0
0.0
0.0
0.0
0.0
0.0
0.0
0.0
0.0
0.0
0.0
0.0
0.0
1.4106058619694912e-5
6.764208026076951e-5
0.00013488159608661388
0.0001962028488145366
0.00025662163571367317
0.000314381654030582
0.00032046449929537155
0.00027307580929931296
0.0002088875676450596
9.485608914923204e-5
1.4159909621497512e-5
0.0
0.0
0.0
0.0
0.0
0.0
0.0
0.0
0.0
0.0
0.0
0.0
0.0
1.1090785539612095e-6
2.09205877652668e-5
6.333562983872199e-5
0.00010742888990309493
0.0001442376437867625
0.00017413638720625754
0.00019190594891482982
0.0001959872898022932
0.0001912323766417454
0.00011929170005105001
3.0337835770212455e-5
1.8210410914371527e-6
0.0
0.0
0.0
0.0
0.0
0.0
0.0
0.0
0.0
0.0
0.0
0.0
2.1171385019377101e-7
1.8453784737460574e-5
7.10131183368865e-5
0.00011586701465745681
0.00014181150542123854
0.0001589605110534329
0.00016886507488262528
0.000172550885615216
0.00016723445988257843
0.00010246951257025033
3.1296725919520336e-5
4.152818132131545e-6
0.0
0.0
0.0
0.0
0.0
0.0
0.0
0.0
0.0
0.0
1.6273762804985926e-6
2.5879627557942533e-5
7.441244974993565e-5
0.00012785837181992363
0.00017410249136960286
0.00020443291416450047
0.00022630598875367363
0.0002394369451464284
0.0002321794127338783
0.00020877070838396322
0.00019130110121812888
0.00015248223667302686
7.986334111092133e-5
1.93617017839495e-5
1.2714974237761217e-7
0.0
0.0
0.0
0.0
0.0
0.0
0.0
0.0
0.0
8.372937779919775e-7
2.239402288027652e-5
6.437058409246234e-5
9.639554143154311e-5
0.00012705304080641648
0.00014517474412668798
0.00014722364438395322
0.00015139641491910213
0.0001520831773752376
0.00014910012994508767
0.00015006967613342552
0.00013685898924670347
9.308204703586209e-5
3.972761920441878e-5
1.6659199134910202e-5
4.901614359438877e-6
0.0
0.0
0.0
0.0
0.0
0.0
0.0
3.559898406257375e-6
2.195169795737991e-5
7.056169992327879e-5
0.00012388159907096618
0.00016571031104118457
0.00019868705061659283
0.00022384246472333732
0.00023814134338924435
0.0002461446804918986
0.00024204648334454336
0.00022816209562189226
0.0002250232918136724
0.00020984391886221917
0.00015677263576171325
0.00010790334363849418
5.923507439213238e-5
2.0165278636103534e-5
4.847543826888782e-6
1.5566855378430588e-7
0.0
0.0
7.981409297490833e-7
7.1144108990043045e-6
2.9910288304314175e-5
6.494385187518844e-5
0.00010682222473753013
0.00016134442386954274
0.00022182863798659073
0.00028198180991200595
0.00033914302246475556
0.00038907324511593697
0.00043197672461778416
0.00046801120696180506
0.0004847449416094455
0.0004802818005382175
0.00045235385504071126
0.00031730697293252724
0.00015489483545250144
6.190705191905253e-5
3.0585176540422525e-5
1.3750753036325024e-5
9.229490282788677e-7
0.0
0.0
0.0
0.0
4.1061086514023516e-7
1.1952325368829054e-5
3.924197239103404e-5
7.888984826800165e-5
0.00015885505883772162
0.00023971536764389018
0.00029451764596538497
0.00033957226015585097
0.0003979694832257996
0.00046005362907903033
0.0005144682009478237
0.0005408571371462182
0.0005354117270834487
0.0005110265133378889
0.00036106317085902426
0.00016846574288959017
6.084052527553724e-5
2.489682684324395e-5
7.181916822092351e-6
0.0
0.0
0.0
0.0
0.0
0.0
2.2353449990432778e-6
1.908857938828947e-5
4.358318064292616e-5
8.701445980621188e-5
0.00015551355966306153
0.00022809385093311711
0.0002853643507309081
0.0003201261275232685
0.00034345225228065503
0.00035833866099682583
0.0003406268627665298
0.00030529931770157184
0.00027788565407031935
0.00021875748321760455
0.00012640028929742286
4.3333213562131744e-5
4.317105617455046e-6
0.0
0.0
0.0
0.0
0.0
0.0
0.0
0.0
0.0
0.0
2.2391045052751925e-6
1.7811366388117636e-5
3.49917534419841e-5
5.401632759494603e-5
7.415794427369326e-5
8.442015951355851e-5
9.773999423590333e-5
0.0001069649400159389
0.00011000282140480982
0.00011953895281743596
0.00010908315518984512
6.326329306007211e-5
1.847190766872376e-5
3.1794339396359964e-6
0.0
0.0
0.0
0.0
0.0
0.0
0.0
1.2806260453349884e-6
1.1144054080395127e-5
4.2319092449953975e-5
9.621595617288155e-5
0.00013616246308256264
0.00016078171915149048
0.00017639699366196353
0.00020640525933560155
0.0002557134133833582
0.0003089736795333796
0.0003499324144209355
0.0003669322533107262
0.000383823933292314
0.0003555120262438988
0.00027875963614454227
0.00018913449563442907
9.652582445161127e-5
4.549568086844378e-5
1.786486224442644e-5
6.575998519686926e-6
5.6769493486570906e-6
4.578516162716593e-6
3.2267877130448487e-6
4.64947792803068e-6
1.0183185007876219e-5
2.8074327409742095e-5
7.507261285643607e-5
0.00016889258189180654
0.00025800627458582735
0.00030392790943468566
0.00036090551704710854
0.0004207840417342325
0.00048280679141894764
0.0005418232831779239
0.0005803935772444838
0.0005996914364298271
0.0006065898714498543
0.0005144308633271451
0.0003624564269595775
0.0002461927638101039
0.00017961933788024204
0.00014810980172111663
0.00011986188203235393
0.00010144984084601446
9.80577683315576e-5
0.00010207153118738835
0.00014225548872014312
0.00020029264410150106
0.00026594239709850606
0.00031921351562031705
0.00036857600891879253
0.0004513425625065495
0.00054794422437897
0.0006478739845002568
0.0007295519049216722
0.0007942856753044474
0.0008472006233149347
0.0008976899728456722
0.0009128880479289217
0.0008931664235236076
0.0008460550068744764
0.000669962476607628
0.00045464279352923473
0.0002986680770532326
0.00020197476394381015
0.00013545028133843357
8.693867612968787e-5
6.77609123605724e-5
7.121291662577638e-5
8.34597262387907e-5
0.000135733573393857
0.00021353394936807736
0.00030869366197067773
0.0003784877772182738
0.00043611490103143846
0.0005030484758200477
0.0005508591157169846
0.0005656600224869762
0.0005772006608561394
0.000598040521431527
0.0006192671936335535
0.0006585119429755174
0.0006477133229627079
0.0006366211252806021
0.0005725681871769614
0.0003949632767642853
0.0002226919398987427
9.747227851207674e-5
4.157847922979364e-5
1.940712766222891e-5
3.002987077856975e-6
0.0
0.0
0.0
0.0
2.9719366711460632e-6
2.717463317700074e-5
5.7622341288372697e-5
9.019597478417795e-5
0.00016196691047321718
0.000259576974218991
0.00034473038323647523
0.00041405223093590466
0.0004953686379800296
0.0005734051925315238
0.0005942785729290036
0.0006163624019867573
0.0006510859185482099
0.0006460584292586884
0.0004927667253468213
0.0002721309088069849
0.0001279351889827658
6.88172671326655e-5
3.0496846032513558e-5
1.0549399348933979e-5
6.200236799514818e-7
0.0
0.0
2.1646749844185136e-7
8.712119227594108e-6
3.3520474156828896e-5
5.3600305232712696e-5
0.00011550833920643106
0.00019391521709387845
0.00026190529345791015
0.00036214265805091744
0.0004639700350742535
0.0005464807170060384
0.0005710001194828744
0.0006130038082533021
0.0007023052385951749
0.0007178221205438063
0.0006471506847898524
0.00042102415784584586
0.00020998425548370974
9.448048470438178e-5
4.405748741213462e-5
1.478638796632321e-5
6.874229177019085e-7
0.0
0.0
0.0
0.0
3.256596115382726e-6
2.8374081587270373e-5
5.1854302327236645e-5
7.101218233944445e-5
8.660843609594093e-5
0.0001339304997250824
0.00023381213154582606
0.00035164856911845026
0.0004622499261002402
0.0005466521059029124
0.0006262372557796598
0.0006662477960410727
0.0005967787580534708
0.0004931829223942675
0.00028292408556601737
0.00010783991274391331
4.861856089640605e-5
2.2310111484817456e-5
5.554419606203213e-6
0.0
0.0
0.0
0.0
0.0
4.0887189583079345e-7
1.0371021343264912e-5
3.2331270729752675e-5
5.5807271439130324e-5
0.00010595752097898649
0.00020061836433857993
0.0002944216737855701
0.0003850290407478088
0.0004896957277065816
0.0005553410412301957
0.0006179780190414329
0.0006536621313156836
0.0006245772723289709
0.0005904939107886646
0.00040011970934284796
0.00016495378693939512
6.390836828909736e-5
2.0513705452581715e-5
9.967435975383762e-7
0.0
0.0
0.0
0.0
0.0
3.7205049357161414e-6
2.79054039065481e-5
6.571387807231684e-5
0.0001279975272397425
0.00018995014926393531
0.0002684570822356854
0.0003570680154799031
0.00045008497229080804
0.0005140448809911128
0.0006017892566572428
0.0006519324047204038
0.0006637151910608836
0.0006651028378866771
0.0006463150992615879
0.0004853127222960868
0.0002581786053757286
9.97791353127121e-5
3.2641426634867836e-5
4.207103094607884e-6
0.0
0.0
0.0
0.0
0.0
1.4464261036322983e-7
4.09376406464842e-6
1.6874671798002042e-5
5.568283850079187e-5
0.00010385969651717263
0.00015208287181454707
0.00020905543971134414
0.00023042116241783043
0.0002520449779501651
0.0004062529508192992
0.0005650621313202618
0.0005274385190596475
0.0004571258384611229
0.0004343933774426941
0.00030303610852413685
0.00012449011043415815
4.7137654674308274e-5
1.8353492803721596e-5
3.3044050514229603e-6
0.0
0.0
0.0
0.0
0.0
3.392974499909448e-7
1.748009068896605e-5
4.370914291561522e-5
8.45358292996205e-5
0.00015899662939542804
0.0002526008218356308
0.00032545849651439545
0.0003944405950245506
0.0004788750683024437
0.0005450966475953013
0.0005823645518385954
0.0005622960533478326
0.000528876290085875
0.0005213104497377697
0.00041122713620104064
0.00018274704609935253
3.828934402422382e-5
2.5417470993808747e-6
0.0
0.0
0.0
0.0
0.0
0.0
0.0
0.0
1.4096715677326985e-5
4.2252119774406405e-5
8.632618505103558e-5
0.00017346181812325808
0.0002610978983381285
0.0003057720857881813
0.000395223277935698
0.0005048796035496822
0.000515714982047782
0.0005300286033899917
0.0005641106297919645
0.0005507749166625678
0.00038945535688626645
0.00018252734672509455
6.884516523738153e-5
1.6241979131768352e-5
5.2139580250284195e-8
0.0
0.0
0.0
0.0
0.0
0.0
0.0
1.1387193236391631e-5
3.503910450244659e-5
7.413480641432002e-5
0.00012245551469069598
0.00020071537886437696
0.00027358390829270866
0.0003411040514345997
0.00041672792665533605
0.00046124863684330654
0.0004307235619539741
0.0004235387171236809
0.00044301592326878255
0.00034895788981802926
0.00017006648368898507
5.960513382735909e-5
1.5817821304908436e-5
3.5227199663798316e-7
0.0
0.0
0.0
0.0
0.0
0.0
0.0
4.450234599372513e-6
2.321299958733821e-5
5.944363690818441e-5
0.0001115639432526226
0.00016148259182769493
0.0002128570269042599
0.00026789767627671384
0.00031456735773410403
0.0003586969275678443
0.00041390890925909737
0.0004346614884638814
0.0003949269260841166
0.0002745953834922956
0.00011929145813662203
4.189549064518255e-5
1.104734548335559e-5
0.0
0.0
0.0
0.0
0.0
0.0
0.0
0.0
0.0
4.0276370212274987e-7
9.059769758359692e-6
1.5968837349078903e-5
3.756115110837219e-5
6.223840113712903e-5
8.80001577808657e-5
0.00012046872784386158
0.00013790297925024927
0.00013672374621541308
0.00011618339651554617
0.00010828246028866809
0.00011963670354222328
9.491676954158578e-5
3.0839595429735615e-5
1.7530270835572309e-6
0.0
0.0
0.0
0.0
0.0
0.0
1.2969010542679998e-6
4.527675769195322e-5
8.146390588963914e-5
6.631702744960561e-5
8.287749195495636e-5
0.00011022832708363428
0.00014094674365143915
0.0001621788237988758
0.00015829332640264701
0.0001711391500796411
0.0002159255198328034
0.0002355332312713078
0.0002223754011073406
0.0002111035979391785
0.0001462009413191708
4.978682488549527e-5
1.4331891819450562e-5
1.6012140523526858e-6
0.0
0.0
0.0
0.0
0.0
0.0
0.0
0.0
0.0
0.0
0.0
1.779136451755726e-6
3.113788859004285e-5
6.18296775419759e-5
9.06386941152116e-5
0.0001522182954917803
0.0002062403599145896
0.000237476446942116
0.00024015255092268116
0.00022683700629718673
0.00016693929639857345
7.789828770385724e-5
3.0114728320997685e-5
1.4889486716528518e-5
5.932356693091814e-6
0.0
0.0
0.0
0.0
0.0
5.293723693816067e-7
9.230635768939959e-6
2.9762839281381068e-5
6.259008908191659e-5
0.00010330665202494746
0.00015707595124404128
0.00021074782507042085
0.00026345967056079234
0.00031861049969171703
0.0003496713966682252
0.0003811739257125914
0.00037782706842813107
0.00035283383581246545
0.0003560403771914142
0.0003353281491959551
0.0002580829992759267
0.00018292398134131413
0.00012979404628806694
0.00012044067049319987
0.00019835603249588541
0.0003161845370862918
0.00036177148894277677
0.0003723977832795351
0.0003592796374397442
0.0003457247241716404
0.0003503738387101297
0.00037951605229511154
0.00041053955982842127
0.00044326802956756153
0.00044723107941359866
0.0004624449686713361
0.0004754896522620005
0.0004869519330919632
0.0004944027336347458
0.000494607202953465
0.00047810418372765004
0.0004809253841190365
0.00048030739910411767
0.00044029132057554613
0.0003781594436083258
0.0003179948308600565
0.000232401760659083
0.00016666395556585252
9.667942955994782e-5
6.591267297168827e-5
7.271756446729004e-5
0.0001159181903566876
0.00016090729977461007
0.00020366880736294348
0.00028780747085737295
0.0003661107194701183
0.0004085091375404244
0.0004885914031633003
0.0005665311769603521
0.0006614562366719322
0.0007287697096177668
0.0007747285074346629
0.0008581987176851698
0.0009357739801509862
0.0009793187224577005
0.000952737837730423
0.0008929131237759742
0.0007738103931592209
0.0005449443903610651
0.00037560126774868654
0.000311558755938657
0.00023735996164352772
0.00019131178102190456
0.00015712924394695204
0.00012794340224957397
0.00012808833638522623
0.0001848806127583097
0.0002566518308817107
0.0003238239526768116
0.000391123531943188
0.00045563515309175235
0.0005580797643386292
0.0006660504193393846
0.0007538129380990278
0.0008318692910680192
0.0009295450637494757
0.0010199838987307523
0.0010818820597164186
0.0010997134568960364
0.0010798430855726167
0.001076609470754293
0.0008898428072224034
0.0006110602631137393
0.0004390376556469616
0.00035656727052877057
0.0002912286151540176
0.00022774776659551012
0.0001802801987504258
0.00016072121683186833
0.0001649844716364401
0.0002188460907691606
0.000285337109479074
0.00033037681164988045
0.00038424941963230284
0.00047848201810432367
0.0005976648283574645
0.0007262687877080077
0.0008158371056557032
0.0009033965231329776
0.0009999182623674683
0.0010277697606908204
0.0010511016851405977
0.0010846414290991637
0.0010583749324798559
0.0010328318928951332
0.0008337151639494509
0.0005916817076984823
0.0004192164378696131
0.00026869913503075883
0.0001780241359343071
0.0001397184915941064
9.7769747007043e-5
6.872074519767152e-5
6.257359124754853e-5
8.006452167025414e-5
0.00010270386735963527
0.00011829832758790403
0.00012704987249937346
0.0001606321343762649
0.00022416812059756314
0.00028200468045056187
0.00029877163688380365
0.0002944469665953459
0.00032465590388622203
0.0003654698048630745
0.0004443464402451362
0.0004987694659271293
0.0004252585472788572
0.00038050174365758966
0.00035882052639487646
0.00042400416022251355
0.0005354474282720739
0.0006358194380644865
0.0007475237759824277
0.0008097509523161568
0.0008602638242547713
0.0008946883209680361
0.000836799249788889
0.000728330552034516
0.0007363259857631678
0.0007688076135376948
0.0007974664454843375
0.0008131381344263839
0.0008234992981068611
0.000832525082093205
0.0008840760688729692
0.0009250020518302655
0.000980829356728567
0.0010711624626947773
0.0011648145965031278
0.001223827749927686
0.0012428139411173361
0.0012707770764184508
0.0012125856988466452
0.0011123168275947524
0.0009914856836976155
0.0008602587025872535
0.0007879369378105696
0.0009040674576691171
0.0009806939126610777
0.0008091619315622833
0.0009372409177122048
0.0010158956357747893
0.0008904411788304553
0.0009151672284095913
0.001002418077796398
0.0010858940715834375
0.0011597360550285145
0.0012413402539253426
0.0013394958171497181
0.00136301383167557
0.0013907124034040431
0.0014319382482033281
0.0014412009855315324
0.0014205583567111243
0.0013816729455686536
0.0014113892924147871
0.0012787321654522364
0.001040868943592457
0.0008185043224812684
0.0006932021204911099
0.0006473606966101284
0.0006001193953326579
0.0005397651923547396
0.0004976518502592579
0.000538301756315132
0.0006840066977172518
0.0008296963884455706
0.0009604750034594287
0.001078227177973078
0.0011599728572349304
0.001254416533292689
0.0013944724324212775
0.0015303377626012195
0.0016556391206432389
0.001770244824905533
0.0018485007675378713
0.0019247204489727793
0.0019211700702233571
0.001898069346848309
0.0019034471062106578
0.001664482693913731
0.00125449177496624
0.00095384760054392
0.0008196540668085528
0.000707225218468037
0.0006189208709970431
0.0005452286354166681
0.000498062961142987
0.0005127658865437771
0.0006188046540290133
0.0007199851860077264
0.0007983039250915015
0.0009116915294616471
0.0010308027917393832
0.0010755106453914176
0.0011238370297809008
0.001188673727961453
0.001312366162229503
0.0014531293276824689
0.0015358434532314331
0.0015447936704727314
0.0015353621431909961
0.0014976062183632434
0.0014305149282010825
0.0013110067748003113
0.0010390892735729748
0.000697339272831839
0.0005162165748557288
0.00041770900447808386
0.00032258710153384757
0.00024352021421598317
0.0001932233675294293
0.0001830717791027708
0.0002717705928849412
0.00037166184226180676
0.00048312670411371293
0.0005917984868643075
0.0006926919422778953
0.0007888091867130256
0.0009016242310638229
0.0010225435100513906
0.0011501022583608007
0.0012684807081896528
0.001348103287215225
0.001390907094520086
0.0014398974195227283
0.0014316672190303164
0.0013672513285054341
0.001171829378454638
0.0009164757444299234
0.0006507748655174284
0.00048336071031440686
0.0004100336153619882
0.0003446063026652139
0.00027473156307475697
0.00021445931853571952
0.0002114985450499875
0.0002903183779015922
0.0004312296474584404
0.0005525360237316661
0.0006307912986319757
0.00071335203115081
0.0008627212038475563
0.0010139564872434787
0.0011238258767016923
0.0012329124399306647
0.0013309426643160595
0.001379269961381222
0.001450159757885865
0.0014927006478218264
0.001471018155028078
0.0014195348055940941
0.0011102314516122818
0.0007615938748025117
0.0005599589909234533
0.00042785782644209105
0.0003236145172558511
0.00023424862728863407
0.000181588421685256
0.000155520132817147
0.00016041473985010674
0.0002296797078878868
0.0003209268347042003
0.0004275068710481969
0.0005214305226139701
0.0006050871154397518
0.0007516760470791667
0.0008709737538195361
0.0009681113530524813
0.0010560123965671856
0.001159029289340297
0.0012588533618133311
0.0013252644307525936
0.0013678746329016955
0.0013388547051545725
0.0012310711649542623
0.0010452096828684591
0.0007575092592920375
0.000525618704013462
0.00039466995674183484
0.00029871762586409204
0.00021056230035165467
0.00011141343446655919
7.332804902748379e-5
7.515144911064228e-5
0.00011020964006538259
0.00018608497492714405
0.00024342573384723615
0.00026853403307522237
0.00029816387214273607
0.00033697234062131593
0.0004740366497796257
0.0006854283884533487
0.000813766203172097
0.000861858346514646
0.0009031384720648103
0.0009285967080533385
0.0009400065155690198
0.0009313672126005303
0.0009465666511600088
0.0009361878098441003
0.0009091735966713165
0.0008802177754332977
0.0007205243340192762
0.0006611334123398012
0.0006150056763654358
0.0006034917094935391
0.0006003671395498166
0.0006649616321060919
0.0006704520280899077
0.0005672158172663851
0.0005639911116219319
0.000584801538243794
0.000603047965731285
0.0006719860495936304
0.0007559996683117497
0.000791632925789011
0.0008438317536741502
0.0009218848354076495
0.0009227748137354842
0.0009243964765336597
0.0008864520219650078
0.0007799307669509046
0.0008177448606842779
0.0008854593096445455
0.0008337231594704734
0.0007921979485795144
0.0006808920150933904
0.00043459233618070467
0.000318597175701682
0.00022457382506678008
0.00022639089736294424
0.0002909388201703747
0.0003048575254431716
0.0003094689337729027
0.00035185814414426307
0.0004145862950637979
0.0005083160939243771
0.0006163239650511542
0.0006893902666739686
0.000780664952973429
0.0008862872035512912
0.0009930906844644889
0.0011069355738766971
0.0011842706580178187
0.0012227732544798544
0.0012398950456672126
0.0012634716316922393
0.001061998478047698
0.0007441805123991707
0.0005183678758584812
0.0003836103349367392
0.0002651549484698705
0.0001891362276987379
0.00013183740977649905
7.873860439040596e-5
6.747713624828698e-5
8.598776432277452e-5
0.00014904115197625516
0.00023133678826772327
0.0003044817937383685
0.00038098856493018127
0.0004842407189144764
0.0005855834403970528
0.0006921920979506935
0.0007870833472953185
0.0008608960632312927
0.0009257435187376809
0.0009857927297372959
0.0010037162113979991
0.0009852563191013388
0.0009733055636291381
0.0007982535061118063
0.000528489467384656
0.0003330527278837427
0.00021173352695374995
0.00014028725703891403
8.008999401851478e-5
3.245027277875706e-5
1.1084304314312135e-5
6.182737259615919e-6
1.5959403311776185e-5
4.371365033481154e-5
9.74618274960945e-5
0.00015337280214903435
0.00021321330640247936
0.00028872805313553566
0.0003683432880208221
