0.0
0.0
0.0
3.996480873929297e-5
6.444512410710642e-5
0.00014706331927203368
0.00017984348142868
2.3792693977917248e-5
0.0
0.0
0.0
0.0
0.0
0.0
0.0
0.0
0.0
0.0
0.0
0.0
0.0
0.0
0.0
0.0
0.0
0.0
0.0
0.0
0.0
0.0
0.005551275237521786
0.002359970249660684
0.0007849562065071768
0.0003470003347486814
0.000124710597832981
0.0
0.0
2.3125924180751143e-5
8.428213175476556e-5
0.00016345355477325008
0.00018412290871440483
0.0002645041294467978
0.00036800649221628703
0.0005225995938023603
0.0005116769637091457
0.0
0.0
0.0
0.0
0.0
0.0
0.0
0.0
0.0
0.0030493712627426414
0.0015835671516351228
0.0005535927020376098
0.00037294758350678726
0.00020868905751831682
1.7187162654562636e-5
7.842530896051383e-6
8.658520242691194e-6
1.463610123988055e-6
8.805897907381439e-5
0.00015401437510492602
0.0002339574975836682
0.0003203913352734649
0.000401773779032666
0.00044514288389884625
0.0
0.0
0.0
0.0
0.0
0.0
0.0
0.0
0.0
0.003150113713251187
0.0013897918416643348
0.00042166650907960514
0.00022874073273277732
8.493943760233168e-5
2.489924979393911e-7
0.0
7.076620257323554e-7
8.638610489847176e-6
9.122046900534003e-5
0.00013320244874818321
0.00016527045721552057
0.00022166877528259543
0.0002618616560191898
0.0002982617561640893
0.0
0.0
0.0
0.0
0.0
0.0
0.0
0.0
0.0
0.0027554270549976644
0.0014790387525510046
0.0011685376903335187
0.001252789019434356
0.0011706557203020741
0.0007963307969924514
0.0008047333581702107
0.0010322741002768753
0.0010078914432789536
0.0007404198016544644
0.0005525957709740266
0.0006525251699326017
0.0007729042187240606
0.000919529950679118
0.000988837723469575
0.0
0.0
0.0
0.0
0.0
0.0
0.0
0.0
0.0
0.006418547995824368
0.00353062813985271
0.0014464415178564883
0.0005666743809591789
0.000307505889102233
3.9504458542224725e-5
2.5645029051896223e-6
9.505903525633081e-5
0.0001240321390821883
0.0001833022726303579
0.00022764285364265137
0.0003261265334313194
0.00043574199403070184
0.0004841309744102062
0.0005472345979693485
0.0
0.0
0.0
0.0
0.0
0.0
0.0
0.0
0.0
0.0
0.0
0.0
0.0
0.0
0.0
0.0
0.0
0.0
0.0
0.0
0.0
0.0
0.0
0.0
0.0
0.0
0.0
0.0
0.0
0.0
0.0
0.0
0.0
0.0
0.0
0.0
0.0
0.0
0.0
0.0
0.0
0.0
0.0
0.0
0.0
0.0
0.0
0.0
0.0
0.0
0.0
0.0
0.0
0.0
0.0
0.0
0.0
0.004817185997766563
0.0025974908402118992
0.0008474379911101602
0.000341271494603306
0.0001960598059448433
0.0
0.0
6.0121070686806644e-5
7.374395581671301e-5
0.000129929874784233
0.00017933201517237696
0.00021596228369530728
0.0002649109217819246
0.00031209894425862216
0.0003626667956803085
0.0
0.0
0.0
0.0
0.0
0.0
0.0
0.0
0.0
0.004248546281432714
0.0015613146979352014
0.00028588672573932997
6.36272434889046e-5
0.0
3.014916339376576e-8
0.0
8.088125214146402e-7
1.839655214249797e-6
5.021536250805788e-5
0.00012440121648780214
0.00021235624025851046
0.0002819648912029468
0.0003333278299123205
0.0003621662900594372
0.0
0.0
0.0
0.0
0.0
0.0
0.0
0.0
0.0
0.0035533240409106304
0.001981271935901762
0.0008987553216885785
0.0005793118051702449
0.00023665571152023108
4.0772541754284156e-7
0.0
7.107464453478305e-5
7.354297384129272e-5
0.0001292870191785923
0.00017830984400953712
0.00022702338515075875
0.00028034243118081696
0.0003057535220180676
0.00033804469190606935
0.0
0.0
0.0
0.0
0.0
0.0
0.0
0.0
0.0
0.0035454158105195847
0.001976984302940926
0.0006067182140752119
0.00025064334486212724
0.00011455256532298222
0.0
0.0
2.5138406892773122e-5
6.652846138029253e-5
0.0001463770339895707
0.00017315562087646017
0.00014889617452398864
0.00016282289108251688
0.00020830756529118894
0.00026500464351290334
0.0
0.0
0.0
0.0
0.0
0.0
0.0
0.0
0.0
0.0032698096722405764
0.0014381939032359701
0.00033954416644934796
0.00010904570242179245
7.696362125018662e-6
3.44601921217413e-7
5.97629863594084e-9
4.250564032272967e-7
5.153147718726351e-7
4.454014576439991e-6
7.069944736745472e-5
0.0001752833103791048
0.00027120862226348504
0.0003645325896952064
0.00040312595947149515
0.0
0.0
0.0
0.0
0.0
0.0
0.0
0.0
0.0
0.0
0.0
0.0
0.0
0.0
0.0
0.0
0.0
0.0
0.0
0.0
0.0
0.0
0.0
0.0
0.0
0.0
0.0
0.0
0.0
0.0
0.0
0.0
0.0
0.0
0.0
0.0
0.0
0.0
0.0
0.0
0.0
0.0
0.0
0.0
0.0
0.0
0.0
0.0
0.0
0.0
0.0
0.0
0.0
0.0
0.0
0.0
0.0
0.0
0.0
0.0
0.0
0.0
0.0
0.0
0.0
0.0
0.0
0.0
0.0
0.0
0.0
0.0
0.0
0.0
0.0
0.0
0.0
0.0
0.0
0.0
0.0
0.004916271579543481
0.001814331091751345
0.0005811966601384143
0.0005835425889174945
0.0008118209880423513
0.00030566163965317026
0.0002079158356261575
0.00038330319908277103
0.000426370261333952
0.0005187681810216561
0.0006667495366327212
0.0013774867945172175
0.0016718640991529395
0.0015841453150510893
0.0013154559500387286
0.0
0.0
0.0
0.0
0.0
0.0
0.0
0.0
0.0
0.004331806445721312
0.001960547596497229
0.0006282011317816917
0.00034839408744804975
0.00026952493426299833
6.512766654499387e-5
1.2602724096380146e-5
0.00010858265349657995
0.00010483627313339632
0.0001609804866197797
0.00020851930482984033
0.0002850417178391112
0.00039846351749700407
0.0004574761880862242
0.0005068699301051786
0.0
0.0
0.0
0.0
0.0
0.0
0.0
0.0
0.0
0.0035366670562908885
0.001764925832098073
0.0006219510333390085
0.0002782028730016337
0.00014744475684303255
0.0
0.0
2.6799241134715133e-5
7.312692939515767e-5
0.00012832831998801835
0.0001699413431456242
0.00023296572694481531
0.0003242563642497967
0.0005006764227611745
0.0006178035630175232
0.0
0.0
0.0
0.0
0.0
0.0
1.1782130241478357e-5
9.148870430668066e-5
8.658002190014508e-5
0.0068906373332160795
0.0031184149545436116
0.001274281810630773
0.0006386052887207104
0.0002237330445251658
7.473959249945718e-7
0.0
6.413920438614853e-5
0.00010994089014970913
0.00017870345838917932
0.00021219815564252136
0.000310020099582449
0.0003581298460216267
0.00038374211099311445
0.0005931672807654297
0.0
0.0
0.0
0.0
0.0
0.0
1.2060428250609292e-5
6.299827758763159e-5
6.377076266283563e-5
0.00010368353189815537
0.0
0.0
0.0
0.0
0.0
0.0
0.0
0.0
0.0
0.0
0.0
0.0
0.0
0.0
0.0
0.0
0.0
0.0
0.0
0.0
0.0
0.0
0.0
2.6828968912527865e-5
8.291431475648685e-6
0.0
0.0
0.0
0.0
0.0
0.0
0.0
0.0
0.0
0.0
0.0
0.0
0.0
0.0
0.0
0.0
0.0
0.0
0.0
0.0
2.8378915420216445e-5
5.205788377671161e-5
0.005910463487883724
0.0024023281120621968
0.0007037120439437573
0.0002825394697061663
7.301570348874429e-5
2.9624647258119323e-7
0.0
1.3745412097956314e-6
2.460425225583385e-7
5.847082801463677e-5
0.00013556670267462877
0.00021183899561827348
0.00028492782752075204
0.00033739669740509847
0.0004034325556735619
0.0
0.0
0.0
0.0
0.0
0.0
0.0
0.0
0.0
0.00526624150280802
0.0015416917146189105
0.0003029562659421319
7.371438509646872e-5
0.0
0.0
2.6414391127037713e-8
3.927741894507885e-7
0.0
9.311956412536351e-7
6.82777581162681e-6
7.770176821091484e-5
8.705166361335622e-5
5.085306015711771e-5
2.376581756099026e-5
0.0
0.0
0.0
0.0
0.0
0.0
0.0
0.0
0.0
0.002128983898946758
0.0008894252305389733
0.00011008450436226271
2.54522509614354e-6
0.0
0.0
0.0
3.6467746114741016e-7
0.0
3.1972289200554496e-7
3.759240308018337e-7
0.0
1.0293753301058053e-6
9.68061766138839e-7
4.7240317924796e-6
0.0
0.0
0.0
0.0
0.0
0.0
0.0
0.0
0.0
0.0013725394912216338
0.0005369832108581687
4.846686693934394e-5
0.0
0.0
0.0
0.0
0.0
0.0
6.396356709410116e-7
1.1763572722301932e-6
1.405465619915688e-7
0.0
0.0
0.0
0.0
0.0
0.0
0.0
0.0
0.0
0.0
0.0
0.0
0.00148257931116531
0.000514711359882441
7.125885852725245e-5
1.2013460543985093e-5
0.0
1.620476940463191e-7
0.0
3.541821949987463e-7
0.0
9.02872944054188e-7
5.450776057339647e-6
8.550381283516242e-5
0.00012812412014043874
0.00011612291759531945
0.00012476971985537802
0.0
0.0
0.0
0.0
0.0
0.0
0.0
0.0
0.0
0.0
0.0
0.0
0.0
0.0
0.0
0.0
0.0
0.0
0.0
0.0
0.0
0.0
0.0
0.0
0.0
0.0
0.0
0.0
0.0
0.0
0.0
0.0
0.0
0.0
0.0
0.0
0.0
0.0
0.0
0.0
0.0
0.0
0.0
0.0
0.0
0.0
0.0
0.0
0.0
0.0
0.0
0.0
0.0
0.0
0.0
0.0
0.0
0.004888173479186897
0.0021774413267607326
0.0008015872529576797
0.0003386576452268095
0.00022728241229199358
5.687228647207033e-6
0.0
8.394723212312297e-5
0.00010799769797119708
0.00017434552967703228
0.00020944313477801695
0.0003284290272404374
0.00045006016914439875
0.00045267338661516025
0.0004962647869978592
0.0
0.0
0.0
0.0
0.0
0.0
0.0
0.0
0.0
0.004748060883796522
0.002053024018800825
0.0007629902145597197
0.0003581026410672436
0.00019220308404590782
1.6691262208056317e-6
3.7782133238009267e-6
0.00010541856838024033
0.00011919364112234409
0.0001787969562322391
0.00021772843521577912
0.00028579416522806644
0.00037964188670224955
0.00046281146931097825
0.0005358582096007453
0.0
0.0
0.0
0.0
0.0
0.0
0.0
0.0
0.0
0.0022547880291613003
0.0011679561455527942
0.00042928213648654544
0.00034849847768072195
0.0002964533804645169
5.824666946159097e-5
2.3582208431663993e-5
0.0001399789481303339
0.00012663344618550114
0.0001473498996146191
0.00017508838197141473
0.0002257237793582843
0.00030575485600824485
0.0003527905060291663
0.00038848976419214647
0.0
0.0
0.0
0.0
0.0
0.0
0.0
0.0
0.0
0.002335899155495222
0.0011061884941247222
0.0004065928798059144
0.00035837456095888525
0.00027675471485401034
3.8166168461971586e-5
1.7218801294502017e-5
0.0001259877142044286
0.0001484721571224732
0.00022656296209867634
0.00024302816960232573
0.0003435068015183819
0.00043467153768684603
0.0006175006883685259
0.0009131752425466179
0.0
0.0
0.0
0.0
0.0
0.0
0.0
0.0
0.0
0.006473884760132948
0.0031015231686211467
0.0008559389526489595
0.0003312964745133046
0.0001522367461244731
0.0
0.0
5.092493290724907e-5
7.900492248862912e-5
0.00013083843152619174
0.000128649899284663
0.0001715752568978162
0.00024595181779810046
0.0003634151588171708
0.00047558353494079285
0.0
0.0
0.0
0.0
0.0
0.0
0.0
0.0
0.0
0.0
0.0
0.0
0.0
0.0
0.0
0.0
0.0
0.0
0.0
0.0
0.0
0.0
0.0
0.0
0.0
0.0
0.0
0.0
0.0
0.0
0.0
0.0
0.0
0.0
0.0
0.0
0.0
0.0
0.0
0.0
0.0
0.0
0.0
0.0
0.0
0.0
0.0
0.0
0.0
0.0
0.0
0.0
0.0
0.0
0.0
0.0
0.0
0.0029343725180878398
0.0018944202816939923
0.0009304719640718708
0.00042317020980843885
0.0002043679062849396
2.159435891581518e-7
0.0
2.411693031179603e-5
6.305401988079093e-5
0.00012575828549808018
0.00015533203460779888
0.0002073095235306126
0.0002758636431667621
0.00034349238871501264
0.0003872671815235155
0.0
0.0
0.0
0.0
0.0
0.0
0.0
0.0
0.0
0.005230508779809421
0.0026206281742610204
0.0011252911888588117
0.0005100360192994052
0.00026284676518212714
7.495875932430133e-6
0.0
1.558189423904102e-5
6.167505071273514e-5
0.0001371429661351829
0.0001893369810223934
0.00022454299723914913
0.0002589073339890465
0.00032112662881552496
0.0003713131267617144
0.0
0.0
0.0
0.0
0.0
0.0
0.0
0.0
0.0
0.0019362115777109528
0.001198261491451945
0.0007254604503770182
0.0006316256826135597
0.0003581992325423611
7.370094013479146e-5
3.00076238243843e-5
0.0001827197148973058
0.00018524792594045794
0.00022523383019106835
0.00023057056447190862
0.00028191619955042545
0.0004595791873219433
0.0005801752447348335
0.0006364246412056532
0.0
0.0
0.0
0.0
0.0
0.0
0.0
0.0
0.0
0.005272039444596156
0.00298775540131681
0.0009504865728259177
0.00020125155080783045
6.271694741525919e-5
0.0
0.0
6.198302988139078e-7
0.0
6.999774194953924e-7
9.052081015911365e-6
0.00010879378694098713
0.0001888577628634993
0.00020867513382485475
0.00022113321795468735
0.0
0.0
0.0
0.0
0.0
0.0
0.0
0.0
0.0
0.002208003810120472
0.0009915418211770802
8.5614675507291e-5
0.0
0.0
0.0
0.0
1.8515703764505778e-7
0.0
8.71047718557818e-7
8.764045104485233e-7
2.076700579572681e-7
3.804622594377229e-5
6.915175422372214e-5
0.00011486064535866151
0.0
0.0
0.0
0.0
0.0
0.0
0.0
0.0
0.0
0.0
0.0
0.0
0.0
0.0
0.0
0.0
0.0
0.0
0.0
0.0
0.0
0.0
0.0
0.0
0.0
0.0
0.0
0.0
0.0
0.0
0.0
0.0
0.0
0.0
0.0
0.0
0.0
0.0
0.0
0.0
0.0
0.0
0.0
0.0
0.0
0.0
0.0
0.0
0.0
0.0
0.0
0.0
0.0
0.0
0.0
0.0
0.0
0.0018851566875460503
0.0006166950430511358
1.5532244189216532e-5
0.0
0.0
0.0
6.874173319226246e-8
6.956312732529735e-7
2.028282037899479e-7
1.324638772657481e-6
9.307355118816014e-7
1.004021321885817e-5
7.146365754041573e-5
0.00010032963327190634
0.00011280046729684448
0.0
0.0
0.0
0.0
0.0
0.0
0.0
0.0
0.0
0.0028057587348476283
0.0012795588521519563
0.00023214893790288253
0.00010823136089202049
6.98427771636762e-5
4.4598409643940574e-8
9.689051265641624e-8
1.5347741363786984e-6
4.169960818981966e-6
8.422386671549203e-5
0.0001608978533922167
0.00022080327627030925
0.0002430115583022604
0.00028227359443149604
0.0003187327986080646
0.0
0.0
0.0
0.0
0.0
0.0
0.0
0.0
0.0
0.0021284327870435935
0.0009970454373317357
0.0003691046435760087
0.00030936211026563997
0.00023961341675881074
9.038475443125181e-6
0.0
4.199290665681123e-5
9.273593846552762e-5
0.00015620216829924396
0.00018140620533498543
0.00024277451919087138
0.0003276656610259076
0.0003817080085140143
0.00040950231773525907
0.0
0.0
0.0
0.0
0.0
0.0
0.0
0.0
0.0
0.002227356690162596
0.0009890435823001686
0.0003294634792310388
0.00029115634205589244
0.00023759934625650523
7.903614999136848e-5
0.0001250242138981594
0.0003191822947164422
0.00030405315140881185
0.00033847175907795026
0.00040444616696697484
0.0005674990229984809
0.0006281682661413936
0.0006909183231274329
0.0007138300983501365
0.0
0.0
0.0
0.0
0.0
0.0
0.0
0.0
0.0
0.00402850143769485
0.001832741703103578
0.0005816828362187898
0.00026569792156830747
0.00018787903508611908
9.005353046888803e-7
0.0
4.1340240157072215e-5
6.96488213852933e-5
0.00012562961099420015
0.00015602379837916818
0.0002106148731812211
0.00030628590423524907
0.0003736962166532531
0.00041700634702100556
0.0
0.0
0.0
0.0
0.0
0.0
0.0
0.0
0.0
0.0
0.0
0.0
0.0
0.0
0.0
0.0
0.0
0.0
0.0
0.0
0.0
0.0
0.0
0.0
0.0
0.0
0.0
0.0
0.0
0.0
0.0
0.0
0.0
0.0
0.0
0.0
0.0
0.0
0.0
0.0
0.0
0.0
0.0
0.0
0.0
0.0
0.0
0.0
0.0
0.0
0.0
0.0
0.0
0.0
0.0
5.053338963210686e-5
7.575375763966131e-5
0.0001383857303861499
0.0
0.0
0.0
0.0
0.0
0.0
0.0
0.0
0.0
0.0
0.0
0.0
0.0
0.0
0.0
0.0
0.0
0.0
0.0
0.0
0.0
8.507796695121249e-5
9.441425984672563e-5
0.0069129188379272325
0.0031098386763832937
0.0008570076964539319
0.0003152618563794974
0.00015337478512864985
0.0
0.0
5.119612957162579e-5
7.928918244361922e-5
0.00013760250023714575
0.00018750519177311074
0.00024868530444515535
0.0003455625047657568
0.0005063433617181257
0.0005314434383955151
0.0
0.0
0.0
0.0
0.0
0.0
0.0
0.0
0.0
0.0044682737746763205
0.0018485754293345522
0.000553658396444648
0.00028687437623384427
0.0001803857315750281
0.0
0.0
0.00010288402831793106
0.0001232164699556382
0.00019158887464525035
0.00021202682904784552
0.00023984329945597589
0.00028810546120157273
0.000335484737397994
0.00039477415266499634
0.0
0.0
0.0
0.0
0.0
0.0
0.0
0.0
0.0
0.003575486473765608
0.0014731172667982947
0.000354119462668426
0.00016673566147382834
9.687291171762817e-5
0.0
0.0
1.0483118003264643e-6
2.762420543999469e-7
4.127888645177666e-5
5.676871069898282e-5
9.860192184110044e-5
0.00013122564563744664
0.00015828439389412448
0.00026172048720748845
0.0
0.0
0.0
0.0
0.0
0.0
0.0
0.0
0.0
0.005206825657625781
0.0016295065213320328
0.00036371968623420345
0.00014582953248353994
2.533580788366991e-5
2.8276826118390327e-7
0.0
1.0066091084961318e-6
2.3213487602278755e-7
5.466469390174163e-5
9.343378253795682e-5
0.00014799084802467324
0.00019889657997807666
0.00027618069891044693
0.00033357590301968
0.0
0.0
0.0
0.0
0.0
0.0
0.0
0.0
0.0
0.0
0.0
0.0
0.0
0.0
0.0
0.0
0.0
0.0
0.0
0.0
0.0
0.0
0.0
0.0
0.0
0.0
0.0
0.0
0.0
0.0
0.0
0.0
0.0
0.0
0.0
0.0
0.0
0.0
0.0
0.0
0.0
0.0
0.0
0.0
0.0
0.0
0.0
0.0
0.0
0.0
0.0
0.0
0.0
0.0
0.0
2.0034668154063647e-5
5.5543215495043535e-5
0.005924606002124138
0.0027043200303793766
0.0007606670111924386
0.0002929209721555119
0.00014033467546420932
0.0
0.0
8.782189449494922e-5
0.00012748873651531178
0.00019032176257566103
0.00021411039841629095
0.00028477608503782274
0.0004079994225747246
0.0004614525856161132
0.0005037031004661145
0.0
0.0
0.0
0.0
0.0
0.0
0.0
0.0
0.0
0.005085816714492538
0.0025460236938534397
0.0008308055958011097
0.0004025830436087382
0.0002817597134031834
6.151235517724284e-5
1.487615647153952e-5
0.00013725084413067086
0.00015220262285794712
0.00021787551923015732
0.00023055647496638174
0.00028112413898712964
0.00043051431549869244
0.0005660610657423072
0.0007565571923422623
0.0
0.0
0.0
0.0
0.0
0.0
0.0
0.0
0.0
0.004905693087989804
0.0022677659646243025
0.000604193059582402
0.00016926879968671854
6.886874526366672e-5
0.0
0.0
6.6400360319715645e-6
3.098031712502169e-5
8.358130591989633e-5
0.00011149825353275768
0.00016510169657444276
0.00021555556576150511
0.0002679184119442888
0.0002935018092612871
0.0
0.0
0.0
0.0
0.0
0.0
0.0
0.0
0.0
0.0017803748883148853
0.0009333641178181869
0.0003131612806881262
0.00019159612728756635
8.113415735020231e-5
2.2148174920552708e-7
0.0
7.21412587728236e-7
1.8271938484922335e-6
5.281375309133923e-5
9.569321704135508e-5
0.00016020836772279775
0.0001977416293922293
0.0002448357686674474
0.0002872152977933252
0.0
0.0
0.0
0.0
0.0
0.0
0.0
0.0
0.0
0.002817122990328754
0.0009483143711398874
0.00015352454916676254
6.455252012950492e-5
0.0
3.188199171471391e-7
0.0
3.8624341929637694e-7
5.387902789737893e-7
1.8459786857206413e-6
1.7587479329744047e-6
5.978760980787804e-5
0.00012588280200275106
0.00017519528564260132
0.00023744540896423558
0.0
0.0
0.0
0.0
0.0
0.0
0.0
0.0
0.0
0.0
0.0
0.0
0.0
0.0
0.0
0.0
0.0
0.0
0.0
0.0
0.0
0.0
0.0
0.0
0.0
0.0
0.0
0.0
0.0
0.0
0.0
0.0
0.0
0.0
0.0
0.0
0.0
0.0
0.0
0.0
0.0
0.0
0.0
0.0
0.0
0.0
0.0
0.0
0.0
0.0
0.0
0.0
0.0
0.0
0.0
0.0
0.0
0.0023462428305804387
0.0012587639019650846
0.0003228132435060083
0.00016074058011345452
3.717580672014525e-5
3.3670275726116793e-7
0.0
9.00615002127004e-6
3.3188441120639265e-5
9.045169132851687e-5
0.00011366069181426398
0.00016180524436473897
0.00025570181631537423
0.00030834140824646285
0.00033370700160316935
0.0
0.0
0.0
0.0
0.0
0.0
0.0
0.0
0.0
0.002034484262271584
0.0008157685037630624
0.00021663740479435002
0.00018920387098630542
0.00013105855191909244
1.4750483243348614e-6
0.0
3.29632561445228e-5
7.462651928725255e-6
9.506712338210697e-5
0.00012172979568150353
0.00013332273603415147
0.0001686853616272017
0.00022254439828712038
0.00025490603303927623
0.0
0.0
0.0
0.0
0.0
0.0
0.0
0.0
0.0
0.0020448679454647912
0.0006616792484232845
0.00010398863531585073
6.45285389648926e-5
4.247400587269702e-5
0.0
0.0
7.636354230254763e-7
3.1343509451276816e-6
5.330380312557885e-5
9.551864396777552e-5
0.00015884635135153487
0.00019547561391027192
0.00023854142677230222
0.0003122653724687248
0.0
0.0
0.0
0.0
0.0
0.0
0.0
0.0
0.0
0.0019133526738180637
0.0008072172877276099
0.00025234426197319926
0.0001683518134709398
3.006571740161231e-5
3.032302959528769e-7
0.0
8.489459462744525e-7
2.2721671178892357e-7
5.13631741946215e-5
0.00010013370880235761
0.0001352368568615019
0.0001651297450114691
0.00020612285829474354
0.0002754565622663058
0.0
0.0
0.0
0.0
0.0
0.0
0.0
0.0
0.0
0.002611613926547665
0.0009899638223100891
0.0002485979184241003
0.00015844326802057294
8.447831814552432e-5
0.0
0.0
1.0959872666499935e-6
2.57878593474713e-7
6.238274891648331e-5
0.0001124048026284206
0.0001664552022905842
0.0002173985740287575
0.0002934912012738606
0.00032723538763866964
0.0
0.0
0.0
0.0
0.0
0.0
0.0
0.0
0.0
0.0
0.0
0.0
0.0
0.0
0.0
0.0
0.0
0.0
0.0
0.0
0.0
0.0
0.0
0.0
0.0
0.0
0.0
0.0
0.0
0.0
0.0
0.0
0.0
0.0
0.0
0.0
0.0
0.0
0.0
0.0
0.0
0.0
0.0
0.0
0.0
0.0
0.0
0.0
0.0
0.0
0.0
0.0
0.0
0.0
0.0
0.0
0.0027450228213378555
0.0012390307184517693
0.00036005560149736826
0.00020143346139238328
8.593416957448391e-5
2.2976458583539474e-7
0.0
7.759334549781501e-7
0.0
8.137982228710857e-6
3.6516142540902964e-5
7.710639004720875e-5
0.00014065445744252343
0.00018910232141523982
0.00024176561882161983
0.0
0.0
0.0
0.0
0.0
0.0
0.0
0.0
0.0
0.003321488436841523
0.0014618281111578493
0.00040638572504817134
0.00028418022118393454
0.00014820875847223268
6.795684733128589e-7
0.0
3.332134900636557e-5
3.734444133691696e-5
7.976073533318658e-5
0.0001228531260612169
0.00017036556043750905
0.00022145832156060183
0.0003090963152504323
0.0003484880442479619
0.0
0.0
0.0
0.0
0.0
0.0
0.0
0.0
0.0
0.004280768986638936
0.0022098957028830074
0.0009350350883068785
0.00036443334897388077
0.0001775306752748091
0.0
0.0
6.02050140259444e-5
0.00010048613761803355
0.0001718250966946635
0.00018460299503743685
0.000194698637724892
0.00020755370276049167
0.00026196718888611437
0.0003180979792673247
0.0
0.0
0.0
0.0
0.0
0.0
0.0
0.0
0.0
0.004435749589474229
0.0020322154494841873
0.0005814460131150835
0.00019800394934220943
7.236107757570247e-5
0.0
0.0
1.0630460290154755e-6
2.2794624455120008e-7
3.273407886231502e-5
5.8164063472882224e-5
0.00012202406624254094
0.00017908146600558583
0.00023219876074101115
0.00025639552894350355
0.0
0.0
0.0
0.0
0.0
0.0
0.0
0.0
0.0
0.003740979005434719
0.0020138465644288085
0.0004923581625663307
0.00018962134130914586
7.898232919716785e-5
0.0
0.0
9.602667539266076e-7
2.627507046565107e-7
5.863883702986253e-7
1.6586229171133876e-5
6.723301742162259e-5
0.00014523871560871726
0.00020715451818383555
0.00026284108433470186
0.0
0.0
0.0
0.0
0.0
0.0
0.0
0.0
0.0
0.0
0.0
0.0
0.0
0.0
0.0
0.0
0.0
0.0
0.0
0.0
0.0
0.0
0.0
0.0
0.0
0.0
0.0
0.0
0.0
0.0
0.0
0.0
0.0
0.0
0.0
0.0
0.0
0.0
0.0
0.0
0.0
0.0
0.0
0.0
0.0
0.0
0.0
0.0
0.0
0.0
0.0
0.0
0.0
0.0
0.0
0.0
0.0
0.005256802546938405
0.00250041459169611
0.0007606925235315544
0.0003058923688066528
0.00015081450140512086
0.0
0.0
6.532302396463865e-6
1.841634790846843e-5
5.3652988257604725e-5
6.126418093522905e-5
4.838408481992141e-5
0.00013970447186032465
0.0002578218212198109
0.0003312281388889782
0.0
0.0
0.0
0.0
0.0
0.0
0.0
0.0
0.0
0.003161149781872463
0.0019313981254315564
0.0010716628234846784
0.0006183896884457495
0.00044694242653755704
0.0005912272195385846
0.001018498823183891
0.0006749198446490492
0.00034594555799333866
0.0003555014021502767
0.0009364977645259321
0.0009241449450078885
0.0007026280847407906
0.0010025085817826165
0.0013757445914509433
0.0
0.0
0.0
0.0
0.0
0.0
0.0
2.8674488685406527e-5
6.005049478566375e-5
0.0060139271385913195
0.0031618145229161945
0.0009828176428775424
0.0004151912722880145
0.00020013471502144505
0.0
0.0
6.107015804102293e-5
5.232374222038679e-5
9.044440089080371e-5
0.00011286212143242896
0.00016001494723547998
0.0002079178527287368
0.00025392594305155195
0.0003050678513642932
0.0
0.0
0.0
0.0
0.0
0.0
0.0
0.0
0.0
0.0037368462735339115
0.002485685495568503
0.0006500794051026517
0.00024689420484021814
0.00013591361374890097
0.0
0.0
3.0774877017470705e-5
8.302811863014147e-5
0.00019056695642312484
0.00022214521275888856
0.00025788420756315584
0.0003007472385740756
0.000333577744616017
0.0003648568382211488
0.0
0.0
0.0
0.0
0.0
0.0
0.0
0.0
0.0
0.0024130170232700425
0.0014094140791831744
0.0005318895460023167
0.00019748513831916844
5.7023615792727675e-5
0.0
0.0
8.123479712569338e-7
3.0280928050504835e-6
3.81155277742699e-5
9.605373442885829e-5
0.00010594314648725393
7.034162799441402e-5
0.0001348503045414061
0.00025471973018947273
0.0
0.0
0.0
0.0
0.0
0.0
0.0
0.0
0.0
0.0
0.0
0.0
0.0
0.0
0.0
0.0
0.0
0.0
0.0
0.0
0.0
0.0
0.0
0.0
0.0
0.0
0.0
0.0
0.0
0.0
0.0
0.0
0.0
0.0
0.0
0.0
0.0
0.0
0.0
0.0
0.0
0.0
0.0
0.0
0.0
0.0
0.0
0.0
0.0
0.0
0.0
0.0
0.0
0.0
0.0
0.0
0.0
0.003193668923723371
0.0014859995751486724
0.0004457328516113081
0.00025057157996715356
9.843990201356178e-5
2.3911987096257215e-7
0.0
1.0433756271954698e-6
2.1394866406146077e-7
2.2853487179087527e-5
6.708616006068027e-5
0.00010541469933293827
0.0001741574581453794
0.0002346396878493383
0.0003066797765811148
0.0
0.0
0.0
0.0
0.0
0.0
0.0
0.0
0.0
0.002832168561500978
0.0013735809872513166
0.0002622885232709645
3.851840642724721e-5
0.0
0.0
0.0
3.7922041628229184e-7
3.4159961901600075e-7
1.7866445315276075e-6
3.476256139483449e-6
3.9937183188452804e-5
9.935774509351708e-5
0.000152957127523818
0.0001880742483420461
0.0
0.0
0.0
0.0
0.0
0.0
0.0
0.0
0.0
0.0030939304390991008
0.001175997496625681
0.00013271184602688528
2.9588666414731947e-6
0.0
0.0
0.0
2.186866258783544e-7
3.207646868894697e-7
4.653224590048343e-7
7.680928593164578e-7
4.818590797070278e-7
3.6752232217642353e-6
3.0691710223573496e-5
4.915854970783222e-5
0.0
0.0
0.0
0.0
0.0
0.0
0.0
0.0
0.0
0.0018407860480714954
0.0007813243662101315
7.898995238900682e-5
2.447021035058884e-6
4.231567319281899e-9
0.0
0.0
0.0
0.0
3.565559276301625e-7
2.416223098269704e-7
4.5688556913914594e-7
7.463848573819383e-6
4.640395321635098e-5
9.287696909059602e-5
0.0
0.0
0.0
0.0
0.0
0.0
0.0
0.0
0.0
0.0021573685514554965
0.0006955349934188961
1.960066287429166e-5
6.046023055257215e-7
0.0
0.0
0.0
0.0
0.0
3.1138278422748045e-7
2.0949747233729345e-7
1.2817787319434458e-7
8.649667974868935e-7
5.616929021198796e-5
0.00012894013272634122
0.0
0.0
0.0
0.0
0.0
0.0
0.0
0.0
0.0
0.0
0.0
0.0
0.0
0.0
0.0
0.0
0.0
0.0
0.0
0.0
0.0
0.0
0.0
0.0
0.0
0.0
0.0
0.0
0.0
0.0
0.0
0.0
0.0
0.0
0.0
0.0
0.0
0.0
0.0
0.0
0.0
0.0
0.0
0.0
0.0
0.0
0.0
0.0
0.0
0.0
0.0
0.0
0.0
0.0
0.0
0.0
0.0
0.00410682479456778
0.001646693052770753
0.0003730222789277971
0.00016060156480676103
7.304792749939342e-5
0.0
0.0
1.0282140758959771e-6
4.233976176653787e-6
4.604937065777329e-5
6.824044246196938e-5
0.00011936495305680695
0.00018444958631572893
0.00023498569564038208
0.00030681130248156474
0.0
0.0
0.0
0.0
0.0
0.0
0.0
0.0
0.0
0.0034533645647259114
0.0014111118067909373
0.0002841223583043391
0.00011171512920122239
4.737087943301582e-5
0.0
0.0
7.054191856088171e-7
2.3791241361934862e-7
4.595197364409334e-5
6.995970381139413e-5
0.00011439165408112814
0.00016718603395368423
0.00021147732804338579
0.0002794730653812209
0.0
0.0
0.0
0.0
0.0
0.0
0.0
0.0
0.0
0.0031572289569578916
0.001372344639445524
0.00039947854128558914
0.00021059222338995292
7.480173265232783e-5
2.520419078658437e-7
0.0
7.176657545637051e-7
0.0
5.770336047912508e-7
1.0374019243212358e-5
3.681189268319902e-5
8.120268019704666e-5
0.00013178336679881022
0.00015786458775032044
0.0
0.0
0.0
0.0
0.0
0.0
0.0
0.0
0.0
0.002401872969838907
0.0010204938007361921
0.00020498182099449902
7.811358132703873e-5
3.240471189991988e-6
2.816805140851992e-7
0.0
1.0466220671440083e-6
2.1462187662676362e-7
3.7970588046510043e-7
3.9747410120510413e-7
3.696817216009481e-5
0.00011383132679183012
0.00017529423464650293
0.00022853295965898982
0.0
0.0
0.0
0.0
0.0
0.0
0.0
0.0
0.0
0.0022178339745187415
0.0008947414430789034
0.00014753565438655904
3.7965549126101286e-5
0.0
0.0
0.0
8.760124291465358e-7
3.820090231298955e-7
5.895640418600998e-7
2.0988232041505638e-7
0.0
0.0
3.583056514154679e-5
6.608093461728907e-5
0.0
0.0
0.0
0.0
0.0
0.0
0.0
0.0
0.0
0.0
0.0
0.0
0.0
0.0
0.0
0.0
0.0
0.0
0.0
0.0
0.0
0.0
0.0
0.0
0.0
0.0
0.0
0.0
0.0
0.0
0.0
0.0
0.0
0.0
0.0
0.0
0.0
0.0
0.0
0.0
0.0
0.0
0.0
0.0
0.0
0.0
0.0
0.0
0.0
0.0
0.0
0.0
0.0
0.0
0.0
0.0
0.0
0.002276709933417342
0.0008628590023096719
0.00012522068817030264
2.073020275822861e-5
0.0
1.0013887612601168e-7
1.116291077991874e-7
9.532164974872526e-7
4.475951039804164e-7
2.8778282033303013e-7
2.154593063268317e-7
0.0
1.113879702215436e-5
6.626890905848434e-5
9.637668845501469e-5
0.0
0.0
0.0
0.0
0.0
0.0
0.0
0.0
0.0
0.002036901656764291
0.0008868277292329157
0.0002415331599116812
0.00011148930762096602
2.4702885836182e-6
1.139305544884634e-7
7.43365529409772e-8
7.035486408522624e-7
2.6570430128860704e-7
4.094045950745343e-7
4.795947327833149e-7
0.0
0.0
0.0
0.0
0.0
0.0
0.0
0.0
0.0
0.0
0.0
0.0
0.0
0.001246299959816327
0.00034877480069152436
9.211472166145274e-6
0.0
0.0
0.0
0.0
0.0
0.0
3.093885557436715e-7
2.0597579774265366e-7
0.0
0.0
9.279886075414604e-7
3.1151472079231616e-5
0.0
0.0
0.0
0.0
0.0
0.0
0.0
0.0
0.0
0.0019034409445143688
0.0006499426752726203
2.7872562530251936e-5
1.1248148815104948e-6
0.0
0.0
0.0
3.775614439736437e-8
1.2390968972703097e-7
6.270523928738236e-7
4.3406812331771273e-7
0.0
7.234114628751101e-7
2.809095371385247e-5
7.98613989575435e-5
0.0
0.0
0.0
0.0
0.0
0.0
0.0
0.0
0.0
0.002277064933003968
0.0007807077552703139
6.345879392386881e-5
2.6995909323116608e-6
0.0
8.215799683339257e-8
1.4302031307902075e-7
8.306380750631626e-7
1.0051507896016587e-7
8.71676851044311e-7
2.467863067426936e-7
0.0
2.3064526780289147e-5
8.263366989703526e-5
0.00011902700710426075
0.0
0.0
0.0
0.0
0.0
0.0
0.0
0.0
0.0
0.0
0.0
0.0
0.0
0.0
0.0
0.0
0.0
0.0
0.0
0.0
0.0
0.0
0.0
0.0
0.0
0.0
0.0
0.0
0.0
0.0
0.0
0.0
0.0
0.0
0.0
0.0
0.0
0.0
0.0
0.0
0.0
0.0
0.0
0.0
0.0
0.0
0.0
0.0
0.0
0.0
0.0
0.0
0.0
0.0
0.0
0.0
0.0
0.001979774175384204
0.0007661614865704422
0.00016235054208093376
4.6346721707229094e-5
0.0
0.0
0.0
1.2476450724266822e-6
1.2726693361763548e-8
3.8177612646540045e-7
4.894609880687541e-6
3.7313815111069814e-5
8.003103207458659e-5
0.00011036940261638691
0.00012635388829312376
0.0
0.0
0.0
0.0
0.0
0.0
0.0
0.0
0.0
0.002039738122814104
0.0008632840441121595
0.0002140348173459397
0.00010338514550460676
9.77172158384103e-6
3.670025843186557e-7
3.4389934938982726e-8
8.795262276680955e-7
8.557832605916348e-8
8.33547617071099e-7
2.301715538551842e-7
0.0
1.5967631460212297e-5
8.181478382016478e-5
0.00010723749812479211
0.0
0.0
0.0
0.0
0.0
0.0
0.0
0.0
0.0
0.0021438043644804888
0.0007563154382922519
5.546397490246357e-5
3.35625083810401e-6
1.0728593255450836e-8
9.62216616085743e-8
8.825142015184817e-8
4.975094236226897e-7
5.035571427307815e-7
8.998290249871258e-7
2.912809784591009e-7
0.0
8.174415573104236e-6
7.369484121853205e-5
0.00014222182200507254
0.0
0.0
0.0
0.0
0.0
0.0
0.0
0.0
0.0
0.0016418522385269836
0.0007118247953094431
0.00020846005580182474
0.0001536394133336352
6.587144632831142e-5
2.946289556974311e-7
5.977588583031852e-8
8.744878951546987e-7
4.7629759763962953e-7
3.928046675281946e-7
2.4768183305313727e-7
2.5914845631174235e-5
7.842671687622796e-5
0.00012390187345453612
0.00013639391066752897
0.0
0.0
0.0
0.0
0.0
0.0
0.0
0.0
0.0
0.0021039200005825544
0.0008499479551838377
0.0002524317083301007
0.00013840599323899756
9.968119138167514e-5
0.0
0.0
3.913017512545744e-5
4.657949115794846e-5
8.641433945775664e-5
0.00010059816930090334
0.0001362258132449738
0.00018853380049421047
0.00027006561752101777
0.0003926416081934195
0.0
0.0
0.0
0.0
0.0
0.0
0.0
0.0
0.0
0.0
0.0
0.0
0.0
0.0
0.0
0.0
0.0
0.0
0.0
0.0
0.0
0.0
0.0
0.0
0.0
0.0
0.0
0.0
0.0
0.0
0.0
0.0
0.0
0.0
0.0
0.0
0.0
0.0
0.0
0.0
0.0
0.0
0.0
0.0
0.0
0.0
0.0
0.0
0.0
0.0
0.0
0.0
0.0
0.0
0.0
0.0
0.0
0.004717905554103043
0.0017026819292267565
0.0004115158956187221
0.0002405547876072965
9.457368892022466e-5
0.0
0.0
7.545289610851998e-7
8.431452740588068e-6
5.354241825447583e-5
6.759539784565275e-5
0.0001007268689620658
0.00012573670798393652
0.00018541397179555158
0.0002390386521333327
0.0
0.0
0.0
0.0
0.0
0.0
0.0
0.0
0.0
0.0024330288058442753
0.0010264837496838453
0.0002458114413813223
8.162379874215445e-5
1.2963281887192632e-5
2.6247651243184636e-7
0.0
7.660775632441308e-7
0.0
7.525034355741522e-7
2.3606777910923368e-5
7.718195737918586e-5
0.00013113803754241386
0.00017518003646366974
0.00021620922484390419
0.0
0.0
0.0
0.0
0.0
0.0
0.0
0.0
0.0
0.0018929482529726942
0.0008405321434193273
0.00024515186471730724
0.00020893695395970117
0.00013721230246029943
2.0977416774129672e-6
0.0
1.0522148120413936e-5
6.5686665434621765e-6
2.80221453645629e-5
6.668560931869365e-5
0.00010828502738227486
0.00013189611828921973
0.0001820241689991268
0.0002484212024020558
0.0
0.0
0.0
0.0
0.0
0.0
0.0
0.0
0.0
0.0017054725061334158
0.0006566916060497887
0.00014015300378462936
8.396249373201204e-5
3.247603579903246e-5
2.521626639515254e-7
0.0
7.256854528290216e-7
2.185165699940721e-7
4.281365009049124e-6
4.001869864167844e-5
7.834563156495316e-5
0.00011829985732541833
0.00015048421150351185
0.00019942204745152412
0.0
0.0
0.0
0.0
0.0
0.0
0.0
0.0
0.0
0.001480100130267996
0.0005833532405199427
0.00013300584648910904
8.585841311683743e-5
3.3776952119395996e-5
2.8155253720525056e-7
0.0
1.1305943900879507e-5
9.146380058943214e-5
0.00017120125169799272
0.000247943194944813
0.0003728527649361364
0.00043262936941426173
0.00043517072537537985
0.0004065972308857793
0.0
0.0
0.0
0.0
0.0
0.0
0.0
0.0
0.0
0.0
0.0
0.0
0.0
0.0
0.0
0.0
0.0
0.0
0.0
0.0
0.0
0.0
0.0
0.0
0.0
0.0
0.0
0.0
0.0
0.0
0.0
0.0
0.0
0.0
0.0
0.0
0.0
0.0
0.0
0.0
0.0
0.0
0.0
0.0
0.0
0.0
0.0
0.0
0.0
0.0
0.0
0.0
0.0
0.0
0.0
0.0
0.0
0.0024304332332632044
0.0009505171888817995
0.00012227182568676196
1.957843792291353e-5
0.0
0.0
3.152567178707448e-7
5.834626604248973e-7
6.924980184754675e-8
4.229259263512844e-7
3.5424015012171074e-7
0.0
9.763622300839834e-7
4.965233770982194e-5
0.00011574399384941264
0.0
0.0
0.0
0.0
0.0
0.0
0.0
0.0
0.0
0.0020584148232779082
0.0007439416457485248
0.00012128139992173342
2.4172547249725934e-5
0.0
4.282832258481494e-8
5.978691367078371e-8
4.893846785374717e-7
7.196128437717922e-8
4.2805611446651205e-7
3.763377884034167e-7
2.1029206507325018e-7
2.193295132428339e-5
9.408166038169485e-5
0.00014829640763370407
0.0
0.0
0.0
0.0
0.0
0.0
0.0
0.0
0.0
0.0017794183329054053
0.0006540635106930371
0.00012858248868112228
4.2338920692570516e-5
0.0
2.9536781830255535e-7
0.0
4.86062125320138e-7
4.1403466117284266e-7
1.1279216896204995e-6
1.4351995062496434e-6
4.575797935663153e-5
8.774419860708952e-5
0.0001207163917721186
0.0001714144015015607
0.0
0.0
0.0
0.0
0.0
0.0
0.0
0.0
0.0
0.0014808523208207239
0.0005859949050487365
0.00017855684046847123
0.00012561495316008953
5.9214973976176416e-5
2.4469475035338964e-7
0.0
7.312181431895657e-7
1.2013229656037415e-8
5.311682209967232e-9
2.461130586122491e-7
6.194213618353218e-6
6.0918326645239565e-5
0.00011677428584844321
0.00016104286053316718
0.0
0.0
0.0
0.0
0.0
0.0
0.0
0.0
0.0
0.0015933338780502215
0.0005621622718866456
7.739926672827354e-5
1.56321660097668e-5
0.0
2.956271638053336e-7
0.0
7.419903148917777e-7
2.1993183978252754e-7
3.8603298784720194e-7
1.8141988486007147e-6
4.5100436893821514e-5
9.260414957334508e-5
0.00014719821009282448
0.00023695437532783155
0.0
0.0
0.0
0.0
0.0
0.0
0.0
0.0
0.0
0.0
0.0
0.0
0.0
0.0
0.0
0.0
0.0
0.0
0.0
0.0
0.0
0.0
0.0
0.0
0.0
0.0
0.0
0.0
0.0
0.0
0.0
0.0
0.0
0.0
0.0
0.0
0.0
0.0
0.0
0.0
0.0
0.0
0.0
0.0
0.0
0.0
0.0
0.0
0.0
0.0
0.0
0.0
0.0
0.0
0.0
0.0
0.0
0.0021005328981200575
0.0006431945081349469
8.141133579781776e-5
1.689204867630273e-5
0.0
2.844985239080942e-7
0.0
5.265747236550032e-7
0.0
1.1985744224718334e-6
2.3568328989445464e-7
0.0
9.910050328670638e-7
6.063496429376045e-5
0.00012486332811095517
0.0
0.0
0.0
0.0
0.0
0.0
0.0
0.0
0.0
0.0019189298649133482
0.0005803885615399358
5.1271253112488194e-5
4.072590232343266e-6
0.0
0.0
2.4397903063416387e-8
7.582881091260599e-7
7.039297861705759e-8
3.1074788192123466e-7
2.3829457629102702e-7
0.0
0.0
9.292689909993728e-6
7.78465251171943e-5
0.0
0.0
0.0
0.0
0.0
0.0
0.0
0.0
0.0
0.0020080473017346605
0.0007118447278465776
0.00011090536225265678
2.070175757658465e-5
0.0
1.939190784872882e-7
1.595499986083395e-7
4.73504690561987e-7
1.9009090454314537e-7
4.46242154549479e-7
3.3621001739006945e-7
4.890162227784173e-7
7.618019344106861e-7
3.900119127026633e-5
8.301390069163254e-5
0.0
0.0
0.0
0.0
0.0
0.0
0.0
0.0
0.0
0.0016833095576433586
0.00048233968609591395
1.7487218700667602e-5
1.1069666020309708e-6
0.0
2.2304167791770214e-7
2.313723872799954e-7
4.4626282842355333e-7
4.6614943418879347e-7
7.743709730397018e-7
5.72373693116006e-7
0.0
2.126809555620679e-7
2.3183304352759653e-6
4.028736902126885e-5
0.0
0.0
0.0
0.0
0.0
0.0
0.0
0.0
0.0
0.0014613187199015592
0.0005208810382842072
4.284163310668854e-5
6.786099398154027e-7
0.0
0.0
6.831150821643796e-8
5.614226439172953e-7
2.0335264632716168e-7
5.65148572153278e-7
9.023440249778012e-7
1.1573051287654268e-8
2.1249588164253772e-7
7.916812899053284e-7
4.773205099907255e-7
0.0
0.0
0.0
0.0
0.0
0.0
0.0
0.0
0.0
0.0
0.0
0.0
0.0
0.0
0.0
0.0
0.0
0.0
0.0
0.0
0.0
0.0
0.0
0.0
0.0
0.0
0.0
0.0
0.0
0.0
0.0
0.0
0.0
0.0
0.0
0.0
0.0
0.0
0.0
0.0
0.0
0.0
0.0
0.0
0.0
0.0
0.0
0.0
0.0
0.0
0.0
0.0
0.0
0.0
0.0
0.0
0.0
0.0013852766711943702
0.000526463605782168
0.000108200595379281
1.3384304599706917e-5
0.0
0.0
1.3675750143636962e-7
5.846026320495738e-7
3.1715228758123903e-7
4.869920630758595e-7
8.33998029963185e-7
7.790241874062588e-6
5.924712001709205e-5
0.00010766074748577473
0.0001368031023115603
0.0
0.0
0.0
0.0
0.0
0.0
0.0
0.0
0.0
0.0011337698282160127
0.00032220606387079706
2.9897976195471188e-5
4.653627754828238e-7
0.0
1.18186530518291e-8
9.984822033340863e-8
5.446344126250963e-7
7.489542366525369e-8
8.437893269548289e-7
7.825530110106741e-7
2.445530747384205e-6
3.9134289887445986e-5
9.991889496052987e-5
0.00013692468249153057
0.0
0.0
0.0
0.0
0.0
0.0
0.0
0.0
0.0
0.0012603787473298197
0.00045659149656532657
9.658531874981964e-5
4.8087391844532125e-5
6.0028621242268735e-6
3.0474650157581155e-7
0.0
4.199003807240541e-7
8.950990401698091e-8
2.5397563766485565e-7
3.1061289377209225e-7
0.0
6.019294831376345e-6
6.826751437417554e-5
0.00012436194754596915
0.0
0.0
0.0
0.0
0.0
0.0
0.0
0.0
0.0
0.00146914956518342
0.0005391611954481173
0.0001390845583581109
0.00010756912228420907
2.6209393279159313e-5
2.9703849020463585e-7
0.0
4.5439386639778883e-7
1.2242926962467768e-7
8.360352185212108e-7
2.2022019377299812e-7
0.0
4.1179674426405605e-5
9.549858014293181e-5
0.0001278852700318186
0.0
0.0
0.0
0.0
0.0
0.0
0.0
0.0
0.0
0.0018249564641684684
0.0006394838851019145
0.00018987338331978188
0.00018686469961386556
0.00019594286074139935
1.3423763342233288e-5
0.0
7.105290439040576e-7
0.0
1.8092362790573105e-5
4.5536255945262535e-5
6.688829375224235e-5
9.157087283820043e-5
0.00014565674417938644
0.00023129491055191292
0.0
0.0
0.0
0.0
0.0
0.0
0.0
0.0
0.0
0.0
0.0
0.0
0.0
0.0
0.0
0.0
0.0
0.0
0.0
0.0
0.0
0.0
0.0
0.0
0.0
0.0
0.0
0.0
0.0
0.0
0.0
0.0
0.0
0.0
0.0
0.0
0.0
0.0
0.0
0.0
0.0
0.0
0.0
0.0
0.0
0.0
0.0
0.0
0.0
0.0
0.0
0.0
0.0
0.0
0.0
0.0
0.0
0.0021397683412175557
0.0005976147644667447
3.63819045307756e-5
4.1518920380034755e-6
7.143839329492577e-8
1.1308290260543959e-7
1.1965126847477153e-7
2.2292240617115762e-7
2.1975189815677116e-7
4.480406471838839e-7
3.487003229434547e-7
0.0
0.0
6.5915330828579155e-6
5.908913933101092e-5
0.0
0.0
0.0
0.0
0.0
0.0
0.0
0.0
0.0
0.0012797660702489565
0.00038556162988196834
3.291079753092945e-5
6.124504843536001e-7
0.0
1.0157460339428117e-7
1.6459257470328464e-7
1.710316607476476e-7
1.1734534673315949e-7
4.3266791506935636e-7
3.464256734286397e-7
0.0
4.868986257768033e-7
1.1023296203562996e-5
7.403526858312318e-5
0.0
0.0
0.0
0.0
0.0
0.0
0.0
0.0
0.0
0.0013308453495962875
0.0004230494022187226
8.306131250458091e-5
6.303824992232357e-5
3.105603052386799e-5
2.6675442929931265e-7
0.0
5.266211272437662e-7
9.17671045180149e-8
3.2453332541104947e-7
2.9750106685093625e-7
0.0
1.7185359433489132e-6
5.3008774069502376e-5
0.00010042800196331777
0.0
0.0
0.0
0.0
0.0
0.0
0.0
0.0
0.0
0.0012848546525011282
0.000399413405334537
4.998190807152187e-5
3.032314087017052e-5
3.032104112918945e-6
2.721927152625271e-7
0.0
7.201904133450515e-7
2.0900937196270568e-7
1.254655562815114e-7
2.2672402083476315e-7
0.0
3.374067915416497e-5
8.9211193403751e-5
0.0001320893114391566
0.0
0.0
0.0
0.0
0.0
0.0
0.0
0.0
0.0
0.0018695354597650813
0.0006737908985156355
0.00015533218064493133
9.357516313472374e-5
6.582942421036234e-6
3.173197223800064e-7
0.0
7.49599072814303e-7
8.635612604146457e-8
3.3386052525737917e-7
2.1396899307855593e-7
0.0
8.547083496840573e-7
4.6051378155385434e-5
9.885825191944846e-5
0.0
0.0
0.0
0.0
0.0
0.0
0.0
0.0
0.0
0.0
0.0
0.0
0.0
0.0
0.0
0.0
0.0
0.0
0.0
0.0
0.0
0.0
0.0
0.0
0.0
0.0
0.0
0.0
0.0
0.0
0.0
0.0
0.0
0.0
0.0
0.0
0.0
0.0
0.0
0.0
0.0
0.0
0.0
0.0
0.0
0.0
0.0
0.0
0.0
0.0
0.0
0.0
0.0
0.0
0.0
0.0
0.0
0.0
0.0
0.0
0.0
0.0
0.0
0.0
0.0
0.0
2.7782567327299212e-6
2.7684651359919338e-5
2.7462217885740455e-5
0.0
0.0
0.0
0.0
0.0
0.0
0.0
0.0
0.0
0.0
0.0
0.0
0.000547032224582105
6.138642802107775e-5
2.8769361266899094e-7
2.3363967492944667e-8
6.641355733645088e-8
1.253820252422802e-7
8.940988380647746e-8
6.283409693984692e-8
2.5457202895930947e-8
5.227906966675996e-7
7.41278864565591e-7
0.0
0.0
0.0
1.1024562072815255e-6
0.0
0.0
0.0
0.0
0.0
0.0
0.0
0.0
0.0
0.0004882982149062229
6.012519237745572e-5
1.926719161129327e-7
0.0
0.0
0.0
4.02055615235151e-8
1.062112800294687e-7
1.025124972446511e-7
4.1563992030455393e-7
2.4652501928207924e-7
0.0
0.0
5.703738003778731e-7
6.622203509396079e-6
0.0
0.0
0.0
0.0
0.0
0.0
0.0
0.0
0.0
0.001158089955093449
0.0003097113917744417
4.00011398398516e-5
5.265669810998881e-6
0.0
0.0
0.0
7.510558911928522e-7
8.499091585506534e-8
4.3628890680874483e-7
2.3249794068921585e-7
0.0
3.132660613642007e-6
5.9118450271090486e-5
0.000103079286149232
0.0
0.0
0.0
0.0
0.0
0.0
0.0
0.0
0.0
0.0020898068269892237
0.0006357420961806691
6.451195139474614e-5
3.2214106114034213e-6
0.0
0.0
0.0
7.521055868313515e-7
5.811932716368382e-8
4.2385738841232223e-7
2.316708941073429e-7
0.0
8.978010637396667e-6
6.868388726260904e-5
0.00012294380955968552
0.0
0.0
0.0
0.0
0.0
0.0
0.0
0.0
0.0
0.0
0.0
0.0
0.0
0.0
0.0
0.0
0.0
0.0
0.0
0.0
0.0
0.0
0.0
0.0
0.0
0.0
0.0
0.0
0.0
0.0
0.0
0.0
0.0
0.0
0.0
0.0
0.0
0.0
0.0
0.0
0.0
0.0
0.0
0.0
0.0
0.0
0.0
0.0
0.0
0.0
0.0
0.0
0.0
0.0
0.0
0.0
0.0
0.0013073766046299152
0.00045876732881000023
0.0001469627082817074
0.00014285586257031636
0.00011773496265120511
3.123197169566618e-8
0.0
6.877811936526443e-7
0.0
6.103934114319592e-8
6.232334103480017e-7
1.2184684960247068e-6
1.867312072525054e-5
7.261375083786511e-5
0.0001407135121706768
0.0
0.0
0.0
0.0
0.0
0.0
0.0
0.0
0.0
0.0015844908565700426
0.0005126415126518307
0.00010415332303453383
8.000719007791965e-5
2.286211744430016e-5
2.8543981182081076e-7
0.0
6.563795617795012e-7
9.865948319014757e-8
2.0006663037520825e-7
4.3224844860833864e-7
0.0
0.0
2.1494213112188373e-5
7.051704758378442e-5
0.0
0.0
0.0
0.0
0.0
0.0
0.0
0.0
0.0
0.0011747465688960374
0.0003867938879938449
8.514664918698574e-5
3.0481418091027583e-5
0.0
3.7601635892047045e-8
8.795119790115338e-8
5.345029213751701e-7
8.280141490947915e-8
4.160495546097039e-7
6.202716009634499e-7
0.0
0.0
9.163782088674317e-6
6.069413707677346e-5
0.0
0.0
0.0
0.0
0.0
0.0
0.0
0.0
0.0
0.001242222315227233
0.0004400949380919914
0.00011527157139808056
0.00010323554174752521
3.754483131330803e-5
2.595642982804116e-7
0.0
6.937206124440599e-7
4.506013751445788e-8
2.162253835210429e-7
2.2994389308726675e-7
0.0
1.1570327057281368e-5
7.567068838227283e-5
0.00014382694940302354
0.0
0.0
0.0
0.0
0.0
0.0
0.0
0.0
0.0
0.0010709649179464068
0.0002866324886361325
4.8863224771188095e-5
1.3369348639904718e-5
0.0
2.9680137315325003e-7
4.636118568752863e-8
5.624231347660795e-7
9.703567594499093e-8
4.285803898535077e-7
2.458261783448994e-7
0.0
0.0
3.103429748657167e-5
8.947839686993421e-5
0.0
0.0
0.0
0.0
0.0
0.0
0.0
0.0
0.0
0.0
0.0
0.0
0.0
0.0
0.0
0.0
0.0
0.0
0.0
0.0
0.0
0.0
0.0
0.0
0.0
0.0
0.0
0.0
0.0
0.0
0.0
0.0
0.0
0.0
0.0
0.0
0.0
0.0
0.0
0.0
0.0
0.0
0.0
0.0
0.0
0.0
0.0
0.0
0.0
0.0
0.0
0.0
0.0
0.0
0.0
0.0
0.0
0.0010805775586829006
0.00030986646917334086
4.492082070695279e-5
1.6393519947990296e-5
0.0
2.8736459618381896e-7
4.313936532168364e-8
5.306449447642073e-7
7.865534614004567e-8
2.0825295174522418e-7
4.1270810964115197e-7
0.0
1.1803573184976729e-6
3.751255181390119e-5
7.57496806730699e-5
0.0
0.0
0.0
0.0
0.0
0.0
0.0
0.0
0.0
0.0008962380959028793
0.00021708108915417093
1.9940100927264226e-5
0.0
0.0
0.0
2.397918437139548e-7
6.058785903686955e-7
3.0128233367408994e-7
8.587929122284533e-7
5.625251053201801e-7
2.61948790407947e-7
1.2602036642414046e-6
3.6699851692729474e-5
7.121382574275161e-5
0.0
0.0
0.0
0.0
0.0
0.0
0.0
0.0
0.0
0.001125416803987359
0.00037960078844535334
0.00011639553085853851
8.059500877562157e-5
6.441277570767192e-6
3.136805046950188e-7
0.0
6.361010326143655e-7
4.835389162048894e-7
1.0773922625280068e-6
7.166498166677181e-7
9.20663941650552e-7
4.4181590674663325e-5
8.706406978147876e-5
0.00010478881308745492
0.0
0.0
0.0
0.0
0.0
0.0
0.0
0.0
0.0
0.0010035702092882277
0.0002516177642913385
7.1159807883171905e-6
0.0
0.0
0.0
3.022427729992425e-7
2.575265328593575e-7
1.4155883194982955e-7
4.998216844642139e-7
2.0886048929184375e-7
0.0
0.0
1.1222230667613162e-6
2.3390564976272402e-5
0.0
0.0
0.0
0.0
0.0
0.0
0.0
0.0
0.0
0.0007458024187147949
0.00017621427104896155
2.9946078614480144e-5
4.0348848007451984e-6
0.0
0.0
8.665972278773071e-8
8.970747762668244e-8
9.917207373313416e-8
4.499119499299532e-7
7.258036099830598e-7
0.0
0.0
4.7523680811536454e-7
2.54871893060702e-7
0.0
0.0
0.0
0.0
0.0
0.0
0.0
0.0
0.0
0.0
0.0
0.0
0.0
0.0
0.0
0.0
0.0
0.0
0.0
0.0
0.0
0.0
0.0
0.0
0.0
0.0
0.0
0.0
0.0
0.0
0.0
0.0
0.0
0.0
0.0
0.0
0.0
0.0
0.0
0.0
0.0
0.0
0.0
0.0
0.0
0.0
0.0
0.0
0.0
0.0
0.0
0.0
0.0
0.0
0.0
0.0
0.0
0.0012234508086822085
0.0002970020648386099
1.2186480568715013e-5
5.13673403714343e-8
1.1885481285097153e-7
3.704515701275322e-7
3.0528691122608196e-7
2.594209165794317e-7
2.44632397999139e-7
5.304817058195198e-7
4.6184892284039626e-7
0.0
0.0
7.457545146101082e-7
2.3374521094846574e-5
0.0
0.0
0.0
0.0
0.0
0.0
0.0
0.0
0.0
0.0010568586795556873
0.00030191489956463727
6.237097322673214e-5
1.2691447693863375e-5
0.0
0.0
0.0
4.806742698356067e-7
1.424334113731846e-7
5.019420603642246e-7
2.368124507568712e-7
0.0
0.0
3.539839026817645e-6
5.037445258271559e-5
0.0
0.0
0.0
0.0
0.0
0.0
0.0
0.0
0.0
0.001028025882473425
0.0002682409156075108
2.838706674251345e-5
4.349472299813832e-6
0.0
3.781843709971363e-8
2.8536133641403647e-7
6.530381542792423e-7
2.9138594275954775e-7
5.364830115257243e-7
4.78881482789595e-7
0.0
2.168569148406527e-7
6.503906631335215e-6
3.9599889719465926e-5
0.0
0.0
0.0
0.0
0.0
0.0
0.0
0.0
0.0
0.0004624617468063154
7.070925439577681e-5
1.7743850291721886e-7
0.0
0.0
1.085110982158898e-7
3.044878579493185e-7
2.3545571687965824e-7
2.683632375109985e-7
5.108455357456692e-7
5.245685683593281e-7
0.0
0.0
6.940488180380561e-7
5.077627810902928e-6
0.0
0.0
0.0
0.0
0.0
0.0
0.0
0.0
0.0
0.0006657872503586184
0.00013031378645203865
4.919637448486447e-6
1.1723314760270416e-6
0.0
3.5083405063993476e-9
1.0104240206569187e-7
9.618042617609427e-8
1.204386748813435e-7
4.07142412093425e-7
7.951727525663892e-7
0.0
2.2046445323260299e-7
1.0443858276847512e-6
4.987547679819433e-7
0.0
0.0
0.0
0.0
0.0
0.0
0.0
0.0
0.0
0.0
0.0
0.0
0.0
0.0
0.0
0.0
0.0
0.0
0.0
0.0
0.0
0.0
0.0
0.0
0.0
0.0
0.0
0.0
0.0
0.0
0.0
0.0
0.0
0.0
0.0
0.0
0.0
0.0
0.0
0.0
0.0
0.0
0.0
0.0
0.0
0.0
0.0
0.0
0.0
0.0
0.0
0.0
0.0
0.0
0.0
0.0
0.0
0.0008630294366534499
0.0002130568564790961
1.5877619143765432e-5
0.0
0.0
0.0
1.4355536208708733e-7
2.1265488893010995e-7
1.4333629764584057e-7
4.941781688403606e-7
2.2184173799273178e-7
0.0
8.831452683799421e-7
1.273042676195031e-5
4.362748234884599e-5
0.0
0.0
0.0
0.0
0.0
0.0
0.0
0.0
0.0
0.0008858850017051195
0.0001898499243620689
2.783425107577786e-6
0.0
0.0
0.0
2.4741994003354e-7
2.532802311130425e-7
2.4567288113596824e-7
5.494118587670341e-7
2.3294306963015184e-7
0.0
0.0
2.1141138857586948e-7
2.9626847069179408e-5
0.0
0.0
0.0
0.0
0.0
0.0
0.0
0.0
0.0
0.0010923419428227187
0.0001884630531012853
4.368392262277756e-6
3.1960255395896074e-8
6.914565388009917e-8
9.34089775169499e-8
1.83177922145909e-7
1.0709218273278992e-7
2.0049175505399168e-7
2.827427992188259e-7
8.163915360546164e-7
6.235169248921186e-8
1.1654293769497117e-7
0.0
4.667191883519234e-7
0.0
0.0
0.0
0.0
0.0
0.0
0.0
0.0
0.0
0.0006635028260798447
9.422244130735351e-5
1.187361435113153e-6
1.976086169223868e-7
1.2073398890460388e-7
1.7938101248885353e-7
2.3734882459619903e-7
2.2806987698257688e-7
1.492583688257602e-7
2.4243651082090694e-7
1.0035641846246092e-6
2.54546206436254e-7
2.3844565394964975e-7
2.6173555305941505e-7
2.1212214880152018e-7
0.0
0.0
0.0
0.0
0.0
0.0
0.0
0.0
0.0
0.0008782391656356419
0.00012534305836625688
1.5648316604459469e-6
3.0633933283157967e-7
2.730320492439812e-7
2.8260321014172513e-7
2.667527517605727e-7
2.4627362148818866e-7
1.4923283650355496e-7
1.9876895205877737e-7
8.578822590462917e-7
1.4991757190710483e-7
7.141942033266932e-8
4.947722586597861e-7
1.5729824944656784e-6
0.0
0.0
0.0
0.0
0.0
0.0
0.0
0.0
0.0
0.0
0.0
0.0
0.0
0.0
0.0
0.0
0.0
0.0
0.0
0.0
0.0
0.0
0.0
0.0
0.0
0.0
0.0
0.0
0.0
0.0
0.0
0.0
0.0
0.0
0.0
0.0
0.0
0.0
0.0
0.0
0.0
0.0
0.0
0.0
0.0
0.0
0.0
0.0
0.0
0.0
0.0
0.0
0.0
0.0
0.0
0.0
0.0
8.55668411352606e-7
0.0008434983425415067
0.00010591579968861886
1.1627416285021149e-5
0.0
0.0
0.0
3.187523347544487e-7
0.0
2.388873218610996e-7
0.0
0.0
0.0
7.169580504720823e-7
5.427435419143305e-7
0.0
0.0
0.0
0.0
0.0
0.0
0.0
0.0
0.0
0.0
0.0
0.0
0.0
0.0
0.0
0.0
0.0
0.0
0.0
0.0
0.0
0.0
0.0
0.0
0.0
0.0
0.0
0.0
0.0
0.0
0.0
0.0
0.0
9.074560980654717e-7
0.0005716632868467772
7.901438638470296e-5
2.0414389849716794e-6
0.0
0.0
0.0
2.4437127875926534e-7
0.0
2.2007532609736036e-7
0.0
0.0
0.0
2.1163188136197097e-7
3.6172360753040266e-7
0.0
0.0
0.0
0.0
0.0
0.0
0.0
0.0
0.0
9.032400369784269e-7
0.0007533103973370427
0.00013902116735898927
2.1273534997799217e-5
4.342368903224528e-8
0.0
0.0
2.3037669962847803e-7
0.0
2.517481222218331e-7
0.0
0.0
0.0
0.0
3.6138487631975094e-7
0.0
0.0
0.0
0.0
0.0
0.0
0.0
0.0
0.0
5.544609452752532e-7
0.0005867933725117128
9.129318223470393e-5
6.453867247288827e-6
0.0
0.0
0.0
2.3794879339895138e-7
0.0
2.1681500655494607e-7
0.0
0.0
0.0
2.0989655946665105e-7
6.389461574082669e-7
0.0
0.0
0.0
0.0
0.0
0.0
0.0
0.0
0.0
0.0
0.0
0.0
0.0
0.0
0.0
0.0
0.0
0.0
1.7675684791287714e-5
2.242629523779099e-5
2.192670157138163e-5
0.0
0.0
0.0
0.0
0.0
0.0
0.0
0.0
0.0
0.0
0.0
0.0
0.0
0.0
0.0
0.0
1.3478222432594358e-6
6.90647204640947e-6
1.0282551271688233e-5
1.0392529329314064e-5
4.980595206109019e-7
0.0
2.7336240266326782e-6
1.590168897144312e-5
2.425254392569532e-5
0.0
0.0
0.0
0.0
0.0
0.0
0.0
0.0
0.0
0.0
0.0
5.471356088208472e-7
0.00033285950301304264
1.0852843854188444e-5
0.0
8.29159795976386e-9
9.319645676438974e-8
1.458894237656761e-7
5.582652435012656e-7
3.019794868728278e-7
3.8930826232350087e-7
2.4328374020432225e-7
2.9250859124606555e-7
1.855880425561112e-7
8.407039081848739e-7
1.2296032498849962e-6
0.0
0.0
0.0
0.0
0.0
0.0
0.0
0.0
0.0
4.95176534404304e-7
0.00033601863470210234
1.4230796164038766e-5
0.0
4.131355919379297e-8
1.0678985544797428e-7
8.887389476057128e-8
4.4266589608614147e-7
8.677385662025753e-8
3.962850681218019e-7
1.939197328145254e-7
0.0
0.0
7.071142050916259e-7
1.0688335135814593e-6
0.0
0.0
0.0
0.0
0.0
0.0
0.0
0.0
0.0
4.5792399990562165e-7
0.0003766961381312236
2.2220932181108224e-5
0.0
0.0
0.0
8.175918283599613e-8
3.2153539242891405e-7
1.3143838864240508e-7
3.9932633229267545e-7
1.5772856158077861e-7
3.415295402239482e-8
0.0
1.066843773263889e-6
8.56155750436901e-7
0.0
0.0
0.0
0.0
0.0
0.0
0.0
0.0
0.0
6.070533388139797e-7
0.0004526787933493118
3.201874450150903e-5
3.8533394547334217e-7
0.0
0.0
0.0
3.0827459663008535e-7
0.0
2.46910498581632e-7
0.0
0.0
0.0
7.312209895903631e-7
8.575943541698124e-7
0.0
0.0
0.0
0.0
0.0
0.0
0.0
0.0
0.0
7.028411458099251e-7
0.0005576328051813347
7.550892322017951e-5
2.762614194411264e-6
0.0
0.0
0.0
2.9921982784996597e-7
0.0
2.4243965105043694e-7
0.0
0.0
0.0
2.189592926082328e-7
1.1858743132118642e-6
0.0
0.0
0.0
0.0
0.0
0.0
0.0
0.0
0.0
0.0
0.0
0.0
0.0
0.0
0.0
0.0
0.0
0.0
0.0
0.0
0.0
0.0
0.0
0.0
0.0
0.0
0.0
0.0
0.0
0.0
0.0
0.0
0.0
0.0
0.0
0.0
0.0
0.0
0.0
0.0
0.0
2.5898233376559504e-5
2.5554512010779755e-5
4.3404484599201045e-5
0.0
0.0
0.0
0.0
0.0
0.0
0.0
0.0
0.0
0.0
0.0
0.0
0.0
5.182544699090785e-7
0.0004864279291566776
5.667773503703915e-5
5.144245320707014e-6
0.0
0.0
0.0
3.1417280119131696e-7
0.0
2.4400782335206736e-7
0.0
0.0
7.335659492490714e-7
5.601286044560584e-7
6.145177893902678e-7
0.0
0.0
0.0
0.0
0.0
0.0
0.0
0.0
0.0
1.0859056694874261e-6
0.0008037887042963675
8.910197832546471e-5
1.259037534692977e-5
0.0
0.0
0.0
2.8310454232503444e-7
0.0
5.726801899973597e-7
0.0
0.0
0.0
9.514512924574929e-7
4.255511298100257e-7
0.0
0.0
0.0
0.0
0.0
0.0
0.0
0.0
0.0
9.922185538587725e-7
0.0006648248269981419
6.682693421854568e-5
5.642534552285404e-6
0.0
0.0
0.0
2.85634190931431e-7
0.0
2.3824834642430198e-7
0.0
0.0
0.0
0.0
6.322925233685358e-7
0.0
0.0
0.0
0.0
0.0
0.0
0.0
0.0
0.0
2.746148040862954e-7
0.0003516627621521696
2.2370700858152405e-5
1.2659093317344045e-7
0.0
0.0
8.022490414404507e-8
4.7049094239180187e-7
1.275486445094961e-7
2.6130112194059857e-7
0.0
0.0
0.0
5.988250587247455e-7
4.3472330072834317e-7
0.0
0.0
0.0
0.0
0.0
0.0
0.0
0.0
0.0
5.347792613359146e-7
0.000493822422861549
4.737415442945359e-5
2.3226567048863216e-6
0.0
0.0
0.0
3.2571854089161063e-7
0.0
2.3949580768263585e-7
0.0
0.0
0.0
3.198810296124055e-7
9.994951158140983e-7
0.0
0.0
0.0
0.0
0.0
0.0
0.0
0.0
0.0
0.0
0.0
0.0
0.0
0.0
0.0
0.0
2.3909521123527913e-5
2.744445361790536e-5
3.592758533125156e-5
3.2835113244352074e-5
3.259603472782842e-5
0.0
0.0
0.0
0.0
0.0
0.0
0.0
0.0
0.0
0.0
0.0
0.0
0.0
0.0
0.0
0.0
0.0
1.7473343171804115e-5
2.0843662931663236e-5
3.419593488259327e-6
0.0
1.326860244554055e-6
1.3913110988715758e-5
2.9638142002073792e-5
2.482012200173676e-5
0.0
0.0
0.0
0.0
0.0
0.0
0.0
0.0
0.0
0.0
0.0
2.777749773641634e-7
0.00020087236062072902
1.6436475213776229e-6
0.0
0.0
1.6472364465029294e-8
1.9355672928683552e-7
4.5054695869372983e-7
9.79911125690846e-8
2.4602032464657846e-7
0.0
0.0
0.0
0.0
6.014136068929836e-7
0.0
0.0
0.0
0.0
0.0
0.0
0.0
0.0
0.0
3.596621166212308e-7
0.00029373065161858707
1.9854582180221688e-5
0.0
0.0
0.0
0.0
3.064739272662783e-7
0.0
2.5052866628225185e-7
0.0
0.0
0.0
0.0
3.7200462224821113e-7
0.0
0.0
0.0
0.0
0.0
0.0
0.0
0.0
0.0
3.1913385832410106e-7
0.00038248577206880825
3.938025531411468e-5
1.3793593001144384e-6
0.0
0.0
0.0
3.1269032892676734e-7
0.0
2.530886953403355e-7
0.0
0.0
0.0
0.0
6.43715391749325e-7
0.0
0.0
0.0
0.0
0.0
0.0
0.0
0.0
0.0
3.095005886160109e-7
0.0003552132950639623
3.1982867272820135e-5
1.1917575417558621e-6
0.0
0.0
0.0
3.0775082914661693e-7
0.0
2.581961606011237e-7
0.0
0.0
0.0
0.0
1.1745680164221119e-7
0.0
0.0
0.0
0.0
0.0
0.0
0.0
0.0
0.0
1.816176894350362e-7
0.00047495878981298817
7.386834130130537e-5
5.388696264104778e-6
1.0067810600084084e-6
9.808497656062975e-6
5.456671083638057e-6
2.810067894532255e-7
0.0
0.0
0.0
0.0
0.0
0.0
0.0
0.0
0.0
0.0
0.0
0.0
0.0
0.0
0.0
0.0
0.0
0.0
0.0
0.0
2.6749564625138987e-6
0.0
0.0
0.0
0.0
0.0
0.0
1.4160920096267034e-5
6.6809015007424386e-6
0.0
0.0
0.0
0.0
0.0
0.0
0.0
0.0
0.0
0.0
0.0
0.0
0.0
0.0
0.0
2.189193961319658e-5
2.219750791725034e-5
2.3816736968186662e-5
1.3998119949895462e-5
1.632253273420063e-5
1.260141915602459e-5
2.9766212371360843e-5
2.8232099643132002e-5
4.0584500108055415e-5
0.0
0.0
0.0
0.0
0.0
0.0
0.0
0.0
0.0
0.0
0.0
4.1746859127002115e-7
0.00021269218998366913
6.215795114246446e-6
0.0
0.0
0.0
0.0
2.906817864692198e-7
0.0
2.580270542109645e-7
0.0
0.0
0.0
4.950409354625125e-7
4.24520289346554e-7
0.0
0.0
0.0
0.0
0.0
0.0
0.0
0.0
0.0
1.073757858626566e-6
0.0005721678307170037
2.4197902980297935e-5
0.0
0.0
0.0
0.0
4.383072083734308e-7
1.5929968995230529e-7
4.829684394389661e-7
1.2634250673413072e-7
0.0
0.0
0.0
1.0985468827539624e-6
0.0
0.0
0.0
0.0
0.0
0.0
0.0
0.0
0.0
1.006999010095043e-6
0.0006082621388007721
4.093932008476898e-5
0.0
0.0
0.0
0.0
3.2343215517743573e-7
0.0
2.847932944329491e-7
0.0
0.0
0.0
2.1019364523464514e-7
6.584159991874628e-7
0.0
0.0
0.0
0.0
0.0
0.0
0.0
0.0
0.0
5.522977963451233e-7
0.00032370356270503914
2.061782410112372e-5
1.667218019225155e-7
0.0
0.0
0.0
3.1098901149969525e-7
0.0
2.4804082060429046e-7
0.0
7.409470349550341e-7
2.617120787872807e-7
2.0944648860655368e-7
6.121889785658371e-7
0.0
0.0
0.0
0.0
0.0
0.0
0.0
0.0
0.0
6.361547413307913e-7
0.0005076212755397424
4.105255494589478e-5
1.282893915318637e-7
0.0
0.0
0.0
3.088538192687472e-7
0.0
2.613634736406409e-7
0.0
0.0
0.0
7.028200681109151e-7
1.1970263402525884e-6
0.0
0.0
0.0
0.0
0.0
0.0
0.0
0.0
0.0
0.0
0.0
0.0
0.0
0.0
0.0
0.0
0.0
0.0
0.0
0.0
0.0
0.0
0.0
0.0
0.0
0.0
0.0
0.0
0.0
0.0
0.0
0.0
0.0
0.0
0.0
0.0
0.0
0.0
0.0
0.0
0.0
0.0
0.0
0.0
0.0
0.0
0.0
0.0
0.0
0.0
0.0
0.0
0.0
0.0
0.0
0.0
0.0
4.798733529573184e-7
0.000495275828354395
2.9970015352402197e-5
0.0
0.0
0.0
1.0878961621445305e-8
3.757162364068032e-7
1.4879001769103884e-7
4.120986866662399e-7
0.0
0.0
1.582129046587349e-7
0.0
3.799564868453803e-7
0.0
0.0
0.0
0.0
0.0
0.0
0.0
0.0
0.0
1.78738070706139e-7
0.00011905513663337834
1.3776801083091105e-6
0.0
6.8162859395303e-9
1.7757478125431986e-8
3.503296914348664e-8
1.3539872339614347e-7
1.079594858433835e-7
4.7077064022527987e-7
8.990299431630917e-8
4.632292351278086e-9
7.044230169952595e-7
8.535563977213819e-7
7.062971096423194e-7
0.0
0.0
0.0
0.0
0.0
0.0
0.0
0.0
0.0
2.3498673431498982e-7
0.00016377332387555558
2.1276562742161035e-6
0.0
0.0
0.0
6.6346516747171826e-9
3.5412250354750613e-7
1.2951888275898685e-8
2.8574267403985065e-7
0.0
1.0033106729647858e-7
4.6498237625932847e-7
1.8841774635219453e-6
7.826327206408615e-7
0.0
0.0
0.0
0.0
0.0
0.0
0.0
0.0
0.0
1.2726689531671379e-6
0.0006784219135133322
7.08077709085251e-5
1.3152812541226742e-6
0.0
0.0
0.0
3.091723324695559e-7
0.0
2.4807071114317843e-7
0.0
0.0
8.613300538987125e-7
5.958494877714406e-7
1.2096665971855513e-7
0.0
0.0
0.0
0.0
0.0
0.0
0.0
0.0
0.0
6.831458302513892e-7
0.0005620394992931194
4.7542315696790554e-5
4.998700551383586e-7
0.0
0.0
0.0
3.3017567654414603e-7
0.0
2.460170562814338e-7
0.0
0.0
0.0
0.0
6.420296831373236e-7
0.0
0.0
0.0
0.0
0.0
0.0
0.0
0.0
0.0
0.0
0.0
0.0
0.0
1.294456373311788e-6
0.0
2.6144694018088203e-6
7.276579366187319e-6
7.753281606522845e-6
5.299473244012765e-6
6.886154397670148e-6
1.803450522790683e-5
3.001190915631616e-5
0.0
0.0
0.0
0.0
0.0
0.0
0.0
0.0
0.0
0.0
0.0
0.0
0.0
0.0
5.595218232931693e-6
1.1821015739937742e-6
0.0
0.0
0.0
0.0
0.0
9.212989682563728e-7
1.8159703661457403e-5
3.1044107666988236e-5
0.0
0.0
0.0
0.0
0.0
0.0
0.0
0.0
0.0
0.0
0.0
3.122706676900996e-7
0.00019948332226524723
4.339191368953632e-6
0.0
0.0
0.0
0.0
3.205555855646957e-7
0.0
2.577406504154072e-7
0.0
0.0
8.188883719521126e-7
1.046542837464812e-6
6.152975928854579e-7
0.0
0.0
0.0
0.0
0.0
0.0
0.0
0.0
0.0
2.1760711422123885e-7
0.0003678643981756428
2.5124412535894733e-5
0.0
0.0
0.0
6.536510157134543e-9
3.8198522005862185e-7
5.323441666431787e-8
2.67593547957029e-7
0.0
0.0
1.140862373571352e-7
0.0
6.093209594554508e-7
0.0
0.0
0.0
0.0
0.0
0.0
0.0
0.0
0.0
2.1819178647443206e-7
0.00020144986052080547
3.5235780374496706e-6
0.0
0.0
0.0
2.382101616840264e-8
3.5151163527924136e-7
3.582180089150264e-8
2.7356376265213295e-7
0.0
0.0
1.297556417205439e-7
4.900339918628822e-7
6.631535166185068e-7
0.0
0.0
0.0
0.0
0.0
0.0
0.0
0.0
0.0
1.847038847204948e-7
0.00017137588668346594
4.079757545082526e-6
0.0
0.0
0.0
0.0
3.552000262329988e-7
3.119060774099385e-8
2.692552849499118e-7
1.748107596732111e-8
0.0
0.0
1.0573867321034569e-7
4.080179024720875e-7
0.0
0.0
0.0
0.0
0.0
0.0
0.0
0.0
0.0
4.974569466020541e-7
0.0003603531767618472
2.8753403517942022e-5
2.975368359865736e-7
0.0
0.0
0.0
2.889134280960277e-7
0.0
2.3455530416854771e-7
0.0
0.0
0.0
0.0
3.461963865070698e-7
0.0
0.0
0.0
0.0
0.0
0.0
0.0
0.0
0.0
0.0
0.0
0.0
0.0
0.0
0.0
0.0
0.0
0.0
0.0
0.0
0.0
0.0
0.0
0.0
0.0
0.0
0.0
0.0
0.0
0.0
0.0
0.0
0.0
0.0
0.0
0.0
0.0
0.0
0.0
0.0
0.0
0.0
0.0
0.0
0.0
0.0
0.0
0.0
0.0
0.0
0.0
0.0
0.0
0.0
0.0
0.0
0.0
5.72492026311548e-7
0.0003729205412123746
3.209507764376338e-5
1.1833318825649456e-7
0.0
0.0
0.0
2.873351725117563e-7
0.0
2.2356930841191439e-7
0.0
0.0
0.0
2.0942355010127234e-7
5.874747821879456e-7
0.0
0.0
0.0
0.0
0.0
0.0
0.0
0.0
0.0
9.996793572238423e-7
0.0008488950137801166
0.00010886826022854576
4.486152740093067e-6
0.0
0.0
0.0
2.956289750999322e-7
0.0
2.318624070124965e-7
0.0
0.0
0.0
0.0
6.52253161128106e-7
0.0
0.0
0.0
0.0
0.0
0.0
0.0
0.0
0.0
7.039533917898928e-7
0.0006698257215500265
7.98928683984033e-5
5.710993369980187e-6
0.0
0.0
0.0
3.119886649618681e-7
0.0
2.5517534237220897e-7
0.0
0.0
0.0
0.0
1.346395104526811e-7
0.0
0.0
0.0
0.0
0.0
0.0
0.0
0.0
0.0
6.313389118963618e-7
0.0005313214776150037
4.83542282998645e-5
0.0
0.0
0.0
9.26446270757841e-9
3.2390142056824274e-7
6.421505174901061e-8
3.0759003396726083e-7
5.7277508737037266e-9
0.0
0.0
2.1391394049935497e-7
3.9588741950726436e-7
0.0
0.0
0.0
0.0
0.0
0.0
0.0
0.0
0.0
4.737110522408619e-7
0.0002897669557508105
1.4534909523723368e-5
0.0
0.0
0.0
1.571764007140944e-8
3.7524518324315936e-7
6.214098633202843e-8
3.653423229223083e-7
1.0263090356283793e-7
0.0
0.0
7.252567284285944e-7
4.223664958923421e-7
0.0
0.0
0.0
0.0
0.0
0.0
0.0
0.0
0.0
0.0
0.0
0.0
0.0
0.0
8.51524292064404e-6
2.5452785568555504e-5
2.198912465149579e-5
3.9125550556790345e-5
2.5932179983057712e-5
3.342343877505852e-5
0.0
0.0
0.0
0.0
0.0
0.0
0.0
0.0
0.0
0.0
0.0
0.0
0.0
0.0
0.0
0.0
0.0
5.448231689641454e-6
0.0
0.0
1.584848585097341e-7
9.947195258395003e-6
1.2215191733607746e-5
2.996505511540872e-5
3.6464450213374694e-5
0.0
0.0
0.0
0.0
0.0
0.0
0.0
0.0
0.0
0.0
0.0
0.0
6.284587102381411e-7
0.0004238372709126619
3.383967829421103e-5
0.0
0.0
0.0
0.0
3.215622803896436e-7
0.0
2.5339457961509876e-7
0.0
0.0
0.0
2.1121032788729715e-7
6.505956545433955e-7
0.0
0.0
0.0
0.0
0.0
0.0
0.0
0.0
0.0
9.61765044352881e-7
0.0006169050614569857
6.442301644635372e-5
2.226828997132019e-6
0.0
0.0
0.0
3.144283456547186e-7
0.0
2.480941064047933e-7
0.0
0.0
0.0
4.273002799736076e-7
3.840838569145146e-7
0.0
0.0
0.0
0.0
0.0
0.0
0.0
0.0
0.0
1.023537205952379e-6
0.0008386367078215326
7.954966234357276e-5
3.29988076964301e-6
0.0
0.0
0.0
3.064525227604906e-7
4.323549691810979e-8
3.2310572694841717e-7
0.0
0.0
0.0
4.5029455026697783e-7
4.1321309272303524e-7
0.0
0.0
0.0
0.0
0.0
0.0
0.0
0.0
0.0
1.1491638756261063e-6
0.0008593481614043186
8.293374203666416e-5
2.292142070320932e-6
0.0
0.0
0.0
3.101061978539581e-7
0.0
4.7570267400200145e-7
6.571210533503766e-8
0.0
0.0
7.115951441128024e-7
7.045135650726121e-7
0.0
0.0
0.0
0.0
0.0
0.0
0.0
0.0
0.0
1.011082958873116e-6
0.0009285835177975552
0.00017920281700449734
4.3369200975325335e-5
1.1317219909312259e-7
0.0
0.0
2.5351779305580237e-7
0.0
2.375235091230819e-7
0.0
0.0
7.179475116664605e-7
7.498654444249083e-7
3.4746326740323867e-7
0.0
0.0
0.0
0.0
0.0
0.0
0.0
0.0
0.0
0.0
0.0
0.0
0.0
0.0
0.0
0.0
0.0
0.0
1.8936961831426157e-5
2.460331286922884e-5
0.0
0.0
0.0
0.0
0.0
0.0
0.0
0.0
0.0
0.0
0.0
0.0
0.0
0.0
0.0
0.0
0.0
0.0
0.0
0.0
0.0
0.0
0.0
0.0
0.0
0.0
0.0
0.0
0.0
0.0
0.0
0.0
0.0
0.0
0.0
0.0
0.0
0.0
0.0
0.0
0.0
0.0
0.0
0.0
0.0
0.0
0.0
0.0
0.0
0.0
0.0
0.0
0.0
0.0
0.0
0.0
0.0
0.0
0.0
0.0
0.0
0.0006561020784410858
0.00013206742284897093
5.727294150080579e-7
0.0
4.857474321010097e-8
5.903348291755804e-8
3.983910582788772e-8
7.090139085064123e-8
9.67744748696076e-8
4.5333259692253274e-7
8.222463805824719e-7
1.0644173884624359e-8
0.0
0.0
0.0
0.0
0.0
0.0
0.0
0.0
0.0
0.0
0.0
0.0
0.00037255902154803404
7.00842187697545e-5
1.929354773339334e-7
0.0
0.0
1.1252857961009279e-7
2.557327764848168e-7
1.0210330598719741e-7
1.5247138690827e-7
1.5360412884739404e-7
8.98069220149435e-7
1.1149849401377781e-7
0.0
0.0
0.0
0.0
0.0
0.0
0.0
0.0
0.0
0.0
0.0
0.0
0.00014617742906312796
3.1626840519704955e-5
2.1755447168590569e-7
0.0
5.621650043957271e-8
6.71733190119851e-8
1.1842441385574184e-7
1.3873388930326228e-7
1.5716054178329958e-7
2.0648219653127704e-7
4.614192697615644e-7
1.245301770888622e-7
1.2832276349964178e-7
0.0
0.0
0.0
0.0
0.0
0.0
0.0
0.0
0.0
0.0
0.0
0.00010203508003196987
1.8849976667579976e-5
2.0450508389080896e-7
1.0163390386685772e-8
9.490713433604824e-8
7.989113623327113e-8
7.989117025210224e-8
1.0758416723120712e-7
2.119002144377143e-7
1.6830821158865346e-7
4.465217242176056e-7
1.1650468818807483e-7
1.1272287849098722e-7
0.0
0.0
0.0
0.0
0.0
0.0
0.0
0.0
0.0
0.0
0.0
0.0
0.0
0.0
0.0
2.507447011146431e-6
8.569941492870776e-9
1.1015533478016725e-8
1.2843496301667476e-8
9.720115317413339e-8
9.50523314947703e-9
1.303932624109194e-6
1.7869085798066803e-5
0.0
0.0
0.0
0.0
0.0
0.0
0.0
0.0
0.0
0.0
0.0
0.0
0.0
0.0
0.0
0.0
5.082145618724404e-6
0.0
7.650398848171888e-7
1.2639772381697995e-5
1.345449790497329e-5
2.3328611766394353e-5
2.5693798923939645e-5
3.002048692726085e-5
0.0
0.0
0.0
0.0
0.0
0.0
0.0
0.0
0.0
0.0
0.0
0.0
0.0003892335175395018
7.35815917566667e-5
1.8500673825640644e-7
0.0
0.0
8.944655268667108e-8
1.637342299939137e-7
2.901007090013713e-7
3.227514008989628e-7
4.6356936069422076e-7
8.129528248843057e-7
0.0
0.0
0.0
0.0
0.0
0.0
0.0
0.0
0.0
0.0
0.0
0.0
0.0
0.00034882039633304875
7.197895225337008e-5
1.4875801185885454e-7
0.0
7.134517679116755e-9
1.2059414096917733e-7
3.4876580889594216e-8
8.262781297836976e-8
1.0870474678400694e-7
3.705837755125017e-7
3.071058098065297e-7
0.0
0.0
0.0
0.0
0.0
0.0
0.0
0.0
0.0
0.0
0.0
0.0
0.0
0.00024156684786206343
4.863681788266912e-5
1.2422218715550654e-7
0.0
0.0
1.2676928501357798e-7
2.259696734167759e-7
2.303837279665608e-7
1.8878382168517455e-7
5.065614441332553e-7
3.914749074022075e-7
0.0
0.0
0.0
0.0
0.0
0.0
0.0
0.0
0.0
0.0
0.0
0.0
0.0
0.00012342994305704854
2.135283268492087e-5
1.322897249967829e-7
0.0
8.919467544731397e-8
1.3378991732550288e-7
2.652155716845911e-7
6.449775370695746e-7
3.5445365426827807e-7
5.149558624993726e-7
1.047299606880837e-6
0.0
0.0
0.0
0.0
0.0
0.0
0.0
0.0
0.0
0.0
0.0
0.0
0.0
7.877784905107261e-5
1.16100871549093e-5
1.271447388981868e-7
0.0
0.0
0.0
0.0
3.6007764653254556e-7
0.0
3.2705353527865464e-7
2.1169773688266902e-7
0.0
0.0
0.0
0.0
0.0
0.0
0.0
0.0
0.0
0.0
0.0
0.0
0.0
0.0
0.0
0.0
0.0
0.0
0.0
0.0
8.630861145834114e-6
3.2660963621956754e-5
2.8473800161062185e-5
0.0
0.0
0.0
0.0
0.0
0.0
0.0
0.0
0.0
0.0
0.0
0.0
0.0
0.0
0.0
0.0
0.0
0.0
0.0
0.0
0.0
0.0
0.0
0.0
0.0
0.0
0.0
0.0
0.0
0.0
0.0
0.0
0.0
0.0
0.0
0.0
0.0
0.0
0.00022592989829614665
4.6733352710740194e-5
1.321054129920169e-7
0.0
0.0
0.0
1.2408103011955443e-7
6.443433416056497e-7
1.7332553637359072e-7
2.9120360185462363e-7
3.0712711945211527e-7
0.0
0.0
0.0
0.0
0.0
0.0
0.0
0.0
0.0
0.0
0.0
0.0
0.0
0.00021681839145837664
4.8416653300972095e-5
1.2327464435732683e-7
0.0
0.0
0.0
0.0
5.903247695336482e-7
2.5720927208084704e-7
3.564181816957093e-7
7.176592883094909e-7
0.0
0.0
0.0
1.587577884692392e-5
0.0
0.0
0.0
0.0
0.0
0.0
0.0
0.0
0.0
0.0007085982037430638
0.00016649556976708351
3.1349712208233934e-6
0.0
0.0
2.5585189300557617e-7
2.034030998220821e-7
1.35491610803395e-7
1.3549037791813522e-7
4.93915578553673e-7
3.551665301738028e-7
3.752898499089116e-8
0.0
0.0
2.5381132427226157e-5
0.0
0.0
0.0
0.0
0.0
0.0
0.0
0.0
0.0
0.001163177487638682
0.0003539583662558891
3.440567911569609e-5
0.0
0.0
2.1388477030326802e-7
2.763237915405728e-7
2.562577763480204e-7
1.7479638056156882e-7
5.660457539972737e-7
1.1798764736201285e-6
7.299516114027299e-8
2.132959340143073e-7
2.2521407170307571e-7
0.0
0.0
0.0
0.0
0.0
0.0
0.0
0.0
0.0
0.0
0.0011227222015184521
0.00030955292141345535
9.618329193550972e-6
5.9460628475486795e-8
2.3551348213353477e-7
2.150729796193858e-7
2.7034491039956407e-7
2.7121642884180244e-7
3.6315537716562024e-7
3.227930397698007e-7
1.0025166853417609e-6
2.1068647746805952e-7
2.0185154824706382e-7
0.0
0.0
0.0
0.0
0.0
0.0
0.0
0.0
0.0
0.0
0.0
0.0
0.0
0.0
0.0
0.0
0.0
0.0
0.0
2.013653855482217e-9
0.0
0.0
0.0
7.515013151519904e-7
0.0
0.0
0.0
0.0
0.0
0.0
0.0
0.0
0.0
0.0
0.0
0.0
0.0
0.0
0.0
7.254210717958229e-10
0.0
0.0
0.0
0.0
0.0
0.0
0.0
0.0
0.0
0.0
0.0
0.0
0.0
0.0
0.0
0.0
0.0
0.0
0.0
7.603079962537476e-5
6.063251467029106e-6
1.6501727732851059e-7
0.0
6.94024589136659e-8
2.8217169967634703e-7
0.0
0.0
2.094583150866576e-7
1.350993321981345e-7
3.2740808940890843e-7
2.2892509820420265e-7
5.7904554239610975e-8
0.0
0.0
0.0
0.0
0.0
0.0
0.0
0.0
0.0
0.0
0.0
0.00031865625564336954
0.00011786984383729203
2.6345636702353305e-5
0.0
0.0
1.820536146169039e-8
1.8173471558188774e-7
2.460433533136569e-7
1.9466605559467745e-7
3.600517149053893e-7
7.826585948761086e-7
1.0304820979834443e-6
1.1784423077983642e-6
1.1127594100682328e-6
1.5661370272263623e-5
0.0
0.0
0.0
0.0
0.0
0.0
0.0
0.0
0.0
0.00041429379813186007
0.00012952475600312287
1.302786364056011e-5
0.0
3.0510128943684536e-8
1.0145941807061146e-7
5.965623821137443e-8
4.9089581701983075e-8
1.5217831170472584e-7
4.0613331602668446e-7
2.9890519648325777e-7
7.228654630149993e-7
2.597583026188917e-7
1.3811110950637173e-6
1.8386414750884e-5
0.0
0.0
0.0
0.0
0.0
0.0
0.0
0.0
0.0
0.00030721557763134776
9.094219889224531e-5
1.2155507555974236e-5
2.0612968861587145e-6
1.0888424684890412e-8
8.535497807018933e-8
3.487257383407965e-7
2.496673489693569e-7
1.713234655679023e-7
9.699713219304768e-7
4.5096781415789476e-7
0.0
0.0
0.0
0.0
0.0
0.0
0.0
0.0
0.0
0.0
0.0
0.0
0.0
0.0001679221676181359
3.708668529265337e-5
1.2400834519956746e-7
0.0
0.0
8.242381150458579e-8
9.354010277429546e-8
5.762976490119806e-7
1.5326011044428745e-7
4.270099256818161e-7
2.443042381699863e-7
0.0
0.0
0.0
1.3857875953796314e-5
0.0
0.0
0.0
0.0
0.0
0.0
0.0
0.0
0.0
0.0
0.0
0.0
0.0
0.0
0.0
0.0
0.0
0.0
0.0
0.0
0.0
0.0
0.0
0.0
0.0
0.0
0.0
0.0
0.0
0.0
0.0
0.0
0.0
0.0
0.0
0.0
0.0
0.0
0.0
3.526373561657842e-9
1.559107616836809e-8
6.384300468381011e-9
6.352945427735462e-9
2.330772531923074e-9
0.0
0.0
0.0
0.0
0.0
0.0
0.0
0.0
0.0
0.0
0.0
0.0
0.0
0.00033340761596593085
6.52903283887592e-5
1.5741817715587036e-7
0.0
0.0
0.0
0.0
6.466257155361682e-7
1.526578255955039e-7
6.577744420960682e-7
2.2303584722684176e-7
0.0
4.681737051067606e-6
3.0653641397112234e-5
4.34917675527136e-5
0.0
0.0
0.0
0.0
0.0
0.0
0.0
0.0
0.0
0.001072394573299377
0.0003306739334727033
9.446150076262653e-6
0.0
1.0456695297628997e-7
2.577367126762347e-7
2.9449556747413607e-7
2.0590461544989916e-7
1.7686067499115835e-7
5.497060886482106e-7
3.948612393857585e-7
2.1086324127704603e-7
2.3557010847025142e-7
0.0
1.1760180191397462e-5
0.0
0.0
0.0
0.0
0.0
0.0
0.0
0.0
0.0
0.0015103269188356527
0.0003929048925356297
5.16920517200053e-6
0.0
2.7866615714446325e-8
3.007134204659803e-7
2.9120956246530307e-7
2.3646840234939355e-7
2.6787517894626796e-7
6.080578702910588e-7
4.5646442403912896e-7
8.605038893382985e-8
2.1240962912655576e-7
2.4651649884357013e-7
0.0
0.0
0.0
0.0
0.0
0.0
0.0
0.0
0.0
0.0
0.0012033071017352036
0.00029312020204218394
8.03892179232168e-6
0.0
8.345174059248215e-8
1.6490476625964774e-7
2.204541543288568e-7
2.921136449875546e-7
2.7314936639457496e-7
2.9064575594763376e-7
5.635340958214919e-7
8.723529964253792e-8
0.0
0.0
4.401958987863856e-7
0.0
0.0
0.0
0.0
0.0
0.0
0.0
0.0
0.0
0.0004996444662778331
0.00010993052344619475
1.1620702570573611e-6
0.0
0.0
1.9011294440412978e-7
2.295660131009503e-7
4.178234549597432e-7
1.7787414539189495e-7
4.875887417759098e-7
2.8777263472626523e-7
2.1108019797812846e-7
2.3699719400384744e-7
0.0
0.0
0.0
0.0
0.0
0.0
0.0
0.0
0.0
0.0
0.0
0.0
0.0
0.0
0.0
0.0
0.0
0.0
0.0
0.0
0.0
0.0
0.0
0.0
0.0
0.0
0.0
0.0
0.0
0.0
0.0
0.0
0.0
0.0
0.0
0.0
0.0
0.0
0.0
0.0
0.0
0.0
1.951157180206445e-9
1.933885123820571e-9
0.0
0.0
0.0
0.0
0.0
0.0
0.0
0.0
0.0
0.0
0.0
0.0
0.0
0.0
0.0
0.0
0.0
0.0
0.0
0.0
0.0
0.0
0.0
0.0
0.0
0.0
0.0
0.0
0.0
0.0
0.0
0.0
0.0
0.0
0.0
0.0
0.0
0.0
0.0
0.0004622055020426758
0.00012746515156302943
8.377520362242512e-6
1.0232026560248046e-6
0.0
3.197936196532744e-8
1.3050963690684035e-7
5.873762584194328e-7
1.3774753119722536e-7
7.382594655226151e-7
2.436776617942302e-7
2.0971921495859678e-7
2.2785484659780504e-7
1.4661310912504402e-5
3.70238194741051e-5
0.0
0.0
0.0
0.0
0.0
0.0
0.0
0.0
0.0
0.00046657033217649716
0.00013443164278632215
1.1444516900321632e-5
0.0
0.0
7.082702928401656e-8
1.2660525275212828e-7
4.321109845781851e-7
1.0226208558054791e-7
4.2997863666646275e-7
2.507748067096382e-7
4.6332929985421267e-7
2.431241701191999e-7
0.0
9.342605612989168e-6
0.0
0.0
0.0
0.0
0.0
0.0
0.0
0.0
0.0
0.00060930242662669
0.00015546702454114568
1.3564310314086351e-5
4.851863387635405e-6
3.153613846551032e-9
2.982625263456674e-7
3.305895010533951e-7
7.329923459622557e-7
3.39683558312386e-7
1.1757157844254038e-6
4.5585423326157807e-7
0.0
8.637651545387965e-6
3.347030518644999e-5
4.2984717470000485e-5
0.0
0.0
0.0
0.0
0.0
0.0
0.0
0.0
0.0
0.0008482813244750498
0.00024076411989733363
4.842434563073267e-5
2.2322644334828677e-5
0.0
0.0
0.0
5.049765017373654e-7
1.5946195867636164e-7
8.395401605493578e-7
2.438505557232859e-7
7.399791608500302e-7
2.4084836913832058e-5
5.177152868993523e-5
6.331876408880082e-5
0.0
0.0
0.0
0.0
0.0
0.0
0.0
0.0
0.0
0.0
0.0
0.0
0.0
0.0
0.0
0.0
0.0
0.0
0.0
0.0
0.0
0.0
0.0
0.0
0.0
0.0
0.0
0.0
0.0
0.0
0.0
0.0
0.0
0.0
0.0
0.0
0.0
0.0
0.0
0.0
0.0
0.0
1.0371542725834888e-9
0.0
0.0
0.0
0.0
0.0
0.0
0.0
0.0
0.0
0.0
0.0
0.0
0.0
0.0
0.0017921454496678006
0.0005804692768666857
3.81207886497095e-5
0.0
1.6353238348223788e-7
6.762544813031055e-8
1.5940124327020022e-7
8.027209751089798e-7
3.9477427874877595e-7
6.010859246656195e-7
3.633381400646283e-7
7.136445990762706e-7
5.150264031030046e-6
3.096531181709869e-5
4.451027494097085e-5
0.0
0.0
0.0
0.0
0.0
0.0
0.0
0.0
0.0
0.0013877767314466355
0.00043041445803736954
2.9981420106052796e-5
0.0
0.0
9.785811086394214e-8
0.0
3.204568937835991e-7
1.1370570625119596e-7
1.0257181645137418e-6
1.3951576913661858e-6
8.41491626113539e-6
3.880643584119555e-5
5.4739000633816905e-5
6.39335471111819e-5
0.0
0.0
0.0
0.0
0.0
0.0
0.0
0.0
0.0
0.0010395304807985486
0.00039116533009190895
7.372750902029589e-5
3.6818427569810407e-7
2.1444329661661643e-7
2.7673230994479995e-7
1.824291395425857e-7
5.221008786306325e-7
9.122189259231638e-8
1.089741971582998e-6
9.699861189325327e-7
2.3105071089289317e-7
0.0
9.570150939906478e-6
1.0183227263699932e-5
0.0
0.0
0.0
0.0
0.0
0.0
0.0
0.0
0.0
0.0006690436568730914
0.00010606835550113674
2.666083901150475e-7
0.0
0.0
0.0
1.0158976800192283e-7
2.5013246296251113e-7
2.284258480090404e-7
5.378296615255615e-7
5.511638618734963e-7
1.5088790295081631e-6
1.1550978543782212e-6
0.0
0.0
0.0
0.0
0.0
0.0
0.0
0.0
0.0
0.0
0.0
0.00016324052052665554
4.7174361983125446e-5
1.559961065153968e-7
6.538243693130441e-7
9.999823558750475e-7
1.512566700535434e-6
1.1025921583063241e-6
7.442904702036256e-7
8.878638628361903e-8
4.952669712662472e-7
4.772204518064045e-7
0.0
0.0
0.0
0.0
0.0
0.0
0.0
0.0
0.0
0.0
0.0
0.0
0.0
0.0
0.0
0.0
0.0
0.0
0.0
0.0
0.0
0.0
0.0
0.0
0.0
0.0
0.0
0.0
0.0
0.0
0.0
0.0
0.0
0.0
0.0
0.0
0.0
0.0
0.0
0.0
0.0
0.0
0.0
0.0
0.0
0.0
0.0
0.0
0.0
0.0
0.0
0.0
0.0
0.0
0.0
0.0
0.0
0.0
0.0
0.0
0.0
0.0006308122171281618
0.00016937136854403717
1.752881660617188e-5
3.190139588944387e-6
0.0
0.0
3.309103937881758e-8
4.918918191076419e-7
1.208846932184501e-7
8.995221445018203e-7
4.845083785492016e-7
2.1179111414324617e-7
1.0694944926301548e-5
3.7371430848615274e-5
4.788568518474669e-5
0.0
0.0
0.0
0.0
0.0
0.0
0.0
0.0
0.0
0.0013613466445572715
0.0004871953853624912
7.821226597131762e-5
1.6373342507982273e-5
0.0
1.6485549884435752e-7
1.0744545687478711e-7
6.156631882674469e-7
2.863538179691437e-7
8.551421299250984e-7
2.419120404203673e-7
0.0
1.3884303530310047e-5
3.902422460601302e-5
3.316378151229322e-5
0.0
0.0
0.0
0.0
0.0
0.0
0.0
0.0
0.0
0.0008656731101964297
0.00026002705316873436
1.8117298462922948e-5
1.2079914180559816e-6
0.0
0.0
4.434434761652467e-8
5.584568316701092e-7
2.320535393468456e-7
6.835739120408548e-7
2.536848226914809e-7
7.07190141724183e-7
1.4153815712417949e-5
1.2798732254037574e-5
2.256395994336394e-5
0.0
0.0
0.0
0.0
0.0
0.0
0.0
0.0
0.0
0.002055557766616895
0.0008578027296207516
0.00013484690848669786
2.076996100325761e-5
0.0
0.0
0.0
1.9590352557584537e-7
4.318803838874214e-7
5.40016604011208e-7
2.450223894327432e-7
1.0225309464733117e-5
6.267810406565575e-5
8.981536210477983e-5
0.00010074881455758297
0.0
0.0
0.0
0.0
0.0
0.0
0.0
0.0
0.0
0.0027592077538490752
0.0013299593121905164
0.0002634903189172237
8.99870055444254e-5
2.1988007126947018e-6
1.1384240230029027e-8
7.851495509279125e-8
7.275962287191207e-7
1.6718176078407923e-7
4.60893236041105e-7
2.5364123071152917e-7
1.0851356110194545e-5
7.526111833821905e-5
0.00011191204485580434
0.00014627956209877825
0.0
0.0
0.0
0.0
0.0
0.0
0.0
0.0
0.0
0.0
0.0
0.0
0.0
0.0
0.0
0.0
0.0
5.404581494072872e-9
0.0
0.0
0.0
0.0
0.0
0.0
0.0
0.0
0.0
0.0
0.0
0.0
0.0
0.0
0.0
0.0
0.0
0.0
0.0
0.0
0.0
0.0
0.0
0.0
0.0
0.0
0.0
0.0
0.0
0.0
0.0
0.0
0.0
0.0
0.0
0.0
0.0
0.0
0.0
0.0018937986770633485
0.0007859526686223628
8.453844074976459e-5
0.0
0.0
0.0
0.0
0.0
0.0
3.6213905269200706e-7
2.2393316092354463e-7
7.350521014352539e-7
2.6315708457278395e-7
0.0
1.4266250723619695e-5
0.0
0.0
0.0
0.0
0.0
0.0
0.0
0.0
0.0
0.0013700286641877481
0.0005666514583927905
5.56894201345326e-5
0.0
0.0
8.63319190263084e-9
0.0
2.484695697456856e-7
0.0
3.272211490925996e-7
2.1663528721132468e-7
5.619929300707121e-7
1.1204300293319502e-5
6.776945977440044e-5
8.986764592581271e-5
0.0
0.0
0.0
0.0
0.0
0.0
0.0
0.0
0.0
0.0016870178136318497
0.0007966031789930399
0.00017608759095852784
6.536471930554673e-5
0.0
3.08520269090387e-7
1.0082309140423406e-7
7.720601820852589e-7
1.017898502922603e-7
9.0433359817489e-7
2.592545404680984e-7
2.096462726373843e-5
7.897207819931061e-5
0.00011696250163302411
0.000181838391865158
0.0
0.0
0.0
0.0
0.0
0.0
0.0
0.0
0.0
0.0026510305053497325
0.0012268178513343212
0.000309358794619078
0.00012384929797555275
1.2147190463243822e-5
3.155794753965202e-7
1.527138755152434e-7
8.699093985117069e-7
1.9194630104726576e-7
1.116549877438887e-6
9.898768473994711e-7
1.2231261322445708e-5
4.3047143749787914e-5
6.861858112819115e-5
0.00011858979658152309
0.0
0.0
0.0
0.0
0.0
0.0
0.0
0.0
0.0
0.002039961177212239
0.0010121599864418799
0.00025581377535138707
9.215455357925625e-5
1.3027948411086159e-5
3.0564015158714195e-7
0.0
7.021821846964376e-7
0.0
5.768274036907745e-7
3.083588283263954e-5
7.788618414558874e-5
0.00011321837317372251
0.00014211684462045988
0.00018232865017552788
0.0
0.0
0.0
0.0
0.0
0.0
0.0
0.0
0.0
0.0
0.0
0.0
0.0
0.0
0.0
0.0
0.0
0.0
0.0
0.0
0.0
0.0
0.0
0.0
0.0
0.0
0.0
0.0
0.0
0.0
0.0
0.0
0.0
0.0
0.0
0.0
0.0
0.0
0.0
0.0
0.0
0.0
0.0
0.0
0.0
0.0
0.0
0.0
0.0
0.0
0.0
0.0
0.0
0.0
0.0
0.0
0.0
0.0
0.003407950165660989
0.0011618304507638516
0.00019418899284394254
5.698158814374486e-5
0.0
2.4845240703724174e-7
2.175065207755894e-7
3.536085691120076e-7
3.866912792892941e-7
1.520310865895142e-6
2.309166500840022e-5
6.838487535672473e-5
0.00010972643216745455
0.00012659093525501226
0.0001644102505996188
0.0
0.0
0.0
0.0
0.0
0.0
0.0
0.0
0.0
0.001823144406525165
0.0006175490974030658
7.301267724014051e-5
9.585186139200992e-6
5.78958034305735e-8
1.9995071129746754e-7
2.173380118262829e-7
4.714716505766237e-7
4.923261682125281e-7
1.4971235167301284e-6
9.804668268651666e-7
5.976378110353409e-6
4.149964163487609e-5
3.947754863578062e-5
6.198198945231534e-5
0.0
0.0
0.0
0.0
0.0
0.0
0.0
0.0
0.0
0.002242514117570921
0.0005289728689608727
5.459950962848617e-7
0.0
0.0
0.0
0.0
0.0
0.0
8.364101090135348e-7
5.128056645144505e-7
2.1000158921766367e-7
2.391534975363221e-7
8.832604441283813e-7
4.127484594242907e-6
0.0
0.0
0.0
0.0
0.0
0.0
0.0
0.0
0.0
0.0016551073308189908
0.0003594420091340754
9.328895081403834e-8
0.0
0.0
2.051711710573083e-8
2.981750527499117e-7
1.4161319731295836e-7
4.14249834145285e-7
5.632702530232958e-7
1.6993615699861342e-6
1.0601116975685842e-6
2.802169062438034e-5
3.945021557551969e-5
4.921976781359125e-5
0.0
0.0
0.0
0.0
0.0
0.0
0.0
0.0
0.0
0.0018715404889303952
0.00047113703522821997
1.2840684264647325e-5
0.0
0.0
2.6627077406190007e-7
2.0711879689461364e-7
5.127554522439687e-7
2.429560197057732e-7
5.990784591691594e-7
1.1097634679608717e-6
6.55044390161484e-7
5.761366575701375e-6
1.5687066324961883e-6
1.4274503590938052e-6
0.0
0.0
0.0
0.0
0.0
0.0
0.0
0.0
0.0
0.0
0.0
0.0
0.0
0.0
0.0
0.0
0.0
0.0
0.0
0.0
0.0
0.0
0.0
0.0
0.0
0.0
0.0
0.0
0.0
0.0
0.0
0.0
0.0
0.0
0.0
0.0
0.0
0.0
0.0
0.0
0.0
0.0
0.0
0.0
0.0
0.0
0.0
0.0
0.0
0.0
0.0
0.0
0.0
0.0
0.0
0.0
0.0
0.0021138097782244375
0.0006283888699347473
9.586942260251276e-5
1.3978585174375048e-5
0.0
0.0
0.0
1.7705480038790888e-7
5.841842985583678e-7
1.5709885743518678e-6
2.3555936509144557e-5
5.645198170260215e-5
6.104824152803794e-5
0.00011415945959028567
0.00018795442355160232
0.0
0.0
0.0
0.0
0.0
0.0
0.0
0.0
0.0
0.0032601755452222585
0.001053845494896734
0.00015855211251959952
5.6160220535882475e-5
2.3076250760822326e-6
3.0502636206925983e-7
0.0
6.7660654557608e-7
2.4120774198842e-7
1.3811812089451238e-6
4.929499900145414e-5
9.660878873986335e-5
0.00012821702312974223
0.00017402906661632164
0.00026266578782570027
0.0
0.0
0.0
0.0
0.0
0.0
0.0
0.0
0.0
0.00394499940962767
0.0022110161600691204
0.001250875437288059
0.0011000405110540654
0.0006783625093190048
0.00021268314061775737
0.0001012621305878267
0.00016673503465307603
0.00016892291943655465
0.00021195443025477529
0.0002632626878860467
0.0004098981833348383
0.0004494695317605414
0.000412580353467291
0.00040763994701392367
0.0
0.0
0.0
0.0
0.0
0.0
0.0
0.0
0.0
0.0021643947490876097
0.0007690108901839292
7.192834103477821e-5
1.1403831814618428e-5
6.008454284797309e-9
2.925239140531665e-7
2.0931437965783352e-7
7.73886428019541e-7
5.348460827654164e-7
7.761544489175387e-6
6.514793927043937e-5
0.00011378960046523845
0.00014601498248362685
0.0001859023317421468
0.00023326181201201924
0.0
0.0
0.0
0.0
0.0
0.0
0.0
0.0
0.0
0.002438412816962999
0.000887231872351571
0.00016617202930266839
6.563443998681042e-5
4.3353586242643224e-6
5.192319632548885e-7
1.6833877545655583e-7
9.565179420793663e-7
6.002754230411439e-7
1.1036258190022616e-5
6.565182887290222e-5
0.00011275312500839533
0.00015403675444053964
0.0002017377712851593
0.00022947063821535877
0.0
0.0
0.0
0.0
0.0
0.0
0.0
0.0
0.0
0.0
0.0
0.0
0.0
0.0
0.0
0.0
0.0
0.0
0.0
0.0
0.0
0.0
0.0
0.0
0.0
0.0
0.0
0.0
0.0
0.0
0.0
0.0
0.0
0.0
0.0
0.0
0.0
0.0
0.0
0.0
0.0
0.0
0.0
0.0
0.0
0.0
0.0
0.0
0.0
0.0
0.0
0.0
0.0
0.0
0.0
0.0
0.0
0.002343593528764591
0.0007034618407936782
1.9946849942196368e-5
0.0
0.0
0.0
0.0
0.0
2.1001608837652718e-7
3.6319867683341317e-7
9.202463200569128e-7
1.4103082195533553e-7
0.0
0.0
6.401722510938447e-6
0.0
0.0
0.0
0.0
0.0
0.0
0.0
0.0
0.0
0.0017493751523549208
0.0004100659883560245
5.260224945424997e-7
0.0
1.3867278731947476e-7
2.69626264525603e-7
2.595783397908393e-7
4.223761594408915e-7
2.0793929943095913e-7
1.4152607710862634e-6
1.213221615587276e-6
3.0303932065825425e-5
6.95034087541498e-5
0.00010473807188957045
0.0001508072480193863
0.0
0.0
0.0
0.0
0.0
0.0
0.0
0.0
0.0
0.0016915011586526975
0.0007561492762259766
0.00024912114116022017
0.00016463444792937418
7.114653631642832e-5
0.0
1.660450982044084e-7
9.187444323771452e-7
4.7694642298512905e-6
9.501186868228106e-5
0.00014945894653019384
0.0001922686890643041
0.00025223477153269624
0.0002940930493196634
0.0003235207816666193
0.0
0.0
0.0
0.0
0.0
0.0
0.0
0.0
0.0
0.0
0.0
0.0
0.0
0.0
0.0
0.0
0.0
0.0
0.0
0.0
0.0
0.0
0.0
0.0
0.0
0.0
0.0
0.0
0.0
0.0
0.0
0.0
0.0
0.0020192053894204595
0.0008155962864043258
0.00025038634178186904
0.00018690033841336942
8.068529522913146e-5
2.385349744646191e-7
0.0
8.188772860952668e-7
5.750726603436785e-7
3.9434972284462735e-5
5.37751889541383e-5
5.963818173545915e-5
0.00010448152687406238
0.00017070462514570504
0.00021469756968567943
0.0
0.0
0.0
0.0
0.0
0.0
0.0
0.0
0.0
0.0
0.0
0.0
0.0
0.0
0.0
0.0
0.0
0.0
0.0
0.0
0.0
0.0
0.0
0.0
0.0
0.0
0.0
0.0
0.0
0.0
0.0
0.0
0.0
0.0
0.0
0.0
0.0
0.0
0.0
0.0
0.0
0.0
0.0
0.0
0.0
0.0
0.0
0.0
0.0
0.0
0.0
0.0
0.0
0.0
0.0
0.0
0.0
0.00443112914231936
0.0015668306946843825
0.00027463002668058097
8.339274322650114e-5
6.837547491885503e-6
3.2682195119388367e-7
0.0
7.27338079911989e-7
2.59994914889108e-7
1.0385083193001494e-5
9.540123805301148e-5
0.00016591451359074122
0.00019797443152362647
0.0002244103755695498
0.0002670411328709505
0.0
0.0
0.0
0.0
0.0
0.0
0.0
0.0
0.0
0.00516828420433257
0.0014148817677053659
0.000275629397346352
0.00010761228885035174
1.1915136686657261e-5
3.36246838314217e-7
0.0
6.427199971831216e-7
2.4250762367837246e-7
1.533927851939685e-6
3.444472232593222e-5
0.00010049888269578718
0.00016945262626893317
0.00023864363191954815
0.00030800963483834545
0.0
0.0
0.0
0.0
0.0
0.0
0.0
0.0
0.0
0.004968518226677112
0.0018417772922808317
0.00030989413593930334
5.919192928099488e-5
0.0
0.0
0.0
6.838011248247772e-7
2.681720895053872e-7
1.100700068983934e-6
4.74432120618385e-5
0.00012886554477391137
0.00017150164315074074
0.00019848144398936285
0.0002330953525188657
0.0
0.0
0.0
0.0
0.0
0.0
0.0
0.0
0.0
0.0028408015592226933
0.0013128622571170225
0.00035495529940104406
0.00025131285205114764
0.00012569570991011889
1.2434302040802976e-7
0.0
4.985414279821832e-6
4.907049463985345e-5
0.0001269893507503497
0.00016620786213440377
0.000256475814306723
0.00031372431048213456
0.0003435726576932882
0.0003946896643406161
0.0
0.0
0.0
0.0
0.0
0.0
0.0
0.0
0.0
0.002699332632441887
0.0013215548261535468
0.00043442898044747564
0.00030745388876154695
0.000206722198968327
3.330835259368151e-6
0.0
9.207577479825572e-5
0.00011088901891035976
0.00018861876523090971
0.00023107566786864387
0.0003742684348026981
0.0004734139307590424
0.0004769317782351842
0.0005032598496679696
0.0
0.0
0.0
0.0
0.0
0.0
0.0
0.0
0.0
0.0
0.0
0.0
0.0
0.0
0.0
0.0
0.0
0.0
0.0
0.0
0.0
0.0
0.0
0.0
0.0
0.0
0.0
0.0
0.0
0.0
0.0
0.0
0.0
0.0
0.0
0.0
0.0
0.0
0.0
0.0
0.0
0.0
0.0
0.0
0.0
0.0
0.0
0.0
0.0
0.0
0.0
0.0
0.0
0.0
0.0
0.0
0.0
0.002814926458041674
0.0010608563248787417
0.00011403793986510879
1.4586058763213158e-5
4.78850304411951e-8
2.2833475753354177e-7
1.56393062323355e-7
1.7377894723464043e-6
5.379493861031899e-7
2.8921102001308126e-5
0.00010950030525034707
0.0001732163940313716
0.00023469970441236201
0.00027743923752091893
0.0003007171310164557
0.0
0.0
0.0
0.0
0.0
0.0
0.0
0.0
0.0
0.002000803712769266
0.0007495212012120438
0.00015038873411537596
4.597468386041812e-5
6.700230816201948e-9
4.039084672258631e-7
1.1576749137567801e-7
1.23730056382063e-6
3.813262981976318e-7
5.440129171282897e-5
0.00011842326928860129
0.00015358018143398215
0.0001851718950126969
0.00024753422168740367
0.0002793031458101569
0.0
0.0
0.0
0.0
0.0
0.0
0.0
0.0
0.0
0.002544072608027434
0.0011250231903511352
0.0002859558999397375
0.00013347881217121594
5.2580040807526644e-5
2.482935670188346e-7
0.0
1.4553602050675185e-6
5.13312774368012e-7
6.225355401964512e-5
0.00013883412192330287
0.00017220344982225752
0.00022651563536254244
0.0003060761769520883
0.00033630535813788286
0.0
0.0
0.0
0.0
0.0
0.0
0.0
0.0
0.0
0.004082938192790151
0.0016757479339413093
0.0003385769617183719
0.00011229529684375952
4.9136082648834225e-6
3.1853846216966697e-7
1.4447130237249368e-7
8.408007143592577e-7
3.26196351432158e-7
1.9981868376794274e-5
7.66930417123848e-5
0.00011045599222805876
0.00016531408648534486
0.00022848870987260219
0.00029088906867863246
0.0
0.0
0.0
0.0
0.0
0.0
0.0
0.0
0.0
0.0032587599812184927
0.0018831150688084297
0.0005096669131978369
0.00018826139324712934
9.718169095328606e-5
0.0
0.0
4.030884382471095e-5
5.405745779646024e-5
0.00010440735175680041
0.00016861329674799016
0.00018961898547535587
0.00023848929535206422
0.0003644307820984437
0.0004789175507794741
0.0
0.0
0.0
0.0
0.0
0.0
0.0
0.0
0.0
0.0
0.0
0.0
0.0
0.0
0.0
0.0
0.0
0.0
0.0
0.0
0.0
0.0
0.0
0.0
0.0
0.0
0.0
0.0
0.0
0.0
3.6820073974183065e-5
7.04068717411504e-5
7.403912778756417e-5
0.00010176729206041603
1.575965427046453e-5
0.0
0.0
0.0
0.0
0.0
0.0
0.0
0.0
0.0
0.0
0.0
0.0
0.0
4.725482359600569e-5
5.126117128694746e-5
0.0
4.778954389414314e-5
6.640434721372019e-5
9.347985432416956e-5
0.00011201005001556357
0.00030874384090780665
0.0003234747129135541
0.007179474061010317
0.003098272089443729
0.0009864119973369233
0.0005449250440633089
0.00033115588307015614
5.6209304475484e-5
1.9803949563071365e-5
0.0001231559462919793
0.00010898980778731171
0.00018225829144180063
0.00023291895777256515
0.00036002256754711905
0.000588198502785351
0.0008367606926942016
0.0011981310316136408
0.0
0.0
0.0
0.0
0.0
3.327603952149469e-5
8.179119512105313e-5
8.148001175913877e-5
0.0003530406940135077
0.006957288674509794
0.0037951981321949174
0.0014245779671957332
0.000551642395016837
0.00030054302924047583
3.61119286190685e-5
1.121843855520603e-6
8.107189839905348e-5
0.00012736480850073474
0.0002347092570131327
0.00033960944216308034
0.0005687863464168834
0.000618890307363602
0.0006374203875574962
0.0009752806780701576
0.0
0.0
0.0
0.0
0.0
2.9900429030508546e-5
4.9602481774701165e-5
8.203001683108613e-5
0.00021724287986012427
0.0064735243270491035
0.0033845760379475347
0.0009842532494443823
0.00041576177254596275
0.00022462903160640297
2.2360516161331696e-6
0.0
1.4564844429828138e-5
7.825313385768549e-5
0.00019310233636993186
0.0002769406699028973
0.00034802057852468795
0.0003363466975597443
0.0003761307769767626
0.0005692288457675968
0.0
0.0
0.0
0.0
0.0
0.0
0.0
0.0
0.0
0.00510059638002888
0.001703403711880785
0.0003453022812262428
0.00015870907073759649
6.53845821694984e-5
2.466715491522988e-7
0.0
3.2582289484545937e-6
1.707208706838627e-5
7.878702203261445e-5
0.0001829512120615843
0.0002809195534837629
0.0003291213836055708
0.0003847442126811299
0.00037153962675596776
0.0
0.0
0.0
0.0
0.0
0.0
0.0
0.0
0.0
0.003983302231525986
0.0014261385165434185
0.0002453033067699477
0.00011954814817933774
2.3423980297244414e-5
3.4406683384895125e-7
0.0
1.5693568067002353e-6
2.3127511620141135e-6
4.00216550684156e-5
6.286304241538617e-5
0.00015494737357413347
0.0002466530056777849
0.0002680651723634572
0.0002303369181441864
0.0
0.0
0.0
0.0
0.0
0.0
0.0
0.0
0.0
0.0
0.0
0.0
0.0
0.0
0.0
0.0
0.0
0.0
0.0
0.0
0.0
0.0
0.0
0.0
0.0
0.0
0.0
0.0
0.0
0.0
0.0
0.0
0.0
0.0
0.0
0.0
0.0
0.0
0.0
0.0
0.0
0.0
0.0
0.0
0.0
0.0
0.0
0.0
0.0
0.0
0.0
0.0
0.0
0.0
0.0
0.0
0.0
0.0032275574484201004
0.0010574304781197244
3.492716504775227e-5
0.0
0.0
0.0
0.0
4.0011501428646636e-7
2.2893536879857185e-7
3.3116781999251413e-7
8.798682364622816e-7
0.0
0.0
0.0
3.862547686207433e-6
0.0
0.0
0.0
0.0
0.0
0.0
0.0
0.0
0.0
0.002040445879539757
0.0007306400276497514
2.5815079613301966e-5
0.0
0.0
0.0
0.0
0.0
2.1230466533163357e-7
3.4493227737247973e-7
1.4026899991026462e-6
4.608412877397148e-6
5.0240415414533325e-5
0.00011041355379574315
0.00013084038549767107
0.0
0.0
0.0
0.0
0.0
0.0
0.0
0.0
0.0
0.0023593525976375825
0.0008762640468733589
5.727096614861011e-5
1.2601942008211188e-7
0.0
1.1816157369122399e-8
0.0
1.8802444548700706e-7
2.1077401630622378e-7
1.562850049855853e-6
5.061053167317536e-6
5.147928656117525e-5
7.942778723461057e-5
0.00011029006371414296
0.00015053372522822334
0.0
0.0
0.0
0.0
0.0
0.0
0.0
0.0
0.0
0.0031928828240681217
0.0010847021028695886
9.727838160043297e-5
0.0
0.0
0.0
0.0
1.8106627965894268e-7
2.739617592460074e-7
6.352932120544104e-7
1.2985876350281473e-5
7.962309549942336e-5
0.00014281585678179134
0.00021126009377956778
0.00025077847976208385
0.0
0.0
0.0
0.0
0.0
0.0
0.0
0.0
0.0
0.004610889055775777
0.001563593595343392
0.00028659289538540797
3.972359910952704e-5
0.0
0.0
0.0
1.055196820701642e-6
3.064855088345877e-7
4.121543993416057e-5
9.479985294878425e-5
0.0001293551736764325
0.00016260917003616454
0.00019889103761465182
0.0002686895993973491
0.0
0.0
0.0
0.0
0.0
0.0
0.0
0.0
0.0
0.0
0.0
0.0
0.0
0.0
0.0
0.0
0.0
0.0
0.0
0.0
0.0
0.0
0.0
0.0
0.0
0.0
0.0
0.0
0.0
0.0
0.0
0.0
0.0
0.0
0.0
0.0
0.0
0.0
0.0
0.0
0.0
0.0
0.0
0.0
0.0
0.0
0.0
0.0
0.0
0.0
0.0
0.0
0.0
0.0
0.0
0.0
0.0
0.0
0.0
0.0
0.0
0.0
0.0
0.0
0.0
0.0
0.0
0.0
0.0
0.0
0.0
0.0
0.0
0.0
0.0
0.0
0.0
0.0
0.0
0.0
0.0
0.0030143172778715117
0.0017865594223000867
0.0010613339064463876
0.0004346503597750208
0.00011746304469245164
0.0
0.0
8.005706412271537e-5
0.00010104801814649632
0.00017728844136301783
0.00024134896599151161
0.0005002856745572622
0.0005973010353127423
0.000555922741881524
0.000585298531844701
0.0
0.0
0.0
0.0
0.0
0.0
0.0
0.0
0.0
0.003139704637855295
0.002319598566304703
0.0011770882188555317
0.0004310908436913006
0.00020485550018336366
6.61019417212771e-7
0.0
5.033315856885683e-5
7.086055742915556e-5
0.00014126151387841893
0.00020166743312925644
0.0002708583448712451
0.00035905672921936747
0.00040498088024724157
0.0004045103207134895
0.0
0.0
0.0
0.0
0.0
0.0
0.0
0.0
0.0
0.0034686124233461986
0.0021709012742827847
0.0009291952010621102
0.00033580241559113037
0.00011934682268509159
0.0
0.0
5.545320746663465e-5
0.00010822749279629412
0.00018299318005866568
0.00021607121270615027
0.00024757770367115245
0.00025761482272863894
0.00029593208651285715
0.0002965866350509003
0.0
0.0
0.0
0.0
0.0
0.0
0.0
0.0
0.0
0.0021676276796349543
0.0010590486373468174
0.00025453027105229947
0.00011816329033377762
4.775978604059111e-5
1.3938048766426824e-5
2.561108431286532e-6
6.29279265557201e-6
8.266541681142034e-6
1.0813543349779111e-5
3.9829027808649766e-5
9.648335913883972e-5
0.00010938759887057286
0.0001070941617426047
0.00012715887280066715
0.0
0.0
0.0
0.0
0.0
0.0
0.0
0.0
0.0
0.0
0.0
0.0
0.0
0.0
0.0
0.0
0.0
0.0
0.0
0.0
0.0
0.0
0.0
0.0
0.0
0.0
0.0
0.0
0.0
0.0
0.0
0.0
0.0
0.0
0.0
0.0
0.0
0.0
0.0
0.0
0.0
0.0
0.0
0.0
0.0
0.0
0.0
0.0
0.0
0.0
0.0
