0.0005485962643620468
0.0
0.0
0.0
0.0
0.0009468834980350371
0.0008870649505740596
0.0006963654784298626
0.0006009670915781832
0.0006481643493611234
0.0005481752735629602
0.0004143521183976079
0.00026823020972612145
0.00024160994222114035
0.00026919327565858226
0.00026675908777234526
0.0002122657463965016
0.00020012301533752524
0.00011711230865101626
9.111211507380115e-5
7.155868419865064e-5
0.00020091057820682774
0.0002636065817259862
0.0002698204197539054
0.000416287619402744
0.0
0.0
0.0
0.0
0.00034360929600275164
0.00014718737568779472
2.5664470393592626e-7
0.0
4.1125565802275974e-7
0.0
0.0
0.0
0.0
0.0
0.0
0.0
0.0
0.0
0.0
0.0
0.0
0.0
0.0
2.2676235623659058e-6
0.0
0.0
0.0
0.0
2.281176213729283e-7
0.0
0.0
0.0
0.0
0.0
0.0
0.0
0.0
0.0
0.0
0.0
0.0
0.0
0.0
0.0
0.0
3.4122866372847636e-6
2.500680225464826e-5
0.000270223083052453
0.0
0.0
0.0
0.0
0.0007048913395718064
0.0007444075096341098
0.0007048102063926014
0.0005200939119913338
0.0003069777097104763
0.0002019647606597976
4.445022038330538e-6
2.482123672560143e-7
1.218551766743436e-6
1.6598833707647249e-6
2.168733261813023e-7
0.0
1.614932220321428e-5
7.086089772731338e-5
0.00034114833882595004
0.0004803063790924144
0.0004919302284029876
0.0006143339232735895
0.0007592030085483618
0.0010693289834380936
0.0
0.0
0.0
0.0
0.0011865467503734677
0.0010439058279180576
0.0008151531745650807
0.0005032129188242053
0.00013298034209251354
3.1468849649930037e-7
1.533750471458446e-7
0.0
0.0
0.0
0.0
0.0
0.0
0.0
0.0
0.0
1.1352000943418075e-6
1.7965864317241084e-6
1.8755760306257659e-6
4.8511004975025874e-6
0.0
0.0
0.0
0.0
0.00030498714365874007
0.00024420347608121494
1.5687637130719376e-5
1.673787418018546e-7
3.5552629632517454e-7
0.0
0.0
0.0
0.0
0.0
0.0
0.0
0.0
0.0
0.0
0.0
0.0
0.0
0.0
2.2044326865875353e-6
0.0
0.0
0.0
0.0
2.891483001631552e-6
0.0002666404666942072
0.00045868453356505336
0.0005954351327020136
0.0007278682156938983
0.0008187914718314038
0.000714605210880883
0.0007044677965197956
0.00072033640298477
0.0007376148066008264
0.000750014260906476
0.0007347415243775297
0.0007427886820197356
0.0006260108670353313
0.0005931921634949155
0.000666877860127893
0.0006667281045527762
0.0006939549827564683
0.0007726957161245635
0.0009957065546882479
0.0
0.0
0.0
0.0
0.0012330039549060155
0.001194334360497149
0.0010059605970456499
0.0009367100186323023
0.000995742000168126
0.0008034824088683638
0.0006015307518925484
0.0004433682351547315
0.00035335474584388796
0.00034260558681822114
0.00035932672683426284
0.0003515722242224138
0.00046005306092866834
0.000597633196489538
0.0006732885383380555
0.0007723016724672721
0.0010252582881454164
0.0011240920795414526
0.0011592526995294285
0.001383696192614157
0.0
0.0
0.0
0.0
0.0015736189231093734
0.0014707538116908924
0.0012768237869816611
0.0010281650072540035
0.0006664385514585153
0.0004383925939320467
0.00011976977151312118
3.0561481385973107e-7
8.471541144463169e-7
1.7335545731628328e-6
0.0
1.656946243792208e-7
6.358780120436299e-5
0.00023801615520214478
0.00042753224297159575
0.0005236769553538282
0.0006993716006739039
0.0006787857685473895
0.0007878283259032264
0.0010524372247922272
0.0
0.0
0.0
0.0
0.0014111690178644247
0.0012220658262199204
0.0009581654104460696
0.0008738365686374705
0.0008177411604535013
0.000736231476502328
0.0005292541664333797
0.0003589840731691192
0.0003580230504147476
0.00043796522487263154
0.0005393739285024015
0.0005760015108886023
0.0006506385398744581
0.000730933219077058
0.0009647312575692893
0.0011364129951421057
0.0013560656466723045
0.001532922661505553
0.001675074522489041
0.001950085495828242
0.0
0.0
0.0
0.0
0.002309062607371713
0.0021646177349967455
0.002028930199820854
0.0019141683520193756
0.001786872605957092
0.0017172974132307333
0.0014563677159679335
0.0012160159236668966
0.0011653006186308768
0.001192239812862338
0.0011803433876834152
0.0011526185544974718
0.0011240045401125281
0.0010390831467710989
0.0010675822305502417
0.0010721721168179248
0.0011867486202966784
0.001291231433112351
0.0013428973347123486
0.0015038894827478718
0.0
0.0
0.0
0.0
0.001592823357354148
0.0014365961194141676
0.0012794548433241702
0.001240488080809158
0.001215373448074402
0.0012128925358377062
0.0011381799910010607
0.0010265326783165391
0.0010111169425667786
0.001005723208585507
0.0009932436031013126
0.000904728758139181
0.0007952283901778512
0.0007379596804888158
0.0007890888404524564
0.0007730146742086493
0.0008883395509028116
0.0009895356483060147
0.0010893159213511837
0.0013049490468291887
0.0
0.0
0.0
0.0
0.0015502146309626173
0.0014641352358761702
0.0013156581003786068
0.0013047275938203435
0.0013252261583471018
0.0013971092917213577
0.0012459683314205987
0.0011525403307917211
0.001295559601497731
0.0014629995981288028
0.001553813388233265
0.0014888057637933957
0.0013994408293232898
0.0013040013474043578
0.0013493512645960449
0.0013622529828269405
0.0014716513076365476
0.0015321404837476016
0.0016193903866183953
0.0018813487717943126
0.0
0.0
0.0
0.0
0.0021356058020842715
0.0019939165535471865
0.0017355622640252172
0.0015372077518465014
0.0014063625667689614
0.001272908674165876
0.0010268977448896072
0.0008398498920129636
0.0007020335705869628
0.0006410356218313095
0.0005683239014427685
0.0005424322187013361
0.0006648396034275598
0.0006418653222540732
0.0006330836537352507
0.0007631136188673989
0.0008732660698982163
0.0009777685075464115
0.0010763481158990284
0.0013352847085672252
0.0
0.0
0.0
0.0
0.0016795186608828535
0.0014938853903943266
0.001205554733251333
0.0009263601225737173
0.000737269973510932
0.000342088290692527
4.314070289103067e-5
1.8239538214136087e-7
6.360819218715943e-7
4.654813583444906e-7
0.0
1.6855957899971844e-7
0.0
0.0
3.910164238832687e-5
8.078702492117516e-5
0.0002702000326505733
0.0004784877840799152
0.0006601705019655363
0.0009452740629960622
0.0
0.0
0.0
0.0
0.0012860494512068302
0.0012328893364530814
0.0010120940958442696
0.0007423747417007533
0.0004971578387082787
0.00016687400712499532
0.0
0.0
1.4574449351127255e-6
7.743040524613501e-6
8.698491929073832e-5
0.00033547343732446324
0.000596975988040758
0.0007526406155057261
0.0008617496955787678
0.0008971697425885687
0.0010750424691687195
0.0012110299277453634
0.0013111704650482932
0.001559063997753058
0.0
0.0
0.0
0.0
0.001830268710914902
0.001754101678409195
0.0015751770004625988
0.0014317255199557538
0.0013022699260611165
0.0012583614259673815
0.0010450342050276917
0.0008004943060992437
0.0007810093147401716
0.0008426860052740636
0.0009299959045900395
0.0009111885325871951
0.0008230492853250211
0.000742397257979665
0.0008035734574078609
0.0007779709842976564
0.0008549988314663773
0.0009138099202555683
0.0009701254925132166
0.0010989144407904075
0.0
0.0
0.0
0.0
0.000924508318860622
0.0007840664184735739
0.0005899362326171606
0.000550900342474013
0.00042466756871940256
0.00013802999494971053
6.616094863584707e-7
0.0
0.0
0.0
0.0
0.0
0.0
0.0
0.0
0.0
0.0
0.0
2.0744981349166608e-6
6.022722933246181e-6
0.0
0.0
0.0
0.0
2.1280939742745746e-6
2.748238960936688e-7
7.160704014083509e-7
0.0
0.0
0.0
0.0
0.0
0.0
0.0
0.0
0.0
0.0
0.0
0.0
0.0
0.0
0.0
0.0
3.760508964409412e-6
0.0
0.0
0.0
0.0
4.917177514494545e-7
0.0
0.0
0.0
0.0
0.0
0.0
0.0
0.0
0.0
0.0
0.0
0.0
0.0
0.0
0.0
0.0
0.0
9.771626933119074e-7
5.047666540266844e-6
0.0
0.0
0.0
0.0
1.0768877821895265e-6
0.0
0.0
0.0
0.0
0.0
0.0
0.0
0.0
0.0
0.0
0.0
0.0
0.0
0.0
0.0
0.0
0.0
0.0
4.53742107115239e-6
0.0
0.0
0.0
0.0
2.1798695131647357e-7
0.0
0.0
0.0
0.0
0.0
0.0
0.0
0.0
0.0
0.0
0.0
0.0
0.0
0.0
0.0
0.0
0.0
5.018570790514423e-7
4.929901045622024e-6
0.0
0.0
0.0
0.0
0.00016978246057957973
0.0001448845486541579
5.692810973358224e-5
8.082842924747646e-5
0.00016253169712363054
0.00023436298935471052
0.0001660701832735485
1.079459631482553e-5
1.1314793455485326e-6
4.9092747337204586e-6
1.2649478538319795e-5
4.8436817908704976e-6
7.703311562598419e-5
0.00020298995767916654
0.00042971462653311514
0.0005356637274398923
0.0006985193744842993
0.000811657798244157
0.000898765072397767
0.0010732077484719444
0.0
0.0
0.0
0.0
0.0013870262915823745
0.0012591135212973708
0.0010301126086895002
0.0007406231485458775
0.00044194167634348746
0.0002615886615951762
6.583072017287668e-6
3.869312486675013e-7
2.8062562582683286e-7
5.376606969424089e-7
5.147702852668759e-7
0.0
0.0
1.2903671472904807e-7
6.179946922255577e-5
0.0001094834598075425
0.0003144652547311843
0.0004864723859080674
0.0005871689419472759
0.0007533116715870081
0.0
0.0
0.0
0.0
0.0007454853004266295
0.0005970842666594762
0.00037769837954618234
0.000247433859808551
5.672691411749173e-5
3.8820865258441905e-7
0.0
0.0
0.0
0.0
0.0
0.0
0.0
0.0
0.0
0.0
2.9069617789773353e-6
5.3806193482192995e-5
0.00021340028572631878
0.00046532499328821343
0.0
0.0
0.0
0.0
0.0009747506530036581
0.0010928413269676663
0.0009897140133081027
0.00072760671793155
0.000475493605241008
0.0002909310810422917
3.5124992354091056e-5
3.248228178903849e-7
1.0448777614113618e-6
1.722417351670371e-6
0.0
1.170091462557389e-7
2.874001516009344e-6
1.1350842206358554e-7
8.900842373197087e-5
0.00023503292457948986
0.0004601064310041768
0.0005640188584613476
0.0007611768208623565
0.001099707857949155
0.0
0.0
0.0
0.0
0.0013283939359269206
0.0011437589829649017
0.0008494588847027101
0.0006125898208387278
0.0003250036865197606
0.00010973035787668981
2.4385090994959775e-7
0.0
0.0
0.0
0.0
0.0
0.0
0.0
0.0
0.0
1.6829761414662128e-6
2.9301920349896483e-6
9.519310445245372e-5
0.0002843549010899003
0.0
0.0
0.0
0.0
0.00040716629127712014
0.0003065701465132709
6.767303870838479e-5
3.0113618394987036e-6
3.4991994354583e-7
1.3322178939384025e-7
0.0
0.0
0.0
0.0
0.0
0.0
0.0
0.0
0.0
0.0
0.0
0.0
2.5991113889997293e-6
6.718594384696434e-6
0.0
0.0
0.0
0.0
8.428914749175697e-6
0.0
0.0
0.0
1.2062546236235056e-6
0.0
0.0
0.0
0.0
0.0
0.0
0.0
0.0
0.0
0.0
0.0
0.0
0.0
0.0
5.076472405321884e-6
0.0
0.0
0.0
0.0
5.532542355344589e-7
0.0
0.0
0.0
0.0
0.0
0.0
0.0
0.0
0.0
4.6924564444540464e-6
4.772625352143071e-6
1.2129953503580634e-5
2.6581754805339613e-6
3.103297441065872e-5
6.400569049431051e-5
0.0001996111472560615
0.0003439519528937911
0.000485321086910553
0.0006951025112509637
0.0
0.0
0.0
0.0
0.0008394638993378987
0.0008029500160243035
0.0007367533325267411
0.0007452391882900879
0.0006896195736580058
0.0006211365207937211
0.0003769276713661868
9.443522437954004e-5
1.419131255694927e-5
2.6878588110931644e-5
8.95361227551931e-5
9.705227829398415e-5
0.00011815020175293383
0.0003006970734358917
0.0005636521594900801
0.0006371090253005545
0.0007945431486937919
0.000913103317173567
0.0010212629548892044
0.0012393896186655374
0.0
0.0
0.0
0.0
0.0015396805912787342
0.0014796335844476773
0.0013724391921841308
0.0013284984468889985
0.0012245231253731022
0.0011227343459780442
0.0008959874821064625
0.0006541784990253669
0.0005969051943322749
0.0006070700786200501
0.000620855367837477
0.0005990743446047007
0.0005968956286021697
0.0005609877777454475
0.0006092632912294325
0.000644514869621579
0.0007795466332955507
0.0008461891194755538
0.0009387975214797665
0.001130189323065447
0.0
0.0
0.0
0.0
0.0014584000626372386
0.0013600271692188201
0.0012509181223535305
0.0012559278812678573
0.0012721145843129567
0.0012907121132113826
0.001164904036478158
0.001020985579551926
0.001006966803310797
0.0010815647652742423
0.0011560525201973826
0.001092366063791015
0.000976771397833276
0.0008636227546249993
0.0008597287035885969
0.0008434940599354089
0.000975556411111768
0.0010489180887992848
0.0011082002565883998
0.0012798691664810912
0.0
0.0
0.0
0.0
0.0012333207663461456
0.0010969831391426854
0.0009819314925095834
0.000963905131723809
0.0009316786149053501
0.0009225663115081146
0.00075356213204145
0.0005567149837605954
0.0004842130429073479
0.0004078913397946191
0.0003671563200953594
0.0002782132560976855
0.00026807149152111194
0.00033873094073158506
0.0004913921589309549
0.0006133406405166513
0.0008092407625412434
0.0008939864740669304
0.0010132191858608717
0.0012776819279462584
0.0
0.0
0.0
0.0
0.0015383687930496017
0.001410738229829763
0.0011301758853114816
0.0009966309579263963
0.000864394289772894
0.0006038215302999174
0.00018018141682188564
0.0
2.533394379617051e-7
3.4432124211713873e-7
0.0
4.735977397749932e-5
0.00015609342559626236
7.465773639108739e-5
7.533787640543545e-5
0.00019918799894934024
0.00029740011680020603
0.0003746181312432041
0.00045688404977574956
0.0006438105298850614
0.0
0.0
0.0
0.0
0.0006640691252349654
0.0005949597210392723
0.00039057865790372085
0.00028783651460040816
0.0002073173536996794
9.62521755134458e-6
5.080067049575271e-7
0.0
1.9608813786350923e-6
4.237642127441055e-5
0.00014239379904794697
7.981899756083637e-5
5.0696531223296604e-5
7.877857587837759e-5
0.00022361073759623895
0.0002747781916481469
0.00046550451055184943
0.0006932338901835625
0.0008326758159772874
0.0010648161932357895
0.0
0.0
0.0
0.0
0.001376237279933769
0.001210032704177079
0.0009450314267623415
0.0006566615408277464
0.00038180452830359203
0.00021770126170693682
3.5648695355707817e-6
2.7221220561065806e-7
6.073458158663714e-7
0.0
0.0
0.0
0.0
1.2663352547264522e-7
1.1830629346197394e-6
2.7772204205185216e-6
0.00016370727672790998
0.000278799844846602
0.0004442347575186855
0.0006599172122106408
0.0
0.0
0.0
0.0
0.0006197118204780263
0.0005577304507189273
0.00039878165957257805
0.00033689439104672014
0.0002792585301917171
0.0002301708374538541
5.2877737332816326e-5
0.0
2.4719942484585355e-6
0.00013966166993166262
0.00025847445495032483
0.0002642054271240157
0.00021849709354363647
0.0001541134580831519
0.000238777768775154
0.00026466160433507674
0.0004076165191296871
0.0004358005970216048
0.00043666089416552646
0.0005687502178164514
0.0
0.0
0.0
0.0
0.0003806638786051241
0.00029094503598327157
0.00013135810703072682
5.136204606935416e-5
5.522627293922421e-6
3.3357888840348853e-6
5.939747862367408e-7
0.0
0.0
4.0731971597673376e-5
0.0004784149158357373
0.0006811636100896428
0.0006616735474324739
0.0006036929195235629
0.0006568923384979492
0.0006926629791937895
0.0008258558175952113
0.0008907177487168021
0.0009833458856135149
0.0011565452781664768
0.0
0.0
0.0
0.0
0.0012216667909631365
0.0011102889952386275
0.0009630407301492041
0.0009513950590761283
0.0009419490339027518
0.0009956084362183917
0.0008485076989383359
0.0007326768551802053
0.0008065294326259044
0.0009430924332505087
0.0010991745035034816
0.0010718249686733333
0.0009903279435171473
0.0009491070957373194
0.001001010610661379
0.001012974715610459
0.0010913869773479727
0.001133974000576114
0.001193483418973143
0.0013977558357378447
0.0
0.0
0.0
0.0
0.0015570909971313967
0.001430140524873313
0.0012727069797693535
0.0012220624224253606
0.0012140446930184062
0.0012469894000522634
0.0011243797032653336
0.00097652792476421
0.0009252552399484839
0.0009077348395851273
0.0008792154355082601
0.0007939974528243592
0.0007325560752661226
0.0007004490712488169
0.0007899635648939073
0.00083747825462754
0.0009952667611856938
0.0011004907539433379
0.0012077225623296336
0.001430710983763265
0.0
0.0
0.0
0.0
0.0015707053745894297
0.0014459706464003265
0.001177775658997991
0.001001744778549359
0.0008318841668941257
0.0007145416502951391
0.0004887898752077974
0.0003051366213324139
0.0002533924360155141
0.0002815113931740686
0.0003093119591997396
0.00032959467210634747
0.00040436935656903717
0.0003469825564142978
0.0003587236783785273
0.0004494850782259175
0.0004974414836690974
0.0006076900692437988
0.0007482285591209306
0.0009889190325386421
0.0
0.0
0.0
0.0
0.001041598810920057
0.0009522344054019978
0.0007476718216740234
0.0006970298630738074
0.0007451484367227712
0.0006251601669791203
0.0005185644084853452
0.00036105409640482724
0.0003381301174324185
0.0004345236007535603
0.00046130297546864355
0.00043253635984145174
0.00044401877980395737
0.0004463052987478819
0.0005229159295105862
0.00045928761214496374
0.0005710215602010866
0.0006764745820789517
0.0007277622421675516
0.0009325023962835528
0.0
0.0
0.0
0.0
0.0009606130466178732
0.0008500697484130738
0.0006986657950523424
0.0006256977563619414
0.0005496659975307896
0.0004944684140492185
0.0002605860333229669
8.682388982620331e-5
8.12119650707441e-5
7.332958713936367e-5
9.912731276919776e-5
8.656387009344817e-5
3.828828731437306e-5
0.0
9.41546805483434e-5
0.00014488121677810057
0.0003418735709348768
0.00045632576854790077
0.0005724551886580517
0.000710728110029794
0.0
0.0
0.0
0.0
0.0006285000679268774
0.0005122514810877866
0.00034589926352426127
0.000323503747922642
0.0003081565008838723
0.0002481839358225927
2.7819423635784034e-5
5.596253130261998e-7
4.839919475934291e-7
1.6671725002748835e-6
4.625553239470673e-7
0.0
0.0
0.0
1.28683813294017e-6
1.1292963566571377e-6
3.6703039075008376e-6
4.9363571591526004e-5
0.00011540692678683431
0.00027142635099554796
0.0
0.0
0.0
0.0
0.0003075908293182994
0.0002538855673346176
8.424688132941709e-5
8.033249832513734e-6
2.5944015781547704e-7
0.0
0.0
0.0
0.0
0.0
0.0
0.0
0.0
0.0
0.0
0.0
8.022167751069951e-7
2.6590006765623907e-6
2.446072648853504e-6
0.00032231166838272415
0.0
0.0
0.0
0.0
0.0011471027862978921
0.0011015975275128383
0.0009749194541732267
0.0009664652838234612
0.0010431010864415493
0.001121965804271776
0.0009622761895026321
0.0007713682457341659
0.0008299545820871716
0.0009262603574737683
0.0010132530772179655
0.001045754734966403
0.001013746784928761
0.0009502679021141747
0.0010165988336411583
0.0010334239092238187
0.0011745045232394783
0.0012833077058372181
0.001388609359666418
0.0015895406496429247
0.0
0.0
0.0
0.0
0.0017496669828768058
0.0016106556140866692
0.0014474571961537541
0.0013408606501618648
0.0012300063106010092
0.0011690629250279473
0.0009652195434030083
0.0007538522249988757
0.0006594763802542482
0.0006522426204006532
0.0006481749061054217
0.000603209930800653
0.0005722908178769699
0.0005238757711126659
0.0006252508435917973
0.00069255897014316
0.0008268596874578208
0.0008931055720348511
0.0009578409038210539
0.0011308693770242782
0.0
0.0
0.0
0.0
0.0011847412083794092
0.0010898291163195302
0.000857200870696189
0.0007651152127865521
0.0007510292283253417
0.000715511662482803
0.0005543590114204901
0.00047929050083235654
0.0004549595336577116
0.00046306987573671284
0.0004649109957570187
0.0004424441169339729
0.00044535034656029837
0.00030419450678728107
0.00022753316565278948
0.00025839810084100055
0.00026605504643119733
0.0002553800871382367
0.0002488039371677012
0.0004195269474957093
0.0
0.0
0.0
0.0
0.0004885386856060053
0.00037039953956756027
8.065579571359105e-5
2.7844337405264856e-7
1.347675247065912e-6
3.8101704949734127e-7
0.0
0.0
0.0
0.0
0.0
0.0
0.0
0.0
0.0
0.0
1.0279627748919016e-6
1.926987931350583e-6
1.4709532384723633e-5
0.0002677709589953121
0.0
0.0
0.0
0.0
0.00022073336356120483
0.00011012556271418244
0.0
0.0
2.5903934589653215e-6
0.0
0.0
0.0
0.0
0.0
0.0
0.0
0.0
0.0
0.0
0.0
0.0
0.0
0.0
4.787099297075839e-6
0.0
0.0
0.0
0.0
3.0490321642673784e-6
2.695626752265452e-7
5.690075646098242e-7
0.0
2.3629701655238197e-7
0.0
0.0
0.0
0.0
0.0
0.0
0.0
0.0
0.0
0.0
0.0
0.0
1.6375604914274174e-6
1.0169301658823592e-5
0.00024337319642038063
0.0
0.0
0.0
0.0
0.0006554653520657412
0.0005930982059563604
0.00036403696847864194
0.0002198116808918427
4.719980851305189e-5
3.2740367981469036e-7
0.0
0.0
0.0
0.0
0.0
0.0
0.0
0.0
0.0
0.0
0.0
2.772007238506992e-6
2.5498585078110564e-6
0.00014873992409266415
0.0
0.0
0.0
0.0
0.0002160962423975984
0.00015852735109382046
1.6442431449200185e-5
0.0
2.6361957582438744e-7
0.0
0.0
0.0
0.0
0.0
0.0
0.0
0.0
0.0
0.0
0.0
0.0
1.5057776854777182e-6
3.693424696531315e-6
0.0003558196996684983
0.0
0.0
0.0
0.0
0.0006195072849211388
0.0005808745269225546
0.0003835486977232332
0.00022925102917232266
3.1885338502568515e-5
3.535299367067398e-7
0.0
0.0
0.0
0.0
0.0
0.0
0.0
0.0
0.0
0.0
1.474294527029749e-6
2.8885155379545743e-5
0.00019849799338632796
0.0005102338089240033
0.0
0.0
0.0
0.0
0.0010367485910589246
0.0009957457687735593
0.0007581317867235454
0.0005908677527509167
0.00024419821492965713
5.6874341971526086e-5
3.21064773613379e-7
0.0
0.0
0.0
0.0
0.0
0.0
0.0
1.953318845434771e-7
2.334216943294525e-6
7.329783355501208e-5
0.0002367960858444647
0.0004541777745071918
0.0008154174062741953
0.0
0.0
0.0
0.0
0.0012377842107780634
0.0012106597637823937
0.0009708858689077126
0.0007666545728276723
0.000712543938836568
0.000567527943416612
0.0003801583397313955
0.00012667283718874686
2.224015752297593e-5
9.305067489239547e-6
0.0
1.1431098539621352e-6
5.912357809810492e-5
0.0001839276731534754
0.00044909327035167574
0.00045016582266878806
0.0005534002191833673
0.000714898978513244
0.0007740472241833018
0.0009973164176328246
0.0
0.0
0.0
0.0
0.0012629065182986577
0.001129333008527199
0.0008194848952311109
0.0004922742460053771
0.00019467938941322932
1.610485481760649e-5
1.2044221947360017e-7
0.0
0.0
0.0
0.0
0.0
0.0
0.0
0.0
0.0
3.2151109542785994e-6
0.00010219057786886964
0.000317923488086837
0.0006892848267111269
0.0
0.0
0.0
0.0
0.0009746827014043327
0.0008461117653385038
0.0005726294596187389
0.000348401354099549
0.00010160927441829047
4.196785742327609e-7
0.0
0.0
0.0
0.0
0.0
0.0
0.0
0.0
0.0
0.0
1.244060387631098e-6
1.5434347333128258e-6
2.29547493558768e-6
4.4061521741377014e-5
0.0
0.0
0.0
0.0
7.993227276020996e-5
1.0646195995499437e-5
7.21816853897381e-7
0.0
4.149651334484524e-7
0.0
0.0
0.0
0.0
0.0
0.0
0.0
0.0
0.0
0.0
0.0
7.705768528250894e-7
9.965538741953253e-7
1.7308900097243581e-6
5.564838364602057e-6
0.0
0.0
0.0
0.0
9.010095549295545e-6
0.0
7.739769058200661e-7
0.0
3.982343872837277e-7
0.0
0.0
0.0
0.0
0.0
1.1058126676221992e-6
0.0
0.0
0.0
0.0
0.0
8.01449342065241e-7
2.8766091395389916e-6
2.854161691757517e-5
0.0001870094537095615
0.0
0.0
0.0
0.0
0.00025567360585477823
0.00039684387785904806
0.0003421572964007737
0.0003782603501078168
0.00037093632560742556
0.000325032241201381
9.166506218791744e-5
0.0
1.6063415139281418e-6
5.21649189456686e-5
0.00011402191267580236
4.9653045841096104e-5
0.0
0.0
1.2804221139747247e-5
0.00017031704783931884
0.0004507337261747993
0.0005912503904942567
0.0007021235275402186
0.0009129921039383822
0.0
0.0
0.0
0.0
0.001071427645513353
0.0009830664955144952
0.0007498526881156818
0.0006774962365902374
0.0005642989862468537
0.0004385324292605881
0.00022600043947680734
4.915206947526696e-5
8.346779820185647e-7
7.716362104689795e-6
0.0
0.0
1.914332392146129e-5
3.23760350387978e-5
9.411427487401812e-5
0.00022842185120237424
0.0002461653937105914
0.00032868114478643175
0.0004946157359705247
0.0007750749533411855
0.0
0.0
0.0
0.0
0.0009398136113206429
0.0008776062694520747
0.0005620724890334427
0.0002965349941904302
0.00014689367897770356
1.9473186880939477e-7
2.540034754897642e-7
0.0
0.0
0.0
0.0
0.0
0.0
0.0
0.0
0.0
4.321437093916674e-5
0.0002324579476380797
0.0002895552025735394
0.00048104517234582434
0.0
0.0
0.0
0.0
0.0007590210784569195
0.0007386884283973053
0.0004911116558978532
0.00022729515412034355
1.79571526857684e-5
2.4604666447006165e-7
0.0
0.0
0.0
0.0
0.0
0.0
0.0
0.0
0.0
0.0
1.8792127102001796e-6
9.504709746323971e-5
0.0002901170480842685
0.0005342570594078233
0.0
0.0
0.0
0.0
0.0007474883255998853
0.0006281339353849765
0.0004177041449187376
0.0003035387737114739
0.0001647916970685599
2.5425994327394684e-5
1.3681010349070082e-7
0.0
0.0
0.0
0.0
0.0
0.0
0.0
0.0
0.0
0.0
0.0
7.493463752166983e-7
5.344445423097635e-6
0.0
0.0
0.0
0.0
2.007856889757782e-6
0.0
0.0
0.0
0.0
0.0
0.0
0.0
0.0
0.0
0.0
0.0
0.0
0.0
0.0
0.0
1.2307766497954427e-6
1.4111855007692305e-6
3.841025407824932e-5
0.0002108224621689844
0.0
0.0
0.0
0.0
0.0004779289711485204
0.00041229027328237616
0.000278720302745665
0.00011580982576554041
1.3578781973995793e-7
0.0
0.0
0.0
0.0
0.0
0.0
0.0
0.0
0.0
5.167686509181574e-7
6.519149149203458e-5
0.00024060074944055467
0.0003881964779110134
0.0005666721630487717
0.0008531448749421724
0.0
0.0
0.0
0.0
0.0011221324331799805
0.0010437517823758044
0.0006572326785790247
0.00017605469007459722
2.390840749430012e-7
1.8874570108793252e-7
0.0
0.0
0.0
0.0
0.0
0.0
0.0
0.0
0.0
0.0
0.0
2.2283966806846414e-6
2.4142760462314374e-6
6.764596817607175e-5
0.0
0.0
0.0
0.0
0.00020661053756623044
0.00012011544864918715
5.101986812897496e-7
2.343370995951723e-7
0.0
0.0
0.0
0.0
0.0
0.0
0.0
0.0
0.0
0.0
0.0
0.0
0.0
0.0
0.0
0.0
0.0
0.0
0.0
5.00019506283184e-6
2.897934859825933e-7
1.5574310317011558e-6
0.0
3.6816680034048245e-7
0.0
0.0
0.0
0.0
0.0
0.0
0.0
0.0
0.0
0.0
0.0
1.3453884687694462e-6
8.631322400767376e-6
9.078773193418241e-5
0.00034542761856936715
0.0
0.0
0.0
0.0
0.000768888681732193
0.000719871401003426
0.0005958459747377528
0.000524098826632734
0.0003511801863133313
0.0001873310611080863
0.0
0.0
0.0
0.0
0.0
0.0
0.0
0.0
0.0
0.0
4.210877985501241e-5
0.00026586230579335376
0.00047775973685498877
0.0007602785061084211
0.0
0.0
0.0
0.0
0.0012217450929443024
0.0011910457384853297
0.0010813385958158479
0.0009358280961734497
0.0007987372469484212
0.0006604794009472046
0.0003746123294220073
0.00014715904914342919
0.00010875476175812043
0.00012517461035635436
9.990692024715935e-5
3.7697739821924495e-5
0.0
1.6494429010374935e-7
0.00011665299178934117
0.00032842676391969133
0.0006252122300923972
0.0007904153421252942
0.0008499713638068068
0.0011231971756980237
0.0
0.0
0.0
0.0
0.0014776966645227462
0.0013550361655683151
0.001141807231983619
0.0008297889470395389
0.0005009185335805938
0.0002894578546184045
1.747022629201682e-5
2.4980668195167965e-7
0.0
1.8317038109496686e-6
0.0
0.0
0.0
0.0
4.002135674410429e-7
3.8369162701801013e-7
0.00010404794203024572
0.0002083002613112822
0.00032195099837367593
0.0005007042610364812
0.0
0.0
0.0
0.0
0.0005970754324487038
0.0005374546010955828
0.00040507425495481947
0.00039717336052335267
0.0003854385052414055
0.00036582947329910105
0.0001392860491760373
0.0
1.5106381124529623e-6
4.47447605086208e-5
0.00015501663345571877
0.00010378838530843001
3.07902624015925e-5
0.0
1.0960999946385664e-5
5.011149982306039e-5
0.00017719512842944473
0.00026693010257064926
0.00038866346211050224
0.0005829972057927109
0.0
0.0
0.0
0.0
0.0004598858080468075
0.0003328491992924337
0.00013975710345990607
7.42304503510518e-5
1.0721252791815925e-5
0.0
2.3907373172454713e-7
0.0
0.0
2.2849056444520688e-6
9.922862236168311e-7
0.0
0.0
0.0
1.9032496233018844e-6
0.0
6.202776544769452e-5
0.00020543292612193708
0.000358019382998078
0.000593400730472872
0.0
0.0
0.0
0.0
0.0009397762720501191
0.000876804112013053
0.0007167336541423557
0.0007133618955751047
0.0007588125684065375
0.0007938618779080553
0.0006606725087679038
0.0005797356666000728
0.0005531236242282565
0.0005031756905624518
0.00044185169419977996
0.00038809573489021344
0.0003807120371983836
0.0002454907806995741
0.00029359759908903754
0.0005038181708989108
0.0006313154401005976
0.0007389220648558907
0.0008662839878003645
0.0011953296475791068
0.0
0.0
0.0
0.0
0.0014530417926373067
0.0013980430657126685
0.0011701459166287955
0.0009446389713843793
0.0007869715037607723
0.0005357871834243741
0.00036071881073333474
0.00018874375734334023
0.00011561992529182925
5.8396847845175416e-5
0.0
0.0
0.0
0.0
1.9439511412184185e-5
0.00015352652311970304
0.0004308894066844897
0.000555797617245054
0.0006254805672284275
0.0008291705641453741
0.0
0.0
0.0
0.0
0.0009953062869494757
0.0009459126271897906
0.0007850606467026457
0.0005241824176599691
0.00023019544942654257
4.007078465623677e-5
2.7778194323822664e-7
0.0
0.0
0.0
0.0
0.0
0.0
0.0
0.0
0.0
1.1787036320694583e-6
9.028748798903912e-6
0.00017181411477238052
0.0004205145383965489
0.0
0.0
0.0
0.0
0.0007742814835244319
0.0007777822100885674
0.0006302454341538936
0.0003730492226598917
7.151781494411019e-5
8.284788125187718e-8
0.0
0.0
0.0
0.0
0.0
0.0
0.0
0.0
0.0
0.0
0.0
2.8289912581398204e-6
1.692364011801442e-5
0.00023043880641079618
0.0
0.0
0.0
0.0
0.0005079935414047124
0.0004928731596690563
0.00034580615330521324
0.00014240506231088458
2.3531944832031226e-7
1.3545408477559538e-7
0.0
0.0
0.0
0.0
0.0
0.0
0.0
0.0
0.0
0.0
7.938503016857768e-7
1.7500524105456937e-6
2.1338594932315e-6
3.010455795403338e-5
0.0
0.0
0.0
0.0
6.92793520763713e-5
0.0
5.80099105518906e-7
0.0
3.9590498346960747e-7
0.0
0.0
0.0
0.0
0.0
0.0
0.0
0.0
0.0
0.0
0.0
0.0
0.0
1.0198334475142382e-6
5.721712619057392e-6
0.0
0.0
0.0
0.0
2.552636008441431e-6
0.0
0.0
0.0
0.0
0.0
0.0
0.0
0.0
0.0
0.0
0.0
0.0
0.0
0.0
0.0
0.0
0.0
0.0
3.05421880616927e-6
0.0
0.0
0.0
0.0
1.022018676980087e-6
0.0
0.0
0.0
0.0
0.0
0.0
0.0
0.0
0.0
0.0
0.0
0.0
0.0
0.0
0.0
0.0
0.0
0.0
4.806042616396204e-6
0.0
0.0
0.0
0.0
3.7127564018568564e-6
0.0
2.9268897403976194e-7
0.0
0.0
0.0
0.0
0.0
0.0
0.0
0.0
0.0
0.0
0.0
0.0
0.0
0.0
0.0
0.0
4.5966982947816584e-6
0.0
0.0
0.0
0.0
0.00020349247645018768
0.00013374905391734998
0.0
0.0
2.1517907484393e-7
0.0
0.0
0.0
0.0
0.0
0.0
0.0
0.0
0.0
0.0
0.0
0.0
0.0
0.0
5.168602829652934e-6
0.0
0.0
0.0
0.0
2.115406317955766e-6
0.0
0.0
0.0
0.0
0.0
0.0
0.0
0.0
0.0
0.0
0.0
0.0
0.0
0.0
0.0
0.0
0.0
0.0
2.0094760594119994e-6
0.0
0.0
0.0
0.0
2.991604726743086e-7
0.0
0.0
0.0
0.0
0.0
0.0
0.0
0.0
0.0
2.1491635987515925e-5
0.0001424526932329679
0.0001861349947878059
0.000119250656029585
0.00016496944023177562
0.00016472475275522612
0.0003142594192805723
0.00039547050510492786
0.00047666912976785904
0.0006552135609292451
0.0
0.0
0.0
0.0
0.0007655261492271856
0.0006945857559372275
0.0005681992551975828
0.0005929072049303147
0.0006106760149322411
0.0006298606464458226
0.000486699948668848
0.000327392980324499
0.0003644695493049439
0.0004724548159622422
0.000549673284260328
0.0005085432995309834
0.0003849764352673474
0.00019946042215691098
0.00018724271648605992
0.00015184119783625687
0.00018347565559284485
0.00021036726107606776
0.00023996023239382188
0.0003672970669292481
0.0
0.0
0.0
0.0
0.0002658888780670708
9.581079098006333e-5
4.979322814320421e-7
0.0
6.142716255312072e-7
0.0
0.0
0.0
0.0
0.0
0.0
0.0
0.0
0.0
0.0
0.0
0.0
0.0
1.0990347567447582e-6
5.7055210458582915e-6
0.0
0.0
0.0
0.0
6.916226486428895e-6
0.0
0.0
0.0
0.0
0.0
0.0
0.0
0.0
0.0
0.0
0.0
0.0
0.0
0.0
0.0
0.0
0.0
0.0
5.209232642070998e-6
0.0
0.0
0.0
0.0
6.4035794697069675e-6
0.0
0.0
0.0
0.0
0.0
0.0
0.0
0.0
0.0
0.0
0.0
0.0
0.0
0.0
0.0
0.0
0.0
1.2554393088986799e-6
8.886775085648933e-6
0.0
0.0
0.0
0.0
0.0005022591556638948
0.0004452580911087818
0.00029257729366638854
0.00015906321832263298
1.7264642565651335e-5
0.0
0.0
0.0
0.0
0.0
0.0
0.0
0.0
0.0
0.0
0.0
8.824962726742637e-7
1.6068515119387827e-6
7.668144795381188e-5
0.0003768263542307979
0.0
0.0
0.0
0.0
0.0004803818048078776
0.0003622184199569951
0.00018024477939454955
5.8928483884572116e-5
4.263730067046851e-7
0.0
0.0
0.0
0.0
0.0
0.0
0.0
0.0
0.0
0.0
0.0
0.0
0.0
1.246322238291475e-6
5.0925205210331945e-6
0.0
0.0
0.0
0.0
0.00018478261825147856
6.744242719135068e-5
4.4535774818865816e-7
0.0
0.0
0.0
0.0
0.0
0.0
0.0
0.0
0.0
0.0
0.0
0.0
0.0
0.0
0.0
0.0
2.6358703440984418e-6
0.0
0.0
0.0
0.0
5.995560111846924e-6
0.0
5.304416462252765e-7
0.0
2.0686557561437904e-6
3.0955063664248845e-5
2.2973884976543896e-6
0.0
1.2889553429680005e-6
8.30010002978552e-6
6.366208357693158e-5
3.831568654650137e-5
2.624244943511463e-6
2.714607761435321e-7
1.4618938943233072e-6
3.513763980625917e-5
0.00024123172253197957
0.0003716842143217353
0.0005095087546663072
0.0007409998449480234
0.0
0.0
0.0
0.0
0.0009595053204602926
0.0009128750338045722
0.0007085369515570588
0.0005080603473366005
0.0003145223970175391
0.00020098483391831559
0.0
1.6843639474952576e-7
6.853116961577702e-7
2.229637448007064e-6
0.0
0.0
0.0
0.0
0.0
1.0355265993993717e-6
0.00014841814221112345
0.0002814333790092316
0.00032377528932208343
0.0006003264367192804
0.0
0.0
0.0
0.0
0.0007199902766901412
0.000637139838299056
0.0003748517568381108
0.00026650071481200204
0.0002274188713549527
9.925558378281163e-5
1.9515490202753626e-7
0.0
0.0
0.0
0.0
0.0
0.0
0.0
0.0
0.0
0.0
6.007526876262527e-7
2.093022928876312e-6
3.0264381460085816e-5
0.0
0.0
0.0
0.0
3.456947059553782e-5
0.0
0.0
0.0
5.905608452855636e-7
0.0
0.0
0.0
0.0
0.0
0.0
0.0
0.0
0.0
0.0
0.0
0.0
0.0
0.0
3.146364491834256e-6
0.0
0.0
0.0
0.0
1.2547075158393502e-6
0.0
0.0
0.0
0.0
0.0
0.0
0.0
0.0
0.0
0.0
0.0
0.0
0.0
0.0
0.0
8.665038131549753e-7
1.4277083008935176e-6
2.9279210545695084e-6
0.00010203372982956236
0.0
0.0
0.0
0.0
0.0004728207231183876
0.0004388086409982431
0.0002717751673078315
0.00014728418178729946
2.9062851952285673e-5
0.0
0.0
0.0
0.0
0.0
0.0
0.0
0.0
0.0
0.0
0.0
8.985757606974952e-7
2.3621464358548307e-5
0.0001377564414451477
0.00031258123651014245
0.0
0.0
0.0
0.0
0.000582506690770053
0.0005520317229875994
0.0003676967492153561
0.0001894576622881269
1.345762370976476e-5
9.599545482851337e-8
0.0
0.0
0.0
0.0
0.0
0.0
0.0
0.0
0.0
0.0
1.3807702946057143e-6
6.248790700016581e-6
0.00012033081249490337
0.00031231826176187326
0.0
0.0
0.0
0.0
0.00022191209443881148
0.00018611243439002387
2.4065404698084524e-5
0.0
2.574335673156686e-7
1.1730365228618114e-7
0.0
0.0
0.0
0.0
0.0
0.0
0.0
0.0
0.0
0.0
0.0
0.0
9.612399098230558e-7
4.979041411831642e-6
0.0
0.0
0.0
0.0
3.935345262876829e-6
0.0
0.0
2.2566655484036344e-6
1.8688873461310411e-6
2.1436070917564975e-5
1.2808431484182848e-7
0.0
0.0
0.0
0.0
0.0
0.0
0.0
0.0
0.0
8.630854204674708e-7
9.483433966700569e-7
1.6920875705507827e-5
0.0002085539296345482
0.0
0.0
0.0
0.0
0.00047768955416913885
0.0004222245144583135
0.00011614040466517162
2.267603289982223e-7
2.9049140343479155e-7
0.0
0.0
0.0
0.0
0.0
0.0
0.0
0.0
0.0
0.0
0.0
0.0
0.0
0.0
5.231018445322449e-6
0.0
0.0
0.0
0.0
8.477686438180833e-5
3.26338295485684e-6
0.0
1.1383409380629317e-7
0.0
0.0
0.0
0.0
0.0
0.0
0.0
0.0
0.0
0.0
0.0
0.0
0.0
0.0
0.0
5.396346136236235e-6
0.0
0.0
0.0
0.0
3.167288989896758e-6
0.0
0.0
0.0
0.0
0.0
0.0
0.0
0.0
0.0
0.0
0.0
0.0
0.0
0.0
0.0
0.0
0.0
0.0
1.6162791551983467e-6
0.0
0.0
0.0
0.0
9.943078527214399e-6
0.0
4.803411177215757e-7
0.0
1.4145803301848484e-6
0.0
0.0
0.0
0.0
0.0
0.0
0.0
0.0
0.0
0.0
0.0
0.0
0.0
0.0
4.830284284700354e-6
0.0
0.0
0.0
0.0
2.2543807934080458e-5
0.0
7.827212004374235e-7
0.0
0.0
0.0
0.0
0.0
0.0
0.0
0.0
0.0
0.0
0.0
0.0
0.0
0.0
0.0
0.0
2.3901321638452284e-6
0.0
0.0
0.0
0.0
2.3536164555284735e-6
0.0
0.0
0.0
0.0
0.0
0.0
0.0
0.0
0.0
0.0
0.0
0.0
0.0
0.0
0.0
0.0
0.0
0.0
2.4222178252404503e-6
0.0
0.0
0.0
0.0
3.326295838108145e-6
0.0
0.0
0.0
0.0
0.0
0.0
0.0
0.0
0.0
0.0
0.0
0.0
0.0
0.0
0.0
0.0
0.0
0.0
1.7370260650454707e-6
0.0
0.0
0.0
0.0
5.048584023009518e-6
0.0
0.0
0.0
0.0
0.0
0.0
0.0
0.0
0.0
0.0
0.0
0.0
0.0
0.0
0.0
0.0
0.0
0.0
2.690011529695601e-6
0.0
0.0
0.0
0.0
4.131091636331349e-6
0.0
0.0
0.0
0.0
0.0
0.0
0.0
0.0
0.0
0.0
0.0
0.0
0.0
0.0
0.0
0.0
0.0
0.0
2.254277245945167e-6
0.0
0.0
0.0
0.0
1.707670179997318e-6
0.0
0.0
0.0
0.0
0.0
0.0
0.0
0.0
0.0
0.0
0.0
0.0
0.0
0.0
0.0
0.0
0.0
0.0
2.3308104608044027e-6
0.0
0.0
0.0
0.0
1.1567575924020258e-6
0.0
0.0
0.0
0.0
0.0
0.0
0.0
0.0
0.0
0.0
0.0
0.0
0.0
0.0
0.0
0.0
0.0
0.0
1.6270827331900827e-6
0.0
0.0
0.0
0.0
1.0927995373840046e-6
0.0
0.0
0.0
0.0
0.0
0.0
0.0
0.0
5.523517883130097e-7
0.0
0.0
0.0
0.0
0.0
0.0
7.891386890830843e-7
1.09330056645528e-6
2.7959711505335115e-6
3.237360481961743e-5
0.0
0.0
0.0
0.0
9.104137397588484e-6
2.8963210570188024e-7
7.762092167620248e-7
0.0
0.0
0.0
0.0
0.0
0.0
0.0
0.0
0.0
0.0
0.0
0.0
0.0
0.0
0.0
0.0
4.746757723199459e-6
0.0
0.0
0.0
0.0
0.00038261205937357084
0.0003065074122312711
6.94422520386861e-5
0.0
1.5717724473428565e-7
0.0
0.0
0.0
0.0
0.0
0.0
0.0
0.0
0.0
0.0
0.0
0.0
0.0
0.0
1.6107746501193857e-6
0.0
0.0
0.0
0.0
2.1558109908301397e-6
0.0
0.0
0.0
0.0
0.0
0.0
0.0
0.0
0.0
0.0
0.0
0.0
0.0
0.0
0.0
0.0
0.0
0.0
8.505792212668395e-7
0.0
0.0
0.0
0.0
1.4679844393693662e-6
0.0
0.0
0.0
0.0
0.0
0.0
0.0
0.0
0.0
0.0
0.0
0.0
0.0
0.0
0.0
0.0
0.0
0.0
1.2640872009381568e-6
0.0
0.0
0.0
0.0
1.3566104383420952e-6
0.0
0.0
0.0
0.0
0.0
0.0
0.0
0.0
0.0
0.0
0.0
0.0
0.0
0.0
0.0
0.0
0.0
0.0
1.1877879342159768e-6
0.0
0.0
0.0
0.0
1.3752272837153485e-6
0.0
0.0
0.0
0.0
0.0
0.0
0.0
0.0
0.0
0.0
0.0
0.0
0.0
0.0
0.0
0.0
0.0
0.0
2.4055994143059645e-6
0.0
0.0
0.0
0.0
2.36198411731281e-6
0.0
0.0
0.0
0.0
0.0
0.0
0.0
0.0
0.0
0.0
0.0
0.0
0.0
0.0
0.0
0.0
0.0
0.0
1.5430061948661506e-6
0.0
0.0
0.0
0.0
1.1539856701995578e-6
0.0
0.0
0.0
0.0
0.0
0.0
0.0
0.0
0.0
0.0
0.0
0.0
0.0
0.0
0.0
0.0
0.0
0.0
5.444709967633726e-6
0.0
0.0
0.0
0.0
3.452004202399427e-6
0.0
0.0
0.0
0.0
0.0
0.0
0.0
0.0
0.0
0.0
0.0
0.0
0.0
0.0
0.0
0.0
0.0
0.0
3.148887490152397e-6
0.0
0.0
0.0
0.0
5.145878504176061e-6
2.591489289157413e-7
0.0
0.0
0.0
0.0
0.0
0.0
0.0
0.0
0.0
0.0
0.0
0.0
0.0
0.0
0.0
0.0
0.0
2.400565139057274e-6
0.0
0.0
0.0
0.0
5.914095476583055e-6
2.51426679190512e-7
0.0
0.0
0.0
0.0
0.0
0.0
0.0
0.0
0.0
0.0
0.0
0.0
0.0
0.0
0.0
0.0
0.0
1.802554437319636e-6
0.0
0.0
0.0
0.0
2.1626688398821173e-6
0.0
0.0
0.0
0.0
0.0
0.0
0.0
0.0
0.0
0.0
0.0
0.0
0.0
0.0
0.0
0.0
0.0
0.0
1.455782073545064e-6
0.0
0.0
0.0
0.0
1.3538818655388305e-6
0.0
0.0
0.0
0.0
0.0
0.0
0.0
0.0
0.0
0.0
0.0
0.0
0.0
0.0
0.0
0.0
0.0
2.6904467855960694e-7
8.448849604525255e-6
0.0
0.0
0.0
0.0
0.0003098919128026476
0.0002476642401047532
3.3393654623224995e-5
1.0306532270936821e-7
1.5192371886228922e-7
0.0
0.0
0.0
0.0
0.0
0.0
0.0
0.0
0.0
0.0
0.0
5.706952494463549e-7
1.1709277727459508e-6
8.986825838678918e-5
0.00034513734543616803
0.0
0.0
0.0
0.0
0.0006526319969456267
0.000570785936495754
0.00024406647313670405
1.2088666068565683e-5
1.880720529518637e-7
0.0
0.0
0.0
0.0
0.0
0.0
0.0
0.0
0.0
0.0
0.0
0.0
0.0
0.0
3.866509609629504e-5
0.0
0.0
0.0
0.0
0.00036258130781690706
0.0002616254786026434
1.4012397639235325e-5
2.001098066221681e-7
0.0
0.0
0.0
0.0
0.0
0.0
0.0
0.0
0.0
0.0
0.0
0.0
0.0
0.0
0.0
8.978321058292214e-7
0.0
0.0
0.0
0.0
3.9551944536122515e-6
0.0
0.0
0.0
0.0
0.0
0.0
0.0
0.0
0.0
0.0
0.0
0.0
0.0
0.0
0.0
0.0
0.0
0.0
7.548096723220505e-7
0.0
0.0
0.0
0.0
6.079950525571331e-6
0.0
0.0
0.0
0.0
0.0
0.0
0.0
0.0
0.0
0.0
0.0
0.0
0.0
0.0
0.0
0.0
0.0
0.0
4.5326710177306075e-6
0.0
0.0
0.0
0.0
1.4348859206707078e-5
0.0
6.752973231586634e-7
0.0
0.0
0.0
0.0
0.0
0.0
0.0
0.0
0.0
0.0
0.0
0.0
0.0
0.0
0.0
0.0
1.5776358532641685e-6
0.0
0.0
0.0
0.0
4.715847267536671e-6
3.000543568025588e-7
0.0
0.0
0.0
0.0
0.0
0.0
0.0
0.0
0.0
0.0
0.0
0.0
0.0
0.0
0.0
0.0
0.0
6.153915996564456e-7
0.0
0.0
0.0
0.0
2.8411425248244408e-6
0.0
0.0
0.0
0.0
0.0
0.0
0.0
0.0
0.0
0.0
0.0
0.0
0.0
0.0
0.0
0.0
0.0
0.0
0.0
0.0
0.0
0.0
0.0
3.848941847421733e-6
0.0
0.0
0.0
0.0
0.0
0.0
0.0
0.0
0.0
0.0
0.0
0.0
0.0
0.0
0.0
0.0
0.0
0.0
0.0
0.0
0.0
0.0
0.0
1.6259174826672429e-6
0.0
0.0
0.0
0.0
0.0
0.0
0.0
0.0
0.0
0.0
0.0
0.0
0.0
0.0
0.0
0.0
0.0
1.3029700033454922e-6
3.530985703828005e-5
0.0
0.0
0.0
0.0
0.0004164077329795671
0.00035013985272629405
3.897752305053909e-5
2.793745002001495e-7
2.815194493272163e-7
0.0
0.0
0.0
0.0
0.0
0.0
0.0
0.0
0.0
0.0
0.0
0.0
0.0
0.0
5.4301706271497296e-6
0.0
0.0
0.0
0.0
0.00015236997293295644
7.969444054962381e-5
3.6154294112500906e-7
1.3502022360070279e-7
0.0
0.0
0.0
0.0
0.0
0.0
0.0
0.0
0.0
0.0
0.0
0.0
0.0
0.0
0.0
4.383420844671578e-6
0.0
0.0
0.0
0.0
5.7277379379117565e-6
0.0
0.0
0.0
0.0
0.0
0.0
0.0
0.0
0.0
0.0
0.0
0.0
0.0
0.0
0.0
0.0
0.0
0.0
2.267009660620648e-6
0.0
0.0
0.0
0.0
1.4447397024052844e-6
0.0
0.0
0.0
0.0
0.0
0.0
0.0
0.0
0.0
0.0
0.0
0.0
0.0
0.0
0.0
0.0
0.0
0.0
1.1902764163968947e-6
0.0
0.0
0.0
0.0
2.382424262762597e-6
0.0
0.0
0.0
0.0
0.0
0.0
0.0
0.0
0.0
0.0
0.0
0.0
0.0
0.0
0.0
0.0
0.0
0.0
1.284500173907832e-6
0.0
0.0
0.0
0.0
1.4185186670790552e-6
0.0
0.0
0.0
0.0
0.0
0.0
0.0
0.0
0.0
0.0
0.0
0.0
0.0
0.0
0.0
0.0
0.0
0.0
1.1766831163733275e-6
0.0
0.0
0.0
0.0
2.9188693913734443e-6
2.965793901556518e-7
0.0
0.0
0.0
0.0
0.0
0.0
0.0
0.0
0.0
0.0
0.0
0.0
0.0
0.0
0.0
0.0
0.0
0.0
0.0
0.0
0.0
0.0
4.9114949043827535e-6
4.834168234887451e-7
0.0
0.0
0.0
0.0
0.0
0.0
0.0
0.0
0.0
0.0
0.0
0.0
0.0
0.0
0.0
0.0
0.0
8.186419828670943e-7
0.0
0.0
0.0
0.0
2.1183323407304762e-6
0.0
0.0
0.0
0.0
0.0
0.0
0.0
0.0
0.0
0.0
0.0
0.0
0.0
0.0
0.0
0.0
0.0
0.0
0.0
0.0
0.0
0.0
0.0
2.365972834161674e-6
0.0
0.0
0.0
0.0
0.0
0.0
0.0
0.0
0.0
0.0
0.0
0.0
0.0
0.0
0.0
0.0
0.0
0.0
0.0
0.0
0.0
0.0
0.0
2.4435651187061516e-6
0.0
0.0
0.0
0.0
0.0
0.0
0.0
0.0
0.0
0.0
0.0
0.0
0.0
0.0
0.0
0.0
0.0
0.0
2.268615538160612e-6
0.0
0.0
0.0
0.0
2.143772028492549e-6
0.0
0.0
0.0
0.0
0.0
0.0
0.0
0.0
0.0
0.0
0.0
0.0
0.0
0.0
0.0
0.0
0.0
0.0
1.3047361557275513e-6
0.0
0.0
0.0
0.0
1.368828820265092e-6
0.0
0.0
0.0
0.0
0.0
0.0
0.0
0.0
0.0
0.0
0.0
0.0
0.0
0.0
0.0
0.0
0.0
0.0
1.1830670846399221e-6
0.0
0.0
0.0
0.0
1.2870303797313049e-6
0.0
0.0
0.0
0.0
0.0
0.0
0.0
0.0
0.0
0.0
0.0
0.0
0.0
0.0
0.0
0.0
0.0
0.0
2.3543587839842607e-6
0.0
0.0
0.0
0.0
4.8814246731536725e-6
0.0
0.0
0.0
0.0
0.0
0.0
0.0
0.0
0.0
0.0
0.0
0.0
0.0
0.0
0.0
0.0
0.0
0.0
1.176881063037861e-6
0.0
0.0
0.0
0.0
3.7463265650360134e-6
0.0
0.0
0.0
0.0
0.0
0.0
0.0
0.0
0.0
0.0
0.0
0.0
0.0
0.0
0.0
0.0
0.0
0.0
1.3100141066125934e-6
0.0
0.0
0.0
0.0
4.970903245024844e-6
2.6205371708844033e-7
0.0
0.0
0.0
0.0
0.0
0.0
0.0
0.0
0.0
0.0
0.0
0.0
0.0
0.0
0.0
0.0
0.0
2.426697645363575e-6
0.0
0.0
0.0
0.0
5.2893430889361645e-6
0.0
0.0
0.0
0.0
0.0
0.0
0.0
0.0
0.0
0.0
0.0
0.0
0.0
0.0
0.0
0.0
0.0
0.0
6.711987882745872e-7
0.0
0.0
0.0
0.0
3.3287259140207953e-6
0.0
0.0
0.0
0.0
0.0
0.0
0.0
0.0
0.0
0.0
0.0
0.0
0.0
0.0
0.0
0.0
0.0
0.0
3.5661689435133204e-7
0.0
0.0
0.0
0.0
2.6980555525260373e-6
0.0
0.0
0.0
0.0
0.0
0.0
0.0
0.0
0.0
0.0
0.0
0.0
0.0
0.0
0.0
0.0
0.0
0.0
1.0465159173604747e-6
0.0
0.0
0.0
0.0
2.683602810742795e-6
0.0
0.0
0.0
0.0
0.0
0.0
0.0
0.0
0.0
0.0
0.0
0.0
0.0
0.0
0.0
0.0
0.0
0.0
7.255564352810997e-7
0.0
0.0
0.0
0.0
1.4568205354483303e-6
0.0
0.0
0.0
0.0
0.0
0.0
0.0
0.0
0.0
0.0
0.0
0.0
0.0
0.0
0.0
0.0
0.0
0.0
8.318628427735036e-7
0.0
0.0
0.0
0.0
1.5573800677644635e-6
0.0
0.0
0.0
0.0
0.0
0.0
0.0
0.0
0.0
0.0
0.0
0.0
0.0
0.0
0.0
0.0
0.0
0.0
0.0
0.0
0.0
0.0
0.0
1.5622068372600658e-6
0.0
0.0
0.0
0.0
0.0
0.0
0.0
0.0
0.0
0.0
0.0
0.0
0.0
0.0
0.0
0.0
0.0
0.0
9.140078887423387e-7
0.0
0.0
0.0
0.0
3.210783328602763e-6
5.127269416133629e-7
0.0
0.0
0.0
0.0
0.0
0.0
0.0
0.0
0.0
0.0
0.0
0.0
0.0
0.0
0.0
0.0
0.0
6.119124182816798e-7
0.0
0.0
0.0
0.0
1.2934461980270496e-6
0.0
0.0
0.0
0.0
0.0
0.0
0.0
0.0
0.0
0.0
0.0
0.0
0.0
0.0
0.0
0.0
0.0
0.0
7.01839103620422e-7
0.0
0.0
0.0
0.0
1.4395287419923509e-6
0.0
0.0
0.0
0.0
0.0
0.0
0.0
0.0
0.0
0.0
0.0
0.0
0.0
0.0
0.0
0.0
0.0
0.0
1.2940666274675186e-6
0.0
0.0
0.0
0.0
1.7544965256940796e-6
0.0
0.0
0.0
0.0
0.0
0.0
0.0
0.0
0.0
0.0
0.0
0.0
0.0
0.0
0.0
0.0
0.0
0.0
3.573556915422324e-7
0.0
0.0
0.0
0.0
2.177373487131401e-6
0.0
0.0
0.0
0.0
0.0
0.0
0.0
0.0
0.0
0.0
0.0
0.0
0.0
0.0
0.0
0.0
0.0
0.0
6.853207191783316e-7
0.0
0.0
0.0
0.0
1.3708158402507719e-6
0.0
0.0
0.0
0.0
0.0
0.0
0.0
0.0
0.0
0.0
0.0
0.0
0.0
0.0
0.0
0.0
0.0
0.0
1.8343542511313015e-6
0.0
0.0
0.0
0.0
1.210006174029767e-6
0.0
0.0
0.0
0.0
0.0
0.0
0.0
0.0
0.0
0.0
0.0
0.0
0.0
0.0
0.0
0.0
0.0
0.0
7.245091325255105e-7
0.0
0.0
0.0
0.0
1.2892878431732722e-6
0.0
0.0
0.0
0.0
0.0
0.0
0.0
0.0
0.0
0.0
0.0
0.0
0.0
0.0
0.0
0.0
0.0
0.0
6.3083459849604e-7
0.0
0.0
0.0
0.0
1.297342146174873e-6
0.0
0.0
0.0
0.0
0.0
0.0
0.0
0.0
0.0
0.0
0.0
0.0
0.0
0.0
0.0
0.0
0.0
0.0
6.201638818728892e-7
0.0
0.0
0.0
0.0
1.311638662089757e-6
0.0
0.0
0.0
0.0
0.0
0.0
0.0
0.0
0.0
0.0
0.0
0.0
0.0
0.0
0.0
0.0
0.0
0.0
1.5565098557820862e-6
0.0
0.0
0.0
0.0
1.9675046865544462e-6
0.0
0.0
0.0
0.0
0.0
0.0
0.0
0.0
0.0
0.0
0.0
0.0
0.0
0.0
0.0
0.0
0.0
0.0
3.46126253498763e-7
0.0
0.0
0.0
0.0
2.752486162181622e-6
0.0
0.0
0.0
0.0
0.0
0.0
0.0
0.0
0.0
0.0
0.0
0.0
0.0
0.0
0.0
0.0
0.0
0.0
4.093422843863222e-7
0.0
0.0
0.0
0.0
1.4874375323108492e-6
0.0
0.0
0.0
0.0
0.0
0.0
0.0
0.0
0.0
0.0
0.0
0.0
0.0
0.0
0.0
0.0
0.0
0.0
5.319947357741812e-7
0.0
0.0
0.0
0.0
1.3079866874992595e-6
0.0
0.0
0.0
0.0
0.0
0.0
0.0
0.0
0.0
0.0
0.0
0.0
0.0
0.0
0.0
0.0
0.0
0.0
7.208227096364816e-7
0.0
0.0
0.0
0.0
1.4881860084702884e-6
0.0
0.0
0.0
0.0
0.0
0.0
0.0
0.0
0.0
0.0
0.0
0.0
0.0
0.0
0.0
0.0
0.0
0.0
3.4943086883824704e-7
0.0
0.0
0.0
0.0
1.7517557689666789e-6
0.0
0.0
0.0
0.0
0.0
0.0
0.0
0.0
0.0
0.0
0.0
0.0
0.0
0.0
0.0
0.0
0.0
0.0
6.170919485063246e-7
0.0
0.0
0.0
0.0
2.2089075672947782e-6
0.0
0.0
0.0
0.0
0.0
0.0
0.0
0.0
0.0
0.0
0.0
0.0
0.0
0.0
0.0
0.0
0.0
0.0
5.288822794624878e-7
0.0
0.0
0.0
0.0
2.764783217538208e-6
0.0
0.0
0.0
0.0
0.0
0.0
0.0
0.0
0.0
0.0
0.0
0.0
0.0
0.0
0.0
0.0
0.0
0.0
6.824972082590408e-7
0.0
0.0
0.0
0.0
2.873838137191248e-6
0.0
0.0
0.0
0.0
0.0
0.0
0.0
0.0
0.0
0.0
0.0
0.0
0.0
0.0
0.0
0.0
0.0
0.0
1.4142143024845638e-6
0.0
0.0
0.0
0.0
1.3546155879685403e-6
0.0
0.0
0.0
0.0
0.0
0.0
0.0
0.0
0.0
0.0
0.0
0.0
0.0
0.0
0.0
0.0
0.0
0.0
1.9683891579454476e-6
0.0
0.0
0.0
0.0
1.3606939818238181e-6
0.0
0.0
0.0
0.0
0.0
0.0
0.0
0.0
0.0
0.0
0.0
0.0
0.0
0.0
0.0
0.0
0.0
0.0
0.0
0.0
0.0
0.0
0.0
3.970283476793483e-6
0.0
0.0
0.0
0.0
0.0
0.0
0.0
0.0
0.0
0.0
0.0
0.0
0.0
0.0
0.0
0.0
0.0
0.0
0.0
0.0
0.0
0.0
0.0
3.789151995253485e-6
0.0
0.0
0.0
0.0
0.0
0.0
0.0
0.0
0.0
0.0
0.0
0.0
0.0
0.0
0.0
0.0
0.0
0.0
0.0
0.0
0.0
0.0
0.0
3.991052706319674e-6
0.0
0.0
0.0
0.0
0.0
0.0
0.0
0.0
0.0
0.0
0.0
0.0
0.0
0.0
0.0
0.0
0.0
0.0
7.077790681159302e-7
0.0
0.0
0.0
0.0
1.5872606409838618e-6
0.0
0.0
0.0
0.0
0.0
0.0
0.0
0.0
0.0
0.0
0.0
0.0
0.0
0.0
0.0
0.0
0.0
0.0
1.565088910049661e-6
0.0
0.0
0.0
0.0
1.487033254973245e-6
0.0
0.0
0.0
0.0
0.0
0.0
0.0
0.0
0.0
0.0
0.0
0.0
0.0
0.0
0.0
0.0
0.0
0.0
8.371484020288804e-7
0.0
0.0
0.0
0.0
1.9022348361536714e-6
0.0
0.0
0.0
0.0
0.0
0.0
0.0
0.0
0.0
0.0
0.0
0.0
0.0
0.0
0.0
0.0
0.0
0.0
0.0
0.0
0.0
0.0
0.0
3.038576290412878e-6
0.0
0.0
0.0
0.0
0.0
0.0
0.0
0.0
0.0
0.0
0.0
0.0
0.0
0.0
0.0
0.0
0.0
0.0
0.0
0.0
0.0
0.0
0.0
3.33299684789715e-6
0.0
0.0
0.0
0.0
0.0
0.0
0.0
0.0
0.0
0.0
0.0
0.0
0.0
0.0
0.0
0.0
0.0
0.0
0.0
0.0
0.0
0.0
0.0
3.500546742262039e-6
0.0
0.0
0.0
0.0
0.0
0.0
0.0
0.0
0.0
0.0
0.0
0.0
0.0
0.0
0.0
0.0
0.0
0.0
0.0
0.0
0.0
0.0
0.0
3.6467527422118216e-6
0.0
0.0
0.0
0.0
0.0
0.0
0.0
0.0
0.0
0.0
0.0
0.0
0.0
0.0
0.0
0.0
0.0
0.0
0.0
0.0
0.0
0.0
0.0
2.9651503467120897e-6
0.0
0.0
0.0
0.0
0.0
0.0
0.0
0.0
0.0
0.0
0.0
0.0
0.0
0.0
0.0
0.0
0.0
0.0
7.149225375155624e-7
0.0
0.0
0.0
0.0
1.609673351084968e-6
0.0
0.0
0.0
0.0
0.0
0.0
0.0
0.0
0.0
0.0
0.0
0.0
0.0
0.0
0.0
0.0
0.0
0.0
0.0
0.0
0.0
0.0
0.0
3.7314869097741886e-6
0.0
0.0
0.0
0.0
0.0
0.0
0.0
0.0
0.0
0.0
0.0
0.0
0.0
0.0
0.0
0.0
0.0
0.0
0.0
0.0
0.0
0.0
0.0
3.9564742272343375e-6
0.0
0.0
0.0
0.0
0.0
0.0
0.0
0.0
0.0
0.0
0.0
0.0
0.0
0.0
0.0
0.0
0.0
0.0
0.0
0.0
0.0
0.0
0.0
3.728410452088639e-6
0.0
0.0
0.0
0.0
0.0
0.0
0.0
0.0
0.0
0.0
0.0
0.0
0.0
0.0
0.0
0.0
0.0
0.0
0.0
0.0
0.0
0.0
0.0
1.5731064957144898e-6
0.0
0.0
0.0
0.0
0.0
0.0
0.0
0.0
0.0
0.0
0.0
0.0
0.0
0.0
0.0
0.0
0.0
0.0
0.0
0.0
0.0
0.0
0.0
1.7565401326376247e-6
0.0
0.0
0.0
0.0
0.0
0.0
0.0
0.0
0.0
0.0
0.0
0.0
0.0
0.0
0.0
0.0
0.0
0.0
1.1812061876955901e-6
0.0
0.0
0.0
0.0
1.3203728383051405e-6
0.0
0.0
0.0
0.0
0.0
0.0
0.0
0.0
0.0
0.0
0.0
0.0
0.0
0.0
0.0
0.0
0.0
0.0
1.352912857174064e-6
0.0
0.0
0.0
0.0
1.3201747251274515e-6
0.0
0.0
0.0
0.0
0.0
0.0
0.0
0.0
0.0
0.0
0.0
0.0
0.0
0.0
0.0
0.0
0.0
0.0
0.0
0.0
0.0
0.0
0.0
2.2959804481798454e-6
0.0
0.0
0.0
0.0
0.0
0.0
0.0
0.0
0.0
0.0
0.0
0.0
0.0
0.0
0.0
0.0
0.0
0.0
0.0
0.0
0.0
0.0
0.0
2.288813076789258e-6
0.0
0.0
0.0
0.0
0.0
0.0
0.0
0.0
0.0
0.0
0.0
0.0
0.0
0.0
0.0
0.0
0.0
0.0
9.040145580723601e-7
0.0
0.0
0.0
0.0
1.2046255234283094e-6
0.0
0.0
0.0
0.0
0.0
0.0
0.0
0.0
0.0
0.0
0.0
0.0
0.0
0.0
0.0
0.0
0.0
0.0
3.3657693660963583e-7
0.0
0.0
0.0
0.0
1.325616662058051e-6
0.0
0.0
0.0
0.0
0.0
0.0
0.0
0.0
0.0
0.0
0.0
0.0
0.0
0.0
0.0
0.0
0.0
0.0
3.5352521684153637e-7
0.0
0.0
0.0
0.0
1.416535579365585e-6
0.0
0.0
0.0
0.0
0.0
0.0
0.0
0.0
0.0
0.0
0.0
0.0
0.0
0.0
0.0
0.0
0.0
0.0
0.0
0.0
0.0
0.0
0.0
1.4817623735441652e-6
0.0
0.0
0.0
0.0
0.0
0.0
0.0
0.0
0.0
0.0
0.0
0.0
0.0
0.0
0.0
0.0
0.0
0.0
0.0
0.0
0.0
0.0
0.0
2.1989884953249844e-6
0.0
0.0
0.0
0.0
0.0
0.0
0.0
0.0
0.0
0.0
0.0
0.0
0.0
0.0
0.0
0.0
0.0
0.0
0.0
0.0
0.0
0.0
0.0
3.1325735843396197e-6
0.0
0.0
0.0
0.0
0.0
0.0
0.0
0.0
0.0
0.0
0.0
0.0
0.0
0.0
0.0
0.0
0.0
0.0
0.0
0.0
0.0
0.0
0.0
1.9774061204640674e-6
0.0
0.0
0.0
0.0
0.0
0.0
0.0
0.0
0.0
0.0
0.0
0.0
0.0
0.0
0.0
0.0
0.0
0.0
0.0
0.0
0.0
0.0
0.0
2.9130648514105643e-6
0.0
0.0
0.0
0.0
0.0
0.0
0.0
0.0
0.0
0.0
0.0
0.0
0.0
0.0
0.0
0.0
0.0
0.0
1.239570556793994e-6
0.0
0.0
0.0
0.0
3.0958868153029845e-6
0.0
0.0
0.0
0.0
0.0
0.0
0.0
0.0
0.0
0.0
0.0
0.0
0.0
0.0
0.0
0.0
0.0
0.0
6.275789584233114e-7
0.0
0.0
0.0
0.0
2.9848777703144072e-6
0.0
0.0
0.0
0.0
0.0
0.0
0.0
0.0
0.0
0.0
0.0
0.0
0.0
0.0
0.0
0.0
0.0
0.0
0.0
0.0
0.0
0.0
0.0
3.1084280823639156e-6
0.0
0.0
0.0
0.0
0.0
0.0
0.0
0.0
0.0
0.0
0.0
0.0
0.0
0.0
0.0
0.0
0.0
0.0
0.0
0.0
0.0
0.0
0.0
3.432846587289523e-6
0.0
0.0
0.0
0.0
0.0
0.0
0.0
0.0
0.0
0.0
0.0
0.0
0.0
0.0
0.0
0.0
0.0
0.0
0.0
0.0
0.0
0.0
0.0
3.3472951712625252e-6
0.0
0.0
0.0
0.0
0.0
0.0
0.0
0.0
0.0
0.0
0.0
0.0
0.0
0.0
0.0
0.0
0.0
0.0
0.0
0.0
0.0
0.0
0.0
3.3026196000915307e-6
0.0
0.0
0.0
0.0
0.0
0.0
0.0
0.0
0.0
0.0
0.0
0.0
0.0
0.0
0.0
0.0
0.0
0.0
6.478424780084115e-7
0.0
0.0
0.0
0.0
1.4997490007805109e-6
0.0
0.0
0.0
0.0
0.0
0.0
0.0
0.0
0.0
0.0
0.0
0.0
0.0
0.0
0.0
0.0
0.0
0.0
2.1955188289199033e-6
0.0
0.0
0.0
0.0
2.334736871846144e-5
0.0
6.539895388528677e-7
0.0
0.0
0.0
0.0
0.0
0.0
0.0
0.0
0.0
0.0
0.0
0.0
0.0
0.0
0.0
0.0
3.3097671455054985e-6
0.0
0.0
0.0
0.0
2.3502567613374522e-5
0.0
6.416927667109648e-7
0.0
0.0
0.0
0.0
0.0
0.0
0.0
0.0
0.0
0.0
0.0
0.0
0.0
0.0
0.0
0.0
3.216352270477719e-6
0.0
0.0
0.0
0.0
3.6658043880649466e-6
0.0
0.0
0.0
0.0
0.0
0.0
0.0
0.0
0.0
0.0
0.0
0.0
0.0
0.0
0.0
0.0
0.0
0.0
1.8068695398778706e-6
0.0
0.0
0.0
0.0
6.515781389798316e-6
0.0
0.0
0.0
0.0
0.0
0.0
0.0
0.0
0.0
0.0
0.0
0.0
0.0
0.0
0.0
0.0
0.0
0.0
8.300140434131535e-7
0.0
0.0
0.0
0.0
2.007878904125245e-6
0.0
0.0
0.0
0.0
0.0
0.0
0.0
0.0
0.0
0.0
0.0
0.0
0.0
0.0
0.0
0.0
0.0
0.0
6.805485489194511e-7
0.0
0.0
0.0
0.0
2.940424998489396e-6
0.0
0.0
0.0
0.0
0.0
0.0
0.0
0.0
0.0
0.0
0.0
0.0
0.0
0.0
0.0
0.0
0.0
0.0
7.103419698174317e-7
0.0
0.0
0.0
0.0
2.236756252586242e-6
0.0
0.0
0.0
0.0
0.0
0.0
0.0
0.0
0.0
0.0
0.0
0.0
0.0
0.0
0.0
0.0
0.0
0.0
6.343460227002206e-7
0.0
0.0
0.0
0.0
2.5703423243008424e-6
0.0
0.0
0.0
0.0
0.0
0.0
0.0
0.0
0.0
0.0
0.0
0.0
0.0
0.0
0.0
0.0
0.0
0.0
6.470775720765695e-7
0.0
0.0
0.0
0.0
1.2971306469524325e-6
0.0
0.0
0.0
0.0
0.0
0.0
0.0
0.0
0.0
0.0
0.0
0.0
0.0
0.0
0.0
0.0
0.0
0.0
0.0
0.0
0.0
0.0
0.0
2.2452770329421607e-6
0.0
0.0
0.0
0.0
0.0
0.0
0.0
0.0
0.0
0.0
0.0
0.0
0.0
0.0
0.0
0.0
0.0
0.0
6.680300467211734e-7
0.0
0.0
0.0
0.0
1.6010046263995961e-6
0.0
0.0
0.0
0.0
0.0
0.0
0.0
0.0
0.0
0.0
0.0
0.0
0.0
0.0
0.0
0.0
0.0
0.0
0.0
0.0
0.0
0.0
0.0
3.1515086762022773e-6
0.0
0.0
0.0
0.0
0.0
0.0
0.0
0.0
0.0
0.0
0.0
0.0
0.0
0.0
0.0
0.0
0.0
0.0
0.0
0.0
0.0
0.0
0.0
1.980661070764351e-6
0.0
0.0
0.0
0.0
0.0
0.0
0.0
0.0
0.0
0.0
0.0
0.0
0.0
0.0
0.0
0.0
0.0
0.0
0.0
0.0
0.0
0.0
0.0
1.735641845928017e-6
0.0
0.0
0.0
0.0
0.0
0.0
0.0
0.0
0.0
0.0
0.0
0.0
0.0
0.0
0.0
0.0
0.0
0.0
0.0
0.0
0.0
0.0
0.0
1.7461369395605854e-6
0.0
0.0
0.0
0.0
0.0
0.0
0.0
0.0
0.0
0.0
0.0
0.0
0.0
0.0
0.0
0.0
0.0
0.0
0.0
0.0
0.0
0.0
0.0
3.302808242892802e-6
0.0
0.0
0.0
0.0
0.0
0.0
0.0
0.0
0.0
0.0
0.0
0.0
0.0
0.0
0.0
0.0
0.0
0.0
6.598752224316752e-7
0.0
0.0
0.0
0.0
1.6971042603973074e-6
0.0
0.0
0.0
0.0
0.0
0.0
0.0
0.0
0.0
0.0
0.0
0.0
0.0
0.0
0.0
0.0
0.0
0.0
2.8821781653821203e-7
0.0
0.0
0.0
0.0
2.771588914764772e-6
0.0
0.0
0.0
0.0
0.0
0.0
0.0
0.0
0.0
0.0
0.0
0.0
0.0
0.0
0.0
0.0
0.0
0.0
5.670969082213978e-7
0.0
0.0
0.0
0.0
1.6025394834695716e-6
0.0
0.0
0.0
0.0
0.0
0.0
0.0
0.0
0.0
0.0
0.0
0.0
0.0
0.0
0.0
0.0
0.0
0.0
0.0
0.0
0.0
0.0
0.0
1.819530659407817e-6
0.0
0.0
0.0
0.0
0.0
0.0
0.0
0.0
0.0
0.0
0.0
0.0
0.0
0.0
0.0
0.0
0.0
0.0
0.0
0.0
0.0
0.0
0.0
3.091241598279247e-6
0.0
0.0
0.0
0.0
0.0
0.0
0.0
0.0
0.0
0.0
0.0
0.0
0.0
0.0
0.0
0.0
0.0
0.0
0.0
0.0
0.0
0.0
0.0
2.149494013035654e-6
0.0
0.0
0.0
0.0
0.0
0.0
0.0
0.0
0.0
0.0
0.0
0.0
0.0
0.0
0.0
0.0
0.0
0.0
0.0
0.0
0.0
0.0
0.0
2.9410313032498332e-6
0.0
0.0
0.0
0.0
0.0
0.0
0.0
0.0
0.0
0.0
0.0
0.0
0.0
0.0
0.0
0.0
0.0
0.0
0.0
0.0
0.0
0.0
0.0
1.7507143724469461e-6
0.0
0.0
0.0
0.0
0.0
0.0
0.0
0.0
0.0
0.0
0.0
0.0
0.0
0.0
0.0
0.0
0.0
0.0
6.401967674545632e-7
0.0
0.0
0.0
0.0
2.254028326804805e-6
0.0
0.0
0.0
0.0
0.0
0.0
0.0
0.0
0.0
0.0
0.0
0.0
0.0
0.0
0.0
0.0
0.0
0.0
7.923252076948312e-7
0.0
0.0
0.0
0.0
2.0185412191871896e-6
0.0
0.0
0.0
0.0
0.0
0.0
0.0
0.0
0.0
0.0
0.0
0.0
0.0
0.0
0.0
0.0
0.0
0.0
0.0
0.0
0.0
0.0
0.0
3.1972802829790288e-6
0.0
0.0
0.0
0.0
0.0
0.0
0.0
0.0
0.0
0.0
0.0
0.0
0.0
0.0
0.0
0.0
0.0
0.0
0.0
0.0
0.0
0.0
0.0
2.5314410792569484e-6
0.0
0.0
0.0
0.0
0.0
0.0
0.0
0.0
0.0
0.0
0.0
0.0
0.0
0.0
0.0
0.0
0.0
0.0
1.4773420555451174e-6
0.0
0.0
0.0
0.0
1.3454458574573189e-6
0.0
0.0
0.0
0.0
0.0
0.0
0.0
0.0
0.0
0.0
0.0
0.0
0.0
0.0
0.0
0.0
0.0
0.0
7.091871185392673e-7
0.0
0.0
0.0
0.0
1.3672555347103333e-6
0.0
0.0
0.0
0.0
0.0
0.0
0.0
0.0
0.0
0.0
0.0
0.0
0.0
0.0
0.0
0.0
0.0
0.0
6.904784840936519e-7
0.0
0.0
0.0
0.0
2.370405161032566e-6
0.0
0.0
0.0
0.0
0.0
0.0
0.0
0.0
0.0
0.0
0.0
0.0
0.0
0.0
0.0
0.0
0.0
0.0
7.049987680720786e-7
0.0
0.0
0.0
0.0
1.437942463667501e-6
0.0
0.0
0.0
0.0
0.0
0.0
0.0
0.0
0.0
0.0
0.0
0.0
0.0
0.0
0.0
0.0
0.0
0.0
8.432821185754728e-7
0.0
0.0
0.0
0.0
4.1451307433069255e-6
0.0
0.0
0.0
0.0
0.0
0.0
0.0
0.0
0.0
0.0
0.0
0.0
0.0
0.0
0.0
0.0
0.0
0.0
1.715260518048224e-6
0.0
0.0
0.0
0.0
3.105352303065296e-6
0.0
0.0
0.0
0.0
0.0
0.0
0.0
0.0
0.0
0.0
0.0
0.0
0.0
0.0
0.0
0.0
0.0
0.0
1.7173626342040674e-6
0.0
0.0
0.0
0.0
4.648469623877684e-6
0.0
0.0
0.0
0.0
0.0
0.0
0.0
0.0
0.0
0.0
0.0
0.0
0.0
0.0
0.0
0.0
0.0
0.0
2.254149408909429e-6
0.0
0.0
0.0
0.0
3.7986408162054023e-6
0.0
0.0
0.0
0.0
0.0
0.0
0.0
0.0
0.0
0.0
0.0
0.0
0.0
0.0
0.0
0.0
0.0
0.0
3.791527865204074e-7
0.0
0.0
0.0
0.0
2.0587236045893545e-6
0.0
0.0
0.0
0.0
0.0
0.0
0.0
0.0
0.0
0.0
0.0
0.0
0.0
0.0
0.0
0.0
0.0
0.0
6.795781937431506e-7
0.0
0.0
0.0
0.0
2.478185104160466e-6
0.0
0.0
0.0
0.0
0.0
0.0
0.0
0.0
0.0
0.0
0.0
0.0
0.0
0.0
0.0
0.0
0.0
0.0
0.0
0.0
0.0
0.0
0.0
3.220017940893853e-6
0.0
0.0
0.0
0.0
0.0
0.0
0.0
0.0
0.0
0.0
0.0
0.0
0.0
0.0
0.0
0.0
0.0
0.0
8.902668116415358e-7
0.0
0.0
0.0
0.0
1.5747911610175886e-6
0.0
0.0
0.0
0.0
0.0
0.0
0.0
0.0
0.0
0.0
0.0
0.0
0.0
0.0
0.0
0.0
0.0
0.0
5.5761674310718565e-6
0.0
0.0
0.0
0.0
5.650311868127377e-5
2.7388933403496807e-6
8.991132291092205e-7
0.0
0.0
0.0
0.0
0.0
0.0
0.0
0.0
0.0
0.0
0.0
0.0
0.0
0.0
0.0
0.0
5.027666047423865e-6
0.0
0.0
0.0
0.0
4.0168337920669154e-5
0.0
8.817405809447543e-7
0.0
0.0
0.0
0.0
0.0
0.0
0.0
0.0
0.0
0.0
0.0
0.0
0.0
0.0
0.0
0.0
2.315572856179278e-6
0.0
0.0
0.0
0.0
5.644155075039662e-7
0.0
0.0
0.0
0.0
0.0
0.0
0.0
0.0
0.0
0.0
0.0
0.0
0.0
0.0
0.0
0.0
0.0
0.0
6.485217269164596e-7
0.0
0.0
0.0
0.0
2.2876880351610947e-6
0.0
0.0
0.0
0.0
0.0
0.0
0.0
0.0
0.0
0.0
0.0
0.0
0.0
0.0
0.0
0.0
0.0
0.0
6.666882647385417e-7
0.0
0.0
0.0
0.0
2.2949176350321817e-6
0.0
0.0
0.0
0.0
0.0
0.0
0.0
0.0
0.0
0.0
0.0
0.0
0.0
0.0
0.0
0.0
0.0
0.0
7.327536068337584e-7
0.0
0.0
0.0
0.0
2.2350345985915993e-6
0.0
0.0
0.0
0.0
0.0
0.0
0.0
0.0
0.0
0.0
0.0
0.0
0.0
0.0
0.0
0.0
0.0
0.0
1.3238849527561622e-6
0.0
0.0
0.0
0.0
3.2276535354177094e-6
0.0
0.0
0.0
0.0
0.0
0.0
0.0
0.0
0.0
0.0
0.0
0.0
0.0
0.0
0.0
0.0
0.0
0.0
1.3153008751045322e-6
0.0
0.0
0.0
0.0
1.701501193971932e-6
0.0
0.0
0.0
0.0
0.0
0.0
0.0
0.0
0.0
0.0
0.0
0.0
0.0
0.0
0.0
0.0
0.0
0.0
1.9297341066342856e-6
0.0
0.0
0.0
0.0
3.457803730838163e-6
0.0
0.0
0.0
0.0
0.0
0.0
0.0
0.0
0.0
0.0
0.0
0.0
0.0
0.0
0.0
0.0
0.0
0.0
2.1781885011887315e-6
0.0
0.0
0.0
0.0
7.791835886001709e-6
0.0
7.621339759573154e-7
0.0
0.0
0.0
0.0
0.0
0.0
0.0
0.0
0.0
0.0
0.0
0.0
0.0
0.0
0.0
0.0
3.1507045955600302e-6
0.0
0.0
0.0
0.0
4.723377062163282e-6
0.0
0.0
0.0
0.0
0.0
0.0
0.0
0.0
0.0
0.0
0.0
0.0
0.0
0.0
0.0
0.0
0.0
0.0
1.302576374310702e-6
0.0
0.0
0.0
0.0
3.9103176823658395e-6
0.0
0.0
0.0
0.0
0.0
0.0
0.0
0.0
0.0
0.0
0.0
0.0
0.0
0.0
0.0
0.0
0.0
0.0
2.1932099594037487e-6
0.0
0.0
0.0
0.0
5.287398594797443e-6
0.0
0.0
0.0
0.0
0.0
0.0
0.0
0.0
0.0
0.0
0.0
0.0
0.0
0.0
0.0
0.0
0.0
0.0
4.248652490103269e-6
0.0
0.0
0.0
0.0
0.00029459445196393255
0.00027988017859387535
9.13112649975013e-5
2.2048599285087006e-7
4.173767155371667e-7
0.0
0.0
0.0
0.0
0.0
0.0
0.0
0.0
0.0
0.0
0.0
9.661548530156417e-7
1.1132015332941232e-6
1.525580053757494e-6
0.0001410357516238442
0.0
0.0
0.0
0.0
0.00029242859357594297
0.000244519991308199
5.626297103647333e-5
3.3782543071174743e-7
0.0
0.0
0.0
0.0
0.0
0.0
0.0
0.0
0.0
0.0
0.0
0.0
0.0
0.0
5.680653952244612e-7
6.056015194033599e-6
0.0
0.0
0.0
0.0
0.0001376687884457121
0.00012045617365554566
0.0
0.0
1.4870780598207707e-7
0.0
0.0
0.0
0.0
0.0
0.0
0.0
0.0
0.0
0.0
0.0
0.0
0.0
7.484811795024288e-7
3.24020180694229e-5
0.0
0.0
0.0
0.0
0.00017744887113807476
0.0001461723850235028
1.4471980755920386e-5
3.733240536666664e-7
1.0761216338133707e-7
0.0
0.0
0.0
0.0
0.0
0.0
0.0
0.0
0.0
0.0
0.0
0.0
0.0
0.0
2.8767072632272082e-6
0.0
0.0
0.0
0.0
6.396981369317611e-6
2.508894861184889e-7
0.0
0.0
0.0
0.0
0.0
0.0
0.0
0.0
0.0
0.0
0.0
0.0
0.0
0.0
0.0
0.0
0.0
1.5901105753112623e-6
0.0
0.0
0.0
0.0
4.886879017923535e-6
0.0
0.0
0.0
0.0
0.0
0.0
0.0
0.0
0.0
0.0
0.0
0.0
0.0
0.0
0.0
0.0
0.0
8.8157839001538e-7
5.74842851630099e-6
0.0
0.0
0.0
0.0
0.00015049848968942732
0.00011118635535990729
0.0
3.31792102479726e-7
0.0
0.0
0.0
0.0
0.0
0.0
0.0
0.0
0.0
0.0
0.0
0.0
0.0
0.0
0.0
5.021761305916299e-6
0.0
0.0
0.0
0.0
8.208314406285406e-5
0.0
0.0
0.0
3.932237853669014e-7
0.0
0.0
0.0
0.0
0.0
0.0
0.0
0.0
0.0
0.0
0.0
0.0
0.0
0.0
5.105569583007633e-6
0.0
0.0
0.0
0.0
6.044463730506009e-5
1.6520984647008332e-5
9.662691450838151e-7
0.0
0.0
0.0
0.0
0.0
0.0
0.0
0.0
0.0
0.0
0.0
0.0
0.0
0.0
0.0
0.0
3.7425984033237425e-6
0.0
0.0
0.0
0.0
9.157446551104308e-6
0.0
5.708283655658362e-7
0.0
0.0
0.0
0.0
0.0
0.0
0.0
0.0
0.0
0.0
0.0
0.0
0.0
0.0
0.0
0.0
3.727958093247199e-6
0.0
0.0
0.0
0.0
7.19488026047996e-5
1.4964234351448105e-5
5.089460583255373e-7
1.383643764690007e-7
0.0
0.0
0.0
0.0
0.0
0.0
0.0
0.0
0.0
0.0
0.0
0.0
0.0
0.0
2.752855709429201e-7
6.00148781414288e-6
0.0
0.0
0.0
0.0
0.00010568953166089508
6.106542728683426e-5
3.181194311853852e-7
1.351588446640797e-7
0.0
0.0
0.0
0.0
0.0
0.0
0.0
0.0
0.0
0.0
0.0
0.0
0.0
0.0
0.0
2.3418256457065745e-6
0.0
0.0
0.0
0.0
2.5685796914660777e-6
0.0
0.0
0.0
0.0
0.0
0.0
0.0
0.0
0.0
0.0
0.0
0.0
0.0
0.0
0.0
0.0
0.0
0.0
2.4911346415539582e-6
0.0
0.0
0.0
0.0
4.297245989158608e-6
0.0
0.0
0.0
0.0
0.0
0.0
0.0
0.0
0.0
0.0
0.0
0.0
0.0
0.0
0.0
0.0
0.0
0.0
5.750788401463051e-6
0.0
0.0
0.0
0.0
0.00026932314510360944
0.00022321262290577476
2.8365539469421788e-5
1.038707877827884e-5
0.0001535415348736642
5.56657451804993e-5
0.0
0.0
0.0
0.0
0.0
0.0
0.0
0.0
0.0
0.0
8.517249029359383e-5
0.00023687993076868213
0.00030431890772206015
0.0005169124210332099
0.0
0.0
0.0
0.0
0.0008477195736720368
0.0008172806045157272
0.0006446427151964527
0.0003953184078614728
0.00011270771708418807
2.61335266903785e-7
0.0
0.0
0.0
0.0
0.0
0.0
0.0
0.0
0.0
6.136110460212225e-6
0.00020637948704271751
0.00032459673192576654
0.0004321120709433353
0.0006526036987227296
0.0
0.0
0.0
0.0
0.0008079344805940821
0.0007532763447062436
0.000561470816279985
0.00024641651257987216
3.370956515128059e-6
1.2064038801335525e-7
0.0
0.0
0.0
0.0
0.0
0.0
0.0
0.0
0.0
0.0
0.0
1.4681078725828181e-6
5.0283962337024047e-5
0.0003343316395865759
0.0
0.0
0.0
0.0
0.000589268422356419
0.0005576326078734114
0.00036668376543782453
8.32334376245231e-5
2.4575545706048534e-7
0.0
0.0
0.0
0.0
0.0
0.0
0.0
0.0
0.0
0.0
0.0
8.548848700525328e-7
8.22212194754292e-7
6.917160184042376e-6
0.00020950717138571565
0.0
0.0
0.0
0.0
0.00045255056966814954
0.0003906687663317644
0.0002146639128381253
3.96078735393134e-5
2.3194001235804256e-7
1.0987129741041832e-7
0.0
0.0
0.0
0.0
0.0
0.0
0.0
0.0
0.0
0.0
0.0
0.0
0.0
5.777751511442964e-6
0.0
0.0
0.0
0.0
0.00031640194713557587
0.00026719955325747686
0.00013343201913136918
1.383118192718167e-5
1.7657996744623906e-7
0.0
0.0
0.0
0.0
0.0
0.0
0.0
0.0
0.0
0.0
0.0
0.0
0.0
1.3095241357226687e-6
8.681502662980743e-6
0.0
0.0
0.0
0.0
0.00017191162378511166
0.00011704702927947864
0.0
0.0
2.511987945042974e-7
0.0
0.0
0.0
0.0
0.0
0.0
0.0
0.0
0.0
0.0
0.0
0.0
5.234520397252626e-7
2.8872103751086478e-6
0.00015931735805365565
0.0
0.0
0.0
0.0
0.00041643590325774057
0.00036783143293048096
0.00013511748663887235
1.3004050475073434e-5
4.985637828113586e-7
1.226712560363519e-7
0.0
0.0
0.0
0.0
0.0
0.0
0.0
0.0
0.0
0.0
0.0
0.0
0.0
3.861471589495202e-6
0.0
0.0
0.0
0.0
3.643269448294193e-6
0.0
0.0
0.0
0.0
0.0
0.0
0.0
0.0
0.0
0.0
0.0
0.0
0.0
0.0
0.0
0.0
0.0
1.0110477841028737e-6
5.506780943767101e-6
0.0
0.0
0.0
0.0
4.8486393002337416e-5
0.0
5.225360427922849e-7
0.0
0.0
0.0
0.0
0.0
0.0
0.0
0.0
0.0
0.0
0.0
0.0
0.0
0.0
0.0
0.0
5.617098741412506e-6
0.0
0.0
0.0
0.0
6.464174660142464e-6
0.0
5.433998195318228e-7
0.0
0.0
0.0
0.0
0.0
0.0
0.0
0.0
0.0
0.0
0.0
0.0
0.0
0.0
0.0
1.326858459769572e-6
8.920816356766198e-6
0.0
0.0
0.0
0.0
0.0002443632505773696
0.00016753228287091842
4.2362283320766565e-5
0.0
3.351532079053193e-7
0.0
0.0
0.0
0.0
0.0
0.0
0.0
0.0
0.0
0.0
0.0
9.283550763656992e-7
1.5414083929770285e-6
1.4590654937997617e-6
0.00019536012318217963
0.0
0.0
0.0
0.0
0.0002571020337880523
0.00015807839101833807
0.0
1.7043732384948793e-7
3.9061541210109753e-7
0.0
0.0
0.0
0.0
0.0
0.0
0.0
0.0
0.0
0.0
0.0
0.0
0.0
0.0
1.5378622927640188e-6
0.0
0.0
0.0
0.0
1.1829183181814127e-6
0.0
0.0
0.0
0.0
0.0
0.0
0.0
0.0
0.0
0.0
0.0
0.0
0.0
0.0
0.0
0.0
0.0
0.0
1.662385295917969e-6
0.0
0.0
0.0
0.0
3.1414465860358116e-6
0.0
0.0
0.0
0.0
0.0
0.0
0.0
0.0
0.0
0.0
0.0
0.0
0.0
0.0
0.0
0.0
0.0
0.0
5.342002736778436e-7
0.0
0.0
0.0
0.0
2.3019877385457555e-6
0.0
0.0
0.0
0.0
0.0
0.0
0.0
0.0
0.0
0.0
0.0
0.0
0.0
0.0
0.0
0.0
0.0
0.0
6.843044746842108e-7
0.0
0.0
0.0
0.0
2.0777833422228016e-6
0.0
0.0
0.0
0.0
0.0
0.0
0.0
0.0
0.0
0.0
0.0
0.0
0.0
0.0
0.0
0.0
0.0
6.288438378943177e-7
5.970646854714274e-6
0.0
0.0
0.0
0.0
0.0005151375658481962
0.00047869164172426954
0.0003256002269202978
0.00020625308633712483
1.986395747784592e-5
2.3759712403993168e-7
0.0
0.0
0.0
0.0
0.0
0.0
0.0
0.0
0.0
0.0
0.0
0.0
2.4469293538200337e-6
6.2866287367405644e-6
0.0
0.0
0.0
0.0
0.0001294421680005832
6.957137445161655e-5
0.0
0.0
2.3749151119720914e-7
0.0
0.0
0.0
0.0
0.0
0.0
0.0
0.0
0.0
0.0
0.0
0.0
0.0
0.0
2.6851932267535196e-6
0.0
0.0
0.0
0.0
2.129551034595608e-6
2.666571387883188e-7
0.0
0.0
0.0
0.0
0.0
0.0
0.0
0.0
0.0
0.0
0.0
0.0
0.0
0.0
0.0
0.0
0.0
1.7066609361716737e-6
0.0
0.0
0.0
0.0
3.5547610907035743e-6
0.0
0.0
0.0
0.0
0.0
5.392916482325698e-7
1.3870131977658388e-5
0.00010010515615121094
0.0001592242970769596
0.00014437836075864008
5.277854881431795e-5
5.300905771939898e-5
2.155568336569354e-5
9.261248926174417e-5
0.0002658132045268999
0.00030904503116349765
0.0003392944237165555
0.00044951558851204167
0.0007103714611474115
0.0
0.0
0.0
0.0
0.0010307595654309022
0.0010136016722717427
0.0008635259070632445
0.0007310874078870408
0.0006617963335691622
0.0004386223145799792
0.00018478417787726184
0.0
3.02412522324912e-7
5.790213536268957e-7
0.0
0.0
0.0
8.394296422211386e-8
0.0001469362742288638
0.00028860390100899085
0.0004957285609411963
0.0006395535053127475
0.0007392402093500575
0.0009723946099784808
0.0010107625162317847
0.0
0.0
0.0
0.0
0.0011434791635370908
0.0009864810854400218
0.0006224719510822258
0.00032289922656079505
8.280451615015085e-5
0.0
0.0
0.0
0.0
0.0
0.0
0.0
0.0
0.0
2.5292640881599255e-7
0.0
6.41074963529267e-6
0.00012845632880865125
0.00017991063051928056
0.0003053362433280258
0.0
0.0
0.0
0.0
0.00034825067207559654
0.00026448185447485915
8.598579974958457e-5
2.0116140442093585e-5
4.3284966833816306e-7
0.0
0.0
0.0
0.0
0.0
0.0
0.0
0.0
0.0
0.0
0.0
1.953393360309042e-6
5.303276952481536e-5
0.00013358998826437727
0.000294839485702454
0.0
0.0
0.0
0.0
0.0005641187374164456
0.0005473010429682181
0.00037891339420964153
0.0003539409477699356
0.00034825955035779966
0.00037562449586188765
0.0002185026500544267
2.7335079761450525e-5
5.696001095011042e-5
0.00019462301598120813
0.00031798068222472424
0.000297404347704984
0.0002041120776893266
8.948661255899561e-5
0.00011198331132644513
0.00013663469563891085
0.0002931963099272596
0.00038746468670182986
0.0004963171593283727
0.000648517527559046
0.0
0.0
0.0
0.0
0.0006870893583466042
0.0005704556009615037
0.0003971813246910279
0.0003491100886922593
0.0003142048000243202
0.00030544479126161134
0.0001153983633615579
0.0
2.1161126122056752e-6
2.4423912488741336e-5
6.157438594228326e-5
4.163264121291245e-5
8.308437443103135e-5
0.00017618096753199109
0.0002590904694201915
0.00032900987823641594
0.00046581514435391165
0.0005676377771069078
0.0006936214867930395
0.0009337828331118826
0.0
0.0
0.0
0.0
0.0011714752253054537
0.0011233947959777967
0.0007585042045440697
0.0004120887600104198
8.951443780862782e-5
7.976730120345841e-8
0.0
0.0
0.0
0.0
0.0
0.0
0.0
0.0
9.119325617542712e-5
0.00023415200086749258
0.00042506266136213376
0.0005715226286472676
0.0007018174901179627
0.0009235931559166111
0.0
0.0
0.0
0.0
0.0011005335800832524
0.0010342900617957365
0.0006612425089164847
0.00030385303650409275
7.901859173584302e-5
4.202372094552439e-7
0.0
0.0
0.0
0.0
0.0
0.0
0.0
0.0
0.0
1.002077846607186e-6
0.0001724556625402896
0.00039043656980873684
0.000498119165645657
0.0007340811407932807
0.0
0.0
0.0
0.0
0.0009802720167094165
0.0009110481321101576
0.0005453920498137606
0.0001835380444193466
1.6753214415739514e-5
2.811280489595288e-7
0.0
0.0
0.0
0.0
0.0
0.0
0.0
0.0
3.4522445207320717e-7
6.74740038258248e-7
0.00013588997285677868
0.00032221252075720016
0.00043371965517198334
0.0006508485670447011
0.0
0.0
0.0
0.0
0.0008685065906932821
0.0007620744211752319
0.00045005982176976584
0.00013683980274864662
3.74027241568593e-7
0.0
0.0
0.0
0.0
0.0
0.0
0.0
0.0
0.0
0.0
3.451220159314617e-6
7.47162443225152e-5
0.0002592677407012541
0.00041488795692543496
0.0006380870718665691
0.0
0.0
0.0
0.0
0.0009290522351630879
0.0007651903666728468
0.00045957188900185947
0.00014923065842880291
3.1907231500442786e-7
1.1254043891699627e-7
0.0
0.0
0.0
0.0
0.0
0.0
0.0
0.0
0.0
0.0
6.803515505734299e-6
0.00011030762848301071
0.0002627722353489868
0.00046681738784315675
0.0
0.0
0.0
0.0
0.0005384025177939901
0.00046188118395675465
0.0002560643315358284
3.532686075448914e-5
3.6918714485339946e-7
0.0
0.0
0.0
0.0
0.0
0.0
0.0
0.0
0.0
0.0
0.0
0.0
0.0
2.4413453228170544e-6
5.330488375797538e-6
0.0
0.0
0.0
0.0
6.2254351141537905e-6
0.0
7.315205437097546e-7
0.0
0.0
0.0
0.0
0.0
0.0
0.0
0.0
0.0
0.0
0.0
0.0
0.0
9.595175840830335e-7
1.9068577494281083e-6
2.5535875362456483e-5
0.00013799570846780997
0.0
0.0
0.0
0.0
0.0002391590128840301
0.00017408285817604066
4.192329239264611e-6
0.0
4.2536579386514123e-7
1.0041401158328481e-7
0.0
0.0
0.0
0.0
0.0
0.0
0.0
0.0
0.0
0.0
9.526992019696769e-7
2.738510869119496e-6
1.8066708014456552e-6
4.99457460339953e-5
0.0
0.0
0.0
0.0
0.00029400788579628733
0.0002514685646496973
5.7439655320336336e-5
0.0
4.726163698246178e-7
0.0
0.0
0.0
0.0
0.0
0.0
0.0
0.0
0.0
0.0
0.0
0.0
0.0
2.1380588473244473e-6
9.177333943088611e-6
0.0
0.0
0.0
0.0
7.255000423513842e-5
3.115576444688578e-6
1.2470105975090326e-6
0.0
0.0
0.0
0.0
0.0
0.0
0.0
0.0
0.0
0.0
0.0
0.0
0.0
0.0
0.0
0.0
2.834868673462825e-6
0.0
0.0
0.0
0.0
2.3807090814331766e-6
0.0
0.0
0.0
0.0
0.0
0.0
0.0
0.0
0.0
0.0
0.0
0.0
0.0
0.0
0.0
0.0
0.0
1.1071908685462334e-6
5.719013900971791e-6
0.0
0.0
0.0
0.0
3.4405695305349284e-6
2.9725574012184697e-7
2.885357830388291e-7
0.0
0.0
0.0
0.0
0.0
0.0
0.0
0.0
0.0
0.0
0.0
0.0
0.0
0.0
0.0
0.0
4.038124134238275e-6
0.0
0.0
0.0
0.0
2.595052062033811e-6
0.0
0.0
0.0
0.0
0.0
0.0
0.0
0.0
0.0
0.0
0.0
0.0
0.0
0.0
0.0
0.0
0.0
1.731910518568207e-6
5.3380624899641034e-6
0.0
0.0
0.0
0.0
4.0562821258082314e-5
0.0
0.0
0.0
9.967364357084485e-7
0.0
0.0
0.0
0.0
0.0
0.0
6.001274463825475e-7
0.0
1.3007914329826726e-5
8.309722232044537e-5
0.00015217514362240374
0.000357908002822781
0.0005031546638884065
0.0005789748300410162
0.0007675138684732392
0.0
0.0
0.0
0.0
0.0009964745394530784
0.0009655710735476484
0.0006767829302863365
0.0002610957149586123
4.636907296196894e-6
2.7875160451483343e-7
0.0
0.0
0.0
0.0
0.0
0.0
0.0
0.0
0.0
0.0
0.0
0.0
1.7618703050843598e-6
5.528045034261868e-6
0.0
0.0
0.0
0.0
2.519659476047038e-6
0.0
0.0
0.0
0.0
0.0
0.0
0.0
0.0
0.0
0.0
0.0
0.0
0.0
0.0
0.0
0.0
0.0
0.0
2.34294365203532e-6
0.0
0.0
0.0
0.0
3.516864954645829e-7
0.0
0.0
0.0
0.0
0.0
0.0
0.0
0.0
0.0
0.0
0.0
0.0
0.0
0.0
0.0
0.0
0.0
0.0
1.4379347020671116e-6
0.0
0.0
0.0
0.0
4.171449737231405e-7
0.0
0.0
0.0
0.0
0.0
0.0
0.0
0.0
0.0
0.0
0.0
0.0
0.0
0.0
0.0
0.0
0.0
0.0
2.8491267077605237e-6
0.0
0.0
0.0
0.0
0.0001296444756019627
8.826066338934165e-5
2.9673967306248666e-5
5.8440068682939974e-5
7.140434927456017e-5
1.551781887887234e-5
2.3765911797882484e-7
0.0
0.0
0.0
0.0
0.0
0.0
0.0
1.6304617025834396e-6
9.234742764347242e-6
0.0001694478952791032
0.00028659559950349053
0.0003986546690498737
0.0005547344283753986
0.0
0.0
0.0
0.0
0.0008106244171269167
0.0007330412893827998
0.0005251016808125349
0.0003937728964638484
0.00026869822189528724
0.00016979946617439883
0.0
0.0
0.0
1.655300829577344e-6
4.050485216512319e-7
0.0
5.2340382206964466e-5
7.353132831137667e-5
0.0002614681756645761
0.0004051598270616479
0.000611137938554993
0.0007369160547801441
0.0008755086814103879
0.0011693435438137837
0.0
0.0
0.0
0.0
0.0014184716880725793
0.0012776300560147526
0.0010490999349225547
0.0008244134735265873
0.0005068552062391056
0.00029033759471124823
2.6919631891183683e-5
3.132250409345452e-7
1.2096936065403174e-6
2.2800684814045488e-6
2.073209972067676e-7
3.4405723418083173e-6
2.830170930789268e-5
1.6277449294431832e-5
0.00012786738041177095
0.00019242961664938133
0.00034074116999451714
0.00042735962286313
0.0004999329564452634
0.0006469572670333376
0.0
0.0
0.0
0.0
0.0007743633154896142
0.0006189424139470222
0.00034936078653468683
0.00014715895193959572
3.517602015877784e-6
2.590903734023491e-7
0.0
0.0
0.0
0.0
0.0
0.0
0.0
0.0
0.0
0.0
0.0
0.0
5.190970186029817e-7
5.312037328189902e-6
0.0
0.0
0.0
0.0
1.2980658996374914e-6
0.0
0.0
0.0
0.0
0.0
0.0
0.0
0.0
0.0
0.0
0.0
0.0
0.0
0.0
0.0
0.0
0.0
0.0
1.6832856922686094e-6
0.0
0.0
0.0
0.0
1.948946701921264e-7
0.0
0.0
0.0
0.0
0.0
5.030618240278978e-5
0.0003302370471742333
0.0005394581481049386
0.000720202022598738
0.0007897011278265796
0.0007402837193059943
0.0007098014458181442
0.0006650985437186228
0.0007032007533265611
0.000677243456337134
0.0007925039171087451
0.0008861723760172214
0.0009411080817448846
0.0011286230865676032
0.0
0.0
0.0
0.0
0.0014559108479881954
0.001364946722121753
0.0011910724076308029
0.0011621609575801133
0.0011280607436521916
0.0010029462364327826
0.0006857908199727669
0.0003740722079481113
0.0002400576370867727
0.0002399674804126097
0.0002912552148865737
0.00044707150917509396
0.0006054884247118373
0.0006559125860022848
0.0007904584239648975
0.0008595622402447551
0.0010187237744336088
0.001102046983522374
0.0011683133093682246
0.001326771154692496
0.0
0.0
0.0
0.0
0.0014540411922621273
0.0013109793681941638
0.0010140358460738988
0.0005882088597732606
0.0002004515905288523
1.9623634443932335e-5
4.7182003408400435e-7
0.0
0.0
0.0
0.0
0.0
0.0
0.0
0.0
5.200282194679241e-7
2.5997322378066636e-6
7.901972544848958e-5
7.366688875858883e-5
0.00018368430302843997
0.0
0.0
0.0
0.0
7.681442203899468e-5
0.0
8.83820988244451e-7
0.0
0.0
0.0
0.0
0.0
0.0
0.0
0.0
0.0
0.0
0.0
9.235057293940428e-7
0.0
2.8636083972154084e-6
0.00010874675565379859
0.00026324744525091625
0.000496150974929646
0.0
0.0
0.0
0.0
0.0004769981815853038
0.0003860356318536413
0.0002466816957859551
0.0002547710109062732
0.0002739880269989303
0.00031169661957430856
0.0002152111265864532
0.0001070035037169001
0.00018793642295813137
0.0003134053450795799
0.00041784298581743146
0.00047649875123007967
0.0004589008174078134
0.00036554177680280393
0.0004213291754035774
0.00044222693956549105
0.000610156100138119
0.000731277513726977
0.000809568269723833
0.0010042646857002045
0.0
0.0
0.0
0.0
0.0013640325985803735
0.0012998066068169295
0.0011995643266552326
0.001207282231335897
0.0011990233685831892
0.0011979418594712605
0.0010533070605782163
0.000926692909314447
0.0010046948527499073
0.0011962016850390405
0.0013369626004377491
0.001297636994482357
0.0011847182736828249
0.0011016932260863807
0.0011471801318958057
0.0011140199696474753
0.0012063680964090025
0.0012663855061196701
0.001325343494142926
0.0014748551640155108
0.0
0.0
0.0
0.0
0.0016991216891957095
0.0016079507293215586
0.0013465080197330472
0.001191656758272127
0.0011189865793579023
0.0010080496383608154
0.000815619666625688
0.0007364505119868422
0.0006986729731450929
0.0006993497162910694
0.0007262762896792597
0.0008121261191030957
0.0009736264311325674
0.0009685770700766294
0.0010824097792145517
0.001251275601429708
0.0012936894571433147
0.00136730454460803
0.0014899029275139207
0.0017865236849929503
0.0
0.0
0.0
0.0
0.00204003837496721
0.0019171892569313307
0.0015920668169293816
0.0012977115297556755
0.001150628069045693
0.0007652302510803482
0.0006559680225487484
0.0005787095945090042
0.0005091054137873039
0.0006121646335286061
0.0006979300986589864
0.0006878098142794683
0.0007268542065558704
0.0007468046311226635
0.0007982785411568189
0.0008502954852219018
0.0010421900199109213
0.0011248357761566143
0.0011364035522806821
0.001258531596719514
0.0
0.0
0.0
0.0
0.001452814391645717
0.0013060497851269974
0.0011115517978019566
0.0009968404950451018
0.0008763787961414923
0.0007824102345104036
0.0006133486160698415
0.0004339905237349336
0.0003266077046628218
0.0003134530396656674
0.00036679755967435876
0.0004994326043377284
0.0006835224752993265
0.0007567693979077303
0.0008606035399876113
0.0009605045075555013
0.001179605882416379
0.0013329541505939714
0.001431269317554241
0.00162537669585232
0.0
0.0
0.0
0.0
0.0017489674027599143
0.0016486451815773016
0.0014201762414982333
0.0010793515027731143
0.0007280853327191512
0.0004873676113922922
0.00018726016521460693
4.33904727286022e-6
5.203836662296912e-6
2.569330064262541e-5
7.95512018534794e-5
0.00016647714033440423
0.0002660131853085502
0.00028274089547828616
0.00034604335732001454
0.00038053065512972533
0.0005142505958110696
0.000603911217795987
0.000736333386348647
0.000966300543013145
0.0
0.0
0.0
0.0
0.0010350848456906687
0.0008372227717378361
0.0006030709416530672
0.0005279212457021184
0.00041196164377265505
0.00030255079380554176
0.0001310329100639907
0.0
2.095050510233234e-6
8.049546849812736e-5
0.00024746278181534597
0.0002664574545044525
0.00016686532272862308
4.222318191674776e-5
6.302301562160818e-5
9.126669507109992e-5
0.00019276615643534052
0.0002375623965116476
0.00035114611705756724
0.0005915391043811899
0.0
0.0
0.0
0.0
0.0007018773437698126
0.0006152375384591094
0.0004916367662819431
0.0004868380663501472
0.0004960374746291548
0.0005321655213441186
0.00041195858718886017
0.0002600982072742914
0.0002666749798427336
0.0005076994450156085
0.0006968797535989356
0.0007055145518218764
0.000657561271655098
0.0005612494135571639
0.0005856524463920651
0.0005868776625243179
0.0006836454986342418
0.0007041930536084424
0.0007490290296061606
0.0009101948546580104
0.0
0.0
0.0
0.0
0.0008981946675890106
0.0008025580246060736
0.0006274132360867313
0.0005923254226713944
0.0005483559099752716
0.0005214078227078773
0.00032796802909502607
0.00011790532978360329
0.00010645860184481311
0.0002235083052971048
0.0003210825624841838
0.0002560542317776346
0.00014778838158215649
3.5314727927594694e-5
3.533120512066706e-5
2.44544095581802e-6
0.00014570141769650407
0.0002108106657793114
0.0002058760476579371
0.00032066760738374596
0.0
0.0
0.0
0.0
0.0004912982383953233
0.00046189133551904123
0.0002855423189730597
7.999046066378968e-5
3.4249093065076904e-7
2.6823918317225333e-7
0.0
0.0
0.0
0.0
0.0
0.0
0.0
0.0
5.866644308060259e-7
1.0363003385931933e-5
8.988351791801843e-5
0.00018700070583894368
0.0003192594620811181
0.0006410360022972661
0.0
0.0
0.0
0.0
0.0009150116324154914
0.0008735431103115978
0.0006730322077018879
0.0005247418302284821
0.00045850222741954165
0.0002705402054120193
9.525029417845388e-5
0.0
6.332232093122029e-7
1.2054952581678537e-6
0.0
4.562148688887722e-5
0.00032002272418180615
0.00047301702780191333
0.0005762831496268155
0.000571286722201648
0.0005337116548178136
0.0006402152058215537
0.0007837001568958375
0.0010108913224594783
0.0
0.0
0.0
0.0
0.0009841053815281915
0.0008881575358944039
0.0006807671370481088
0.0004340347967840339
0.00010601144385914178
3.4480629621989196e-7
1.6217168581405912e-7
0.0
0.0
0.0
0.0
0.0
0.0
0.0
0.0
0.0
0.0
0.0
2.050983787062068e-6
5.093509618664612e-6
0.0
0.0
0.0
0.0
2.6975568712428144e-6
0.0
5.664965713683556e-7
0.0
0.0
0.0
0.0
0.0
0.0
0.0
0.0
0.0
0.0
0.0
0.0
0.0
0.0
0.0
0.0
3.7480041385865164e-6
0.0
0.0
0.0
0.0
1.1251339827165986e-6
0.0
0.0
0.0
0.0
0.0
0.0
0.0
0.0
0.0
0.0
0.0
0.0
0.0
0.0
0.0
0.0
2.258341126642651e-6
2.455575048455134e-6
8.673441310447832e-5
0.0
0.0
0.0
0.0
0.0008542458067937341
0.0008287232818203921
0.0007143243814630208
0.0005845825448125811
0.0004012788813221757
0.0002864189711719425
4.175349242878239e-5
3.244323616665208e-7
1.965097071890719e-6
2.3692994330328516e-6
7.066420531956559e-5
0.0001697295874343572
0.0004294344851324307
0.0005857825681211266
0.000750921616708038
0.0008387981963462073
0.0010552175134505638
0.0012011972334075782
0.0012882959466027732
0.0015074954095721336
0.0
0.0
0.0
0.0
0.0017192314251053991
0.0015945842130997941
0.0013730084650829472
0.0010079928630675578
0.0005578204921147519
0.0002963408791786188
3.698181171383505e-5
3.6721024312737507e-7
9.035617234112766e-7
1.736580400412398e-6
3.5389404295906534e-7
3.310511981620944e-5
9.80245097557012e-5
0.00020772152643286536
0.00038903994527144195
0.0004603194681250431
0.0006485046078460087
0.0006673375223027471
0.0006854925830514095
0.0007961496491163003
0.0
0.0
0.0
0.0
0.0011317332150158953
0.001051631986622631
0.0006962208477596419
0.0005136333106702999
0.00040476814058545876
0.0002486259577076116
3.22046373740914e-7
2.0594294856399528e-7
0.0
0.0
0.0
0.0
0.0
0.0
0.0
1.623476439182965e-6
6.457413727914123e-7
1.3313534847734547e-6
4.5759817199411236e-5
0.0002978565856227675
0.0
0.0
0.0
0.0
0.0008174293211626089
0.0007545100326103776
0.0005394200483768985
0.0004401360373827938
0.0004286580795458979
0.00030805493431082764
0.00016369182928824519
9.45972616993423e-6
7.39369506103685e-7
1.1841331066052025e-6
1.8209456801382576e-5
7.110991786668022e-5
0.0003647718452572437
0.0006361590487727426
0.0007904883284941891
0.0008680346459198287
0.0010628573803888877
0.0011997292586473198
0.0012455349787987052
0.0014907777757728461
0.0
0.0
0.0
0.0
0.0016523022018484878
0.0014788596331986406
0.0010917170908646824
0.0008041809595449494
0.00056821025360498
0.00024568674818210005
1.6752031607803897e-5
3.373645974892457e-7
5.679206900739972e-7
5.969122794433202e-7
0.0
0.0
1.4803976948166652e-5
7.743230842983049e-5
0.00015585986480391132
0.00021475561798975484
0.000442226312745456
0.000518198476138748
0.0005418660730239467
0.000744597974592162
0.0
0.0
0.0
0.0
0.0007487249751610838
0.0006266576278509977
0.00039190158661222326
0.00025467834676221117
7.610965629446098e-5
3.691526968395062e-7
0.0
0.0
0.0
0.0
0.0
0.0
0.0
0.0
0.0
6.880149433063204e-7
4.363674883553411e-5
0.0002029017740198571
0.0003074432677793442
0.00046768092264799993
0.0
0.0
0.0
0.0
0.0007145161567040798
0.0007003339190998717
0.0005827877142160648
0.0005370224771605059
0.0004533337320359416
0.00038930687345000293
0.0002332892330668368
4.709890041651775e-5
6.075969414246422e-6
4.9961586416243227e-5
9.933600237863766e-5
0.00015325356493525077
0.00016018393127290945
9.318527791268349e-5
0.0002683723646161263
0.00043540031305847396
0.0005730164252809316
0.0006740674902001172
0.0008226985934389157
0.0011104648672873479
0.0
0.0
0.0
0.0
0.001299163796300538
0.0012247723604615025
0.0009467937502906177
0.0007201768923953628
0.00047509399406692854
0.0003609119891442264
7.303317384541646e-5
3.9799952242296336e-7
3.449100541724781e-7
1.1174550288312134e-6
1.5917057680198853e-6
0.0
1.6684582721657382e-7
3.050969025367149e-7
1.744048082311244e-6
5.9737135099458875e-6
0.00015433681204602944
0.00022494455384568715
0.00026498939364123753
0.0004020129519114431
0.0
0.0
0.0
0.0
0.0004385624114485792
0.0003022489530840795
9.143887916178451e-5
1.6646806973187853e-5
5.831600826993581e-7
0.0
0.0
0.0
0.0
1.752625534541993e-6
9.092651590530174e-7
0.0
0.0
0.0
0.0
0.0
0.0
7.42321026264626e-7
2.9164882110289453e-6
5.80346043105278e-6
0.0
0.0
0.0
0.0
0.00010345428690894379
3.694478687802513e-5
0.0
0.0
6.619305488652281e-7
0.0
0.0
0.0
0.0
0.0
0.0
0.0
0.0
0.0
0.0
4.00813748834367e-7
0.0
1.1869709874674912e-6
4.111326948413148e-6
0.00019477966899613303
0.0
0.0
0.0
0.0
0.0007169086642127187
0.0007447397617300354
0.0007480561406783974
0.0007921510249718845
0.0008000666728010035
0.0006884331437054626
0.0005862201139332801
0.0005496309377352289
0.0006687351578263258
0.0007869907490761315
0.0008517319586344034
0.0008467699557879445
0.0008548337358075134
0.000828845104932278
0.0008604106973545301
0.0008573011173085391
0.001015432171788867
0.0011196541657035174
0.0011711715314016821
