0.0001512519798500159
0.00033833422724282794
0.00032425465195787896
0.0004631138066529273
0.0003964145847175182
0.0005482603859451007
0.00047007213606391484
0.0005831885110266434
0.0004012161253067983
0.00038181835574508657
0.00025743387486231253
0.00024468629239780343
6.605118843630072e-5
3.633461613579443e-5
2.0012195509344615e-5
1.8387009780780144e-5
2.333574217124976e-5
3.091941068007409e-5
2.4309384241354196e-5
2.3966174659914096e-5
2.3836148199351788e-5
1.769183690270327e-5
2.3326351701974215e-5
2.3762946021827173e-5
2.0293001830941818e-5
1.321989495552566e-5
0.0
0.0
0.0
0.0
0.003736967747471774
0.0025576067311920457
0.0012748544043414876
0.0009584750305775825
0.0007060704005781394
0.0005081098964350288
0.0005220117610487806
0.00025807190676770293
0.00016652596339156013
0.0001105592229548416
8.150370624019544e-5
0.00020460734595645537
0.0004689466282182553
0.0004870940557108123
0.0007012867203176698
0.0007121676923643115
0.0
0.0
0.0
0.0
0.0
0.0
0.0
0.0
0.0006606450037596421
0.0006334050564031565
7.81041000490811e-5
4.096987592815464e-5
1.2991451201044151e-5
1.2117942645670531e-6
1.2755826574975872e-7
0.0
0.0
0.0
0.0
4.297043450649142e-6
7.395605304905442e-5
9.713894210019548e-5
0.000145778494160892
0.00019321006101573899
0.0
0.0
0.0
0.0
0.0
0.0
0.0
0.0
0.0010374787423844613
0.000789756051914532
0.000339201868940649
0.00018262765387452363
0.00013917521554641073
0.00010727508711666408
0.0001274846062596132
4.5565606613677314e-5
1.6907049014702486e-5
1.6975236585966983e-5
2.6377735796562654e-5
0.000104097660206084
0.0002583543076607213
0.00033972178111975473
0.0004925893086119186
0.000533209122244151
0.0
0.0
0.0
0.0
0.0
2.9012027221176657e-5
3.825302600408696e-5
4.601836731763601e-5
0.0017320868015038699
0.0010444623303759665
0.00040137298216715283
0.00020878121955434883
0.00013620415944609436
0.00010452396530224259
0.00010453447362320058
3.126550907432133e-5
3.901164945480917e-6
9.635748895942428e-7
3.45076934182347e-6
4.172291511888125e-5
0.0001312569417883906
0.00015330363479792002
0.0002255688036523836
0.00025419270470819055
0.0
0.0
0.0
0.0
0.0
0.0
0.0
0.0
0.0004757844320324083
0.0003895920269242508
8.695338875512216e-5
3.97063633966298e-5
1.3998043705097735e-5
2.6325211826492653e-6
1.437462942322294e-6
0.0
0.0
0.0
0.0
9.317086445214624e-8
1.6630587715549897e-5
2.560992093765833e-5
6.454750518900232e-5
8.007957853202843e-5
0.0
0.0
0.0
0.0
0.0
0.0
0.0
0.0
0.00021597371522258713
0.00047729213471226064
0.00043965433693143305
0.0004528526514482955
0.00046483879424532665
0.0004590905530304909
0.0004768025644524121
0.0004927085875798359
0.0006237008650762049
0.0006958455395739381
0.0007815544288394344
0.0009181787556150522
0.0
0.0
0.0
2.281183089753543e-5
2.152118349633822e-5
3.54326883769383e-5
3.2256167539887174e-5
5.4632698988008114e-5
5.207945994129975e-5
0.0002157168070621051
0.000273067019675506
0.0004516179290486732
0.0004653501352449517
0.0006546582505127981
0.0004963840198334004
0.0004919106099116046
0.00020692797021024066
8.28413731136159e-5
2.7864338540305686e-5
2.6546929684313423e-5
1.3001651001534346e-5
1.3491588092461344e-5
1.1609267770039679e-5
2.5782218939913462e-5
8.345510255568913e-5
0.00019136085605376448
0.0002965863477742056
0.0005094781500906179
0.0006087807537079186
0.0006832390044369244
0.0007040027761990473
0.0007091023568175008
0.0007120887790112118
0.0007288280619979378
0.0007739656401242973
0.0007771743345962947
0.0033146187459373536
0.0028045654838062518
0.0011738833041657962
0.0005485249135457279
0.0003970167815032464
0.00036384515150802093
0.00036469235711982027
0.00024281475237651165
0.00017786262119348848
0.00013185995978507367
0.00012239646555477392
0.0002551859020846462
0.0004423998609442301
0.0005279988041697881
0.000746027924427881
0.0008505791209850805
0.0
0.0
0.0
1.418102986080144e-5
5.108329849526364e-5
9.099228249129515e-5
0.00032894112806055464
0.0003684249543435717
0.002561996846920561
0.0017321153847115235
0.0008727613014336412
0.0006044363785922722
0.0004559051577256774
0.0004243833570302678
0.0004576974165257045
0.00035703980318680946
0.0002959660350008557
0.00026365483223706414
0.000285322972838528
0.0004623736618555582
0.0007557800572011603
0.0010674152968511035
0.001823007006401884
0.002158907336428661
0.0001778549151736261
0.0005197539787934108
0.0007148744021416117
0.0009179564374329393
0.0009641055599301325
0.0011221253240225743
0.001155427944879503
0.0012995409224479098
0.0032778849679142683
0.004457450289374573
0.0026608855506107796
0.0020257649241252535
0.001744404844692624
0.0012673290772414164
0.0009018500908568508
0.0007593370694834122
0.0006617954454587506
0.00046885617260300976
0.0005314638426102373
0.000815629565617141
0.0010795589463026554
0.0011909485357731143
0.0013957956573494087
0.00153767581669341
0.00015711677921096534
0.0005759523346797487
0.0005557866107200008
0.0009118575101104314
0.0007750773925483253
0.001127949148437913
0.0008286249036141827
0.001124658145004763
0.003362493298913865
0.0029533507759768526
0.0019900372874226114
0.0016432763742987853
0.0012747804213993797
0.0013824116210510548
0.001590980947479808
0.001304580320174607
0.0009601742997011286
0.0006799124718671185
0.0006705741591142603
0.0007899763231260125
0.0011833970383915272
0.0013553741758748497
0.0014738681853841936
0.0014129856020026208
1.31054815296927e-5
0.00016409853253703552
0.0003047785816466332
0.0004653136659299238
0.0005031236119857755
0.0006403686375519211
0.000751664499484392
0.001023279625842231
0.0037691386400895205
0.0031964269200425864
0.0021682094251119343
0.0019606367646887767
0.0019422581111215582
0.001594697493835583
0.0017136507609279556
0.0020038025864524594
0.0021296466745784216
0.0020815250557318673
0.0018393368684848927
0.001858020450545497
0.0020714184863382785
0.002204860971955351
0.0023912878863755816
0.002408903596669984
0.00024230644077441273
0.0005690342310469222
0.0007622871502977599
0.0009060208415494236
0.0010227501022519324
0.0010462264654316402
0.0011557432552883095
0.0011816670978612583
0.0036877397856271135
0.004644679925283472
0.003058657209489481
0.0019307007597929458
0.0014397214356619383
0.0012320413560344757
0.0009593388237070927
0.0008659877047466989
0.0011238490335334344
0.0011720176379216337
0.0012896442176983255
0.001668889831773494
4.566334355338319e-6
4.6374156060656294e-5
0.00020894600370801073
0.0002740739022152366
0.0005033096321421389
0.0005305104137588267
0.0007382081068545219
0.0007503736367049911
0.000919450346012936
0.0008473806821929813
0.0009582502684417453
0.000935662146854535
0.0009435311695045562
0.000750274922226299
0.0006438496688005071
0.0002949903506567603
9.880911644344395e-5
1.712867461433275e-5
0.0
0.0
0.0
0.0
0.0
0.0
0.0
1.6604205592125334e-6
6.514562792512375e-6
7.42269307215142e-6
1.4428335880113281e-5
6.29613759066251e-5
0.00017052896751852873
0.0001803635890429476
0.00030921688083665065
0.0002857859763013078
0.0005205633979903909
0.0004862689293295047
0.0007551978891474975
0.0005565157900283031
0.00042782018977953267
0.00011270004043270155
2.5832562036189073e-5
3.754937681443735e-6
0.0
0.0
0.0
0.0
6.472393824619949e-6
9.950032185379862e-5
0.0001848724923984232
0.00036963440910942167
0.0004216467715975775
0.0006370245667451538
0.0006413427350262373
0.0009195528586082335
0.0007662592555815468
0.0010317886081883402
0.0008324855935105488
0.0011173640754319752
0.0008849912275520874
0.001243701917016491
0.004263120890114963
0.0050103291217815
0.002749370169456964
0.0015248042932173625
0.0013187051171466683
0.001082974167615423
0.0009228670060706353
0.0007024314401898154
0.0006424543267868727
0.0006370545164417159
0.0006970619059684311
0.0008625568434052016
0.001398954195515451
0.001596860804315926
0.0016977432429509233
0.0015621060949650607
0.0
0.00016312989940321857
0.0002689107147046072
0.00027812569190889736
0.00019765138603298482
0.00024175432383076575
0.00021837933164369308
0.00023327454303385424
0.0030414008632511313
0.001989908668726148
0.0010014740969157808
0.0007267496922981317
0.0004606606509115144
0.0003526848335530199
0.0003024674897474508
0.00020619729524476262
0.00017562684663514753
0.00014822223558004106
0.0001317901576614725
0.00020848554684501166
0.0003143767317341449
0.00031708631645109575
0.0005360816413180674
0.0005910832967742378
0.0
0.0
0.0
0.0
0.0
0.0
0.0
0.0
0.0006792780291309158
0.0006544773137801814
0.0001600515632977006
8.134998614131671e-5
3.377523349946558e-5
1.3975197277153493e-5
1.064291967345003e-5
0.0
0.0
0.0
0.0
1.3837325121585724e-5
6.758701392542857e-5
8.408077647093586e-5
0.00012286882085960936
0.0001342761983091223
0.0
0.0
0.0
0.0
0.0
0.0
0.0
0.0
0.00015399209902727394
0.0001550274413868727
3.0043595236401696e-5
3.6012470846992435e-6
0.0
0.0
0.0
0.0
0.0
0.0
0.0
0.0
6.515427310327294e-7
1.2733724129048863e-5
5.644192252469047e-5
8.153013298808985e-5
0.0
0.0
0.0
0.0
0.0
0.0
0.0
0.0
0.00011459502311313854
0.00013618250491100455
8.110066703094658e-5
3.290084084064442e-5
1.9520586146269497e-5
1.4810690956913637e-5
2.4588402936187487e-6
0.0
5.647867206557753e-8
1.5057776684612297e-5
2.484346998344707e-5
7.772488569083638e-5
0.0
0.0
0.0
0.0
0.0
0.0
0.0
0.0
0.0
0.0
0.0
0.0
0.0
0.0
0.0
0.0
0.0
0.0
0.0
0.0
0.0
0.0
0.0
0.0
0.0
0.0
0.0
0.0
0.0
0.0
0.0
0.0
0.0
0.0
0.0
0.0
0.00022476871959356678
0.00026121198466742503
7.509201625625735e-5
5.212001376180589e-5
4.253771690079557e-5
4.0288454769650646e-5
6.221472891724289e-5
1.0810969684598942e-5
2.9241271916673414e-6
6.708404565624195e-6
1.2137721452652459e-5
4.822549278783156e-5
0.00018730713321395945
0.00029910597510409125
0.00047390504266930705
0.0005561090757502061
0.0
0.0
0.0
0.0
1.903355613617243e-5
4.6804833708804305e-5
6.734537061490171e-5
0.00012985296224724482
0.0017856119251035414
0.0012004783754413712
0.00045187658350972424
0.00024262932454952388
0.00017274668155637152
0.00012630920941278075
0.0001365736326723328
5.1898615101342944e-5
1.781110452642494e-5
1.776149071869174e-5
2.6902727025800474e-5
7.571001755942655e-5
0.00021374318241369067
0.0002674196808092399
0.0003491778945673035
0.0004147318404717065
0.0
0.0
0.0
0.0
0.0
0.0
0.0
0.0
0.0010207815306797349
0.0007159853980025739
0.00033294333545860907
0.0001680270566004568
5.931292392459585e-5
2.8581088877547462e-5
1.9106671687225994e-5
1.7318987802807007e-6
0.0
0.0
0.0
3.3117757345231518e-6
6.017282725735835e-5
9.961854252599797e-5
0.0001831394448166551
0.0002351844275414854
0.0
0.0
0.0
0.0
0.0
0.0
0.0
0.0
0.0012567029844911335
0.0008737214479700281
0.00031414778627209184
0.0002203109211381196
0.000161061314061522
0.00011368456037081887
0.0001331223830612998
5.10508758575608e-5
1.4019677107425971e-5
1.2221898491275164e-5
1.8499890516100304e-5
6.193814212637949e-5
0.00019062271869873273
0.00025132458441094963
0.0003613444766354839
0.00043116200024788154
0.0
0.0
0.0
0.0
1.2474142079175376e-5
3.611536730453805e-5
6.0114743913117184e-5
0.00011212557555116367
0.0016919955984858318
0.001012611199138053
0.00041429836944820685
0.00024673588163101265
0.00018026057486333883
0.00012564780251388567
0.00011213389319701027
6.002036853612617e-5
4.198568410566306e-5
2.8888062271642892e-5
3.6318015280471834e-5
7.591165109479808e-5
0.00013014306040439561
0.0001526289162993898
0.00023842604389780217
0.00027989771319945585
0.0
0.0
0.0
0.0
0.0
0.0
0.0
0.0
0.0006294029878216737
0.0005468255606902022
0.00030904615660033236
0.0002485827666646014
0.0001359011341763587
7.591068583933583e-5
7.102413161844592e-5
5.589778596127607e-5
0.00011686974536810152
0.00010133824480282128
0.00014687972865816136
0.00031171746500662683
0.0
0.0
0.0
0.0
0.0
0.0
0.0
0.0
0.0
0.0
0.0
0.0
0.0
0.0
0.0
0.0
0.0
0.0
0.0
0.0
0.0
0.0
0.0
0.0
0.0
0.0
0.0
0.0
0.0
0.0
0.0
0.0
0.0
0.0
0.0
0.0
0.00013653719089960087
0.00014018826105737734
2.850083688386066e-5
5.860713427352057e-6
1.3545281866294448e-5
1.9370352481264695e-5
3.278736156618092e-5
1.2626260623300902e-5
1.1459790927372458e-5
4.209953156281771e-5
6.50027852479707e-5
0.00013139199237600666
0.0002693367037444198
0.00027504828990374463
0.0003922414795411792
0.0004485752372644128
0.0
0.0
0.0
0.0
0.0
0.0
0.0
0.0
0.0013620681302729295
0.0009612811676179913
0.0005945166815510848
0.00040759109265459207
0.000298828515290454
0.00027158841317856825
0.0002750952273738823
0.00016323043146092135
8.617352528936389e-5
6.932913597113047e-5
7.299153846605373e-5
0.00014026824719990319
0.00034901937998376364
0.00047114056037617596
0.0006384030828812079
0.0007151353713456164
0.0
0.0
1.4140967632023651e-5
4.206705553216411e-5
4.737922841699263e-5
0.00013973678995341782
0.00026206553308295107
0.0005572437358837867
0.002230062505492694
0.0020899540587360176
0.0013537798530994752
0.0008817728426973141
0.0005109746241844721
0.0003968680848981186
0.0003673595169677971
0.0002834743215702086
0.0002037485765332139
0.0001631871203505716
0.00019050593286113905
0.0002982816898253967
0.00045937630307518957
0.0005217570844943219
0.000650813854774689
0.0007193194545495673
0.0
0.0
1.8019254960035412e-5
4.055100344781786e-5
0.00014697712769470012
0.00020976018793469656
0.000554992238627325
0.0005213889485570579
0.0024050137803706844
0.0019850144745784054
0.001581836739907269
0.0014853308099165212
0.0011887699435689093
0.0011072330707514973
0.0012257143007205578
0.0010776416913831376
0.001051789973922431
0.0010694325570819153
0.0008967849678607335
0.0008229234260724971
0.0009951569827555426
0.0009997764684289956
0.0011017284895978017
0.0011484831128936409
1.2918558942353912e-5
4.7948017757925876e-5
0.00010378051245411923
0.00025543830418951015
0.00036737949078528484
0.00032657105216705415
0.0003807090804275464
0.0003652828208875015
0.0025275540957240637
0.0017513811071984877
0.0009700450033332983
0.0007755683471485703
0.0006591833366672478
0.0005613848781832478
0.0005436286635016087
0.00036225382774013906
0.00024671370953027933
0.00018546977857981066
0.00018554820539485329
0.0002706356793025898
0.0005538514188802882
0.0006394144984663065
0.0007920931066779401
0.000869183932079454
0.0
7.070283220540485e-6
3.65625840163578e-5
9.353026255353728e-5
0.0002134307761444688
0.0004091811563199336
0.00048519171400943827
0.0006960858941345367
0.002648928394805061
0.00217506591390864
0.0012886087217309223
0.0008842177897294613
0.0006670581287482
0.000571363800511367
0.0005040000771216053
0.0004275925969077295
0.0006605551712463374
0.0006918987519505937
0.0007773760389850725
0.001045707799371409
0.0
0.0
0.0
0.0
0.0
0.0
0.0
0.0
0.0
0.0
0.0
9.134033690709344e-6
1.4597953196660442e-5
1.7590036866553704e-5
0.0
0.0
0.0
0.0
0.0
0.0
0.0
0.0
0.0
0.0
0.0
0.0
0.0
1.0600489045245987e-5
2.7600042677495767e-5
3.1795618648216744e-5
6.578411814621867e-5
6.481699949864704e-5
0.0002841535156493166
0.0004322086461697284
0.0005645074230739444
0.0006648432198166867
0.003022401019127392
0.0019034390527476052
0.0006763334185225563
0.00040150438280551457
0.00029860972847271035
0.00025191710879290057
0.0002716952357181362
0.0001591959069614614
7.319411285985382e-5
5.5366100555771695e-5
5.607063125190236e-5
0.00011364868814556353
0.0002719059841808145
0.0003195886242672526
0.000406406287691013
0.00045898549404793047
0.0
0.0
0.0
0.0
0.0
0.0
0.0
0.0
0.0012103201082335746
0.0009028486427446506
0.0004542720993463605
0.00035456989832921516
0.00026967624266037866
0.00019732622062518024
0.00022485068589115539
0.0001591577542086047
0.00016310328840246513
0.00016949877552575686
0.00020275670781751338
0.0003250503573441962
0.0004834148665690791
0.0006275395402624575
0.0007841175000182346
0.0008188836683243015
0.0
0.0
0.0
0.0
0.0
0.0
0.0
0.0
0.001061631365411184
0.0007480865788592516
0.0003698251589325431
0.00025762872891255627
0.00016510533767781418
9.943997574843705e-5
9.316725947164043e-5
9.827513461401308e-5
0.00019171370924708173
0.00042020617601917326
0.0005886909980307737
0.0006401796804007341
0.000824348722033048
0.0009441955721381713
0.0010813117681902802
0.0011465194496305927
0.0
1.637762030506291e-5
2.7258912386382218e-5
4.146025060580821e-5
0.0002866606614737625
0.0002922093735036422
0.00042532318610802154
0.0003751924534297272
0.0030646122023888296
0.0019877740655638047
0.0012724293744696053
0.001156952327649783
0.0011150257051839101
0.0008792610792454496
0.0007021403614759269
0.0006196522121865234
0.0006610838430656337
0.0009588376142770202
0.0009512933067947725
0.0009073688754195215
0.001335322016706694
0.0015089675232377784
0.001539792917746804
0.0013526278455698413
1.9759656016028163e-5
0.00018481328687563892
0.0003310678790758552
0.000516149371468707
0.000602168082660498
0.0007398411571581658
0.0007715939726006208
0.0007618307140999176
0.0028169512648915365
0.0025052035846687137
0.0015100370381909533
0.0012524264191030052
0.0010861145831207873
0.0009210756130677797
0.0008424266502822515
0.0005670657474570588
0.00039174211761261186
0.0003064590293087503
0.0003921957190791552
0.0005479162241312839
0.0007340847803401581
0.0008361668674510676
0.0010254383595410606
0.0011555698365823843
1.2880384448934935e-5
3.656253041513969e-5
0.00032494161377199376
0.0003657913104944386
0.000671559685791298
0.000573064720047489
0.0007839870757712635
0.0005996217540523335
0.002853351300419344
0.002427509681595542
0.0014044454662596106
0.0009476208548896454
0.0008909509855236454
0.0008155274657312465
0.0007381669540740874
0.000673088334642192
0.001043590048438842
0.0011158377213473696
0.0011998778841103071
0.0014331447192116396
0.0
0.0
0.0
0.0
1.3530739738084275e-5
2.4400124031038065e-5
3.477493017344303e-5
4.050191732582175e-5
4.730753344060606e-5
0.000128656925679916
0.0002144351105967946
0.0003022007281180983
0.0002750476248083033
0.000345166276672304
0.00024303648928017006
0.00016683168104822917
4.092786553248056e-5
2.7777563345104515e-5
2.3417858021804895e-5
1.6285851181575304e-5
2.1031180342154288e-5
1.7652705080732802e-5
2.4156711514782843e-5
2.5650660528400005e-5
3.913842094729217e-5
4.347695024889013e-5
5.1625362203387896e-5
4.5583188416770264e-5
0.00017330272408474945
0.00028820346391947906
0.00026677856790702226
0.0003843225718853184
0.0003340568733714728
0.00040317987497954946
0.0003454488290904532
0.00041135762525964636
0.0036401128468163506
0.0023593274755532843
0.0012042850471598622
0.0009203072484680497
0.0007094027812104313
0.0005258570085578923
0.0005649499215099556
0.0003547741553107732
0.00029690714003497126
0.0002632306381643773
0.00027019783326189526
0.0003788891446804101
0.0005620581011521129
0.0006440883363954828
0.000914214090576473
0.0009983159740093537
0.0
0.0
0.0
0.0
0.0
0.0
0.0
0.0
0.0017839117128263754
0.0012946062224236572
0.0005495328978197974
0.0004224177141647029
0.0003297365586189625
0.0002534948722304134
0.00023603525458266175
0.00012182978978752503
9.328894222743393e-5
0.00016810620210790854
0.00023015947213617867
0.00026510249156429185
0.00038948978996442994
0.00044584045177176277
0.000505734203400792
0.0005357798542615474
0.0
0.0
0.0
0.0
0.0
0.0
0.0
0.0
0.0008949015801893392
0.000702151089370188
0.00028227978104258735
0.00014944863102554082
8.980474646255855e-5
5.413192045885495e-5
5.052856218577019e-5
8.874623044873845e-6
0.0
0.0
0.0
9.875787795477976e-6
6.561945321499499e-5
0.00010155365399151079
0.00017838307397515803
0.00022148127736227325
0.0
0.0
0.0
0.0
0.0
0.0
0.0
1.4518212172067264e-5
0.0020117013433060796
0.0014440509468635508
0.0010505572857423782
0.0010465336704147906
0.0010647025677220394
0.0008205014747322367
0.000625142231626376
0.000577403686162249
0.0005851374519124561
0.0005829651812602062
0.0006570710206627283
0.0008088234120663069
0.0010163373665958285
0.001115824556724986
0.001300166798595014
0.0014387853095778607
2.255960174383843e-5
0.00026715053035325834
0.0004237742091726087
0.0007107599346407222
0.000665154860469588
0.0008225752349228009
0.0007435033618841032
0.0008929531293693777
0.002707155157051335
0.0027840196765883288
0.001562527338654308
0.0010207077589802357
0.0006925985744867592
0.0005093771612473383
0.0004612470416921775
0.00032840987648871396
0.0002606137884426777
0.00023154497317698415
0.0002252360615204945
0.00037615749220892413
0.0005851809058347103
0.0006449071671519964
0.0007773688002066586
0.000828039586898052
0.0
0.0
2.7197727635112378e-5
2.8488701450769013e-5
6.0105074017049036e-5
5.244309517839212e-5
0.00019126721926084072
0.00020291013060410863
0.0023431552735625866
0.0016738725059718025
0.001145388458827882
0.000992372573526332
0.0008712193578995223
0.0007679565057867988
0.0007239353635498743
0.0006908162177371522
0.001038797565269575
0.0011115023076787361
0.0011911392954995611
0.0013861605742332146
0.0
0.0
0.0
0.0
0.0
0.0
0.0
0.0
0.0
0.0
0.0
0.0
0.0
0.0
0.0
0.0
0.0
0.0
0.0
0.0
0.0
0.0
0.0
0.0
0.0
0.0
0.0
0.0
0.0
0.0
0.0
0.0
0.0
0.0
0.0
0.0
0.0
0.0
0.0
0.0
0.0
0.0
0.0
0.0
0.0
0.0
0.0
0.0
0.0
0.0
0.0
0.0
0.0
0.0
0.0
0.0
0.0
0.0
0.0
0.0
0.00030791355631595765
0.000295569223580746
5.498829374485801e-5
2.124550564799292e-5
2.3827652025873403e-6
2.7067199870762136e-8
0.0
0.0
0.0
0.0
0.0
0.0
3.468514799708438e-7
1.4266083870777172e-5
6.15852959036433e-5
7.442261367585415e-5
0.0
0.0
0.0
0.0
0.0
0.0
0.0
0.0
0.0005793876100141898
0.0004612323120893397
0.00014344833015688736
7.421127377637453e-5
2.0632301842986025e-5
3.1482896892196413e-6
1.0054081679040855e-6
0.0
0.0
0.0
0.0
0.0
5.747222647179466e-9
8.709913926966821e-6
3.560136742777302e-5
6.127119565571394e-5
0.0
0.0
0.0
0.0
0.0
0.0
0.0
0.0
0.00029811911653602915
0.00034543909539656696
9.098803540976475e-5
1.2808533739566697e-5
1.3428082290712191e-6
0.0
0.0
0.0
0.0
0.0
0.0
0.0
0.0
5.801339803055067e-8
2.6074370485731674e-5
6.423863529956787e-5
0.0
0.0
0.0
0.0
0.0
0.0
0.0
0.0
0.000522687776500423
0.0003515025407188481
8.609150301460909e-5
4.10770895853256e-5
1.0914606987400318e-5
1.6987324534100355e-6
5.130960865264167e-7
0.0
0.0
0.0
0.0
0.0
0.0
1.2666233785904266e-7
3.156412358563273e-5
8.113518169303746e-5
0.0
0.0
0.0
0.0
0.0
0.0
0.0
0.0
0.0010819942186783376
0.0006723793249652001
0.0003602351886093844
0.00024000983051239807
0.0001801006472495109
0.00015350730408298865
0.00013341464197106774
7.336237818120068e-5
8.171376525290223e-5
9.113374014799496e-5
0.0001140833467180555
0.00017228988565104445
0.0
0.0
0.0
0.0
0.0
0.0
0.0
0.0
8.828394988621852e-6
1.9358304639474525e-5
3.5599061784828057e-5
6.172265719637632e-5
0.00010163502591955365
0.0001534004497507705
8.114372707286763e-5
3.097602554390491e-5
1.4983354527892034e-5
6.472539378003062e-6
0.0
0.0
0.0
0.0
0.0
0.0
0.0
6.064141521815362e-6
1.6991067039069998e-5
1.397949228142866e-5
2.61814046419397e-5
2.6374656427621046e-5
4.627623665324017e-5
5.189896919835994e-5
0.0001588633874631307
0.0001656267523571661
0.0002896047323721325
0.0003118443490484918
0.002039942685612358
0.0011055033907679472
0.00046346880857035897
0.00025335028308267715
0.0001770201708780835
0.00012656608306038585
0.00013405743716351864
3.519238410653182e-5
5.4441420930853845e-6
2.8708679154033085e-6
1.5636997215324005e-6
1.259635481589729e-5
7.046681079601132e-5
0.0001301171109712895
0.0002126638058734681
0.0002654553377445245
0.0
0.0
0.0
0.0
0.0
0.0
0.0
0.0
0.0011207144699158747
0.000691589091112727
0.00026662281371608464
0.0001644745396204266
6.2790446463201e-5
3.32284799461528e-5
1.6292607230249467e-5
9.080020791774447e-7
0.0
0.0
0.0
0.0
2.2252613409747618e-5
5.974973806427266e-5
0.00011593792391535152
0.00014909428774301199
0.0
0.0
0.0
0.0
0.0
0.0
0.0
0.0
0.00027645254189260127
0.00025363671190895795
6.064212702498878e-5
2.2905004661111742e-5
3.5895565523438584e-6
4.4066381350489833e-7
4.2789845495360114e-7
0.0
0.0
0.0
0.0
0.0
2.9673581433101537e-5
5.738632974407124e-5
9.865319899639753e-5
0.00011671760317075428
0.0
0.0
0.0
0.0
0.0
0.0
0.0
0.0
0.00018305343804725878
0.00017244223828343324
4.096213801788395e-5
4.5492739857112896e-5
5.448628057278685e-5
4.925445800084088e-5
6.562667350436756e-5
4.133166759106941e-5
3.697152017141729e-5
1.8978656362558983e-5
3.679640536585763e-6
6.962295136064421e-5
0.00012216960497651362
0.0001282203880682901
0.00020430962389628737
0.00024670102434786145
0.0
0.0
0.0
0.0
0.0
0.0
0.0
0.0
0.0005328745292529772
0.0005379816402241496
0.00028015307380593613
0.00018445516706830457
0.000122449925831143
8.071196592440064e-5
8.340064990659732e-5
5.373137301981635e-5
4.217186199267473e-5
3.67428212469152e-5
4.555427682674313e-5
5.393755562439152e-5
0.0001819224637359228
0.0002789231654851083
0.0004586367418514662
0.0005685214304756295
0.0
0.0
0.0
0.0
0.0
1.003733790980516e-5
2.1600634536258708e-5
3.520575328146636e-5
0.0016419909940514
0.0010813319174198899
0.0007876368588367499
0.0005805314619639865
0.0004769160888656383
0.00036746160440015365
0.0003434402325693355
0.0002738013511357841
0.00035539568661819833
0.00038030133267580047
0.00043322704806219507
0.0006883903807229876
0.0
0.0
0.0
0.0
0.0
0.0
0.0
0.0
0.0
2.3431815773052272e-5
2.193999235312144e-5
3.400579812123943e-5
3.09187864560397e-5
3.250111272965378e-5
1.0336227236274745e-5
0.0
0.0
0.0
0.0
0.0
0.0
0.0
0.0
0.0
0.0
0.0
0.0
0.0
0.0
0.0
0.0
0.0
0.0
0.0
0.0
0.0
0.0012945002955187482
0.0007101122809532743
0.0002636940224163991
0.00015038245703038732
7.398561337065886e-5
4.2105166899320974e-5
3.4561080652265096e-5
1.485162146081955e-6
0.0
0.0
0.0
0.0
7.063027113432192e-6
3.6782007745443414e-5
0.00012765653547137652
0.00017967747028660886
0.0
0.0
0.0
0.0
0.0
0.0
0.0
0.0
0.0008146637223308816
0.0006041416590248876
0.0002540016646708772
0.00014858290351728374
5.5187173518180034e-5
2.5436098686094044e-5
1.4369174361247084e-5
2.149142442816657e-6
6.577231895015525e-7
9.56710300047271e-7
9.899566198610286e-7
6.557052317875996e-6
6.917885173115982e-5
9.209458395500523e-5
0.00013490653358793337
0.00015705433483319492
0.0
0.0
0.0
0.0
0.0
0.0
0.0
0.0
0.00018580110071083058
0.0001655189395700526
2.595645229849702e-5
2.357892125379629e-6
1.691471293905582e-7
0.0
6.765899456812787e-9
0.0
0.0
0.0
0.0
0.0
1.0415992917173233e-5
4.112812684521565e-5
9.393379820416876e-5
0.00012897716445954422
0.0
0.0
0.0
0.0
0.0
0.0
0.0
0.0
0.0005688240565520891
0.00045726196262691534
0.00010398329800552111
6.228692258769985e-5
4.242658804675963e-5
2.7619702542562876e-5
2.761887519834669e-5
1.4576047163856139e-6
0.0
0.0
0.0
0.0
1.6836792443219215e-5
7.506628992424858e-5
0.00021262456086456252
0.00026199899909927715
0.0
0.0
0.0
0.0
0.0
0.0
0.0
0.0
0.001295363437493979
0.0006496753969495384
0.000185635606662993
8.189325580246741e-5
4.258269500010302e-5
1.7801446514347423e-5
9.610169664445746e-6
3.186522462646753e-7
0.0
0.0
0.0
0.0
0.0
9.85527536884261e-9
3.310807233490347e-5
7.976261537295104e-5
0.0
0.0
0.0
0.0
0.0
0.0
0.0
0.0
0.00028495492101577566
0.00018473178280408074
8.283030017559227e-5
4.612159907288154e-5
2.812654410862177e-5
1.745701519406499e-5
1.0054875844991346e-5
1.1813648326398791e-6
4.855753739407594e-6
1.6103164743855647e-5
4.85519796732926e-5
0.00015494499318411317
0.0
0.0
0.0
0.0
0.0
0.0
0.0
0.0
0.0
0.0
0.0
0.0
0.0
0.0
0.0
0.0
0.0
0.0
0.0
0.0
0.0
0.0
0.0
0.0
0.0
0.0
0.0
0.0
0.0
0.0
0.0
0.0
0.0
0.0
0.0
0.0007950614308630281
0.0006826668196154489
0.0002877992000981484
0.00014933872294126645
7.92968075689055e-5
5.010996136682869e-5
4.525809739016593e-5
1.727662873356801e-5
7.334688058184385e-7
0.0
0.0
0.0
0.0
1.1802925974599499e-5
0.00010255374459257541
0.00020346733547687784
0.0
0.0
0.0
0.0
0.0
0.0
3.217717943155598e-6
2.2701345130606276e-5
0.0015343551921160855
0.0011365272491956303
0.0005743937080799541
0.0003256540816222538
0.00021940915236801653
0.00017135202759009177
0.00017197352497968954
0.00012194594551009325
7.341120629393951e-5
2.697576095304999e-5
2.540835038828722e-5
6.0527986225381544e-5
0.00012991982180805836
0.00023105253252536407
0.00042047027025367577
0.0005455422414396187
0.0
0.0
0.0
1.5482958441881018e-5
5.45884353307555e-5
8.828487565588928e-5
0.0001631759133138697
0.00021505757230677667
0.0018384237895219886
0.0014097114716259834
0.0005679541628890475
0.00029598662439715717
0.00017263756221034518
0.00011737921434167718
0.00010699010846876795
5.508827997206116e-5
1.6885298561867102e-5
4.574687899677348e-6
3.281247611069199e-6
1.709591240307356e-5
7.720419994724744e-5
0.0001495475162834688
0.0002480642535321181
0.0002848610149204032
0.0
0.0
0.0
0.0
0.0
0.0
0.0
0.0
0.0007763327839958887
0.0008124637627455235
0.000509346199966452
0.000488403157610599
0.0003975104369061263
0.00037353993497324714
0.0005131676913952921
0.0004480116823623146
0.0004527423687802963
0.00046151846804287427
0.000463800302203175
0.0003996266047092261
0.00035227979234188714
0.00043141576977673193
0.0005530218287768914
0.0005847424762628735
0.0
0.0
0.0
0.0
0.0
0.0
0.0
0.0
0.0009791499707848391
0.0007421902297983661
0.0003782420933956777
0.00026734961456862234
0.0001629009550462576
0.00010470011673096361
0.00010072616802601179
0.000141159648123258
0.00017906975853866164
0.00017048301804324883
0.00016475312501289043
0.00021976020812900247
0.00038374676843969975
0.0004540487589540376
0.0005393334122808572
0.0005924319754230835
0.0
0.0
0.0
0.0
0.0
5.3902936871123745e-6
2.3972364744160307e-5
2.0593959507325973e-5
0.0016580672702208644
0.0012135076244651855
0.000978726909644092
0.0008581570810725593
0.0007798601636580095
0.0007167030375989429
0.0006291910936334893
0.00060611511977964
0.0006929156594184873
0.0007462618473523479
0.0007650414614930434
0.0009255708634351626
0.0
0.0
0.0
1.213137207362767e-5
2.5647655842433852e-5
4.0709838091537446e-5
9.17890566292019e-5
0.0003040234114217668
0.0004328767223845678
0.000591642585595722
0.0006374881435382255
0.0007951832770449445
0.0007498358291741555
0.0007895151851862398
0.0004953691971642925
0.0002842817572118424
5.010789195432555e-5
1.816745565932522e-5
1.0079029868934848e-5
9.538519440039637e-6
0.0
0.0
0.0
0.0
0.0
0.0
3.599477322174472e-6
8.036010960918168e-6
1.3842458350984089e-5
1.59434690081067e-5
2.3279538240173685e-5
2.123553816761859e-5
2.6737056299235183e-5
3.723741841354917e-5
0.00010689364812297703
0.00016300585510807064
0.0023851123974210097
0.0016725267128884932
0.0006824970957425195
0.00040541923568932663
0.00024850781553428667
0.00016400530411815324
0.00015990697576509898
9.065850671574308e-5
2.1246405499003163e-5
7.621178850380598e-7
0.0
2.711321645063577e-6
4.0679745442809024e-5
9.896022903496477e-5
0.000220843336967011
0.00028812819329003135
0.0
0.0
0.0
0.0
0.0
0.0
0.0
0.0
0.0011742570169929415
0.0008564754364681669
0.00032242268520035554
0.00015719094300564891
8.810810108272386e-5
5.353339665930148e-5
4.4819925007267986e-5
1.4953366216861041e-5
1.573537721663455e-7
0.0
0.0
0.0
0.0
1.8542366907869125e-6
5.418718645574624e-5
0.00012456996549449527
0.0
0.0
0.0
0.0
0.0
0.0
0.0
0.0
0.0005795146951828203
0.0005135004618345408
0.00018244567095969855
5.076551153251521e-5
2.4847157361321406e-5
8.32773294892908e-6
4.420566660860173e-6
1.6898313359261244e-7
0.0
0.0
0.0
0.0
1.0519847629847574e-6
3.34410457923255e-5
0.00010384053723269549
0.00013779386072622802
0.0
0.0
0.0
0.0
0.0
0.0
0.0
0.0
0.000334092798343625
0.00034090231243708903
0.00010433004735003059
3.3731737260683824e-5
5.532900388844869e-6
2.797891046610097e-7
1.9985019840521295e-8
0.0
0.0
0.0
0.0
0.0
0.0
3.898351621516417e-6
5.611265097710414e-5
7.409816215755828e-5
0.0
0.0
0.0
0.0
0.0
0.0
0.0
0.0
0.0001321988567275186
0.00014162517281120338
4.000640252894549e-5
1.1529758559770203e-5
1.6833440265286648e-7
0.0
0.0
0.0
0.0
0.0
0.0
0.0
0.0
0.0
5.032691033137161e-6
2.1481372051215387e-5
0.0
0.0
0.0
0.0
0.0
0.0
0.0
0.0
5.082435509512704e-5
8.286507912471373e-5
2.9136276587418977e-5
7.0550399878872896e-6
3.517344104246619e-7
0.0
0.0
0.0
0.0
0.0
0.0
0.0
0.0
0.0
0.0
0.0
0.0
0.0
0.0
0.0
0.0
0.0
0.0
0.0
0.0
0.0
0.0
0.0
0.0
0.0
0.0
0.0
0.0
0.0
0.0
0.0
0.0
0.0
0.0
0.0
0.0
0.0
0.0
0.0
0.0
0.0
0.0
0.0
0.0001026313038678012
0.00011042910167312513
5.105006165969048e-6
2.4797222715593627e-7
0.0
0.0
0.0
0.0
0.0
0.0
0.0
0.0
0.0
0.0
0.0
2.0551493150643654e-7
0.0
0.0
0.0
0.0
0.0
0.0
0.0
0.0
1.7629826052571055e-5
3.7469186990682944e-5
3.6277282345785e-8
0.0
0.0
0.0
0.0
0.0
0.0
0.0
0.0
0.0
0.0
0.0
0.0
0.0
0.0
0.0
0.0
0.0
0.0
0.0
0.0
0.0
1.2305597815576315e-5
3.0187871519808036e-5
2.2694375871409195e-9
0.0
0.0
0.0
0.0
0.0
0.0
1.8716345614975314e-6
1.2031575960522152e-5
8.57691317897234e-5
0.00016538786718655368
0.00015711121796238792
0.00027894859471735127
0.0004727391211798263
0.0
0.0
0.0
0.0
0.0
0.0
0.0
0.0
0.000979448062583328
0.0009335282866541234
0.0007157793820543909
0.0005196356055759956
0.0005042893281831434
0.0005734604080564527
0.0006048760696692663
0.0005126688132845549
0.00050017192836282
0.0005066462746046906
0.0005047216793232913
0.0005629808003669467
0.0006494233959931136
0.0006531502456327549
0.0006680965128313523
0.0005962529678603284
0.0
0.0
0.0
0.0
0.0
0.0
0.0
0.0
0.0007746055488161337
0.0005899234928197056
0.00029784665475652064
0.00018867936341602758
0.0001312484945492413
8.086079327042677e-5
3.0598931449402215e-5
5.728352383182335e-6
1.6171287076431938e-6
1.002576592493172e-6
1.9227723443920336e-7
3.8148738125054515e-5
0.00011516961167998662
0.00011672249796377694
0.000140830456439829
0.00017043304994298234
0.0
0.0
0.0
0.0
0.0
0.0
0.0
0.0
0.00030144793426632277
0.0003493627108533141
0.00019954792064528858
0.0001187585929596266
6.716490830683221e-5
2.081269433473576e-5
1.0368818630044843e-5
4.269378719058273e-6
1.2868210197357436e-5
2.0035302335245246e-5
3.155724976389117e-5
0.00012909178754685424
0.0
0.0
0.0
0.0
0.0
0.0
0.0
0.0
0.0
0.0
0.0
0.0
0.0
0.0
0.0
0.0
0.0
0.0
0.0
0.0
0.0
0.0
0.0
0.0
0.0
0.0
0.0
0.0
0.0
0.0
0.0
0.0
0.0
0.0
0.0
0.0
0.0005095274337988346
0.00044183634727056867
9.960041846270303e-5
4.6717688652022024e-5
2.25787499427538e-5
5.195239585442651e-6
2.8533852539496597e-6
1.3333945120577739e-7
0.0
0.0
0.0
0.0
0.0
0.0
2.6833107161642172e-5
7.276677105977713e-5
0.0
0.0
0.0
0.0
0.0
0.0
0.0
0.0
0.0004614543803506196
0.0004048499729014276
0.00010678522273229778
2.732385694581407e-5
2.893838151918051e-6
1.1181823179394534e-6
5.590976044195097e-7
0.0
0.0
0.0
0.0
0.0
0.0
0.0
0.0
6.484745158708782e-6
0.0
0.0
0.0
0.0
0.0
0.0
0.0
0.0
0.00020636480948600053
0.00015123068153712022
1.870843599464113e-5
2.4878609371114153e-6
2.750420054573825e-7
0.0
0.0
0.0
0.0
0.0
0.0
0.0
0.0
0.0
0.0
0.0
0.0
0.0
0.0
0.0
0.0
0.0
0.0
0.0
7.2082809103226e-5
8.133276702095643e-5
1.651935663199225e-5
1.3895029210962765e-5
1.9358198083092145e-6
4.526339341663482e-6
1.2516875124338447e-5
1.788457085496879e-6
1.5870228543390524e-6
1.3007454499055264e-6
1.4138774075172017e-6
2.7745010140767836e-5
9.505068926404586e-5
0.00013458758593843184
0.0002571889104524438
0.0003569737252236488
0.0
0.0
0.0
0.0
0.0
0.0
0.0
0.0
0.0013558844215581709
0.0008165513110524693
0.0003563043820206952
0.00021680365279244822
0.00013682649836334063
8.642686298221706e-5
7.63442114373847e-5
5.3006987516118466e-5
1.45125013747737e-5
5.009562139396989e-7
0.0
4.459130044696478e-7
1.4421832583008111e-5
5.196701286537879e-5
0.00019611413148973316
0.00029370670706163995
0.0
0.0
0.0
0.0
0.0
0.0
0.0
0.0
0.0009806602423788322
0.0007769125578249726
0.0005771631960153482
0.00046899197439824534
0.00035709403099215857
0.0002630558590050466
0.0001919813519323778
0.00013331889972263635
0.00022935619134338683
0.0002407434212634317
0.00025487722979418334
0.0003575101359605498
0.0
0.0
0.0
0.0
0.0
0.0
0.0
0.0
0.0
0.0
0.0
0.0
0.0
0.0
0.0
0.0
0.0
0.0
0.0
0.0
0.0
0.0
0.0
0.0
0.0
0.0
0.0
0.0
0.0
0.0
0.0
0.0
0.0
0.0
0.0
0.0
0.00010246678395866635
9.976041931013562e-5
1.5126619010206138e-5
8.950091392303008e-6
3.6377679769264855e-6
1.4432570958643128e-6
1.3369019431070082e-6
0.0
0.0
0.0
0.0
2.828896937515034e-7
1.6359020856640556e-5
5.278983228188121e-5
0.00011308454384683411
0.00013759000625322243
0.0
0.0
0.0
0.0
0.0
0.0
0.0
0.0
0.000638428550154122
0.000513532884812272
0.00016505561074265084
8.144231709788788e-5
5.3264428203491156e-5
3.168013132361518e-5
2.4923192893030208e-5
3.7437641464594826e-6
3.473467560763231e-8
0.0
0.0
0.0
0.0
5.028590945859986e-7
4.7842593372405946e-5
0.00011444715358445463
0.0
0.0
0.0
0.0
0.0
0.0
0.0
0.0
0.0006894502201696272
0.0005207321370562283
0.0001399771622804974
5.3071432408148784e-5
2.4320583818684302e-5
8.086162421469305e-6
4.073146376247121e-6
6.716329708252294e-7
0.0
0.0
0.0
0.0
0.0
4.340517740601273e-6
4.9823406177514434e-5
0.00010886677968778876
0.0
0.0
0.0
0.0
0.0
0.0
0.0
0.0
0.00041181972156930724
0.00037148023393463294
9.93060377335634e-5
3.629387018652272e-5
5.785063917071427e-6
1.94467621164082e-6
1.9098816288661653e-6
7.667525653031113e-8
0.0
0.0
0.0
6.273437302650274e-8
8.480937118550731e-6
6.050267838325747e-5
0.0001294311347293305
0.00013632843054014787
0.0
0.0
0.0
0.0
0.0
0.0
0.0
0.0
0.00019812162015600174
0.00016903758811186018
0.00010230827417802685
0.00013084978143560936
7.06012316511338e-5
1.1957391011825197e-5
1.261126256383498e-5
6.766368819188136e-7
0.0
0.0
0.0
0.0
0.0
2.0183918833945474e-6
4.109319875541205e-5
7.989079700548125e-5
0.0
0.0
0.0
0.0
0.0
0.0
0.0
0.0
0.0005316085488977381
0.00040597757081631215
0.0001626802148931868
7.699092350134021e-5
4.598634340567034e-5
2.6329907413909835e-5
1.0507584482109822e-5
1.826426628956533e-6
8.109751509570596e-7
4.301729666035084e-7
0.0
0.0
0.0
0.0
0.0
0.0
0.0
0.0
0.0
0.0
0.0
0.0
0.0
0.0
0.0
0.0
0.0
0.0
0.0
0.0
0.0
0.0
0.0
0.0
0.0
0.0
0.0
0.0
0.0
0.0
0.0
0.0
0.0
0.0
0.0
0.0
0.0
0.0
4.7238594733978046e-5
6.652523155682999e-5
1.05337541643256e-6
0.0
0.0
0.0
0.0
0.0
0.0
0.0
0.0
0.0
0.0
0.0
0.0
0.0
0.0
0.0
0.0
0.0
0.0
0.0
0.0
0.0
6.446168709283351e-5
8.318966907704924e-5
2.34056593731937e-6
6.047755717419086e-7
2.1220280028972852e-8
0.0
0.0
0.0
0.0
0.0
0.0
0.0
0.0
0.0
4.525959240978855e-6
3.40279192942275e-5
0.0
0.0
0.0
0.0
0.0
0.0
0.0
0.0
0.00010996210402489593
0.00010616953638459983
4.492844509584112e-6
6.3110606483764e-7
0.0
0.0
0.0
0.0
0.0
0.0
0.0
0.0
0.0
0.0
1.0636666182418319e-7
8.400052264109601e-6
0.0
0.0
0.0
0.0
0.0
0.0
0.0
0.0
2.8073676731175838e-5
3.284495107450666e-5
4.2580162766519786e-8
0.0
0.0
0.0
0.0
0.0
0.0
0.0
0.0
0.0
0.0
0.0
0.0
0.0
0.0
0.0
0.0
0.0
0.0
0.0
0.0
0.0
1.789558409676624e-5
2.0045636217412285e-5
0.0
0.0
0.0
0.0
0.0
0.0
0.0
0.0
0.0
0.0
0.0
0.0
0.0
0.0
0.0
0.0
0.0
0.0
0.0
0.0
0.0
0.0
8.88181097204876e-7
7.2294491836283705e-6
2.3786366001081802e-7
0.0
0.0
0.0
0.0
0.0
0.0
0.0
0.0
0.0
0.0
0.0
0.0
0.0
0.0
0.0
0.0
0.0
0.0
0.0
0.0
0.0
0.0
0.0
0.0
0.0
0.0
0.0
0.0
0.0
0.0
0.0
0.0
0.0
0.0
0.0
0.0
0.0
0.0
0.0
0.0
0.0
0.0
0.0
0.0
0.0
6.892223833274871e-7
1.403346214977659e-6
0.0
0.0
0.0
0.0
0.0
0.0
0.0
0.0
0.0
0.0
0.0
0.0
0.0
0.0
0.0
0.0
0.0
0.0
0.0
0.0
0.0
0.0
5.177831175553501e-7
8.307779303622894e-7
0.0
0.0
0.0
0.0
0.0
0.0
0.0
0.0
0.0
0.0
0.0
0.0
0.0
0.0
0.0
0.0
0.0
0.0
0.0
0.0
0.0
0.0
1.7031228407361912e-7
1.7751786318247355e-8
0.0
0.0
0.0
0.0
0.0
0.0
0.0
0.0
0.0
4.510952714807159e-6
3.877594827985989e-5
4.9012991505053026e-5
9.523097484238345e-5
0.00011365868944175671
0.0
0.0
0.0
0.0
0.0
0.0
0.0
0.0
0.00017761895666947627
0.00015433415377044844
2.3515186566217557e-5
2.710907822067908e-6
5.173426163608259e-7
0.0
0.0
0.0
0.0
0.0
0.0
0.0
0.0
0.0
0.0
6.188412573365336e-6
0.0
0.0
0.0
0.0
0.0
0.0
0.0
0.0
0.0002900329611786488
0.0001784452262260772
3.2873554012305e-5
6.571569402998615e-6
7.93145848882964e-7
0.0
0.0
0.0
0.0
0.0
0.0
0.0
0.0
0.0
0.0
0.0
0.0
0.0
0.0
0.0
0.0
0.0
0.0
0.0
0.0
2.8224714201934696e-7
0.0
0.0
0.0
0.0
0.0
0.0
0.0
0.0
0.0
0.0
0.0
0.0
0.0
0.0
0.0
0.0
0.0
0.0
0.0
0.0
0.0
0.0
0.0
0.0
0.0
0.0
0.0
0.0
0.0
0.0
0.0
0.0
0.0
0.0
0.0
0.0
0.0
0.0
0.0
0.0
0.0
0.0
0.0
0.0
0.0
0.0
0.0
0.0
0.0
0.0
0.0
0.0
0.0
0.0
0.0
0.0
0.0
0.0
0.0
0.0
0.0
0.0
0.0
0.0
0.0
0.0
0.0
0.0
0.0
0.0
0.0
0.0
0.0
0.0
0.0
0.0
0.0
0.0
0.0
0.0
0.0
0.0
0.0
0.0
0.0
7.051680864875793e-7
0.0
0.0
0.0
0.0
0.0
0.0
0.0
0.0
1.1901709037008616e-5
3.785499764378501e-5
2.514056670598786e-7
0.0
0.0
0.0
0.0
0.0
0.0
0.0
0.0
0.0
3.2425970473657108e-6
1.6788452751444424e-5
6.2047242855854e-5
7.64317546673581e-5
0.0
0.0
0.0
0.0
0.0
0.0
0.0
0.0
5.680027814168156e-5
7.975787886312265e-5
4.690717233710011e-6
1.053586302011668e-6
1.3976223516699293e-7
0.0
0.0
0.0
0.0
0.0
0.0
0.0
0.0
9.647013694959315e-7
3.8042204754091204e-5
6.117871576672798e-5
0.0
0.0
0.0
0.0
0.0
0.0
0.0
0.0
9.290390224857413e-5
8.850173889078592e-5
3.61766626925304e-6
2.0470914172949957e-7
0.0
0.0
0.0
0.0
0.0
0.0
0.0
0.0
0.0
0.0
0.0
0.0
0.0
0.0
0.0
0.0
0.0
0.0
0.0
0.0
2.3402185516118137e-5
3.204547315021631e-5
6.0109011885303875e-6
9.773559774152207e-7
0.0
0.0
0.0
0.0
0.0
0.0
0.0
0.0
0.0
0.0
0.0
0.0
0.0
0.0
0.0
0.0
0.0
0.0
0.0
0.0
0.0
0.0
0.0
0.0
0.0
0.0
0.0
0.0
0.0
0.0
0.0
0.0
0.0
0.0
0.0
0.0
0.0
0.0
0.0
0.0
0.0
0.0
0.0
0.0
0.0
0.0
0.0
0.0
0.0
0.0
0.0
0.0
0.0
0.0
0.0
0.0
0.0
0.0
0.0
0.0
0.0
0.0
0.0
0.0
0.0
0.0
0.0
0.0
0.0
0.0
0.0
0.0
0.0
0.0
0.0
0.0
0.0
0.0
0.0
0.0
0.0
7.1864721043729835e-9
9.362340069489417e-6
2.738137294001178e-5
0.0
0.0
0.0
0.0
0.0
0.0
0.0
0.0
0.00029914333758857236
0.00018815177437449
5.09501658800269e-5
2.3997634877140996e-5
7.953957318548615e-6
2.2727423119928667e-6
2.0998425237487496e-6
4.315443672214236e-8
0.0
0.0
0.0
0.0
0.0
0.0
4.049315945377857e-7
2.0266958158980067e-5
0.0
0.0
0.0
0.0
0.0
0.0
0.0
0.0
0.0005872234960519921
0.00031808373319677183
5.339646958276409e-5
1.4294827984093694e-5
3.1155988575605493e-6
1.219172385746258e-6
7.842711766784924e-7
0.0
0.0
0.0
0.0
0.0
0.0
0.0
0.0
0.0
0.0
0.0
0.0
0.0
0.0
0.0
0.0
0.0
0.0002558729647596686
0.00013544601427074046
1.4977271535572843e-5
1.6877151682505353e-6
2.8545108353264484e-8
0.0
0.0
0.0
0.0
0.0
0.0
0.0
0.0
0.0
0.0
0.0
0.0
0.0
0.0
0.0
0.0
0.0
0.0
0.0
2.0126160484545397e-6
1.0025659130529497e-5
6.780316849875223e-8
0.0
0.0
0.0
0.0
0.0
0.0
0.0
0.0
0.0
0.0
0.0
0.0
0.0
0.0
0.0
0.0
0.0
0.0
0.0
0.0
0.0
0.0
0.0
0.0
0.0
0.0
0.0
0.0
0.0
0.0
0.0
0.0
0.0
0.0
0.0
0.0
0.0
0.0
0.0
0.0
0.0
0.0
0.0
0.0
0.0
6.721426784136956e-5
3.7632001130627426e-5
9.523613341239418e-7
0.0
0.0
0.0
0.0
0.0
0.0
0.0
0.0
0.0
0.0
0.0
2.937790787794387e-6
1.75448794362975e-5
0.0
0.0
0.0
0.0
0.0
0.0
0.0
0.0
5.8304898507096724e-5
5.528635047792385e-5
3.6234433775991964e-7
0.0
0.0
0.0
0.0
0.0
0.0
0.0
0.0
0.0
0.0
0.0
0.0
0.0
0.0
0.0
0.0
0.0
0.0
0.0
0.0
0.0
0.0
0.0
0.0
0.0
0.0
0.0
0.0
0.0
0.0
0.0
0.0
0.0
0.0
0.0
0.0
0.0
0.0
0.0
0.0
0.0
0.0
0.0
0.0
0.0
0.0
0.0
0.0
0.0
0.0
0.0
0.0
0.0
0.0
0.0
0.0
0.0
0.0
0.0
0.0
0.0
0.0
0.0
0.0
0.0
0.0
0.0
0.0
0.0
0.0
0.0
0.0
0.0
0.0
0.0
0.0
0.0
0.0
0.0
0.0
0.0
0.0
0.0
0.0
0.0
0.0
0.0
0.0
0.0
0.0
0.0
0.0
0.0
0.0002037411668905571
0.00013848911770181514
5.5652534780002476e-5
3.603019862425357e-5
2.4864514231414274e-5
1.4460045873661166e-5
5.097602320795529e-6
1.5543192537655631e-6
1.074422334472335e-7
0.0
0.0
0.0
0.0
0.0
0.0
0.0
0.0
0.0
0.0
0.0
0.0
0.0
0.0
0.0
0.0
0.0
0.0
0.0
0.0
0.0
0.0
0.0
0.0
0.0
0.0
0.0
0.0
0.0
0.0
0.0
0.0
0.0
0.0
0.0
0.0
0.0
0.0
0.0
4.02263025909875e-5
3.3966177313007796e-5
3.9596412961825136e-7
0.0
0.0
0.0
0.0
0.0
0.0
0.0
0.0
0.0
0.0
0.0
0.0
1.3718599626305072e-6
0.0
0.0
0.0
0.0
0.0
0.0
0.0
0.0
2.5899460100962227e-6
1.1288148240493442e-6
0.0
0.0
0.0
0.0
0.0
0.0
0.0
0.0
0.0
0.0
0.0
0.0
0.0
0.0
0.0
0.0
0.0
0.0
0.0
0.0
0.0
0.0
0.0
0.0
0.0
0.0
0.0
0.0
0.0
0.0
0.0
0.0
0.0
0.0
0.0
0.0
0.0
0.0
0.0
0.0
0.0
0.0
0.0
0.0
0.0
0.0
0.0
0.0
0.0
0.0
0.0
0.0
0.0
0.0
0.0
0.0
0.0
0.0
0.0
0.0
0.0
0.0
0.0
0.0
0.0
0.0
0.0
0.0
0.0
0.0
4.658626327659825e-8
2.902687387452159e-7
0.0
0.0
0.0
0.0
0.0
0.0
0.0
0.0
0.0
0.0
0.0
0.0
0.0
0.0
0.0
0.0
0.0
0.0
0.0
0.0
0.0
0.0
0.0
0.0
0.0
0.0
0.0
0.0
0.0
0.0
0.0
0.0
0.0
0.0
0.0
0.0
0.0
0.0
0.0
0.0
0.0
0.0
0.0
0.0
0.0
0.0
0.0
0.0
0.0
0.0
0.0
0.0
0.0
0.0
0.0
0.0
0.0
0.0
0.0
0.0
0.0
0.0
0.0
0.0
0.0
0.0
0.0
0.0
0.0
0.0
0.0
0.0
0.0
0.0
0.0
0.0
0.0
0.0
0.0
0.0
0.0
0.0
0.0
0.0
0.0
0.0
0.0
0.0
0.0
0.0
0.0
0.0
0.0
0.0
0.0
0.0
0.0
0.0
0.0
0.0
0.0
0.0
0.0
0.0
0.0
0.0
0.0
0.0
0.0
0.0
0.0
0.0
0.0
0.0
0.0
0.0
0.0
0.0
6.45042763655119e-8
3.4581529136570327e-7
0.0
0.0
0.0
0.0
0.0
0.0
0.0
0.0
0.0
0.0
0.0
0.0
0.0
0.0
0.0
0.0
0.0
0.0
0.0
0.0
0.0
0.0
0.0
0.0
0.0
0.0
0.0
0.0
0.0
0.0
0.0
0.0
0.0
0.0
0.0
0.0
0.0
0.0
0.0
0.0
0.0
0.0
0.0
0.0
0.0
0.0
0.0
0.0
0.0
0.0
0.0
0.0
0.0
0.0
0.0
0.0
0.0
0.0
0.0
0.0
0.0
0.0
0.0
0.0
0.0
0.0
0.0
0.0
0.0
0.0
0.0
7.883888310950386e-8
0.0
0.0
0.0
0.0
0.0
0.0
0.0
0.0
0.0
0.0
0.0
0.0
0.0
0.0
0.0
0.0
0.0
0.0
0.0
0.0
0.0
0.0
0.0
0.0
0.0
0.0
0.0
0.0
0.0
0.0
0.0
0.0
0.0
0.0
0.0
0.0
0.0
0.0
0.0
0.0
0.0
0.0
0.0
0.0
0.0
0.0
4.4508243763483204e-7
6.253404167217908e-7
0.0
0.0
0.0
0.0
0.0
0.0
0.0
0.0
0.0
0.0
0.0
0.0
0.0
0.0
0.0
0.0
0.0
0.0
0.0
0.0
0.0
0.0
9.654324950414694e-7
1.2686211981256908e-6
0.0
0.0
0.0
0.0
0.0
0.0
0.0
0.0
0.0
0.0
0.0
0.0
0.0
0.0
0.0
0.0
0.0
0.0
0.0
0.0
0.0
0.0
0.0
0.0
0.0
0.0
0.0
0.0
0.0
0.0
0.0
0.0
0.0
0.0
0.0
0.0
0.0
0.0
0.0
0.0
0.0
0.0
0.0
0.0
0.0
0.0
0.0
0.0
0.0
0.0
0.0
0.0
0.0
0.0
0.0
0.0
0.0
0.0
0.0
0.0
0.0
0.0
0.0
0.0
0.0
0.0
0.0
0.0
0.0
0.0
0.0
0.0
0.0
0.0
0.0
0.0
0.0
0.0
0.0
0.0
0.0
0.0
0.0
0.0
0.0
0.0
0.0
0.0
0.0
0.0
0.0
0.0
0.0
0.0
0.0
0.0
0.0
0.0
0.0
0.0
0.0
0.0
0.0
0.0
0.0
0.0
0.0
0.0
0.0
0.0
0.0
0.0
0.0
0.0
0.0
0.0
0.0
0.0
0.0
0.0
0.0
0.0
0.0
0.0
0.0
0.0
0.0
0.0
0.0
0.0
0.0
0.0
0.0
0.0
0.0
0.0
0.0
0.0
0.0
0.0
0.0
0.0
0.0
0.0
0.0
0.0
0.0
0.0
0.0
0.0
0.0
0.0
0.0
0.0
0.0
0.0
0.0
0.0
0.0
0.0
0.0
0.0
0.0
0.0
0.0
0.0
0.0
0.0
0.0
0.0
0.0
0.0
0.0
0.0
0.0
0.0
0.0
0.0
0.0
0.0
0.0
0.0
0.0
0.0
0.0
0.0
0.0
0.0
0.0
0.0
0.0
0.0
0.0
0.0
0.0
0.0
0.0
0.0
0.0
0.0
0.0
0.0
0.0
0.0
0.0
0.0
0.0
0.0
0.0
0.0
0.0
0.0
0.0
0.0
0.0
0.0
0.0
0.0
0.0
0.0
0.0
0.0
0.0
0.0
0.0
0.0
0.0
0.0
0.0
0.0
0.0
0.0
0.0
0.0
0.0
0.0
0.0
0.0
0.0
0.0
0.0
0.0
0.0
0.0
0.0
0.0
0.0
0.0
0.0
0.0
0.0
0.0
0.0
0.0
0.0
0.0
0.0
0.0
0.0
0.0
0.0
0.0
0.0
0.0
0.0
0.0
0.0
0.0
0.0
0.0
0.0
0.0
0.0
0.0
0.0
0.0
0.0
0.0
0.0
0.0
0.0
0.0
0.0
0.0
0.0
0.0
0.0
0.0
0.0
0.0
0.0
0.0
0.0
0.0
0.0
0.0
0.0
0.0
0.0
0.0
0.0
0.0
0.0
0.0
0.0
0.0
0.0
0.0
0.0
0.0
0.0
0.0
0.0
0.0
0.0
0.0
0.0
0.0
0.0
0.0
0.0
0.0
0.0
0.0
0.0
0.0
0.0
0.0
0.0
0.0
0.0
0.0
0.0
0.0
0.0
0.0
0.0
0.0
0.0
0.0
0.0
0.0
0.0
0.0
0.0
0.0
0.0
0.0
0.0
0.0
0.0
0.0
0.0
0.0
0.0
0.0
0.0
0.0
0.0
0.0
0.0
0.0
0.0
0.0
0.0
0.0
0.0
0.0
0.0
0.0
0.0
0.0
0.0
0.0
0.0
0.0
0.0
0.0
0.0
0.0
0.0
0.0
0.0
0.0
0.0
0.0
0.0
0.0
0.0
0.0
0.0
0.0
0.0
0.0
0.0
0.0
0.0
0.0
0.0
0.0
0.0
0.0
0.0
0.0
0.0
0.0
2.494255839981004e-7
3.6553858425755554e-7
0.0
0.0
0.0
0.0
0.0
0.0
0.0
0.0
0.0
0.0
0.0
0.0
0.0
0.0
0.0
0.0
0.0
0.0
0.0
0.0
0.0
0.0
0.0
0.0
0.0
0.0
0.0
0.0
0.0
0.0
0.0
0.0
0.0
0.0
0.0
0.0
0.0
0.0
0.0
0.0
0.0
0.0
0.0
0.0
0.0
0.0
0.0
0.0
0.0
0.0
0.0
0.0
0.0
0.0
0.0
0.0
0.0
0.0
0.0
0.0
0.0
0.0
0.0
0.0
0.0
0.0
0.0
0.0
0.0
0.0
0.0
0.0
0.0
0.0
0.0
0.0
0.0
0.0
0.0
0.0
0.0
0.0
0.0
0.0
0.0
0.0
0.0
0.0
0.0
0.0
0.0
0.0
0.0
0.0
0.0
0.0
0.0
0.0
0.0
0.0
0.0
0.0
0.0
0.0
0.0
0.0
0.0
0.0
0.0
0.0
0.0
0.0
0.0
0.0
0.0
0.0
0.0
0.0
0.0
0.0
0.0
0.0
0.0
0.0
0.0
0.0
0.0
0.0
0.0
0.0
0.0
0.0
0.0
0.0
0.0
0.0
0.0
0.0
0.0
0.0
0.0
0.0
0.0
0.0
0.0
0.0
0.0
0.0
0.0
0.0
0.0
0.0
0.0
0.0
0.0
0.0
0.0
0.0
0.0
0.0
0.0
0.0
0.0
0.0
0.0
0.0
0.0
0.0
0.0
0.0
0.0
0.0
0.0
0.0
0.0
0.0
0.0
0.0
0.0
0.0
0.0
0.0
0.0
0.0
0.0
0.0
0.0
0.0
0.0
0.0
0.0
0.0
0.0
0.0
0.0
0.0
0.0
0.0
0.0
0.0
0.0
0.0
0.0
0.0
0.0
0.0
0.0
0.0
0.0
0.0
0.0
0.0
0.0
0.0
0.0
0.0
0.0
0.0
0.0
0.0
0.0
0.0
0.0
0.0
0.0
0.0
0.0
0.0
0.0
0.0
0.0
0.0
0.0
0.0
0.0
0.0
0.0
0.0
8.944497649766952e-7
1.0966322986369053e-6
0.0
0.0
0.0
0.0
0.0
0.0
0.0
0.0
0.0
0.0
0.0
0.0
0.0
0.0
0.0
0.0
0.0
0.0
0.0
0.0
0.0
0.0
0.0
0.0
0.0
0.0
0.0
0.0
0.0
0.0
0.0
0.0
0.0
0.0
0.0
0.0
0.0
0.0
0.0
0.0
0.0
0.0
0.0
0.0
0.0
0.0
0.0
0.0
0.0
0.0
0.0
0.0
0.0
0.0
0.0
0.0
0.0
0.0
0.0
0.0
0.0
0.0
0.0
0.0
0.0
0.0
0.0
0.0
0.0
0.0
0.0
0.0
0.0
0.0
0.0
0.0
0.0
0.0
0.0
0.0
0.0
0.0
0.0
0.0
0.0
0.0
0.0
0.0
0.0
0.0
0.0
0.0
0.0
0.0
0.0
0.0
0.0
0.0
0.0
0.0
0.0
0.0
0.0
0.0
0.0
0.0
0.0
0.0
0.0
0.0
0.0
0.0
0.0
0.0
0.0
0.0
0.0
0.0
4.357889818461838e-7
1.2937588662643085e-6
0.0
0.0
0.0
0.0
0.0
0.0
5.503081403428608e-7
6.791181333522416e-6
1.0827769052719274e-6
0.0
0.0
0.0
0.0
0.0
0.0
0.0
0.0
0.0
0.0
0.0
0.0
0.0
0.0
0.0
0.0
0.0
0.0
0.0
0.0
0.0
0.0
0.0
0.0
0.0
0.0
0.0
0.0
0.0
0.0
0.0
0.0
0.0
0.0
0.0
0.0
0.0
0.0
0.0
0.0
0.0
0.0
0.0
0.0
0.0
0.0
0.0
0.0
0.0
0.0
0.0
0.0
0.0
0.0
0.0
0.0
0.0
0.0
0.0
0.0
0.0
0.0
0.0
0.0
0.0
0.0
0.0
0.0
0.0
0.0
0.0
0.0
0.0
0.0
0.0
0.0
0.0
0.0
0.0
0.0
0.0
0.0
0.0
0.0
0.0
0.0
0.0
0.0
0.0
0.0
0.0
0.0
0.0
0.0
0.0
0.0
0.0
0.0
0.0
0.0
0.0
0.0
0.0
0.0
0.0
0.0
0.0
0.0
0.0
0.0
0.0
0.0
0.0
0.0
0.0
0.0
0.0
0.0
0.0
0.0
0.0
0.0
0.0
0.0
0.0
0.0
0.0
0.0
0.0
0.0
0.0
0.0
0.0
0.0
0.0
0.0
0.0
0.0
0.0
0.0
0.0
0.0
0.0
0.0
0.0
0.0
0.0
0.0
0.0
0.0
0.0
0.0
0.0
0.0
0.0
0.0
0.0
0.0
0.0
0.0
0.0
0.0
0.0
0.0
0.0
0.0
0.0
0.0
0.0
0.0
0.0
0.0
0.0
0.0
0.0
0.0
0.0
0.0
0.0
0.0
0.0
0.0
0.0
0.0
0.0
0.0
0.0
0.0
0.0
0.0
0.0
0.0
0.0
0.0
0.0
0.0
0.0
0.0
0.0
0.0
0.0
0.0
0.0
0.0
0.0
0.0
0.0
0.0
0.0
0.0
0.0
0.0
0.0
0.0
0.0
0.0
0.0
0.0
0.0
0.0
0.0
0.0
0.0
0.0
0.0
0.0
0.0
0.0
0.0
0.0
0.0
0.0
0.0
0.0
0.0
0.0
0.0
0.0
0.0
0.0
0.0
0.0
0.0
0.0
0.0
0.0
0.0
0.0
0.0
0.0
0.0
0.0
0.0
0.0
0.0
0.0
0.0
0.0
0.0
0.0
0.0
0.0
0.0
0.0
0.0
0.0
0.0
0.0
0.0
0.0
0.0
0.0
0.0
0.0
0.0
0.0
0.0
0.0
0.0
0.0
0.0
0.0
0.0
0.0
0.0
0.0
0.0
0.0
0.0
0.0
0.0
0.0
0.0
0.0
0.0
0.0
0.0
0.0
0.0
0.0
0.0
0.0
0.0
0.0
0.0
0.0
0.0
0.0
0.0
0.0
0.0
0.0
0.0
0.0
0.0
0.0
0.0
0.0
0.0
0.0
0.0
0.0
0.0
0.0
0.0
0.0
2.2580067242311937e-7
0.0
0.0
0.0
0.0
0.0
0.0
0.0
0.0
0.0
0.0
0.0
0.0
0.0
0.0
0.0
0.0
0.0
0.0
0.0
0.0
0.0
0.0
0.0
0.0
0.0
0.0
0.0
0.0
0.0
0.0
0.0
0.0
0.0
0.0
0.0
0.0
0.0
0.0
0.0
0.0
0.0
0.0
0.0
0.0
0.0
0.0
0.0
0.0
0.0
0.0
0.0
0.0
0.0
0.0
0.0
0.0
0.0
0.0
0.0
0.0
0.0
0.0
0.0
0.0
0.0
0.0
0.0
0.0
0.0
0.0
0.0
0.0
0.0
0.0
0.0
0.0
0.0
0.0
0.0
0.0
0.0
0.0
0.0
0.0
0.0
0.0
0.0
0.0
0.0
0.0
0.0
0.0
0.0
0.0
0.0
0.0
0.0
0.0
0.0
0.0
0.0
0.0
0.0
0.0
0.0
0.0
0.0
0.0
0.0
0.0
0.0
0.0
0.0
0.0
0.0
0.0
0.0
0.0
0.0
0.0
0.0
0.0
0.0
0.0
0.0
0.0
0.0
0.0
0.0
0.0
0.0
0.0
0.0
0.0
0.0
0.0
0.0
0.0
0.0
0.0
0.0
0.0
0.0
0.0
0.0
0.0
0.0
0.0
0.0
0.0
0.0
0.0
0.0
0.0
0.0
0.0
0.0
0.0
0.0
0.0
0.0
0.0
0.0
0.0
0.0
0.0
0.0
0.0
0.0
0.0
0.0
0.0
0.0
0.0
0.0
0.0
0.0
0.0
0.0
0.0
0.0
0.0
0.0
0.0
0.0
0.0
0.0
0.0
0.0
0.0
0.0
0.0
0.0
0.0
0.0
0.0
0.0
0.0
0.0
0.0
0.0
0.0
0.0
0.0
0.0
0.0
0.0
0.0
0.0
0.0
0.0
0.0
0.0
0.0
0.0
0.0
0.0
0.0
0.0
0.0
0.0
0.0
0.0
0.0
0.0
0.0
0.0
0.0
0.0
0.0
0.0
0.0
0.0
0.0
0.0
0.0
0.0
0.0
0.0
0.0
0.0
0.0
0.0
0.0
0.0
0.0
0.0
0.0
0.0
0.0
0.0
0.0
9.247125604883058e-7
3.908318444360941e-6
0.0
0.0
0.0
0.0
0.0
0.0
0.0
0.0
0.0
0.0
0.0
0.0
0.0
0.0
0.0
0.0
0.0
0.0
0.0
0.0
0.0
0.0
0.0
0.0
0.0
0.0
0.0
0.0
0.0
0.0
0.0
0.0
0.0
0.0
0.0
0.0
0.0
0.0
0.0
0.0
0.0
0.0
0.0
0.0
0.0
0.0
0.0
0.0
0.0
0.0
0.0
0.0
0.0
0.0
0.0
0.0
0.0
0.0
0.0
0.0
0.0
0.0
0.0
0.0
0.0
0.0
0.0
0.0
0.0
0.0
0.0
0.0
0.0
0.0
0.0
0.0
0.0
0.0
0.0
0.0
0.0
0.0
0.0
0.0
0.0
0.0
0.0
0.0
0.0
0.0
0.0
0.0
0.0
0.0
0.0
0.0
0.0
0.0
0.0
0.0
0.0
0.0
0.0
0.0
0.0
0.0
0.0
0.0
0.0
0.0
0.0
0.0
0.0
0.0
0.0
0.0
0.0
0.0
0.0
0.0
0.0
0.0
0.0
0.0
0.0
0.0
0.0
0.0
0.0
0.0
0.0
0.0
0.0
0.0
0.0
0.0
0.0
0.0
0.0
0.0
0.0
0.0
0.0
0.0
0.0
0.0
0.0
0.0
0.0
0.0
0.0
0.0
0.0
0.0
0.0
0.0
0.0
0.0
0.0
0.0
0.0
0.0
0.0
0.0
0.0
0.0
0.0
0.0
0.0
0.0
0.0
0.0
0.0
0.0
0.0
0.0
3.743150359595122e-5
3.114897980086446e-5
4.781809526528018e-7
0.0
0.0
0.0
0.0
0.0
0.0
0.0
0.0
0.0
0.0
0.0
0.0
0.0
0.0
0.0
0.0
0.0
0.0
0.0
0.0
0.0
2.478169279654268e-5
2.2670213827047124e-5
1.2198480114404109e-7
0.0
0.0
0.0
0.0
0.0
0.0
0.0
0.0
0.0
0.0
0.0
0.0
0.0
0.0
0.0
0.0
0.0
0.0
0.0
0.0
0.0
4.848111436606602e-6
1.1148275825687037e-5
0.0
0.0
0.0
0.0
0.0
0.0
0.0
0.0
0.0
0.0
0.0
0.0
0.0
0.0
0.0
0.0
0.0
0.0
0.0
0.0
0.0
0.0
4.902079664317772e-6
1.6720310051170308e-5
1.3351061012583035e-6
7.178034726045677e-8
0.0
0.0
0.0
0.0
0.0
0.0
0.0
0.0
0.0
0.0
0.0
0.0
0.0
0.0
0.0
0.0
0.0
0.0
0.0
0.0
0.0
0.0
0.0
0.0
0.0
0.0
0.0
0.0
0.0
0.0
0.0
0.0
0.0
0.0
0.0
0.0
0.0
0.0
0.0
0.0
0.0
0.0
0.0
0.0
0.0
0.0
0.0
0.0
0.0
0.0
0.0
0.0
0.0
0.0
0.0
0.0
0.0
0.0
0.0
0.0
0.0
0.0
0.0
0.0
0.0
0.0
0.0
0.0
0.0
0.0
0.0
0.0
0.0
0.0
0.0
0.0
0.0
0.0
0.0
0.0
0.0
0.0
0.0
0.0
0.0
0.0
0.0
0.0
0.0
0.0
0.0
0.0
0.0
0.0
0.0
0.0
0.0
0.0
0.0
0.0
0.0
0.0
0.0
0.0
0.0
0.0
0.0
0.0
0.0
0.0
0.0
0.0
0.0
0.0
0.0
0.0
0.0
0.0
0.0
0.0
0.0
0.0
0.0
0.0
0.0
0.0
0.0
0.0
0.0
0.0
0.0
0.0
0.0
0.0
0.0
0.0
0.0
0.0
0.0
0.0
0.0
0.0
0.0
0.0
0.0
0.0
0.0
0.0
0.0
0.0
0.0
0.0
0.0
0.0
0.0
0.0
0.0
0.0
0.0
0.0
0.0
0.0
0.0
0.0
0.0
0.0
0.0
0.0
0.0
0.0
0.0
0.0
0.0
0.0
0.0
0.0
0.0
0.0
0.0
0.0
0.0
0.0
0.0
0.0
0.0
0.0
0.0
0.0
0.0
0.0
0.0
0.0
0.0
0.0
0.0
0.0
0.0
0.0
0.0
0.0
0.0
0.0
0.0
0.0
0.0
0.0
0.0
0.0
0.0
0.0
0.0
0.0
0.0
0.0
0.0
0.0
0.0
0.0
0.0
0.0
0.0
0.0
0.0
0.0
0.0
0.0
0.0
0.0
0.0
0.0
0.0
0.0
0.0
0.0
0.0
0.0
0.0
0.0
0.0
0.0
0.0
0.0
0.0
0.0
0.0
0.0
0.0
0.0
0.0
0.0
0.0
0.0
0.0
0.0
0.0
0.0
0.0
0.0
0.0
0.0
0.0
0.0
0.0
0.0
0.0
0.0
0.0
0.0
0.0
0.0
0.0
0.0
0.0
0.0
0.0
0.0
0.0
0.0
0.0
0.0
0.0
0.0
0.0
0.0
0.0
0.0
0.0
0.0
0.0
0.0
0.0
0.0
0.0
0.0
0.0
0.0
0.0
0.0
0.0
0.0
0.0
0.0
0.0
0.0
0.0
0.0
0.0
0.0
0.0
0.0
0.0
0.0
0.0
0.0
0.0
0.0
0.0
0.0
0.0
0.0
0.0
0.0
0.0
0.0
0.0
0.0
0.0
0.0
0.0
0.0
0.0
0.0
0.0
0.0
0.0
0.0
0.0
0.0
0.0
0.0
0.0
0.0
0.0
0.0
0.0
0.0
0.0
0.0
0.0
0.0
0.0
0.0
0.0
0.0
0.0
0.0
0.0
0.0
0.0
0.0
0.0
0.0
0.0
0.0
0.0
0.0
0.0
0.0
0.0
0.0
0.0
0.0
0.0
0.0
0.0
0.0
0.0
0.0
0.0
0.0
0.0
0.0
0.0
0.0
0.0
0.0
0.0
0.0
0.0
0.0
0.0
0.0
0.0
0.0
0.0
0.0
0.0
0.0
0.0
0.0
0.0
0.0
0.0
0.0
0.0
0.0
0.0
0.0
0.0
0.0
0.0
0.0
0.0
0.0
0.0
0.0
0.0
0.0
0.0
0.0
0.0
0.0
0.0
0.0
0.0
0.0
0.0
0.0
0.0
0.0
0.0
0.0
0.0
0.0
0.0
0.0
0.0
0.0
0.0
0.0
0.0
0.0
0.0
0.0
0.0
0.0
0.0
0.0
0.0
0.0
0.0
0.0
0.0
0.0
0.0
0.0
0.0
0.0
0.0
0.0
0.0
0.0
0.0
0.0
0.0
0.0
0.0
0.0
0.0
0.0
0.0
0.0
0.0
0.0
0.0
0.0
0.0
0.0
0.0
0.0
0.0
0.0
0.0
0.0
0.0
0.0
0.0
0.0
0.0
0.0
0.0
0.0
0.0
0.0
0.0
0.0
0.0
0.0
0.0
0.0
0.0
0.0
0.0
0.0
0.0
0.0
0.0
0.0
0.0
0.0
0.0
0.0
0.0
0.0
0.0
0.0
0.0
0.0
0.0
0.0
0.0
0.0
0.0
0.0
0.0
0.0
0.0
0.0
0.0
0.0
0.0
0.0
0.0
0.0
0.0
0.0
0.0
0.0
0.0
0.0
0.0
0.0
0.0
0.0
0.0
0.0
0.0
0.0
0.0
0.0
0.0
0.0
0.0
0.0
0.0
0.0
0.0
0.0
0.0
0.0
0.0
0.0
0.0
0.0
0.0
0.0
0.0
0.0
0.0
0.0
0.0
0.0
0.0
0.0
0.0
0.0
0.0
0.0
0.0
0.0
0.0
0.0
0.0
0.0
0.0
0.0
0.0
0.0
0.0
0.0
0.0
0.0
0.0
0.0
0.0
0.0
4.0484195137776526e-7
7.752334319805402e-7
0.0
0.0
0.0
0.0
0.0
0.0
0.0
0.0
0.0
0.0
0.0
0.0
0.0
0.0
0.0
0.0
0.0
0.0
0.0
0.0
0.0
0.0
0.0
0.0
0.0
0.0
0.0
0.0
0.0
0.0
0.0
0.0
0.0
0.0
0.0
0.0
0.0
0.0
0.0
0.0
0.0
0.0
0.0
0.0
0.0
0.0
0.0
0.0
0.0
0.0
0.0
0.0
0.0
0.0
0.0
0.0
0.0
0.0
0.0
0.0
0.0
0.0
0.0
0.0
0.0
0.0
0.0
0.0
0.0
0.0
0.0
0.0
0.0
0.0
0.0
0.0
0.0
0.0
0.0
0.0
0.0
0.0
0.0
0.0
0.0
0.0
0.0
0.0
0.0
0.0
0.0
0.0
0.0
0.0
0.0
0.0
0.0
0.0
0.0
0.0
0.0
0.0
0.0
0.0
0.0
0.0
0.0
0.0
0.0
0.0
0.0
0.0
0.0
0.0
0.0
0.0
0.0
0.0
1.5320988915342258e-6
4.498257267783583e-6
0.0
0.0
0.0
0.0
0.0
0.0
0.0
0.0
0.0
0.0
0.0
0.0
0.0
0.0
0.0
0.0
0.0
0.0
0.0
0.0
0.0
0.0
4.540234357681345e-6
7.27765815150621e-6
0.0
0.0
0.0
0.0
0.0
0.0
0.0
0.0
0.0
0.0
0.0
0.0
0.0
0.0
0.0
0.0
0.0
0.0
0.0
0.0
0.0
0.0
2.5709810605312412e-6
4.71879815149354e-6
0.0
0.0
0.0
0.0
0.0
0.0
0.0
0.0
0.0
0.0
0.0
0.0
0.0
0.0
0.0
0.0
0.0
0.0
0.0
0.0
0.0
0.0
1.8922930638845559e-6
4.806568639410832e-6
0.0
0.0
0.0
0.0
0.0
0.0
0.0
0.0
0.0
0.0
0.0
0.0
0.0
0.0
0.0
0.0
0.0
0.0
0.0
0.0
0.0
0.0
0.0
0.0
0.0
0.0
0.0
0.0
0.0
0.0
0.0
0.0
0.0
0.0
0.0
0.0
0.0
0.0
0.0
0.0
0.0
0.0
0.0
0.0
0.0
0.0
0.0
0.0
0.0
0.0
0.0
0.0
0.0
0.0
0.0
0.0
0.0
0.0
0.0
0.0
0.0
0.0
0.0
0.0
0.0
0.0
0.0
0.0
0.0
0.0
0.0
0.0
0.0
0.0
0.0
0.0
0.0
0.0
0.0
0.0
0.0
0.0
0.0
0.0
0.0
0.0
0.0
0.0
0.0
0.0
0.0
0.0
0.0
0.0
9.627090507692066e-5
6.93265601289121e-5
3.4825762315484765e-6
3.9530856653148776e-7
0.0
0.0
0.0
0.0
0.0
0.0
0.0
0.0
0.0
0.0
0.0
0.0
0.0
0.0
0.0
0.0
0.0
0.0
0.0
0.0
5.8685670620193584e-5
4.382844770669528e-5
4.4232631196329645e-7
0.0
0.0
0.0
0.0
0.0
0.0
0.0
0.0
0.0
0.0
0.0
0.0
0.0
0.0
0.0
0.0
0.0
0.0
0.0
0.0
0.0
0.0
0.0
0.0
0.0
0.0
0.0
0.0
0.0
0.0
0.0
0.0
0.0
0.0
0.0
0.0
0.0
0.0
0.0
0.0
0.0
0.0
0.0
0.0
0.0
0.0
0.0
0.0
0.0
0.0
0.0
0.0
0.0
0.0
0.0
0.0
0.0
0.0
0.0
0.0
0.0
0.0
0.0
0.0
0.0
0.0
0.0
0.0
0.0
0.0
0.0
0.0
0.0
0.0
0.0
0.0
0.0
0.0
0.0
0.0
0.0
0.0
0.0
0.0
0.0
0.0
0.0
0.0
0.0
0.0
0.0
0.0
0.0
0.0
0.0
0.0
0.0
0.0
0.0
0.0
0.0
0.0
0.0
0.0
0.0
0.0
0.0
0.0
0.0
0.0
0.0
0.0
0.0
0.0
0.0
0.0
0.0
0.0
0.0
0.0
0.0
0.0
0.0
0.0
0.0
0.0
0.0
0.0
0.0
0.0
0.0
0.0
0.0
0.0
0.0
0.0
0.0
0.0
0.0
0.0
0.0
0.0
0.0
0.0
0.0
0.0
0.0
0.0
0.0
0.0
0.0
0.0
0.0
0.0
0.0
0.0
0.0
0.0
0.0
0.0
0.0
0.0
0.0
0.0
0.0
2.2795036515080696e-6
5.030686625552727e-6
0.0
0.0
0.0
0.0
0.0
0.0
0.0
0.0
0.0
0.0
0.0
0.0
0.0
0.0
0.0
0.0
0.0
0.0
0.0
0.0
0.0
0.0
3.705576390234937e-5
3.482030458853677e-5
2.968611547717081e-7
0.0
0.0
0.0
0.0
0.0
0.0
0.0
0.0
0.0
0.0
0.0
0.0
0.0
0.0
0.0
0.0
0.0
0.0
0.0
0.0
0.0
1.5448788151996492e-5
2.1473382923753604e-5
0.0
0.0
0.0
0.0
0.0
0.0
0.0
0.0
0.0
0.0
0.0
0.0
0.0
0.0
0.0
0.0
0.0
0.0
0.0
0.0
0.0
0.0
1.6859328888573767e-5
2.329391851489199e-5
2.250318727996265e-8
0.0
0.0
0.0
0.0
0.0
0.0
0.0
0.0
0.0
0.0
0.0
0.0
0.0
0.0
0.0
0.0
0.0
0.0
0.0
0.0
0.0
1.5750236013241728e-6
9.714022022423802e-6
3.9429307132881844e-7
0.0
0.0
0.0
0.0
0.0
0.0
0.0
0.0
0.0
0.0
0.0
0.0
0.0
0.0
0.0
0.0
0.0
0.0
0.0
0.0
0.0
0.0
0.0
0.0
0.0
0.0
0.0
0.0
0.0
0.0
0.0
0.0
0.0
0.0
0.0
0.0
0.0
0.0
0.0
0.0
0.0
0.0
0.0
0.0
0.0
0.0002456458566781543
0.00019709440166859686
2.265523386133947e-5
3.0147755919331266e-6
4.0314474320851727e-7
0.0
0.0
0.0
0.0
0.0
0.0
0.0
0.0
0.0
0.0
0.0
0.0
0.0
0.0
0.0
0.0
0.0
0.0
0.0
0.0001468134073622168
0.00013631925717046944
1.2959396554766527e-5
1.722254892555567e-6
5.044295851997597e-8
0.0
0.0
0.0
0.0
0.0
0.0
0.0
0.0
0.0
0.0
7.894834856188111e-7
0.0
0.0
0.0
0.0
0.0
0.0
0.0
0.0
0.00017604521674485747
0.00017517674027745121
1.7656112453766353e-5
2.0447179259442878e-6
8.654958639475814e-8
0.0
0.0
0.0
0.0
0.0
0.0
0.0
0.0
0.0
0.0
0.0
0.0
0.0
0.0
0.0
0.0
0.0
0.0
0.0
7.23817884181969e-5
6.8557701467998e-5
2.47625394079447e-6
8.662325447061937e-8
0.0
0.0
0.0
0.0
0.0
0.0
0.0
0.0
0.0
0.0
0.0
0.0
0.0
0.0
0.0
0.0
0.0
0.0
0.0
0.0
1.9620564161788133e-5
3.3840364849218e-5
2.4011060964319646e-7
0.0
0.0
0.0
0.0
0.0
0.0
0.0
0.0
0.0
0.0
0.0
0.0
0.0
0.0
0.0
0.0
0.0
0.0
0.0
0.0
0.0
0.00011235973492284053
0.00013140725127546585
5.125912659953283e-5
2.6586210455700087e-5
5.7057302549353795e-6
1.3231385724629078e-6
1.6629701202151457e-7
0.0
0.0
0.0
0.0
0.0
0.0
0.0
0.0
0.0
0.0
0.0
0.0
0.0
0.0
0.0
0.0
0.0
0.0
0.0
0.0
0.0
0.0
0.0
0.0
0.0
0.0
0.0
0.0
0.0
0.0
0.0
0.0
0.0
0.0
0.0
0.0
0.0
0.0
0.0
0.0
0.0
0.0
0.0
0.0
0.0
0.0
0.0
0.0
0.0
0.0
0.0
0.0
0.0
0.0
0.0
0.0
0.0
0.0
0.0
0.0
0.0
0.0
0.0
0.0
0.0
5.910434943313655e-5
7.421899560755491e-5
1.6001576073575229e-6
1.6640777642467042e-7
0.0
0.0
0.0
0.0
0.0
0.0
0.0
0.0
0.0
0.0
0.0
0.0
0.0
0.0
0.0
0.0
0.0
0.0
0.0
0.0
0.00010110637683965284
8.933416172781518e-5
4.095374874506665e-6
2.1361510070699012e-7
0.0
0.0
0.0
0.0
0.0
0.0
0.0
0.0
0.0
0.0
0.0
0.0
0.0
0.0
0.0
0.0
0.0
0.0
0.0
0.0
0.00011625080715933325
0.00010478383353697202
9.603117489336922e-6
9.421041980543391e-7
0.0
0.0
0.0
0.0
0.0
0.0
0.0
0.0
0.0
0.0
0.0
0.0
0.0
0.0
0.0
0.0
0.0
0.0
0.0
0.0
1.2761982987915296e-6
6.447296846823218e-6
0.0
0.0
0.0
0.0
0.0
0.0
0.0
0.0
0.0
0.0
0.0
0.0
0.0
0.0
0.0
0.0
0.0
0.0
0.0
0.0
0.0
0.0
2.174207547631504e-7
2.4401094395426197e-6
2.101770940523703e-7
0.0
0.0
0.0
0.0
0.0
0.0
0.0
0.0
3.5718893124540256e-6
0.0
0.0
0.0
0.0
0.0
0.0
0.0
0.0
0.0
0.0
0.0
0.0
0.0
0.0
0.0
0.0
0.0
0.0
0.0
0.0
0.0
0.0
0.0
0.0
0.0
0.0
0.0
0.0
0.0
0.0
0.0
0.0
0.0
0.0
0.0
0.0
0.0011219568778061482
0.0008181595533131514
0.0002989427873410021
0.00011908318053176372
5.1954630860733306e-5
2.979288642593825e-5
2.638150754396991e-5
3.309196903455631e-6
4.853527085046999e-8
0.0
0.0
0.0
1.3321686899000628e-5
8.063804567501861e-5
0.00019784787434445818
0.0002611299509592172
0.0
0.0
0.0
0.0
0.0
0.0
0.0
0.0
0.0010041914610562127
0.0007251058099665463
0.00020827152259176833
8.561236516439074e-5
4.265121632193846e-5
1.4829590429345543e-5
6.017393060683191e-6
1.013595457934402e-6
0.0
0.0
0.0
0.0
0.0
0.0
4.464392765389045e-5
9.77375367531552e-5
0.0
0.0
0.0
0.0
0.0
0.0
0.0
0.0
0.000596604118531726
0.0004913855895716902
0.0001088869414984473
3.53029517225338e-5
5.757023411656613e-6
9.697683855998554e-7
6.829428979789306e-8
0.0
0.0
0.0
0.0
0.0
0.0
0.0
5.6328157881439064e-6
4.0696879186302385e-5
0.0
0.0
0.0
0.0
0.0
0.0
0.0
0.0
0.00039299895010029817
0.0003319279137020621
5.7407281313062865e-5
2.1790275845726127e-5
2.9623210892288198e-6
3.093967079717731e-7
0.0
0.0
0.0
0.0
0.0
0.0
0.0
0.0
1.6921200416342276e-6
1.8754215213478705e-5
0.0
0.0
0.0
0.0
0.0
0.0
0.0
0.0
0.00028910737695082454
0.00028096321352297763
5.652610720970056e-5
2.645047433268881e-5
7.923956239453296e-6
1.5299688498521202e-6
6.29998965701503e-7
0.0
0.0
0.0
0.0
0.0
0.0
0.0
1.4927701761510225e-5
4.1435643064810215e-5
0.0
0.0
0.0
0.0
0.0
0.0
0.0
0.0
0.00024295019076645436
0.0002907704978311069
0.00015905686580119712
7.05872482404975e-5
4.462673773346425e-5
2.736437123377484e-5
1.427959511380429e-5
2.6073224819730665e-6
2.794323102841613e-8
6.985809885468948e-9
2.8292593550256183e-7
1.5275778908203322e-5
0.0
0.0
0.0
0.0
0.0
0.0
0.0
0.0
0.0
0.0
0.0
0.0
0.0
0.0
0.0
0.0
0.0
0.0
0.0
0.0
0.0
0.0
0.0
0.0
0.0
0.0
0.0
0.0
0.0
0.0
0.0
0.0
0.0
0.0
0.0
0.0
0.00010085838447737847
0.00011451800801077418
1.0472316742243498e-5
1.1910454574523615e-6
6.305592610068861e-8
0.0
0.0
0.0
0.0
0.0
0.0
0.0
0.0
0.0
1.2082872611034622e-5
4.71684639304786e-5
0.0
0.0
0.0
0.0
0.0
0.0
0.0
0.0
0.0001518613524239071
0.00016415749680970956
2.6386368215148223e-5
3.213316595015765e-6
1.1256804431970194e-7
0.0
0.0
0.0
0.0
0.0
0.0
0.0
0.0
0.0
3.1666309456194875e-6
1.887173902308863e-5
0.0
0.0
0.0
0.0
0.0
0.0
0.0
0.0
9.984924406443499e-5
0.00011794061189144172
1.6311414937531966e-5
1.703806673864503e-6
2.9631796497471466e-7
0.0
0.0
0.0
0.0
0.0
0.0
0.0
0.0
1.093557372165609e-7
2.5636821714817093e-5
5.660128637152365e-5
0.0
0.0
0.0
0.0
0.0
0.0
0.0
0.0
0.000296043016440414
0.00028598648230268977
5.596280524618694e-5
2.513751399101808e-5
4.603139503610723e-6
8.748444459814715e-7
2.4084949340294745e-7
0.0
0.0
0.0
0.0
0.0
0.0
0.0
1.2468789089458119e-5
5.6212270016199026e-5
0.0
0.0
0.0
0.0
0.0
0.0
0.0
0.0
0.0002501510296251686
0.0002418297848760862
5.7318171062464936e-5
1.3171749751463077e-5
1.3146112906413814e-6
0.0
0.0
0.0
0.0
0.0
0.0
0.0
0.0
1.0659087664189683e-8
1.0173824598632485e-5
2.7722347561898973e-5
0.0
0.0
0.0
0.0
0.0
0.0
0.0
0.0
2.239723900852237e-5
5.0925258633795917e-5
1.6720630634143626e-5
2.074658869751819e-6
6.689054640643236e-7
1.4232086017766723e-8
0.0
5.941916021279478e-7
3.401115477051175e-5
5.99560041033028e-5
5.984687765918478e-5
7.018467754780348e-5
0.0
0.0
0.0
0.0
0.0
0.0
0.0
0.0
0.0
0.0
0.0
0.0
0.0
0.0
0.0
0.0
0.0
0.0
0.0
0.0
0.0
0.0
0.0
0.0
0.0
0.0
0.0
0.0
0.0
0.0
0.0
0.0
0.0
0.0
0.0
0.0
0.0
0.0
0.0
0.0
0.0
0.0
0.0
0.0
0.0
0.0
0.0
0.0
0.0
0.0
0.0
0.0
0.0
0.0
0.0
0.0
0.0
0.0
0.0
0.0
0.0
0.0
0.0
0.0
0.0
0.0
0.0
0.0
0.0
0.0
0.0
0.0
1.5100983678283009e-6
1.212972494657561e-5
5.452610550003354e-5
7.484125393808358e-5
0.0
0.0
0.0
0.0
0.0
0.0
0.0
0.0
0.0004043777429395405
0.0003819387636496103
8.444848214483378e-5
4.167424041418028e-5
1.224538574088735e-5
8.570574400331181e-7
2.2497881962219258e-7
0.0
0.0
0.0
0.0
0.0
0.0
0.0
1.2282774275789992e-6
2.7819094084045126e-5
0.0
0.0
0.0
0.0
0.0
0.0
0.0
0.0
0.00017891165007647545
0.0001953288184747086
3.7090884312184486e-5
5.759489717994239e-6
1.3994008129698174e-6
7.873921684897264e-8
0.0
0.0
0.0
0.0
0.0
0.0
2.075855078415994e-7
4.002326774355469e-6
3.219460962876128e-5
5.40408508374268e-5
0.0
0.0
0.0
0.0
0.0
0.0
0.0
0.0
7.063318232949482e-5
8.734900735580013e-5
3.704904146972739e-6
8.607448748621997e-8
0.0
0.0
0.0
0.0
0.0
0.0
0.0
0.0
0.0
0.0
0.0
2.5891589588137985e-6
0.0
0.0
0.0
0.0
0.0
0.0
0.0
0.0
1.7730634999604905e-5
5.030304803474607e-5
1.2922012457233774e-5
1.6702561855207096e-6
8.613834072893127e-8
4.615816236324303e-5
0.0001624689094640806
0.0002428093286693995
0.0002922708765554451
0.00020730095439914774
0.00023509636266552835
0.0003685307423043987
0.0
0.0
0.0
0.0
0.0
0.0
0.0
0.0
0.0
1.467374399721882e-5
2.5914915651563926e-5
3.8158763108472215e-5
5.0792792941652895e-5
6.932963946810125e-5
6.172618371534168e-5
2.4558256397216847e-5
1.264757114746449e-5
4.064569241594936e-6
0.0
0.0
0.0
0.0
0.0
0.0
0.0
0.0
0.0
9.793646451297731e-6
1.7135707871114573e-5
2.043642018883276e-5
3.393416070740119e-5
4.5935347059690814e-5
6.078067599422473e-5
0.00010626763039657071
0.0001330735123175073
0.00019621084082127916
0.00021178896543557073
0.0019612525071411517
0.0009705607260231744
0.0004047010429518485
0.00024949600174301885
0.00017307576375067365
0.00013868210410387447
0.00013409054844362573
2.7252059404127812e-5
1.2514002416123763e-5
1.2314627961065808e-5
1.7546379501090673e-5
6.821131994914991e-5
0.00017700321366455544
0.00021790917810739373
0.00030054658062832445
0.00033487805818671726
0.0
0.0
0.0
0.0
0.0
0.0
0.0
0.0
0.0006110988884441814
0.0004995905155971168
0.00017969133953272856
8.282236574168966e-5
4.225498033604618e-5
2.660838834541598e-5
2.0128632673373378e-5
8.295124868267987e-7
7.822631830701326e-8
0.0
0.0
1.1448529392627677e-5
5.974496521391496e-5
0.00010840767720018843
0.0001939017435283642
0.00023133752570947188
0.0
0.0
0.0
0.0
0.0
0.0
0.0
0.0
0.0009717891723496325
0.0008139679741843512
0.0005520136375105673
0.0005169576345693165
0.00048668303794898316
0.00031675466007221345
0.00018181384639924322
0.00013723063203882255
0.0002887660984073529
0.0003800146391374536
0.0003812763688408646
0.0004533707798387072
0.0005661539474257647
0.0005941546920511787
0.0007057475746928539
0.0007608650926821528
0.0
0.0
0.0
0.0
0.0
0.0
0.0
0.0
0.001380544520312315
0.0008952059234089373
0.0004981343259363132
0.00038138453653256243
0.00029016641452562125
0.000219480952923204
0.00022756854736554442
0.00015809027419755908
0.0001280407600622668
0.0001127843320566259
0.00010333844772426102
0.00024283049156600706
0.00045023437496766335
0.0005161235735182282
0.0006389287012459728
0.0006837847890327163
0.0
0.0
0.0
0.0
0.0
2.3785875879976038e-5
3.816994582889715e-5
6.0378412772161005e-5
0.0018965290702667456
0.0009446066370789331
0.0003420986452116093
0.0001973702615213638
0.00013469205021141817
0.00010596247514678308
0.00010454728397855274
1.553885432852897e-5
3.1096146719527408e-6
1.3171407585190604e-6
2.812793435276045e-6
5.0778211676180294e-5
0.00020001244820011443
0.00026186945335803695
0.00037312566314016347
0.00044209996572041043
0.0
0.0
0.0
0.0
0.0
1.5646330381322837e-5
2.4023166763941096e-5
3.19099413502371e-5
4.159600234887156e-5
2.897092442490871e-5
4.418882249700165e-6
0.0
0.0
0.0
0.0
0.0
0.0
0.0
0.0
0.0
0.0
0.0
0.0
0.0
0.0
0.0
0.0
0.0
7.3390030051219416e-6
1.2285713268280034e-5
1.841742946026937e-5
2.6766850883367387e-5
3.536642004890907e-5
2.1510153588901548e-5
4.232134240988992e-6
0.0
0.0
0.0
0.0
0.0
0.0
0.0
0.0
0.0
0.0
0.0
0.0
0.0
0.0
0.0
0.0
0.0
0.0
6.53084625687774e-6
1.4666411421986257e-5
1.3874777386300792e-5
0.0013784739818903126
0.0006658154845382275
0.0002386790442825378
0.000139217248617725
6.820088804956229e-5
3.643810901155658e-5
2.4445463435963406e-5
2.627076922523841e-7
0.0
0.0
0.0
0.0
3.90125438653659e-5
8.650230307329082e-5
0.00018851172604202548
0.0002565322075481667
0.0
0.0
0.0
0.0
0.0
0.0
0.0
0.0
0.0010459393195705884
0.000497960604180126
0.0001704160077648717
8.791261874510702e-5
4.3172993173980577e-5
2.01587716892169e-5
8.004095237470943e-6
0.0
0.0
0.0
0.0
0.0
1.4294827975592987e-5
5.8035672352305e-5
0.0001257876088229316
0.00018918743211037808
0.0
0.0
0.0
0.0
0.0
0.0
0.0
0.0
0.0006400035622947908
0.0004895719417137031
0.00011709870863913913
4.304079967452713e-5
1.3299411982196702e-5
2.6385583565741017e-6
1.6369323286185758e-6
0.0
0.0
0.0
0.0
0.0
2.790105231871164e-6
3.0650006537445566e-5
8.094871881976975e-5
0.00010028565357038216
0.0
0.0
0.0
0.0
0.0
0.0
0.0
0.0
0.00014944057456396618
0.00014426112723794278
2.3196980484531998e-5
4.265902724054502e-6
8.867301541814241e-7
0.0
0.0
0.0
0.0
0.0
0.0
0.0
0.0
5.193637031856168e-6
5.5470555095446716e-5
8.912812372029341e-5
0.0
0.0
0.0
0.0
0.0
0.0
0.0
0.0
0.0003007764545377716
0.0002305016075935814
4.043124381158275e-5
1.7824542518845993e-5
5.73463059427467e-6
1.5422541793389086e-6
5.455273754004076e-7
0.0
0.0
0.0
0.0
0.0
8.727947576725034e-6
3.1958525212115547e-5
8.13726635241696e-5
0.00011677179637821944
0.0
0.0
0.0
0.0
0.0
0.0
0.0
0.0
0.00032398309388870233
0.00033508937143647544
0.00014350856966336299
7.787570403032878e-5
4.4633154833384155e-5
2.8339889673790677e-5
8.63751192964404e-6
1.3358438875340698e-6
7.728819107112256e-6
5.350809889051711e-5
6.540134522133713e-5
0.00015129722563663738
0.0
0.0
0.0
0.0
0.0
0.0
0.0
0.0
0.0
0.0
0.0
0.0
0.0
0.0
0.0
0.0
0.0
0.0
0.0
0.0
0.0
0.0
0.0
0.0
0.0
0.0
0.0
0.0
0.0
0.0
0.0
0.0
0.0
0.0
0.0
0.0
7.457896708174146e-5
7.173983585848658e-5
1.5596290437317552e-6
0.0
0.0
0.0
0.0
0.0
0.0
0.0
0.0
0.0
2.0193599351649027e-7
7.817777220528244e-6
4.2619502090787335e-5
6.869803643611216e-5
0.0
0.0
0.0
0.0
0.0
0.0
0.0
0.0
0.00012266289807919274
7.768433034020269e-5
1.14505027258718e-5
6.865164165121191e-7
0.0
0.0
0.0
0.0
0.0
0.0
0.0
0.0
0.0
6.934554399637904e-8
2.013301305451543e-5
3.651187942319835e-5
0.0
0.0
0.0
0.0
0.0
0.0
0.0
0.0
5.4451684388900435e-5
4.144780721329554e-5
5.074463468475224e-7
0.0
0.0
0.0
0.0
0.0
0.0
0.0
0.0
4.635870810543774e-6
3.2388271577883245e-5
3.9974911479648465e-5
0.00010014551977153717
0.00011857165247404586
0.0
0.0
0.0
0.0
0.0
0.0
0.0
0.0
0.0
0.0
0.0
0.0
0.0
0.0
0.0
0.0
0.0
0.0
0.0
0.0
0.0
0.0
0.0
0.0
0.0
0.0
0.0
0.0
0.0
0.0
0.0
0.0
0.0012302708973016697
0.0006671367250248687
0.00017952263230204478
8.344820410314438e-5
5.089594899808829e-5
3.084185282446664e-5
2.0331500014343107e-5
5.966482049067007e-7
0.0
0.0
0.0
7.039167830307847e-8
1.2869484083796714e-5
3.7912208815323145e-5
8.741102593307647e-5
0.00012023378544447743
0.0
0.0
0.0
0.0
0.0
0.0
0.0
0.0
0.00013031011696748219
0.00014037543675756524
7.234316413103378e-5
3.39252788227705e-5
1.3611015134221867e-5
3.4713736351917103e-6
1.1890775336341597e-6
3.737166275570781e-7
8.969326774485848e-7
4.892435933430713e-7
1.6939384719908764e-5
7.391368836509738e-5
0.0
0.0
0.0
0.0
0.0
0.0
0.0
0.0
0.0
0.0
0.0
0.0
0.0
0.0
0.0
0.0
0.0
0.0
0.0
0.0
0.0
0.0
0.0
0.0
0.0
0.0
0.0
0.0
0.0
0.0
0.0
0.0
0.0
0.0
0.0
0.0
8.123681999045472e-7
3.689903932577183e-7
0.0
0.0
0.0
0.0
0.0
0.0
0.0
0.0
0.0
0.0
0.0
0.0
7.726586638266975e-8
5.64751574476042e-6
0.0
0.0
0.0
0.0
0.0
0.0
0.0
0.0
0.00012803601445668018
0.00015291117807831177
4.950574098741679e-5
2.3163993829063473e-5
8.744363562887218e-6
1.7542923631514525e-6
1.9023591082750406e-6
0.0
0.0
0.0
0.0
1.1441178991409167e-5
8.650873122413191e-5
0.00012444410685060595
0.00021172098990173137
0.0002689147148830561
0.0
0.0
0.0
0.0
0.0
0.0
0.0
0.0
0.0009848069747442729
0.0006567090392384953
0.00027189027244860795
0.00017158786946451957
0.00011390759835043304
8.629473719090768e-5
8.844213706496638e-5
2.4200771886089848e-5
1.7053539979221348e-5
1.863556121765814e-5
2.677490808025333e-5
0.00012009263610847879
0.00024986768273079304
0.000315432409021333
0.000473483355668106
0.0005719150230104543
0.0
0.0
0.0
0.0
4.406720086130304e-5
6.514103613985937e-5
0.0001541698904126993
0.00021352818045144694
0.001894513141246902
0.0012735766998089387
0.000564152632824157
0.00030940980671366475
0.00021192172754742287
0.00016925706467710012
0.00016792779998907336
7.625975966011018e-5
3.932805251494753e-5
3.895743761379075e-5
5.621125277890364e-5
0.00016649223517252598
0.00027676590797683185
0.0003177212219658749
0.0004268590945640654
0.00048485835659626024
0.0
0.0
0.0
0.0
0.0
0.0
0.0
0.0
0.001074382139296725
0.0007118958528791765
0.0003116699386073969
0.00013033780509302316
7.374050355616937e-5
3.783468000238664e-5
2.231258117407124e-5
2.0327998053924895e-6
9.634487271775316e-9
0.0
0.0
5.985741454252369e-6
5.511566028694347e-5
7.888048485486346e-5
0.00012380543683952402
0.00014247464318178967
0.0
0.0
0.0
0.0
0.0
0.0
0.0
0.0
0.00015079534431055672
0.00017062862991123752
7.73741768012651e-5
3.7870950375330965e-5
8.445767999655302e-6
1.1632399133235702e-6
2.40561866359285e-7
0.0
3.7005788278955757e-6
5.017136015744053e-5
7.072503983910017e-5
9.728595020957278e-5
0.0
0.0
0.0
0.0
0.0
0.0
0.0
0.0
0.0
0.0
0.0
0.0
0.0
0.0
0.0
0.0
0.0
0.0
0.0
0.0
0.0
0.0
0.0
0.0
0.0
0.0
1.2726234588231883e-5
2.046356452404416e-5
3.2261464739453845e-5
4.380893373503963e-5
5.3213615345306895e-5
6.973000392938709e-5
7.818993548669549e-5
0.00022321158890596925
0.0005090794328541423
0.0008420353843419047
0.0029124165304840483
0.0020903229984152805
0.001406092034815116
0.00104538572069841
0.0005836119576745259
0.00042167986948906847
0.000411102875854115
0.00028906928213029697
0.00021146723958448245
0.0001743978929438962
0.00020751590055423946
0.00039539796856890853
0.0005798312483952251
0.0006706612935026534
0.0008406048693713051
0.0009277251861162961
0.0
4.68514545275464e-5
6.353692229081541e-5
0.00015950855448079344
0.0002120498116768253
0.00045212327449851807
0.00039127693257047877
0.0005980250162256438
0.0022236828018900924
0.0013806003402153791
0.00047697601461095925
0.000277163775312461
0.0002153812238658891
0.00018345319717308475
0.00018511092677645822
7.765507332388132e-5
2.9923518379223527e-5
2.349570125470098e-5
2.9533435886277258e-5
0.00010871002670609341
0.00021529294851238697
0.00024624765554571255
0.00031887317309330706
0.00034113262914844744
0.0
0.0
0.0
0.0
0.0
0.0
0.0
0.0
0.00040428163460809295
0.0003485574638466216
0.00010955740437223499
6.336875621524156e-5
2.9080729089562198e-5
8.59686270993556e-6
3.5976752344301186e-5
1.2430458021487319e-5
3.7876371153949005e-7
4.61709022052173e-6
4.433161748517942e-6
3.284191824269431e-5
7.672398101941206e-5
0.00011986580987308125
0.0002687292928365502
0.0003207294823099816
0.0
0.0
0.0
0.0
0.0
0.0
0.0
0.0
0.0007496967988097911
0.000692786062715499
0.0003986394965178558
0.00024955343342293823
0.00020223405917530013
0.00016600298381676086
0.00020245026483788251
0.00014741645030847962
0.00013835263661495477
0.00014984468294984002
0.00034390027072993214
0.0005507783506638936
0.0006924890802594832
0.0007436972638974865
0.0008570053927445337
0.0009216341500015875
0.0
0.0
5.188564357255561e-6
2.898359850115085e-5
3.5302239864694386e-5
0.00010014445144498305
0.00037395783448372866
0.0004714843936376051
0.002888083984859245
0.0021665785535399064
0.0015356598396445626
0.0013386221902792533
0.0010473878330915206
0.0007974581282981606
0.0008273250526105369
0.0007740075622188607
0.0011162795163497435
0.0013870530878568226
0.001272899439428521
0.0011943077374161656
0.0015698922756594996
0.001665418073097856
0.0015719290059133034
0.001557253851389255
0.00010500658330006088
0.00029311750781686746
0.0004919603284310665
0.0005507310221186566
0.0007458531821616256
0.0007200526772199182
0.0008799364720201865
0.0008194806832905807
0.003084437842324679
0.0028310361905649855
0.001821857085796213
0.0013995577513519677
0.001006056747743736
0.0009007525881706597
0.0008514926806630561
0.0007761554600644295
0.00103117430235572
0.0011041618607900042
0.0013236261565321903
0.0017801066706937241
4.8253988480690116e-5
0.00039676467178025493
0.0006383195238908549
0.0008917767677346219
0.0008018818435024786
0.000993686268784014
0.0009753340966242462
0.0010874035787195428
0.001080464004846989
0.0011406830156891425
0.0011016872441596433
0.0011590781852831124
0.0011406402367231516
0.001026003349787807
0.0006712340278949403
0.0005470580571957648
0.0003474242977550821
0.00028657077111313574
0.0002152237408008351
0.00017206448311432433
0.00012790347468086163
0.00018362452946508973
0.0001784369186535703
0.0002843360823503052
0.00034085054898716483
0.0005219364889742124
0.0005508415287803274
0.0007584388931127662
0.000690445254889241
0.0008179928068134112
0.000676200720336033
0.0007891969216312634
0.0007831098489719426
0.0009342241576358933
0.0008306194367754997
0.000883585339559356
0.004041955666335946
0.00338279910307549
0.0018459066177544175
0.0013638292900805908
0.0010906416333639607
0.0009364850549759318
0.0009732125726521641
0.000601271016482396
0.0004232036585273557
0.00035546410907679273
0.00046208637785799154
0.0007629525079859868
0.001191119278030935
0.0013314917818740167
0.001829856052403169
0.0022776285261004053
4.447568094909545e-5
0.0003988025258277365
0.0005671307060469102
0.0006862709679018881
0.0006837471402443694
0.0008073830894031525
0.0007604951749963648
0.0009059949755932759
0.0030876376425052615
0.0034654176655609433
0.0011088371812427614
0.0004960675818055972
0.0003729409002811065
0.0003192423582730344
0.00032985403411904546
0.000239178332382451
0.0001734226346553162
0.0001504895688915727
0.00020327081924057674
0.0003293780660555558
0.0004819940135038815
0.0005345404938753095
0.000770062031850319
0.0008560096282390859
0.0
0.0
0.0
4.805893751153151e-6
2.1613263996531725e-5
3.1035819030951035e-5
3.961407675425259e-5
4.1207223686110637e-5
0.0021057786535757
0.001402473946216633
0.0006705576881412646
0.0004981295098598522
0.0003754584588360421
0.00029982035820650386
0.00031475376226034867
0.00022353994586231667
0.00022037335467748654
0.0003655361809797218
0.0004448416257361104
0.00045423843951552704
0.00048291086933161925
0.00048680152125057496
0.0005916176908455327
0.0006209337730655316
0.0
0.0
0.0
0.0
0.0
0.0
0.0
0.0
0.001535044924311135
0.0010945821576652038
0.0005669693086180606
0.00045867954461944126
0.0003997747127677935
0.0003609752808298708
0.0003840842622551821
0.0002858739611005898
0.000558797324963661
0.0007099705966676829
0.0007316404627854833
0.000837067594459331
0.0009694672059189655
0.0009974967237428704
0.0011234195059036504
0.0010286503476126076
0.0
0.0
0.0
1.3029604480944803e-5
3.21529699234874e-5
2.5800372271148146e-5
3.0411446905719582e-5
2.393450640909582e-5
0.0019277154269650427
0.0012684738914714275
0.0007014429658920685
0.0005517969484976936
0.00044096765050729886
0.0003529115633053747
0.000345776805215055
0.0002486802269912492
0.00024462308699409505
0.00028757241538871235
0.0002988142318473074
0.000361990887561837
0.0004718707720955385
0.000482747746683958
0.0005637051814502761
0.0005973774930240731
0.0
0.0
0.0
0.0
0.0
0.0
0.0
0.0
0.001017033754845717
0.0009020018178795897
0.0004959382307730876
0.00040011950554670654
0.0002588603969225692
0.0002356722715624372
0.00019083341806981884
0.00012021365619153284
0.00023297530334217878
0.0003056210064174088
0.00040181424230494137
0.0006751844729481626
0.0
0.0
0.0
0.0
0.0
0.0
0.0
0.0
0.0
0.0
0.0
2.0737565654370737e-5
2.208306844698176e-5
2.847145336424418e-5
1.3451245608071865e-5
7.599152043758767e-6
0.0
0.0
0.0
0.0
0.0
0.0
0.0
0.0
5.700047441974546e-6
1.5244601628561677e-5
2.5187530830097375e-5
1.6584259503949104e-5
2.3290066146764314e-5
2.768420091255104e-5
5.4796635833539664e-5
5.2378261761474935e-5
0.0001093919132996454
7.113014514557581e-5
9.584017327925881e-5
7.109267946249221e-5
0.0023612118165791487
0.0014497658414986652
0.000616093745433029
0.00040348713343215693
0.00028387166509217344
0.00019010109859975732
0.00016863754637997657
7.471687998545592e-5
5.03655860478218e-5
4.516839625531279e-5
4.772518932077887e-5
9.46763750542702e-5
0.00016178092884003935
0.00018205110789200826
0.00028116226441556394
0.0003060219244448391
0.0
0.0
0.0
0.0
0.0
0.0
0.0
0.0
0.0003515593491693161
0.0003321755110789111
8.799274089897057e-5
3.9574654148542826e-5
1.526825393218252e-5
2.391281624753622e-6
5.072276890705355e-7
0.0
0.0
0.0
0.0
0.0
4.858063173668597e-6
2.7331182788485418e-5
7.675752196783562e-5
9.514474577945705e-5
0.0
0.0
0.0
0.0
0.0
0.0
0.0
0.0
0.00010740813697750253
0.00011345964118439011
1.9865298848507512e-5
3.102442556095833e-7
0.0
0.0
0.0
0.0
0.0
0.0
0.0
0.0
8.681927902593466e-6
3.658554091526073e-5
8.427633999031989e-5
0.00011041220549468483
0.0
0.0
0.0
0.0
0.0
0.0
0.0
0.0
0.0008701768407718454
0.0006503348113673432
0.00024840966452506453
0.00015747252579047092
0.00011058460233042857
8.189384507158801e-5
0.00010180196657547837
4.296214087514664e-5
1.7248769271994743e-5
2.2408616467430417e-5
3.759148125770111e-5
0.00016097859222095242
0.00033926794652127784
0.0004126311858667638
0.0005757093066462933
0.0007317053512444887
0.0
2.359972715889559e-5
5.906261456668017e-5
0.00016667542093761883
0.0002334379122445686
0.0002950414002596793
0.0005332372417381502
0.0005164507483660368
0.0019361238306270625
0.0016729377939806013
0.0006278001146085473
0.0002707556236209697
0.00020165608991914283
0.00017167029144259303
0.00016613913091078004
7.958382230652703e-5
4.9143708516428626e-5
4.969028359311386e-5
6.159021573125282e-5
0.0001688931256671857
0.00029605632327965223
0.0003614057810682302
0.0005024483054932309
0.0005703966714929308
0.0
0.0
0.0
0.0
3.0886609110534054e-6
1.7015104178270162e-5
2.054463087286439e-5
3.395705339195132e-5
0.0015192201054777803
0.0009752233774448601
0.0006815297486809076
0.0005810062635177377
0.000487782774621396
0.0003515649792311297
0.0002867239263399276
0.00024066823262331848
0.00034315026277288463
0.0003989046388897294
0.0005032444159808168
0.0007377047216680818
0.0
0.0
0.0
0.0
0.0
0.0
0.0
0.0
0.0
0.0
0.0
0.0
8.773134172912466e-6
1.3552595153419182e-5
1.1773447629578512e-5
1.9337992714802702e-6
0.0
0.0
0.0
0.0
0.0
0.0
0.0
0.0
1.663312938491967e-5
2.2487102515410613e-5
5.5770823500374225e-5
0.00012769885514408145
0.00036585878346638524
0.000464658411758911
0.0006133456057521937
0.0006274712272929899
0.0006940587097514625
0.0006665315906067638
0.0006964729581746192
0.0007483965767502147
0.000749988205651032
0.0005972586560930033
0.0004143580677145656
0.000145313589642143
3.163183462842452e-5
1.4863894660645226e-5
0.0
0.0
0.0
0.0
0.0
0.0
3.5033741625580633e-6
6.380552160335451e-6
9.74052153638386e-6
1.0947357446429859e-5
1.4578124945306908e-5
1.486303914083037e-5
1.9493505260347136e-5
2.033476477948907e-5
2.7701163086242605e-5
3.013590427389573e-5
3.334087607732708e-5
2.4872296120100935e-5
0.001797740446694057
0.0013170498842439162
0.0005082171014214771
0.00035520706235476037
0.00023389867866087155
0.00018198801355005778
0.000190664774466939
0.00010933818962882011
8.511499044647421e-5
8.97092474194004e-5
0.00010249201414681731
0.0001546397842523507
0.000241018090336937
0.00028456818786577563
0.00039966731655790525
0.00047028058491490086
0.0
0.0
0.0
0.0
0.0
0.0
0.0
0.0
0.001332302575210543
0.000994957302385484
0.0005327115723691337
0.00042082672783244927
0.0003276611793409336
0.00024679905885487206
0.00024771808465849583
0.00016142745998290128
0.0001385389792031957
0.00013059567221844305
0.00016317865938277791
0.0002699991540202893
0.000410084075150904
0.0004928494638730741
0.0006635118069570916
0.0007206633307230858
0.0
0.0
0.0
1.7775289867968294e-5
3.985218725954006e-5
5.466983667125013e-5
0.0001035887260545903
0.00020563431562811932
0.0022615995840016387
0.001358044719387384
0.0005722694868330313
0.00039968672248555446
0.00035788845328151876
0.00024353908445325597
0.00022687386537788743
0.0001337848301919071
0.00010768112410080299
0.00011682669539952018
0.0001364867981464359
0.00021352571010302236
0.000335886069323026
0.00036821939394836295
0.0005674565178060937
0.000609629884390189
0.0
0.0
0.0
0.0
0.0
0.0
0.0
0.0
0.0008828828665022471
0.000676982720497403
0.0003878271135011936
0.00027867074263851537
0.0002208286128896338
0.0002188477176701554
0.00024493038395491254
0.00016554658795478079
0.00013700814477761547
0.00012473373908391804
0.00010515095869747921
0.0001466691745216818
0.0002475952577923309
0.00023611930606156798
0.0003089817328750664
0.0003268097819022097
0.0
0.0
0.0
0.0
0.0
0.0
0.0
0.0
0.0004845930001765439
0.00048397679188533747
0.00031562237932947527
0.00023767346468891895
0.00018318842347694338
0.0001341184365058331
0.00018077812975344446
0.0001476140903384585
0.00017341629117153282
0.00027588476745126855
0.00038667042654398973
0.0005847920736472377
0.0
0.0
0.0
0.0
0.0
0.0
0.0
0.0
0.0
0.0
0.0
0.0
0.0
2.0036454759309602e-5
4.6935608227473626e-5
3.3153983059703187e-5
3.8066181389497855e-5
2.284511336066204e-5
2.9255911360995717e-5
4.7996631865325544e-5
0.00013173451822845214
0.00017418067552697547
0.00040595509889558627
0.0004098788090502273
0.0006584754295321622
0.0006308145555628605
0.0008798624958786455
0.0007776261583096473
0.0010318122788364901
0.0009552719665499305
