0.0002231557287603182
0.0001747965993705157
0.00022557906670770067
0.00017799925265867586
0.00023001668690068047
0.00018096076949743086
0.00023157308474914615
0.00018100333824549655
0.00022960404844611353
0.00017599120965194786
0.00022002614502295196
0.00016664392339796826
0.00020345506993462914
0.00015078788288382008
0.00018962062031260807
0.00015571220860317918
0.00021260181316564716
0.00017507322375350274
0.00022656415825299912
0.0001797787132952471
0.00023419141720889468
0.00018990599269528096
0.00025129541457174836
0.0001989478876978062
0.0002445882689083767
0.00018307317029107488
0.0002262780489828452
0.00017593099753491825
0.00022448256568714589
0.00017378496090636233
7.248978806873316e-5
0.0009143634064588723
0.0008140955236924727
0.0007552904155723491
0.0007101141042507575
0.0006646395273867669
0.00062425616683184
0.0005843131350787105
0.0005849319861952335
0.000621645944679168
0.000658023729766971
0.0006824157653124751
0.0007019117190406581
0.0007053627805527154
0.0007460174936191182
0.0007992332327365666
4.9343719348921126e-5
0.000145771933035079
0.00015125666385736616
0.00023440480446598435
0.00020682686107033598
0.00028314130347492677
0.00023288360265734663
0.00030231468666451565
0.00010025936540467043
0.001229743973133705
0.0010958843129959585
0.0010288530626915663
0.0009765674604491458
0.000923558490077733
0.0008751559995269676
0.0008264613433256136
0.0007910954949188968
0.0007717353282996849
0.0007516331212036825
0.0007534120543685596
0.0007759651798148986
0.0007833761496092292
0.0008176229403582092
0.0008451792927056398
5.282149293336662e-5
0.00014149955703405303
0.0001347316113165577
0.00019141469290705657
0.0001619420057410417
0.00022100528416459173
0.0001831241604071075
0.0002444063659059602
6.330310214543771e-5
0.001183702751295599
0.0011180949869197454
0.0010887222006083584
0.0010754725072446676
0.0010634005312757612
0.0010518584412698355
0.001040878894470801
0.0011126599730413849
0.0012498286697660635
0.0013868782540001816
0.0015011522139483883
0.0016028449796707024
0.001687578704460145
0.0017523591093087981
0.0017759503264760553
0.00021375696119785173
0.00025942951585009434
0.0003791181937735973
0.00032231685565338463
0.0004326103836237275
0.0003540306765834423
0.00046404436151457125
0.00037629978980244656
0.000282760863833788
0.0021944255309900777
0.0021189627565075917
0.0019893885302098924
0.0018626756930127512
0.001733942526595307
0.0016082048967080188
0.001481599142153255
0.0014325430162826953
0.0014416643376464948
0.0014550106839638828
0.0015270738107033422
0.0016526456100818968
0.0017590361710250217
0.001841195456927357
0.001873869009897848
0.0002357939313460044
0.00028265955239646916
0.00040545979204850767
0.0003398487168560921
0.0004509111221398406
0.0003691657848547761
0.00048528977290838955
0.0003881118531949729
0.0002912925960544529
0.002049144800170655
0.0019211186829426153
0.001838200251968903
0.0017737072956792513
0.001683809781083349
0.0015728634075582776
0.0014625568524163325
0.0014091927667754822
0.0013982375816046153
0.001387417804547174
0.001393716171464004
0.0014156511093324235
0.0014229072402792407
0.0015245404199187734
0.0016774705178202781
0.0002223630611970137
0.0002764710975470517
0.000401995567653617
0.00033986732873849036
0.0004533062917866947
0.0003702594826914889
0.00048493567211399443
0.0003917594231465455
0.0002968452150565234
0.002181665319265498
0.002113572434068511
0.0019978078538139678
0.001883360252254881
0.0017631737464120516
0.0016413183204450235
0.001519367589547036
0.0015055106212269074
0.0015268451439977846
0.0015449733533873355
0.0016035037897221692
0.0002002742818835393
0.00024770076682309363
0.00036520786845295
0.00031019344074129123
0.00041662782095970303
0.00034165410620220436
0.0004484623501136
0.0003627610840785306
0.00047290599070430134
0.0003808997739793132
0.0004944803745788847
0.00039609573530091516
0.000509614199837665
0.0004055917409877823
0.0005137800714510398
0.00039465994067199636
0.0004878626104503975
0.0003686459253987699
0.0004435092869680761
0.0003265895480504833
0.00039408769652281316
0.0002999679701556911
0.0003716543948851607
0.000289671218609537
0.0003766374798525982
0.00030429586600063714
0.0003912066864790364
0.00030146046366430766
0.0003733241056438627
0.00028984882603929094
0.0003755199746538831
0.00030030847350677117
0.000385243122448794
0.0002992884354500988
0.0003753605337176016
0.00029035107702237784
0.00020103525202199606
0.0015349393139260554
0.0014008737505274088
0.0012903069700883583
0.001193216721529407
0.0010487701717618071
0.0008657507243462001
0.0006854945789014005
0.0005839065341140806
0.0005437560929978357
0.0005050550928794227
0.0004400137375440652
0.00036352794014822613
0.0002705617092504582
0.00019294708599177333
0.00011028103415889502
0.0
0.0
0.0
0.0
5.7204376012955635e-6
2.6623846485459673e-6
5.610515981930757e-6
2.8215507593098824e-6
1.6837862153853468e-6
4.755775085692965e-5
2.628579498658442e-5
2.9132086627672393e-5
3.960257274334277e-5
3.9073760807895474e-5
3.1718407313629694e-5
2.102445035930036e-5
3.4426548593136506e-5
9.26087862482002e-5
0.00018384431640065113
0.00028676091442319813
0.0004513760077979595
0.0005608570896960609
0.0006470459459493015
0.0006816620048232758
1.4514607243743592e-5
9.353658615528287e-5
0.00010066770986736964
0.00013769263368270927
0.00013175378312603014
0.00018247565812552397
0.00017548412218774877
0.00023044921586349364
5.300924981640784e-5
0.0012280487734820864
0.0011064886415584922
0.0009839251965844695
0.0008752175177361543
0.0007222160101974014
0.0005352342279795523
0.0003014097335099746
0.00025700668162296467
0.0003543950388304341
0.0004036173599385998
0.0003967677995261133
0.0004007651912187238
0.000353322109080183
0.00043734256152593856
0.0005904625358005895
3.268964296752448e-5
8.866016167897995e-5
0.00015221864528971465
0.00013895447832720879
0.0002016670264914254
0.0001761151473209383
0.00024634293600412965
0.00020816596733575453
9.280873291633561e-5
0.0013470413406046207
0.0012005932303929968
0.001025283575544275
0.0008657116858290098
0.0007160192777137814
0.0005672020758313903
0.00041927906868858845
0.0003764359905263686
0.00041398645991649457
0.0004522810238681322
0.0005015932349342996
0.0006244384312829802
0.0007098093855089174
0.0007735295762042731
0.0007924517615019181
5.0357251565686514e-5
0.00010073242491781541
0.00014741485449956833
0.00013756324642135595
0.00017728246043831875
0.0001578500130453821
0.00019972673800828307
0.00016777875667613076
3.924674027127107e-5
0.0007755906717504475
0.000585569700540523
0.0004224949798653476
0.0002734718767770895
0.00018623623020308142
0.00015112017159536902
0.00011509785836478328
0.00011455065028985562
0.00014114979141122922
0.0001681405169349346
0.0001761223428616024
0.00019898142544440275
0.00019492872747324525
0.00019261556598120012
0.00016242244412752405
0.0
0.0
0.0
0.0
0.0
0.0
3.400047360830588e-6
6.9839692146435476e-6
2.8819428470574115e-6
0.00034877760593872496
0.00031811019174958434
0.00023038134779932375
0.00014981969220818298
5.5411737555040454e-5
3.1470065751847984e-6
0.0
0.0
0.0
0.0
0.0
0.0
0.0
0.0
0.0
6.205622383348253e-6
1.6086623802946372e-5
1.7845727995965454e-5
2.0015514457450064e-5
3.6655223702607146e-5
8.421789715049197e-5
0.00011327989762971989
0.0001768889403923136
0.0001763440733558776
0.0002462669289414583
0.00022479801363875447
0.00028637177053086876
0.000246429848851345
0.00030357888993384855
0.00024982908946067945
0.00029837671309524257
0.0002473180061405171
0.0003070330709863008
0.00026166820451983
0.00032786779150422595
0.0002810735833316385
0.00035344926595867846
0.00029989987900185954
0.00036923858792309213
0.0003088643152978781
0.0003822677997389338
0.0003252310474092564
0.0004057772255178646
0.00034330431473537487
0.0004235376396879462
0.00035498410947288483
0.00043634601625310964
0.00036331071539327786
0.00044447851610731617
0.00037008045045189086
0.0004528732314792401
0.00037617109354600613
0.0004559601624492987
0.00037073717938704563
0.0004436666408600654
0.0003623407698378491
0.00044165357262532993
0.00036521874068512505
0.0004470262937050675
0.00037010010743722995
0.0004539371383691151
0.0003745639004539828
0.00045624278009948917
0.00037465723559610163
0.0004553987467442755
0.0003725820408623528
0.00045223192201144976
0.0003696128768103487
0.0004486431981726281
0.00036708980304331237
0.00044331241123089657
0.00023760960312976375
0.0019291225325810289
0.0018103219114871903
0.00172325554143595
0.0016494865217586648
0.001578734801808304
0.001508420526104488
0.0014403296022786093
0.0013950239108092412
0.0013694179505551916
0.0013441208961731243
0.0013480042117873044
0.0013742673949748733
0.0013865883571852835
0.0013908577451680392
0.0013721742808258744
0.00013955763321872334
0.00023590593729464648
0.00022070034810299082
0.00028244005398440626
0.00024265131487467796
0.00030050453469992675
0.00025379369452132737
0.00030808356834983867
0.00011741281951263188
0.0013322572974089298
0.0012241903470863276
0.0011694206906640435
0.0011295421280687334
0.001070077709575599
0.0009935628719128376
0.0009188492653155515
0.0008742488272527314
0.0008537407985239199
0.0008324312554719649
0.0008328765467837372
0.0008543715739705756
0.0008608857403187514
0.000879459021289602
0.0008844678951848031
5.437675051504637e-5
0.00014285102554927495
0.00013159400208175433
0.0001831767251528084
0.00015234006467360005
0.00020536110804889352
0.00016867142610684847
0.00022069689584481715
4.600160415723273e-5
0.0009479473019875067
0.000836310778759497
0.0007566746661747488
0.0006935201802758202
0.0006118389800631144
0.0005139685982206529
0.0004163004498240378
0.0003491019449914657
0.00030143498698303057
0.00025508803129572425
0.00024092101462371544
0.0002516134247940763
0.0002463240895713077
0.0002692932492564943
0.0002874577583177403
0.0
0.0
4.38961390611129e-5
5.569367396172576e-5
5.5296655419299956e-5
6.952012669869499e-5
6.528496509625661e-5
8.086775029626679e-5
5.479244164238954e-6
0.00047450438090354053
0.0003353255073758362
0.00017265241373407331
5.756683083346065e-5
2.5287662097858256e-5
1.6766361182235784e-5
8.543342936923663e-6
7.410972687185062e-6
1.161325041902267e-5
1.6700531280231962e-5
3.9069174056788725e-5
0.00010036646191852179
0.00018053087014719413
0.00024407551911635877
0.000266155701909806
0.0
0.0
7.430013166516775e-5
8.553411967277128e-5
0.00014076055381729002
0.00012392808261621753
0.00017392948234114448
0.00014368798172583272
3.592520406742222e-5
0.0007997674208325078
0.0006922345696861413
0.0006118898251412272
0.0005413967477172098
0.0004899356836785281
0.00044595639995020784
0.0004035270914197711
0.0004009220661298984
0.0003823790136303575
0.0003568261352394976
0.00037251531994142613
0.0
3.3082725896112404e-5
6.350515083589583e-5
4.1119087851172555e-5
3.669846777805366e-5
1.824079851709483e-5
2.6351910704186246e-5
2.042315300043773e-5
3.067475340033726e-5
2.5226685069808362e-5
3.725442170278624e-5
3.3644688769532537e-5
6.25998324782436e-5
6.0316667080677226e-5
8.715424943589673e-5
6.155809445659394e-5
7.001130101332348e-5
4.8124186454777936e-5
6.330230167048712e-5
4.9385121312368675e-5
6.805971281158106e-5
5.520793896429417e-5
7.864075903357497e-5
6.427723079998123e-5
8.608146642291996e-5
6.759306199850453e-5
9.185976529787394e-5
7.417589542356556e-5
0.00010185238366808965
8.607485459072382e-5
0.00012804284282708114
0.00011186815945653881
0.00015381002715391003
0.00011819898404194012
0.00014978829604329818
0.00011016111898027095
2.479255065973286e-5
0.0004304329257746897
0.000267062247596516
0.00013948225570756828
4.065368416660828e-5
1.4793125011807923e-5
1.2436654280003957e-5
1.151527892836126e-5
1.4299933041873467e-5
1.8354851926928214e-5
2.385367479950145e-5
5.004985883045672e-5
0.00011438665567664591
0.0001687647562694638
0.0002122969467380558
0.00022678993913866828
0.0
0.0
2.5989077567877402e-5
5.438777537295623e-5
4.988744208754456e-5
7.098965517180141e-5
5.869579805887859e-5
8.036250346997559e-5
4.796990716909238e-6
0.0003569013378752315
0.000278350307202913
0.00024994758765439345
0.00023698527033074398
0.00016142917762064312
6.013792136013081e-5
1.1949326410532472e-5
0.0
0.0
8.824983885162873e-7
1.3208646359804244e-5
2.6146603442433375e-5
3.339644721673182e-5
5.2842432298941395e-5
6.462299333669444e-5
0.0
0.0
0.0
0.0
3.965833282854772e-5
2.675562651681339e-5
3.242823877296155e-5
2.486889006869626e-5
4.4684991099606e-6
0.0002972415691909083
0.00018733127535117486
7.780848323464608e-5
2.7114197842284007e-5
2.1297368766553486e-6
0.0
0.0
0.0
0.0
0.0
1.4429816961278943e-5
5.1095067012780814e-5
9.956315592258848e-5
0.00015587247763879986
0.00017641394460317738
0.0
0.0
3.603078454771535e-5
6.976447761522095e-5
0.00010065206723130372
8.67973453390999e-5
9.918295577185707e-5
8.762298432927535e-5
9.811466881583922e-6
0.0006694234091338484
0.0006127878303866043
0.0005698449157081041
0.0005409080133988254
0.00046500170426275287
0.00036014491920456784
0.0002564319561002344
0.0002067395165080695
0.0001985054928367672
0.0001877737961225171
0.00017745565922906446
0.00024873111901234813
0.00027043885197565194
0.0003104818075049333
0.00033388507200771725
0.0
0.0
3.6844855922001354e-5
6.940290325788179e-5
5.9777599703605454e-5
8.114327835856248e-5
6.470192348649099e-5
8.082932232153594e-5
4.3074897446783e-6
0.00024246777092825275
0.0001216755239346289
7.16030615964254e-5
4.860634107061988e-5
3.333135824904364e-5
2.052694736443456e-5
6.3750552309104645e-6
4.971991364715113e-6
1.823684502842011e-5
3.299667246773252e-5
5.862881591161648e-5
0.00015127954566403185
0.0002274409508133862
0.00029071251270449604
0.00031731047680560537
0.0
0.0
3.612044655115955e-5
7.409240626165845e-5
6.746671527732762e-5
9.6128812975036e-5
7.972448865512058e-5
0.00010963389124225225
8.877118053984909e-6
0.0005331601999513818
0.00046554975395281495
0.0004258464797613344
0.00039410016310507126
0.00036165630945479986
0.00033323079512236655
0.000304444288046509
0.00033667984092349544
0.00036467844467483976
0.0003884694362431226
0.00042915253180774484
0.0
5.331123556169373e-5
8.33702265445969e-5
8.8161597030252e-5
0.00011972184513180596
0.00011168215278994471
0.00013864093025379195
0.0001210585049197219
0.00014827062972167868
0.00012908856425394649
0.00015801104208760725
0.0001346798950229286
0.00015977730692129402
0.0001332146670229484
0.00015494742191239446
0.0001253816794839745
0.00014178429777065654
0.00011274326554602777
0.00012267358428068317
9.340659131546051e-5
0.00010158532732207424
8.520185981072685e-5
9.983137537787422e-5
9.394314151398367e-5
0.0001266933696305351
0.00012418730995758542
0.0001655417704828402
0.00015199102099974678
0.00019658951255092949
0.00017513278948355176
0.00021856674067089667
0.0001893730936584332
0.00023243826159005895
0.0001954477746773799
0.00023512843872177563
0.00019815673429877018
7.456569917915091e-5
0.0011128752464632716
0.0009724570375834464
0.000803233567869035
0.0006472955099712932
0.00047836645024084177
0.0002890067130730812
9.583621754587001e-5
4.5944911561194196e-5
5.70205194248452e-5
8.512257880353155e-5
0.0001574830379817582
0.0002652459662187743
0.0003574682366064269
0.0003990160635439964
0.00038316167262870835
0.0
3.25891315625337e-5
6.63222104596561e-5
0.00010761226110689503
0.00011148349668265783
0.00014950742461804803
0.00013829343093738715
0.00017524617914137404
2.4347497103445615e-5
0.0008494466841446037
0.0007525428630598138
0.0006871984428891419
0.0006378251455659581
0.0005404797152356091
0.00040821610572084526
0.0002739131748036787
0.00019433070712169634
0.00016117321003616603
0.00012699044329319903
9.278749703318225e-5
9.390471875587552e-5
8.343655582361987e-5
9.841189352344321e-5
0.00012263635616870097
0.0
0.0
0.0
2.0683395587485354e-5
3.967016013740163e-5
3.7276410886022316e-5
6.0287291961903154e-5
5.439555798127731e-5
8.486046623507321e-6
0.0003183454308465087
0.0002339291790858119
0.0001304490637311177
0.00011395140810251078
0.00010967019976639811
7.498019834771926e-5
3.5075628860711e-5
0.0
0.0
0.0
0.0
0.0
0.0
0.0
3.2923387545507366e-6
0.0
0.0
0.0
0.0
0.0
0.0
0.0
0.0
0.0
1.5685150142194143e-6
0.0
0.0
0.0
0.0
0.0
0.0
0.0
0.0
0.0
0.0
0.0
0.0
0.0
0.0
0.0
0.0
0.0
0.0
0.0
0.0
0.0
3.6529601669127656e-5
2.168741479079297e-6
0.00029698216555140385
0.00016110069645089192
5.049435523958001e-5
1.110775630505392e-5
0.0
0.0
0.0
0.0
0.0
0.0
0.0
0.0
0.0
0.0
0.0
0.0
0.0
0.0
0.0
0.0
3.9913092053504205e-5
9.951776423074617e-5
0.00010125964550273776
1.8671452376722268e-5
0.0009529856094908883
0.0009192157140930773
0.0008831191772919971
0.0008633806928929435
0.0008613748631174502
0.0008406997171129643
0.0008444404327879225
0.0008938347210896302
0.0009046348777176112
0.0009068068126649289
0.0009641578413401727
6.568790841795254e-5
0.00016259005208189433
0.00015094136244543256
0.00021511308167591658
0.00018334426078581804
0.00024978326099524273
0.00020532949697496007
0.0002749552011227742
0.00022071742874853718
0.00028766677491441606
0.00023017142572340503
0.00029928770132900867
0.00024016602565938213
0.0003227482005218769
0.00025498849730404245
0.00031727809865101075
0.00023925649642014712
0.00029087931488825324
0.00021394626145034468
0.0002603396714397363
0.00019993583593684957
0.000252865747086573
0.00019167619434025762
0.00025685027814430976
0.0002279395119053259
0.00031244701247520683
0.0002490824768116621
0.00032719514641599046
0.000261962107898587
0.0003453699077217036
0.0002763742036011919
0.0003490219755086292
0.00027316216169626616
0.0003434635668852412
0.000260838402309034
0.0003308664623156886
0.00014569960412615362
0.0013860674082455235
0.0012596177259533907
0.0011523244794267792
0.0010590673076386892
0.0009861632522249403
0.0008899232372934811
0.0007862537260482105
0.0007574609523066945
0.0007353270540279951
0.0007243837848880887
0.0007407511422433176
0.0008005911488789281
0.000857153569629911
0.0008896324583951029
0.0008727243735911767
4.3014154419830606e-5
0.00012723921905187963
0.00011789271295963786
0.00016642083899249434
0.00013618584876187446
0.00018350900951717174
0.00014634207994384358
0.00018853298304543598
3.2103706124237526e-5
0.0008026948183897911
0.0007228619008084291
0.000628658177962839
0.0005218785818465446
0.0004528239596871202
0.00033947596292055514
0.00019035568264753465
0.00014760635419086156
0.0001508887455335043
0.00016185998735058666
0.0002808364195380445
0.0003718280007305591
0.0003461745518208881
0.0003560179244721181
0.00036381860748201377
0.0
0.0
3.416440514780436e-5
6.878346076603604e-5
5.843989342955317e-5
8.775177448492496e-5
7.427863704543078e-5
9.66657682917383e-5
8.368733243375805e-6
0.0005767508298732706
0.0004415252049766018
0.00030092888921491573
0.00016057238982044417
0.000117559914520816
5.405362183733947e-5
1.940827615173881e-6
0.0
0.0
0.0
4.166881425072504e-6
3.0470294685503865e-5
3.8760067214416285e-5
7.162395507943202e-5
0.00010449601346794892
0.0
0.0
0.0
0.0
0.0
3.411757920086913e-5
5.256010685866372e-5
5.899908732753007e-5
4.267800635593535e-6
0.0003390718273634453
0.00027429361827824484
0.00015669080355622015
6.178893503159651e-5
1.4619477472947519e-5
0.0
0.0
0.0
0.0
0.0
0.0
0.0
7.757960727138102e-6
2.7958607043309702e-5
7.674448762266473e-6
0.0
0.0
0.0
0.0
0.0
0.0
6.675125712919502e-6
1.5433921898990794e-5
4.799434020966377e-7
0.00010800569243079382
6.994557721821647e-5
6.628160284557939e-5
4.53826971200947e-5
1.4475954377245065e-5
0.0
0.0
0.0
0.0
0.0
0.0
0.0
9.252272746487804e-7
2.247918168837445e-5
3.334573513483495e-5
0.0
0.0
0.0
0.0
0.0
4.48059886879275e-5
3.715695186548845e-5
5.115806512250932e-5
2.552723857946667e-6
0.0002749921037491137
0.00023724567077990907
0.00020246644404838866
0.00014098734593737217
0.00010893282994534889
0.00010555031074594989
0.00010343070476879364
0.00015009907148173194
0.00017263373399605962
0.00017418372844011932
0.00016689433871746229
0.0
0.0
2.3338330717766184e-5
3.0429228581664687e-5
3.319850743473802e-5
4.459222508312348e-5
4.470411531758856e-5
5.6993640064850664e-5
5.6481022743434343e-5
6.90478962728859e-5
6.67446288567333e-5
8.037208589217962e-5
7.231151046103736e-5
8.774521655783043e-5
7.579229609183358e-5
9.025663133113572e-5
7.460042339126052e-5
7.922823417986645e-5
6.087451651270405e-5
5.764536155593922e-5
3.998518198578055e-5
3.510666269557904e-5
2.4090968621369028e-5
2.1230043325995605e-5
2.7194094505809578e-5
3.536054045356501e-5
3.55711051502208e-5
4.813613979249472e-5
4.913176504276868e-5
6.689666191209345e-5
6.940625430567048e-5
9.599264777947634e-5
8.829893817903949e-5
0.00011056148588313432
9.682792357119584e-5
0.0001131152676555731
1.0806507787119954e-5
0.00046821920888063807
0.00038745410776926245
0.00030965895110874806
0.00021321280053955774
9.974631704004079e-5
2.344747555039e-5
0.0
0.0
0.0
0.0
0.0
0.0
0.0
0.0
2.4239029024869872e-5
0.0
0.0
0.0
0.0
3.15876029527587e-5
2.7267183097276552e-5
4.0545305983879e-5
3.11047666191731e-5
4.750479296756997e-6
9.09216219344661e-5
5.3963800090632e-5
4.422459086760126e-5
1.0438278315423925e-5
0.0
0.0
0.0
0.0
0.0
0.0
0.0
3.725387625350357e-5
8.039754965045954e-5
0.00010087930647918599
0.00015413315946744487
0.0
0.0
0.0
2.338047464304598e-5
4.9598128625435886e-5
8.083626485599748e-5
7.000467226662335e-5
0.00010341083556175686
8.133285548725903e-6
0.0005604911432160727
0.00044578768093423506
0.0003819192609314095
0.00031211939430083935
0.00027073966564065716
0.0002416305912668347
0.00016886458729248248
0.00012057171976080614
0.00016049621167625903
0.00017933888339227857
0.00020244261830964724
0.0003395553594048082
0.0004010661950928595
0.0004438756673762282
0.00047813109716861465
0.0
2.9617554158581237e-5
6.319511398429753e-5
9.827576346104726e-5
8.589961728608523e-5
0.00012106001513200337
0.00010480922795414987
0.0001464261226605585
1.4962626643702469e-5
0.0006483406176545898
0.0005327611717840876
0.00044877060430293856
0.00040542141548912666
0.0003295290449318801
0.00027097445085188376
0.00019263456310328333
9.702972810790206e-5
9.574906900215476e-5
0.0001308817614042525
0.00012700642153199413
0.00021001587806714962
0.0002561770834927732
0.00032031054831979183
0.00036661985896049593
0.0
0.0
2.4057874599911808e-5
4.640905298113632e-5
7.145237897451558e-5
6.124748037778615e-5
8.4147218670344e-5
6.738535220534358e-5
1.2074049912361926e-5
0.00046110266566861275
0.00037568378838465154
0.0003109422708106492
0.00023977075429037353
0.00013213266742319676
5.7868007251345245e-5
1.2770746903646319e-5
0.0
0.0
0.0
1.2471996084917453e-5
5.380639000138879e-5
9.70431723326843e-5
0.00015795648577761803
0.00016567087221313855
0.0
0.0
0.0
3.066019793216103e-5
4.656126889493124e-5
6.148908347780685e-5
5.988946891350011e-5
7.311748412718123e-5
4.136961212694591e-6
0.000398248671466315
0.0003604124292782015
0.0003252484335038718
0.00025872341877337837
0.00017715681452298233
0.00012023264303748416
6.206421463247455e-5
5.9323042602821086e-5
2.1390036113778584e-5
1.1320293311917746e-5
5.214928837311305e-5
0.0
0.0
0.0
2.8083886724066314e-5
4.1580443910733684e-5
4.568608103883291e-5
6.0896252124603395e-5
6.259898671352291e-5
8.083482332924866e-5
7.618247267786493e-5
9.507617047299807e-5
8.719303822703336e-5
0.00011577703229348959
0.00010466182939385044
0.00012072840604364501
9.893460172970067e-5
0.00011287179882252763
8.572111066074747e-5
8.48123297302357e-5
6.330595421535791e-5
7.325689078193228e-5
6.423781455188134e-5
8.498509562033416e-5
8.45791227054656e-5
0.00011060601540951026
0.00010574561809760051
0.00014429147293143412
0.00013530115633771436
0.00017883112582917738
0.00016365397035349164
0.00021651914566531808
0.00019729759083772803
0.0002530486727841645
0.00022223175093834512
0.00028204605760541766
0.00024307700290861334
0.00030427771689590715
0.0002579868614808399
0.00031573476425338765
0.00026157203904371906
0.00031484748501666934
0.0002561558751154488
0.0002960061399431389
0.0002297800997019781
0.0002622829038369748
0.000209470300898184
0.00024108521315945023
0.00019632458363851268
0.0002423230201991895
0.00021116166083883138
0.0002660764043833054
0.00022497185004306976
0.00027363952456748786
0.000230286393212005
0.0002780131141546365
0.00023016385253087082
0.0002789336974964846
0.0002330715687190555
0.00028243311299121953
0.0002345584635663626
0.00011392581373106315
0.0012118730598285538
0.0011042584582759652
0.0010287343754347982
0.0009483877533008984
0.0007710238635552948
0.0006339032360331163
0.0004698175283393114
0.000293016149196707
0.00020767528646621286
0.000196779760727005
0.00021392127023114077
0.0002557474066394
0.00029893406149436775
0.0003083982659772107
0.00027378068274284175
0.0
8.341657343167771e-6
3.31105446592057e-5
3.890743292184844e-5
5.3212607918692055e-5
5.747037401687396e-5
7.256231552548137e-5
6.365307568229334e-5
5.284959752786589e-6
0.0003806526322486642
0.00028605315403422746
0.0006091327831177003
0.0008557199915123758
0.0009109947865555494
0.00099112725684145
0.001015093444455628
0.0010321618645304756
0.00106311386521017
0.0010534197701309405
0.0010903646700841036
0.001170625677558971
0.0011963455641111464
0.0012212099514084579
0.0012301182334085762
0.00011376843873546381
0.00021579809517905502
0.00021025741588034643
0.0002776688353914123
0.00024443040675134974
0.00030855863732977273
0.0002649000890744404
0.0003300539290230958
0.000129425337047934
0.0015082299004346219
0.0014034431937078513
0.0013557580618947676
0.0013219491299557601
0.0012951457955191867
0.0012592876168811874
0.0012300780907062408
0.0012185733955861454
0.0012074890112685026
0.0012198048596078386
0.001277696623240555
0.0013843041091409006
0.0014450134691167205
0.0015065149530995644
0.0015742202756337082
0.00017081469982230913
0.00028562726302624395
0.0002707225055601737
0.0003535766744997009
0.0003109439249147745
0.0003946895575338103
0.0003342395859428251
0.000408968728828209
0.00019789370226103506
0.0018597136641940906
0.0017521621557174763
0.0016380336502286434
0.0015128403670196739
0.0014102735134768206
0.0013398565493448831
0.0012407687294775046
0.001115818317995877
0.0010331455919289291
0.001025291322229035
0.0010714680758777569
0.001164021307899751
0.0012329791518274926
0.0012917634638020471
0.001343041974894544
0.00013203091944940276
0.00022843511975648024
0.00022205220766731846
0.0002918748801868856
0.00025641041065794563
0.0003239645140089157
0.0002704367011858106
0.0003314685200961143
0.0001333194151080926
0.0014911118769959518
0.0014138084729047918
0.0013789014758673664
0.0013847355076378556
0.0013874456648693618
0.0013784149068426152
0.0013929479257571479
0.001433287661909263
0.0014354769172296538
0.001472955770135536
0.0015293244723916892
0.00016889375378586707
0.0002835419549603682
0.00026929902931400334
0.00035452458915076777
0.00031072266075495583
0.0003943769115409277
0.0003362535662961416
0.0004210813086963243
0.0003628635435680497
0.0004569052805163416
0.0003856239602130951
0.00047753435899970204
0.0004032529092856606
0.0004884206744753141
0.00038946784645857885
0.00045335088877348736
0.0003493013671518972
0.00039316470815980526
0.0003067923617862014
0.0003468889161380811
0.000272152668014934
0.0003213804129880278
0.000260188652069021
0.0003165376110284408
0.00026983393544644803
0.00033668970935099286
0.0002855746428736864
0.00035263133350107594
0.0003050265675946369
0.000385980463341299
0.00033340227756519295
0.0004209677198978811
0.000358129239141197
0.00044245000429809584
0.00037480819857196363
0.0004598422363491887
0.0002514575240476775
0.0021481251714416676
0.0019609169225893786
0.0018059733912895472
0.0016626563940761478
0.001428106821650437
0.0012537270056969293
0.0011798168550339603
0.0011626475751153392
0.0012207884723986716
0.0012922036681162566
0.0013887814210354686
0.0014983043268111413
0.0015358202007448914
0.0015560509063003885
0.0015626794676523394
0.00016133885124472582
0.00027112303034491453
0.0002558274371804345
0.0003321998771666646
0.0002887627965984773
0.0003608882166107979
0.0003024865358122084
0.00037097137464566496
0.0001675816150887911
0.0016499096147599094
0.0015250790536048004
0.001400875620607619
0.0012924932736697186
0.001180921375307813
0.001036266901233202
0.0008919912191768631
0.00074368392398758
0.0006437976786700347
0.0005927382530860075
0.0006229969108573326
0.0006643916725991182
0.0006072689059459715
0.0006093122483765051
0.000617500783453246
1.3478512287928482e-5
8.380224376462386e-5
8.694157590764475e-5
0.00011105549476038098
9.940562486302568e-5
0.00012540417233608753
0.00011435070223852479
0.0001418589666115172
1.6269032019466634e-5
0.0006574927159069237
0.000528703590145094
0.00041655845133810294
0.00031641707985361557
0.0002305546509225241
0.00016251491429826578
9.779590842735414e-5
8.364672881118815e-5
0.00010035545456791399
0.0001287629950662372
0.00017033752360342964
0.0003003805441138314
0.00038419702957467807
0.0004725642920352575
0.0005321302331203719
0.0
5.969965019984315e-5
9.424509615713248e-5
0.00010179469647550304
0.00013929563347949155
0.00012968226192220262
0.00016868374199984526
0.0001513775854489792
2.856762333608016e-5
0.0009945834887379944
0.0009168850744646414
0.0008673131779427825
0.0008322334431138854
0.0008102982214928048
0.000800475867839686
0.0007908862585522285
0.0007819353539779828
0.0007748753190413259
0.0007676623631564078
0.0007773311437834233
0.0008442262184985301
0.0008791262971876541
0.0009229726305432141
0.0009451592937752719
5.550126242849053e-5
0.0001564183006213519
0.0001464285390239208
0.0002085137034552156
0.0001756335898503199
0.00023995953422426865
0.000197609673514395
0.000262071083779818
7.214795356989889e-5
0.0011868589432076175
0.0010791639527083007
0.0009999206075531686
0.0009375122093608347
0.0008782658615059288
0.0008145418302696847
0.0007520419048506881
0.000710773626845466
0.0006847503130607758
0.0006595095511755909
0.0006956235909315397
0.0008417101358358746
0.0009511061338267873
0.0010455969989523924
0.0011058322896428895
8.70955660264474e-5
0.00019008640749798307
0.00019538537695350423
0.000269161127062113
0.00024403322570322176
0.0003147553436512394
0.0002737353163832355
0.00034325601651523255
0.00014109601731801104
0.0015640456375193826
0.0014247333119536984
0.0012678378326632352
0.0011194938401138132
0.0009932122792972312
0.0008825398239135443
0.000770640530704052
0.000715869933708881
0.000665069446259819
0.0006094965247841861
0.0006706745797383169
4.218776870172668e-5
9.944016511014415e-5
0.00015708138782922213
0.00015688134287517204
0.00021350350174187326
0.00019921713198233995
0.00026529955705835906
0.000240479196357568
0.00030810597410016
0.0002653460782675829
0.00033047730621171964
0.000277093670289177
0.0003308659255173052
0.0002688327599862242
0.0003113981261786566
0.00024003451590441386
0.0002645128373144085
0.00020026240521436875
0.00021993565294022317
0.00016660490120248416
0.00017810313166237657
0.000132301345536105
0.0001380172460943853
0.00011030737059492653
0.0001367776969792919
0.00012391352539335913
0.00015997535904641998
0.00014826191590667972
0.00019426683503006055
0.00017522117310221914
0.00022065435760609044
0.0001931311412462662
0.00023606574501483402
0.0001942022957244731
0.00022790219475507843
0.0001872122795232679
6.673819972489248e-5
0.0009588272476506015
0.0008009294357976642
0.0006321309477390462
0.00047735973848166195
0.00033684673842917715
0.00020784172751740532
8.062026494035523e-5
2.2389698385874788e-5
4.4163050250648746e-6
0.0
2.388071169359859e-6
4.0513054332385694e-5
0.0001079966461351353
0.00016457489984987402
0.00018243289035539697
0.0
0.0
0.0
2.507418227733096e-5
1.9531811370141253e-5
3.014770961545374e-5
2.4576905703651752e-5
3.333169896564394e-5
1.0835210913990186e-6
0.00013280292748732626
7.483309397332613e-5
6.751017808339419e-5
7.409057601747622e-5
4.4512998139109265e-5
8.583800169994084e-6
0.0
0.0
0.0
0.0
0.0
3.384418538144553e-5
0.00013955193137103536
0.00021448230433230697
0.0002118124268185225
0.0
0.0
2.362231475162623e-5
5.546521034877591e-5
9.5120734737339e-5
8.434092993303738e-5
0.0001197176074952717
9.747029821802064e-5
1.896950392298159e-5
0.0006027561024424736
0.00042552964106600894
0.00023568647563606193
8.25136389520553e-5
9.615415299660547e-6
0.0
0.0
0.0
0.0
0.0
0.0
0.0
0.0
0.0
0.0
0.0
0.0
0.0
0.0
0.0
0.0
0.0
0.0
0.0
0.0
0.0
0.0
0.0
0.0
0.0
0.0
0.0
0.0
0.0
0.0
0.0
0.0
0.0
0.0
0.0
0.0
0.0
0.0
0.0
0.0
0.0
0.0
0.0
5.280794844667625e-7
0.0
0.0
0.0
0.0
0.0
0.0
0.0
0.0
0.0
0.0
0.0
0.0
5.094003945789188e-6
3.074140026102911e-5
0.0
0.0
0.0
0.0
0.0
0.0
6.413103949264604e-5
5.7366393921347865e-5
7.87724774534526e-6
0.00039776222376756233
0.0002363233966199773
9.012164687070807e-5
1.7467582811248505e-5
0.0
0.0
0.0
0.0
0.0
0.0
0.0
0.0
0.0
0.0
0.0
0.0
4.50152984429929e-5
4.148717077528964e-5
6.469853125899861e-5
5.776143362488324e-5
8.558047742781614e-5
7.372493032321238e-5
0.00010334557201504649
8.117648631185061e-5
0.00010392526384165925
7.354674479681185e-5
7.709968288031745e-5
4.1894834587281665e-5
2.796491362798813e-5
9.995327971007459e-7
0.0
0.0
0.0
0.0
0.0
0.0
7.572154975607021e-7
6.454347864851261e-6
2.3573984271414728e-5
4.4754144745120877e-5
5.5195887656821666e-5
7.505777628567136e-5
7.243982981648526e-5
9.489766645597166e-5
8.907653744853709e-5
0.0001124269216394646
1.0936207694110477e-5
0.00046909893065373007
0.00036815404494311855
0.00025632397805618073
0.0001213821681826994
2.9633080155705206e-5
0.0
0.0
0.0
0.0
0.0
0.0
0.0
0.0
0.0
0.0
0.0
0.0
0.0
0.0
1.3964141775213282e-5
2.929863033172511e-5
5.205919457162602e-5
4.894510839288591e-5
7.63021832226063e-6
0.00038467377886041066
0.00029683043166145353
0.00017267127617244228
4.617554738375446e-5
1.2632187985657401e-6
0.0
0.0
0.0
0.0
0.0
0.0
0.0
0.0
0.0
0.0
0.0
0.0
0.0
0.0
0.0
0.0
0.0
2.2520086080860865e-5
1.3117961084194877e-6
0.00025613690850270456
0.00015046732042881949
5.6797468216061346e-5
1.97747609713853e-6
0.0
0.0
0.0
0.0
0.0
0.0
0.0
0.0
0.0
0.0
0.0
0.0
0.0
0.0
0.0
0.0
0.0
0.0
0.0
1.9039155036705944e-6
0.00013246551818632543
8.73181358041847e-5
4.5932912815147715e-5
4.230867871401805e-6
0.0
0.0
0.0
0.0
0.0
0.0
0.0
0.0
7.822186806146265e-6
5.568633804648622e-5
9.812440572121195e-5
0.0
0.0
0.0
0.0
0.0
0.0
4.449032448359466e-5
3.470923588128854e-5
5.139689799825893e-6
0.0003127715340702235
0.00024157224413195238
0.0001787722764757973
0.00010352679590803063
5.339076795477697e-5
3.080175357069539e-5
1.0404154639342658e-5
0.0
0.0
0.0
1.0663589914502332e-5
3.851547706831412e-5
8.375917358845779e-5
0.0001617725680957674
0.00023567128431690226
0.0
0.0
0.0
7.156550602280704e-5
6.258842593743703e-5
9.64924191674102e-5
9.131034936641388e-5
0.0001409690156735618
1.5879056629089366e-5
0.0007261181530772671
0.0006362657926983129
0.0005117536320637603
0.00034548360717578057
0.00017942644503718655
6.63532314624226e-5
1.354762638986224e-5
0.0
0.0
0.0
0.0
0.0
0.0
0.0
0.0
0.0
0.0
0.0
0.0
0.0
4.209436835182369e-6
1.1967558910090443e-5
2.8737640065997836e-5
4.266650820807199e-5
4.0482654186764265e-5
4.549849982161028e-5
2.674931778620606e-5
1.4358561562176463e-6
0.0
0.0
0.0
0.0
0.0
0.0
0.0
1.18122953939185e-6
2.716714045721424e-6
2.346746407581587e-5
3.170858794609789e-5
5.5230231134511424e-5
5.2979577033978985e-5
8.666892947613144e-5
8.29044519660602e-5
0.00013010733313001957
0.00011577157519235153
0.0001624960121819481
0.0001343163881439857
3.4199506901128374e-5
0.000729375569206253
0.0006015765469785729
0.00042738292888878644
0.00019134615695709723
2.531438616847877e-5
9.859809304699899e-6
5.7490622219456345e-5
0.00016441410796638395
0.00020013550960172857
0.00017355118764090637
0.00016519237496359144
0.00019666178561827968
0.00022960418633093715
0.0002773985658033921
0.0003213345166274558
0.0
2.1706675613155392e-5
5.2480608452667996e-5
9.686890705874847e-5
9.747568983473543e-5
0.00014560884975005296
0.00012032461091068838
0.00016040229543398354
1.8922142880969435e-5
0.0006876332349572648
0.0005602976187638009
0.000497417173517851
0.0004621828179911185
0.00042650032177004443
0.0003772266077988592
0.0003158220148374051
0.00025581314446406064
0.00024163516719344924
0.0002537993165388796
0.0002668622084914066
0.0003637072949094767
0.00044511090317423784
0.0005415454155371482
0.0005956285367437306
0.0
8.510742008826398e-5
8.897896099453619e-5
0.00013756978794770476
0.00012122481033872329
0.00017084004581137882
0.00014205771977960288
0.0001883804775300396
2.912705238518276e-5
0.0009322764554533623
0.0008874388863194
0.000822473005635036
0.000725784722360058
0.000627942570350561
0.0005115031586895784
0.00037945801358901977
0.00023462951772238718
0.00014205360726297447
7.926095441844881e-5
4.680432921108884e-5
9.437703312188679e-5
0.00022262808748638822
0.00037257053413867786
0.00048434684305650414
0.0
4.29327711531934e-5
0.00010107723573703862
9.886222168206454e-5
0.0001475160886755429
0.0001291034863637572
0.00018005145564148293
0.00014976921142422457
4.137801073146816e-5
0.0008644251346664443
0.0007349394534260777
0.0006100563004146375
0.0004607411521323522
0.0003116490649783379
0.00015728739040355366
4.775424265857999e-5
1.8525347511196974e-6
0.0
0.0
0.0
0.0
3.782043346189334e-6
7.680814855963939e-5
0.00014452681019571354
0.0
0.0
0.0
0.0
5.0054973689527524e-5
7.030830306598442e-5
7.525526940224752e-5
0.0001033636795448741
8.225279497139818e-6
0.0004793094970715401
0.00031536599403922535
0.0001420286196005588
2.8948846766880712e-5
0.0
0.0
0.0
0.0
0.0
0.0
0.0
0.0
0.0
0.0
0.0
0.0
0.0
0.0
0.0
0.0
0.0
2.9554754865410694e-5
4.647278252460392e-5
3.2912280478365604e-6
0.0002671141774555183
0.00012574603758138002
5.591808568152659e-5
1.7726002564089362e-5
0.0
0.0
0.0
0.0
0.0
0.0
0.0
0.0
0.0
0.0
0.0
0.0
0.0
0.0
0.0
1.543855201525001e-5
3.1905944244886904e-5
5.5170194485701065e-5
5.261012988397723e-5
7.908004119115641e-5
5.9681780658667863e-5
7.208833492274502e-5
4.131360689999232e-5
1.780944096272448e-5
0.0
0.0
0.0
0.0
0.0
0.0
0.0
0.0
0.0
0.0
0.0
0.0
0.0
0.0
1.6896001394463881e-6
1.1541322229714996e-5
2.259707195979657e-5
5.230949844508886e-5
5.5733076377871424e-5
9.394472337578803e-6
0.00033048807019897287
0.00015668454341134
3.321430501635509e-5
0.0
0.0
0.0
0.0
0.0
0.0
0.0
0.0
0.0
0.0
0.0
0.0
0.0
0.0
0.0
0.0
0.0
0.0
0.0
3.9201452145197964e-5
2.41808227269454e-6
0.00024758515425166877
0.00010649197600154096
2.0569207422801983e-5
0.0
0.0
0.0
0.0
0.0
0.0
0.0
0.0
0.0
0.0
0.0
0.0
0.0
0.0
0.0
0.0
0.0
0.0
0.0
0.0
1.9217026277394717e-6
9.530419549443957e-5
2.8100200553734707e-5
0.0
0.0
0.0
0.0
0.0
0.0
0.0
0.0
0.0
0.0
0.0
0.0
0.0
0.0
0.0
0.0
0.0
0.0
0.0
0.0
0.0
3.913686096583021e-6
0.00014888590685883097
4.860469937573358e-5
1.3750442402052665e-6
0.0
0.0
0.0
0.0
0.0
0.0
0.0
0.0
0.0
0.0
0.0
0.0
0.0
0.0
0.0
0.0
0.0
0.0
0.0
0.0
0.0
0.0
0.0
0.0
0.0
0.0
0.0
0.0
0.0
0.0
0.0
0.0
0.0
0.0
0.0
0.0
0.0
0.0
0.0
0.0
0.0
0.0
0.0
0.0
4.801021668479572e-6
0.0003721518276057951
0.0002838379813464984
0.00018169670806689723
9.922702643303175e-5
4.41254790271622e-5
1.1804647457455678e-5
0.0
0.0
0.0
0.0
0.0
0.0
0.0
0.0
0.0
0.0
0.0
0.0
0.0
4.435887681434089e-5
4.0806745647524535e-5
7.14718509278272e-5
7.093917739135306e-5
0.00010369955140440353
7.860759297134819e-5
9.659723364593464e-5
6.191343716287865e-5
4.301606342711217e-5
1.4786190045401311e-6
0.0
0.0
0.0
0.0
0.0
0.0
0.0
1.4201187949772524e-6
2.202572746857977e-6
1.5310712747173135e-5
1.5726463976333385e-5
2.7415037507411196e-5
2.6354711524740076e-5
4.760044650329536e-5
4.580758242644693e-5
7.048265599499015e-5
5.816858114930408e-5
7.875949956312689e-5
5.013223206981731e-6
0.00024202910314655786
0.00012662081605115333
5.342384450450002e-5
1.607781120408236e-5
0.0
0.0
0.0
0.0
0.0
0.0
0.0
0.0
5.638020107585447e-7
5.762713080315948e-5
0.00017296570006739644
0.0
0.0
3.397866753643174e-5
5.859900311029106e-5
8.489055259293321e-5
9.079546222131025e-5
0.0001287508955050044
0.0001245918254191979
1.8978475494471434e-5
0.0006844831125067578
0.0005188208054743901
0.00035978833261040015
0.00018787728557886712
6.0458432123142495e-5
5.753047765186261e-6
0.0
0.0
0.0
0.0
0.0
0.0
0.0
1.5002168367387052e-6
3.1535391218289395e-5
0.0
0.0
0.0
0.0
2.2755918691132772e-5
4.942383414631673e-5
8.687938388468826e-5
8.564648963892854e-5
1.5966239025524585e-5
0.0005109399638000441
0.000318045833405478
0.0001412146111893284
3.35858064684375e-5
0.0
0.0
0.0
0.0
0.0
0.0
0.0
0.0
0.0
0.0
0.0
0.0
0.0
0.0
0.0
0.0
0.0
1.2871560303669563e-5
4.671646958636712e-5
2.0614377198722805e-6
0.00016841751316037096
4.79253565391063e-5
1.7610287486027773e-6
0.0
0.0
0.0
0.0
0.0
0.0
0.0
0.0
0.0
0.0
0.0
0.0
0.0
0.0
0.0
0.0
0.0
0.0
0.0
0.0
0.0
0.0
0.0
0.0
0.0
0.0
0.0
0.0
0.0
0.0
0.0
0.0
0.0
0.0
0.0
7.863758471864134e-7
0.0
0.0
0.0
0.0
0.0
0.0
2.5007857033286623e-5
5.6628074082163e-5
9.407156630844255e-6
0.00034607562441967856
0.00014486126993127686
5.819800981750091e-5
2.562361608362786e-5
1.2444997244502367e-6
0.0
0.0
0.0
0.0
0.0
0.0
0.0
0.0
0.0
0.0
0.0
0.0
0.0
0.0
0.0
0.0
4.62207586673939e-5
5.045208281149353e-5
7.61473972131579e-5
4.777664698618602e-5
3.881709391538099e-5
3.2329056618771205e-6
0.0
0.0
0.0
0.0
0.0
0.0
0.0
0.0
0.0
0.0
0.0
0.0
0.0
0.0
0.0
0.0
0.0
0.0
0.0
0.0
0.0
1.0074739061804183e-5
2.3444871882607634e-5
3.9548717555352974e-5
6.418218405232749e-5
9.278831335560039e-5
7.530524907426453e-5
3.471055428783687e-5
9.171032043826738e-6
0.0
0.0
0.0
5.60200474973328e-6
4.824100793900153e-5
0.00015948815837559947
0.0002833631223751493
0.0
0.0
7.25648114028205e-5
6.728310074841601e-5
9.887158860242186e-5
8.755677017163134e-5
0.00013404632192521237
0.0001177690081021969
2.6387977216557105e-5
0.0006628993643991682
0.00048577063052164434
0.0003071435522188693
0.00011829131178307323
2.1652979559822886e-5
0.0
0.0
0.0
0.0
0.0
8.952924565176093e-7
2.5161677544666627e-5
6.125593280837026e-5
0.000130650430150554
0.00017630544659620465
0.0
0.0
0.0
0.0
1.4258942654151683e-5
5.2762037108073844e-5
4.688905360602757e-5
5.271484662986516e-5
2.570049498227766e-6
0.00027183162681623796
0.00019065616319956244
0.00011775033607055768
5.83689650257524e-5
2.2583204698526515e-5
0.0
0.0
0.0
0.0
0.0
0.0
0.0
0.0
4.695229112712367e-6
4.8326224000632934e-5
0.0
0.0
0.0
0.0
6.256034102383262e-5
6.0834410168648246e-5
9.61414387038073e-5
8.610547754936778e-5
1.6049969772392088e-5
0.0004933810100671675
0.0003149943894600442
0.00016147404709693388
5.784800754970037e-5
5.657034626315086e-6
0.0
0.0
0.0
0.0
0.0
0.0
0.0
0.0
0.0
0.0
0.0
0.0
0.0
0.0
0.0
0.0
2.319438126985887e-5
4.773193511513362e-5
7.3528748199257085e-6
0.00028152963203084593
9.978486906764106e-5
1.775487735736741e-5
0.0
0.0
0.0
0.0
0.0
0.0
0.0
0.0
0.0
0.0
0.0
0.0
0.0
0.0
0.0
0.0
0.0
0.0
0.0
0.0
0.0
0.0
0.0
0.0
0.0
0.0
0.0
0.0
0.0
0.0
0.0
0.0
0.0
0.0
0.0
0.0
0.0
0.0
0.0
0.0
3.257726668214014e-5
4.7308803819135956e-5
5.340536106167662e-5
7.534474250466894e-5
6.909579644890563e-5
7.567514485382141e-5
5.8829637273016816e-5
5.636315129532593e-5
3.572000691988089e-5
1.0165739164547534e-5
0.0
0.0
0.0
0.0
0.0
0.0
0.0
0.0
3.4460347376373107e-7
5.391794210385301e-7
1.6885976567084111e-6
1.6359154836441632e-5
2.1673567684656198e-5
3.562678775277021e-5
3.058235538497274e-5
4.6972403065197054e-5
4.141486474836853e-5
5.998024364233341e-5
3.4892743548473833e-6
0.0002796065059993793
0.00021426466086434454
0.0002055297822493347
0.00021369319043516055
0.00022386776804456655
0.00021478094744753628
0.00019001442462503236
0.00016602691133855827
0.00015767202871463563
0.00015986211339900105
0.00017246132635357543
0.00020259625610881602
0.00019718094829947213
0.00020644539806218435
0.00020750410797070037
0.0
0.0
0.0
2.3056744468977927e-5
3.4263038129940354e-5
4.4538681944020865e-5
4.828319824479982e-5
6.262724120688603e-5
3.6569277871023133e-6
0.0003282311187653634
0.0002230560635626706
0.00014899699918713695
8.385262527467089e-5
4.3220633524744915e-5
1.834704215264905e-5
8.393676943889005e-7
0.0
0.0
0.0
0.0
0.0
0.0
2.2187698759334285e-5
7.035648110620448e-5
0.0
0.0
0.0
0.0
5.3669165594294906e-5
5.1341305279700026e-5
8.063844585857991e-5
7.259529944063103e-5
1.2068756225882999e-5
0.0003470542718946257
0.00014584579401077352
5.181139202924426e-5
7.749906143077209e-6
0.0
0.0
0.0
0.0
0.0
0.0
0.0
0.0
0.0
0.0
0.0
0.0
0.0
0.0
0.0
0.0
0.0
0.0
0.0
1.0909933853599783e-6
4.855857150776785e-5
3.751796201346304e-6
0.0
0.0
0.0
0.0
0.0
0.0
0.0
0.0
0.0
0.0
0.0
0.0
0.0
0.0
0.0
0.0
0.0
0.0
0.0
0.0
0.0
1.9340559804346755e-6
8.113803379528097e-5
3.745613277104981e-5
4.729141902867623e-6
0.0
0.0
0.0
0.0
0.0
0.0
0.0
0.0
0.0
0.0
0.0
0.0
0.0
0.0
0.0
0.0
0.0
0.0
0.0
0.0
1.2924890636180528e-6
5.071468222522052e-5
7.105228637906429e-6
0.0
0.0
0.0
0.0
0.0
0.0
0.0
0.0
0.0
0.0
0.0
0.0
0.0
0.0
0.0
0.0
0.0
0.0
0.0
0.0
1.7619685046139676e-5
1.1576171549874521e-5
0.0
0.0
0.0
0.0
0.0
0.0
0.0
0.0
0.0
0.0
0.0
0.0
0.0
0.0
0.0
0.0
0.0
0.0
0.0
0.0
0.0
0.0
0.0
0.0
8.988898320461956e-7
0.0
0.0
0.0
0.0
0.0
0.0
0.0
0.0
0.0
0.0
0.0
0.0
0.0
0.0
0.0
0.0
0.0
0.0
0.0
0.0
0.0
0.0
0.0
5.6834649576038275e-5
4.5076657703265676e-5
3.3251038394902746e-5
1.424450908501199e-5
0.0
0.0
0.0
0.0
0.0
0.0
0.0
0.0
0.0
2.1035466692774437e-5
3.4783384850125864e-5
0.0
0.0
0.0
0.0
0.0
0.0
0.0
3.981196450213675e-5
1.5540514747917183e-6
0.00014424357156981834
5.348474561092919e-5
2.454298802488867e-5
1.3054714754119935e-5
2.110224720175993e-6
0.0
0.0
0.0
0.0
0.0
0.0
0.0
5.093463147995124e-6
5.6165197851313344e-5
0.00011592367424589323
0.0
0.0
0.0
0.0
6.646102194517705e-5
6.125853748390928e-5
9.118191319023265e-5
7.898851242321886e-5
1.3489331468631098e-5
0.00047155155389122386
0.00032654670179389615
0.00021527734277160428
0.00011653970704246443
5.484057676403164e-5
1.3609488967285135e-5
0.0
0.0
0.0
0.0
0.0
0.0
0.0
0.0
0.0
0.0
0.0
0.0
0.0
0.0
0.0
0.0
0.0
2.6159007002356e-6
7.687521741349453e-5
2.9467846005750126e-5
1.1343517633337756e-6
0.0
0.0
0.0
0.0
0.0
0.0
0.0
0.0
0.0
0.0
0.0
0.0
0.0
0.0
0.0
0.0
0.0
0.0
0.0
0.0
6.651083326255128e-7
8.263295307298877e-6
0.0
0.0
0.0
0.0
0.0
0.0
0.0
0.0
0.0
0.0
0.0
0.0
0.0
0.0
0.0
0.0
0.0
0.0
0.0
0.0
0.0
0.0
0.0
0.0
0.0
0.0
0.0
0.0
0.0
0.0
0.0
0.0
0.0
0.0
0.0
0.0
0.0
0.0
0.0
0.0
0.0
0.0
0.0
0.0
0.0
0.0
3.64051296915057e-6
0.00016858135155153775
6.43254756683001e-5
1.0372328067514425e-5
0.0
0.0
0.0
0.0
0.0
0.0
0.0
0.0
0.0
0.0
0.0
0.0
0.0
0.0
0.0
0.0
0.0
0.0
0.0
0.0
0.0
0.0
0.0
0.0
0.0
0.0
0.0
0.0
0.0
0.0
0.0
0.0
0.0
0.0
0.0
0.0
0.0
0.0
0.0
0.0
0.0
0.0
0.0
0.0
0.0
0.0
0.0
0.0
0.0
0.0
0.0
0.0
0.0
0.0
0.0
0.0
0.0
0.0
0.0
0.0
0.0
0.0
0.0
0.0
0.0
0.0
0.0
0.0
1.6700556359540954e-6
4.306826727736757e-5
0.0
0.0
0.0
0.0
0.0
0.0
0.0
0.0
0.0
0.0
0.0
0.0
0.0
0.0
0.0
0.0
0.0
0.0
0.0
0.0
0.0
0.0
0.0
0.0
0.0
0.0
0.0
0.0
0.0
0.0
0.0
0.0
0.0
0.0
0.0
0.0
0.0
0.0
0.0
0.0
0.0
0.0
0.0
0.0
0.0
0.0
0.0
0.0
0.0
0.0
0.0
0.0
0.0
0.0
0.0
0.0
0.0
0.0
0.0
0.0
0.0
0.0
0.0
0.0
0.0
0.0
0.0
0.0
0.0
0.0
0.0
0.0
0.0
0.0
0.0
0.0
0.0
0.0
0.0
0.0
0.0
0.0
0.0
0.0
0.0
0.0
0.0
0.0
0.0
0.0
0.0
0.0
0.0
0.0
9.95445925310697e-7
8.579409441390543e-6
0.0
0.0
0.0
0.0
0.0
0.0
0.0
0.0
0.0
0.0
0.0
0.0
0.0
0.0
0.0
0.0
0.0
0.0
0.0
0.0
0.0
0.0
0.0
0.0
0.0
0.0
0.0
0.0
0.0
0.0
0.0
0.0
0.0
0.0
0.0
0.0
0.0
0.0
0.0
0.0
0.0
0.0
0.0
0.0
0.0
0.0
1.2572954977339145e-6
4.3629554977534386e-5
6.64865805906629e-7
0.0
0.0
0.0
0.0
0.0
0.0
0.0
0.0
0.0
0.0
0.0
0.0
0.0
0.0
0.0
0.0
0.0
0.0
0.0
0.0
0.0
1.2872330680287767e-6
0.00011045026744692575
6.602257907105773e-5
3.0283441491455615e-5
0.0
0.0
0.0
0.0
0.0
0.0
0.0
0.0
0.0
0.0
0.0
0.0
0.0
0.0
0.0
0.0
0.0
0.0
0.0
0.0
4.195464055861552e-6
0.00015198102417219436
8.492767328991092e-5
7.494725181836585e-5
9.864136856840542e-5
0.00012282146703842
9.815450389551285e-5
6.355195129251541e-5
4.0678301725448946e-5
1.425859450781598e-5
0.0
0.0
0.0
0.0
0.0
9.411124401999703e-6
0.0
0.0
0.0
0.0
0.0
0.0
2.49342579439093e-5
3.4070928323002465e-5
1.9433343770753865e-6
0.00018501653219492475
0.00010877959947747193
5.689665071802655e-5
1.9393782030255537e-5
0.0
0.0
0.0
0.0
0.0
0.0
0.0
0.0
0.0
0.0
0.0
0.0
0.0
0.0
0.0
1.6648231384838448e-5
1.5109552364574895e-5
3.222445568585996e-5
3.292846470262296e-5
4.7264150437489966e-5
2.183669395544395e-5
6.70508389598774e-6
0.0
0.0
0.0
0.0
0.0
0.0
0.0
0.0
0.0
0.0
0.0
0.0
0.0
0.0
0.0
0.0
0.0
9.99205764255161e-7
1.0106484475629036e-6
2.1286057816406533e-6
9.7987008809889e-7
5.573539686603106e-7
0.0
0.0
0.0
0.0
0.0
0.0
0.0
0.0
0.0
0.0
0.0
0.0
0.0
0.0
0.0
0.0
0.0
0.0
0.0
0.0
0.0
0.0
0.0
0.0
0.0
0.0
0.0
0.0
0.0
0.0
0.0
0.0
0.0
0.0
0.0
0.0
0.0
0.0
0.0
0.0
0.0
0.0
0.0
0.0
0.0
0.0
0.0
0.0
0.0
0.0
0.0
0.0
0.0
0.0
0.0
0.0
0.0
0.0
0.0
0.0
0.0
0.0
0.0
0.0
0.0
0.0
0.0
0.0
0.0
0.0
0.0
0.0
0.0
0.0
0.0
0.0
0.0
0.0
0.0
0.0
0.0
0.0
0.0
0.0
0.0
0.0
0.0
0.0
0.0
0.0
0.0
0.0
0.0
0.0
0.0
0.0
0.0
0.0
0.0
0.0
0.0
0.0
0.0
0.0
0.0
0.0
0.0
0.0
0.0
0.0
0.0
0.0
0.0
0.0
0.0
0.0
0.0
0.0
0.0
0.0
0.0
0.0
0.0
0.0
0.0
0.0
0.0
0.0
0.0
0.0
0.0
0.0
0.0
0.0
0.0
0.0
0.0
0.0
0.0
0.0
0.0
0.0
0.0
0.0
0.0
0.0
0.0
0.0
0.0
0.0
0.0
0.0
0.0
0.0
0.0
0.0
0.0
0.0
0.0
0.0
0.0
0.0
0.0
0.0
0.0
0.0
0.0
5.164337204071776e-7
1.5078682126157382e-6
0.0
0.0
0.0
0.0
0.0
0.0
0.0
0.0
0.0
0.0
0.0
0.0
0.0
0.0
0.0
0.0
0.0
0.0
0.0
0.0
0.0
0.0
0.0
0.0
0.0
0.0
0.0
0.0
0.0
0.0
0.0
0.0
0.0
0.0
0.0
0.0
0.0
0.0
0.0
0.0
0.0
0.0
0.0
0.0
0.0
0.0
0.0
0.0
0.0
0.0
0.0
0.0
0.0
0.0
0.0
0.0
0.0
0.0
0.0
0.0
0.0
0.0
0.0
0.0
0.0
0.0
0.0
0.0
0.0
0.0
0.0
4.666129230067321e-7
0.0
0.0
0.0
0.0
0.0
0.0
0.0
0.0
0.0
0.0
0.0
0.0
0.0
0.0
0.0
0.0
0.0
0.0
0.0
0.0
0.0
0.0
0.0
0.0
0.0
0.0
0.0
0.0
0.0
0.0
0.0
0.0
0.0
0.0
0.0
0.0
0.0
0.0
0.0
0.0
0.0
0.0
0.0
0.0
0.0
0.0
0.0
0.0
0.0
0.0
0.0
0.0
0.0
0.0
0.0
0.0
0.0
0.0
0.0
0.0
0.0
0.0
0.0
0.0
0.0
0.0
0.0
0.0
0.0
0.0
0.0
0.0
0.0
0.0
0.0
0.0
0.0
0.0
0.0
0.0
0.0
0.0
0.0
0.0
0.0
0.0
0.0
0.0
0.0
0.0
0.0
0.0
0.0
0.0
0.0
0.0
0.0
0.0
0.0
0.0
0.0
0.0
0.0
0.0
0.0
0.0
0.0
0.0
0.0
0.0
0.0
0.0
0.0
0.0
0.0
0.0
0.0
0.0
0.0
0.0
0.0
0.0
0.0
0.0
0.0
0.0
0.0
0.0
0.0
0.0
0.0
0.0
0.0
0.0
0.0
0.0
0.0
0.0
0.0
0.0
0.0
0.0
4.000748929210769e-6
3.8556308550593856e-5
0.0
0.0
0.0
0.0
0.0
0.0
0.0
0.0
0.0
0.0
0.0
0.0
0.0
0.0
0.0
0.0
0.0
0.0
0.0
0.0
0.0
0.0
0.0
1.1761178272882232e-5
0.0
0.0
0.0
0.0
0.0
0.0
0.0
0.0
0.0
0.0
0.0
0.0
0.0
0.0
0.0
0.0
0.0
0.0
0.0
0.0
0.0
0.0
0.0
0.0
0.0
0.0
0.0
0.0
0.0
0.0
0.0
0.0
0.0
0.0
0.0
0.0
0.0
0.0
0.0
0.0
0.0
0.0
0.0
0.0
0.0
0.0
0.0
6.331116787410172e-6
0.0
0.0
0.0
0.0
0.0
0.0
0.0
0.0
0.0
0.0
0.0
0.0
0.0
0.0
0.0
0.0
0.0
0.0
0.0
0.0
0.0
0.0
0.0
0.0
0.0
0.0
0.0
0.0
0.0
0.0
0.0
0.0
0.0
0.0
0.0
0.0
0.0
0.0
0.0
0.0
0.0
0.0
0.0
0.0
0.0
0.0
0.0
1.3186728039645625e-6
0.0
0.0
0.0
0.0
0.0
0.0
0.0
0.0
0.0
0.0
0.0
0.0
0.0
0.0
0.0
0.0
0.0
0.0
0.0
0.0
0.0
0.0
0.0
0.0
0.0
0.0
0.0
0.0
0.0
0.0
0.0
0.0
0.0
0.0
0.0
0.0
0.0
0.0
0.0
0.0
0.0
0.0
0.0
0.0
0.0
0.0
0.0
0.0
0.0
0.0
0.0
0.0
0.0
0.0
0.0
0.0
0.0
0.0
0.0
0.0
0.0
0.0
0.0
0.0
0.0
0.0
0.0
0.0
0.0
0.0
0.0
0.0
0.0
0.0
0.0
0.0
0.0
0.0
0.0
0.0
0.0
0.0
0.0
0.0
0.0
0.0
0.0
0.0
0.0
0.0
0.0
0.0
0.0
0.0
0.0
0.0
0.0
0.0
0.0
0.0
0.0
0.0
0.0
0.0
0.0
0.0
0.0
0.0
0.0
0.0
0.0
0.0
0.0
0.0
0.0
0.0
0.0
0.0
0.0
0.0
0.0
0.0
0.0
0.0
0.0
0.0
0.0
0.0
0.0
0.0
0.0
0.0
0.0
0.0
0.0
0.0
0.0
0.0
0.0
0.0
0.0
0.0
0.0
0.0
0.0
0.0
0.0
0.0
0.0
0.0
0.0
0.0
0.0
0.0
0.0
0.0
0.0
0.0
0.0
0.0
0.0
0.0
0.0
0.0
0.0
0.0
0.0
0.0
0.0
0.0
0.0
0.0
0.0
0.0
0.0
0.0
0.0
0.0
0.0
0.0
0.0
0.0
0.0
0.0
0.0
0.0
0.0
0.0
0.0
0.0
0.0
0.0
0.0
0.0
0.0
0.0
0.0
0.0
0.0
0.0
0.0
0.0
0.0
0.0
0.0
0.0
0.0
0.0
0.0
0.0
0.0
0.0
0.0
0.0
0.0
0.0
0.0
0.0
0.0
0.0
0.0
0.0
0.0
0.0
0.0
0.0
0.0
0.0
0.0
0.0
0.0
0.0
0.0
0.0
0.0
0.0
0.0
0.0
0.0
0.0
0.0
0.0
0.0
0.0
0.0
0.0
0.0
0.0
0.0
0.0
0.0
0.0
0.0
0.0
0.0
0.0
0.0
0.0
0.0
0.0
0.0
0.0
0.0
0.0
0.0
0.0
0.0
0.0
0.0
0.0
0.0
0.0
0.0
0.0
0.0
0.0
0.0
0.0
0.0
0.0
0.0
0.0
0.0
0.0
0.0
0.0
0.0
0.0
0.0
0.0
0.0
0.0
0.0
0.0
0.0
0.0
0.0
0.0
0.0
0.0
0.0
0.0
0.0
0.0
0.0
0.0
0.0
0.0
0.0
0.0
0.0
0.0
0.0
0.0
0.0
0.0
0.0
0.0
0.0
0.0
0.0
0.0
0.0
0.0
0.0
0.0
0.0
0.0
0.0
0.0
0.0
0.0
0.0
0.0
0.0
0.0
0.0
0.0
0.0
0.0
0.0
0.0
0.0
0.0
0.0
0.0
0.0
0.0
0.0
0.0
0.0
0.0
0.0
0.0
0.0
0.0
0.0
0.0
0.0
0.0
0.0
0.0
0.0
0.0
0.0
0.0
0.0
0.0
0.0
0.0
0.0
0.0
0.0
0.0
0.0
0.0
0.0
0.0
0.0
0.0
0.0
0.0
0.0
0.0
0.0
0.0
0.0
0.0
0.0
0.0
0.0
0.0
0.0
0.0
0.0
0.0
0.0
0.0
0.0
0.0
0.0
0.0
0.0
0.0
0.0
0.0
0.0
0.0
0.0
0.0
0.0
0.0
0.0
0.0
0.0
0.0
0.0
0.0
0.0
0.0
0.0
0.0
0.0
0.0
0.0
0.0
0.0
0.0
0.0
0.0
0.0
0.0
0.0
0.0
0.0
0.0
0.0
0.0
0.0
0.0
0.0
0.0
0.0
0.0
0.0
0.0
0.0
0.0
0.0
0.0
0.0
0.0
0.0
0.0
0.0
0.0
0.0
0.0
0.0
0.0
0.0
0.0
0.0
0.0
0.0
0.0
0.0
0.0
0.0
0.0
0.0
0.0
0.0
0.0
0.0
0.0
0.0
0.0
0.0
0.0
0.0
0.0
0.0
0.0
0.0
0.0
0.0
0.0
0.0
0.0
0.0
0.0
0.0
0.0
0.0
0.0
0.0
0.0
0.0
0.0
0.0
0.0
0.0
0.0
0.0
0.0
0.0
0.0
0.0
0.0
0.0
0.0
0.0
0.0
0.0
0.0
0.0
0.0
0.0
0.0
0.0
0.0
0.0
0.0
0.0
0.0
0.0
0.0
0.0
0.0
0.0
0.0
0.0
0.0
0.0
0.0
0.0
0.0
0.0
0.0
0.0
0.0
0.0
0.0
0.0
0.0
0.0
0.0
0.0
0.0
0.0
0.0
0.0
0.0
0.0
0.0
0.0
0.0
0.0
0.0
0.0
0.0
0.0
0.0
0.0
0.0
0.0
0.0
0.0
0.0
0.0
0.0
0.0
0.0
0.0
0.0
0.0
0.0
0.0
0.0
0.0
0.0
0.0
0.0
0.0
0.0
0.0
0.0
0.0
0.0
0.0
0.0
0.0
0.0
0.0
0.0
0.0
0.0
0.0
0.0
0.0
0.0
0.0
0.0
0.0
0.0
0.0
0.0
0.0
0.0
0.0
0.0
0.0
0.0
0.0
0.0
0.0
0.0
0.0
0.0
0.0
0.0
0.0
0.0
0.0
0.0
0.0
0.0
0.0
0.0
0.0
0.0
0.0
0.0
0.0
0.0
0.0
0.0
0.0
0.0
0.0
0.0
0.0
0.0
0.0
0.0
0.0
0.0
0.0
0.0
0.0
0.0
0.0
0.0
0.0
0.0
0.0
0.0
0.0
0.0
0.0
0.0
0.0
0.0
0.0
0.0
0.0
0.0
0.0
0.0
0.0
0.0
0.0
0.0
0.0
0.0
0.0
0.0
0.0
0.0
0.0
0.0
0.0
0.0
0.0
0.0
0.0
0.0
0.0
0.0
0.0
0.0
0.0
0.0
0.0
0.0
0.0
0.0
0.0
0.0
0.0
0.0
0.0
0.0
0.0
0.0
0.0
0.0
0.0
0.0
0.0
0.0
0.0
0.0
0.0
0.0
0.0
0.0
0.0
0.0
0.0
0.0
0.0
0.0
0.0
0.0
0.0
0.0
0.0
0.0
0.0
0.0
0.0
0.0
0.0
0.0
0.0
0.0
0.0
0.0
0.0
0.0
0.0
0.0
0.0
0.0
0.0
0.0
0.0
0.0
0.0
0.0
0.0
0.0
0.0
0.0
0.0
0.0
0.0
0.0
0.0
0.0
0.0
0.0
0.0
0.0
0.0
0.0
0.0
0.0
0.0
0.0
0.0
0.0
0.0
0.0
0.0
0.0
0.0
0.0
0.0
0.0
0.0
0.0
0.0
0.0
0.0
0.0
0.0
0.0
0.0
0.0
0.0
0.0
0.0
0.0
0.0
0.0
0.0
0.0
0.0
0.0
0.0
0.0
0.0
0.0
0.0
0.0
0.0
0.0
0.0
0.0
0.0
0.0
0.0
0.0
0.0
0.0
0.0
0.0
0.0
0.0
0.0
0.0
0.0
0.0
0.0
0.0
0.0
0.0
0.0
0.0
0.0
0.0
0.0
0.0
0.0
0.0
0.0
0.0
0.0
0.0
0.0
0.0
0.0
0.0
0.0
0.0
0.0
0.0
0.0
0.0
0.0
0.0
0.0
0.0
0.0
0.0
0.0
0.0
0.0
0.0
0.0
0.0
0.0
0.0
0.0
0.0
0.0
0.0
0.0
0.0
0.0
0.0
0.0
0.0
0.0
0.0
0.0
0.0
0.0
0.0
0.0
0.0
0.0
0.0
0.0
0.0
0.0
0.0
0.0
0.0
0.0
0.0
0.0
0.0
0.0
0.0
0.0
0.0
0.0
0.0
0.0
0.0
0.0
0.0
0.0
0.0
0.0
0.0
0.0
0.0
0.0
0.0
0.0
0.0
0.0
0.0
0.0
0.0
0.0
0.0
0.0
0.0
0.0
0.0
0.0
0.0
0.0
0.0
0.0
0.0
0.0
0.0
0.0
0.0
0.0
0.0
0.0
0.0
0.0
0.0
0.0
0.0
0.0
0.0
0.0
0.0
0.0
0.0
0.0
0.0
0.0
0.0
0.0
0.0
0.0
0.0
0.0
0.0
0.0
0.0
0.0
0.0
0.0
0.0
0.0
0.0
0.0
0.0
0.0
0.0
0.0
0.0
0.0
0.0
0.0
0.0
0.0
0.0
0.0
0.0
0.0
0.0
0.0
0.0
0.0
0.0
0.0
0.0
0.0
0.0
0.0
0.0
0.0
0.0
0.0
0.0
0.0
0.0
0.0
0.0
0.0
0.0
0.0
0.0
0.0
0.0
0.0
0.0
0.0
0.0
0.0
0.0
0.0
0.0
0.0
0.0
0.0
0.0
0.0
0.0
0.0
0.0
0.0
0.0
0.0
0.0
0.0
0.0
0.0
0.0
0.0
0.0
0.0
0.0
0.0
0.0
0.0
0.0
0.0
0.0
0.0
0.0
0.0
0.0
0.0
0.0
0.0
0.0
0.0
0.0
0.0
0.0
0.0
0.0
0.0
0.0
0.0
0.0
0.0
0.0
0.0
0.0
0.0
0.0
0.0
0.0
0.0
0.0
0.0
0.0
0.0
0.0
0.0
0.0
0.0
0.0
0.0
0.0
0.0
0.0
0.0
0.0
0.0
0.0
0.0
0.0
0.0
0.0
0.0
0.0
0.0
0.0
0.0
0.0
0.0
0.0
0.0
0.0
0.0
0.0
0.0
0.0
0.0
0.0
0.0
0.0
0.0
0.0
0.0
0.0
0.0
0.0
0.0
0.0
0.0
0.0
0.0
0.0
0.0
0.0
0.0
0.0
0.0
0.0
0.0
0.0
0.0
0.0
0.0
0.0
0.0
0.0
0.0
0.0
0.0
0.0
0.0
0.0
0.0
0.0
0.0
0.0
0.0
0.0
0.0
0.0
0.0
0.0
0.0
0.0
0.0
0.0
0.0
0.0
0.0
0.0
0.0
0.0
0.0
0.0
0.0
0.0
0.0
0.0
0.0
0.0
0.0
0.0
0.0
0.0
0.0
0.0
0.0
0.0
0.0
0.0
0.0
0.0
0.0
0.0
0.0
0.0
0.0
0.0
0.0
0.0
0.0
0.0
0.0
0.0
0.0
0.0
0.0
0.0
0.0
0.0
0.0
0.0
0.0
0.0
0.0
0.0
0.0
0.0
0.0
0.0
0.0
0.0
0.0
0.0
0.0
0.0
0.0
0.0
0.0
0.0
0.0
0.0
0.0
0.0
0.0
0.0
0.0
0.0
0.0
0.0
0.0
0.0
0.0
0.0
0.0
0.0
0.0
0.0
0.0
0.0
0.0
0.0
0.0
0.0
0.0
0.0
0.0
0.0
0.0
0.0
0.0
0.0
0.0
0.0
0.0
0.0
0.0
0.0
0.0
0.0
0.0
0.0
0.0
0.0
0.0
0.0
0.0
0.0
0.0
0.0
0.0
0.0
0.0
0.0
0.0
0.0
0.0
0.0
0.0
0.0
0.0
0.0
0.0
0.0
0.0
0.0
0.0
0.0
0.0
0.0
0.0
0.0
0.0
0.0
0.0
0.0
0.0
0.0
0.0
0.0
0.0
0.0
0.0
0.0
0.0
0.0
0.0
0.0
0.0
0.0
0.0
0.0
0.0
0.0
0.0
0.0
0.0
0.0
0.0
0.0
0.0
0.0
0.0
0.0
0.0
0.0
0.0
0.0
0.0
0.0
0.0
0.0
0.0
0.0
0.0
0.0
0.0
0.0
0.0
0.0
0.0
0.0
0.0
0.0
0.0
0.0
0.0
0.0
0.0
0.0
0.0
0.0
0.0
0.0
0.0
0.0
0.0
0.0
0.0
0.0
0.0
0.0
0.0
0.0
0.0
0.0
0.0
0.0
0.0
0.0
0.0
0.0
0.0
0.0
0.0
0.0
0.0
0.0
0.0
0.0
0.0
0.0
0.0
0.0
0.0
0.0
0.0
0.0
0.0
0.0
0.0
0.0
0.0
0.0
0.0
0.0
0.0
0.0
0.0
0.0
0.0
0.0
0.0
0.0
0.0
0.0
0.0
0.0
0.0
0.0
0.0
0.0
0.0
0.0
0.0
0.0
0.0
0.0
0.0
0.0
0.0
0.0
0.0
0.0
0.0
0.0
0.0
0.0
0.0
0.0
0.0
0.0
0.0
0.0
0.0
0.0
0.0
0.0
0.0
0.0
0.0
0.0
0.0
0.0
0.0
0.0
0.0
0.0
0.0
0.0
0.0
0.0
0.0
0.0
0.0
0.0
0.0
0.0
0.0
0.0
0.0
0.0
0.0
0.0
0.0
0.0
0.0
0.0
0.0
0.0
0.0
0.0
0.0
0.0
0.0
0.0
0.0
0.0
0.0
0.0
0.0
0.0
0.0
0.0
0.0
0.0
0.0
0.0
0.0
0.0
0.0
0.0
0.0
0.0
0.0
0.0
0.0
0.0
0.0
0.0
0.0
0.0
0.0
0.0
0.0
0.0
0.0
0.0
0.0
0.0
0.0
0.0
0.0
0.0
0.0
0.0
0.0
0.0
0.0
0.0
0.0
0.0
0.0
0.0
0.0
0.0
0.0
0.0
0.0
0.0
0.0
0.0
0.0
0.0
0.0
0.0
0.0
0.0
0.0
0.0
0.0
0.0
0.0
0.0
0.0
0.0
0.0
0.0
0.0
0.0
0.0
0.0
0.0
0.0
0.0
0.0
0.0
0.0
0.0
0.0
0.0
0.0
0.0
0.0
0.0
0.0
0.0
0.0
0.0
0.0
0.0
0.0
0.0
0.0
0.0
0.0
0.0
0.0
0.0
0.0
0.0
0.0
0.0
0.0
0.0
0.0
0.0
0.0
0.0
0.0
0.0
0.0
0.0
0.0
0.0
0.0
0.0
0.0
0.0
0.0
0.0
0.0
0.0
0.0
0.0
0.0
0.0
0.0
0.0
0.0
0.0
0.0
0.0
0.0
0.0
0.0
0.0
0.0
0.0
0.0
0.0
0.0
0.0
0.0
0.0
0.0
0.0
0.0
0.0
0.0
0.0
0.0
0.0
0.0
0.0
0.0
0.0
0.0
0.0
0.0
0.0
0.0
0.0
0.0
0.0
0.0
0.0
0.0
0.0
0.0
0.0
0.0
0.0
0.0
0.0
0.0
0.0
0.0
0.0
0.0
0.0
0.0
0.0
0.0
0.0
0.0
0.0
0.0
0.0
0.0
0.0
0.0
0.0
0.0
0.0
0.0
0.0
0.0
0.0
0.0
0.0
0.0
0.0
0.0
0.0
0.0
0.0
0.0
0.0
0.0
0.0
0.0
0.0
0.0
0.0
0.0
0.0
0.0
0.0
0.0
0.0
0.0
0.0
0.0
0.0
0.0
0.0
0.0
0.0
0.0
0.0
0.0
0.0
0.0
0.0
0.0
0.0
0.0
0.0
0.0
0.0
0.0
0.0
0.0
0.0
0.0
0.0
0.0
0.0
0.0
0.0
0.0
0.0
0.0
0.0
0.0
0.0
0.0
0.0
0.0
0.0
0.0
0.0
0.0
0.0
0.0
0.0
0.0
0.0
0.0
0.0
0.0
0.0
0.0
0.0
0.0
0.0
0.0
0.0
0.0
0.0
0.0
0.0
0.0
0.0
0.0
0.0
0.0
0.0
0.0
0.0
0.0
0.0
0.0
0.0
0.0
0.0
0.0
0.0
0.0
0.0
0.0
0.0
0.0
0.0
0.0
0.0
0.0
0.0
0.0
0.0
0.0
0.0
0.0
0.0
0.0
0.0
0.0
0.0
0.0
0.0
0.0
0.0
0.0
0.0
0.0
0.0
0.0
0.0
0.0
0.0
0.0
0.0
0.0
0.0
0.0
0.0
0.0
0.0
0.0
0.0
0.0
0.0
0.0
0.0
0.0
0.0
0.0
0.0
0.0
0.0
0.0
0.0
0.0
0.0
0.0
0.0
0.0
0.0
0.0
0.0
0.0
0.0
0.0
0.0
0.0
0.0
0.0
0.0
0.0
0.0
0.0
0.0
0.0
0.0
0.0
0.0
0.0
0.0
0.0
0.0
0.0
0.0
0.0
0.0
0.0
0.0
0.0
0.0
0.0
0.0
0.0
0.0
0.0
0.0
0.0
0.0
0.0
0.0
0.0
0.0
0.0
0.0
0.0
0.0
0.0
0.0
0.0
0.0
0.0
0.0
0.0
0.0
0.0
0.0
0.0
0.0
0.0
0.0
0.0
0.0
0.0
0.0
0.0
0.0
0.0
0.0
0.0
0.0
0.0
0.0
0.0
0.0
0.0
0.0
0.0
0.0
0.0
0.0
0.0
0.0
0.0
0.0
0.0
0.0
0.0
0.0
0.0
0.0
0.0
0.0
0.0
0.0
0.0
0.0
0.0
0.0
0.0
0.0
0.0
0.0
0.0
0.0
0.0
0.0
0.0
0.0
0.0
0.0
0.0
0.0
0.0
0.0
0.0
0.0
0.0
0.0
0.0
0.0
0.0
0.0
0.0
0.0
0.0
0.0
0.0
0.0
0.0
0.0
0.0
0.0
0.0
0.0
0.0
0.0
0.0
0.0
0.0
0.0
0.0
0.0
0.0
0.0
0.0
0.0
0.0
0.0
0.0
0.0
0.0
0.0
0.0
0.0
0.0
0.0
0.0
0.0
0.0
0.0
0.0
0.0
0.0
0.0
0.0
0.0
0.0
0.0
0.0
0.0
0.0
0.0
0.0
0.0
0.0
0.0
0.0
0.0
0.0
0.0
0.0
0.0
0.0
0.0
0.0
0.0
0.0
0.0
0.0
0.0
0.0
0.0
0.0
0.0
0.0
0.0
0.0
0.0
0.0
0.0
0.0
0.0
0.0
0.0
0.0
0.0
0.0
0.0
0.0
0.0
0.0
0.0
0.0
0.0
0.0
0.0
0.0
0.0
0.0
0.0
0.0
0.0
0.0
0.0
0.0
0.0
0.0
0.0
0.0
0.0
0.0
0.0
0.0
0.0
0.0
0.0
0.0
0.0
0.0
0.0
0.0
0.0
0.0
0.0
0.0
0.0
0.0
0.0
0.0
0.0
0.0
0.0
0.0
0.0
0.0
0.0
0.0
0.0
0.0
0.0
0.0
0.0
0.0
0.0
0.0
0.0
0.0
0.0
0.0
0.0
0.0
0.0
0.0
0.0
0.0
0.0
0.0
0.0
0.0
0.0
0.0
0.0
0.0
0.0
0.0
0.0
0.0
0.0
0.0
0.0
0.0
0.0
0.0
0.0
0.0
0.0
0.0
0.0
0.0
0.0
0.0
0.0
0.0
0.0
0.0
0.0
0.0
0.0
0.0
0.0
0.0
0.0
0.0
0.0
0.0
0.0
0.0
0.0
0.0
0.0
0.0
0.0
0.0
0.0
0.0
0.0
0.0
0.0
0.0
0.0
0.0
0.0
0.0
0.0
0.0
0.0
0.0
0.0
0.0
0.0
0.0
0.0
0.0
0.0
0.0
0.0
0.0
0.0
0.0
0.0
0.0
0.0
0.0
0.0
0.0
0.0
0.0
0.0
0.0
0.0
0.0
0.0
0.0
0.0
0.0
0.0
0.0
0.0
0.0
2.0154448375525804e-7
3.8040158927460768e-6
0.0
0.0
0.0
0.0
0.0
0.0
0.0
0.0
0.0
0.0
0.0
0.0
0.0
0.0
0.0
0.0
0.0
0.0
0.0
0.0
0.0
0.0
0.0
0.0
0.0
0.0
0.0
0.0
0.0
0.0
0.0
0.0
0.0
0.0
0.0
0.0
0.0
0.0
0.0
0.0
0.0
0.0
0.0
0.0
0.0
0.0
0.0
0.0
0.0
0.0
0.0
0.0
0.0
0.0
0.0
0.0
0.0
0.0
0.0
0.0
0.0
0.0
0.0
0.0
0.0
0.0
0.0
0.0
0.0
0.0
0.0
0.0
0.0
0.0
0.0
0.0
0.0
0.0
0.0
0.0
0.0
0.0
0.0
0.0
0.0
0.0
0.0
0.0
0.0
0.0
0.0
0.0
0.0
0.0
0.0
0.0
0.0
0.0
0.0
0.0
0.0
0.0
0.0
0.0
0.0
0.0
0.0
0.0
0.0
0.0
0.0
0.0
0.0
0.0
0.0
0.0
0.0
0.0
0.0
0.0
0.0
0.0
0.0
0.0
0.0
0.0
0.0
0.0
0.0
0.0
0.0
0.0
0.0
0.0
0.0
0.0
0.0
0.0
0.0
0.0
0.0
0.0
0.0
0.0
0.0
0.0
0.0
0.0
0.0
0.0
0.0
0.0
0.0
0.0
0.0
0.0
0.0
0.0
0.0
0.0
0.0
0.0
0.0
0.0
0.0
0.0
0.0
0.0
0.0
0.0
0.0
0.0
0.0
0.0
0.0
0.0
0.0
0.0
0.0
0.0
0.0
0.0
0.0
0.0
0.0
0.0
0.0
0.0
0.0
0.0
0.0
0.0
0.0
0.0
0.0
0.0
0.0
0.0
0.0
0.0
0.0
0.0
0.0
0.0
0.0
0.0
0.0
0.0
0.0
0.0
0.0
0.0
0.0
0.0
0.0
0.0
0.0
0.0
0.0
0.0
0.0
0.0
0.0
0.0
0.0
0.0
0.0
0.0
0.0
0.0
0.0
0.0
0.0
0.0
0.0
0.0
0.0
0.0
1.174472634103093e-6
8.972692747571252e-5
3.0475584751962775e-5
0.0
0.0
0.0
0.0
0.0
0.0
0.0
0.0
0.0
0.0
0.0
0.0
0.0
0.0
0.0
0.0
0.0
0.0
0.0
0.0
0.0
9.343101661013755e-7
5.9370671949177204e-5
1.4345346856938566e-5
0.0
0.0
0.0
0.0
0.0
0.0
0.0
0.0
0.0
0.0
0.0
0.0
0.0
0.0
0.0
0.0
0.0
0.0
0.0
0.0
0.0
0.0
0.0
0.0
0.0
0.0
0.0
0.0
0.0
0.0
0.0
0.0
0.0
0.0
0.0
0.0
0.0
0.0
0.0
0.0
0.0
0.0
0.0
0.0
0.0
0.0
0.0
0.0
0.0
0.0
0.0
0.0
0.0
0.0
0.0
0.0
0.0
0.0
0.0
0.0
0.0
0.0
0.0
0.0
0.0
0.0
0.0
0.0
0.0
0.0
0.0
0.0
0.0
0.0
0.0
0.0
0.0
0.0
0.0
0.0
0.0
0.0
0.0
0.0
0.0
0.0
0.0
0.0
0.0
0.0
0.0
0.0
0.0
0.0
1.2033529234093492e-6
0.0
0.0
0.0
0.0
0.0
0.0
0.0
0.0
0.0
0.0
0.0
0.0
0.0
0.0
0.0
0.0
0.0
0.0
0.0
0.0
0.0
0.0
0.0
0.0
0.0
0.0
0.0
0.0
0.0
0.0
0.0
0.0
0.0
0.0
0.0
0.0
0.0
0.0
0.0
0.0
0.0
0.0
0.0
0.0
0.0
0.0
1.3592117222334232e-6
7.336152386425711e-5
2.406826497817767e-5
0.0
0.0
0.0
0.0
0.0
0.0
0.0
0.0
0.0
0.0
0.0
0.0
0.0
0.0
0.0
0.0
0.0
0.0
0.0
0.0
0.0
0.0
0.0
0.0
0.0
0.0
0.0
0.0
0.0
0.0
0.0
0.0
0.0
0.0
0.0
0.0
0.0
0.0
0.0
0.0
0.0
0.0
0.0
0.0
0.0
0.0
0.0
0.0
0.0
0.0
0.0
0.0
0.0
0.0
0.0
0.0
0.0
0.0
0.0
0.0
0.0
0.0
0.0
0.0
0.0
0.0
0.0
0.0
0.0
2.6099002364639684e-6
6.371510602946493e-5
1.8911678719107774e-5
0.0
0.0
0.0
0.0
0.0
0.0
0.0
0.0
0.0
0.0
0.0
0.0
0.0
0.0
0.0
0.0
0.0
0.0
0.0
0.0
0.0
0.0
0.0
0.0
0.0
0.0
0.0
0.0
0.0
0.0
0.0
0.0
0.0
0.0
0.0
0.0
0.0
0.0
0.0
0.0
0.0
0.0
0.0
0.0
0.0
0.0
1.3272962303042973e-5
0.0
0.0
0.0
0.0
0.0
0.0
0.0
0.0
0.0
0.0
0.0
0.0
0.0
0.0
0.0
0.0
0.0
0.0
0.0
0.0
0.0
0.0
0.0
0.0
0.0
0.0
0.0
0.0
0.0
0.0
0.0
0.0
0.0
0.0
0.0
0.0
0.0
0.0
0.0
0.0
0.0
0.0
0.0
0.0
0.0
0.0
0.0
0.0
0.0
0.0
0.0
0.0
0.0
0.0
0.0
0.0
0.0
0.0
0.0
0.0
0.0
0.0
0.0
0.0
0.0
0.0
0.0
0.0
0.0
0.0
0.0
0.0
0.0
0.0
0.0
0.0
0.0
0.0
0.0
0.0
0.0
0.0
0.0
0.0
0.0
0.0
0.0
0.0
0.0
0.0
0.0
0.0
0.0
0.0
0.0
0.0
0.0
0.0
0.0
0.0
0.0
0.0
0.0
0.0
0.0
0.0
0.0
0.0
0.0
0.0
0.0
0.0
0.0
0.0
0.0
0.0
0.0
0.0
0.0
4.8103049252737966e-5
1.980154815128494e-5
2.372335377848669e-6
0.0
0.0
0.0
0.0
0.0
0.0
0.0
0.0
0.0
0.0
0.0
0.0
0.0
0.0
0.0
0.0
0.0
0.0
0.0
2.5995715107748432e-5
1.6816827999872426e-6
0.00023400720885442854
0.00011803171145317987
5.095550654669882e-5
4.457915930060869e-6
0.0
0.0
0.0
0.0
0.0
0.0
0.0
0.0
0.0
0.0
0.0
0.0
0.0
0.0
0.0
0.0
0.0
0.0
0.0
4.415311278193984e-6
0.0001384064072568975
6.142255537432195e-5
1.0672241639834802e-5
0.0
0.0
0.0
0.0
0.0
0.0
0.0
0.0
0.0
0.0
0.0
0.0
0.0
0.0
0.0
0.0
0.0
0.0
0.0
0.0
1.4139837775117678e-6
8.62992119707045e-5
4.7366681774131176e-5
5.708145167293131e-6
0.0
0.0
0.0
0.0
0.0
0.0
0.0
0.0
0.0
0.0
0.0
0.0
0.0
0.0
0.0
0.0
0.0
0.0
0.0
0.0
0.0
8.403834395997814e-7
0.0
0.0
0.0
0.0
0.0
0.0
0.0
0.0
0.0
0.0
0.0
0.0
0.0
0.0
0.0
0.0
0.0
0.0
0.0
0.0
0.0
0.0
0.0
9.379635472125941e-7
0.0
0.0
0.0
0.0
0.0
0.0
0.0
0.0
0.0
0.0
0.0
0.0
0.0
0.0
0.0
0.0
0.0
0.0
0.0
0.0
0.0
0.0
0.0
0.0
0.0
0.0
0.0
0.0
0.0
0.0
0.0
0.0
0.0
0.0
0.0
0.0
0.0
0.0
0.0
0.0
0.0
0.0
0.0
0.0
0.0
0.0
0.0
0.0
0.0
0.0
0.0
0.0
0.0
0.0
0.0
0.0
0.0
0.0
0.0
0.0
0.0
0.0
0.0
0.0
0.0
0.0
0.0
0.0
1.3312807266635892e-5
3.162537885359981e-5
2.408310006918841e-6
0.00022477557018647792
8.957298932553786e-5
1.9316003991349724e-5
0.0
0.0
0.0
0.0
0.0
0.0
0.0
0.0
0.0
0.0
0.0
0.0
0.0
0.0
0.0
0.0
0.0
0.0
0.0
0.0
5.847228739209544e-7
5.594089062204667e-5
1.8700629714358952e-5
0.0
0.0
0.0
0.0
0.0
0.0
0.0
0.0
0.0
0.0
0.0
0.0
0.0
0.0
0.0
0.0
0.0
0.0
0.0
0.0
0.0
0.0
0.0
0.0
0.0
0.0
0.0
0.0
0.0
0.0
0.0
0.0
0.0
0.0
2.9739294645355897e-6
4.939713626156154e-5
8.215667276954398e-5
0.0
0.0
0.0
0.0
0.0
0.0
0.0
0.0
4.216878043209417e-6
0.00018928634912634073
0.0001195580962531429
0.00010199237561210354
8.471520210338925e-5
6.741731235828168e-5
5.482504893318575e-5
4.32516598231739e-5
3.022872710989358e-5
2.47175203820045e-5
2.5966837374192113e-5
3.468670564733123e-5
5.448387251921335e-5
7.94053067081908e-5
0.00011629666166481738
0.00014434304774393154
0.0
0.0
0.0
2.429833828677575e-5
5.162283621252736e-5
8.367583772412331e-5
7.347002839200824e-5
0.00010465460492464203
8.189968608619995e-6
0.0005170697373740851
0.00044079709525370346
0.0003062232606522156
0.00012572780710523934
2.6261615892788522e-5
0.0
0.0
0.0
0.0
0.0
0.0
0.0
0.0
0.0
0.0
0.0
3.0594205263623934e-5
4.656805742046254e-5
5.244997407278183e-5
7.185946832568897e-5
7.269747146262148e-5
9.677877251227629e-5
9.2229934752525e-5
0.00011499003982292168
9.74196183329612e-5
0.00011389174606254052
8.739735610886088e-5
8.362943163627842e-5
5.349489830484575e-5
3.820355174395831e-5
1.3924321768417765e-5
0.0
0.0
0.0
0.0
0.0
1.6348123090218565e-6
1.1179851975615268e-5
3.02721075051769e-5
4.971324870025081e-5
5.969223919685213e-5
8.226139295366053e-5
8.118003195547522e-5
0.00010678062805911875
9.958810639680725e-5
0.00012453385763553997
0.00010944806142707285
1.6265116454058396e-5
0.00048237988423395544
0.00035421762528515844
0.00018522360121292654
2.379357546032258e-5
0.0
0.0
0.0
0.0
0.0
0.0
0.0
0.0
0.0
0.0
0.0
0.0
0.0
0.0
0.0
0.0
0.0
0.0
0.0
2.0620392612860955e-7
1.6167046954121377e-5
1.6511925059873888e-6
0.0
0.0
0.0
0.0
0.0
0.0
0.0
0.0
0.0
0.0
0.0
0.0
0.0
0.0
0.0
0.0
0.0
0.0
0.0
1.084688232881607e-5
4.8028567854616914e-5
2.992156098159375e-6
0.00032419159276660917
0.0001664572417715282
6.555712049339515e-5
7.771836295484668e-6
0.0
0.0
0.0
0.0
0.0
0.0
0.0
0.0
0.0
0.0
0.0
0.0
0.0
0.0
0.0
0.0
0.0
0.0
3.0872012709463295e-5
1.451588141570233e-6
0.00016492595303003625
9.102473393654541e-5
2.7531112615433154e-5
0.0
0.0
0.0
0.0
0.0
0.0
0.0
0.0
0.0
0.0
0.0
0.0
0.0
0.0
0.0
0.0
0.0
0.0
0.0
0.0
0.0
0.0
0.0
0.0
0.0
0.0
0.0
0.0
0.0
0.0
0.0
0.0
0.0
0.0
0.0
3.3003576288530217e-6
0.0
0.0
0.0
0.0
0.0
0.0
0.0
0.0
1.5023951545400966e-6
0.00011738620375016487
9.751416744642202e-5
7.289904129082454e-5
4.6171442771099925e-5
2.5010182374486196e-5
6.810998417975261e-6
0.0
0.0
0.0
2.2208952386908914e-6
1.7309096153344533e-5
0.0
0.0
0.0
0.0
0.0
1.0251025211915296e-5
3.9574040543858795e-5
4.854647186749531e-5
7.232950381796287e-5
7.20168735144684e-5
8.351719267848755e-5
6.997275135691537e-5
8.018853751952906e-5
7.031790678939798e-5
8.195021769271014e-5
6.529602417837319e-5
5.9767308848226174e-5
3.6480624750559727e-5
2.4739650153223255e-5
1.4824115260212223e-5
3.8829977693090186e-6
1.8239223243252677e-6
2.5884333395200244e-6
8.890260947668486e-7
1.6298817228019384e-6
1.2276757833758112e-6
3.66288853103421e-6
1.8117521185598832e-6
2.3926022836043513e-6
4.608885667772384e-7
8.085655830883011e-7
5.389957789247499e-7
1.326688206446338e-6
7.16782241985318e-7
1.260199458823168e-6
3.5446781723835173e-7
0.0
0.0
0.0
0.0
0.0
0.0
0.0
0.0
0.0
0.0
0.0
0.0
0.0
0.0
0.0
0.0
0.0
0.0
0.0
0.0
0.0
0.0
0.0
0.0
0.0
0.0
0.0
0.0
0.0
0.0
0.0
0.0
0.0
0.0
0.0
0.0
0.0
0.0
0.0
0.0
0.0
0.0
0.0
0.0
0.0
0.0
0.0
0.0
2.852912480257482e-6
0.00013243259177258548
6.750167747808954e-5
1.5699028156820615e-5
0.0
0.0
0.0
0.0
0.0
0.0
0.0
0.0
0.0
0.0
0.0
0.0
0.0
0.0
0.0
0.0
0.0
0.0
0.0
0.0
5.258994594070216e-6
0.0001788251836216449
7.885191128398205e-5
1.582074580506286e-5
0.0
0.0
0.0
0.0
0.0
0.0
0.0
0.0
0.0
0.0
0.0
0.0
0.0
0.0
0.0
0.0
0.0
0.0
0.0
0.0
0.0
5.916362498326241e-7
0.0
0.0
0.0
0.0
0.0
0.0
0.0
0.0
0.0
0.0
0.0
0.0
0.0
0.0
0.0
0.0
0.0
0.0
0.0
0.0
0.0
0.0
2.871227055865397e-6
0.00015411954748081793
0.00011174887209055681
7.945006280197681e-5
5.453272113257395e-5
3.865898901941346e-5
2.050878313940261e-5
2.2908370103828233e-6
0.0
0.0
0.0
0.0
0.0
0.0
0.0
0.0
0.0
2.1590577804920566e-5
4.814772440983189e-5
4.812994272132581e-5
7.860507662271682e-5
7.241339398798271e-5
0.00010987642456095413
9.635462974474641e-5
0.00013760153852677653
0.00011383163345654155
0.00015524958976523764
0.00011548210467828266
0.00011902449475062014
6.433460321680967e-5
4.815213115188642e-5
1.6382459932522294e-5
2.8913852412753222e-6
0.0
0.0
0.0
0.0
0.0
0.0
1.9325446280049583e-6
1.6860260324263877e-6
7.074949853851319e-6
3.693994064034542e-6
5.441736911564669e-7
0.0
0.0
0.0
0.0
0.0
0.0
0.0
0.0
0.0
0.0
0.0
0.0
0.0
0.0
0.0
0.0
0.0
0.0
0.0
0.0
0.0
0.0
0.0
0.0
0.0
0.0
0.0
0.0
0.0
1.601593557324667e-5
1.5806624676057052e-7
0.0
0.0
0.0
0.0
0.0
0.0
0.0
0.0
0.0
0.0
5.797213791757299e-6
5.999678385366852e-5
0.00014284537487981754
0.0
0.0
0.0
0.0
0.0
0.0
2.19924677719269e-5
1.8300012674435477e-5
3.540412848228911e-6
8.553582669400138e-5
4.451987910161462e-5
2.68661529443044e-5
1.5789753667608808e-5
5.1934492825484555e-6
0.0
0.0
0.0
0.0
0.0
4.710109513253133e-6
2.797257027463012e-5
4.793796934488037e-5
9.120454432236801e-5
0.00011021662677063095
0.0
0.0
0.0
0.0
1.5829759081870664e-5
2.7507056365198668e-5
3.982060484969888e-5
3.207277621476952e-5
4.847924212825268e-6
0.0002134475871734996
0.00012249568918580134
9.076023168063647e-5
7.61304491172528e-5
6.131937962669362e-5
5.064847913313989e-5
3.886175512986505e-5
2.640585849513355e-5
2.1083700594329598e-5
2.050254533905652e-5
2.7458114109508016e-5
4.1178108404626e-5
5.0679238356292834e-5
7.866431587912638e-5
0.00010335471722893762
0.0
0.0
0.0
3.3694944622203435e-5
5.744534213172463e-5
8.234672061940254e-5
8.351062360678991e-5
0.00010996871037150605
9.65851671233125e-6
0.0006354569415114533
0.0005690642161048679
0.0004742006126145545
0.00033987998363292513
0.00020233211229812065
9.652814508964434e-5
4.922551751470622e-5
1.2319770725873798e-5
0.0
0.0
0.0
2.4613747090001923e-5
7.103576584862405e-5
0.0001670034745751238
0.00024300297922961732
0.0
0.0
1.6720550457268375e-5
7.420307106401949e-5
7.950272887662236e-5
0.00011096455645880909
0.00010820764402093332
0.0001437508990174287
1.6509044211584935e-5
0.0007769134985961478
0.0007376579991450199
0.0006352617188904021
0.00046477474995312753
0.0002924053414801219
0.00013649329891947422
5.134726550829282e-5
1.1788602129730595e-5
0.0
0.0
0.0
0.0
0.0
0.0
1.2532471348948087e-5
2.8754107295990506e-5
5.599245511985821e-5
5.694246017440615e-5
9.186672589291574e-5
8.60120108456044e-5
0.00012617539938235593
0.00010554319701141497
0.0001454292243567381
0.00011903469190438955
0.00015984803069121208
0.0001282448479666434
0.00015701665456011664
0.00010315366250270968
0.00010431950303072416
5.48819205937516e-5
3.22856343719464e-5
2.2308393230259047e-6
0.0
0.0
0.0
3.3055977374548803e-7
1.4675386188428537e-5
3.400407707740309e-5
6.938009764552393e-5
6.403542132720357e-5
9.651800871743376e-5
8.407551109280214e-5
0.00012093731953298195
0.00010199504992165209
0.0001439574797674466
0.00012148039193263788
0.00017002084638628967
0.00013602325157123954
3.7041129301286624e-5
0.0006642411307469825
0.000490798194153386
0.0003212648520690719
0.0001654556863672819
3.1515631587993926e-5
0.0
0.0
0.0
0.0
0.0
0.0
0.0
0.0
0.0
1.9601412254111857e-5
0.0
0.0
0.0
8.966088139607219e-6
3.123842289978879e-5
3.366450980580075e-5
4.2847840899256035e-5
4.05707747611823e-5
2.6352168448821165e-6
0.0001967456280878174
5.550563727801063e-5
0.0
0.0
0.0
0.0
0.0
0.0
0.0
0.0
0.0
0.0
0.0
0.0
0.0
0.0
0.0
0.0
0.0
0.0
0.0
0.0
0.0
7.980975055980026e-7
9.346979496802871e-5
4.115124718425142e-5
4.6982580972790155e-6
0.0
0.0
0.0
0.0
0.0
0.0
0.0
0.0
8.687809486511467e-6
3.1889730688982626e-5
7.246623825771845e-5
0.00010043371548824555
0.0
0.0
0.0
0.0
3.545781347401022e-5
5.0535978949013625e-5
6.29120850113084e-5
6.12379476320577e-5
4.808224962942066e-6
0.0004728854905625528
0.0003476638217332942
0.0002226160070132522
0.00012046423460856108
5.740059366527336e-5
1.805116133005305e-5
0.0
0.0
0.0
0.0
6.409626987220671e-6
2.866733847103445e-5
4.722994614877951e-5
7.690056968622343e-5
8.656416779615224e-5
0.0
0.0
0.0
2.5570427204584714e-5
5.2316654110205e-5
7.82720243477751e-5
6.833873363991636e-5
9.330173656618935e-5
5.933921354049844e-6
0.0004053283458019692
0.00022394805668986677
7.934074542955608e-5
1.647403350413557e-5
0.0
0.0
0.0
0.0
0.0
0.0
2.6724675914741865e-6
2.8210376637585285e-5
5.192574118997076e-5
9.363557327101476e-5
0.00011857449729426423
0.0
0.0
0.0
2.9279514875297554e-5
6.121456589904669e-5
6.259424199754699e-5
0.00010444299886757695
9.607284438300118e-5
0.00013283670780687997
0.00011148015899258492
0.00014174239931909226
9.747869389807256e-5
0.00010105326650165214
6.031308634340877e-5
5.753929315148502e-5
2.78994770751464e-5
2.5023703939652443e-5
1.8395109968001924e-5
2.8444296984138413e-5
2.5531379775664113e-5
4.585592399988572e-5
4.507844249959835e-5
7.23416722228078e-5
6.574041115697868e-5
9.859805194633502e-5
8.391222914139366e-5
0.00011335486196064254
9.090175849733023e-5
0.00011924139528456154
9.155442237921965e-5
0.0001168907406602914
8.922763423867607e-5
0.00011656976486697888
9.043745812847419e-5
0.00010005741677852111
4.115237832194757e-5
1.1155813695065304e-5
0.0
0.0
0.0
0.0
0.0
0.0
0.0
0.0
0.0
1.3155094384058873e-5
2.707845708429097e-5
6.150669396623957e-5
6.0189479416203665e-5
8.74620253162584e-5
7.227460866461515e-5
0.00010061898716431232
8.167207365219287e-5
0.00011186589216212311
8.94380886472329e-5
1.9129419050269605e-5
0.0005296156672302961
0.0004272001285482201
0.00033402041720551095
0.00025560365505166983
0.00018787230540351057
0.00012158478651255212
5.684048839959291e-5
4.948709443085748e-5
7.852680692897428e-5
0.00011515142142189995
0.0001830811139428629
0.0002784431585427932
0.0003586694302657494
0.00043362404732309777
0.00047606723641719257
0.0
6.548980068837061e-5
7.121337118382491e-5
0.00011343789968708379
0.00010152653709041849
0.000144026109656135
0.00012146611213926122
0.00016210730715776617
2.1939808012556465e-5
0.0006794007182180948
0.0005555735444107687
0.00046771164769176697
0.00039519998624487043
0.0003008731292877903
0.00018967932059704153
8.53512956993231e-5
5.625494565634556e-5
6.43605303850758e-5
7.24046140167227e-5
8.538220778533011e-5
0.00014404437222240946
0.00017593380739761816
0.0002506563440231076
0.0003331789874587998
0.0
2.6368719077593797e-5
5.7637258560038564e-5
9.231398351577995e-5
8.375526412491736e-5
0.00011651031034584178
9.700367028694839e-5
0.00013321396645422717
1.5640796498996085e-5
0.0007056672147514973
0.0005317037935766039
0.0003115697915589575
0.00011252446944156034
3.385451857446066e-5
3.3069248937022518e-6
0.0
0.0
0.0
0.0
1.3442082627479577e-6
3.422728366645668e-5
9.117089999068421e-5
0.00017561834589069442
0.00023654277410124048
0.0
0.0
3.769259420962442e-5
6.267550476810303e-5
8.88192871676655e-5
9.061155706328056e-5
0.0001229163904050421
0.00011337588206531007
1.537102526443043e-5
0.0007030210046203385
0.0005563383894328804
0.00040424783424385243
0.0002634049407395708
0.00010674811569504835
2.5721461604706214e-5
0.0
0.0
0.0
0.0
3.16517393493277e-5
0.00012139321418373929
0.0002417603038952711
0.0003537705975493733
0.00042720262383276117
0.0
1.8010894930527005e-5
8.179588790063176e-5
8.47608285432546e-5
0.0001136593554392283
0.00010752663810917051
0.00013918326382949327
0.00012628158393570568
2.095005885702577e-5
0.0008019298773343971
0.0006441515609195532
0.0004572076501971567
0.0002853015007839736
0.00012896512698553985
4.576262063174173e-5
2.0958302646412433e-6
0.0
0.0
0.0
0.0
0.0
0.0
0.0
0.0
0.0
0.0
0.0
0.0
0.0
0.0
0.0
7.301833316207163e-6
2.710980790802984e-6
0.00015533142233326773
8.511918341444964e-5
2.9106658322667144e-5
8.440736156852158e-7
0.0
0.0
0.0
0.0
2.593313022567622e-5
0.00012425895718828702
0.0001739240266627217
0.0
0.0
0.0
0.0
0.0
2.338389105669832e-5
1.9248646342098447e-5
3.256741663928587e-5
2.8154126391394667e-5
3.9903684822880316e-5
3.119470079200447e-5
4.343671777578804e-5
3.49484006923235e-5
4.9185918724330517e-5
3.911390685756385e-5
5.441427866187549e-5
4.425064588264423e-5
5.819361307397328e-5
3.900677255481357e-5
4.242341354914805e-5
2.6771679349361635e-5
3.2569845435599023e-5
2.1728586203227598e-5
3.14121917448877e-5
3.084817095727086e-5
5.540660973345255e-5
5.158891215920938e-5
8.210975821906201e-5
7.404672062102905e-5
0.0001002376774932532
6.824972730667003e-5
7.478993448225566e-5
4.803456044998259e-5
5.905066775184889e-5
4.057228062627817e-5
5.692029332169413e-5
3.5521389739665142e-6
0.0003601775819022206
0.0002648279587133379
0.00012515057234745419
2.6176856601805298e-5
0.0
0.0
0.0
0.0
0.0
0.0
0.0
0.0
0.0
0.0
0.0
0.0
0.0
0.0
0.0
0.0
0.0
0.0
0.0
0.0
0.0
0.0
0.0
0.0
0.0
0.0
0.0
0.0
0.0
0.0
0.0
0.0
0.0
0.0
0.0
0.0
0.0
0.0
0.0
0.0
0.0
0.0
0.0
9.408831056086234e-7
0.00016464770062603763
0.00012101545035390413
0.00010305462895113148
9.554252219970451e-5
6.24604017163723e-5
2.9211948908911772e-5
3.616048744635997e-6
0.0
1.3366356503654324e-5
3.115351365461389e-5
6.0226853554102536e-5
0.00016072464758578057
0.00025076393275692984
0.00030643757121200923
0.00030830835060793307
0.0
0.0
4.2259844011651425e-5
7.141212581414571e-5
0.00010040818411146944
9.754546635290873e-5
0.0001266699539894763
0.00011549866536091002
0.00014670259611716512
0.00013033465299843496
0.00015490366768681249
0.00012046314634992303
0.00013020536580139047
9.759083377955136e-5
0.00010039817562555559
7.162285294931987e-5
7.29984097337743e-5
6.197024673773e-5
7.109444803295741e-5
6.221599808034083e-5
7.305870401261196e-5
6.500624596260275e-5
7.642008466629544e-5
6.598203646716587e-5
7.601951368282753e-5
6.669675934813208e-5
7.935137524685344e-5
7.062646563740817e-5
8.559575987979418e-5
7.761726235603001e-5
9.498254320000614e-5
8.381733280636209e-5
1.0279753635453801e-5
0.0004088221745308753
0.0002937164530557974
0.00018980983536026304
9.963219448624425e-5
2.1835038721050458e-5
0.0
0.0
0.0
0.0
0.0
0.0
0.0
0.0
2.5187074585503367e-6
3.583419209686215e-5
0.0
0.0
0.0
1.3646087930853682e-5
2.551091435607268e-5
4.332168349860914e-5
5.480801586956188e-5
7.864768421881395e-5
5.118980234386528e-6
0.00046702183509331256
0.00029075060784288854
7.266383752466329e-5
1.17995230424805e-6
0.0
0.0
0.0
0.0
0.0
0.0
1.4564813447602815e-5
0.0
0.0
0.0
0.0
1.2996825618953718e-5
1.492583137308766e-5
2.0581818149830925e-5
2.658673784204207e-5
3.0597985714551377e-5
3.915806627641276e-5
4.0685605590074575e-5
5.42260977306378e-5
5.6844847520205065e-5
7.69407596938423e-5
6.90388812769638e-5
7.243726193394445e-5
5.221849659556729e-5
4.8492806849116087e-5
3.3551703334784244e-5
2.6859765446645773e-5
2.4685865575383756e-5
3.734975814293715e-5
4.7923840715003394e-5
7.664009576962145e-5
8.813664801826838e-5
0.0001312752411399911
0.00012782179756781796
0.00015951668749253367
0.00013799838156146324
0.00016857893925872194
0.00014360915219362316
0.00017312421145683455
0.00014581757330689858
0.00017432968436711357
0.00014619836518863145
0.00017256044645366715
2.7205926983862383e-5
0.0006996105533306693
0.0005920667429293757
0.0005114181909708051
0.0004456976447922372
0.00039561151019960617
0.00035841343351560885
0.000321136052942412
0.00029729587996395017
0.00028584800109756383
0.00027470462863276045
0.00028072383545323597
0.00030163938058492743
0.0003073413401536697
0.00032377836064456715
0.00032874158031743486
0.0
2.1117786046793378e-5
4.5010074864761936e-5
7.161681502466421e-5
6.618209169638194e-5
0.00010732480124521128
9.760619633830428e-5
0.00014422094620758388
1.7240577441952152e-5
0.0008494987270699517
0.0007610089086340488
0.000655778977089466
0.0005639849170123606
0.0004474982411686132
0.00030548009923385535
0.00016290040623852237
0.0001398603029739053
0.00017634628445303927
0.0001723766345625288
0.0002425738638745457
0.0004274445344368841
0.0005605074202645987
0.000665271085326833
0.0007262520997459295
3.360445494623466e-5
8.454971249304768e-5
0.00013703748210409364
0.00011906182174131505
0.00016454056190496594
0.00013592967670159417
0.000183622978062038
0.0001467380590741896
4.066321039155833e-5
0.0008157059887925463
0.0007295814562640068
0.0007005317958639356
0.0006878118734604061
0.0006341310957429451
0.0005429250193933277
0.00043511354210355957
0.0004141161791447492
0.0004445930770945415
0.0004586389748917502
0.0004925779026980967
0.0005907892283801006
0.0006394586171578848
0.000699106269129352
0.0007324823288754823
3.4423988859592726e-5
8.843105112577134e-5
0.00015190112456048654
0.0001374754782060917
0.00019497940368295682
0.00016167242557713966
0.00021764627407074217
0.0001763801179268171
6.617480138707147e-5
0.0010633231521622712
0.0009373825245148664
0.0008098945311665413
0.0006965031629243275
0.0005757284054092967
0.0004528022095319089
0.0003294626467302053
0.0002703815472563594
0.00025960202367544696
0.0002492341963163801
0.00028081391886099736
0.0004227972744584112
0.0005059601291047288
0.0005678912782430643
0.0005895127662449421
0.0
6.972160045409602e-5
9.372541189270639e-5
8.211824728456487e-5
9.649579629831256e-5
8.192533175443778e-5
8.486096924396835e-5
6.0150004560137775e-5
4.26379950176451e-6
0.0001040171012992951
3.7809869528169916e-5
7.527489745904248e-5
6.844574581836685e-5
5.269435909495492e-6
0.0
0.0
0.0
0.0
0.0
0.0
0.0
1.6620439183049234e-6
6.166160529319319e-5
0.00015296807649580304
0.0
0.0
0.0
0.0
3.765388540670303e-5
4.469078048380427e-5
4.025471053673344e-5
4.880359722606036e-5
2.662861415457562e-6
0.0003265183223387066
0.0002998483962311375
0.00022662120423570803
0.00014671545236533343
6.117023946527855e-5
1.383284652223905e-5
0.0
0.0
8.596738896129415e-6
2.6548230748533068e-5
7.306492159459297e-5
0.0
0.0
9.152348579089374e-6
4.306671442314722e-5
4.8770435471499324e-5
5.296896183903321e-5
5.523562994384241e-5
7.937112692179923e-5
7.200916923452806e-5
8.880418397781412e-5
8.260877928275931e-5
0.00010371944214976903
9.253280941822875e-5
0.00010954255189304776
8.680229694159107e-5
8.168032144889427e-5
5.549203560606952e-5
5.6844348977055146e-5
4.719099433818243e-5
5.556912618499469e-5
5.097133069752396e-5
5.939419295020727e-5
7.079415942893433e-5
0.00010350813403299782
9.18773357131593e-5
0.0001010151743667697
9.055524899556931e-5
0.0001115515193880759
9.757922884900143e-5
0.00011686876077608054
0.0001029228239827403
0.00012569777054241454
0.00011274288101770048
0.00013575783834282574
0.0001142716890179632
0.00013455619407795464
1.5649842269040343e-5
0.0005400319942422785
0.00042947136862765695
0.0003982635550442532
0.0004035495849437219
0.00038227423068868863
0.000332568665480927
0.0002830346984301687
0.0001906676894460528
0.00013218971170655128
0.00014276298871745976
0.00012441462954936177
9.18984595179636e-5
2.4554924546901103e-5
0.0
0.0
0.0
0.0
0.0
0.0
0.0
9.044317582362974e-6
4.026232439521305e-5
3.826677023228539e-5
5.675639723151833e-6
0.00029890938627603794
0.0002444213655537543
0.000209795161376079
0.000161005010153195
0.00010840421355816636
6.236966745588508e-5
5.3506280382853286e-5
6.234045915047888e-5
7.36526676495878e-5
0.00010723387108473244
0.0001525927891785711
0.00023388091829098574
0.0002465040086762904
0.0002737290897512045
0.0002837578037125108
0.0
0.0
4.90708200692847e-5
6.822428718127189e-5
7.248884378097856e-5
9.287191665088973e-5
8.990382508909582e-5
0.00011817864944892365
1.1494706552195827e-5
0.0007385870152365571
0.000661305635173302
0.0006150978623792475
0.0005447690737938662
0.0003552715896082614
0.00023461508360392126
0.00023971355876447963
0.00024438702583045213
0.0002353355550845807
0.00024009280395709173
0.0002648458808159392
0.0003662478266577705
0.0004362089439579924
0.0004942312215635327
0.0004865428740584684
0.0
3.9883653228700993e-5
6.650710140130302e-5
9.581117388379966e-5
0.0001063309081903241
0.000145071103956927
0.00012057775574898819
0.000152617011775839
1.9152895694198483e-5
0.0007889699677587786
0.0006871194600593598
0.0006239705452763919
0.0005987390681892762
0.0005889644359638088
0.0005579492232533335
0.000532660630075261
0.0004831847806675047
0.00044607949762437855
0.00045760760984776805
0.0004869885882328411
0.0005489837733912298
0.0005596130057945368
0.0005839297216069344
0.0006144802213611193
1.3868349651210593e-5
9.130208034754272e-5
0.00010090339391850124
0.00013221257134257033
0.00012082020749868002
0.00015520744067866292
0.00013861637976016932
0.00017308008029074014
2.388577167933102e-5
0.0008579630420691145
0.0007726063790182763
0.000727778428230079
0.0006965857092607152
0.0007719972383288136
0.0008819538477954112
0.0009486478375120702
0.0009909818249084015
0.0010414367245380918
0.001089789683651197
0.0011323929250539495
0.001182431301465451
0.0012173952316168388
0.0013007047065586718
0.0013405851333062116
0.00013355719466076854
0.0002365457009427532
0.00023260352396115266
0.00030993245674173744
0.0002743357489090406
0.0003497267720259697
0.00029845584787892185
0.0003681733526913737
0.0001591130549443189
0.0016571509135046183
0.0015819882311728854
0.001540685931302669
0.0014720847885767159
0.001429933169963979
0.001419767613515595
0.001411130929840539
0.0014544591403221853
0.0015142926886207717
0.001567217046557035
0.0016357410555878859
0.00020353316202607953
0.0002474451554707175
0.00036086210666313675
0.0003047245843786226
0.0004046191348757195
0.0003312774346125701
0.00043629080739104035
0.0003540919018318386
0.0004633007406382118
0.0003724288070748069
0.0004818022602449786
0.0003860951106794386
0.0004977037202334372
0.00039933293069362776
0.0005103965114563656
0.00039674641413929476
0.0004920468180974836
0.00037096759223850394
0.0004514953174926675
0.00034185368217396666
0.00041931861187450816
0.0003214019089514403
0.00041900903179355805
0.0003499190297083542
0.0004634734626217357
0.00037380471740401124
0.0004893311296650843
0.00039816623143837545
0.0005293569310418626
0.00042448429705389443
0.0005488598564701708
0.0004325335664827773
0.0005625937460856659
0.0004515538400957691
0.0005740959178621133
0.00045015951271712163
0.0003771134499645896
0.0023614445812150894
0.0022889309544450974
0.002206776329120937
0.0020627499360283
0.0019542814638346573
0.0018304866864401054
0.0017272474501419085
0.001646836518115262
0.001595023203602461
0.001706201091239665
0.0018633302633726504
0.0019504750910346112
0.0019503196016900507
0.00199701366449858
0.0020769109567852742
0.0002682547606375297
0.0003028551390154034
0.00042108770854394205
0.0003551264434038672
0.0004675274242407108
0.0003685530051362378
0.00047789626299227017
0.0003813676823541474
0.0002929179673378299
0.0021126901265103777
0.0019662370514175864
0.0019226127035384974
0.0018150593075929302
0.0016378372214611843
0.001518424884958405
0.0014312210308150101
0.0013237023657208906
0.0012650532140701814
0.0012312658097895215
0.0012200871342255644
0.0009522593141251846
0.0007454703173181655
0.0007373625489981025
0.0007038937926323799
4.214442398102929e-5
0.00011930920932507025
0.00010765944945103078
0.00015330706113782979
0.00012774103116681905
0.00017315605305016508
0.00013925326102661614
0.00017651122007385448
2.4409204553525952e-5
0.0007829115097646969
0.0007906666719318176
0.0006860500500276991
0.0005716696433118103
0.0005235848383671673
0.000476619987786093
0.00044947560675831743
0.00046065349785287085
0.0005077438983159994
0.0005704724248375708
0.0005687177600339702
0.000671076177882705
0.0008403753190570587
0.0008423134279798949
0.0007895158240961001
5.256225444739562e-5
0.00012123153041584112
0.0001936805120065158
0.00018202395352937838
0.00022570958739890254
0.00018780550445484872
0.00023959963795961532
0.0001998593173289913
6.353205813643788e-5
0.001089244052181931
0.001027116763561579
0.0009702603347437058
0.0008856234016227014
0.0008207582590609138
0.0007509291407321211
0.0006899749678129843
0.0006645130325846402
0.0006733029351877713
0.0006780385536897946
0.0007077255711755377
0.0007512631662233616
0.000779309470101148
0.0007969545886096358
0.0008090277181635239
5.6825422714097394e-5
0.00010716480525236692
0.00014372928259745487
0.00013217681080093075
0.00016429656635110382
0.0001551045839749386
0.00019993543145098837
0.00016765098368287453
4.2162198793078116e-5
0.0009649626907450777
0.0008629517082695992
0.0007766036304153512
0.0007145591742552399
0.0006243213331201523
0.0005016184430780656
0.0004427342841539848
0.0003713157705062616
0.0003175084192235744
0.00034831800764390604
0.0005289159837541124
0.0007277992757514779
0.000681834594020039
0.0006911131171243312
0.0007243919655010124
3.112930578640123e-5
7.75854056265896e-5
0.00013392900482230916
0.000118392850143481
0.00017014193514694942
0.00014440937603495778
0.0002049365372021405
0.0001741298131028886
5.753461609352518e-5
0.0009744099052014343
0.0008064298356948098
0.0006857266451061066
0.0005623111312018661
0.00042937219628229816
0.0003727286637266597
0.00028025763726122134
0.00024183722442019912
0.0002604144959493617
0.0003152987311032926
0.00041607676578358854
2.334846579372505e-5
6.590979217028044e-5
0.000127913468804884
0.00011763657974738901
0.0001643497157932695
0.00013173586177430633
0.00016742340448507744
0.00011367932803024291
0.00012707016451221726
9.549906437314146e-5
0.00011864860317458818
8.546771498983787e-5
0.00010768712695430362
7.935693102910488e-5
9.94130799701907e-5
7.586696003223045e-5
0.00010173988846346691
7.313438689379633e-5
9.038478588872906e-5
6.382470146368536e-5
7.8233835428733e-5
6.052134775490398e-5
0.00012058812596026482
0.00014547158748292439
0.0002246794209530332
0.0001992954111608511
0.00028352452294366483
0.00024165824683658016
0.00033303955871244185
0.00027419012186639783
0.00036100135891375886
0.00029323451323044454
0.00038137779272228405
0.00030696876876040865
0.00040628048615456975
0.00032587977432177635
0.00023018826711566331
0.0019432756687288997
0.0018353145585439873
0.0017422153666426141
0.0016677941339656274
0.0015901093726214859
0.0014817272268397193
0.0014383078475766243
0.0014162413777035502
0.0013872730242967684
0.0013926140500462117
0.0014118037647031865
0.0013914414208345864
0.0013893279515817588
0.001442384681319897
0.0014424853502827024
0.00014671515225144673
0.0002445188656553679
0.00022771612786020367
0.0002912108032038913
0.0002488117749948325
0.0003081044800119851
0.00025783423863095183
0.00030887587778408843
0.00011765121103048229
0.0012794287265460297
0.001174482870539612
0.001084342300844175
0.0009740097021084287
0.0008935344499138695
0.0008240277504859329
0.000757763746035706
0.0007288347295211271
0.000740187793621492
0.0007237236461786194
0.0006317709920760293
0.0005514890291905201
0.000631565404578884
0.0008278238781550881
0.0008259056844799362
4.630591868985078e-5
8.163152879566845e-5
0.00012852861943893497
0.00010122144385829777
6.508887544879521e-5
4.954177906186198e-5
6.207686992210799e-5
3.9761877494155e-5
1.7899453163585595e-6
7.345093330016927e-5
3.6103738127453185e-5
3.5549290628998624e-5
2.8784999412607604e-5
0.0
0.0
0.0
0.0
1.9073005622587087e-6
1.7123714039003294e-5
2.053377417681514e-5
4.438381120397291e-5
2.6818547096462503e-5
0.0
0.0
0.0
0.0
0.0
0.0
0.0
0.0
6.612274423457051e-6
8.332248180022271e-6
2.5850809855996646e-6
0.0001613747369062713
0.0001995840599777996
0.00019077689232941249
0.00017020180763022315
0.00017803334569895454
0.0001710347557411668
0.00018714476919295397
0.00021642967513168818
0.00022607966457465905
0.00021641953132974214
0.00020070534434304634
0.0002878383820424298
0.00031692901921167584
0.00036355613295107345
0.00041101071414643465
0.0
1.4968627818831746e-5
6.774551234416352e-5
7.177982207586256e-5
9.041018491346323e-5
8.928828443345573e-5
0.00012616016629069448
0.00011001298337441101
1.3623677284020562e-5
0.0006534287968617057
0.0006133644485949101
0.0005793548774415794
0.000573922585691809
0.0005573847740031508
0.00042642575844723457
0.0002982348308368453
0.00021668587118052905
0.00020079238274488614
0.00022792352509071916
0.0002490138519419971
0.0003609218418939047
0.0004023485788852185
0.00042814363301900367
0.00041494968954439176
0.0
4.060462929905036e-5
6.488489091706438e-5
8.44293381725833e-5
7.957730599186661e-5
0.00010442849950180703
9.12092028455092e-5
0.00011140745824121029
1.1084514393340132e-5
0.0006449027482700692
0.0005758986427786443
0.00047115572406694373
0.0003910471408546213
0.000335030066199929
0.0002699760590131667
0.00021205072400244516
0.00020303724343019366
0.00017256013792204834
0.00017628532058905783
0.00022132762280059352
0.0
0.0
3.6415956938213616e-5
4.963284805564132e-5
4.360941774674471e-5
5.27049741318212e-5
5.999889745531291e-5
8.190009187621687e-5
7.913603472022872e-5
9.86953868548954e-5
9.226191106908961e-5
0.00012420061661370298
0.00011448624879005206
0.00014360226099547168
0.00012185785153851998
0.00014043323117250435
0.00011549036994276623
0.00012687994427668927
8.259811413469888e-5
7.544467861101987e-5
4.972479269116244e-5
3.905988450843132e-5
3.49054296517493e-5
2.3578257803846163e-5
6.641901054582662e-6
2.833676146777207e-5
4.315124892511444e-5
4.777056345560132e-5
5.0205799254804224e-5
6.411680566087724e-5
6.239501929389542e-5
7.923515181681041e-5
7.755160459862442e-5
9.614655644782857e-5
8.435530054307345e-5
0.00010352300204010759
9.267864073907543e-5
0.00011870994184500912
0.00010965543945093188
0.00013312609359034927
0.0001092855307088579
0.00011807766476188335
9.271185256531074e-5
0.00010528635682822603
9.348876541420024e-5
0.00011584059960789414
0.00010662655637130607
0.00013987765875678103
0.00012836732940749363
0.00016491233444359112
0.00014799671707355633
0.00017593535124130837
0.00014990663809400903
0.0001846999829826411
0.00015486022412692217
0.00019390511409352656
0.00017396780155719532
0.00021370877394950215
0.00018320489795860186
0.00021782419066443284
4.9106878709297606e-5
0.0008751370999399215
0.000754953016665074
0.0007545246157501977
0.0006830774737511487
0.0005760478381888364
0.0005284027771519264
0.00047015344999387605
0.00040350817681517477
0.00041531450773211445
0.00045176544093621145
0.0004943589410864059
0.0005510185518661085
0.0005708852810070971
0.0005873479132581847
0.0006377982728453018
3.8977351628559104e-5
8.70680783371063e-5
0.0001310043768569792
0.00013216331022081505
0.00017951127506873562
0.0001613671723290686
0.00021403484950529544
0.00019176878279396784
6.051552035259155e-5
0.0011793436121091026
0.0010958823524152474
0.0010360196396387899
0.0009308795988030863
0.0008194231921213259
0.000649399690078866
0.0004959067822113527
0.0004615397546315332
0.00044645986332384196
0.00037933588181997214
0.00041831094926727543
0.0005558969315484202
0.0006307705177378049
0.0006899095221191968
0.0006912638427438588
2.9731532326535662e-5
7.394581951851208e-5
0.00012730675131572094
0.00011120746984009301
0.0001575233767026449
0.0001319847933203113
0.00017524814157951872
0.00013530386613610547
3.4022138048872796e-5
0.0007605918380656712
0.0006946493253801694
0.0006471977291205286
0.0005983454127481991
0.0005479408242831886
0.0005016005010574501
0.0004548491538033213
0.0004093687034963706
0.00038689074555260184
0.0003557781827184167
0.0003425442986065605
0.00037363285047237725
0.0003824764680865222
0.000404694681452875
0.00041242822427555164
0.0
0.0
0.0
0.0
0.0
0.0
9.34009421082383e-6
1.143063211092577e-5
0.0
5.520317164295308e-5
1.0137351678920593e-5
0.0
0.0
0.0
0.0
1.0322206282047792e-6
0.0
0.0
1.4063471476835282e-5
3.815502124973681e-5
6.184206965381124e-5
3.711117259043295e-5
2.731360021116493e-5
2.434944478882316e-5
0.0
0.0
0.0
0.0
0.0
0.0
0.0
4.204430209177328e-6
0.0
6.541175617884277e-5
4.913401364428624e-5
3.7388403769395646e-5
1.1138151953314237e-5
3.105209381824583e-6
0.0
0.0
0.0
0.0
1.394163715803519e-5
3.915902681868955e-5
0.0
0.0
0.0
0.0
1.2451283840030957e-5
1.8940685524556888e-5
2.977077309456035e-5
4.25103239856514e-5
5.960003471819103e-5
5.8353765446940046e-5
7.222777477418621e-5
7.391768540267056e-5
9.734661272531557e-5
9.679766960957058e-5
0.00013352417126526954
0.00011795886779795822
0.00013018729506456111
9.029581227793442e-5
7.764653812185291e-5
4.686136009720769e-5
3.668663062084834e-5
2.541630591538422e-5
3.8248179595768796e-5
5.606325512360395e-5
8.043941356165812e-5
7.909300066522308e-5
0.00010370249468618183
9.992084634622271e-5
0.00012756670598076153
0.00011193786298151368
