0.0008616435878838367
0.0009167392780738958
0.0009676493346058554
0.0009486690030818699
0.0009283006622682236
0.0009080815661428165
0.0008790674344639306
0.0008119792676087537
0.0005279342072176327
0.00028769604701089354
8.72234814847273e-5
7.2272111677486174e-6
4.6290715704977516e-6
0.0
0.0
2.676936597594337e-7
0.0
5.505949798495171e-6
0.000151252383595227
0.0002825921893797019
0.0003744459218942968
0.0004733582318660919
0.0005925049230797418
0.0007313039479663483
0.0008346261959089077
0.0009026838558074421
0.000972656230111691
0.0009824569707546148
0.0010239233863659299
0.0010748377822940652
0.0010366965335965542
0.0009179220461924375
0.000459056783025209
0.00015927318222982195
7.266253029687083e-5
7.774829627223582e-6
3.151555402662352e-6
0.0
0.0
2.7634092729921786e-7
4.176455477982087e-8
1.322415063292039e-5
0.00013531155220882025
0.00027387347365761644
0.00039502703272973494
0.0004573396599528496
0.0005431880501947955
0.0006302264397912523
0.0006876378807072006
0.0007767825698010642
0.0008337969155062155
0.0008851835763091394
0.0009476986036510721
0.0009754169166243509
0.0009545055549306997
0.0008588925169106029
0.0005058811494759266
0.00026217626316901385
0.00011533798234461571
4.285395738518317e-5
1.9114120269226182e-5
0.0
0.0
2.7678467601300925e-7
3.1435483301939234e-6
2.425425041747907e-5
0.00010783597973509248
0.00016497409061934793
0.000265340281596486
0.000346802795852757
0.0003981694001107925
0.0004926612561665949
0.0005418484604585164
0.0005544309608117172
0.0005642763216521786
0.0005487159890270785
0.0005411067622957169
0.0005344185520594788
0.0005155096944501241
0.0004632138911548406
0.0002760296175797083
0.00023419184777717054
0.00015867746424813817
4.026580609513484e-5
4.325381005206984e-6
9.17513715208359e-8
0.0
0.0
0.0
0.0
1.1249776052029812e-5
5.178172227939227e-5
0.00013114332534286106
0.00018314527288671223
0.0002519054693901466
0.0003117281511101004
0.00035257809730909154
0.0004001918530704947
0.00045371704367754186
0.00048283713928258456
0.0004943015155299525
0.0004614018060814205
0.00039912202403225824
0.00036418532816245787
0.00020471601569899456
0.00019763014402785428
0.0002327804279366505
0.00015613430214368588
0.00012105300999549557
5.646239138430979e-6
1.23753737585151e-6
5.7514848402908736e-5
6.143344216177209e-5
6.314274268503615e-5
0.0001750547267736307
0.00023374353789515492
0.0002766545634244435
0.000276374291069894
0.00034392163982906415
0.0004650765057197819
0.0005320254277181682
0.0005581702958853444
0.0005866782675687383
0.0006285597029896866
0.0006539007823507289
0.0006436331230630055
0.000648655398375746
0.0005876016025693012
0.00039598939261341326
0.0003349430393189044
0.0001992016057516864
5.217779171828466e-5
2.6785854180359266e-5
0.0
0.0
0.0
0.0
4.8932760582299165e-6
0.00010625404554012513
0.0002192054713706071
0.00033137187641602754
0.0003840913894865445
0.0004558084424633849
0.0005695602676669335
0.000646025284360607
0.0006807705516770515
0.0007178695124903382
0.0007501220471989229
0.0007955535109286965
0.0008214172222489353
0.0008129790154382507
0.0007497891717559852
0.00046807627604385606
0.00028802618512087445
0.00015314834590456918
4.426461210649349e-5
2.993087486928959e-5
0.0
0.0
0.0
9.525980857557299e-7
5.991336411864572e-6
0.0001109098381978735
0.0002168860497247975
0.0003081244268789206
0.00037690091442972703
0.0004874459497858349
0.0005924117019610451
0.0006751173913174026
0.0007516048392662286
0.0008176950833686481
0.0008838197577790754
0.0009211312776767704
0.0009033287438687783
0.0009017086227617408
0.0008496261423947449
0.0005251229534049853
0.00035573120635756415
0.0001795739110097279
4.058875938891421e-5
2.2931956248732942e-5
0.0
0.0
0.0
0.0
1.2891645329224309e-5
0.00011773745907256208
0.00021694222881692659
0.00033098511724987615
0.0003917265845397222
0.0004917232600585694
0.0005943041554189969
0.0006273752656555751
0.0006917124347843677
0.0007433880444769711
0.0008169246677006608
0.0009005570555438835
0.0009189955065363505
0.0009020134019998094
0.0008106803223122791
0.00048511558264547586
0.0002770385666355578
0.00013525655939964273
5.003191877641825e-5
2.449326371328236e-5
0.0
0.0
0.0
0.0
4.52665231445655e-7
7.448283663505663e-5
0.0001672356128313834
0.0003029795196365998
0.0004133585605896133
0.0005055595050661043
0.0005562249842729336
0.0005983473570230313
0.0006779220788716423
0.0007595619632520446
0.0008248008775056981
0.0008911017131850866
0.0008849258818163027
0.0008774262146526691
0.0008027273245280336
0.000473718279632989
0.00023703810376498534
8.782920232253712e-5
6.3471434705828824e-6
2.440633928427197e-7
9.302356312900455e-8
0.0
0.0
0.0
0.0
9.097614959547433e-6
7.720115745209235e-5
0.00019490100252935217
0.00027324017564053343
0.00034693136168003925
0.0004337217618219324
0.000523681163772872
0.0005761670801126081
0.0005936111938363905
0.000629589126289331
0.0006555459476729507
0.0006036329359120839
0.000528424562935648
0.0004316785129643196
0.00023210407025236673
0.00015226041125311095
0.00014576909351433822
6.87441375097563e-5
3.8411957214301104e-5
2.6368499850297294e-7
0.0
2.7210370291673697e-7
0.0
0.0
8.148508779540373e-5
0.00018418032344046805
0.000309794702101483
0.0003726933154070682
0.00045546188159713605
0.0005817440851923377
0.0006821500107231461
0.0007587302404224326
0.0007938988283690608
0.0008701713678040994
0.0009236617213517588
0.000951443107424189
0.0009230530328089286
0.0008120584002771751
0.0004139161275716269
0.00013444497437490636
3.716115392320793e-5
0.0
5.918203128794555e-8
0.0
0.0
0.0
0.0
0.0
2.9767847211896197e-6
4.660992667162282e-5
0.00016876780092625032
0.00024526461081562586
0.00034604805422054483
0.0004919940120155944
0.000572978807949049
0.0006345208327190671
0.0006919610722873291
0.0007782981431629436
0.0008651740158323125
0.0008866126748241737
0.0008476720815646602
0.0005778703915829539
0.000232163595788773
6.115073269606027e-5
1.4678251333667629e-5
0.0
1.1082836356019146e-7
0.0
0.0
0.0
0.0
0.0
1.557540546111729e-5
7.790701280515719e-5
0.00020640146069396718
0.00029891442072324515
0.0003743201503948233
0.0005168632726417499
0.0006147576007200937
0.0006746536731874867
0.0007343452592987519
0.0008296640482465061
0.0008572688905637302
0.0009100060852431493
0.0009098559134010289
0.000824290844794651
0.00043980220367183405
0.00012627050407568795
1.0785170997569195e-5
0.0
6.768130645746768e-8
0.0
0.0
0.0
0.0
0.0
2.935338693370502e-6
2.2625146154293374e-5
0.00010277389987223182
0.0001944154659800203
0.000283095016587109
0.0004027673445737031
0.0004577947488364337
0.0005041589154889574
0.0005639863826321277
0.0006453517803690672
0.0006150826042146355
0.0005483649996043899
0.0005430419225042306
0.0004764752198345182
0.000300420992622907
0.0001963840624160322
0.00013694938280145024
5.199549983473594e-5
3.0345175686042054e-5
0.0
0.0
0.0
0.0
0.0
5.516653756761641e-5
0.0001259104765109266
0.00022228763232428266
0.0002772238601727437
0.00030054308090060106
0.0003385659065972836
0.00042329662395204783
0.0004750568750630361
0.0005099909804321622
0.0005552936439221627
0.0005774213536340254
0.0005461861317783308
0.0005274047986269507
0.00045906080505599063
0.00026549881858998017
0.0001609523589196732
0.00011204489480838798
2.6997144841512298e-5
1.3822118094198935e-6
1.1998334663734413e-7
0.0
0.0
0.0
9.021094869687484e-7
5.5021823010800746e-5
0.00013864785659389335
0.0002545253051455196
0.0002962381651430311
0.0003122855304041157
0.00037383726698407256
0.00045023816537200954
0.0005240610169687249
0.000556839047035304
0.000618446100110054
0.0006600329157099683
0.0006292065397106596
0.000593380271236354
0.000493977576766965
0.00028057309584330264
0.00019503862162209378
0.0001267950377443064
3.6086496721258946e-5
1.1423328069574698e-5
9.275312027594189e-8
0.0
0.0
1.3222310026494363e-6
0.0
7.611784123105509e-5
0.0003598112873553308
0.000509390979259127
0.0005022570776310986
0.0005599281736627963
0.0006276988744127259
0.0006427883047350169
0.0006055383248313821
0.0006316917301502381
0.0006732301368057132
0.0006929150172478918
0.0006865948942128088
0.0006646033313207258
0.0005785609035155304
0.00042794957149449545
0.0004207967496070658
0.0004220387856001378
0.0003852280391765352
0.0002616478162677078
0.00022405148361368018
0.00023797553398748915
0.0003047930155865471
0.0003242341425895765
0.000340036294327548
0.00048692803700039317
0.0005167088678314643
0.0006005166140498303
0.0006612898240864697
0.0007503212858527957
0.0008434920305805403
0.0009370500711289347
0.0010220663514277186
0.0011521361935158646
0.001242709001829056
0.0012950230190990188
0.0012518781745025956
0.0011833872406411994
0.001129386819056971
0.0007371321461756359
0.00043582079125915386
0.00027875644395860367
0.0001817233637361818
0.000183420308486533
3.3596869170369976e-5
8.398766129243459e-6
5.040905690680829e-5
8.559936905641171e-5
0.000160277798435439
0.00039831167235354934
0.00045168478816758203
0.0005485557575371296
0.0006175915664734325
0.0007387312632689065
0.0008771316544222925
0.0009651993696935479
0.001063937312887765
0.001171856387516967
0.001189021396208488
0.0013144170106821858
0.001363755169846493
0.001353998426520733
0.0012630550760518852
0.0007713495523398483
0.00043863712573963785
0.00026389203901850273
0.00014715222675332483
0.00014799215356866926
2.8794375250694643e-6
0.0
4.029501833821099e-7
2.926481542118526e-5
0.00011007995178754089
0.0003522333697584421
0.00045581967225502833
0.0005725408230512919
0.0006717863326030845
0.0007921704593659216
0.0008868515943098362
0.0009579857476165244
0.0010585173146308267
0.00116576989371666
0.0012475440771550226
0.0012888850990129433
0.0013020644102946552
0.0012827223517435657
0.0011954706199195744
0.00081972217548359
0.0005460360532723343
0.00035172852854482525
0.0002132352797983242
0.00016496852589028218
1.402569450776174e-5
0.0
2.4025904368485828e-5
4.701339922264345e-5
9.548622350354339e-5
0.00031977288521249913
0.0004123443724089522
0.00046044444842711885
0.0004719305412931966
0.0005110141918572319
0.0006354334985090368
0.0007081977580822692
0.0007527916375415506
0.0007837412531145659
0.0007729754476461407
0.0007698039994600362
0.0007171180466513588
0.0006968325011871944
0.0006414098025252712
0.00032678263241479866
0.0001450071726751208
7.671132766677176e-5
3.0440652717415846e-5
2.943040843380135e-5
0.0
0.0
0.0
0.0
9.594656329463725e-7
0.00011679837498359721
0.00025565906006132856
0.0003774804044533899
0.0004287308857068173
0.0004761177605367958
0.00056986506631711
0.0006458979727586545
0.0007406087803511892
0.0008810606685894689
0.0010170354143646514
0.0010871841015103099
0.0010895620260581592
0.0010609029491714032
0.000958484940019561
0.0005462504937511677
0.0002683902244324434
0.00012533014160911936
5.810627765176135e-5
3.8067496264126195e-5
0.0
0.0
0.0
0.0
5.379431053623265e-6
9.66570954872608e-5
0.0001962770168291573
0.00035323611901585397
0.0004424265932594602
0.0005320693569800927
0.0006217527329751178
0.0007102675411472199
0.0007703721083453295
0.0008480732314230947
0.0009591772448634656
0.001029296019756403
0.0010372634394954544
0.0010392343439408237
0.0009272936537460121
0.0004979635542980075
0.0002852922764826529
0.00011834379841173534
2.0947443656042643e-5
4.210682836914672e-6
1.4578747813499076e-7
0.0
0.0
0.0
0.0
5.679906973821638e-6
5.077578703231958e-5
0.00014267705811788853
0.00021416453887767385
0.0002904105647589547
0.0004377471622971667
0.0005098212437809364
0.0005570624676456083
0.0006933933036005907
0.0008369482045566977
0.0008923596539020081
0.0007595094501139479
0.0007343162243153089
0.0006888040641138055
0.0002814592529325416
2.5410270558486092e-5
1.6719923408946108e-6
0.0
7.303069657979425e-8
9.238469723403125e-8
0.0
0.0
0.0
0.0
4.630380919442666e-6
5.559228415828654e-5
0.00018198435467583143
0.0002912294461405112
0.00036820547540524385
0.0004897109402192672
0.0005701909214614618
0.0006535274437229027
0.0007311324654668706
0.0007982180444171782
0.0008357146854003087
0.000841207134271779
0.0007732547867523098
0.0006689981199469378
0.00025278947410547543
1.8942966060096556e-5
2.688838030118387e-7
0.0
0.0
0.0
0.0
0.0
0.0
0.0
5.141297357679695e-7
8.090745812885819e-7
2.095897529468008e-5
1.9375427626236928e-5
1.6279281287036376e-6
3.311309381839893e-8
2.3421721748374787e-6
2.2933949522359867e-5
3.341014149598559e-5
3.6847146654277055e-5
3.984551089842057e-5
3.755958844531299e-5
4.430104973933429e-5
4.494239526024382e-5
6.59550992182816e-7
0.0
0.0
0.0
0.0
0.0
0.0
0.0
0.0
0.0
0.0
0.0
2.058320377669647e-6
0.0
0.0
2.08495630783956e-5
5.837146605347593e-5
6.105678843119444e-5
0.0001335272089564363
0.00023458537736744734
0.00027610697516885433
0.00017418238376934938
0.00012654367103438708
7.874163934754966e-5
5.511804209257681e-7
0.0
0.0
0.0
0.0
0.0
0.0
0.0
0.0
0.0
0.0
1.210421959841198e-6
1.2249252073641327e-6
0.0
1.632825727946676e-5
6.214925588112003e-5
0.00011027022696824011
0.00015620397253804575
0.00025281468783802186
0.000264751509876511
0.00029497337195196925
0.00029098864559900676
0.0002715532003619969
0.0002524107543735824
1.351363923563398e-5
0.0
0.0
0.0
0.0
0.0
0.0
0.0
0.0
0.0
0.0
0.0
9.911640072721834e-7
0.0
2.7159851025367556e-5
5.446451031611654e-5
9.813950123104411e-5
0.00017835750452947
0.000268387737763975
0.00033653187758810385
0.00041253361077993176
0.0004188472422706507
0.00036385346485780484
0.0003112614499486277
7.457370637187739e-5
2.795172860714914e-6
0.0
0.0
6.793538544518093e-8
0.0
0.0
0.0
0.0
0.0
1.2215595292994756e-6
6.716003798442528e-6
5.2072263503664654e-5
0.0001030378017816301
0.00019492533786400954
0.00028251715751910527
0.0003883761718408213
0.0004532649278937383
0.0005013286992068598
0.0005618895845715817
0.0006429638480894924
0.0006692143528856548
0.0006796584708313202
0.0005855295884662584
0.0002733776556884081
7.318373741862293e-5
1.4578545351983824e-5
0.0
1.2171055723422177e-7
0.0
0.0
0.0
0.0
0.0
1.2197269563260682e-5
8.027332815622597e-5
0.00021929963250934983
0.00028626203373382993
0.000339443858120735
0.00042099627537955985
0.0004687556521980799
0.0005170186635194074
0.0006054329199062205
0.0007447252985529245
0.0008430738785369848
0.0008883837736015377
0.0010474973788228907
0.0010015820811662389
0.0005668565980142982
0.0003186448304590679
0.00014314386503020562
3.5027210590766134e-5
6.613202110329491e-6
1.25334653682768e-7
0.0
0.0
0.0
0.0
1.848349975743424e-5
7.18175263236698e-5
0.00020138933554365176
0.0003063426251454965
0.0003826893230091308
0.0005250750093353893
0.0008077290540430462
0.0009751755982761505
0.0009731969426437548
0.0009247003176624825
0.0010973313030245538
0.0011640746230349055
0.0011975815297926421
0.001110244771016771
0.0006354774463930417
0.00031639077784563073
0.00011271532031045844
2.242190446416105e-5
8.745158199312598e-6
7.917236944394121e-8
0.0
0.0
0.0
0.0
3.0727029875220753e-6
3.67406605875583e-5
0.00012964837926441903
0.00023438815576703383
0.0003985068255487061
0.0006287375035660279
0.00079589134514949
0.0009102327569301071
0.0009545811343933209
0.0010828463295184004
0.0011780240002280764
0.0011204133643354984
0.0010862203115637183
0.0009945671150412634
0.0005746845347596524
0.0002466833980025937
8.57511830725841e-5
2.7850089134359537e-5
8.482045238615298e-6
8.462922034653261e-8
0.0
0.0
0.0
0.0
6.265326167435216e-5
0.00016875238996968378
0.00033872290529407626
0.00040975105483464174
0.0004970336365613175
0.0005343970949084224
0.0006394708878796281
0.0007201440004104932
0.0007430347857562799
0.0007868921596788029
0.0008029062455893092
0.0007934930232162501
0.0008397212573722104
0.0008321549865887048
0.000480890130690775
0.0002375366987942552
0.0001063984269422795
2.337551825641773e-5
2.163150905325931e-5
0.0
0.0
0.0
0.0
9.806820317656903e-6
9.364620345861214e-5
0.00017934862017824664
0.0002474846619932098
0.0002773825880143466
0.000300467027421388
0.0003591024475712317
0.0003630265114251341
0.00033782747463452387
0.00039902311166721023
0.0006120754401346177
0.0006371762995116193
0.0007247490825475267
0.000804070418262676
0.0007650265972813516
0.0004153573293103053
0.00014950751926613693
4.760227080211382e-5
1.5919544531454136e-7
7.760614176617149e-8
1.2270763702747332e-7
0.0
0.0
0.0
0.0
7.250912215161404e-5
0.00010156452401734988
0.00013845253286562463
0.00026171591924720406
0.00035690890656157285
0.0003962080738478271
0.000526184057829266
0.0007226323382073801
0.0008075272647284651
0.000830337237581318
0.0008248091018064272
0.000837303159353899
0.000950298505315843
0.0007884053239077848
0.00038247359139939016
0.00013990575498790505
2.23183395698338e-5
3.2653040705768167e-7
7.09066827889123e-8
0.0
0.0
0.0
0.0
0.0
1.704729656886091e-6
0.0
4.9402816110897746e-5
0.00014390097065087784
0.0003789711194823056
0.0005295045928109403
0.0006466898053991487
0.000728368800775681
0.0007717242614399303
0.0007845948946971058
0.0008688201119551904
0.0008694077233502654
0.0008784884866249598
0.0007913965864240637
0.0003494087733944849
6.0439232787278415e-5
1.1487268303078279e-5
0.0
1.1733036741614903e-7
0.0
0.0
0.0
0.0
0.0
0.0
0.0
2.8886617671848644e-6
2.7771327756362942e-5
0.00010766924764932015
0.00014409829879216338
0.00017497324930313522
0.00029779792407437787
0.0004952205631633035
0.0005607712797751388
0.0005862755113583629
0.0005188510562536485
0.0005041831037656103
0.0005015491757226847
0.00016027155270253635
5.867309103842314e-6
0.0
0.0
5.949030118419627e-8
0.0
0.0
0.0
0.0
0.0
0.0
1.77874084915665e-6
1.588663458652019e-5
0.00013928198921876126
0.00029278605523160527
0.000396083757127846
0.0004640054086871623
0.0005835169051013746
0.0007025930164859749
0.0007719434324914889
0.0008101686654172385
0.0008183241160264323
0.000833861350725902
0.0007024379348477129
0.0003118644858436003
4.840834788948658e-5
2.360503320775418e-6
0.0
1.0091560566380001e-7
0.0
0.0
0.0
0.0
0.0
0.0
0.0
4.0065532403461626e-6
1.1450919807928964e-5
0.00011795349416578261
0.0002973866353396275
0.0003911610631078537
0.000450260260188243
0.0005620385995874959
0.0006528839622493721
0.0006579828702444563
0.0005893998921798441
0.0005909308772883177
0.0004903470426087963
0.0001855233330935959
1.7981257937945785e-5
0.0
0.0
7.874458962681713e-8
0.0
0.0
0.0
0.0
0.0
1.5065021718211707e-6
7.789797248486526e-7
2.164664001273952e-5
6.364606551064835e-5
0.00014219968526287872
0.00030907414970598334
0.00038091516806622143
0.0005138694815855369
0.0006898089524275185
0.0007783498657090819
0.0008099105706061038
0.000885041442321222
0.0008881540363815643
0.0007732236667730293
0.00033098407102754137
5.132374127386209e-5
5.279133006029895e-6
0.0
6.05343340476421e-8
0.0
0.0
0.0
0.0
0.0
5.000336912953468e-7
1.8119943929174489e-6
0.00010041593159218945
0.0002692911028969689
0.0003405101338403102
0.0005175721042998501
0.0005950459192669527
0.0006497550561494945
0.0007246243181075887
0.0007620977993172093
0.0008098152254416313
0.00092806914534167
0.000868002531184873
0.00075327149717789
0.000303642000372297
2.4835395865086105e-5
0.0
0.0
6.12839094407367e-8
0.0
0.0
0.0
0.0
0.0
0.0
1.763504252821736e-6
4.460271039967308e-5
0.00019916054575733658
0.0002947573788430754
0.0003552292012303606
0.0005789154664590157
0.0007258941175910266
0.0007201357555690449
0.0008275803511016693
0.0008939479734616228
0.0008267250018179267
0.0008049611008560337
0.0006225175068299125
0.0001900212686330761
1.042612263935409e-5
0.0
0.0
1.0265705683642068e-7
0.0
0.0
0.0
0.0
0.0
0.0
7.541064776300988e-7
5.869804768468516e-6
1.669464730935953e-5
5.380519137266175e-5
4.610228114199041e-5
9.347634954471053e-5
0.00021135671638084579
0.00019618211193580986
0.0002804819584789714
0.00041923951616840355
0.00045793323786248236
0.00046357953299468754
0.0004016167487512757
0.00022001788919735087
0.00020076659951912318
0.0001981846086841354
0.00010667349822877798
7.935599974719524e-5
3.830821701283765e-7
0.0
0.0
0.0
0.0
5.983520882729232e-5
0.0001093973398154836
0.00020675779578233934
0.0002511885435601576
0.00028463974761243983
0.0004776620427135585
0.0005937968846446248
0.0006149189749286122
0.0006606662892311227
0.0006578475503579073
0.0006403747049084395
0.0006045523784464004
0.0006167389431236763
0.000616134432811381
0.0003640588910082561
0.0002505023236220978
0.0002492039295392028
0.0003119797832693111
0.0002928356967320445
0.0001642412926823652
9.30144704298792e-5
9.364004738256199e-5
7.430007649083185e-5
0.00011564448068285731
0.0003096297009888707
0.0003927092054725902
0.0004930020246629529
0.0006032003791814697
0.0007382153631353415
0.0007950202247694324
0.0008874541523509399
0.0009589272066414755
0.001008082249020503
0.0010857874372419874
0.0011623595158873944
0.0011517923915390412
0.001137533458939195
0.0010160778202663594
0.0006252466327535837
0.0003349589803840262
0.00015730000205336722
7.356243647436372e-5
2.8962990739819586e-5
0.0
0.0
0.0
0.0
0.0
1.020832529352155e-5
4.046376256798505e-5
9.027042402138066e-5
0.0001421409919641744
0.00015208253472125393
0.00024659679652560174
0.0005627832076478639
0.0007726043335104633
0.0007473275646575995
0.0007427674133118323
0.0007834810798535372
0.0007417223146220799
0.0007305851501094049
0.0007180640606371739
0.00041958251942726985
0.00022962971707354924
0.000139652870296281
7.72380118019479e-5
9.507373626298511e-5
1.9702214777497043e-6
0.0
0.0
0.0
1.5859916472030754e-5
0.00012025788813129848
0.00026667026279072667
0.0004180009030265689
0.0005761215973177344
0.0007394532423414866
0.0008868765240838719
0.0009820334429114638
0.0010280831265291179
0.0011212264602316908
0.00116100955500667
0.0011644030115722185
0.001204013029797638
0.0011732559813206881
0.0011165785167243974
0.0006676858620073429
0.0003583267240460271
0.00017176395935675605
5.5941850030147024e-5
2.960242640273625e-5
0.0
0.0
0.0
0.0
0.0
7.011648067520503e-5
0.0001484075846441266
0.0003273686072111598
0.0005003147259137204
0.0006729789747129559
0.0008315306710731757
0.0009576905400149167
0.0010482429194544724
0.0010668268292098047
0.0011124356002000806
0.0012175046762547533
0.0013369068249415098
0.0013627648588973116
0.0011358690106220179
0.0006089805862580853
0.00029607912591767183
8.812979586995274e-5
6.740887217041392e-6
7.812387273239193e-6
0.0
0.0
0.0
0.0
0.0
1.0367893398378718e-5
5.782439412610245e-5
0.0002457879261487423
0.00038531954683811354
0.0005841867395273273
0.0006873323016225638
0.0008082277768310735
0.0009005797870095441
0.0009550415732313102
0.0010027595424433131
0.0010963680307717971
0.0011202797585832343
0.0011169742026387224
0.0009566608909930856
0.0004887101296897158
0.00017098991148020354
5.483985775854212e-5
3.955115842274446e-6
1.1084262930395826e-7
1.329995575001157e-7
0.0
0.0
0.0
0.0
2.668146843601442e-6
3.113856852957604e-5
0.00016200283939065923
0.0002598986126553029
0.0003594020827135292
0.00045078838622546083
0.0004980318299549765
0.0005568658096734947
0.0005885032612425646
0.0006240496575677575
0.0006762588976459597
0.0006626578040307657
0.0006296115070955748
0.0005669202971539343
0.0002426308042112367
4.712020744006689e-5
1.2053089121569018e-5
0.0
1.27542386862047e-7
1.1968851949048186e-6
0.0
2.6380251658355526e-5
7.558192532931447e-5
0.00010989219212260557
0.00029771322374250235
0.00040258989905836136
0.0005220642824563783
0.0006190526419220285
0.0007182987047189004
0.000788258447045283
0.0008701160075192022
0.0009592571031158556
0.0010627650916383913
0.001109844247311682
0.0011462966476879523
0.0011674942712743737
0.0011423030330724488
0.000985062127119028
0.00056227875591788
0.00034540203325955415
0.00021751058238507018
0.00012645945792385136
0.0001253573617861823
1.7892110156683691e-6
0.0
3.9360620693283896e-7
0.0
3.423890620248421e-5
0.0001498696169290714
0.0003046471006391432
0.0005331538868528965
0.0006474593214513613
0.0008425124401937493
0.0010401928037965624
0.0011670424589740503
0.0012197048682815008
0.0013331766992202335
0.001425216912796438
0.0014503975093258766
0.0014473782087281919
0.0014518998134961567
0.0013444498938543178
0.0007884100649765918
0.00037674754444280586
0.00015895447796434106
4.94467055102841e-5
1.958183195506986e-5
0.0
0.0
0.0
0.0
0.0
4.457951832531854e-6
7.610803704431154e-5
0.0002410726907946301
0.00041181434116361844
0.0005625697720842051
0.0006814776686365616
0.0007682208869726828
0.0008672121695758687
0.0009008486567821163
0.000964627224331253
0.0011306134577496686
0.0011339137249104876
0.0010671436222855317
0.0008851856085988465
0.00034170759116872683
5.0461045240821353e-5
5.858765209840873e-6
0.0
9.972820413464824e-8
0.0
0.0
0.0
0.0
0.0
0.0
2.1650488734026233e-6
1.6783188857259016e-5
4.704126780925955e-5
0.00015534935481990996
0.0003046055614365913
0.00043432062400081416
0.0005851429852741378
0.0007038239660209917
0.0008094841389598835
0.0008131374869723107
0.000821352351949734
0.00091842122268206
0.0007336780393000255
0.00021366863186106288
4.5196307168394545e-6
0.0
0.0
0.0
0.0
0.0
0.0
0.0
0.0
0.0
1.2363665243972252e-6
2.3431072301239966e-5
5.4990861669072994e-5
0.00012186054612851016
0.00023404958343469022
0.00033196520546694964
0.0005354479340519629
0.0006487578121433523
0.000688987376825943
0.0007974539298968906
0.0007840089796042629
0.0007550079831508586
0.0006448726143770071
0.00019610977248945478
2.7718829989946988e-6
0.0
0.0
0.0
0.0
0.0
0.0
0.0
0.0
0.0
1.3599892400719817e-6
1.9841350745904694e-6
5.496825278184581e-5
0.00018148221569537113
0.0002577545410329159
0.0003280401240574301
0.00040022442376626825
0.0005148305995457446
0.0006820384930154496
0.0007567047170766875
0.0007064325052838152
0.0006847762182772629
0.0005330980978087059
8.740812274122448e-5
1.0723950766072782e-7
0.0
0.0
0.0
0.0
0.0
0.0
0.0
0.0
0.0
0.0
3.232426719926615e-6
1.607212619492477e-6
3.4406651464863225e-5
9.738739065049707e-5
0.00024402234560167338
0.0003441181285095378
0.00037735105446723145
0.00042143481295809076
0.0005040122067894845
0.0005359266630458697
0.0005230035229708185
0.00038903407955787945
3.8318140866198414e-5
3.28468194446725e-7
0.0
0.0
0.0
0.0
0.0
0.0
0.0
0.0
0.0
0.0
2.2173059567654653e-6
1.168640791005556e-5
3.8416446557725544e-5
4.9123248731881436e-5
4.0915322872059645e-5
2.786252317644059e-5
5.033782564352821e-5
5.429988778475554e-5
9.18089876055492e-5
0.00018593437330821877
0.00020857576712607993
0.00014334202619922074
5.152749373944431e-7
3.9803875730081044e-7
0.0
0.0
0.0
0.0
0.0
0.0
0.0
0.0
0.0
0.0
0.0
0.0
0.0
0.0
0.0
0.0
0.0
0.0
2.320967543705775e-6
2.0618593291136097e-5
2.2650656293929106e-5
3.0521937376019565e-6
6.679995616733641e-7
0.0
0.0
0.0
0.0
0.0
0.0
0.0
0.0
0.0
0.0
0.0
0.0
0.0
0.0
0.0
0.0
3.0263319273139734e-5
0.00011522159174635535
0.00027218840076566846
0.0003035872941174354
0.00028521248244822494
0.00031462052530074403
0.00022752259436732786
8.912147407484889e-6
0.0
0.0
0.0
6.266424462749847e-8
0.0
0.0
0.0
0.0
0.0
8.63992191683955e-7
9.389484390724805e-7
1.1633261700228115e-5
5.958643494298582e-5
0.00013893549877783462
0.00025805104461845794
0.0003508762192874916
0.00038724110119038683
0.00042539709146532
0.0005112569615990921
0.0005846431690878386
0.0006314314526055592
0.0006843096712840438
0.0005904218805292458
0.00020967271476639526
1.675010385348327e-5
0.0
0.0
7.357334287383044e-8
0.0
0.0
0.0
0.0
0.0
9.450657263449253e-7
1.6527010416202288e-6
6.04330926246424e-5
0.00017747531067038307
0.00035001052323729956
0.00047646970329713926
0.000528847776122071
0.0005649280041770531
0.0006331580918995827
0.0007838165543745922
0.0009177498474764618
0.0010030433456571662
0.0009895232617032359
0.0008046409273648403
0.0003433085740815919
5.8780934891810834e-5
3.2094716256527043e-6
0.0
0.0
0.0
0.0
0.0
0.0
0.0
0.0
0.0
3.662036348313147e-6
2.6325621607304054e-5
0.0001755174112087932
0.00036721233446414806
0.0004175008326770875
0.0005334978995413812
0.0006693239165163821
0.0007393197737154506
0.000771583088351361
0.0008533716870857251
0.000837598462887436
0.0006306070578467344
0.00014806267798292205
0.0
2.168642739668749e-7
0.0
0.0
0.0
0.0
0.0
0.0
0.0
0.0
0.0
0.0
0.0
5.089880537571116e-7
3.4271969299921745e-8
0.0
0.0
0.0
0.0
6.226852552072576e-6
2.6328914397417443e-5
0.00010444245850013753
0.00014070895635204855
3.891125294166864e-6
0.0
0.0
0.0
0.0
0.0
0.0
0.0
0.0
0.0
0.0
0.0
2.9275570078912062e-5
5.140396928176599e-5
4.888265234480868e-5
0.00011985215690250396
0.00021915476694439132
0.0002779956930374793
0.0002667659261106211
0.00025299752517923444
0.0003084312408896401
0.00027180052890199825
0.000217833799062783
0.00021171224417381763
6.119975730904965e-5
6.0794304576288934e-5
0.00012480779383415572
0.00010689075086747291
0.00010172411225549749
4.710280445134545e-7
1.7260274717794699e-6
0.00010435572803420204
0.00013221836495205247
0.00014529415947469332
0.00030034221862704024
0.0003570777724894637
0.000421239944060028
0.0004325881818408181
0.00047466266503322786
0.0005311079575443182
0.0005740484613754243
0.000603380772402846
0.0006408058716418287
0.0006669917373911703
0.0006995699199182783
0.0007138239529923427
0.0007568277003428513
0.0007351501345057701
0.00048614628262980754
0.0003903832549253948
0.00041603007961546425
0.00033534763753518344
0.0001729765182894826
8.274827244501959e-6
0.0
0.00010508481047113257
0.00034219827012091337
0.00030938866152043176
0.0003635389778727969
0.0004046908820082467
0.0004828998828273437
0.0005672367191423866
0.0006368906328482551
0.0007785520403314356
0.0008346708088833352
0.0008949429311277372
0.0009477430429322773
0.0010259540026813707
0.0010887256519971705
0.0010890205177425266
0.0010900423485378423
0.0009049141616568235
0.00044870467903598653
0.0001735876081777946
8.915403032440258e-5
3.297754184429758e-5
2.1678134228119232e-5
0.0
0.0
0.0
0.0
0.0
4.254652079881475e-6
2.864266896043579e-5
8.186844817230292e-5
0.0001433113347535115
0.00021700144906407545
0.000321331987405144
0.00044088908839134955
0.000560171203098032
0.0005568100051673343
0.0006170736339372996
0.0007260143933195623
0.0007392189192367095
0.0007108794321235721
0.0005609082394205122
0.00016017364401119097
4.021957415089615e-6
0.0
0.0
6.17742397311477e-8
0.0
0.0
0.0
0.0
0.0
0.0
0.0
8.80780312604849e-7
0.0
5.881383274932169e-6
5.216621145908823e-5
0.00011517643037987541
0.00024215832253028787
0.0002702658828053806
0.00030322861005112854
0.0003414786700473189
0.000374019484717883
0.00040968652537594233
0.00020153055930685198
3.244921163007581e-5
5.798471207893482e-7
0.0
0.0
0.0
0.0
0.0
0.0
0.0
0.0
0.0
0.0
0.0
4.939542890089754e-7
0.0
4.144143317629306e-5
0.0001296333177257973
0.0002168839625845993
0.0002660941247415345
0.0002834204622714143
0.00029027829697495145
0.00034066213707939155
0.00041292855079529134
0.00015804282950426622
6.933712380153806e-6
0.0
0.0
0.0
0.0
0.0
0.0
0.0
0.0
0.0
0.0
0.0
0.0
1.0458794739691423e-6
1.0940258386103888e-6
3.270151213010878e-5
0.00014025708570253962
0.00019103866003728704
0.00021028284330391463
0.00030727330514601056
0.0004253369728438686
0.00036478176337638945
0.0002612436033592013
2.523686780650875e-5
0.0
0.0
0.0
0.0
0.0
0.0
0.0
0.0
0.0
0.0
0.0
0.0
0.0
1.796740848232156e-6
4.1836558532140075e-8
7.840983701045923e-6
4.025712674976368e-5
0.00013392753628322304
0.000214435817331699
0.0002355922257397675
0.0002395689188658317
0.0003126526332308154
0.0003000238802572238
3.3669841869033415e-5
2.4923339892499387e-7
0.0
0.0
0.0
0.0
0.0
0.0
0.0
0.0
0.0
0.0
0.0
0.0
6.035216781234854e-7
3.375781119990381e-8
0.0
5.644163130851012e-5
5.982375315545676e-5
0.00011454559013882094
0.00018519905619877275
0.00021579898205744983
0.00021699461713065425
0.0002439002472793421
2.0028327233855358e-5
5.442364233234475e-7
0.0
0.0
0.0
0.0
0.0
0.0
0.0
0.0
0.0
0.0
0.0
0.0
0.0
0.0
0.0
0.0
1.4892314574296743e-6
1.9533380157273368e-5
4.974128385486621e-5
0.00012902160134555644
9.389260372740733e-5
6.903950578041646e-5
5.797997008466694e-7
0.0
0.0
0.0
0.0
0.0
0.0
0.0
0.0
0.0
0.0
0.0
0.0
0.0
0.0
0.0
5.712936997315787e-7
0.0
3.3114248297094413e-6
0.0
1.3423141917848868e-5
4.4193695127499895e-5
6.652870095141036e-5
6.0826204719162876e-5
5.128028523850175e-7
0.0
0.0
0.0
0.0
0.0
0.0
0.0
0.0
0.0
0.0
0.0
0.0
0.0
0.0
0.0
1.6760026408941462e-6
2.833216467411843e-6
2.6505715329197094e-6
1.949599037181903e-5
4.064056240501209e-5
4.618560564070814e-5
6.508703677568823e-5
0.00010380730557712792
0.0
0.0
0.0
0.0
0.0
0.0
0.0
0.0
0.0
0.0
0.0
0.0
0.0
1.3716888374598463e-6
0.0
6.496620179786301e-6
2.7809581437055862e-5
2.997217121734095e-5
3.7596062667720226e-5
7.758788097671049e-5
7.227755118716892e-5
6.254190694936053e-5
7.283604777214952e-5
9.897025447100375e-5
1.532419834807001e-5
5.6660276856246216e-6
3.335274897781199e-5
2.604044912880893e-6
1.0591712534746782e-7
0.0
0.0
0.0
0.0
0.0
0.0
1.7294733771522919e-6
1.2215641283890272e-6
6.704975332931744e-6
2.6736772696664987e-5
1.3879389568849986e-5
1.6887536319121024e-5
4.551187000177425e-5
7.613714601948733e-5
0.00010011553701888128
0.00011229057195358623
9.007708466199861e-5
9.873337139447796e-5
7.70256483396726e-5
5.19528936659803e-7
0.0
0.0
0.0
1.257810715614157e-7
0.0
0.0
0.0
0.0
0.0
0.0
0.0
0.0
1.7501268895076866e-6
0.0
5.875184527231254e-6
4.1087247527442616e-5
5.906104939883519e-5
6.465292613968326e-5
0.00010299374715360316
0.0001582260773212751
0.0001986112977665095
0.00021798548764513631
0.00019330224941310726
1.0457490818236485e-5
0.0
0.0
0.0
0.0
0.0
0.0
0.0
0.0
0.0
0.0
0.0
0.0
8.096854180294618e-7
1.1147574519709507e-6
4.098811335648796e-8
3.255417880091496e-5
5.6862020450798436e-5
0.00014838461933028068
0.00024822894557793444
0.0003044075684306052
0.0003239144112881467
0.00033240701263135316
0.00027538902219005526
3.304287357607866e-5
0.0
0.0
0.0
0.0
0.0
0.0
0.0
0.0
0.0
0.0
0.0
0.0
0.0
0.0
3.314298109496017e-8
6.37899363292167e-6
2.561377246115511e-5
3.182848628235471e-5
0.00011419964391408614
0.00021936298956701212
0.00028683248324533697
0.00028151003760299467
0.00026947222700678537
3.592504999948814e-5
0.0
0.0
0.0
0.0
0.0
0.0
0.0
0.0
0.0
0.0
0.0
0.0
0.0
1.5893309406013432e-6
4.257057961250744e-8
2.9983642035135218e-5
0.00012400046152827562
0.00016102838790802904
0.00019963891472435575
0.000244360251263539
0.0003008193355130904
0.00036144011693718767
0.00031629970921370526
5.875969613825619e-5
0.0
0.0
0.0
0.0
0.0
0.0
0.0
0.0
0.0
0.0
0.0
0.0
0.0
0.0
0.0
0.0
1.6738466768726374e-5
3.063543821113066e-5
4.918863067556292e-5
0.00011703191629958121
0.00014334940020447302
0.0001329854441075387
0.00013179522309384047
0.0
0.0
0.0
0.0
0.0
0.0
0.0
0.0
0.0
0.0
0.0
0.0
0.0
0.0
0.0
8.86340519890898e-8
1.0967875991092125e-5
5.385552964363259e-5
6.766509153490308e-5
0.0001249635535418662
0.00021604909939506643
0.00029210505128183297
0.00028499031899763874
0.00027050157604383034
3.553341233357651e-5
0.0
0.0
0.0
0.0
0.0
0.0
0.0
0.0
0.0
0.0
0.0
0.0
0.0
0.0
0.0
0.0
0.0
1.4534047304007465e-5
6.634892026104567e-5
0.00020102945323111752
0.00026967464902065544
0.000259984962677779
0.00023920150837979177
2.3743845343826853e-5
0.0
0.0
0.0
0.0
0.0
0.0
0.0
0.0
0.0
0.0
0.0
0.0
0.0
0.0
3.7394196934892856e-8
2.9847223795712316e-7
8.79004435288795e-6
2.4064463214288902e-5
6.885199331513375e-5
0.00014004083177165922
0.00014185533703836377
0.00012645774209665007
0.00010785109673365545
5.145779441878623e-7
0.0
0.0
0.0
0.0
0.0
0.0
0.0
0.0
0.0
0.0
0.0
0.0
0.0
0.0
0.0
0.0
0.0
8.4633949384347e-6
3.8323527534317274e-5
5.043681781265529e-5
7.131946636884323e-5
0.0001357410059365356
6.78270796513384e-5
6.24271341020114e-7
0.0
0.0
0.0
0.0
0.0
0.0
0.0
0.0
0.0
0.0
0.0
0.0
0.0
0.0
0.0
0.0
0.0
0.0
0.0
0.0
0.0
0.0
0.0
5.887787435465926e-7
0.0
0.0
0.0
0.0
0.0
0.0
0.0
0.0
0.0
0.0
0.0
0.0
0.0
0.0
3.922838462324783e-8
0.0
8.997487544383786e-7
1.3228674827850446e-5
3.484997880047674e-5
6.852780940656536e-5
0.00013346818136317367
0.00013240614651203987
6.464710796974642e-5
5.636182469007023e-7
0.0
0.0
0.0
0.0
0.0
0.0
0.0
0.0
0.0
0.0
0.0
0.0
0.0
0.0
0.0
0.0
0.0
0.0
1.6278756302374828e-5
4.978682857662175e-5
7.962419542302941e-5
6.657322382882725e-5
2.1925524853008044e-5
6.06213513951906e-7
0.0
0.0
0.0
0.0
0.0
0.0
0.0
0.0
0.0
0.0
0.0
0.0
0.0
0.0
0.0
0.0
0.0
0.0
0.0
5.342649513844829e-6
3.345269676438816e-5
2.7632802264894995e-5
0.0
6.615264939119596e-7
0.0
0.0
0.0
0.0
0.0
0.0
0.0
0.0
0.0
0.0
0.0
0.0
0.0
0.0
0.0
0.0
0.0
0.0
1.8852193451532697e-6
2.7430135173160832e-5
0.00011124540269179207
0.00011943494578188325
6.48214427963488e-5
5.250981800564249e-7
0.0
0.0
0.0
0.0
0.0
0.0
0.0
0.0
0.0
0.0
0.0
0.0
0.0
0.0
0.0
1.6721893895918293e-6
5.304287397342081e-5
0.00019229867062665968
0.0002971352614065982
0.0003344906729834738
0.00033387846543175495
0.00023304539011958966
8.515791747216866e-5
4.302241755487152e-7
0.0
0.0
0.0
0.0
0.0
0.0
0.0
0.0
0.0
0.0
0.0
0.0
0.0
0.0
1.379932805363091e-5
6.31090659505483e-5
0.00014443944954904432
0.0002571959905793355
0.0003447186648698774
0.00041277700103208275
0.000447522912898231
0.000379442679991011
0.0002356007476551996
1.740652476107068e-5
0.0
0.0
0.0
0.0
0.0
0.0
0.0
0.0
0.0
0.0
0.0
0.0
0.0
0.0
0.0
1.5084654819564337e-6
4.095234915450472e-5
0.00011787595182302685
0.0002223012861464878
0.00030403460168008153
0.0003496325304437084
0.000257870649365582
9.658721269960946e-5
4.331793896674918e-7
0.0
0.0
0.0
0.0
0.0
0.0
0.0
0.0
0.0
0.0
0.0
0.0
0.0
0.0
0.0
0.0
8.224211941305705e-6
4.958678245805706e-5
8.748153732492647e-5
0.00014292330951161557
0.0001749202969096633
0.00013645326484745593
5.870993120163926e-5
5.363809009568105e-7
0.0
0.0
0.0
0.0
0.0
0.0
0.0
0.0
0.0
0.0
0.0
0.0
0.0
0.0
0.0
2.2594862148417008e-6
3.8118936736534095e-5
9.284982763995197e-5
0.00018238206565675347
0.0002670908933767519
0.00032327945692165854
0.0002444176102055373
0.00010211119812065562
5.672592610014105e-7
0.0
0.0
0.0
0.0
0.0
0.0
0.0
0.0
0.0
0.0
0.0
0.0
0.0
6.091792037245006e-7
4.188674301858519e-6
3.483786681881149e-5
6.512833643056962e-5
0.00012164919826935504
0.00020530869839443535
0.0002955743711556524
0.0003519645893718558
0.0002831427226326594
0.00014279520562478812
0.0
0.0
0.0
0.0
0.0
0.0
0.0
0.0
0.0
0.0
0.0
0.0
0.0
0.0
0.0
0.0
0.0
0.0
0.0
3.323686392953291e-5
0.00011621653812636048
0.0002261426530657817
0.00018736300254682694
7.520168400416166e-5
5.65598228650944e-7
0.0
0.0
0.0
0.0
0.0
0.0
0.0
0.0
0.0
0.0
0.0
0.0
0.0
0.0
6.424030746109574e-6
5.6549227781667426e-5
0.00014906137022261342
0.0002867001075661285
0.0003815258700509559
0.00045446522074426285
0.0004857660007875222
0.0003868910257168318
0.00019732935262365594
2.089624358904956e-6
0.0
0.0
0.0
0.0
0.0
0.0
0.0
0.0
0.0
0.0
0.0
0.0
0.0
0.0
0.0
0.0
0.0
1.8025750094573074e-5
8.141506138072507e-5
0.00022770151373568693
0.000350962936221382
0.0002818286634300157
0.0001062786401731443
4.3744396943462534e-7
0.0
0.0
0.0
0.0
0.0
0.0
0.0
0.0
0.0
0.0
0.0
0.0
0.0
0.0
0.0
1.6286530840361084e-6
4.1300197630394716e-5
0.00011802634397000155
0.00021415612553461343
0.00028652131358644417
0.0003209589364602446
0.00024392249908535623
0.00010850680073629218
4.164552976663483e-7
0.0
0.0
0.0
0.0
0.0
0.0
0.0
0.0
0.0
0.0
0.0
0.0
0.0
0.0
0.0
0.0
0.0
0.0
0.0
0.0
0.0
0.0
0.0
0.0
0.0
0.0
0.0
0.0
0.0
0.0
0.0
0.0
0.0
0.0
0.0
0.0
0.0
0.0
0.0
0.0
0.0
0.0
0.0
0.0
0.0
0.0
0.0
0.0
0.0
0.0
0.0
0.0
0.0
0.0
0.0
0.0
0.0
0.0
0.0
0.0
0.0
0.0
0.0
0.0
0.0
0.0
9.274628003594421e-7
2.0482778835990077e-5
4.1729070202482357e-5
2.7360968884160248e-5
0.0
6.993897418101457e-7
0.0
0.0
0.0
0.0
0.0
0.0
0.0
0.0
0.0
0.0
0.0
0.0
0.0
0.0
0.0
0.0
0.0
0.0
0.0
0.0
0.0
0.0
0.0
0.0
0.0
0.0
0.0
0.0
0.0
0.0
0.0
0.0
0.0
0.0
0.0
0.0
0.0
0.0
0.0
0.0
2.2710982737797766e-5
5.6199328089265196e-5
9.630800356427546e-5
0.0001666491118766054
0.000200979862179587
0.00018228702081565034
0.0001233509439048926
2.9049843253741335e-6
0.0
0.0
0.0
7.242634509691543e-8
0.0
0.0
0.0
0.0
0.0
0.0
0.0
1.0503625723378542e-6
0.0
0.0
9.146648217696552e-6
3.676268272124758e-5
6.251199794703883e-5
0.00011249947605406055
0.00018709738464093575
0.00026199313272754203
0.00030305117683764596
0.00025203811345303495
0.0001447970772355179
1.035626216208367e-6
0.0
0.0
0.0
7.046738629853175e-8
0.0
0.0
0.0
0.0
0.0
0.0
0.0
8.745833509307353e-7
0.0
2.2151632166782567e-5
6.672536446500362e-5
0.00016677685336646226
0.0002986504600696479
0.00043057219017870676
0.0004948029547716344
0.0005145837301246708
0.00048630032380165053
0.00040236563774577314
0.0002640561068827346
3.323254210582924e-5
0.0
0.0
0.0
0.0
0.0
0.0
0.0
0.0
0.0
0.0
0.0
0.0
1.0221457624115959e-6
6.347292168459125e-6
6.759167778637318e-5
0.00016739628741398445
0.00026844445226913063
0.0003629387535733803
0.0004738818244989145
0.0006035870233421671
0.0006992616413091511
0.0005944003211964785
0.0003612209384367968
3.794696226426455e-5
0.0
0.0
0.0
0.0
0.0
0.0
0.0
0.0
0.0
0.0
0.0
0.0
0.0
0.0
1.9153691625755484e-5
7.899942873399368e-5
0.00019251758932081376
0.00031429572213464285
0.00040056643621759654
0.000472688474524266
0.0005117478641291044
0.00040426449674793574
0.00022095045126945665
0.0
0.0
0.0
0.0
0.0
0.0
0.0
0.0
0.0
0.0
0.0
0.0
0.0
0.0
0.0
0.0
0.0
2.5234603869407897e-5
9.290542190846784e-5
0.00020741827379793605
0.00031442187713611136
0.0003860431432101603
0.00031538536438925066
0.0001590018559226932
0.0
0.0
0.0
0.0
0.0
0.0
0.0
0.0
0.0
0.0
0.0
0.0
0.0
0.0
0.0
3.7086141937449856e-7
0.0
8.788326054028721e-6
5.0771268435299764e-5
0.00010268884761689523
0.00018772628276829688
0.00023599674303464258
0.00013897555588850944
2.403105946821348e-5
6.195983405443328e-7
0.0
0.0
0.0
0.0
0.0
0.0
0.0
0.0
0.0
0.0
0.0
0.0
0.0
0.0
0.0
0.0
9.102563090087771e-7
3.122257377255017e-5
7.355810018186788e-5
0.00015838012661911676
0.00022215992514419813
0.00013959738812140295
2.9951575252857025e-5
5.498892962258919e-7
0.0
0.0
0.0
0.0
0.0
0.0
0.0
0.0
0.0
0.0
0.0
0.0
0.0
0.0
0.0
0.0
1.856796001119207e-6
5.731553127671782e-6
2.692138678749702e-5
6.195733439565298e-5
9.572288360040715e-5
6.905299393382273e-5
1.2144299518313755e-5
6.923932553348635e-7
0.0
0.0
0.0
0.0
0.0
0.0
0.0
0.0
0.0
0.0
0.0
0.0
0.0
0.0
0.0
0.0
2.6330724125048347e-6
2.1714827750916847e-5
6.023266749595422e-5
0.00010428808086680325
0.00014478001929701698
8.380618584603472e-5
1.0156070545254728e-5
6.097166340302493e-7
0.0
0.0
0.0
0.0
0.0
0.0
0.0
0.0
0.0
0.0
0.0
0.0
0.0
0.0
0.0
0.0
2.4445680742754236e-6
3.3784615698274052e-6
1.3376090590786795e-6
1.2726647658875321e-5
1.7305414809958563e-5
2.2160353564197095e-6
0.0
0.0
0.0
0.0
0.0
0.0
0.0
0.0
0.0
0.0
0.0
0.0
0.0
0.0
0.0
0.0
0.0
0.0
2.494128959164284e-6
5.160012433356176e-6
1.9437403264117395e-5
3.659111998881858e-5
4.6590870978909566e-5
2.8796825058730036e-5
0.0
6.670685422995424e-7
0.0
0.0
0.0
0.0
0.0
0.0
0.0
0.0
0.0
0.0
0.0
0.0
0.0
0.0
0.0
0.0
0.0
0.0
0.0
0.0
0.0
0.0
0.0
0.0
0.0
0.0
0.0
0.0
0.0
0.0
0.0
0.0
0.0
0.0
0.0
0.0
0.0
0.0
0.0
0.0
0.0
0.0
0.0
0.0
0.0
0.0
0.0
0.0
0.0
0.0
0.0
0.0
0.0
0.0
0.0
0.0
0.0
0.0
0.0
0.0
0.0
0.0
0.0
0.0
0.0
0.0
0.0
0.0
0.0
0.0
0.0
0.0
0.0
0.0
0.0
0.0
0.0
0.0
0.0
0.0
0.0
0.0
0.0
0.0
0.0
0.0
0.0
0.0
0.0
0.0
0.0
0.0
0.0
0.0
0.0
0.0
0.0
0.0
0.0
0.0
0.0
0.0
0.0
0.0
0.0
0.0
0.0
0.0
0.0
0.0
0.0
0.0
0.0
0.0
0.0
0.0
0.0
0.0
0.0
0.0
0.0
0.0
0.0
0.0
0.0
0.0
0.0
0.0
0.0
0.0
0.0
0.0
0.0
0.0
0.0
0.0
0.0
2.410780081321794e-6
0.0
1.704931126352334e-5
6.016456306054986e-5
4.499770113480802e-5
2.3287027687874074e-7
5.274591428234251e-7
0.0
0.0
0.0
0.0
0.0
0.0
0.0
0.0
0.0
0.0
0.0
0.0
0.0
0.0
0.0
0.0
0.0
0.0
3.0412926584071693e-5
0.00010970789911029781
0.00022851863956293726
0.0001439819949840838
1.4722525216940495e-5
4.740005588834993e-7
0.0
0.0
0.0
0.0
0.0
0.0
0.0
0.0
0.0
0.0
0.0
0.0
0.0
0.0
0.0
0.0
0.0
2.8973118521889815e-6
3.0528322977675146e-5
5.683175240348066e-5
7.885011942149242e-5
4.7566045133692334e-5
0.0
0.0
0.0
0.0
0.0
0.0
0.0
0.0
0.0
0.0
0.0
0.0
0.0
0.0
0.0
0.0
0.0
0.0
0.0
0.0
0.0
0.0
1.7343560742165727e-5
7.429195940814135e-6
0.0
0.0
0.0
0.0
0.0
0.0
0.0
0.0
0.0
0.0
0.0
0.0
0.0
0.0
0.0
0.0
0.0
0.0
0.0
0.0
0.0
0.0
0.0
0.0
0.0
0.0
0.0
0.0
0.0
0.0
0.0
0.0
0.0
0.0
0.0
0.0
0.0
0.0
0.0
0.0
0.0
0.0
0.0
0.0
8.343960325254459e-7
1.9759626662634248e-5
4.074605099410225e-5
1.7658227785761874e-5
0.0
0.0
0.0
0.0
0.0
0.0
0.0
0.0
0.0
0.0
0.0
0.0
0.0
0.0
0.0
0.0
0.0
0.0
0.0
0.0
1.544510615515874e-6
2.3666342299303783e-5
4.3607576038230995e-5
3.167226481476715e-5
0.0
6.7709977272021e-7
0.0
0.0
0.0
0.0
0.0
0.0
0.0
0.0
0.0
0.0
0.0
0.0
0.0
0.0
0.0
0.0
1.5373703467164064e-6
2.6360216590933036e-5
6.989060189385832e-5
0.00016762140692232606
0.0002602780217427538
0.0002087415728254263
8.14781250559754e-5
4.321861432012738e-7
0.0
0.0
0.0
0.0
0.0
0.0
0.0
0.0
0.0
0.0
0.0
0.0
0.0
0.0
0.0
0.0
0.0
0.0
4.563856617218508e-6
4.277611820646596e-5
0.00011705368709161575
9.043597536568111e-5
1.3209994759427881e-5
5.359844109071956e-7
0.0
0.0
0.0
0.0
0.0
0.0
0.0
0.0
0.0
0.0
0.0
0.0
0.0
0.0
0.0
0.0
0.0
3.120423768216773e-6
4.703120431286806e-5
0.00013386304384296218
0.00023424040829405818
0.00015838510097180352
3.3605600375413515e-5
5.571646142710067e-7
0.0
0.0
0.0
0.0
0.0
0.0
0.0
0.0
0.0
0.0
0.0
0.0
0.0
0.0
3.7189590392987155e-7
7.75853149104629e-7
3.10726554164451e-5
0.0001099188314939102
0.00019572683513850543
0.00024080466928603513
0.000249922344909901
0.00013873230027964268
2.3206358189945445e-5
4.951903268863834e-7
0.0
0.0
0.0
0.0
0.0
0.0
0.0
0.0
0.0
0.0
0.0
0.0
0.0
0.0
0.0
0.0
0.0
0.0
0.0
0.0
9.052817728098873e-6
2.0368115283323686e-6
0.0
0.0
0.0
0.0
0.0
0.0
0.0
0.0
0.0
0.0
0.0
0.0
0.0
0.0
0.0
0.0
4.047327480565247e-7
0.0
0.0
1.6088770486232682e-5
5.1066606380184165e-5
9.436062345631904e-5
0.0001427724426708825
6.932213348955231e-5
7.960998237410704e-7
0.0
0.0
0.0
0.0
0.0
0.0
0.0
0.0
0.0
0.0
0.0
0.0
0.0
0.0
0.0
0.0
0.0
0.0
0.0
0.0
0.0
0.0
0.0
0.0
0.0
0.0
0.0
0.0
0.0
0.0
0.0
0.0
0.0
0.0
0.0
0.0
0.0
0.0
0.0
0.0
0.0
0.0
0.0
0.0
0.0
0.0
0.0
0.0
0.0
0.0
0.0
0.0
0.0
0.0
0.0
0.0
0.0
0.0
0.0
0.0
0.0
0.0
0.0
0.0
0.0
0.0
0.0
0.0
0.0
0.0
0.0
0.0
0.0
0.0
0.0
0.0
0.0
0.0
0.0
0.0
0.0
0.0
0.0
0.0
0.0
0.0
0.0
0.0
0.0
0.0
0.0
0.0
0.0
0.0
0.0
0.0
0.0
0.0
0.0
0.0
0.0
0.0
0.0
0.0
0.0
0.0
0.0
0.0
0.0
0.0
0.0
0.0
0.0
0.0
0.0
0.0
0.0
0.0
0.0
0.0
0.0
0.0
0.0
0.0
0.0
0.0
0.0
0.0
0.0
0.0
0.0
0.0
0.0
0.0
0.0
0.0
0.0
0.0
0.0
1.607287090884884e-5
5.4886182090871775e-5
9.062382484547446e-5
5.6082849549640965e-5
4.1720931947050756e-7
0.0
0.0
0.0
0.0
0.0
0.0
0.0
0.0
0.0
0.0
0.0
0.0
0.0
0.0
0.0
0.0
0.0
1.7264896977728715e-6
3.626182825803451e-6
1.2783624577358995e-5
4.754934629661803e-5
7.456959970656194e-5
3.166702635583599e-5
0.0
0.0
0.0
0.0
0.0
0.0
0.0
0.0
0.0
0.0
0.0
0.0
0.0
0.0
0.0
0.0
0.0
0.0
0.0
0.0
0.0
3.979706485653984e-6
1.461570591655769e-5
0.0
0.0
0.0
0.0
0.0
0.0
0.0
0.0
0.0
0.0
0.0
0.0
0.0
0.0
0.0
0.0
0.0
0.0
0.0
0.0
0.0
0.0
0.0
0.0
0.0
0.0
0.0
0.0
0.0
0.0
0.0
0.0
0.0
0.0
0.0
0.0
0.0
0.0
0.0
0.0
0.0
0.0
0.0
0.0
0.0
0.0
0.0
0.0
0.0
0.0
0.0
0.0
0.0
0.0
0.0
0.0
0.0
0.0
0.0
0.0
0.0
0.0
0.0
0.0
0.0
0.0
0.0
0.0
0.0
0.0
0.0
7.449553394821e-7
0.0
0.0
0.0
0.0
0.0
0.0
0.0
0.0
0.0
0.0
0.0
0.0
0.0
0.0
0.0
0.0
0.0
0.0
0.0
0.0
0.0
0.0
0.0
0.0
0.0
0.0
0.0
0.0
0.0
0.0
0.0
0.0
0.0
0.0
0.0
0.0
0.0
0.0
0.0
0.0
0.0
0.0
0.0
0.0
0.0
0.0
0.0
0.0
0.0
0.0
0.0
0.0
0.0
0.0
0.0
0.0
0.0
0.0
0.0
0.0
0.0
0.0
0.0
0.0
0.0
0.0
0.0
0.0
0.0
0.0
0.0
0.0
0.0
0.0
0.0
0.0
0.0
0.0
0.0
0.0
0.0
0.0
0.0
0.0
0.0
0.0
0.0
0.0
0.0
0.0
0.0
0.0
0.0
0.0
0.0
0.0
0.0
0.0
0.0
0.0
0.0
0.0
0.0
0.0
0.0
0.0
0.0
0.0
0.0
0.0
0.0
0.0
0.0
0.0
0.0
0.0
0.0
0.0
0.0
0.0
0.0
0.0
0.0
0.0
0.0
0.0
0.0
0.0
0.0
0.0
0.0
0.0
0.0
0.0
0.0
0.0
0.0
0.0
0.0
0.0
0.0
8.267443704744516e-7
0.0
0.0
0.0
0.0
0.0
0.0
0.0
0.0
0.0
0.0
0.0
0.0
0.0
0.0
0.0
0.0
0.0
0.0
0.0
0.0
0.0
0.0
0.0
0.0
0.0
0.0
0.0
0.0
0.0
0.0
0.0
0.0
0.0
0.0
0.0
0.0
0.0
0.0
0.0
0.0
0.0
0.0
0.0
0.0
0.0
0.0
0.0
0.0
0.0
0.0
0.0
0.0
0.0
0.0
0.0
0.0
0.0
0.0
0.0
0.0
0.0
0.0
0.0
0.0
0.0
0.0
0.0
0.0
0.0
0.0
0.0
0.0
0.0
0.0
0.0
0.0
0.0
0.0
0.0
0.0
0.0
0.0
0.0
0.0
0.0
0.0
0.0
0.0
0.0
0.0
0.0
0.0
0.0
0.0
0.0
0.0
0.0
0.0
0.0
0.0
0.0
0.0
0.0
0.0
0.0
0.0
0.0
0.0
0.0
0.0
0.0
0.0
0.0
0.0
0.0
0.0
0.0
0.0
0.0
0.0
0.0
0.0
0.0
0.0
0.0
0.0
0.0
0.0
0.0
0.0
0.0
0.0
0.0
0.0
0.0
0.0
0.0
0.0
0.0
0.0
0.0
0.0
0.0
0.0
0.0
0.0
0.0
0.0
0.0
0.0
0.0
0.0
0.0
0.0
0.0
0.0
0.0
0.0
0.0
0.0
0.0
0.0
0.0
0.0
0.0
0.0
0.0
0.0
0.0
0.0
0.0
0.0
0.0
0.0
0.0
0.0
0.0
0.0
0.0
0.0
0.0
0.0
0.0
0.0
0.0
0.0
0.0
0.0
0.0
0.0
0.0
0.0
0.0
0.0
0.0
0.0
0.0
0.0
0.0
0.0
0.0
0.0
0.0
0.0
0.0
0.0
0.0
0.0
0.0
0.0
0.0
0.0
0.0
0.0
0.0
0.0
0.0
0.0
0.0
0.0
0.0
0.0
0.0
0.0
0.0
0.0
0.0
0.0
0.0
0.0
0.0
0.0
0.0
0.0
0.0
0.0
0.0
0.0
0.0
0.0
0.0
0.0
0.0
0.0
0.0
0.0
0.0
0.0
0.0
0.0
0.0
0.0
0.0
0.0
0.0
0.0
0.0
0.0
0.0
0.0
0.0
0.0
0.0
0.0
0.0
0.0
0.0
0.0
0.0
0.0
0.0
0.0
0.0
0.0
0.0
0.0
0.0
0.0
0.0
0.0
0.0
0.0
0.0
0.0
0.0
0.0
1.7290659790780107e-6
0.0
2.7481412245277867e-6
1.6675420056498366e-5
3.089068283950152e-5
0.0
0.0
0.0
0.0
0.0
0.0
0.0
0.0
0.0
0.0
0.0
0.0
0.0
0.0
0.0
0.0
0.0
0.0
0.0
0.0
0.0
2.6982172621159804e-6
0.0
0.0
0.0
0.0
0.0
0.0
0.0
0.0
0.0
0.0
0.0
0.0
0.0
0.0
0.0
0.0
0.0
0.0
0.0
0.0
0.0
0.0
1.7891729453643806e-6
0.0
0.0
0.0
0.0
0.0
0.0
0.0
0.0
0.0
0.0
0.0
0.0
0.0
0.0
0.0
0.0
0.0
0.0
0.0
0.0
0.0
0.0
0.0
0.0
0.0
0.0
0.0
0.0
0.0
0.0
0.0
0.0
0.0
0.0
0.0
0.0
0.0
0.0
0.0
0.0
0.0
0.0
0.0
0.0
0.0
0.0
0.0
0.0
0.0
0.0
0.0
0.0
0.0
0.0
0.0
0.0
0.0
0.0
0.0
0.0
0.0
0.0
0.0
0.0
0.0
0.0
0.0
0.0
0.0
0.0
0.0
0.0
0.0
0.0
0.0
0.0
0.0
0.0
0.0
0.0
0.0
0.0
0.0
0.0
0.0
0.0
0.0
0.0
0.0
0.0
0.0
0.0
0.0
0.0
0.0
0.0
0.0
0.0
0.0
0.0
0.0
0.0
0.0
0.0
0.0
0.0
0.0
0.0
0.0
0.0
0.0
0.0
0.0
0.0
0.0
0.0
0.0
0.0
0.0
0.0
0.0
0.0
0.0
0.0
0.0
0.0
0.0
0.0
0.0
0.0
0.0
0.0
0.0
0.0
0.0
0.0
0.0
0.0
0.0
0.0
0.0
0.0
0.0
0.0
0.0
0.0
0.0
0.0
0.0
0.0
0.0
0.0
0.0
0.0
0.0
0.0
0.0
0.0
0.0
0.0
0.0
0.0
0.0
0.0
0.0
0.0
0.0
0.0
0.0
0.0
0.0
0.0
0.0
0.0
0.0
0.0
0.0
0.0
0.0
0.0
0.0
0.0
0.0
0.0
0.0
0.0
0.0
0.0
0.0
0.0
0.0
0.0
0.0
0.0
0.0
0.0
0.0
0.0
0.0
0.0
0.0
0.0
0.0
0.0
0.0
0.0
0.0
0.0
0.0
0.0
0.0
0.0
0.0
0.0
0.0
0.0
0.0
0.0
0.0
0.0
0.0
0.0
0.0
0.0
0.0
0.0
0.0
0.0
0.0
0.0
0.0
0.0
0.0
0.0
0.0
0.0
0.0
0.0
0.0
0.0
0.0
0.0
0.0
0.0
0.0
0.0
0.0
0.0
0.0
0.0
0.0
0.0
0.0
0.0
0.0
0.0
0.0
0.0
0.0
0.0
0.0
0.0
0.0
0.0
0.0
0.0
0.0
0.0
0.0
0.0
0.0
0.0
0.0
0.0
0.0
0.0
0.0
0.0
0.0
0.0
0.0
0.0
0.0
0.0
0.0
0.0
0.0
0.0
0.0
0.0
0.0
0.0
0.0
0.0
0.0
0.0
0.0
0.0
0.0
0.0
0.0
0.0
0.0
0.0
0.0
0.0
0.0
0.0
0.0
0.0
0.0
0.0
0.0
0.0
0.0
0.0
0.0
0.0
0.0
0.0
0.0
0.0
0.0
0.0
0.0
0.0
0.0
0.0
0.0
0.0
0.0
0.0
0.0
0.0
0.0
0.0
0.0
0.0
0.0
0.0
0.0
0.0
0.0
0.0
0.0
0.0
0.0
0.0
0.0
0.0
0.0
0.0
0.0
0.0
0.0
0.0
0.0
0.0
0.0
0.0
0.0
0.0
0.0
0.0
0.0
0.0
0.0
0.0
0.0
0.0
0.0
0.0
0.0
0.0
0.0
0.0
0.0
0.0
0.0
0.0
0.0
0.0
0.0
0.0
0.0
0.0
0.0
0.0
0.0
0.0
0.0
0.0
0.0
0.0
0.0
0.0
0.0
0.0
0.0
0.0
0.0
0.0
0.0
0.0
0.0
0.0
0.0
0.0
0.0
0.0
0.0
0.0
0.0
0.0
0.0
0.0
0.0
0.0
0.0
0.0
0.0
0.0
0.0
0.0
0.0
0.0
0.0
0.0
0.0
0.0
0.0
0.0
0.0
8.421235481786569e-7
0.0
0.0
0.0
0.0
0.0
0.0
0.0
0.0
0.0
0.0
0.0
0.0
0.0
0.0
0.0
0.0
0.0
0.0
0.0
0.0
0.0
0.0
0.0
0.0
0.0
0.0
0.0
0.0
0.0
0.0
0.0
0.0
0.0
0.0
0.0
0.0
0.0
0.0
0.0
0.0
0.0
0.0
0.0
0.0
0.0
0.0
0.0
0.0
0.0
0.0
0.0
0.0
0.0
0.0
0.0
0.0
0.0
0.0
0.0
0.0
0.0
0.0
0.0
0.0
0.0
0.0
0.0
0.0
0.0
0.0
0.0
0.0
0.0
0.0
0.0
0.0
0.0
0.0
0.0
0.0
0.0
0.0
0.0
0.0
0.0
0.0
0.0
0.0
0.0
0.0
0.0
0.0
0.0
0.0
0.0
0.0
0.0
0.0
0.0
0.0
0.0
0.0
0.0
0.0
0.0
0.0
0.0
0.0
0.0
0.0
0.0
0.0
0.0
0.0
0.0
0.0
0.0
0.0
0.0
0.0
0.0
0.0
0.0
0.0
0.0
0.0
0.0
0.0
0.0
0.0
0.0
0.0
0.0
0.0
0.0
0.0
0.0
0.0
0.0
0.0
0.0
0.0
0.0
0.0
0.0
0.0
0.0
0.0
0.0
0.0
0.0
0.0
0.0
0.0
0.0
0.0
0.0
0.0
0.0
0.0
0.0
0.0
0.0
0.0
0.0
0.0
0.0
0.0
0.0
0.0
0.0
0.0
0.0
0.0
0.0
0.0
0.0
0.0
0.0
0.0
0.0
0.0
0.0
0.0
0.0
0.0
0.0
0.0
0.0
0.0
0.0
0.0
0.0
0.0
0.0
0.0
0.0
0.0
0.0
0.0
0.0
0.0
0.0
0.0
0.0
0.0
0.0
0.0
0.0
0.0
0.0
0.0
0.0
0.0
0.0
0.0
0.0
0.0
0.0
0.0
0.0
0.0
0.0
0.0
0.0
0.0
0.0
0.0
0.0
0.0
0.0
0.0
0.0
0.0
0.0
0.0
0.0
0.0
0.0
0.0
0.0
0.0
0.0
0.0
0.0
0.0
0.0
0.0
0.0
0.0
0.0
0.0
0.0
0.0
0.0
0.0
0.0
0.0
0.0
0.0
0.0
0.0
0.0
0.0
0.0
0.0
0.0
0.0
0.0
0.0
0.0
0.0
0.0
0.0
0.0
0.0
0.0
0.0
0.0
0.0
0.0
0.0
0.0
0.0
0.0
0.0
0.0
0.0
0.0
0.0
0.0
0.0
0.0
0.0
0.0
0.0
0.0
0.0
0.0
0.0
0.0
0.0
0.0
0.0
0.0
0.0
0.0
0.0
0.0
0.0
0.0
0.0
0.0
0.0
0.0
0.0
0.0
0.0
0.0
0.0
0.0
0.0
0.0
0.0
0.0
0.0
0.0
0.0
0.0
0.0
0.0
0.0
0.0
0.0
0.0
0.0
0.0
0.0
0.0
0.0
0.0
0.0
0.0
0.0
0.0
0.0
0.0
0.0
0.0
0.0
0.0
0.0
0.0
0.0
0.0
0.0
0.0
0.0
0.0
0.0
0.0
0.0
0.0
0.0
0.0
0.0
0.0
0.0
0.0
0.0
0.0
0.0
0.0
0.0
0.0
0.0
0.0
0.0
0.0
0.0
0.0
0.0
0.0
0.0
0.0
0.0
0.0
0.0
0.0
0.0
0.0
0.0
0.0
0.0
0.0
0.0
0.0
0.0
0.0
0.0
0.0
0.0
0.0
0.0
0.0
0.0
0.0
0.0
0.0
0.0
0.0
0.0
0.0
0.0
0.0
0.0
0.0
0.0
0.0
0.0
0.0
0.0
0.0
0.0
0.0
0.0
0.0
0.0
0.0
0.0
0.0
0.0
0.0
0.0
0.0
0.0
0.0
0.0
0.0
0.0
0.0
0.0
0.0
0.0
0.0
0.0
0.0
0.0
0.0
0.0
0.0
0.0
0.0
0.0
0.0
0.0
0.0
0.0
0.0
0.0
0.0
0.0
0.0
0.0
0.0
0.0
0.0
0.0
0.0
0.0
0.0
0.0
0.0
0.0
0.0
0.0
0.0
0.0
0.0
0.0
0.0
0.0
0.0
0.0
0.0
0.0
0.0
0.0
0.0
0.0
0.0
0.0
0.0
0.0
0.0
0.0
0.0
0.0
0.0
0.0
0.0
0.0
0.0
0.0
0.0
0.0
0.0
0.0
0.0
0.0
0.0
0.0
0.0
0.0
0.0
0.0
0.0
0.0
0.0
0.0
0.0
0.0
0.0
0.0
0.0
0.0
0.0
0.0
0.0
0.0
0.0
0.0
0.0
0.0
0.0
0.0
0.0
0.0
0.0
0.0
0.0
0.0
0.0
0.0
0.0
0.0
0.0
0.0
0.0
0.0
0.0
0.0
0.0
0.0
0.0
0.0
0.0
0.0
0.0
0.0
0.0
0.0
0.0
0.0
0.0
0.0
0.0
0.0
0.0
0.0
0.0
0.0
0.0
0.0
0.0
0.0
0.0
0.0
0.0
0.0
0.0
0.0
0.0
0.0
0.0
0.0
0.0
0.0
0.0
0.0
0.0
0.0
0.0
0.0
0.0
0.0
0.0
0.0
0.0
0.0
0.0
0.0
0.0
0.0
0.0
0.0
0.0
0.0
0.0
0.0
0.0
0.0
0.0
0.0
0.0
0.0
0.0
0.0
0.0
0.0
0.0
0.0
0.0
0.0
0.0
0.0
0.0
0.0
0.0
0.0
0.0
0.0
0.0
0.0
0.0
0.0
0.0
0.0
0.0
0.0
0.0
0.0
0.0
0.0
0.0
0.0
0.0
0.0
0.0
0.0
0.0
0.0
0.0
0.0
0.0
0.0
0.0
0.0
0.0
0.0
0.0
0.0
0.0
0.0
0.0
0.0
0.0
0.0
0.0
0.0
0.0
0.0
0.0
0.0
0.0
0.0
0.0
0.0
0.0
0.0
0.0
0.0
0.0
0.0
0.0
0.0
0.0
0.0
0.0
0.0
0.0
0.0
0.0
0.0
0.0
0.0
0.0
0.0
0.0
0.0
0.0
0.0
0.0
0.0
0.0
0.0
0.0
0.0
0.0
0.0
0.0
0.0
0.0
0.0
0.0
0.0
0.0
0.0
0.0
0.0
0.0
0.0
0.0
0.0
0.0
0.0
0.0
0.0
0.0
0.0
0.0
0.0
0.0
0.0
0.0
0.0
0.0
0.0
0.0
0.0
0.0
0.0
0.0
0.0
0.0
0.0
0.0
0.0
0.0
0.0
0.0
0.0
0.0
0.0
0.0
0.0
0.0
0.0
0.0
0.0
0.0
0.0
0.0
0.0
0.0
0.0
0.0
0.0
0.0
0.0
0.0
0.0
0.0
0.0
0.0
0.0
0.0
0.0
0.0
0.0
0.0
0.0
0.0
0.0
0.0
0.0
0.0
0.0
0.0
0.0
0.0
0.0
0.0
0.0
0.0
0.0
0.0
0.0
0.0
0.0
0.0
0.0
0.0
0.0
0.0
0.0
0.0
0.0
0.0
0.0
0.0
0.0
0.0
0.0
0.0
0.0
0.0
0.0
0.0
0.0
0.0
0.0
0.0
0.0
0.0
0.0
0.0
0.0
0.0
0.0
0.0
0.0
0.0
0.0
0.0
0.0
0.0
0.0
0.0
0.0
0.0
0.0
0.0
0.0
0.0
0.0
0.0
0.0
0.0
0.0
0.0
0.0
0.0
0.0
0.0
0.0
0.0
0.0
0.0
0.0
0.0
0.0
0.0
0.0
0.0
0.0
0.0
0.0
0.0
0.0
0.0
0.0
0.0
0.0
0.0
0.0
0.0
0.0
0.0
0.0
0.0
0.0
0.0
0.0
0.0
0.0
0.0
0.0
0.0
0.0
0.0
0.0
0.0
0.0
0.0
0.0
0.0
0.0
0.0
0.0
0.0
0.0
0.0
0.0
0.0
0.0
0.0
0.0
0.0
0.0
0.0
0.0
0.0
0.0
0.0
0.0
0.0
0.0
0.0
0.0
0.0
0.0
0.0
0.0
0.0
0.0
0.0
0.0
0.0
0.0
0.0
0.0
0.0
0.0
0.0
0.0
0.0
0.0
0.0
0.0
0.0
0.0
0.0
0.0
0.0
0.0
0.0
0.0
0.0
0.0
0.0
0.0
0.0
0.0
0.0
0.0
0.0
0.0
0.0
0.0
0.0
0.0
0.0
0.0
0.0
0.0
0.0
0.0
0.0
0.0
0.0
0.0
0.0
0.0
0.0
0.0
0.0
0.0
0.0
0.0
0.0
0.0
0.0
0.0
0.0
0.0
0.0
0.0
0.0
0.0
0.0
0.0
0.0
0.0
0.0
0.0
0.0
0.0
0.0
0.0
0.0
0.0
0.0
0.0
0.0
0.0
0.0
0.0
0.0
0.0
0.0
0.0
0.0
0.0
0.0
0.0
0.0
0.0
0.0
0.0
0.0
0.0
0.0
0.0
0.0
0.0
0.0
0.0
0.0
0.0
0.0
0.0
0.0
0.0
0.0
0.0
0.0
0.0
0.0
0.0
0.0
0.0
0.0
0.0
0.0
0.0
0.0
0.0
0.0
0.0
0.0
0.0
0.0
0.0
0.0
0.0
0.0
0.0
0.0
0.0
0.0
0.0
0.0
0.0
0.0
0.0
0.0
0.0
0.0
0.0
0.0
0.0
0.0
0.0
0.0
0.0
0.0
0.0
0.0
0.0
0.0
0.0
0.0
0.0
0.0
0.0
0.0
0.0
0.0
0.0
0.0
0.0
0.0
0.0
0.0
0.0
0.0
0.0
0.0
0.0
0.0
0.0
0.0
0.0
0.0
0.0
0.0
0.0
0.0
0.0
0.0
0.0
0.0
0.0
0.0
0.0
0.0
0.0
0.0
0.0
0.0
0.0
0.0
0.0
0.0
0.0
0.0
0.0
0.0
0.0
0.0
0.0
0.0
0.0
0.0
0.0
0.0
0.0
0.0
0.0
0.0
0.0
0.0
0.0
0.0
0.0
0.0
0.0
0.0
0.0
0.0
0.0
0.0
0.0
0.0
0.0
0.0
0.0
0.0
0.0
0.0
0.0
0.0
0.0
0.0
0.0
0.0
0.0
0.0
0.0
0.0
0.0
0.0
0.0
0.0
0.0
0.0
0.0
0.0
0.0
0.0
0.0
0.0
0.0
0.0
0.0
0.0
0.0
0.0
0.0
0.0
0.0
0.0
0.0
0.0
0.0
0.0
0.0
0.0
0.0
0.0
0.0
0.0
0.0
0.0
0.0
0.0
0.0
0.0
0.0
0.0
0.0
0.0
0.0
0.0
0.0
0.0
0.0
0.0
0.0
0.0
0.0
0.0
0.0
0.0
0.0
0.0
0.0
0.0
0.0
0.0
0.0
0.0
0.0
0.0
0.0
0.0
0.0
0.0
0.0
0.0
0.0
0.0
0.0
0.0
0.0
0.0
0.0
0.0
0.0
0.0
0.0
0.0
0.0
0.0
0.0
0.0
0.0
0.0
0.0
0.0
0.0
0.0
0.0
0.0
0.0
0.0
0.0
0.0
0.0
0.0
0.0
0.0
0.0
0.0
0.0
0.0
0.0
0.0
0.0
0.0
0.0
0.0
0.0
0.0
0.0
0.0
0.0
0.0
0.0
0.0
0.0
0.0
0.0
0.0
0.0
0.0
0.0
0.0
0.0
0.0
0.0
0.0
0.0
0.0
0.0
0.0
0.0
0.0
0.0
0.0
0.0
0.0
0.0
0.0
0.0
0.0
0.0
0.0
0.0
0.0
0.0
0.0
0.0
0.0
0.0
0.0
0.0
0.0
0.0
0.0
0.0
0.0
0.0
0.0
0.0
0.0
0.0
0.0
0.0
0.0
0.0
0.0
0.0
0.0
0.0
0.0
0.0
0.0
0.0
0.0
0.0
0.0
0.0
0.0
0.0
0.0
0.0
0.0
0.0
0.0
0.0
0.0
0.0
0.0
0.0
0.0
0.0
0.0
0.0
0.0
0.0
0.0
0.0
0.0
0.0
0.0
0.0
0.0
0.0
0.0
0.0
0.0
0.0
0.0
0.0
0.0
0.0
0.0
0.0
0.0
0.0
0.0
0.0
0.0
0.0
0.0
0.0
0.0
0.0
0.0
0.0
0.0
0.0
0.0
0.0
0.0
0.0
0.0
0.0
0.0
0.0
0.0
0.0
0.0
0.0
0.0
0.0
0.0
0.0
0.0
0.0
0.0
0.0
0.0
0.0
0.0
0.0
0.0
0.0
0.0
0.0
0.0
0.0
0.0
0.0
0.0
0.0
0.0
0.0
0.0
0.0
0.0
0.0
0.0
0.0
0.0
0.0
0.0
0.0
0.0
0.0
0.0
0.0
0.0
0.0
0.0
0.0
0.0
0.0
0.0
0.0
0.0
0.0
0.0
0.0
0.0
0.0
0.0
0.0
0.0
0.0
0.0
0.0
0.0
0.0
0.0
0.0
0.0
0.0
0.0
0.0
0.0
0.0
0.0
0.0
0.0
0.0
0.0
0.0
0.0
0.0
0.0
0.0
0.0
0.0
0.0
0.0
0.0
0.0
0.0
0.0
0.0
0.0
0.0
0.0
0.0
0.0
0.0
0.0
0.0
0.0
0.0
0.0
0.0
0.0
0.0
0.0
0.0
0.0
0.0
0.0
0.0
0.0
0.0
0.0
0.0
0.0
0.0
0.0
0.0
0.0
0.0
0.0
0.0
0.0
0.0
0.0
0.0
0.0
0.0
0.0
0.0
0.0
0.0
0.0
0.0
0.0
0.0
0.0
0.0
0.0
0.0
0.0
0.0
0.0
0.0
0.0
0.0
0.0
0.0
0.0
0.0
0.0
0.0
0.0
0.0
0.0
0.0
0.0
0.0
0.0
0.0
0.0
0.0
0.0
0.0
0.0
0.0
0.0
0.0
0.0
0.0
0.0
0.0
0.0
0.0
0.0
0.0
0.0
0.0
0.0
0.0
0.0
0.0
0.0
0.0
0.0
0.0
0.0
0.0
0.0
0.0
0.0
0.0
0.0
0.0
0.0
0.0
0.0
0.0
0.0
0.0
0.0
0.0
0.0
0.0
0.0
0.0
0.0
0.0
0.0
0.0
0.0
0.0
0.0
0.0
0.0
0.0
0.0
0.0
0.0
0.0
0.0
0.0
0.0
0.0
0.0
0.0
0.0
0.0
0.0
0.0
0.0
0.0
0.0
0.0
0.0
0.0
0.0
0.0
0.0
0.0
0.0
0.0
0.0
0.0
0.0
0.0
0.0
0.0
0.0
0.0
0.0
0.0
0.0
0.0
0.0
0.0
0.0
0.0
0.0
0.0
0.0
0.0
0.0
0.0
0.0
0.0
0.0
0.0
0.0
0.0
0.0
0.0
0.0
0.0
0.0
0.0
0.0
0.0
0.0
0.0
0.0
0.0
0.0
0.0
0.0
0.0
0.0
0.0
0.0
0.0
0.0
0.0
0.0
0.0
0.0
0.0
0.0
0.0
0.0
0.0
0.0
0.0
0.0
0.0
0.0
0.0
0.0
0.0
0.0
0.0
0.0
0.0
0.0
0.0
0.0
0.0
0.0
0.0
0.0
0.0
0.0
0.0
0.0
0.0
0.0
0.0
0.0
0.0
0.0
0.0
0.0
0.0
0.0
0.0
0.0
0.0
0.0
0.0
0.0
0.0
0.0
0.0
0.0
0.0
0.0
0.0
0.0
0.0
0.0
0.0
0.0
0.0
0.0
0.0
0.0
0.0
0.0
0.0
0.0
0.0
0.0
0.0
0.0
0.0
0.0
0.0
0.0
0.0
0.0
0.0
0.0
0.0
0.0
0.0
0.0
0.0
0.0
0.0
0.0
0.0
0.0
0.0
0.0
0.0
0.0
0.0
0.0
0.0
0.0
0.0
0.0
0.0
0.0
0.0
0.0
0.0
0.0
0.0
0.0
0.0
0.0
0.0
0.0
0.0
0.0
0.0
0.0
0.0
0.0
0.0
0.0
0.0
0.0
0.0
0.0
0.0
0.0
0.0
0.0
0.0
0.0
0.0
0.0
0.0
0.0
0.0
0.0
0.0
0.0
0.0
0.0
0.0
1.979744038821331e-6
0.0
0.0
0.0
0.0
0.0
0.0
0.0
0.0
0.0
0.0
0.0
0.0
0.0
0.0
0.0
0.0
0.0
0.0
0.0
0.0
0.0
0.0
0.0
4.38959846731429e-6
0.0
0.0
4.797010951700006e-6
0.0
0.0
0.0
0.0
0.0
0.0
0.0
0.0
0.0
0.0
0.0
0.0
0.0
0.0
0.0
0.0
0.0
0.0
0.0
0.0
0.0
0.0
0.0
0.0
0.0
0.0
0.0
0.0
0.0
0.0
0.0
0.0
0.0
0.0
0.0
0.0
0.0
0.0
0.0
0.0
0.0
0.0
0.0
0.0
0.0
0.0
0.0
0.0
0.0
0.0
0.0
0.0
0.0
0.0
0.0
0.0
0.0
0.0
0.0
0.0
0.0
0.0
0.0
0.0
0.0
0.0
0.0
0.0
0.0
0.0
0.0
0.0
0.0
0.0
0.0
0.0
0.0
0.0
0.0
0.0
0.0
0.0
0.0
0.0
0.0
0.0
0.0
0.0
0.0
0.0
0.0
0.0
0.0
0.0
0.0
0.0
0.0
0.0
0.0
0.0
0.0
0.0
0.0
0.0
0.0
0.0
0.0
0.0
0.0
0.0
0.0
0.0
0.0
0.0
0.0
0.0
0.0
0.0
0.0
0.0
0.0
0.0
0.0
0.0
0.0
0.0
0.0
0.0
0.0
0.0
0.0
0.0
0.0
0.0
0.0
0.0
0.0
0.0
0.0
0.0
0.0
0.0
0.0
0.0
0.0
0.0
0.0
0.0
0.0
0.0
0.0
0.0
0.0
0.0
0.0
0.0
0.0
0.0
0.0
0.0
0.0
0.0
0.0
0.0
0.0
0.0
0.0
0.0
0.0
0.0
0.0
0.0
0.0
0.0
0.0
0.0
0.0
0.0
0.0
0.0
0.0
0.0
0.0
0.0
0.0
0.0
0.0
0.0
0.0
0.0
0.0
0.0
0.0
0.0
0.0
0.0
0.0
0.0
0.0
0.0
0.0
0.0
0.0
0.0
0.0
0.0
0.0
0.0
0.0
0.0
0.0
0.0
0.0
0.0
0.0
0.0
0.0
0.0
0.0
0.0
0.0
0.0
0.0
0.0
0.0
0.0
0.0
0.0
0.0
0.0
0.0
0.0
0.0
0.0
1.6895323802274686e-6
3.6399942957695087e-6
1.6425193593490682e-6
2.2536225991284225e-5
3.8334706809335353e-5
1.88076435777423e-5
0.0
0.0
0.0
0.0
0.0
0.0
0.0
0.0
0.0
0.0
0.0
0.0
0.0
0.0
0.0
0.0
0.0
0.0
0.0
0.0
0.0
0.0
0.0
0.0
0.0
0.0
0.0
0.0
0.0
0.0
0.0
0.0
0.0
0.0
0.0
0.0
0.0
0.0
0.0
0.0
0.0
0.0
0.0
0.0
0.0
0.0
1.5666375102577825e-6
4.0626172525328747e-7
0.0
6.298217230708252e-7
0.0
0.0
0.0
0.0
0.0
0.0
0.0
0.0
0.0
0.0
0.0
0.0
0.0
0.0
0.0
0.0
0.0
0.0
1.8426609595272978e-6
2.553468858258443e-5
4.546295745985051e-5
4.060939713457488e-5
6.9248455341339155e-6
6.333221245511535e-7
0.0
0.0
0.0
0.0
0.0
0.0
0.0
0.0
0.0
0.0
0.0
0.0
0.0
0.0
0.0
0.0
0.0
0.0
0.0
1.2660230327523996e-6
1.1574912469852802e-5
3.820363414530726e-6
0.0
0.0
0.0
0.0
0.0
0.0
0.0
0.0
0.0
0.0
0.0
0.0
0.0
0.0
0.0
0.0
0.0
0.0
0.0
0.0
0.0
0.0
0.0
0.0
0.0
0.0
0.0
0.0
0.0
0.0
0.0
0.0
0.0
0.0
0.0
0.0
0.0
0.0
0.0
0.0
0.0
0.0
0.0
0.0
0.0
0.0
0.0
0.0
0.0
0.0
0.0
0.0
0.0
0.0
0.0
0.0
0.0
0.0
0.0
0.0
0.0
0.0
0.0
0.0
0.0
0.0
1.6189458540005855e-6
3.348647516414886e-6
1.4061128997347048e-6
1.607209557571016e-5
2.6644917896935896e-5
1.9398759490341623e-5
0.0
6.135779009560953e-7
0.0
0.0
0.0
0.0
0.0
0.0
0.0
0.0
0.0
0.0
0.0
0.0
0.0
0.0
0.0
0.0
0.0
0.0
0.0
0.0
0.0
0.0
0.0
0.0
0.0
0.0
0.0
0.0
0.0
0.0
0.0
0.0
0.0
0.0
0.0
0.0
0.0
0.0
0.0
0.0
0.0
0.0
0.0
0.0
4.989799011728e-6
6.3800120981991836e-6
0.0
6.158629673465243e-7
0.0
0.0
0.0
0.0
0.0
0.0
0.0
0.0
0.0
0.0
0.0
0.0
0.0
0.0
0.0
0.0
0.0
0.0
0.0
0.0
0.0
0.0
0.0
0.0
0.0
0.0
0.0
0.0
0.0
0.0
0.0
0.0
0.0
0.0
0.0
0.0
0.0
0.0
0.0
0.0
0.0
0.0
0.0
9.705774431015786e-7
9.173131617227495e-6
1.826877778046192e-6
0.0
0.0
0.0
0.0
0.0
0.0
0.0
0.0
0.0
0.0
0.0
0.0
0.0
0.0
0.0
0.0
0.0
0.0
0.0
0.0
0.0
0.0
0.0
0.0
0.0
0.0
0.0
0.0
0.0
0.0
0.0
0.0
0.0
0.0
0.0
0.0
0.0
0.0
0.0
0.0
0.0
0.0
0.0
0.0
0.0
2.563053924060756e-6
0.0
0.0
0.0
0.0
0.0
0.0
0.0
0.0
0.0
0.0
0.0
0.0
0.0
0.0
0.0
0.0
0.0
0.0
0.0
0.0
0.0
0.0
1.9837729225284876e-5
5.62145862996281e-5
9.431707492000664e-5
8.824435029722804e-5
5.966214201764526e-5
5.321935249491527e-7
0.0
0.0
0.0
0.0
0.0
0.0
0.0
0.0
0.0
0.0
0.0
0.0
8.377932167800446e-7
1.0967423336848045e-6
3.6880314757675794e-5
7.961315917687484e-5
0.00013659579147911707
0.00019722670636219755
0.00024694233893334476
0.0002872641598851457
0.00029438069027227826
0.00021717090367542904
9.800334649970185e-5
5.713886459320863e-7
0.0
0.0
0.0
0.0
0.0
0.0
0.0
0.0
0.0
0.0
0.0
0.0
0.0
0.0
3.5912269880150616e-6
2.8848298249568877e-5
4.6543267670812434e-5
6.287697720197937e-5
0.0001346456848502967
0.0002491786142316724
0.0003311021323085657
0.00028209320441535473
0.0001541234735380093
0.0
0.0
0.0
0.0
0.0
0.0
0.0
0.0
0.0
0.0
0.0
0.0
0.0
0.0
5.421185438264247e-7
2.0594536791095825e-6
2.135066454939745e-5
3.4628696321012577e-5
4.5614661086587566e-5
5.995361412021509e-5
8.25887035738356e-5
9.214265343729537e-5
9.587268444554189e-5
8.173204714419675e-5
0.0
0.0
0.0
0.0
0.0
0.0
0.0
0.0
0.0
0.0
0.0
0.0
0.0
0.0
0.0
3.953894318446495e-8
1.4718130315678911e-5
4.922045333929633e-5
9.210467774476132e-5
0.00016238649216807896
0.00022911177720144512
0.0002597600685530406
0.00022567099741517468
0.0001550580711727937
5.1651357006124686e-6
0.0
0.0
0.0
0.0
0.0
0.0
0.0
0.0
0.0
0.0
0.0
0.0
0.0
1.0619731058453934e-6
2.837620639083629e-6
3.5588445140725494e-5
7.146996610629815e-5
0.00014211849028369973
0.00020881449858516104
0.0002654024962741621
0.0002938454774612905
0.0002544562577443947
0.00018886288415373965
4.768860851144465e-6
0.0
0.0
0.0
0.0
0.0
0.0
0.0
0.0
0.0
0.0
0.0
0.0
0.0
0.0
4.115973985543468e-8
1.8833468407964455e-5
4.757822457243304e-5
7.934157035484315e-5
0.00016203508075776266
0.00025344862453603175
0.000318998280140729
0.00029544778762061267
0.0002254512575437058
1.337006274751084e-5
0.0
0.0
0.0
0.0
0.0
0.0
0.0
0.0
0.0
0.0
0.0
0.0
0.0
6.565818809133172e-7
6.338772087019757e-6
4.477433669546982e-5
7.7337174097887e-5
0.0001454617795289754
0.00021692806012241388
0.00028658685044326233
0.00031998139991962937
0.0002857481125066746
0.00020927000054034658
2.2704266295133322e-5
0.0
0.0
0.0
0.0
0.0
0.0
0.0
0.0
0.0
0.0
0.0
0.0
0.0
0.0
8.615600307219752e-8
1.06533792187702e-5
3.519100868312676e-5
5.760576116237824e-5
0.00010794657672198991
0.00020125417433979983
0.00025978565337286184
0.00021127483283613665
0.00010162901090484491
5.553541590246347e-7
0.0
0.0
0.0
0.0
0.0
0.0
0.0
0.0
0.0
0.0
0.0
0.0
0.0
0.0
0.0
0.0
2.817420269660849e-6
1.6932822306820187e-5
4.769430435124248e-5
6.645979833978203e-5
8.196119406679408e-5
6.683023682123831e-5
2.7527567917989704e-5
5.830209408641893e-7
0.0
0.0
0.0
0.0
0.0
0.0
0.0
0.0
0.0
0.0
0.0
0.0
0.0
0.0
4.172576403832942e-7
0.0
2.0884916420854825e-6
2.9795210632258737e-5
6.020437494664117e-5
9.950332188289694e-5
0.00013908339206734278
0.00011186365679915618
6.076270519694248e-5
5.538272310467428e-7
0.0
0.0
0.0
0.0
0.0
0.0
0.0
0.0
0.0
0.0
0.0
0.0
0.0
0.0
0.0
0.0
2.693172101507909e-5
6.640035704289583e-5
0.0001222691127665514
0.0001965360052744287
0.00023163791601575216
0.00019127335772803287
0.00010211823370063357
5.257423914026458e-7
0.0
0.0
0.0
0.0
0.0
0.0
0.0
0.0
0.0
0.0
0.0
0.0
0.0
0.0
0.0
0.0
0.0
1.7134249280861285e-5
3.4071751271339755e-5
3.985201453020751e-5
3.893872837666627e-5
4.184048164017338e-5
3.272388505864822e-5
0.0
0.0
0.0
0.0
0.0
0.0
0.0
0.0
0.0
0.0
0.0
0.0
0.0
0.0
0.0
0.0
0.0
0.0
6.9966933022646986e-6
3.742927549444825e-5
8.052959126567489e-5
0.00014655671632319165
0.00012472677841697614
5.359068865093537e-5
5.666459892824429e-7
0.0
0.0
0.0
0.0
0.0
0.0
0.0
0.0
0.0
0.0
0.0
0.0
0.0
0.0
0.0
0.0
0.0
1.8741796917223083e-6
2.320580614119373e-5
4.4626342271135956e-5
5.985439705278742e-5
5.894251141512503e-5
3.698540776863396e-5
5.014502699035801e-7
0.0
0.0
0.0
0.0
0.0
0.0
0.0
0.0
0.0
0.0
0.0
0.0
0.0
0.0
3.400294041578026e-8
2.642312398742748e-7
2.559876866226871e-5
5.838235488047043e-5
0.00010862561350290615
0.00019293170195297925
0.00024004892398012034
0.00020326271536397648
0.00011152060882472482
5.362911757104784e-7
0.0
0.0
0.0
0.0
0.0
0.0
0.0
0.0
0.0
0.0
0.0
0.0
0.0
0.0
3.3327531430560597e-8
0.0
1.7870345538150965e-5
5.527183674193369e-5
0.00011092666079842271
0.00021062216604966755
0.00029058092338766556
0.0003290401037036127
0.00031978331651190753
0.0001225053664731904
1.5765924907080732e-5
0.0
0.0
0.0
0.0
0.0
0.0
0.0
0.0
0.0
0.0
1.8173348004027885e-6
0.0
2.0132372724576155e-5
6.635121739059405e-5
0.00013460979039532568
0.00021144796468763178
0.00028135925382802627
0.0003460512581212611
0.0004146671541552312
0.00044432913965926287
0.0004094582339065738
0.0003191891696695035
8.462296567503137e-5
5.258212671992189e-6
0.0
0.0
0.0
0.0
0.0
0.0
0.0
0.0
0.0
0.0
5.492046426869459e-7
0.0
0.0
1.7687400064724897e-5
5.016311346586042e-5
8.867289442096198e-5
0.00015871906360565282
0.00022407338961330444
0.0002908053232936763
0.0003223479501007749
0.0002671045662724818
0.0001599123176483721
2.0297672715935744e-6
0.0
0.0
0.0
0.0
0.0
0.0
0.0
0.0
0.0
0.0
0.0
0.0
1.8151008809669222e-6
2.8303913149812797e-5
0.00012205572178302446
0.0002017354895456593
0.0002206418321584111
0.00023061292172399172
0.0002628553606691983
0.00031493647710988175
0.0003412780306744173
0.000320507282729757
0.0002832405842609289
7.797193938818558e-5
2.093881963517941e-6
0.0
0.0
0.0
0.0
0.0
0.0
0.0
0.0
0.0
0.0
1.094100536063566e-6
0.0
2.1635247520543995e-6
3.378239872267413e-5
5.963049303584831e-5
9.262744408766166e-5
0.00013969650115347484
0.0001744595965725208
0.00019702225454156462
0.00019492532443353942
0.00017152525385572638
0.00014485993872011962
1.3982883360688458e-6
0.0
0.0
0.0
0.0
0.0
0.0
0.0
0.0
0.0
0.0
0.0
0.0
0.0
0.0
0.0
0.0
0.0
0.0
3.9329242555538635e-6
1.8925966436922534e-5
3.3318878957415743e-5
3.5777467992161374e-5
3.437391989688723e-5
1.640261862102203e-5
7.225553368078445e-7
0.0
0.0
0.0
0.0
0.0
0.0
0.0
0.0
0.0
0.0
0.0
0.0
0.0
0.0
0.0
0.0
3.464087287050929e-5
7.363144698119725e-5
0.00012762134358002385
0.00018362629612092338
0.0001462833876345458
7.60277626617844e-5
2.4363701198399133e-5
6.724248909628646e-7
0.0
0.0
0.0
0.0
0.0
0.0
0.0
0.0
0.0
0.0
0.0
2.903752783995543e-6
0.0
2.1059563624391228e-5
6.238712149246566e-5
0.0001262762245530624
0.0002150341178009194
0.00025159400121366204
0.0002607469432205148
0.0002650402134061736
0.00022486618473320228
0.0001747098834274995
8.955503514504621e-5
6.8834084979581e-7
0.0
0.0
0.0
0.0
0.0
0.0
0.0
0.0
0.0
0.0
0.0
3.5662782047854077e-6
2.836549454132218e-6
4.981288259386604e-5
0.00010956079070197682
0.00019190108458296787
0.0002657372504028586
0.0003126300833586539
0.0003398400984087503
0.00036587329007267195
0.0003439502782186254
0.0003019040560082809
0.00022465374595871942
5.736205693066567e-6
2.265319415618948e-8
0.0
0.0
0.0
0.0
0.0
0.0
0.0
0.0
0.0
5.033807637573307e-7
3.280228718849876e-6
1.7210343536787365e-5
7.65888641485148e-5
0.00016534049585162998
0.0002596348782881976
0.00034507604268189045
0.0004173821700721582
0.0004935866240211701
0.0005658932803913821
0.0005428916280949627
0.0004854854496660724
0.0003561127274146538
3.8550762443274865e-5
0.0
0.0
0.0
0.0
0.0
0.0
0.0
0.0
0.0
0.0
0.0
3.6625314067271976e-6
1.6724804639944786e-5
7.69752836027754e-5
0.00015883630969100028
0.000239658568156648
0.00031109095362938307
0.0003725579174206425
0.00042882595368444454
0.0004882925662167619
0.0004891639996734925
0.00046023543724403923
0.00038023206388436404
4.3936577264560935e-5
1.8499605565893845e-8
0.0
0.0
0.0
0.0
0.0
0.0
0.0
0.0
0.0
0.0
7.415145363335834e-7
1.5574643693882025e-6
8.147723822736266e-6
4.333569534612593e-5
8.030718139417763e-5
0.00015042918313249142
0.00021662420623244917
0.00028345827525211016
0.00034692953479752224
0.0003270611407504599
0.0002506490298386268
0.0001707215290418322
2.507362286893855e-7
2.5290728957503856e-7
0.0
0.0
0.0
0.0
0.0
0.0
0.0
0.0
0.0
0.0
0.0
0.0
0.0
4.354211723614498e-6
4.060476701950877e-5
9.691422640822824e-5
0.00016324096169959923
0.00020488165323531194
0.00024459855091607714
0.00021201241044042018
0.00015464863697152838
7.47830855611239e-5
7.731099110298528e-7
0.0
0.0
0.0
0.0
0.0
0.0
0.0
0.0
0.0
0.0
5.400008134189063e-7
1.4193475614823988e-6
0.0
2.6144518263928774e-5
6.571990613505287e-5
0.00014690320924706234
0.0002486055227548325
0.00029893295285334664
0.00031808097101965915
0.0003337400199700882
0.0003150788156021004
0.00028442280872758424
0.0002086252774819287
4.642516070361755e-6
0.0
0.0
0.0
0.0
0.0
0.0
0.0
0.0
0.0
0.0
0.0
2.7964321625366212e-6
5.19201278672347e-6
5.506766863151709e-5
0.00012120759211055864
0.00021233667243757904
0.0002965872445045767
0.0003485692604407696
0.0003793825407159794
0.0004102162511062966
0.00039389137271867125
0.0003638204098750799
0.00028033170989130734
1.63233904721158e-5
0.0
0.0
0.0
0.0
0.0
0.0
0.0
0.0
0.0
0.0
0.0
3.1337822859854648e-6
4.307287907015623e-6
5.235656687273869e-5
0.00011840938673321202
0.00020949471013719737
0.00029330129896505176
0.0003610341165346857
0.0004167146744666417
0.00047682212120268543
0.0004411305185848934
0.0003746232382965479
0.0002771236359103472
2.8392900702180752e-5
0.0
0.0
0.0
0.0
0.0
0.0
0.0
0.0
0.0
0.0
1.6681919376991542e-6
2.126399239878888e-6
2.4427880144401137e-6
2.8548479380697588e-5
6.775801698010756e-5
0.0001591069598473191
0.0002682518164406597
0.0003371869116360047
0.0003761691149748366
0.00041505958278554287
0.00039634955832015286
0.0003523045401895929
0.00026968112995607647
1.2612053188484135e-5
3.0834634846818393e-7
0.0
0.0
0.0
0.0
0.0
0.0
0.0
0.0
0.0
1.1308168221536677e-6
2.4801625027018656e-6
1.0458878340417668e-5
5.0342378381028766e-5
0.00010656479376440951
0.0002052281435633775
0.00030096326952258487
0.00038111295589073995
0.00045191902312784535
0.0005265211535999262
0.0004939852903712469
0.0003993854099971685
0.00027236265942231895
5.576981231052079e-6
3.1487391696439913e-7
0.0
0.0
0.0
0.0
0.0
0.0
0.0
0.0
0.0
0.0
1.1779190179677091e-6
0.0
2.1718633517271457e-5
6.117713240683334e-5
0.00011793899636832185
0.0001917738509680308
0.0002475866563689934
0.00028719225845269373
0.0003265278161055629
0.00033496147822574285
0.0003179156437384872
0.00027494435670560305
1.3232736630881293e-5
0.0
0.0
0.0
0.0
0.0
0.0
0.0
0.0
0.0
0.0
0.0
1.6954328620168698e-6
0.0
2.431338841146317e-6
3.8459045187360166e-5
0.0001000900395422602
0.0002078769397010109
0.00026155658477722466
0.0002800090489416179
0.0002956353726894367
0.0002852222857885103
0.0002679866514463359
0.00021190298957897595
7.69470449446344e-6
0.0
0.0
0.0
0.0
0.0
0.0
0.0
0.0
0.0
0.0
1.3227941321032937e-6
9.283796240649497e-6
5.146793411898791e-5
0.00011936815560262414
0.00020079938182944674
0.00026589048292496815
0.00032222360290829876
0.0003525349695866516
0.000367331456188005
0.0003796190911344328
0.0003426023626066333
0.00028767650353253506
0.0002156862224262828
1.2752112022051619e-5
0.0
0.0
0.0
1.2501534662618787e-7
0.0
0.0
0.0
0.0
0.0
0.0
0.0
3.208718371529702e-6
3.002878860552584e-5
8.414286908682666e-5
0.00013758394170266755
0.00016821965795838764
0.00020587273908875998
0.00022563937396255705
0.00022990769394632226
0.00023872511357901643
0.00022390087330621214
0.0002071817265395934
0.00017270464765330092
1.0214942479368894e-5
0.0
0.0
0.0
1.1953477886773034e-7
0.0
0.0
0.0
0.0
0.0
1.06288635456291e-6
0.0
1.9437282277025383e-5
6.430771091624969e-5
0.00014977708144151645
0.00022312913964637752
0.0002701908232938161
0.0003117819223108041
0.0003364227883125517
0.00034862056810952904
0.0003586843598584994
0.0003439198588810121
0.0003133500221283893
0.00027994115340081106
6.462781444485127e-5
4.648819169429527e-6
9.692700539895485e-6
0.0
7.227979650218935e-8
0.0
0.0
0.0
0.0
0.0
1.7912630109221283e-6
3.443513611504317e-5
0.00011072142838532415
0.0001899486095641048
0.0002653211920454448
0.00034002160963211674
0.0003970458873391997
0.0004497417546563393
0.0004980785045629953
0.0005414747405859173
0.0005831687164395773
0.0005729335438789742
0.0005481104440042798
0.00045210108579051364
0.00011960814975161699
4.150913239522809e-6
0.0
0.0
1.1472451041006873e-7
0.0
0.0
0.0
0.0
0.0
2.7935903743809063e-6
1.7039645760491223e-5
8.669528471746224e-5
0.00018099017157540025
0.00028488928619837
0.00038075630230836253
0.0004272235158792259
0.00047536522263029116
0.0005315028221684675
0.0005870148368423982
0.0006426584499211881
0.000649848991001745
0.0006310507920014449
0.0005604614872473061
0.00019051180267161882
7.761974958619497e-6
0.0
0.0
6.815637091939199e-8
0.0
0.0
0.0
0.0
0.0
2.2736343223623797e-6
5.116665461313337e-6
5.075841438066002e-5
0.00010836563376479413
0.0001908251749276083
0.000273559231581181
0.00034772380309327074
0.0004165062615602177
0.00045452553438968344
0.00046915060496674303
0.00048064075699490204
0.00044000219330342166
0.0003858007390253813
0.0003188941224435093
5.2239975900893305e-5
0.0
0.0
0.0
0.0
0.0
0.0
0.0
0.0
0.0
0.0
0.0
2.8082552547899852e-6
0.0
3.4556961629539763e-5
5.8419062093318664e-5
6.599225457995906e-5
8.85385416975518e-5
0.00011134317778946134
0.00012952342770078826
0.00015284603143991696
0.00015225856800573533
0.00015118442530365233
0.00013053610399424374
2.3055516449519515e-6
0.0
0.0
0.0
1.261232512728842e-7
0.0
0.0
0.0
0.0
0.0
2.1592417266087617e-6
0.0
3.8615882447644934e-5
8.674299594333677e-5
0.00017266530077748618
0.00022059971657425578
0.000241559306521736
0.00025618853253138934
0.0002973018123277436
0.00036080970489112113
0.0004244912716035471
0.00044616022117332214
0.000449337366587416
0.0004102957933476254
0.00018885189565911366
8.14103280090447e-5
6.507489901654927e-5
5.644624942644201e-6
6.537842970620113e-8
0.0
0.0
0.0
0.0
0.0
2.121351260000707e-6
0.0
4.907851922837496e-5
0.00012713439141399886
0.00026300520893856444
0.0003706570046851654
0.00041966076399174793
0.000476744224701819
0.0005388061211872751
0.0005949110748641897
0.0006513615981483707
0.0006626452686619951
0.0006703296682174587
0.0006138448183446146
0.0003181737356152335
0.00012788282523970706
8.469562881828812e-5
4.051999103684246e-5
5.5160595487485243e-5
4.500546706149286e-7
0.0
0.0
1.10981771987601e-5
5.559074545528506e-5
0.00017775124543453405
0.0002945202317280219
0.0004075756028624321
0.0004645018188385271
0.0005535394051249419
0.0006497725183564316
0.0007252232349112394
0.0007967296325445932
0.0008571911906668881
0.0009064299418930868
0.0009551167308191647
0.000941591280884554
0.0009077006157114146
0.0007964249362594283
0.00040530257468765794
0.000161607873191526
7.71759526468584e-5
1.6645975488861672e-5
1.1330334128972701e-5
0.0
0.0
2.735221150662918e-7
0.0
3.52069869021204e-5
0.00017938529766348292
0.00032692101331991996
0.00045084227762322895
0.0005107820808298831
0.0005719768988296155
0.000609223674832534
0.0005858306712777995
0.0005884482472155014
0.0006031254756439363
0.0006228826464378944
0.0006715776788510873
0.0006263632106624383
0.0006153330376761745
0.0004728035430676795
0.00010764675051714754
3.537543851693788e-6
0.0
0.0
7.329947650365005e-8
0.0
0.0
0.0
0.0
0.0
2.7176316251264856e-6
2.2977634191722992e-5
9.690308787606485e-5
0.00014643994165863082
0.00023281518441321786
0.0003593664496448503
0.0004334633227844632
0.0004960887857219299
0.0005791808447608058
0.000653268332597623
0.0006606526001962565
0.0006752928935904401
0.0007110357592968597
0.0006522792082699763
0.0002779149245603718
3.079966754572875e-5
4.6169504944856064e-7
0.0
1.0600554166469819e-7
0.0
0.0
0.0
0.0
0.0
3.5636132191753856e-6
2.9357759759336756e-5
8.856078861668059e-5
0.00020748145840384784
0.00028016932817180915
0.00036889555203258354
0.00046760585159491574
0.0005688021069079
0.0006446921866201363
0.0006506657277968069
0.000696915792335459
0.0007949148331618796
0.000797043558948551
0.0006470652986581069
0.0001981179373476075
6.278206811019924e-6
0.0
0.0
6.422094356730893e-8
0.0
0.0
0.0
0.0
0.0
2.976214440856892e-6
2.1605345436607318e-5
8.612139895810609e-5
0.00012452957600294853
0.00012618284226872454
0.00017563542644249148
0.00031202803161241473
0.0004639560254129046
0.0005804800781916517
0.000652423849128498
0.0007331359833823682
0.0007414985766463813
0.0006317299054150434
0.0004412318719096671
5.363119433931157e-5
0.0
0.0
0.0
1.1415927711257132e-7
0.0
0.0
0.0
0.0
0.0
2.0094744113762313e-6
2.3779109029433576e-6
4.963715579496957e-5
9.082726898583595e-5
0.00017138745689390173
0.0002944127464343276
0.0004047910421655421
0.0005110282606696771
0.0006139339453142911
0.0006638093054506057
0.0007294098713401527
0.0007343719696822564
0.0006766062214531993
0.0005675250663695776
0.00016194107773741167
3.472911837247497e-6
0.0
0.0
9.896158862381933e-8
0.0
0.0
0.0
0.0
0.0
3.8094396954006246e-6
3.334800570821374e-5
0.00012765054785510683
0.0002335138165885955
0.0002825613857500659
0.00039051387572746374
0.0004823015390194635
0.0005688761687273998
0.0006176920502034825
0.0007102661978744876
0.0007458040749929147
0.0007318533236030718
0.0007194177810337771
0.0006205407544869941
0.00024577406274348693
2.5211613116671565e-5
2.582586914237808e-7
0.0
0.0
0.0
0.0
0.0
0.0
0.0
2.6608595788710187e-6
0.0
2.4849578734952128e-5
0.00011092622909345475
0.00017585520434814877
0.0002181096711890272
0.00027598297028407404
0.0002861202294131658
0.0003082015432839103
0.0005345454242931951
0.0006932547642384943
0.0005882669059609415
0.0004957431901566119
0.0004023172233840013
7.724508743632785e-5
0.0
0.0
0.0
1.1441732034618637e-7
0.0
0.0
0.0
0.0
0.0
1.3845878266152667e-6
1.8941454590476895e-5
7.513686709954372e-5
0.0001657961691299551
0.0002510280028308132
0.0003741001118929016
0.00044184166931273875
0.0005177841698426975
0.0005923970761791045
0.0006505482246138889
0.0006822514516281282
0.0006266228297754988
0.0005764091150158898
0.0004927070409777543
0.00017445872268907547
7.981762756551626e-6
4.910044184115218e-7
0.0
0.0
0.0
0.0
0.0
0.0
0.0
1.1159411121435738e-6
5.107817160628297e-7
5.112783895191252e-5
0.00010234661211818838
0.00017151795772462846
0.00029361259457692476
0.00038335944511801027
0.00042118349274694193
0.0005419257515724786
0.0006451642667413152
0.0006287110007340739
0.0006297249291084984
0.0006549659813754741
0.0005789349971840706
0.0001951123477927021
7.084089372140898e-6
0.0
0.0
0.0
0.0
0.0
0.0
0.0
0.0
0.0
3.8319533888100665e-6
5.4219761543699457e-5
0.0001042240066220375
0.00017125046463167226
0.00022892467754818336
0.0003167413248528335
0.0004011157469591915
0.000486631065041314
0.0005614572919359258
0.0005943657898777923
0.0005241339227520461
0.0005150927508102945
0.0004791227179567176
0.0001684419291913179
6.413014038467488e-6
0.0
0.0
5.893712186904828e-8
0.0
0.0
0.0
0.0
0.0
0.0
2.4552574317022537e-6
2.745672972732534e-5
6.14540402819029e-5
0.00013395766455207676
0.00021075662706329673
0.00025013187841412037
0.00031241702531535214
0.0003760420253706546
0.0004332201743936351
0.0004878774152625382
0.0005267231726996932
0.0005285127076752296
0.00039378001595089386
7.489598747627125e-5
0.0
0.0
0.0
9.095363495854614e-8
0.0
0.0
0.0
0.0
0.0
0.0
7.929221151501211e-7
2.7896305955211714e-6
2.1635877725602817e-5
4.275382865970223e-5
3.863819747844352e-5
5.787142628935088e-5
8.960849348351325e-5
0.00013063179078924553
0.0001837586494536354
0.00021129240767844484
0.00019024689195333813
0.0001422475727890671
9.037785252337282e-5
2.577717798877494e-7
0.0
0.0
0.0
1.0892128252580774e-7
0.0
0.0
5.8885973424719284e-8
0.0
0.0
1.5672152168504488e-6
3.1572697945666934e-5
0.00010889599756662533
9.527891355472567e-5
0.00011745672421325236
0.00014223474544864813
0.00018329899827321616
0.0002120348325538241
0.00019742651462600813
0.00021610576977153462
0.00028612737205317685
0.0002934836716571433
0.00026157123787154976
0.00020571571612683232
7.063328733164365e-6
0.0
0.0
0.0
0.0
0.0
0.0
0.0
0.0
0.0
0.0
0.0
1.999181042895762e-6
0.0
0.0
9.716775618000322e-6
6.685589348843147e-5
9.974669408855917e-5
0.00015202616116946112
0.00026229056752996474
0.0003405901777491987
0.00035903449018254575
0.0003419147613616527
0.000264771396339732
2.5040621325941293e-5
0.0
0.0
0.0
1.1436604529428291e-7
0.0
0.0
0.0
0.0
0.0
3.914111478286142e-6
2.006299166091504e-5
7.426117037144473e-5
0.0001538484097229152
0.00020381625738081997
0.0002791560891529426
0.0003291439164973313
0.0003910349269541877
0.00045983876876103585
0.000490894287992384
0.0005303479984566243
0.0004899975889998653
0.00043947205314713285
0.00037183431991998474
0.00014118150608823663
4.472231284407071e-5
5.162430089523308e-5
1.5423665526966525e-5
3.997269295841024e-5
7.017132401115062e-6
2.7040850548183214e-5
0.00010855811978144983
0.00014610623488088
0.00017903207471975822
0.0003123265012382018
0.00033573480175979866
0.0004081583431727207
0.00043328057245915357
0.00047120578188758347
0.0004899730756832639
0.0004853457135249429
0.0004942255841664425
0.0005034875015720041
0.0005111026957208124
0.0005173679972698572
0.0004927248015894221
0.00047389639971908527
0.0004184170675862715
0.00021413834596228204
0.00015108447292362965
0.00016764530413021928
8.142820473220524e-5
7.08798458091194e-5
0.0
0.0
2.7680798803613375e-7
8.826598861291126e-6
5.0372684338387774e-5
0.00021772374730782726
0.0003326135276656325
0.00043461592053696335
0.00046422592154425906
0.0005509580045534719
0.000623956249099646
0.0006891069689548367
0.0007336990487311245
0.0007778895923254554
0.0008702894110273488
0.0009494458192153189
0.0009805270866893511
0.0009441539182992644
0.0008253719424487468
0.0005038356998269945
0.0002939807115734087
0.0001552856101972533
9.039681106525698e-5
7.590032828953458e-5
0.0
0.0
0.0
5.3401227368010384e-6
6.597452986940507e-5
0.0002470832834782002
0.00034865368053855046
0.0004493005437370915
0.0005159447873952267
0.000622066711069456
0.0007304608822582774
0.000798810936357086
0.0008654942980087386
0.0009598212901910182
0.0010520660234173724
0.0011309351141227666
0.0011206249953631365
0.0010725045690226555
0.0009637627917610004
0.0005622897594230313
0.0002895300236377179
0.00016342632340488544
0.00011560777611095864
0.0001147246269955781
1.6850608869135352e-6
0.0
4.4543989190420394e-7
2.275614501845257e-5
7.608237298471678e-5
0.00023710516356939635
0.0003157503696925315
0.0004253086802606972
0.0005341314474329248
0.0006595567274449936
0.000800812165901056
0.0008618241990399842
0.0009398489236517904
0.0010297249205776218
0.001051066885714946
0.0010876890333513846
0.0011056735526250572
0.0010468573834028097
0.0009234586939509843
0.000502371748000575
0.0002655132229384557
0.00013484043129407324
3.776046370918564e-5
1.8390744608333425e-5
0.0
0.0
0.0
0.0
2.948250973048268e-6
6.256024458593995e-5
7.721367215599678e-5
0.00012657653234747593
0.00018732865733608352
0.00024973836541442436
0.00032553162103042164
0.00031256633320580357
0.00029722258440455956
0.00032763099503256104
0.0003750251566261667
0.0004456798050189318
0.0004819296958011235
0.00041216490092412476
0.00031356267895050436
0.00011500954392269968
0.00012743465970702978
0.00022055274423867289
0.00031279914916354105
0.00036178481762689694
0.0003690389654138546
0.0003961155277513294
0.00046719759780782514
0.0004522115901184534
0.00045381433547015136
0.0006281636104368424
0.0006757651837461135
0.0007743458265658356
0.0007893205554818496
0.0007919831087095883
0.000788126750789856
0.0008165572647763142
0.0008503175654549277
0.0009180214602250452
0.0010227954207727623
0.001148333992443192
0.0011929789720196821
0.001195545050681988
0.0011026662695894469
0.0007761652851930637
0.0006810465117220874
0.0006562176159788083
0.0005813566669174015
0.0004756675859637968
0.00047864127307346193
0.00048214413571565144
0.00048820857092813616
0.0005712571901836492
0.000635113548144225
0.0007419601789693813
0.0008227812932492652
0.000981879486611163
0.0010688582790044194
0.0011341199322854264
0.001204385618124916
0.0012826587861186028
0.001307041880204804
0.0013460818031896882
0.0013952558510382429
0.001417371849041594
0.0013827664291473168
0.001329797758848504
0.0012419734398110376
0.0008553274435408756
0.0006579807158390466
0.0005230334593758138
0.00042544910959466174
0.0003348069926069145
0.00025938068858375184
0.0002023910261640086
0.00022390494770454099
0.0003057285674618753
0.0004775281118084846
0.0007686104327920885
0.0009245532157549605
0.0010984301628703726
0.0011651476092493659
0.0012437684706703726
0.0013793509567683003
0.0015007892335677107
0.0016300938473094394
0.0017457884729660733
0.0018291474214039173
0.0019098430399039784
0.0018833390872393366
0.0018564129020383112
0.001786183039438443
0.0012502392023200073
0.0008757748181566256
0.0006762259639889101
0.0005474218630121483
0.0004432914667780044
0.0002609156262005735
0.00019472452728082945
0.00023415639460907432
0.00029466226493098314
0.00045302541238864214
0.0007013345430646928
0.0007965531037999123
0.0009532922555163401
0.0010629844485721706
0.0010778301531062801
0.0011126272412708752
0.0011479418565745563
0.0013051927437373455
0.0014489744415433626
0.0015361343461960204
0.0015493837464738871
0.0015388605781355375
0.0014864209047101384
0.0013376115566946744
0.0009235467811314082
0.000667502638229747
0.00042341188650368074
0.000268534133161053
0.0001786196744161001
7.771437631080582e-6
0.0
0.0
1.4962791282165413e-5
0.00010726968763124839
0.0003494547192584243
0.00047879201723418654
0.0006488582561462973
0.0007681919010838153
0.000853791730455482
0.0009543568031068547
0.0010402301105952552
0.0011741153564724892
0.0012999424434202776
0.0013785007606092164
0.0014192190984715725
0.0014604686385131052
0.001430043688317604
0.0012834596405363117
0.0008342956735069041
0.000595431700830314
0.00039165107222945145
0.0002349935871387116
0.00019759023126651777
4.887960462127326e-5
5.696362501565188e-6
2.143595662327116e-5
4.2606817097485394e-5
0.00013211836099451013
0.000430799929531607
0.0005559568886146003
0.0006920298036773928
0.0007848183151945491
0.0009398974508746554
0.001065253525818652
0.0011354663290128251
0.0012541026982524457
0.0013544729679166344
0.001399095181153386
0.0014824696841071077
0.0014915425636958524
0.0014435247935486058
0.0012598551006443963
0.0007252562150670595
0.0004161322814299373
0.00026177332243075096
0.00014743076691581445
0.00012472378635653195
7.389914877688717e-7
0.0
0.0
1.0565062108698048e-5
8.196117063683112e-5
0.0002722880871320942
0.0004217640920822907
0.0005667097377423768
0.0006689395223544405
0.0008465421494798031
0.0009506566357984871
0.0010066683215193511
0.0010789073244358014
0.0011974411576792519
0.0013019833004127405
0.0013750405986230898
0.0013963126450716485
0.0013361406154936083
0.0010785232565552806
0.0006546282403779437
0.00041358724955575246
0.0002732669234939209
0.00015936870007176706
0.00013391101567638726
1.9464284237164446e-6
0.0
0.0
0.0
9.176670530298686e-6
0.00013831421335693805
0.00022756410174305152
0.0003069896054257801
0.0003346254246144182
0.0003574889726282558
0.0004611712831225154
0.000625724946192945
0.000764012379643945
0.0008088662710857528
0.0008550283929061802
0.0008865163790307124
0.0008820106368894094
0.0008644992126967277
0.0007836109835362193
0.0005241320928222794
0.0004920084464979818
0.0005127614762667454
0.00046484186570105464
0.00038411549289165515
0.0003132271893060629
0.00029552787712538287
0.0003317424478027073
0.00036852085320286107
0.0004009768140504629
0.000484668420560779
0.0005039368808128787
0.0005727176718700335
0.0005933687130189292
0.0006583451456636129
0.0007467522710351075
0.0007524511080849882
0.0007750873747362423
0.0008295578932465184
0.0008451424194527427
0.0008579625257013413
0.0007957264684098026
0.0007174672600918833
0.000649384470542317
0.0004382017685867158
0.000363273942217286
0.0003847340765308394
0.00032538369546264087
0.00017766387526063572
2.715221057764624e-5
0.0
4.2345597241680274e-5
7.865705294894785e-5
0.00010826742609312649
0.00026038136176135266
0.0003174957785763967
0.00041891789478224443
0.0005059789439518455
0.0006021249728865863
0.0006584732584664666
0.0007281672929366665
0.0008377498729286111
0.0009457503086685214
0.0010654615097400605
0.0011625800870936765
0.0011958960667398948
0.001205049653296451
0.0011607955128146346
0.0007360700516209838
0.00045775595847867
0.00028827623620902924
0.00013945615329781562
8.52487621425406e-5
0.0
0.0
0.0
4.940148327781654e-7
3.839277375154414e-6
0.00011798254980280572
0.000243387901480188
0.00036085630139926335
0.00042986250427499127
0.0005377080248467522
0.0006388613642775687
0.0007307947779654982
0.0008127450213235603
0.000878478173378255
0.000941108484263984
0.0010141736548741735
0.001018160163303799
0.0009824117650337253
0.0009100808515415936
0.0005067098608329863
0.0002513563511895768
9.730052426594692e-5
2.0269642455803494e-5
9.190461826344318e-6
1.223923767182542e-7
0.0
0.0
0.0
5.274943155317044e-7
1.929266255738642e-5
9.985644219074339e-5
0.00021148017592082327
0.000285302998850821
0.0003581921207145593
0.00044890903232888495
