0.0005827167862230298
0.00046875109722083533
0.0006242717179546103
0.0004036308314114525
0.00047552477509374484
0.0003552912920995173
0.0005014972071224822
0.00022794696937585116
0.0002797605403239125
0.00020481969570596136
0.00022323971687859373
0.00014852376659887277
0.0001441100392224797
9.3270393914187e-5
7.777191249329942e-5
4.443402417644815e-5
0.00013154967142962003
0.00014271143757769167
0.0002367492421909218
0.00023021510355477487
0.0003473715152627877
0.000541779562968963
0.0007397391445482493
0.0005811681120583341
0.0007532081371370055
0.0005863279388369791
0.0007810182568353909
0.0006460228082856467
0.0008238650834253792
0.0006569779789451353
0.003383115732290054
0.0024600549668774385
0.001820011603054454
0.0014817780978709498
0.0011618848678189857
0.0008518039266975226
0.0006781041736470054
0.0005870567475093964
0.00046116556174500417
0.000466283583697327
0.0004264335389240011
0.0005265005557520049
0.0007125176234863118
0.0008401292289853643
0.0008842222485275293
0.0
0.0
8.725893829046709e-7
5.136807667889289e-6
7.012611756613377e-6
5.5696407507730695e-5
9.18975947959053e-5
0.00013737236231517932
0.00013122621562825808
0.0023406296117480085
0.0014547184327337887
0.0009600472490119123
0.0006865477825594661
0.0005456773379822953
0.00027322731998217007
0.000151684512745078
0.0001346084780466374
8.324755423721984e-5
7.22465183276066e-5
7.363259654044335e-5
0.0001242966760234921
0.00019087982113587541
0.00024078263678547644
0.0003275038292581222
0.0
0.0
0.0
0.0
0.0
0.0
0.0
0.0
0.0
0.0013686310219934242
0.000966130686373936
0.0006085634922831068
0.00046595787575020014
0.00042242861755963584
0.0003490918764023913
0.00031025364211638033
0.0003458351494170104
0.0003180886912131942
0.00031294853701274825
0.0004021217732018372
0.0005264333063274872
0.0005915113001777347
0.0006567293977586836
0.0007301422296834476
0.0
0.0
0.0
0.0
1.768335409946227e-6
9.308605149551332e-6
1.1510758254996496e-5
3.912845382168368e-5
0.00010875094339627907
0.002355041986580956
0.0015574966311372835
0.0010785593452495887
0.0007725222651629583
0.00037129810546409427
0.0001738396618712731
0.00010793775000917391
9.75989878612786e-5
8.113230115320685e-5
8.969686479958913e-5
8.008263888996538e-5
0.0001417964168668632
0.0002746193676274461
0.00037663208539813323
0.0004894262762087899
0.0
0.0
0.0
0.0
0.0
0.0
0.0
0.0
0.0
0.0012771018272995124
0.0008871205424300635
0.0006556086095196307
0.0005445454102736325
0.0003856639506339067
0.00025874207477008933
0.0002402243720774512
0.00025882475768494425
0.0002466204733741935
0.00023735092278414626
0.0002186625017661314
0.00026806535702714326
0.00030721489179380145
0.0003237196256048283
0.0003370406577406343
0.0
0.0
0.0
0.0
0.0
0.0
0.0
0.0
0.0
0.0
0.0
0.0
0.0
0.0
0.0
0.0
0.0
0.0
0.0
0.0
0.0
0.0
0.0
0.0
0.0
0.0
0.0
0.0
0.0
0.0
0.0
0.0
0.0
0.0
0.0
0.0
0.0
0.0
0.0
0.0
0.0
0.0
0.0
0.0
0.0
0.0
0.0
0.0
2.4318896618492976e-5
2.6468783338224816e-5
4.279639656114517e-5
5.0474330042752735e-5
8.708119344120608e-5
0.00010198414840798286
0.00015113802187953363
0.0001474745034941097
0.00018536199392156475
0.002628636908348163
0.0013462274411185173
0.0009380282484500904
0.0006916932610770534
0.0006291981204399894
0.0005159769443992318
0.0003667781959101882
0.00027128038864502316
0.00014057216155804678
0.00010392711226977053
0.00011595077162145877
0.00020196944547737637
0.00034984313623873516
0.0005948357201196597
0.0009293669602243953
0.0
0.0
0.0
4.633514888904538e-6
1.25965559574677e-5
8.073503527483486e-5
0.00011643315308612365
0.00018635398981905015
0.000254366711794987
0.002943406251957484
0.0018863469212900134
0.0014503966851511275
0.001203428872894947
0.0009930853868086514
0.0007888330269562055
0.0006662719090461493
0.0006799972560253046
0.0006722298290826747
0.0006640074301407982
0.0006418980880053719
0.0007311400792881353
0.000852910763616336
0.000986676268050386
0.0011149314037290979
0.0
4.0459412336071274e-6
1.0971226783340051e-5
7.212534566279958e-5
0.00014169431406499126
0.00015911394295334825
0.0002742742915726145
0.00029761773135874485
0.00044288200683181833
0.003249253788123945
0.0020594190650278003
0.0015338023079768726
0.0011885432748215898
0.0009168938035438896
0.0006412782771250159
0.00047000382179246755
0.0004798169752035103
0.00048779409198270097
0.0005504998204052241
0.0006138044447315925
0.0007287993753349264
0.000784425207202605
0.0009685899396220881
0.0011108786237331587
0.0
7.409566988612743e-6
1.4632386493930715e-5
9.090165874707503e-5
0.00015461016667345156
0.0001652488618711643
0.00021929830451923162
0.0002449014873873271
0.000278267597382534
0.002889829592273081
0.0017004034730563637
0.0012759202925682344
0.0011223153228719814
0.0010213819013261765
0.0008426407766939933
0.0007599318301712572
0.0008220702645502795
0.0007832522120904779
0.0007505282789936117
0.0008074812843181237
0.0009881206581715326
0.001052255180969456
0.0010705213455615564
0.0010638094628899687
0.0
0.0
8.101439589524986e-6
1.0954460886173146e-5
0.00010120396784204948
0.00015934696694878739
0.00021696064018458973
0.0002844913661414692
0.00036587895242701755
0.0031308670710657825
0.0019138295644064525
0.0015278156144104924
0.0014729609670381737
0.0014562766085548771
0.0012831909971095239
0.0012463004323973379
0.0012837943552914295
0.0012523724316177264
0.0012643059914056013
0.0014210408933691555
0.0016604296405289879
0.001793412077980196
0.0018634928156382464
0.0018990151552579016
7.423585678925669e-5
0.0002519591396920392
0.0003995267582591046
0.0004687001361030814
0.0006455217709077079
0.0006028996357095293
0.0007337693719321355
0.0006661334361094654
0.0008009887456290556
0.000748509641548901
0.0005920947499770289
0.0004587649815785808
0.0003988728096545609
0.0002797960089493623
0.0002332448270850664
0.00015968023152195226
8.69445606131036e-5
8.430058742524483e-5
1.0970708969871849e-6
0.0
2.0783150695121597e-5
0.00011773373903597309
0.00014829927967939633
0.00020781784219742566
0.00047900627108904013
0.0006353559658944753
0.0006013799630460813
0.0007153075872345578
0.0006647687219391437
0.00080305626599983
0.000733815307506501
0.0008616353476261336
0.0007918938751430027
0.0009528968406306943
0.0005845609705178634
0.0005324095040543337
0.00033104854382632535
0.00023064546735956942
8.590379811498402e-5
2.7060247333982554e-5
8.05688408031918e-6
0.0
0.0
0.0
0.0
0.0
0.0
1.6942480918495407e-5
0.00015793015465211983
0.00024480212471817683
0.00029399054231539365
0.0004201438944691002
0.0004312955050562225
0.0005780059818073692
0.0005206689764235977
0.000636168963862997
0.0005364064617808175
0.0006391421069485593
0.0003426453331034756
0.00033735610473709186
0.0002558293618041371
0.00021001208210963632
0.00010700826293162644
3.1895177544272055e-5
1.106796314270096e-5
0.0
0.0
0.0
1.5921070119430064e-5
9.537759084930349e-5
0.0001851031023448645
0.00020004190767981646
0.00035364100179744855
0.0004017931723272401
0.0003851831590687928
0.00040724012292025846
0.00039439074019826097
0.0004254566061269199
0.0003943203605159479
0.00040654084666506276
0.0003868154396308518
0.0031808098443732342
0.0016783376550442272
0.0012639985830202143
0.0011652678279864864
0.001077470069248927
0.0009020558868927509
0.0008120506081209775
0.0007499522371964356
0.0007465089571819663
0.0007623117309621269
0.000856896484825147
0.0010012558411310233
0.0010054149087959233
0.001001330079338512
0.0009981983364229226
0.0
0.0
7.8457974952841e-6
9.968345240671455e-6
6.028905383183368e-5
8.256271386100262e-5
0.00012148372948325287
0.00014374353385675055
0.00018676206044277062
0.002636426897337726
0.0015447976724038066
0.0010709087382339087
0.0008938072153923202
0.0007949419320085737
0.0006168997541361196
0.000427674775914419
0.0003751713114480733
0.00028321956247004225
0.00024011340646806867
0.00016762110797065804
0.00018490881517519984
0.0003234660862186121
0.0004996539968687389
0.0006063194366033914
0.0
0.0
0.0
0.0
4.021754095501493e-6
9.233135239383192e-6
1.6772214039546962e-5
7.409734944832252e-5
9.583035274677279e-5
0.002385913146222531
0.0014956773295465501
0.0010333140857578594
0.0007674984420886854
0.0005476284747354918
0.00032164115619837813
0.00016392892164855414
0.0001107919719856743
7.414323145297118e-5
7.94802581875407e-5
7.852175803215288e-5
9.893124152987465e-5
0.00012688593206907955
0.00017790482088676348
0.0002342777989329675
0.0
0.0
0.0
0.0
0.0
0.0
0.0
0.0
0.0
0.000780920499324921
0.000724439256738685
0.0007615694328124517
0.0005027645187096828
0.0003159958624573857
0.00016772535925794276
0.00011817381558178316
0.00015414961308814302
0.00014326938001290503
0.00013462858723939096
0.00015723771062122794
0.00028625692543258037
0.0004061023062049409
0.000673218471532166
0.0008748513459865019
0.0
0.0
0.0
8.414675844339149e-7
5.521765826518038e-6
7.288403111029681e-6
7.521460286936985e-5
0.00013145246223053152
0.00015581471298561358
0.0002099901178136636
0.00013027646218892472
3.014216848014323e-5
1.7735823531288965e-5
0.0
0.0
0.0
0.0
0.0
0.0
0.0
0.0
0.0
0.0
0.0
0.0
0.0
0.0
0.0
0.0
0.0
1.039414190259965e-5
1.880900331727996e-5
6.436805033445862e-5
0.00010776428443014855
2.208495126149475e-5
2.0472638480751227e-5
0.0
0.0
0.0
0.0
0.0
0.0
0.0
0.0
0.0
0.0
0.0
0.0
0.0
0.0
0.0
0.0
0.0
0.0
0.0
0.0
0.0
0.0012795915455011445
0.0006387596182551984
0.0003483253288512592
0.00017169121735289295
7.298959237349099e-5
5.195387668929e-7
0.0
2.4092817825951404e-7
0.0
3.2273140369694186e-8
1.0456938357125836e-7
4.831820709996405e-6
2.9185541413401686e-5
5.4247717974297797e-5
7.554229605974377e-5
0.0
0.0
0.0
0.0
0.0
0.0
0.0
0.0
0.0
0.0007938758461206094
0.00035217070899904346
0.00013930373361294276
0.00011971211781107523
0.00011250387580369803
4.9897794744987844e-5
2.6913238257229306e-5
5.986334432598325e-5
4.8130030001047526e-5
4.796379027082681e-5
4.423210099258187e-5
5.0345964682142775e-5
4.869826932726627e-5
4.9207804880560745e-5
4.832402893593145e-5
0.0
0.0
0.0
0.0
0.0
0.0
0.0
0.0
0.0
0.0010553214704600528
0.0008347048621072428
0.0007379932830637643
0.0006357571896451277
0.0005543736862956838
0.0004577727605580737
0.0004743499971049441
0.000531859085285439
0.0004846182742927067
0.00042703810990150757
0.00040196317164244177
0.0005826456474498953
0.0007455088539056007
0.0007600282187343691
0.0007958604898873136
0.0
0.0
0.0
1.0108575321033124e-6
5.539903554001103e-6
6.912690435478344e-6
1.0939646356986112e-5
5.212578099489101e-5
9.917076957660906e-5
0.0022779824057487436
0.0015532620711679174
0.0010242524121180782
0.0006405932204455536
0.00036530907826819826
0.00015622040755943883
4.409629091638858e-5
5.661859711012033e-5
3.363074898401437e-5
4.054754322805176e-5
4.341654820837794e-5
6.579055961689721e-5
0.00010939157139126314
0.00015796714135748514
0.0002409097378051465
0.0
0.0
0.0
0.0
0.0
0.0
0.0
0.0
1.741521519536447e-6
0.0018517636712162796
0.0011637554936417994
0.0008117382275991547
0.000576093575878023
0.0003421820356215269
0.00017623743740972152
0.0001085407916150091
0.00011540788394499224
0.00010543587740237476
0.0001435440133143556
0.00016182368966204266
0.00023385210777876326
0.0003088666982429626
0.00044692291196984034
0.0005655731595834814
0.0
0.0
0.0
0.0
0.0
8.787518643878366e-6
1.6353292882917125e-5
1.7038858566243496e-5
2.5702500868687805e-5
0.00011538822123436354
3.9264153513335225e-5
1.688762791910906e-5
1.4755990497545012e-5
5.116823788192342e-6
0.0
0.0
0.0
0.0
0.0
0.0
0.0
0.0
0.0
0.0
0.00011350768409839783
0.00016655691421473348
0.0002312598987864635
0.00029163946612159857
0.000390699796274469
0.000412190937164231
0.0004959942744460602
0.0004908496708869501
0.0006080459282508036
0.0005661545403465629
0.00042200955924377866
0.0002796115281100399
0.00012136856954612147
4.8031666052086106e-5
3.530510910793314e-5
4.3251066572048975e-6
0.0
0.0
0.0
0.0
0.0
0.0
0.0
0.0
2.4103514068717468e-5
9.437568797225871e-5
0.0001791512225838296
0.00020827438212307685
0.00029600034380866143
0.00032121402966873953
0.00043545130584325556
0.0003840673290295042
0.0005135825439767412
0.003265727396668101
0.0018974727248237543
0.0014216229538755857
0.0009740845478330832
0.0004887559679864847
0.00022214433122426687
0.00014183170126375795
0.00016827583967372013
0.00012722914813777055
0.00010629145007115845
9.883588404647854e-5
0.00014893961388527657
0.00027105159030941183
0.00046571488184655205
0.0005403821731025007
0.0
0.0
0.0
0.0
0.0
0.0
0.0
0.0
0.0
0.0015941069039542176
0.0010475442147052968
0.0007121171514003714
0.0004864485987203494
0.00038335671798784274
0.000262699589478292
0.0002099765901885824
0.00030044037690678314
0.0003769723547254912
0.0004439188591780413
0.0004501184204472614
0.0004819985932725581
0.0005930365683639163
0.0007565027555923948
0.000918269286386978
0.0
0.0
0.0
6.586369606438282e-6
1.7939598023937573e-5
0.00012048171210170142
0.00022821933364476697
0.00026219080544729093
0.00046392444315539655
0.003345366314603184
0.0023034250751902633
0.0017830810665442915
0.0015166955717067197
0.0013023476702487883
0.0010425723885384784
0.0009085701447144468
0.0008427164026684327
0.0007504696266642989
0.0007355324617874798
0.0007491853860903569
0.0008615734855898253
0.001021118396507763
0.0011452857397113258
0.0012276486441746147
0.0
1.074085657429587e-5
0.0001127063157227207
0.0002013724760894758
0.0002148992240759215
0.0003589601204585009
0.00034625605439270185
0.000511666339643189
0.0004660909110452754
0.0033489353659567917
0.0021564936063688997
0.0016137706827219819
0.001314490324868907
0.0010589799138625091
0.0007895446727702919
0.0006452753483794218
0.0006518903086218253
0.000630994331863234
0.0005494975751540077
0.000540751875967922
0.0006464688794312868
0.000705885948495343
0.000791685438894782
0.0008249421411359859
0.0
0.0
0.0
2.0855632820967837e-6
4.938254295907384e-6
8.906246023033876e-6
9.124970028145048e-6
3.8835025057134797e-5
9.459830207775326e-5
0.0022502441376282887
0.0015067004655889057
0.0010700744504229314
0.0009057250896090411
0.0008908898155339237
0.000851131371415829
0.0008025243233916654
0.0007872484206954378
0.0007676001270955958
0.0007681756343146068
0.0008249736454396297
0.001010906154098264
0.0011609810472073745
0.001262321200846073
0.0013036899446486666
2.4465355847779135e-6
1.7009868071914575e-5
0.00013230394219736777
0.0001474748702218518
0.00017091327764096875
0.00020009112630672588
0.0002514290463886247
0.00027085787718819345
0.0003248932245715677
0.00032252721935425164
0.00019862095018979652
0.00017562574082571753
0.00012239608818810204
5.8678398090810326e-5
3.08307739854917e-5
1.4423418475224922e-5
3.824548666177384e-5
9.04238373816624e-5
0.00015255579417889254
0.00016809629048327693
0.0001865749263460364
0.00015663068678954185
0.00014883384207661557
0.0001639364490787913
0.0003016814389258512
0.00032715261109854366
0.0003107451773292888
0.0003068865202130548
0.0002899063340062746
0.0003047172919466761
0.0002563105914079909
0.00019786413013017163
0.00014485467873296266
7.9106221576792e-5
1.1055592546189299e-5
0.0
0.0
0.0
0.0
0.0
0.0
0.0
0.0
0.0
0.0
0.0
0.0
0.0
0.0
0.0
0.0
0.0
5.039685634033993e-6
2.743859578812169e-5
3.254586557805572e-5
0.00011269537492697489
0.00015662350645363366
0.0031183953940121865
0.0015900965402687772
0.0009660676452138387
0.00039634646313364813
0.0002026661210682928
4.521774766807114e-5
6.398118756080506e-6
2.5547594388847106e-5
1.8083183338628712e-5
2.0740066716331317e-5
1.7821818562242952e-5
4.014770154760852e-5
6.600046056859886e-5
7.809258359510933e-5
9.773260269808672e-5
0.0
0.0
0.0
0.0
0.0
0.0
0.0
0.0
0.0
0.0012035292911906658
0.0009957913921822836
0.0006949592479124903
0.0005901190272059819
0.0004838276214880261
0.0003455464454689288
0.00038727986466073215
0.00046823646965538486
0.000412494377158711
0.00039551067016215153
0.0003866072799797826
0.00044581689446627327
0.0004837483224376963
0.0004934423201559954
0.0005104802573861814
0.0
0.0
0.0
0.0
0.0
0.0
0.0
0.0
0.0
0.0013665226477452687
0.0008675802234467956
0.0006141890245360399
0.00046694847391143675
0.0003613953138235826
0.0004702738959712501
0.0009141670083186072
0.000807765154682664
0.0008017593613658007
0.0008546767925834486
0.0010175849192710527
0.0012194720417455717
0.001317682850084812
0.001377809912195791
0.0014237271501741245
2.3783481012142325e-6
1.6001695554319644e-5
0.0001706841131879805
0.00022971113235489908
0.00034061257760710517
0.000387810055317392
0.0005311087481177833
0.0005549155473379276
0.0006977387766542648
0.0034353435856499404
0.0024916283038398813
0.0019081159024415782
0.0016586136851148188
0.0014371976989906194
0.0011727383548957495
0.0010417463681237841
0.0009848120904304542
0.0009070918435180472
0.0008709855509547392
0.0009234477297103433
0.0011190990442780508
0.001340516601075298
0.0015046644725121969
0.001634443801015381
6.780111303936851e-6
0.00020905024374503824
0.0002575891718622183
0.00045993004987819185
0.00047514694714885345
0.0007404746214601936
0.0006508101968473427
0.0008811704099410669
0.0007573462755835405
0.0035405413011045683
0.00276188342843015
0.0020394010649003457
0.0017304608195867265
0.0014118007570906685
0.0010771997486860693
0.000898622875356788
0.0007926943879901607
0.0006992071278810512
0.0006765505739370824
0.0006226316152576625
0.0006607216839535797
0.0007773682349464243
0.0009128805781613307
0.001043291185085762
0.0
2.3283074924730233e-6
6.93327422988034e-6
8.625750852781426e-5
0.00015748715181221004
0.00020229611403755978
0.00025912001675154075
0.0003531402339974616
0.00039683291441156644
0.0005358379766096794
0.00031276778998065097
0.00026074767776477955
6.0248981740686036e-5
4.153527849178478e-5
1.0837490921290683e-5
0.0
0.0
0.0
0.0
0.0
0.0
0.0
0.0
0.0
0.0
1.0848837253830929e-5
3.4175844666670975e-5
0.00011268386496570422
0.0001465299100819582
0.00014443244326291918
0.0002565906895123003
0.00024266602931145414
0.0003542886030110917
0.00027632711689318473
0.00022324289128613673
0.00013024576000684703
5.5813500908796865e-5
2.3357459253641565e-5
0.0
0.0
0.0
0.0
0.0
0.0
0.0
0.0
0.0
0.0
0.0
0.0
0.0
1.3724529679841688e-5
3.84482215601124e-5
0.00017705725793843206
0.00020683124274189962
0.0003205941275387899
0.0003003823479637681
0.003301721803903437
0.0018081579939834597
0.0014213856642413998
0.0013047836488486663
0.001232524638939998
0.0011244720695774595
0.00108319510333427
0.0010994360335531306
0.001094913769820748
0.0011026551839152052
0.0012370055270345033
0.0014176415296376004
0.0015266233423385264
0.0015945976904525123
0.0016040769403397805
6.290382543056807e-6
0.00011457880427831808
0.0002230044216126142
0.00034823868578542704
0.00041996522339068747
0.0005955859950300676
0.0006401752915087235
0.0007527136211040419
0.0007294722969374521
0.0034967813205039086
0.0026072629453645253
0.0019289293823449652
0.0016243572103134464
0.0013460932177476307
0.0010268436014953548
0.0008413207700433066
0.0007480032706983433
0.000667449703764823
0.0005842850218794627
0.0005204470518171222
0.0006101151946728862
0.0007544696786370328
0.0008674562212511145
0.001035204806836755
0.0
3.82535334822559e-6
8.553411307222584e-6
7.325176139754841e-5
0.00013312413667647497
0.00016787015313636964
0.00024679008012286064
0.0002623763048843614
0.00033282363732663867
0.0030214637310201427
0.0018019593470412704
0.00129084181877029
0.0009367913397625772
0.0004741703495439804
0.0001983600585481482
0.00011039390209360397
0.00011887974023963785
9.342606854877208e-5
8.725904775946107e-5
8.17495809610862e-5
0.00014835369139493454
0.0002514222696058241
0.00033857980054449873
0.0004606171401926867
0.0
0.0
0.0
0.0
0.0
0.0
0.0
0.0
0.0
0.0017410147485915177
0.0012745704364156183
0.0005962040389032446
0.00028925485188739935
0.00016365585800287634
3.075498322262793e-5
5.010720914409097e-6
2.5184846034392335e-5
1.8732006564386936e-5
2.041063311035445e-5
1.8748136888298047e-5
2.7526977184142377e-5
3.70910477597695e-5
6.393764758836596e-5
0.00010894817059325984
0.0
0.0
0.0
0.0
0.0
0.0
0.0
0.0
0.0
0.0008795095444519917
0.0005743338806703219
0.0003320218495283594
0.00014732180630222595
3.674774172325183e-5
8.441558599199695e-8
0.0
1.3989434248709156e-7
0.0
2.44479069112914e-7
1.0800489882516536e-7
1.3378196476206528e-5
4.47608638118171e-5
6.953954333803156e-5
0.00010188575977992291
0.0
0.0
0.0
0.0
0.0
0.0
0.0
0.0
0.0
0.0
0.0
0.0
0.0
0.0
0.0
0.0
0.0
0.0
0.0
0.0
0.0
0.0
0.0
0.0
0.0
0.0
0.0
0.0
0.0
0.0
0.0
0.0
0.0
0.0
0.0
0.0
0.0
0.0
0.0
0.0
0.0
0.0
0.0
0.0
0.0
0.0
0.0
0.0
0.0
0.0
0.0
0.0
0.0
0.0
0.0
0.0
0.0
0.0
0.0
0.0
0.0
0.0
0.0
0.0
0.0
0.0
0.0
0.0
0.0
0.0
0.0
0.0
0.0
0.0
0.0
0.0
0.0
0.0
0.0
0.0
0.0
0.0003857632503337165
0.00017760999111033948
7.865207811775116e-5
6.695928434977476e-5
5.90209107746747e-5
8.01447241062997e-6
5.16731837332547e-6
2.3543851980489845e-5
1.6444759298501058e-5
2.6981140416436875e-5
3.578206089625498e-5
5.2041493267229266e-5
6.538207435176841e-5
8.451097758463353e-5
8.72777582088634e-5
0.0
0.0
0.0
0.0
0.0
0.0
0.0
0.0
0.0
0.00023033841634299184
9.015995975220035e-5
7.355606105068518e-5
8.358820778945489e-5
5.2514409443092975e-5
0.0
0.0
2.3629365697813041e-7
0.0
3.531828679031453e-8
7.70149170147235e-6
3.888899886617886e-5
6.36099956586778e-5
9.395471291647252e-5
0.0001645701353906503
0.0
0.0
0.0
0.0
0.0
0.0
0.0
0.0
1.1379430029240145e-5
0.0025420897634377358
0.0013359603176226614
0.0008415828004229147
0.0005497529196952263
0.0003751402398933377
0.00021389088300598373
0.00016447292639501683
0.00017442150925853027
0.00011624285465287178
0.00010356581352243152
0.00011655592285279074
0.00021795669806230875
0.00038282476469828774
0.0005874272324560608
0.0006229506285161049
0.0
0.0
0.0
0.0
0.0
7.5331891017617565e-6
1.2329164760880928e-5
7.434732300998222e-5
9.93175256468249e-5
0.0024662472222789795
0.0016435863531271075
0.0010591630366393193
0.0006351795404512656
0.0003592498756588675
0.0001648971173733506
7.514740808270805e-5
7.596750577824413e-5
5.3428065123073354e-5
6.334379743099657e-5
6.253357116124852e-5
6.845974157819367e-5
0.00011229418199976371
0.0002490637099280844
0.0004032458630078443
0.0
0.0
0.0
0.0
0.0
0.0
0.0
6.422542545988719e-6
1.0056158433509716e-5
1.3018820562275486e-5
0.0
0.0
0.0
0.0
0.0
0.0
0.0
0.0
0.0
0.0
0.0
0.0
0.0
0.0
0.0
0.0
0.0
0.0
0.0
0.0
0.0
0.0
0.0
0.0
0.0
0.0
0.0
0.0
0.0
0.0
0.0
0.0
0.0
0.0
0.0
0.0
0.0
0.0
0.0
0.0
0.0
0.0
0.0
0.0
0.0
0.0
0.0
0.0004866439674571025
0.00023694907412128306
9.17167353040246e-5
7.506390486757733e-5
5.5386576491412877e-5
0.0
0.0
2.542445650077076e-7
0.0
6.477968170653183e-8
9.401060263127983e-8
6.636921415341035e-6
4.553785181184357e-5
8.937682417448581e-5
0.00016233148164618077
0.0
0.0
0.0
0.0
0.0
0.0
0.0
0.0
0.0
0.0018367892304227303
0.000695698071761867
0.00035177036875198056
0.000172846623775253
7.839242505963241e-5
3.7461785845217054e-6
1.3053252889387173e-7
4.887702632474999e-5
6.423826087999719e-5
4.8547796153485655e-5
3.935111662414635e-5
4.9878212236343015e-5
7.31907820713548e-5
9.8822182538532e-5
0.00016225892997939571
0.0
0.0
0.0
0.0
0.0
0.0
0.0
0.0
0.0
0.0011800488277799576
0.0006804014803311531
0.00038531924578282846
0.0002563497004547941
0.00014460799374765176
2.636756023533283e-5
8.691020624997018e-6
6.0405284644490306e-5
6.425679262464931e-5
7.614441219938372e-5
8.864330717563379e-5
0.00013748719184129648
0.00020632254640002852
0.00028373639640386956
0.00034343742840451763
0.0
0.0
0.0
0.0
0.0
0.0
0.0
0.0
0.0
0.0017273081512166905
0.0010110235233538709
0.0005907138459721916
0.0004172805539420813
0.0002946785049434497
0.00015469804705121908
8.972726270445475e-5
8.381127248686646e-5
4.8206923337734544e-5
4.5781840539516117e-5
4.0873749426443015e-5
4.7506637182494466e-5
7.358579153140567e-5
0.00013063546799775967
0.0002422816757490313
0.0
0.0
0.0
0.0
0.0
0.0
0.0
0.0
3.822927713280863e-6
0.0019494173463628
0.0010565941713682858
0.00044674406388552713
0.00019672726924671659
7.68634386203649e-5
0.0
0.0
2.2691170397908085e-7
0.0
6.706591584761073e-8
7.203534374724165e-8
5.223913311175875e-7
1.8809486258551212e-5
4.5027097135495835e-5
6.601062201957212e-5
0.0
0.0
0.0
0.0
0.0
0.0
0.0
0.0
0.0
1.8320228552080658e-6
1.3985896704405838e-6
0.0
0.0
0.0
0.0
0.0
0.0
0.0
0.0
0.0
0.0
0.0
0.0
0.0
0.0
0.0
0.0
0.0
0.0
0.0
0.0
0.0
0.0
7.586793558493462e-6
1.934687788146202e-6
0.0
0.0
0.0
0.0
0.0
0.0
0.0
0.0
0.0
0.0
0.0
0.0
0.0
0.0
0.0
0.0
0.0
0.0
0.0
0.0
6.129349125026394e-6
1.3758444152794158e-5
0.0020795044423495487
0.0012773602894843128
0.0006797583664205423
0.0003870642001629372
0.00022597299214747457
6.311282929805509e-5
1.726975713790064e-5
3.992045320383858e-5
2.358104769523628e-5
3.427796628813577e-5
3.3074080584374435e-5
3.5053656753529616e-5
5.332318697040928e-5
7.381326129531527e-5
9.657560771897902e-5
0.0
0.0
0.0
0.0
0.0
0.0
0.0
0.0
0.0
0.0011690081437388466
0.0008161745097998265
0.00040451284957558967
0.00024970200103827193
0.0001340903302000453
1.7266335562980398e-5
4.1019114850818925e-6
2.9467925721852687e-5
2.339032374590328e-5
2.732859948949943e-5
2.4958992883682878e-5
3.0990561687875505e-5
3.59339269030174e-5
3.7329970670124805e-5
5.140247582248461e-5
0.0
0.0
0.0
0.0
0.0
0.0
0.0
0.0
0.0
0.000692875239747268
0.00037137439114155946
0.00019504572784082366
0.0001730514214332157
0.00014464989023047755
6.807974021447207e-5
5.193321810684321e-5
0.00010007055789207958
9.473536567107734e-5
0.00010177576475289477
8.574641891357724e-5
9.297177711686751e-5
9.924712053262962e-5
0.0001109599592320795
0.0001084274059077113
0.0
0.0
0.0
0.0
0.0
0.0
0.0
0.0
0.0
0.0009559488957950659
0.0004565962893145525
0.00023863853837231843
0.0001822764032599774
0.00013373079968061565
5.389813485077485e-5
4.464174964425075e-5
7.056697589817709e-5
6.238997302888873e-5
9.13242938842345e-5
6.815892822920388e-5
6.15600958997691e-5
7.545043671140623e-5
9.613198403595964e-5
0.00013608193752129332
0.0
0.0
0.0
0.0
0.0
0.0
0.0
0.0
0.0
0.0018677236096544883
0.0011318852628513683
0.0008018122709726453
0.0005593086160911829
0.00045417181202910505
0.0002678935080002815
0.0001507314772704759
0.00017129027711686385
0.0001974579298687996
0.00023054312417554644
0.00023034082555606158
0.00028707440185383976
0.0003183821702514879
0.00037332400859411003
0.00044977001657977303
0.0
0.0
0.0
0.0
0.0
0.0
0.0
6.052544677854233e-6
1.3372494933042187e-5
2.236872712116068e-5
2.3840477135900734e-6
0.0
0.0
0.0
0.0
0.0
0.0
0.0
0.0
0.0
0.0
0.0
0.0
1.0218770468490898e-5
9.708979710327098e-5
9.779243425291591e-5
0.00020433730203399302
0.0002030552464656468
0.0003178224039434068
0.00026561544053505936
0.00037898403298994185
0.0002910336952678874
0.0004044102643817752
0.000194139458851044
0.00022485963408714113
0.0001051791409233767
5.5690960924272326e-5
6.274946649915231e-6
0.0
0.0
0.0
0.0
0.0
0.0
0.0
0.0
0.0
0.0
0.0
0.0
1.558152125695086e-5
2.9233242672488285e-5
9.561216781720064e-5
0.00014716583429772803
0.00022953780553222332
0.00025479111426485364
0.003125775564495626
0.0016567854369460434
0.001170634943933735
0.0008433935795334974
0.0004638736375790345
0.00022836307087934995
0.00014112107252150643
0.00014420039575003106
8.98772835467776e-5
8.196516810526807e-5
6.570640531506252e-5
6.181694015908415e-5
7.119216326155127e-5
9.218546269628973e-5
0.00015985764565501644
0.0
0.0
0.0
0.0
0.0
0.0
0.0
0.0
0.0
0.0016503260287768979
0.0012662046655427157
0.0007612053014620672
0.0005332987341916405
0.0003189965709566683
0.00012038987574378546
4.619258982201247e-5
6.676061593819939e-5
2.869453583470031e-5
2.16350427398324e-5
1.6364703690365267e-5
1.3026662961288e-5
1.7760929437849325e-5
3.131316843058928e-5
4.478965123765259e-5
0.0
0.0
0.0
0.0
0.0
0.0
0.0
0.0
0.0
0.0012416435363494017
0.000907922876048096
0.0005208113156167495
0.0002773631969240074
0.00011415164387341228
3.7718731069104654e-6
0.0
7.933389522301526e-6
0.0
0.0
1.0385601327209984e-7
0.0
1.771549709939718e-6
2.0205916091803985e-5
3.646142671394337e-5
0.0
0.0
0.0
0.0
0.0
0.0
0.0
0.0
0.0
0.0003090800076467333
0.00016580915187256476
9.240237097589093e-5
5.990457814551228e-5
2.204823219108553e-5
8.183420941493363e-8
0.0
1.3395722990107897e-7
2.2140589383777305e-8
4.903493193560118e-8
5.146371683257386e-8
0.0
0.0
0.0
0.0
0.0
0.0
0.0
0.0
0.0
0.0
0.0
0.0
0.0
0.0012279366429474655
0.0009200252460580862
0.0006450664409292868
0.0004598870490413111
0.000314387998842024
0.00014625477973980087
6.0677719176610424e-5
6.405959647491039e-5
3.8746830331129847e-5
3.788397698240339e-5
3.0386676679442718e-5
3.2076936124399714e-5
4.1360597289133175e-5
5.595393845838486e-5
6.918561727301257e-5
0.0
0.0
0.0
0.0
0.0
0.0
0.0
0.0
0.0
0.0
0.0
0.0
0.0
0.0
0.0
0.0
0.0
0.0
0.0
0.0
0.0
0.0
0.0
0.0
0.0
0.0
0.0
0.0
0.0
0.0
0.0
4.576371771918516e-6
9.563383869028867e-6
7.488548538168939e-6
4.635489290031526e-6
0.0
0.0
0.0
0.0
0.0
0.0
0.0
0.0
0.0
0.0
0.0
0.0
0.0
0.0
0.0
0.0
0.0
0.0
0.0
0.0
0.0
0.0
0.001313004512925585
0.0008853486139783604
0.0005375572942282903
0.0003438657270387455
0.0001723607059564969
2.331281078683702e-5
9.011144364543359e-7
2.3863836624933937e-7
0.0
0.0
9.531508224299342e-8
0.0
0.0
5.457356396568156e-7
1.892963851486016e-5
0.0
0.0
0.0
0.0
0.0
0.0
0.0
0.0
0.0
0.000981004753224969
0.0007199667670655203
0.0003914942940745638
0.00014829977570282777
5.794032748292238e-5
0.0
0.0
1.980193298192692e-7
0.0
0.0
5.691949052884823e-8
0.0
0.0
2.1596435433547815e-7
2.397874659718105e-6
0.0
0.0
0.0
0.0
0.0
0.0
0.0
0.0
0.0
0.001036056275410108
0.000756998851250429
0.00029216593375415136
0.0001203365211807288
6.0923062090976504e-5
0.0
0.0
2.0658908422471986e-7
0.0
0.0
1.8075544720202325e-7
0.0
9.390312543180414e-10
0.0
2.0220028039811865e-7
0.0
0.0
0.0
0.0
0.0
0.0
0.0
0.0
0.0
0.0008262194872283761
0.0006128395959442282
0.0004021867262291148
0.00026058945056269087
0.0001050391757455697
1.5069236089929064e-7
0.0
2.239785912865522e-7
0.0
0.0
1.3366943865238767e-7
0.0
0.0
6.415034944481506e-8
3.7948136687545936e-7
0.0
0.0
0.0
0.0
0.0
0.0
0.0
0.0
0.0
0.00044369069440148065
0.00027620527600058503
0.0001670076585196015
0.00018097189367933373
0.0002217844295010838
0.00017663544789291491
0.00017206454568572088
0.00019852995603409328
0.0001587368086884772
0.00013649551831835057
9.449846832876157e-5
0.00010589645692820323
0.00011372529179545206
0.0001153565506062096
0.00011539881615651068
0.0
0.0
0.0
0.0
0.0
0.0
0.0
0.0
0.0
0.0
0.0
0.0
0.0
0.0
0.0
0.0
0.0
0.0
0.0
0.0
0.0
0.0
0.0
0.0
0.0
0.0
0.0
0.0
0.0
0.0
0.0
0.0
0.0
0.0
0.0
0.0
0.0
0.0
0.0
0.0
0.0
0.0
0.0
0.0
0.0
0.0
0.0
0.0
0.0
0.0
0.0
0.0
0.0
0.0
0.0
0.0
0.0
0.0003242381663231374
0.00015489639152165105
8.872071244593783e-5
8.66328198150198e-5
6.175822654910783e-5
4.143375022665125e-6
1.1311548754694282e-7
2.4708138707495475e-7
0.0
5.028284864041143e-6
2.3804412041257313e-5
3.314911548117933e-5
2.642129395723566e-5
2.5264767199425778e-5
3.789788274905546e-5
0.0
0.0
0.0
0.0
0.0
0.0
0.0
0.0
0.0
0.0004174651663150987
0.0001675424525504044
7.632293988267153e-5
7.21703821590908e-5
4.418333667064429e-5
6.255218213130023e-8
0.0
1.7377535003261093e-7
8.166859729270318e-9
7.711964007359684e-8
5.8744489611901664e-8
0.0
0.0
0.0
0.0
0.0
0.0
0.0
0.0
0.0
0.0
0.0
0.0
0.0
0.0002640090926598801
9.839768368183165e-5
4.120175194988718e-5
3.578943443308625e-5
2.387822664514238e-5
0.0
0.0
2.4579328288946075e-7
0.0
3.528840955746067e-8
1.0597875765273167e-7
0.0
0.0
1.8519892428563983e-6
7.175097071646212e-6
0.0
0.0
0.0
0.0
0.0
0.0
0.0
0.0
0.0
0.0003406687647732074
0.00012144031024104519
5.884611300244759e-5
5.467757933665378e-5
4.0568074630741754e-5
0.0
0.0
2.389281484075011e-7
0.0
6.66567903501053e-8
7.714111826457214e-7
2.231946241168062e-5
6.1003315894857085e-5
0.00019652066958730487
0.00046554127130579785
0.0
0.0
0.0
0.0
0.0
0.0
0.0
1.634207649712245e-5
3.45646964576629e-5
0.0026862834433397566
0.0014867481682206175
0.0010850402077546037
0.0009430101838918326
0.0008551321749515472
0.0007260915922727247
0.0006851708899762804
0.0006911152191132016
0.0006619346842303133
0.0006703511980154202
0.0006289824067060704
0.0006166398768196632
0.0007191066896982966
0.0007821893274661242
0.0008444834326344309
0.0
0.0
0.0
4.739116599981528e-6
7.699237704266407e-6
1.5744646405588402e-5
5.520182544342789e-5
5.3446757322556984e-5
7.530323441338438e-5
0.00011273097396711688
1.5568799832709874e-5
7.796486945344911e-6
0.0
0.0
0.0
0.0
0.0
0.0
0.0
0.0
0.0
0.0
0.0
0.0
0.0
0.0
0.0
0.0
0.0
2.965187925652844e-6
1.5308288194246218e-5
1.6146179784320946e-5
2.9304671745472387e-5
0.0001485027637297768
5.3654682369598765e-5
2.2049764370436583e-5
6.643650611020786e-6
0.0
0.0
0.0
0.0
0.0
0.0
0.0
0.0
0.0
0.0
0.0
0.0
0.0
0.0
0.0
0.0
0.0
0.0
0.0
1.0397815171772183e-5
0.0018598238302119576
0.0009163726786411608
0.000560545737999597
0.000272596485398132
0.00011806232159961496
1.3232296229519567e-5
0.0
2.0301669803925602e-7
0.0
1.117393510027529e-8
5.7849325026252805e-8
0.0
0.0
1.430729533098501e-7
1.7920229407595253e-6
0.0
0.0
0.0
0.0
0.0
0.0
0.0
0.0
0.0
0.0004755699906406599
0.00027394716452645786
0.0001434379277779951
9.658981247301163e-5
5.141853143769841e-5
0.0
0.0
7.810273686718926e-6
3.417842522959058e-5
6.192146848094867e-5
4.7817558402568e-5
4.473422708905458e-5
7.030871928436742e-5
0.00014636260145989906
0.00029560049032782487
0.0
0.0
0.0
0.0
0.0
0.0
0.0
0.0
0.0
0.0019295351178992238
0.0010243824585566236
0.0005691331063232419
0.0003370648442744785
0.00016188945935792317
1.365637195056297e-5
0.0
8.300874717417458e-6
0.0
5.225919788010039e-7
5.900356770602641e-8
0.0
0.0
1.307569902797384e-5
4.003213627713774e-5
0.0
0.0
0.0
0.0
0.0
0.0
0.0
0.0
0.0
0.0006128075536036832
0.0005166564641510172
0.00024845069342939143
6.4603026959299e-5
1.0423929706782751e-5
9.940329225878522e-8
0.0
1.313325250669099e-7
0.0
7.657413199771033e-8
2.1483689449988975e-7
0.0
0.0
3.744402770790487e-8
1.1655478889602478e-6
0.0
0.0
0.0
0.0
0.0
0.0
0.0
0.0
0.0
0.00022811399895929818
8.174162458655018e-5
3.6757217937589634e-5
3.170263480844776e-5
1.395821822053691e-5
0.0
0.0
2.3109363256639426e-7
0.0
0.0
3.4627545952922714e-8
0.0
0.0
0.0
0.0
0.0
0.0
0.0
0.0
0.0
0.0
0.0
0.0
0.0
0.0
0.0
0.0
0.0
0.0
0.0
0.0
0.0
0.0
0.0
0.0
0.0
0.0
0.0
0.0
0.0
0.0
0.0
0.0
0.0
0.0
0.0
0.0
0.0
2.394742017429431e-5
2.4492152415008e-6
0.0
0.0
0.0
0.0
0.0
0.0
0.0
0.0
0.0
0.0
0.0
0.0
0.0
0.0
0.0
0.0
0.0
0.0
0.0
0.0
0.0
1.105393430608429e-5
0.0023554678180174224
0.0012948911949631084
0.0007130228034126874
0.00035978778163651043
0.00017656793641828255
1.7947653592987142e-5
0.0
1.0118976365769105e-5
2.870364963454324e-7
0.0
1.1925775332863208e-7
0.0
0.0
1.4661871984243082e-7
2.7647345224885877e-5
0.0
0.0
0.0
0.0
0.0
0.0
0.0
0.0
0.0
0.0004997390770945427
0.000235057699544741
0.00010184009795433806
6.514129374414196e-5
3.151159880991951e-5
3.6363374427612586e-8
0.0
4.193414718910399e-7
0.0
1.6226230306080285e-6
6.639072360525532e-8
0.0
0.0
0.0
5.128670010827455e-6
0.0
0.0
0.0
0.0
0.0
0.0
0.0
0.0
0.0
0.00011183504588584446
3.4348441329834484e-5
1.3280259589584673e-5
1.36370885310262e-5
7.196673309648548e-7
1.020448561420195e-7
0.0
1.3327259447531446e-7
1.472164827050578e-8
1.1386414875355794e-7
7.918714034301152e-8
0.0
0.0
0.0
1.2064583746592254e-7
0.0
0.0
0.0
0.0
0.0
0.0
0.0
0.0
0.0
3.626172100710012e-5
3.3080122436641594e-6
4.64413326229896e-8
0.0
0.0
0.0
5.167882659998031e-9
1.0224851323092688e-7
2.1535266507585625e-8
1.075597099623845e-7
2.558080525317237e-7
6.368890939564588e-8
2.5843630663938015e-8
1.1736927493484118e-8
0.0
0.0
0.0
0.0
0.0
0.0
0.0
0.0
0.0
0.0
4.162149633654559e-5
4.644653737976599e-6
2.7613309157017978e-8
0.0
0.0
0.0
5.539007616255715e-9
1.050290798986799e-7
4.110944123650341e-8
1.3325890815528798e-7
2.326534117150675e-7
4.769351578036683e-8
5.125189459372266e-8
0.0
0.0
0.0
0.0
0.0
0.0
0.0
0.0
0.0
0.0
0.0
0.0
0.0
0.0
0.0
0.0
0.0
0.0
0.0
0.0
0.0
0.0
0.0
0.0
0.0
0.0
0.0
0.0
0.0
0.0
0.0
0.0
0.0
0.0
0.0
0.0
0.0
0.0
0.0
0.0
0.0
0.0
0.0
0.0
0.0
0.0
0.0
0.0
0.0
0.0
0.0
0.0
0.0
0.0
0.0
0.0
0.0
0.0
0.0
0.0002743051397336963
0.00011275339939397863
5.392116461036826e-5
3.53332272988735e-5
1.4341745287477473e-5
7.775898259883322e-8
0.0
1.2492302432177296e-7
4.1373806049274674e-8
1.2247269919020501e-7
2.542620069046504e-7
0.0
0.0
0.0
0.0
0.0
0.0
0.0
0.0
0.0
0.0
0.0
0.0
0.0
0.00033671264800470835
0.00014247082837077888
4.9641690095672516e-5
8.148792078830169e-6
0.0
0.0
3.862186700358182e-8
1.4428549265914961e-7
5.929879326357482e-8
1.5954497164927242e-7
2.6215489023798873e-7
3.349480644840555e-8
0.0
0.0
0.0
0.0
0.0
0.0
0.0
0.0
0.0
0.0
0.0
0.0
0.00032206368596616303
0.00012237913163320026
3.2105765990960316e-5
3.1761548302845853e-6
0.0
0.0
1.3484531804514506e-8
9.202540807104254e-8
5.299244713209606e-8
1.5631425669824394e-7
2.745591833832737e-7
5.680842900057861e-9
4.251421332732803e-8
0.0
6.532551080398163e-8
0.0
0.0
0.0
0.0
0.0
0.0
0.0
0.0
0.0
0.00020231428125178444
6.476127148558588e-5
4.70081663595944e-6
0.0
0.0
3.849754421359298e-9
2.402870414234298e-8
4.424283562731738e-8
5.821567724118706e-8
1.5379624695178922e-7
2.913773905749675e-7
7.003601538792324e-8
6.846316566578388e-8
2.99746408488869e-8
3.2180093576255964e-8
0.0
0.0
0.0
0.0
0.0
0.0
0.0
0.0
0.0
9.007317418644561e-5
2.7968614281111343e-5
3.7383826556617233e-6
0.0
0.0
0.0
1.933170804853439e-8
3.558662865100547e-8
2.6563930713582476e-8
1.2157047885435278e-7
2.701270190112491e-7
3.1887703225977785e-8
0.0
4.3126798511470755e-8
7.754744737403241e-7
0.0
0.0
0.0
0.0
0.0
0.0
0.0
0.0
0.0
0.0
0.0
0.0
0.0
0.0
0.0
0.0
0.0
0.0
0.0
0.0
0.0
0.0
0.0
0.0
0.0
0.0
0.0
0.0
0.0
0.0
0.0
0.0
0.0
0.0
0.0
0.0
0.0
0.0
0.0
0.0
0.0
0.0
0.0
0.0
0.0
0.0
0.0
0.0
0.0
0.0
0.0
0.0
0.0
0.0
0.0
0.0
0.0
0.0004218199813466148
0.00014771676882519488
3.949235597994531e-5
8.467408289640292e-6
0.0
8.820209134253522e-8
0.0
1.629367502710812e-7
4.8206193697032664e-8
1.2896236692494928e-7
5.981542747574442e-8
0.0
0.0
0.0
3.889418291123034e-7
0.0
0.0
0.0
0.0
0.0
0.0
0.0
0.0
0.0
0.001288583756532287
0.0007276574952151896
0.0003165995262287884
0.00010513987012980237
3.959847785337915e-5
0.0
0.0
2.4321999409855536e-7
0.0
3.8732473952215256e-8
6.3227395970410015e-6
1.062022638171009e-5
1.783953311948171e-5
3.7560397673648426e-5
6.327253968751683e-5
0.0
0.0
0.0
0.0
0.0
0.0
0.0
0.0
0.0
0.0014134655555694705
0.0008281985818601001
0.00041019523103738375
0.00021330397609834343
0.00011295537116291276
6.147424366374759e-6
0.0
1.8301833468191033e-5
4.5162518276827426e-6
2.0816932790040554e-6
1.3376070258949783e-7
0.0
0.0
0.0
1.3467337553068415e-5
0.0
0.0
0.0
0.0
0.0
0.0
0.0
0.0
0.0
0.0009616151439828506
0.0005545836143781175
0.0001734683899604443
5.44477325360919e-5
1.8185866943654797e-5
7.828796176200443e-8
0.0
1.279617601990427e-7
0.0
0.0
2.04762638362576e-7
0.0
0.0
1.53557746760008e-7
3.904394568098482e-6
0.0
0.0
0.0
0.0
0.0
0.0
0.0
0.0
0.0
0.0007038205029592506
0.0003455092635484353
0.00010885758578913339
5.9525907489770494e-5
1.2841963458641955e-5
9.550012662230835e-8
0.0
1.295673595630635e-7
0.0
8.571696006570472e-8
6.195830620634774e-8
0.0
0.0
0.0
0.0
0.0
0.0
0.0
0.0
0.0
0.0
0.0
0.0
0.0
0.0
0.0
0.0
0.0
0.0
0.0
0.0
0.0
0.0
0.0
0.0
0.0
0.0
0.0
0.0
0.0
0.0
0.0
0.0
0.0
0.0
0.0
0.0
0.0
0.0
0.0
0.0
0.0
0.0
0.0
0.0
0.0
0.0
0.0
0.0
0.0
0.0
0.0
0.0
0.0
0.0
0.0
0.0
0.0
0.0
0.0
0.0
0.0
0.00015746812113471914
5.503068755303049e-5
1.3306638799280238e-5
3.134677079330997e-7
0.0
8.162383674250717e-9
2.6069557709524552e-8
8.536226430985568e-8
3.0870856676647875e-8
1.2268382012964392e-7
1.0141842540374916e-7
0.0
0.0
0.0
0.0
0.0
0.0
0.0
0.0
0.0
0.0
0.0
0.0
0.0
6.492742817562466e-5
2.9219893243519664e-5
1.543781008496082e-5
1.8153454243694956e-5
1.5412122754708363e-5
0.0
0.0
2.5161586818184486e-7
0.0
3.3494722950449735e-8
1.005166119068037e-7
0.0
0.0
0.0
0.0
0.0
0.0
0.0
0.0
0.0
0.0
0.0
0.0
0.0
7.384154996124874e-5
3.09210288770688e-5
1.794613548255336e-5
5.3715034626958005e-6
0.0
8.567124481282163e-8
0.0
1.4791364007755164e-7
1.946676097690195e-8
1.1910900896334334e-7
1.0175884949936976e-7
4.5452225451627497e-8
3.030066426325402e-8
0.0
0.0
0.0
0.0
0.0
0.0
0.0
0.0
0.0
0.0
0.0
0.0001949445606270361
0.00011920558633274914
6.0756112139839196e-5
4.025587167432086e-5
1.1354661257883702e-5
8.212988910451707e-8
0.0
2.061589177713316e-7
1.0836394410428157e-8
1.2369206954307804e-7
1.835018537655322e-7
0.0
0.0
0.0
1.3901053117180043e-7
0.0
0.0
0.0
0.0
0.0
0.0
0.0
0.0
0.0
0.00032813054367378
0.00012851839848733405
4.583408611991521e-5
1.5611038231933458e-5
0.0
0.0
0.0
1.8089908128489176e-7
1.0945170863731706e-8
8.316722469719389e-8
1.9921545370239376e-7
0.0
0.0
0.0
0.0
0.0
0.0
0.0
0.0
0.0
0.0
0.0
0.0
0.0
0.0
0.0
0.0
0.0
0.0
0.0
0.0
0.0
0.0
0.0
0.0
1.7843584591261624e-7
0.0
0.0
0.0
0.0
0.0
0.0
0.0
0.0
0.0
0.0
0.0
0.0
0.0
0.0
0.0
0.0
0.0
0.0
0.0
0.0
0.0
0.0
0.0
0.0
0.0
0.0
0.0
0.0
0.0
0.0
0.0
0.0
0.0
0.0
0.0
0.0
1.427346050051501e-5
7.962169452852686e-6
1.6415559743927252e-5
2.7500542980544625e-5
2.7911871580973214e-5
0.0
0.0
2.2791658448193648e-7
0.0
7.142575759238189e-8
5.666790381272437e-6
1.7967360880619068e-5
2.9546930301504175e-5
4.486545200033246e-5
5.731981109163432e-5
0.0
0.0
0.0
0.0
0.0
0.0
0.0
0.0
0.0
0.0004268475905160627
0.0001807923281107584
0.00011251889953554849
0.00011541519591632294
0.0001104883231445772
3.396343728090012e-5
1.7981602958482062e-5
6.209837704853915e-5
5.263885587272057e-5
5.7237664748803896e-5
5.4834418090217155e-5
5.409517558119494e-5
5.408953967263232e-5
5.487760006313614e-5
5.601303067787868e-5
0.0
0.0
0.0
0.0
0.0
0.0
0.0
0.0
0.0
0.00020604263018454103
7.069398813005981e-5
2.7983481525503915e-5
2.80804079830983e-5
1.3687319947041762e-5
7.81323497101952e-8
0.0
2.0610356639860785e-7
0.0
2.096508952625792e-8
6.373896288004044e-8
0.0
0.0
0.0
0.0
0.0
0.0
0.0
0.0
0.0
0.0
0.0
0.0
0.0
5.7395814841425584e-5
1.0601569166323695e-5
9.894734400078831e-7
0.0
0.0
0.0
0.0
5.733083307612105e-8
3.0265194630701694e-8
1.5298545677582956e-7
2.25309817059504e-7
0.0
0.0
0.0
0.0
0.0
0.0
0.0
0.0
0.0
0.0
0.0
0.0
0.0
4.938163682110911e-6
0.0
4.541687034392733e-8
0.0
0.0
2.815676415774109e-8
3.2101917292663994e-8
2.107286417702846e-8
2.8943796978128808e-8
3.8272976074857324e-8
1.9227593706849188e-7
4.35309752393538e-8
7.325912961402993e-8
8.388727136390908e-8
4.8358929881078295e-8
0.0
0.0
0.0
0.0
0.0
0.0
0.0
0.0
0.0
0.0
0.0
0.0
0.0
0.0
0.0
0.0
0.0
0.0
0.0
0.0
0.0
0.0
0.0
0.0
0.0
0.0
0.0
0.0
0.0
0.0
0.0
0.0
0.0
0.0
0.0
0.0
0.0
0.0
0.0
0.0
0.0
0.0
0.0
5.0152433185254695e-9
3.310627947341378e-9
6.553937768478406e-9
1.6646807780164828e-9
0.0
0.0
0.0
0.0
0.0
0.0
0.0
0.0
0.0
0.0
8.588175390186452e-8
0.0
3.2996515540813313e-8
0.0
1.1930832716968307e-8
3.1703975953672065e-8
2.8609620102310937e-8
5.608320676271513e-8
4.653396533452096e-8
1.8075759385634055e-8
1.6341381108079592e-7
5.647593992688569e-8
9.774547342782205e-8
6.117233486186156e-8
8.417064264301938e-8
0.0
0.0
0.0
0.0
0.0
0.0
0.0
0.0
0.0
6.305885564160232e-5
1.5919178740174057e-5
6.657771931185911e-7
0.0
0.0
3.073328505604387e-8
8.995302966142886e-8
6.415983026740992e-8
4.770095718980547e-8
4.4109168400831835e-8
2.8212234704265095e-7
8.41124438760674e-8
5.654745672969083e-8
6.098204015183727e-8
4.7039835248207587e-8
0.0
0.0
0.0
0.0
0.0
0.0
0.0
0.0
0.0
5.8308403877745956e-5
2.1557622332472035e-5
9.878995673238847e-6
7.087939724325729e-7
0.0
0.0
0.0
9.481606284422038e-8
4.424525487072146e-8
9.285033761057913e-8
6.194890332738562e-8
1.4957498704302172e-7
7.768215115317486e-8
0.0
5.38177349254716e-6
0.0
0.0
0.0
0.0
0.0
0.0
0.0
0.0
0.0
0.00020369181512531294
8.24287775245118e-5
3.939048293987044e-5
3.12756309011726e-5
1.055893050996444e-5
7.918567774529031e-8
0.0
1.2827625665346906e-7
1.9819940707731552e-8
1.3392815057827172e-7
7.267473430821725e-8
0.0
0.0
0.0
0.0
0.0
0.0
0.0
0.0
0.0
0.0
0.0
0.0
0.0
0.0002248782488007659
0.00010229963090734799
2.4767666412368267e-5
6.049608321884624e-7
0.0
0.0
0.0
9.423319178301149e-9
5.371282151404597e-8
1.448334310057043e-7
2.319469645846238e-7
0.0
0.0
0.0
0.0
0.0
0.0
0.0
0.0
0.0
0.0
0.0
0.0
0.0
0.0
0.0
0.0
0.0
0.0
0.0
0.0
0.0
0.0
0.0
0.0
0.0
0.0
0.0
0.0
0.0
0.0
0.0
0.0
0.0
0.0
0.0
0.0
0.0
0.0
0.0
0.0
0.0
0.0
0.0
0.0
0.0
0.0
0.0
0.0
0.0
0.0
0.0
0.0
0.0
0.0
0.0
0.0
0.0
0.0
0.0
0.0
0.0
1.5091379558598652e-7
0.0
3.9019419275466256e-8
0.0
0.0
2.1424803198223158e-8
6.09302306468368e-8
5.666200536575486e-8
2.1666236204838708e-8
5.286616044129579e-8
9.82160508267571e-8
0.0
0.0
0.0
0.0
0.0
0.0
0.0
0.0
0.0
0.0
0.0
0.0
0.0
1.9772005221009398e-7
0.0
4.042186537651265e-8
0.0
0.0
2.290022950344336e-8
4.143004192251772e-8
5.758371883244494e-8
6.061492242707441e-8
1.566653275563605e-7
1.2192713648663543e-7
4.763768977751095e-8
0.0
6.497439462625091e-8
7.567917306443413e-8
0.0
0.0
0.0
0.0
0.0
0.0
0.0
0.0
0.0
0.00019611111079156235
6.694977681353078e-5
1.9443513784888027e-5
2.3885641137476836e-6
0.0
0.0
2.3900810827985928e-8
1.3139958639722638e-7
5.330853871486842e-8
1.3193491541310435e-7
1.4467174903500269e-7
4.155716145659807e-8
0.0
0.0
0.0
0.0
0.0
0.0
0.0
0.0
0.0
0.0
0.0
0.0
0.0001869051409244263
7.400132484596389e-5
1.616087140630742e-5
3.857779801747357e-7
0.0
5.089068259962038e-9
3.1922562686638305e-8
1.4809197891385458e-7
7.531181280089657e-8
1.3250151486103706e-7
2.6612983107536723e-7
7.744172195312464e-8
6.984830683583261e-8
7.429945149970308e-8
0.0
0.0
0.0
0.0
0.0
0.0
0.0
0.0
0.0
0.0
5.949595467336257e-5
8.786659068638225e-6
4.7830792584419004e-8
0.0
3.274407074280944e-8
6.447550818535829e-8
6.979135085375714e-8
4.272628084142444e-8
4.496397960854257e-8
4.528877100080576e-8
2.602291715321027e-7
6.182361729977003e-8
9.327502358489635e-8
5.662228372594467e-8
9.370757663732464e-8
0.0
0.0
0.0
0.0
0.0
0.0
0.0
0.0
0.0
0.0
0.0
0.0
0.0
0.0
0.0
0.0
0.0
0.0
0.0
0.0
0.0
0.0
0.0
2.7263555232973817e-7
0.0
0.0
0.0
0.0
0.0
0.0
0.0
0.0
0.0
0.0
0.0
0.0
0.0
0.0
0.0
0.0
0.0
0.0
0.0
0.0
0.0
0.0
0.0
0.0
0.0
0.0
0.0
0.0
0.0
0.0
0.0
0.0
0.0
0.0
0.0
0.0
0.0
0.0
0.0
0.0
0.0
0.0
0.0
0.0
0.0
0.0
0.0
0.0
0.0
0.0
0.0
0.0
0.0
0.0
0.0
0.0
0.0
1.3410683284671262e-5
0.0
6.00804180857559e-8
0.0
0.0
3.631199147631406e-8
5.4393944542552336e-8
5.6693779450805794e-8
5.78983418562629e-8
4.7033807902286055e-8
1.6909522480860644e-7
4.664122678008036e-8
4.484742626875519e-8
4.3643061306259154e-8
2.9060741297501203e-8
0.0
0.0
0.0
0.0
0.0
0.0
0.0
0.0
0.0
8.01617609852584e-8
0.0
4.074540421805656e-8
0.0
0.0
0.0
5.83098100065158e-8
5.983678233226355e-8
7.090757329681612e-8
7.493205735330362e-8
1.980705021233734e-7
2.0988203465381578e-8
1.3140655178286573e-8
7.825953202033369e-9
0.0
0.0
0.0
0.0
0.0
0.0
0.0
0.0
0.0
0.0
2.288217813652878e-7
0.0
3.580415575951121e-8
0.0
0.0
0.0
7.931423023368991e-9
4.7587830389241756e-8
3.4114727123283694e-8
2.6134513900528298e-8
1.649307539877303e-7
4.0416683366011756e-8
7.346707956397082e-8
3.5464067985274274e-8
0.0
0.0
0.0
0.0
0.0
0.0
0.0
0.0
0.0
0.0
8.865546158080078e-8
3.844014405860758e-8
3.592537180093659e-8
0.0
1.5220517743246549e-9
2.256267556867195e-8
5.782823032771638e-8
6.116360090243923e-8
3.7940552157646726e-8
1.7668683779220365e-8
4.870587105929064e-8
2.8041368548443207e-8
5.845936843618275e-8
4.004941724112956e-8
2.0992190523290124e-8
0.0
0.0
0.0
0.0
0.0
0.0
0.0
0.0
0.0
0.0
0.0
0.0
0.0
0.0
0.0
0.0
0.0
0.0
0.0
0.0
0.0
0.0
0.0
0.0
0.0
0.0
0.0
0.0
0.0
0.0
0.0
0.0
0.0
0.0
0.0
0.0
0.0
0.0
0.0
0.0
0.0
0.0
1.0603645893137573e-7
0.0
0.0
0.0
2.0746799064547188e-7
4.3286240004555057e-7
0.0
0.0
0.0
0.0
0.0
0.0
0.0
0.0
0.0
1.311265950798217e-5
0.0
6.124272890810169e-8
0.0
2.682590222346955e-8
5.044385585241309e-8
5.6758848427120966e-8
5.675769006592081e-8
5.675710988330455e-8
5.6756897659333523e-8
1.9053949494282875e-7
7.970552036234308e-8
8.548560753494933e-8
7.701095616182644e-8
3.2092098419317445e-8
0.0
0.0
0.0
0.0
0.0
0.0
0.0
0.0
0.0
6.740308770395588e-8
0.0
0.0
0.0
0.0
0.0
0.0
6.257910762799937e-8
0.0
1.1255738112695271e-7
2.062659745004116e-7
0.0
0.0
0.0
0.0
0.0
0.0
0.0
0.0
0.0
0.0
0.0
0.0
0.0
8.36114047687605e-8
0.0
3.6310616547377364e-8
0.0
0.0
3.6921582300467406e-9
2.7466191130081147e-8
1.2345087540287338e-8
1.6121754841839826e-8
2.4783384780477867e-8
1.0623510817748463e-7
0.0
0.0
0.0
0.0
0.0
0.0
0.0
0.0
0.0
0.0
0.0
0.0
0.0
0.0
0.0
0.0
0.0
0.0
0.0
0.0
2.957352782864976e-8
1.6774026030639326e-8
4.474349324621771e-9
1.430264464336817e-7
1.8411821506537934e-8
2.30857393370673e-8
6.2716742787618005e-9
0.0
0.0
0.0
0.0
0.0
0.0
0.0
0.0
0.0
0.0
3.5907518751839836e-8
0.0
0.0
0.0
1.8743849510378343e-8
3.516569270945417e-8
3.0564937816258995e-8
5.4142893432041516e-8
4.036428162368287e-8
4.22235752947737e-8
1.2456963438117738e-7
6.935572206948903e-8
6.41258172306546e-8
4.298431153873767e-8
3.7498859059673036e-8
0.0
0.0
0.0
0.0
0.0
0.0
0.0
0.0
0.0
0.0
0.0
0.0
0.0
0.0
0.0
0.0
0.0
0.0
0.0
4.3788406568238814e-9
7.584269772759639e-9
6.1965908965820156e-9
2.3346740925828954e-9
0.0
0.0
0.0
0.0
0.0
0.0
0.0
0.0
0.0
0.0
0.0
0.0
0.0
0.0
0.0
0.0
0.0
0.0
0.0
0.0
7.728612313606696e-7
0.0
0.0
9.549151868294896e-7
0.0
0.0
0.0
0.0
0.0
0.0
0.0
0.0
0.0
0.0
7.398048523937923e-5
4.5807215474699715e-6
5.568632753033541e-8
0.0
2.5885299999364278e-8
4.3905840532726627e-8
7.455427120825387e-8
5.035195524338981e-8
5.3963763715064235e-8
5.556703489199217e-8
1.1077299797041704e-7
6.200293626046955e-8
6.323681015130064e-8
5.2019426450252805e-8
1.0006992511633083e-7
0.0
0.0
0.0
0.0
0.0
0.0
0.0
0.0
0.0
3.7694326370401807e-6
4.734164247515588e-8
4.561480947084718e-8
3.101782089156083e-8
6.707109050321126e-8
5.5351256286427936e-8
7.255955195033843e-8
4.115958453613334e-8
4.3893400944604787e-8
5.8365757512732356e-8
2.066397844113619e-7
4.886981622336683e-8
5.078367046788911e-8
5.193221079067814e-8
5.2374656123037895e-8
0.0
0.0
0.0
0.0
0.0
0.0
0.0
0.0
0.0
1.8652443643019684e-5
0.0
5.5386980797304204e-8
1.6532979639497805e-8
3.403500257721834e-8
4.5174679904648975e-8
5.327674218872459e-8
6.774592090074593e-8
8.326190313916105e-8
8.302991208505154e-8
2.5239301686050345e-7
6.410718479609426e-8
3.857097826496475e-8
7.398511782966865e-8
4.607886117086882e-8
0.0
0.0
0.0
0.0
0.0
0.0
0.0
0.0
0.0
2.6159610488846997e-5
0.0
4.404982222873459e-8
0.0
2.8589365968174027e-8
4.2347067265860296e-8
5.730609454835897e-8
5.8362642269920233e-8
6.697209612840701e-8
1.7206767685906404e-7
2.592463702773276e-7
1.4643138086645315e-8
0.0
0.0
0.0
0.0
0.0
0.0
0.0
0.0
0.0
0.0
0.0
0.0
1.2923606270549243e-6
0.0
3.827638568662015e-8
1.2627614185896933e-8
4.107405493914286e-8
4.107326428226908e-8
4.341315517820235e-8
5.5295461910660816e-8
5.355549416316072e-8
1.3989422590734333e-7
2.3918975366776543e-7
7.928945097422521e-8
8.367381940935201e-8
8.367071920186869e-8
4.0014753565271383e-8
0.0
0.0
0.0
0.0
0.0
0.0
0.0
0.0
0.0
0.0
0.0
0.0
0.0
0.0
0.0
0.0
0.0
0.0
0.0
0.0
0.0
0.0
0.0
0.0
0.0
0.0
0.0
0.0
0.0
0.0
0.0
0.0
0.0
0.0
0.0
0.0
0.0
0.0
0.0
0.0
0.0
0.0
1.4390017044719547e-9
4.0296988700473825e-9
3.7720339259265385e-9
2.1329296958661383e-9
4.112184237161929e-9
0.0
0.0
0.0
0.0
0.0
0.0
0.0
0.0
0.0
0.0
4.134938531831325e-8
0.0
4.1601574078299336e-8
6.168998568809238e-8
6.121324905349442e-8
2.723330874953513e-8
2.1285141331216667e-8
2.7360677638134597e-8
2.4937632961132798e-8
2.5536420759132867e-8
4.76879394027542e-8
5.005054644248166e-8
6.862415438372077e-8
5.014257454661706e-8
3.791204649672111e-8
0.0
0.0
0.0
0.0
0.0
0.0
0.0
0.0
0.0
6.941220850780881e-8
0.0
0.0
0.0
0.0
3.3002825536674214e-8
3.960280840446217e-8
3.68833082942589e-8
2.8982024057428174e-8
4.4077914662264587e-8
1.4511858425611313e-7
0.0
0.0
0.0
0.0
0.0
0.0
0.0
0.0
0.0
0.0
0.0
0.0
0.0
6.271614162878527e-8
0.0
0.0
2.2752915589976654e-9
1.540245143714266e-8
5.661516232079408e-8
7.132391127612888e-8
5.974778563728361e-8
5.49759495769612e-8
3.690906925489686e-8
8.914978646773748e-8
2.7190754028560064e-8
0.0
0.0
0.0
0.0
0.0
0.0
0.0
0.0
0.0
0.0
0.0
0.0
6.78596666115962e-8
0.0
0.0
0.0
0.0
1.2124657982614688e-8
3.160661674716925e-8
6.20741578194672e-8
2.6495546335369102e-8
3.1668593379539075e-8
2.952595729961071e-8
3.162065387457953e-8
4.200806999038892e-8
4.838370770618483e-8
4.730624600504243e-8
0.0
0.0
0.0
0.0
0.0
0.0
0.0
0.0
0.0
5.642745010651242e-8
0.0
3.2291848052107727e-8
0.0
1.156374930490098e-8
1.6986849583731392e-8
3.263425228425342e-8
3.0602381003565265e-8
3.124722034531385e-8
2.5631903458944424e-8
3.817148303796709e-8
6.091563623567706e-8
5.3656628905521005e-8
5.0466394746160717e-8
5.427258916493046e-8
0.0
0.0
0.0
0.0
0.0
0.0
0.0
0.0
0.0
0.0
0.0
0.0
0.0
0.0
0.0
0.0
0.0
0.0
0.0
0.0
0.0
0.0
0.0
0.0
0.0
0.0
0.0
0.0
0.0
0.0
0.0
0.0
0.0
0.0
0.0
0.0
0.0
0.0
0.0
0.0
0.0
0.0
0.0
0.0
0.0
0.0
0.0
0.0
0.0
0.0
0.0
0.0
0.0
0.0
0.0
0.0
0.0
2.8193987023565016e-6
0.0
3.5966499264334045e-8
0.0
0.0
5.618146073404493e-9
2.7632910648019722e-8
4.3540378443844026e-8
5.5729279700766353e-8
1.459675947871825e-7
2.849573613357599e-7
8.675582184598114e-8
8.807364288070682e-8
5.281432090632877e-8
0.0
0.0
0.0
0.0
0.0
0.0
0.0
0.0
0.0
0.0
5.713186983782107e-7
0.0
3.750997909932498e-8
5.401583170971592e-9
3.240909483794216e-8
3.05541887056961e-8
4.5071460622800597e-8
7.748324563507487e-8
5.089308175183748e-8
5.2609828115597767e-8
1.3606836940865556e-7
6.276177807335163e-8
3.1948235693654684e-8
3.7867902761224527e-8
5.991701966645717e-8
0.0
0.0
0.0
0.0
0.0
0.0
0.0
0.0
0.0
1.4800619147826904e-7
0.0
3.8971075891871006e-8
2.2825818155700323e-8
4.502111557713512e-8
6.850907825990052e-8
8.563848361469289e-8
8.563510134728984e-8
8.262676256106549e-8
6.000417542886277e-8
1.97797250688677e-7
3.923199190743526e-8
4.283651725770619e-8
9.378341370655959e-8
5.487884602191155e-8
0.0
0.0
0.0
0.0
0.0
0.0
0.0
0.0
0.0
1.4496070862436476e-7
0.0
4.022717158156902e-8
3.7264277402136814e-8
5.59404549321875e-8
7.572369795263642e-8
7.253190638549791e-8
5.116170709663354e-8
3.8858140511998635e-8
7.297073288308589e-8
1.841786392847926e-7
5.0890252638046244e-8
5.2220921147594114e-8
6.505901873633285e-8
3.785007694458728e-8
0.0
0.0
0.0
0.0
0.0
0.0
0.0
0.0
0.0
7.345057350943128e-8
0.0
0.0
0.0
0.0
6.4999838603908444e-9
3.722018740929382e-8
4.3011321184448816e-8
4.566663187489831e-8
7.058853305006044e-8
1.1812322302286685e-7
5.276031324236305e-8
5.874522346412324e-8
9.079723779861737e-8
8.847173060561299e-8
0.0
0.0
0.0
0.0
0.0
0.0
0.0
0.0
0.0
0.0
0.0
0.0
0.0
0.0
0.0
0.0
0.0
0.0
3.680522073741773e-9
4.5381403000244414e-9
6.905196823540921e-9
7.97991639199848e-9
7.247926709921599e-9
0.0
2.762532339182274e-7
0.0
0.0
0.0
0.0
0.0
0.0
0.0
0.0
0.0
0.0
0.0
0.0
0.0
0.0
0.0
0.0
4.92917349240577e-9
8.391642035990097e-9
4.6582524187195436e-9
7.402024426405631e-9
5.356013011045861e-9
8.843004797439871e-9
4.824426618100619e-9
0.0
0.0
0.0
0.0
0.0
0.0
0.0
0.0
0.0
0.0
4.0181926635398084e-8
0.0
0.0
0.0
0.0
0.0
1.3604593014684988e-8
2.8369612644250524e-8
3.923197584465842e-8
2.296648424635501e-8
2.465175269459234e-8
0.0
0.0
0.0
0.0
0.0
0.0
0.0
0.0
0.0
0.0
0.0
0.0
0.0
0.0
0.0
0.0
0.0
0.0
0.0
0.0
2.4592641635160147e-9
9.561125399880748e-10
4.305785540497701e-6
0.0
0.0
0.0
0.0
0.0
0.0
0.0
0.0
0.0
0.0
0.0
0.0
0.0
3.6082834937727576e-7
8.804695484657867e-6
0.0
0.0
0.0
0.0
0.0
8.832879483136738e-8
3.794661642048854e-8
1.4574589428645333e-7
8.778026696360927e-8
8.194711883394059e-8
0.0
0.0
1.881046280213877e-7
0.0
0.0
0.0
0.0
0.0
0.0
0.0
0.0
0.0
5.543600298835509e-7
0.00011833541861192228
1.600874852736148e-5
1.982618696112277e-7
0.0
0.0
0.0
8.581087400494579e-8
1.6242120441122632e-8
4.872547115662523e-8
3.760117956862981e-8
7.0244848973699425e-9
0.0
0.0
1.1303911936845162e-7
0.0
0.0
0.0
0.0
0.0
0.0
0.0
0.0
0.0
3.4084756850431797e-7
2.5547968980127206e-5
3.760576107135416e-8
0.0
0.0
0.0
0.0
8.980708376959965e-8
6.648480279069455e-8
1.5371626622528753e-7
7.225383126534884e-8
6.956972667919299e-8
0.0
0.0
0.0
0.0
0.0
0.0
0.0
0.0
0.0
0.0
0.0
0.0
0.0
0.0
0.0
0.0
0.0
0.0
0.0
0.0
0.0
0.0
0.0
0.0
0.0
0.0
0.0
0.0
0.0
0.0
0.0
0.0
0.0
0.0
0.0
0.0
0.0
0.0
0.0
0.0
0.0
0.0
0.0
0.0
0.0
0.0
0.0
0.0
1.165917675649153e-7
1.9957643200801636e-7
0.0
0.0
0.0
0.0
0.0
0.0
0.0
0.0
0.0
0.0
5.417381065594278e-8
0.0
0.0
0.0
0.0
0.0
0.0
1.0165730741963779e-7
6.285759361546537e-8
1.0773638707950093e-7
3.1545624888144065e-8
4.164603939486064e-8
0.0
0.0
0.0
0.0
0.0
0.0
0.0
0.0
0.0
0.0
0.0
0.0
3.1096913821571275e-7
6.0416548353931485e-6
3.999961541029629e-8
0.0
0.0
0.0
0.0
8.79641552502479e-8
3.576752592449044e-8
5.013923755813719e-8
4.583975308589245e-8
7.62443080530319e-8
0.0
0.0
0.0
0.0
0.0
0.0
0.0
0.0
0.0
0.0
0.0
0.0
2.109480758833948e-7
1.7019867867671475e-6
3.332341036336675e-8
0.0
0.0
0.0
0.0
1.0969386735795186e-7
4.061866840021568e-8
1.0708462927902214e-7
4.473031898188131e-8
1.882137799306553e-8
0.0
0.0
0.0
4.538933718800636e-8
0.0
0.0
0.0
0.0
0.0
0.0
0.0
0.0
1.3202105370693745e-7
0.0
0.0
0.0
0.0
0.0
0.0
9.264728788588376e-8
0.0
7.311033777250338e-8
0.0
0.0
0.0
0.0
0.0
0.0
0.0
0.0
0.0
0.0
0.0
0.0
0.0
0.0
7.973880732903282e-8
0.0
3.425811211612469e-8
0.0
0.0
0.0
0.0
9.243130201047915e-8
0.0
9.935977194010473e-8
0.0
0.0
4.817973062316218e-8
0.0
1.8049023671813053e-7
0.0
0.0
0.0
0.0
0.0
0.0
0.0
0.0
0.0
0.0
0.0
0.0
0.0
0.0
0.0
0.0
0.0
0.0
0.0
0.0
0.0
0.0
0.0
0.0
0.0
0.0
0.0
0.0
0.0
0.0
0.0
0.0
0.0
0.0
0.0
0.0
0.0
0.0
0.0
0.0
0.0
0.0
0.0
0.0
0.0
0.0
1.3056977683553153e-7
0.0
0.0
0.0
0.0
0.0
0.0
0.0
0.0
0.0
0.0
3.925033735846347e-7
4.571761423336033e-6
3.760731628181778e-8
0.0
0.0
0.0
0.0
1.2151705348893592e-7
7.418909623514918e-8
3.963232591860068e-8
5.611875006634396e-8
5.442329545751656e-8
0.0
0.0
0.0
0.0
0.0
0.0
0.0
0.0
0.0
0.0
0.0
0.0
1.9105206557764246e-7
7.725138995996096e-8
3.5063442433183445e-8
0.0
0.0
0.0
0.0
1.0415901553302252e-7
6.044607269398719e-8
8.252686887421371e-8
6.978246420131378e-8
4.2483955623342895e-8
0.0
0.0
0.0
0.0
0.0
0.0
0.0
0.0
0.0
0.0
0.0
0.0
1.1628199523520898e-7
0.0
0.0
0.0
0.0
0.0
0.0
8.17301684086241e-8
6.187945305829595e-9
9.35305231283508e-8
3.3448657266574686e-8
0.0
6.87281114343006e-8
0.0
8.090150058585116e-8
0.0
0.0
0.0
0.0
0.0
0.0
0.0
0.0
0.0
7.6056394367379e-8
1.83220183665717e-7
0.0
0.0
0.0
0.0
0.0
9.085122299097194e-8
0.0
0.0
0.0
0.0
0.0
0.0
0.0
0.0
0.0
0.0
0.0
0.0
0.0
0.0
0.0
0.0
9.569648798577138e-8
0.0
0.0
0.0
0.0
0.0
0.0
8.825606785753157e-8
0.0
7.153997668211567e-8
0.0
0.0
5.016453140630741e-8
0.0
0.0
0.0
0.0
0.0
0.0
0.0
0.0
0.0
0.0
0.0
0.0
0.0
0.0
0.0
0.0
0.0
0.0
0.0
0.0
0.0
0.0
0.0
0.0
0.0
0.0
0.0
0.0
0.0
0.0
0.0
0.0
0.0
0.0
0.0
0.0
0.0
0.0
0.0
0.0
0.0
0.0
0.0
0.0
0.0
0.0
0.0
0.0
0.0
0.0
0.0
0.0
0.0
0.0
0.0
0.0
0.0
0.0
0.0
4.3966498918738936e-8
0.0
0.0
0.0
0.0
0.0
0.0
8.481269133415543e-8
0.0
6.5723153074211e-8
0.0
0.0
0.0
0.0
0.0
0.0
0.0
0.0
0.0
0.0
0.0
0.0
0.0
0.0
4.0839115393986794e-8
0.0
0.0
0.0
0.0
0.0
0.0
8.70392349859696e-8
0.0
6.91176604454309e-8
0.0
0.0
0.0
0.0
0.0
0.0
0.0
0.0
0.0
0.0
0.0
0.0
0.0
0.0
5.283876170813166e-8
0.0
0.0
0.0
0.0
0.0
0.0
8.346267565242837e-8
0.0
0.0
0.0
0.0
0.0
0.0
0.0
0.0
0.0
0.0
0.0
0.0
0.0
0.0
0.0
0.0
6.889951735639145e-8
7.902371862810864e-7
0.0
0.0
0.0
0.0
0.0
8.721513967578546e-8
0.0
6.108502612159785e-9
7.317646719727204e-9
1.0206362965231708e-8
0.0
0.0
0.0
0.0
0.0
0.0
0.0
0.0
0.0
0.0
0.0
0.0
0.0
0.0
0.0
0.0
0.0
0.0
0.0
0.0
0.0
8.400637193050479e-8
0.0
0.0
0.0
0.0
0.0
0.0
0.0
0.0
0.0
0.0
0.0
0.0
0.0
0.0
0.0
0.0
0.0
0.0
0.0
0.0
0.0
0.0
0.0
0.0
0.0
4.293035942817554e-7
2.871753075261502e-7
2.77120934237838e-7
0.0
0.0
0.0
0.0
0.0
0.0
0.0
0.0
0.0
0.0
0.0
0.0
0.0
0.0
0.0
0.0
0.0
0.0
0.0
1.154531391656436e-9
3.726932644458453e-9
2.449208586485852e-9
3.020095892492222e-9
1.3572153967295127e-9
0.0
0.0
0.0
0.0
0.0
0.0
0.0
0.0
0.0
0.0
3.609693062967631e-8
0.0
0.0
0.0
0.0
0.0
0.0
9.743726661357803e-8
0.0
7.860172739568957e-8
0.0
0.0
0.0
0.0
0.0
0.0
0.0
0.0
0.0
0.0
0.0
0.0
0.0
0.0
2.854714742616411e-7
5.921948433550201e-6
0.0
0.0
0.0
0.0
0.0
9.16786515181226e-8
0.0
7.289130042727462e-8
0.0
0.0
0.0
0.0
1.5286195914869237e-7
0.0
0.0
0.0
0.0
0.0
0.0
0.0
0.0
0.0
4.206237777091075e-7
4.16069475501826e-5
2.2580960196810565e-6
4.790625292609576e-8
0.0
0.0
0.0
8.950200066189816e-8
1.2274331822163301e-8
1.5186851790647472e-7
5.276036835833827e-8
4.5685000275657074e-8
0.0
0.0
0.0
0.0
0.0
0.0
0.0
0.0
0.0
0.0
0.0
0.0
3.079726153973391e-7
1.5754014575117638e-5
3.199406141246153e-8
0.0
0.0
0.0
0.0
1.1366044782008558e-7
7.294483727589054e-8
1.3073712116395334e-7
6.092910276320434e-8
6.092721202483175e-8
0.0
0.0
0.0
0.0
0.0
0.0
0.0
0.0
0.0
0.0
0.0
0.0
1.3640675169035026e-7
0.0
3.29475710899401e-8
0.0
0.0
0.0
0.0
1.0458470099048509e-7
4.513900177135319e-8
1.3420235011353852e-7
4.611043049874934e-8
3.501878868672014e-8
0.0
0.0
0.0
0.0
0.0
0.0
0.0
0.0
0.0
0.0
0.0
0.0
0.0
0.0
0.0
0.0
0.0
0.0
0.0
0.0
0.0
0.0
0.0
0.0
0.0
0.0
0.0
0.0
0.0
0.0
0.0
0.0
0.0
0.0
0.0
0.0
0.0
0.0
0.0
0.0
0.0
0.0
0.0
0.0
0.0
0.0
0.0
0.0
6.424975366966097e-8
0.0
0.0
0.0
0.0
0.0
0.0
0.0
0.0
0.0
0.0
0.0
8.292220135986023e-8
0.0
0.0
0.0
0.0
0.0
0.0
7.831439297481282e-8
0.0
0.0
0.0
0.0
0.0
0.0
2.050401570636596e-7
0.0
0.0
0.0
0.0
0.0
0.0
0.0
0.0
0.0
1.4421821739583961e-7
1.9442219169835495e-6
0.0
0.0
0.0
0.0
0.0
7.727283457067895e-8
0.0
7.053180756222021e-8
0.0
0.0
0.0
6.682140763813848e-8
0.0
0.0
0.0
0.0
0.0
0.0
0.0
0.0
0.0
0.0
1.383536391829321e-7
6.889240336717773e-6
0.0
0.0
0.0
0.0
0.0
8.181652329053924e-8
0.0
0.0
0.0
0.0
0.0
0.0
0.0
0.0
0.0
0.0
0.0
0.0
0.0
0.0
0.0
0.0
1.109472725884807e-7
4.862376035161364e-9
0.0
0.0
0.0
0.0
0.0
8.576584072324447e-8
0.0
9.537606305440897e-8
6.621486408246235e-8
7.845792292938266e-9
0.0
0.0
0.0
0.0
0.0
0.0
0.0
0.0
0.0
0.0
0.0
0.0
2.979027120792644e-7
8.815793803447819e-6
0.0
0.0
0.0
0.0
0.0
8.815444485355025e-8
0.0
6.639613740193108e-8
0.0
0.0
5.702569320445837e-8
0.0
7.581800664555385e-8
0.0
0.0
0.0
0.0
0.0
0.0
0.0
0.0
0.0
0.0
0.0
0.0
0.0
0.0
0.0
0.0
0.0
0.0
0.0
0.0
0.0
0.0
5.31129914768201e-7
0.0
0.0
0.0
0.0
0.0
0.0
0.0
0.0
0.0
0.0
0.0
0.0
0.0
0.0
0.0
0.0
0.0
0.0
0.0
0.0
0.0
0.0
6.265996770760738e-7
0.0
0.0
0.0
0.0
0.0
0.0
0.0
0.0
0.0
0.0
0.0
5.469797372253495e-8
0.0
3.2888359676300535e-8
0.0
0.0
0.0
0.0
9.030704335454136e-8
0.0
7.558476913420404e-9
1.4652002959224733e-8
1.6220845440713774e-8
0.0
0.0
0.0
0.0
0.0
0.0
0.0
0.0
0.0
0.0
0.0
0.0
3.906663191688547e-8
0.0
0.0
0.0
0.0
0.0
0.0
0.0
0.0
1.8352856944920277e-7
0.0
0.0
4.533879469937982e-8
0.0
0.0
0.0
0.0
0.0
0.0
0.0
0.0
0.0
0.0
0.0
5.000769908192387e-8
2.615210521486565e-6
3.3531711151209724e-8
0.0
0.0
0.0
0.0
7.242414876391572e-8
9.03124714337622e-9
8.885294434785268e-8
0.0
0.0
0.0
0.0
0.0
0.0
0.0
0.0
0.0
0.0
0.0
0.0
0.0
0.0
3.927167856314822e-8
0.0
0.0
0.0
0.0
0.0
0.0
0.0
1.1348016924325933e-8
2.451182654963822e-9
0.0
0.0
0.0
0.0
0.0
0.0
0.0
0.0
0.0
0.0
0.0
0.0
0.0
0.0
3.4737554998004354e-8
0.0
0.0
0.0
0.0
0.0
0.0
8.7428552912845e-8
1.228015272223744e-8
7.09352391766442e-8
9.53383625981818e-9
1.875275339546514e-8
0.0
0.0
0.0
0.0
0.0
0.0
0.0
0.0
0.0
0.0
0.0
0.0
0.0
0.0
0.0
0.0
0.0
4.005472550566672e-7
0.0
0.0
0.0
2.6961376049488415e-9
3.762929716955049e-9
6.253675486668766e-9
3.5813989251103667e-9
9.68635071447247e-10
7.433521246972574e-7
1.0875692314388978e-6
0.0
0.0
0.0
0.0
0.0
0.0
0.0
0.0
0.0
0.0
0.0
0.0
0.0
0.0
0.0
0.0
4.0862648989685913e-7
0.0
0.0
0.0
0.0
0.0
0.0
0.0
0.0
0.0
0.0
0.0
0.0
0.0
0.0
0.0
6.580313327172954e-8
0.0
0.0
0.0
0.0
0.0
0.0
8.71798482902095e-8
0.0
6.841957919369127e-8
0.0
0.0
0.0
0.0
0.0
0.0
0.0
0.0
0.0
0.0
0.0
0.0
0.0
0.0
6.280387081909917e-8
0.0
0.0
0.0
0.0
0.0
0.0
8.847805155752877e-8
0.0
6.629207925453293e-8
9.527791501195512e-10
0.0
0.0
0.0
0.0
0.0
0.0
0.0
0.0
0.0
0.0
0.0
0.0
0.0
4.786409957108643e-8
0.0
0.0
0.0
0.0
0.0
0.0
1.018280979715601e-7
0.0
6.925230938326246e-8
0.0
0.0
1.3036867107305193e-7
1.41529229308444e-7
0.0
0.0
0.0
0.0
0.0
0.0
0.0
0.0
0.0
0.0
1.326079150406448e-7
9.188444357285421e-6
0.0
0.0
0.0
0.0
0.0
8.340106124127108e-8
0.0
0.0
0.0
0.0
0.0
0.0
0.0
0.0
0.0
0.0
0.0
0.0
0.0
0.0
0.0
0.0
6.589069634098854e-8
0.0
0.0
0.0
0.0
0.0
0.0
8.788964424004468e-8
0.0
6.890747670137133e-8
0.0
0.0
4.75053617125629e-8
0.0
0.0
0.0
0.0
0.0
0.0
0.0
0.0
0.0
0.0
0.0
0.0
0.0
0.0
0.0
0.0
0.0
0.0
0.0
0.0
0.0
0.0
0.0
0.0
0.0
0.0
0.0
0.0
0.0
0.0
0.0
0.0
0.0
0.0
0.0
0.0
0.0
0.0
0.0
0.0
0.0
0.0
0.0
0.0
0.0
1.840738483329664e-9
0.0
0.0
3.2542228869757116e-6
0.0
0.0
0.0
0.0
0.0
0.0
0.0
0.0
0.0
0.0
2.6116488087569004e-7
1.1501978731813923e-6
0.0
0.0
0.0
0.0
0.0
9.229334337766375e-8
0.0
7.524096674872678e-8
0.0
0.0
0.0
0.0
0.0
0.0
0.0
0.0
0.0
0.0
0.0
0.0
0.0
0.0
2.140957915469531e-7
8.727992092595756e-6
0.0
0.0
0.0
0.0
0.0
1.214381321529214e-7
2.9566369526924387e-8
1.016642713912645e-7
7.007986443911375e-8
7.029872153333385e-8
0.0
0.0
0.0
0.0
0.0
0.0
0.0
0.0
0.0
0.0
0.0
0.0
4.117814034951881e-7
6.012163117321454e-5
1.7337967022883488e-5
0.0
0.0
0.0
0.0
7.803752130150479e-8
0.0
0.0
4.526214311816552e-8
0.0
0.0
0.0
3.2489338753906913e-7
0.0
0.0
0.0
0.0
0.0
0.0
0.0
0.0
0.0
4.664889630333006e-7
7.280091727762893e-5
1.4954554872376456e-5
3.273110177479935e-8
0.0
0.0
0.0
8.53659356156869e-8
0.0
7.969286427769399e-8
6.596107456859791e-8
6.93134709136333e-8
0.0
0.0
3.3381055529105804e-7
0.0
0.0
0.0
0.0
0.0
0.0
0.0
0.0
0.0
7.565383883043489e-8
9.920104772782753e-7
0.0
0.0
0.0
0.0
0.0
9.010157897435346e-8
0.0
6.863781075516272e-8
0.0
0.0
0.0
0.0
1.972934549687888e-7
0.0
0.0
0.0
0.0
0.0
0.0
0.0
0.0
0.0
0.0
0.0
0.0
0.0
0.0
0.0
0.0
0.0
0.0
4.509519023727538e-8
1.2786849640043958e-7
3.7910528020068216e-7
0.0
0.0
0.0
0.0
0.0
0.0
0.0
0.0
0.0
0.0
0.0
0.0
0.0
0.0
0.0
0.0
0.0
0.0
0.0
0.0
0.0
4.126364837010038e-9
3.744454941753743e-9
0.0
1.2654999511372737e-7
0.0
0.0
0.0
0.0
0.0
0.0
0.0
0.0
0.0
0.0
0.0
0.0
0.0
0.0
0.0
0.0
0.0
0.0
0.0
0.0
7.241880777363247e-8
0.0
2.615143261278929e-7
0.0
0.0
0.0
0.0
0.0
0.0
0.0
0.0
0.0
0.0
0.0
0.0
3.378600242593828e-8
0.0
0.0
0.0
0.0
2.6640246380323214e-9
1.8956121598535606e-8
1.5521147748710806e-8
2.2374788383040378e-8
3.9443714616072064e-8
1.7615213480753928e-7
6.323378307573792e-8
6.221869223165858e-8
0.0
0.0
0.0
0.0
0.0
0.0
0.0
0.0
0.0
0.0
0.0
8.720929112616893e-8
0.0
3.746417379723321e-8
0.0
0.0
0.0
1.6210146146121843e-8
1.9593337397877614e-8
3.9493380396508024e-8
7.210235726561948e-8
1.9852048876160528e-7
3.721539099699166e-8
4.592709506053989e-8
1.3255748728032548e-8
0.0
0.0
0.0
0.0
0.0
0.0
0.0
0.0
0.0
0.0
1.8070800494122555e-7
0.0
4.1578595558862304e-8
0.0
0.0
3.340939289200742e-8
6.236555736395826e-8
7.723569916001172e-8
4.5097934113570055e-8
5.582365697838385e-8
1.7900926639482463e-7
2.9388034586785806e-8
4.585131948559622e-8
1.618655863483235e-8
0.0
0.0
0.0
0.0
0.0
0.0
0.0
0.0
0.0
0.0
1.6023474573943772e-7
0.0
3.774451284319505e-8
0.0
0.0
1.0082386661241261e-8
7.283898034163327e-8
8.729247434718438e-8
7.943796870075207e-8
6.272280103836284e-8
1.843741003901421e-7
5.117190962518301e-8
2.4443561274015823e-8
5.4458751367025236e-9
0.0
0.0
0.0
0.0
0.0
0.0
0.0
0.0
0.0
0.0
0.0
0.0
0.0
0.0
0.0
0.0
0.0
0.0
0.0
0.0
5.025975079458286e-9
1.0191635748782828e-9
0.0
5.620363613498588e-8
0.0
0.0
0.0
0.0
0.0
0.0
0.0
0.0
0.0
0.0
0.0
0.0
0.0
0.0
0.0
0.0
0.0
0.0
0.0
8.615285041179544e-9
4.239573167101886e-9
9.045844453770545e-9
1.327465048622595e-9
0.0
0.0
0.0
0.0
0.0
0.0
0.0
0.0
0.0
0.0
0.0
5.857061431508043e-8
0.0
0.0
0.0
1.711669741962172e-8
1.6686004882317143e-8
1.8404265857084213e-8
2.5620657714584872e-8
2.9001694448485323e-8
2.3702065042451985e-8
1.6420974100104423e-7
1.5055796113286865e-8
0.0
0.0
0.0
0.0
0.0
0.0
0.0
0.0
0.0
0.0
0.0
0.0
3.124868215973308e-7
0.0
3.6605951838411334e-8
0.0
0.0
3.188903254029047e-8
3.710216421861242e-8
4.8804077300063817e-8
6.038913636567032e-8
6.720582527873182e-8
2.080125587589903e-7
9.448599693044141e-8
8.726649409251209e-8
6.808449549833424e-8
0.0
0.0
0.0
0.0
0.0
0.0
0.0
0.0
0.0
0.0
8.358500606807037e-5
4.7937619449974434e-5
1.4448566110417683e-5
0.0
0.0
1.2746735047134682e-8
3.468260146130108e-8
4.154865215225082e-8
4.78037645260251e-8
1.4025182919873573e-7
1.1760309067563867e-7
0.0
3.792036159304271e-8
0.0
2.2544115370829976e-7
0.0
0.0
0.0
0.0
0.0
0.0
0.0
0.0
0.0
0.0001780749957836802
6.362440879138085e-5
7.172540743275855e-6
0.0
0.0
1.1691058031839787e-8
3.6103715957589304e-8
3.334512012688913e-8
3.1126617832788723e-8
4.1303786930015496e-8
2.0538222768037385e-7
7.114611716022555e-8
7.650697882778065e-8
3.8825711433906627e-8
0.0
0.0
0.0
0.0
0.0
0.0
0.0
0.0
0.0
0.0
1.3962766315940736e-5
0.0
5.26164001208824e-8
0.0
2.6245312697108712e-8
8.178353256458676e-8
4.230042262009934e-8
4.107706643004813e-8
6.34660521410115e-8
7.919495734066003e-8
1.9243833235262697e-7
4.062259444195231e-8
2.7933624538004405e-8
0.0
0.0
0.0
0.0
0.0
0.0
0.0
0.0
0.0
0.0
0.0
0.0
0.0
0.0
0.0
0.0
0.0
0.0
0.0
0.0
0.0
0.0
0.0
0.0
0.0
0.0
0.0
0.0
0.0
0.0
0.0
0.0
0.0
0.0
0.0
0.0
0.0
0.0
0.0
0.0
0.0
0.0
0.0
0.0
0.0
0.0
0.0
0.0
0.0
0.0
0.0
0.0
0.0
0.0
0.0
0.0
0.0
0.0
0.0
6.466165861757796e-7
0.0
3.904081839363327e-8
0.0
0.0
0.0
0.0
7.41343434170334e-8
1.8324535777041276e-8
1.5247890057771393e-7
2.1920868419380776e-7
0.0
0.0
0.0
0.0
0.0
0.0
0.0
0.0
0.0
0.0
0.0
0.0
0.0
1.2900811471029617e-5
0.0
3.60019345028088e-8
0.0
0.0
5.357157729567112e-9
6.81339635407993e-8
6.054467139956732e-8
2.9955417784293094e-8
3.4310463594881495e-8
1.6380225195360712e-7
4.0238921558771666e-8
1.7416962528439385e-8
0.0
0.0
0.0
0.0
0.0
0.0
0.0
0.0
0.0
0.0
0.0
1.2175043770155533e-5
0.0
4.971639601582134e-8
0.0
0.0
3.003821822496234e-8
1.8109619800577606e-8
2.590246744560647e-8
3.2152279550627375e-8
3.874137057395648e-8
1.8063622752266383e-7
1.5824788349878073e-8
0.0
0.0
0.0
0.0
0.0
0.0
0.0
0.0
0.0
0.0
0.0
0.0
1.5937461415144114e-7
0.0
0.0
0.0
0.0
0.0
1.2147777170878843e-8
2.0684196970637945e-8
2.7145128651948862e-8
4.807581345994647e-8
1.8309509064574215e-7
4.045638377528663e-8
8.091595542684108e-9
0.0
0.0
0.0
0.0
0.0
0.0
0.0
0.0
0.0
0.0
0.0
7.308742414505713e-8
0.0
3.221632179099217e-8
0.0
0.0
0.0
0.0
0.0
0.0
1.2023527970584507e-7
6.039629943841682e-8
0.0
0.0
0.0
0.0
0.0
0.0
0.0
0.0
0.0
0.0
0.0
0.0
0.0
0.0
0.0
0.0
0.0
0.0
0.0
0.0
0.0
0.0
0.0
0.0
0.0
0.0
0.0
0.0
0.0
0.0
0.0
0.0
0.0
0.0
0.0
0.0
0.0
0.0
0.0
0.0
0.0
0.0
0.0
0.0
0.0
0.0
0.0
1.7360268759242716e-9
1.615344875542514e-9
0.0
0.0
0.0
0.0
0.0
0.0
0.0
0.0
0.0
0.0
0.0
0.0
2.5718724364842743e-7
0.0
3.8100996419675567e-8
0.0
0.0
0.0
0.0
6.017882607256467e-8
0.0
9.340595355754935e-8
6.112031733423702e-8
0.0
0.0
0.0
0.0
0.0
0.0
0.0
0.0
0.0
0.0
0.0
0.0
0.0
4.56583452928031e-5
9.203868612797679e-6
6.6525263481003045e-6
2.1383891366668975e-6
0.0
0.0
0.0
5.741789849430811e-8
6.531981818232159e-8
1.2021348580348344e-7
2.1434276950754758e-7
0.0
0.0
0.0
1.5081383770906394e-7
0.0
0.0
0.0
0.0
0.0
0.0
0.0
0.0
0.0
1.4979231437900596e-5
0.0
3.759874989815401e-8
0.0
0.0
0.0
1.8530641122044005e-8
3.96557734833285e-8
3.502113675137216e-8
5.726855334657851e-8
2.686515181702684e-7
2.342322434126504e-8
1.2015132712970043e-8
0.0
0.0
0.0
0.0
0.0
0.0
0.0
0.0
0.0
0.0
0.0
9.472115791608262e-7
0.0
4.2534814708385245e-8
0.0
0.0
0.0
4.74567517824961e-8
6.262098349065504e-8
6.436858374275702e-8
5.96153923751622e-8
1.7899331155090113e-7
4.04866994029268e-8
1.4190814472062059e-8
0.0
0.0
0.0
0.0
0.0
0.0
0.0
0.0
0.0
0.0
0.0
1.6731851516303963e-7
0.0
3.736193897337413e-8
0.0
4.579584119760726e-9
2.994121327440657e-8
7.676407907424972e-8
6.629481704752136e-8
5.670895122672924e-8
6.815792247964275e-8
1.6323256497344118e-7
3.820654898516601e-8
4.0699267040074116e-8
6.02475527130494e-9
0.0
0.0
0.0
0.0
0.0
0.0
0.0
0.0
0.0
0.0
0.0
0.0
0.0
0.0
0.0
0.0
0.0
1.7583755758145493e-9
3.6970672587926213e-9
2.2986396626858186e-9
2.9737055360528335e-9
1.5876389862772699e-9
1.6073069246836956e-9
0.0
0.0
0.0
0.0
0.0
0.0
0.0
0.0
0.0
0.0
0.0
0.0
0.0
0.0
0.0
0.0
0.0
0.0
0.0
0.0
2.9385504694348414e-9
1.4245406041871588e-9
1.2725295380374604e-9
0.0
0.0
0.0
0.0
0.0
0.0
0.0
0.0
0.0
0.0
0.0
0.0
3.385326256236472e-5
3.2256343232003125e-6
4.562531594090785e-8
0.0
0.0
0.0
0.0
1.3140547275896545e-7
4.368269680319777e-8
1.6541678696204927e-7
1.7188496211137284e-7
4.9685725928779065e-8
0.0
2.5169335393896984e-7
4.855398672122748e-7
0.0
0.0
0.0
0.0
0.0
0.0
0.0
0.0
0.0
0.000516201440881096
0.0002007682833349222
7.150972864224578e-5
2.747623024352802e-5
0.0
7.233609016969011e-9
4.383440847912592e-8
1.2236991104997012e-7
8.217068464116009e-8
1.370237771692343e-7
1.0785056697361779e-7
5.665627651892174e-8
1.1555670470765525e-8
0.0
0.0
0.0
0.0
0.0
0.0
0.0
0.0
0.0
0.0
0.0
0.00028852901253982664
0.00011331200773759693
6.173042252329534e-5
6.205494358482292e-5
3.433530418587342e-5
6.927118702185875e-8
0.0
5.243422409166667e-7
1.4986640681094552e-7
6.978681237160481e-6
2.2331713152817595e-5
4.2065931255917864e-5
4.91941391196679e-5
5.5216179380881786e-5
6.892880467130455e-5
0.0
0.0
0.0
0.0
0.0
0.0
0.0
0.0
0.0
0.0014543763698483666
0.0008505929461191503
0.0004550126989048897
0.0002081546662168309
6.950182414359356e-5
0.0
0.0
2.001569255035898e-7
0.0
3.406171848468944e-8
6.720382870303806e-8
0.0
0.0
2.305278483628791e-5
5.985234147644473e-5
0.0
0.0
0.0
0.0
0.0
0.0
0.0
0.0
0.0
0.001026840230245043
0.0007251374054459492
0.00038399542780853966
0.00018245234142832305
5.612144787024076e-5
6.392771089419531e-8
0.0
1.367741094310451e-7
2.1110988592905546e-8
1.2358028319599143e-7
6.327850132762738e-8
0.0
0.0
0.0
1.3856829057626554e-7
0.0
0.0
0.0
0.0
0.0
0.0
0.0
0.0
0.0
0.0
0.0
0.0
0.0
0.0
0.0
0.0
0.0
0.0
0.0
0.0
0.0
0.0
0.0
0.0
0.0
0.0
0.0
0.0
0.0
0.0
0.0
0.0
0.0
0.0
0.0
0.0
0.0
0.0
0.0
0.0
0.0
0.0
0.0
0.0
0.0
0.0
0.0
0.0
0.0
0.0
0.0
0.0
0.0
0.0
0.0
0.0
0.0
0.0
0.0
0.0
0.0
0.0
0.0
0.0
0.0
0.0
0.0
0.0
0.0
0.0
0.0
0.0
0.0
0.0
0.0
0.0
0.0
0.0
0.0
0.0
0.0
0.0005071518565408634
0.00045059673779541444
0.00042658703915299896
0.00040496115659059
0.00032423987738017544
0.00011959531792444852
2.1235121060860334e-5
4.7063690414798676e-5
2.76397204922672e-5
3.1640441587995894e-5
3.164703365394925e-5
3.2429426437592416e-5
5.60832224084091e-5
0.00013740423904330705
0.00023837727288200102
0.0
0.0
0.0
0.0
0.0
0.0
0.0
0.0
0.0
0.0011185759816693492
0.0008474606758480501
0.0004273721176959995
0.0001717317348173354
8.285509735484534e-5
8.451998431625217e-7
0.0
1.0438926491010773e-6
0.0
0.0
2.147696145571134e-7
0.0
0.0
2.126893423353941e-6
2.3898465571013705e-5
0.0
0.0
0.0
0.0
0.0
0.0
0.0
0.0
0.0
0.0004853580198952236
0.0003093010803868809
0.0001310599833851835
5.317672807682396e-5
1.2406671372149379e-5
1.0051161889587898e-7
3.711785749054062e-8
1.817577377219901e-7
4.0457567934588164e-8
1.1142723080167686e-7
1.575365760304556e-7
3.7745425786731465e-8
2.3364248711692233e-8
0.0
0.0
0.0
0.0
0.0
0.0
0.0
0.0
0.0
0.0
0.0
0.00014432607085492687
8.942182074272191e-5
4.505687790013394e-5
2.1435367581766102e-5
2.8632089923066366e-7
9.543290991336404e-8
1.8913938956170677e-8
8.448243919796182e-8
3.886753825372055e-8
4.2795443475925805e-7
1.40232094566744e-7
1.069401160668478e-6
2.2622509137706236e-5
5.448765856685338e-5
0.0001261614884232049
0.0
0.0
0.0
0.0
0.0
0.0
0.0
0.0
0.0
0.0
0.0
0.0
0.0
0.0
0.0
0.0
0.0
0.0
0.0
0.0
0.0
0.0
0.0
0.0
0.0
0.0
0.0
0.0
0.0
0.0
0.0
0.0
0.0
0.0
0.0
0.0
0.0
0.0
0.0
0.0
0.0
0.0
0.0
0.0
0.0
0.0
0.0
0.0
0.0
0.0
0.0
0.0
0.0
0.0
0.0
0.0
0.0
0.0007151441705043038
0.0004580645611938662
0.0002936120706386986
0.00014107124607261112
5.571993612895364e-5
5.221927203244846e-8
0.0
1.2735939447091032e-7
1.5887406720191963e-8
1.0856965283399417e-7
7.471005089685817e-8
0.0
0.0
0.0
1.3476969746226457e-7
0.0
0.0
0.0
0.0
0.0
0.0
0.0
0.0
0.0
0.000189140024951853
7.883987908930188e-5
3.885111032592331e-5
1.6895033042338092e-5
0.0
0.0
2.0509002654329966e-8
1.7764591303365855e-7
5.077318879899999e-8
1.407353604896611e-7
1.2367633270124917e-7
3.089352532385876e-8
9.192407935462993e-9
0.0
0.0
0.0
0.0
0.0
0.0
0.0
0.0
0.0
0.0
0.0
0.00019129942247328249
9.048801719833743e-5
3.49077622646208e-5
9.471223154921192e-6
0.0
0.0
0.0
1.5162139447551374e-7
3.365901796567098e-8
1.14587487740195e-7
2.5526378817660695e-7
3.735732068597529e-8
0.0
0.0
0.0
0.0
0.0
0.0
0.0
0.0
0.0
0.0
0.0
0.0
0.00010113019047044004
3.1015822210107216e-5
1.550096300292144e-5
1.1166283511588956e-5
5.551122624385272e-7
8.55977653299354e-8
0.0
1.2307535036578385e-7
8.94844149832659e-9
9.249099159436885e-8
5.795438236178647e-8
0.0
0.0
0.0
0.0
0.0
0.0
0.0
0.0
0.0
0.0
0.0
0.0
0.0
3.4866503562538166e-5
3.158325681053491e-6
3.790485293623417e-8
0.0
0.0
9.264585943809404e-8
0.0
5.5560441768072504e-8
0.0
8.658096523455124e-8
6.249548830106705e-8
0.0
0.0
0.0
0.0
0.0
0.0
0.0
0.0
0.0
0.0
0.0
0.0
0.0
0.0
0.0
0.0
0.0
0.0
0.0
0.0
0.0
0.0
0.0
0.0
0.0
0.0
0.0
0.0
0.0
0.0
0.0
0.0
0.0
0.0
0.0
0.0
0.0
0.0
0.0
0.0
0.0
0.0
0.0
0.0
0.0
0.0
0.0
0.0
0.0
0.0
0.0
0.0
0.0
0.0
0.0
0.0
0.0
0.0
0.0
0.0
0.0
0.0002090098035935179
0.00010763509341839483
7.04808213381121e-5
0.00010278271764897156
0.00017067190507067819
0.00012518754499129143
2.8193968020862595e-5
2.3825216999445593e-5
3.2157261666533755e-7
0.0
6.623162340803089e-8
0.0
2.1286915337249697e-5
5.9975366772491956e-5
8.1325282466927e-5
0.0
0.0
0.0
0.0
0.0
0.0
0.0
0.0
0.0
0.001882477677084652
0.0010492212306603339
0.0006258115441640145
0.0003493275856994139
0.0001704566089282658
1.685328921184233e-5
2.8647051631642384e-7
2.40920900061723e-5
3.9013830263294514e-6
5.695061477844379e-7
6.709521628537504e-8
4.646732892009319e-6
3.4167617300170405e-5
6.499045696565438e-5
8.951643374336963e-5
0.0
0.0
0.0
0.0
0.0
0.0
0.0
0.0
0.0
0.0012518141255065966
0.0010670911736478388
0.000709143594283766
0.00041362191827459506
0.0002079397315123291
3.4481648229078465e-5
1.1633451532734512e-6
8.913486492118992e-6
0.0
0.0
5.594512151981711e-8
0.0
1.0445966605692937e-5
4.51377681622998e-5
6.922122619089762e-5
0.0
0.0
0.0
0.0
0.0
0.0
0.0
0.0
0.0
0.0009966662282811446
0.0007632764332618493
0.00043341408399972376
0.00018454929309915513
8.108334808601194e-5
9.760811651334077e-7
0.0
6.477974361790598e-6
0.0
0.0
6.055478254627749e-8
0.0
1.0124547568502342e-5
4.937245490451276e-5
7.227302358788336e-5
0.0
0.0
0.0
0.0
0.0
0.0
0.0
0.0
0.0
0.0009023907355669975
0.0006583369297423008
0.00042384405897612237
0.0002154152940360059
8.904003615645313e-5
5.470301822793487e-7
0.0
2.1430072745262778e-7
0.0
0.0
1.879722105175961e-7
0.0
0.0
0.0
3.459484346175096e-6
0.0
0.0
0.0
0.0
0.0
0.0
0.0
0.0
0.0
0.0
0.0
0.0
0.0
0.0
0.0
0.0
0.0
0.0
0.0
0.0
0.0
0.0
0.0
0.0
0.0
0.0
0.0
0.0
0.0
0.0
0.0
0.0
0.0
0.0
0.0
0.0
0.0
0.0
0.0
0.0
0.0
0.0
0.0
0.0
0.0
0.0
0.0
0.0
0.0
0.0
0.0
0.0
0.0
0.0
0.0
0.0
0.0
0.0003039796712287852
0.00012184417188825262
5.5966087115946475e-5
4.907675981338142e-5
3.362605655759237e-5
0.0
0.0
2.5516011592241735e-7
0.0
3.212157322823927e-8
1.0708650432083698e-7
0.0
0.0
2.7604641554462824e-6
7.609891472479476e-6
0.0
0.0
0.0
0.0
0.0
0.0
0.0
0.0
0.0
9.765349253543284e-5
4.614297321666402e-5
2.743622846644842e-5
2.806744233140565e-5
1.7672097409220592e-5
7.367773225159365e-8
0.0
2.2985483052611094e-7
0.0
1.0373413189194365e-7
9.883244135292328e-8
0.0
0.0
7.2156904268598545e-6
1.6971479642581428e-5
0.0
0.0
0.0
0.0
0.0
0.0
0.0
0.0
0.0
0.0003659108882588396
0.00016383226045566443
7.776927497313634e-5
6.164107197927846e-5
2.778890321165123e-5
7.338961453891622e-8
0.0
2.1915588272332638e-7
7.381229118090755e-8
2.1450196576607768e-5
0.0001320066442059072
0.00045422555753105577
0.0006080017852172271
0.0006158390686574882
0.0005771703178263794
0.0
0.0
0.0
0.0
0.0
0.0
2.7159340008098094e-6
1.2803370058510593e-5
1.343556906303158e-5
0.002131769910480564
0.0014219232169193346
0.0010017772968516764
0.0007338673938324534
0.0004949808675486324
0.0003092604106363275
0.00020086405431020548
0.0001902581373499826
0.00014108149908853326
0.00012098619143058462
0.00010972214598337822
0.0001274464284756364
0.00024611925319188493
0.0004115242009006521
0.0006558103472135207
0.0
0.0
0.0
0.0
0.0
4.55956730984536e-6
8.811913914473819e-6
4.044138789643362e-5
0.00014179514649348082
0.0025123948853178406
0.0017433378747398049
0.0012243808385526862
0.0008290166349747214
0.00041791362520929976
0.00022710774238815753
0.00014039615309597854
9.900840997849114e-5
5.29287845083513e-5
4.739385875802662e-5
5.0485694218301573e-5
6.600420607448975e-5
8.923992445403821e-5
0.0001336464224937649
0.0002268852475988818
0.0
0.0
0.0
0.0
0.0
0.0
0.0
0.0
9.952453413900298e-6
1.6488832089218893e-5
4.729647121023422e-6
3.443996103029812e-6
4.974855577028027e-7
0.0
0.0
0.0
0.0
0.0
0.0
0.0
0.0
0.0
0.0
0.0
0.0
0.0
0.0
0.0
0.0
0.0
0.0
0.0
0.0
0.0
0.0
0.0
0.0
0.0
0.0
0.0
0.0
0.0
0.0
0.0
0.0
0.0
0.0
0.0
0.0
0.0
0.0
0.0
0.0
0.0
0.0
0.0
0.0
0.0
0.0005467260868543992
0.0002672060835108539
0.00012075806012238107
0.00011289385276219738
8.569480881487916e-5
2.0486544786559197e-6
0.0
3.163692296501297e-7
0.0
0.0
1.266167495320888e-7
1.3847032940728253e-5
3.392675930841263e-5
4.675927123181531e-5
6.107335470856587e-5
0.0
0.0
0.0
0.0
0.0
0.0
0.0
0.0
0.0
0.0009827620882522693
0.0005402592531860008
0.00025428096708496366
0.00011204491750949953
5.8469315781225684e-5
0.0
0.0
2.392735622994565e-7
0.0
1.0714884518862445e-7
3.262729848537962e-6
2.181105164950173e-5
4.687121863392587e-5
6.710446013369106e-5
8.669706555113365e-5
0.0
0.0
0.0
0.0
0.0
0.0
0.0
0.0
0.0
0.001473540826160876
0.0008652205496491581
0.00042338619994960244
0.0001790429041282072
7.766673634001186e-5
6.430043696953317e-7
0.0
2.3183930664584728e-7
0.0
3.5041332127688313e-8
1.1882393577249985e-7
2.4991139800127656e-5
7.54703938927132e-5
0.00011136394478341727
0.00015369966408909684
0.0
0.0
0.0
0.0
0.0
0.0
0.0
0.0
0.0
0.0015545020239500088
0.0007738599501253651
0.0004793148272661371
0.0003144966427240118
0.00018442531450426068
4.351350466542065e-5
8.631513756973996e-6
3.037893185747604e-5
2.7215087172119e-5
3.8756687881282933e-5
5.585152773745537e-5
7.736782711673745e-5
9.380454031702189e-5
0.000110786955902946
0.0001358418188445254
0.0
0.0
0.0
0.0
0.0
0.0
0.0
0.0
0.0
0.0005137100363422154
0.00022384175850281867
9.648391312854751e-5
6.060754408870375e-5
1.3325135010506456e-5
9.81497748838284e-8
0.0
2.1342865030608126e-7
0.0
9.677574981657624e-8
7.185957938037931e-8
3.374897348330293e-6
3.09377814479294e-5
5.520506653336614e-5
6.423685221821188e-5
0.0
0.0
0.0
0.0
0.0
0.0
0.0
0.0
0.0
0.0
0.0
0.0
0.0
0.0
0.0
0.0
0.0
0.0
0.0
0.0
0.0
0.0
0.0
0.0
0.0
0.0
0.0
0.0
0.0
0.0
0.0
0.0
0.0
0.0
0.0
0.0
0.0
0.0
0.0
0.0
0.0
0.0
0.0
0.0
0.0
0.0
0.0
0.0
0.0
0.0
6.637382020298745e-6
1.5688219315109052e-5
2.456283602865947e-5
2.5369460645415415e-5
8.92084690609902e-5
5.05789762668234e-5
0.0001103984733218479
0.0027211101263731534
0.0014711263283460252
0.0007998524010128103
0.0005084472033195133
0.00037506504758335447
0.00024584322866474755
0.0002211676814331714
0.00037597315865522957
0.0005746938781191099
0.0006932951777010687
0.0006674872421385782
0.0006985389608197767
0.0007586605857977848
0.000859381027740468
0.0009777441331270528
0.0
0.0
6.94806467710943e-6
7.998943775552015e-6
1.5666740005130915e-5
0.0001035869233071605
0.00013717006542506244
0.00011575399222906074
0.0001710162394300957
0.002540349006030292
0.0015412507589950635
0.0010354186370854744
0.0007459639746304948
0.0005354163258694726
0.0004210414004460752
0.00031135407589760717
0.0003417044412509225
0.0003760166557189969
0.0004360873649497289
0.00048275292751828394
0.0006742854483498293
0.0007704661493637345
0.0007954825597062554
0.0008968471898022557
0.0
0.0
4.795628121258138e-6
1.0061619886480997e-5
0.0001006386740669517
0.0001299027090419356
0.0002014425690018845
0.00022469269392219214
0.0002859738291128082
0.0029347844094967128
0.001792961045582966
0.001208706377061884
0.0008501225643320808
0.0005471383269843516
0.0003502118748289088
0.0002509692358211881
0.00018868631386532875
0.0001227058813719518
9.686401439887538e-5
8.202757671341714e-5
0.00020586822749151833
0.0003871306398363239
0.0005685072609658645
0.0005282087682849107
0.0
0.0
0.0
0.0
2.663398335206246e-6
7.388808675548342e-6
1.4148231623425224e-5
7.072116368319803e-5
9.444234782470917e-5
0.002437525814557988
0.001579194682769241
0.0009576217649291102
0.00038487011589384595
0.00017312087783647538
3.319290280410524e-5
5.4355691146341216e-6
2.456374002017333e-5
1.3578480544743257e-5
2.172698991971846e-5
2.9714828719431024e-5
5.9905716517253e-5
0.00010323720857873327
0.00018442053056375363
0.00026188451352153485
0.0
0.0
0.0
0.0
0.0
0.0
0.0
0.0
0.0
0.0015025603474229283
0.001320678114431924
0.0006243303838136845
0.000195551730946364
6.317594208450552e-5
0.0
0.0
3.156069450928286e-7
0.0
3.481900333739441e-8
1.612438227063204e-6
2.9419588635191473e-5
5.6281017133101495e-5
8.437707100344497e-5
0.00013376464941416866
0.0
0.0
0.0
0.0
0.0
0.0
0.0
0.0
0.0
0.0
0.0
0.0
0.0
0.0
0.0
0.0
0.0
0.0
0.0
0.0
0.0
0.0
0.0
0.0
0.0
0.0
0.0
0.0
0.0
0.0
0.0
0.0
0.0
0.0
0.0
0.0
0.0
0.0
0.0
0.0
0.0
0.0
0.0
0.0
0.0
0.0
0.0
0.0
0.0
0.0
0.0
0.0
0.0
0.0
0.0
0.0
0.0
0.0008735876945557954
0.0005565329757824776
0.000271230823737605
0.0001134154849801134
3.944741796607492e-5
6.272898616368187e-8
0.0
1.2871405318017127e-7
0.0
1.8073594410188755e-7
1.0812943539555641e-7
1.2322826932368089e-6
1.1994532644197954e-5
2.659332291975073e-5
3.8675629422820584e-5
0.0
0.0
0.0
0.0
0.0
0.0
0.0
0.0
0.0
0.00044925636376750563
0.00021518569805483958
0.00010910767356028992
8.585082649503758e-5
5.117513890455516e-5
0.0
0.0
2.12960895327266e-7
1.6278132871424288e-8
2.1004546735529182e-8
2.1915329823372416e-7
1.1322714337760972e-5
3.372404970971053e-5
4.4579133318660203e-5
5.897489248565542e-5
0.0
0.0
0.0
0.0
0.0
0.0
0.0
0.0
0.0
0.0003878162755488812
0.00015632273914652353
6.715613543973524e-5
5.144692247204434e-5
1.669178660711986e-5
9.802950298577258e-8
3.6278843459256225e-9
7.983117639332721e-8
2.3027622287839393e-8
1.2360249784341307e-7
7.682187635316292e-8
2.734063509725804e-7
2.4397392346871567e-6
6.795497430953959e-6
9.423485760181742e-6
0.0
0.0
0.0
0.0
0.0
0.0
0.0
0.0
0.0
0.0
0.0
0.0
0.0
0.0
0.0
0.0
0.0
0.0
0.0
0.0
0.0
0.0
0.0
0.0
0.0
0.0
0.0
0.0
0.0
0.0
0.0
1.6650105593373263e-5
3.678737358851766e-5
0.0027541584453661793
0.0014933110577013806
0.0009717267847836231
0.0006001675660135949
0.0003018607786593121
0.00010257637536020822
2.2433859321135134e-5
3.989536861936831e-5
2.1192048811254148e-5
2.1358853037706137e-5
2.2805101558043743e-5
5.702457269607175e-5
9.273563720721455e-5
0.0001381923285177114
0.0002279351719325835
0.0
0.0
0.0
0.0
0.0
0.0
0.0
0.0
0.0
8.627889266151624e-6
2.1878123101707348e-6
0.0
0.0
0.0
0.0
0.0
0.0
0.0
0.0
0.0
0.0
0.0
0.0
0.0
0.0
0.0
0.0
0.0
0.0
0.0
0.0
0.0
0.0
0.0
0.0
0.0
0.0
0.0
0.0
0.0
0.0
0.0
0.0
0.0
0.0
0.0
0.0
0.0
0.0
0.0
0.0
0.0
0.0
0.0
0.0
0.0
0.0
0.0010605789577011052
0.0006110358430523476
0.00031674326895665797
0.0002425241453489948
0.00018034764401997653
9.424807760285087e-5
5.239965539880234e-5
8.251123867335351e-5
7.597827023949115e-5
7.872368662792369e-5
6.591155790037397e-5
7.394314165349661e-5
7.900601516934328e-5
8.853611710210874e-5
9.847886529164064e-5
0.0
0.0
0.0
0.0
0.0
0.0
0.0
0.0
0.0
0.0005353430159256863
0.0002184218936782214
0.00010092915308920542
9.658541548367939e-5
8.203765054646964e-5
9.49046772674918e-6
5.004267142962335e-6
3.7349026504833645e-5
3.124823176109836e-5
4.14608971333173e-5
4.378267407956014e-5
4.7192711327951116e-5
5.328153418605199e-5
5.686885860137818e-5
5.441277876383923e-5
0.0
0.0
0.0
0.0
0.0
0.0
0.0
0.0
0.0
0.0011436842361010782
0.0010451883241544633
0.0010029409735186907
0.0007804361892080335
0.0007246903181440218
0.0006441153172201376
0.0006239664342503943
0.0006855744710589629
0.0006984199158065846
0.0007136105555743664
0.0007234206432228671
0.0008242294710274095
0.0009033583899996121
0.0009379015511869832
0.0009626630838159162
0.0
0.0
3.863219041495402e-6
1.0090047413543411e-5
1.1798693692287428e-5
0.00011767472974476093
0.00012494821795815434
0.00018367602309560333
0.00017264592889026307
0.002786269991149119
0.0017381007757301186
0.0011682985748957201
0.0008514697424057679
0.0006329899901781426
0.0003676934726692072
0.0002564691191132003
0.000263366310381014
0.0003127836628321861
0.0004233345368101707
0.0004580474113566593
0.0005767168737746188
0.0007176227830098657
0.0008448951467313307
0.0008867749252865051
0.0
0.0
9.831080816859575e-7
5.133750511496247e-6
5.44614631075935e-6
7.773391235794453e-6
7.630494190236418e-6
1.0435050712846223e-5
1.0354225383362121e-5
0.0017491139261982256
0.0011355838530231514
0.00048636427961991775
0.0001996826533506281
8.147436977606156e-5
4.199262617470738e-7
0.0
2.1942321331065134e-7
0.0
6.852404633661985e-8
2.1323240111756444e-6
2.6860862496111326e-5
6.885732003474409e-5
8.695005662596833e-5
0.00013659259415264857
0.0
0.0
0.0
0.0
0.0
0.0
0.0
0.0
0.0
0.0
0.0
0.0
0.0
0.0
0.0
0.0
0.0
0.0
0.0
0.0
0.0
0.0
0.0
0.0
0.0
0.0
0.0
0.0
0.0
0.0
0.0
0.0
0.0
0.0
0.0
0.0
0.0
0.0
0.0
0.0
0.0
0.0
0.0
0.0
0.0
0.0
0.0
0.0
0.0
0.0
0.0
0.0
0.0
0.0
0.0
0.0
0.0
0.0006556171868796949
0.0002966147330186311
0.00010115386942460536
5.7254183519284565e-5
2.1022750744601054e-5
9.564219466073143e-8
0.0
8.181429545765375e-6
1.653170139240469e-5
2.8285792018883774e-5
2.57594857006905e-5
2.4340629453818933e-5
3.262472744415675e-5
4.598088328805277e-5
4.539936083886882e-5
0.0
0.0
0.0
0.0
0.0
0.0
0.0
0.0
0.0
0.00043398180580748406
0.00022316952356111385
0.0001524761042913963
0.0001244625601549624
9.116590446742806e-5
1.2996086809446024e-5
1.5644695364755769e-6
2.7744170494107148e-5
3.096586762521637e-5
5.558786886287173e-5
8.77569673615724e-5
0.0002464308725883356
0.0004702911582173766
0.0007653250640512156
0.0008061569608597432
0.0
0.0
0.0
0.0
0.0
4.609156782427259e-6
1.1618677877668636e-5
3.3080349034712484e-5
0.00012207049376889752
0.002380416215775503
0.0015975349345034495
0.0010303233370957605
0.0006323952407901076
0.0003634946536498859
0.00019508372195390882
8.061732287192735e-5
8.518418394285847e-5
7.953679818540451e-5
9.497655552855303e-5
9.754967324427281e-5
0.00019995483227198607
0.00033809756546574805
0.0006228948079760173
0.0007140257149792189
0.0
0.0
0.0
0.0
6.291294768396865e-6
7.70316045715203e-6
5.5702115235928794e-5
9.380146553124806e-5
0.00016768375514003537
0.0025557683796384317
0.0016938942173807246
0.001230322122984664
0.0009702764220357931
0.0007837051815833155
0.0005613407147328984
0.0003626791189019728
0.00032087598176543266
0.00033096868914023214
0.00037327247963328915
0.00037424194776601854
0.00047567963053688427
0.000645844895992873
0.0006942629065982344
0.0007526284279606809
0.0
0.0
0.0
4.939195563439701e-6
1.1890262506802065e-5
1.2275379473293639e-5
8.498450751319806e-5
7.121406070219196e-5
8.997819356285353e-5
0.002272768519943904
0.0013703079352036568
0.0008816791018069268
0.0006802834874857935
0.0005603613191123397
0.00046522758582323283
0.00042510579396190973
0.0004977755981471606
0.0005205481484320046
0.0005233221193919587
0.0005187904971338165
0.0007253119080354053
0.0007974019004012547
0.0007909925426850237
0.00080511991462085
0.0
0.0
0.0
0.0
0.0
4.456359767353821e-6
1.0978560697298773e-5
2.7431426560859692e-5
0.00012056761967749873
0.00012793891158566025
7.695258385788273e-5
1.6565295555886542e-5
7.907076267649401e-6
2.179919748296388e-6
0.0
0.0
0.0
0.0
0.0
0.0
0.0
0.0
0.0
0.0
4.533461806204821e-6
1.2003931169221847e-5
2.2995487690598374e-5
8.028221162875546e-5
0.00014367035982094294
0.00016404469500268552
0.00025150120742169836
0.00022672929360015656
0.0003661283353281255
0.0003137997268526718
0.00026035211148892583
8.317952770593529e-5
5.037532340978124e-5
2.2656575347440986e-5
4.5782840968727495e-6
0.0
0.0
0.0
0.0
0.0
0.0
1.1699471020562558e-5
2.8235142614624232e-5
5.2328440472439573e-5
0.0003028749844230252
0.0003214559554333329
0.0004968990685901241
0.0004256270461257773
0.0006344325286548059
0.0005260088380399093
0.0007697276231691079
0.0005740641501271324
0.000769337352116322
0.0033065147432277536
0.0022814668045390792
0.0016554588428274878
0.0013198182563892529
0.0010779592494695389
0.0008419279826812866
0.0007047072468757481
0.0006345034559364076
0.0006398562098893818
0.0006203964634833794
0.0006830438719204271
0.0008327635478590657
0.0010047506309815383
0.001045230156548946
0.0010382674911037235
0.0
0.0
8.433442565341432e-6
9.685413409227405e-6
7.540438863656648e-5
7.182927699766343e-5
0.00012049822431075645
0.00011792250982692171
0.00017757993479634352
0.002543312885400152
0.0015193413206096341
0.00104516659413699
0.000773300297243479
0.0005910793910300469
0.00042342795615016564
0.0003672653265245452
0.0003268731129832004
0.00022131334314914834
0.0001961498834254271
0.00020289571969437492
0.0002847848283947206
0.0003393189401561253
0.0003914948087141331
0.000398774500272246
0.0
0.0
0.0
0.0
0.0
0.0
0.0
0.0
0.0
0.000893637048837061
0.00043937852405876636
0.00017752520101144844
0.0001120205995436879
5.466970949155394e-5
2.460503425568185e-7
0.0
2.0940941893020904e-7
0.0
7.115445301913583e-8
7.261326186799948e-7
2.3648641172429794e-5
5.0968375107775364e-5
7.605818550432792e-5
0.00010080975395231206
0.0
0.0
0.0
0.0
0.0
0.0
0.0
0.0
0.0
0.002180101574047203
0.001231146811786003
0.0007828516478393958
0.000598630224702542
0.0004590316508352396
0.00027148653215819477
0.00016330491857672726
0.00015732536689324906
0.00011195259051971111
0.00010771279697415944
0.0001026163088069066
0.00018365599782806121
0.00030198699129247125
0.00042285048263974615
0.0005142275214339559
0.0
0.0
0.0
0.0
0.0
0.0
0.0
0.0
0.0
0.0014495443335828225
0.0011420140969270029
0.0008564605944688835
0.0007551579705571002
0.0005748247688961459
0.0004198113572477678
0.00041612116793878607
0.0004820595523753189
0.0005307115343645972
0.0005676111471301241
0.0005585179616588618
0.0006337555180125238
0.0006959802832555916
0.0007136333135485203
0.0007009892853409795
0.0
0.0
0.0
0.0
0.0
0.0
2.287120730064364e-6
9.23403203876075e-6
1.1129620238729403e-5
1.8380831201579825e-5
6.071322844220805e-6
6.9266861923371276e-6
2.1063890252537933e-6
0.0
0.0
0.0
0.0
0.0
0.0
0.0
9.725368454714722e-6
1.4850221877540387e-5
1.700704340361635e-5
3.085249459316867e-5
0.0002101672950233127
0.00024435793624391633
0.0003295391649715385
0.000330595821327928
0.0004237614612072091
0.00040787707041324274
0.0005028161865285808
0.0004618139827808037
0.0005900683438043821
0.0005137352448308161
0.0003683401637266483
0.00032590987840826663
0.0003094921749397749
0.00019787625839136363
0.00013280106265852937
0.00013020804035463514
3.0115708193607045e-5
1.0659962944948788e-5
0.0
0.0
6.420751081477162e-5
0.0001022927173010209
0.00016382472539586257
0.00016507074571642239
0.00045648122449266074
0.0004443587112111948
0.0006245957820865958
0.0004961491471828795
0.0006804784473796075
0.000528344774532471
0.0006865571694672061
0.0005043091970170386
0.0006610011200151304
0.003222454179241964
0.002053497569652042
0.0015202003556765951
0.001199706660573651
0.0009547422775983206
0.0007195493550062652
0.0005023314309468437
0.0004494431739637875
0.0004207302289559348
0.000398794346295882
0.0004052519213349545
0.0006640164757526785
0.0008127268338336458
0.0008289924711261163
0.000931821030861854
0.0
0.0
5.649538793139165e-6
7.29050888207037e-6
7.996802048916195e-5
0.00011701515652341031
0.00019004594664384853
0.00019256680659221126
0.00030753819022267604
0.0029887562358712357
0.0018540415570978625
0.001328997126246114
0.0010006840994582263
0.0008156064863699426
0.000592057866423378
0.0005650720485548113
0.0006442878481266263
0.0006718460813076873
0.0006777163952238632
0.0006751701568001989
0.0008092707458146356
0.0008892116862728089
0.0009164258528413087
0.0009078599209494883
0.0
0.0
0.0
0.0
3.2043672707632955e-6
7.1941004220710164e-6
7.393854084288727e-6
4.9918114818909065e-5
8.654309824018632e-5
0.002294033940671355
0.0015664562649445333
0.0011483966418097732
0.0009920265285598964
0.0008595368070730259
0.0006734254103511595
0.0005411617810441733
0.0005298554369852188
0.000500507648616592
0.0005181366363201304
0.0005311902581142287
0.0006261032523294831
0.0007354635654959951
0.0007497741385388288
0.0008259386030754502
0.0
0.0
1.1117973321686414e-5
1.1848952045752673e-5
5.927803944381537e-5
0.00012479924185755453
0.00021204672363439467
0.0002145930844362764
0.0003444638198037491
0.0030871512941283074
0.0019147128930246185
0.0015263986109677978
0.0013847513542266344
0.0012825014462095573
0.0010974536071413762
0.0009669835213514588
0.000919465638953588
0.0008361662449982916
0.0007944473764036012
0.0008476734071342735
0.0010840216791812725
0.0012802932121498173
0.0013683959723994274
0.001449729501082966
4.763506285735638e-6
6.983708554677103e-5
0.0001667149168024381
0.0002722096408337061
0.0003261287359297423
0.00045821782083725794
0.0005065309095674632
0.0006559669237847233
0.0006410011659444134
0.003432756978080571
0.0024240084985445776
0.0018279599980831022
0.0014851379994594485
0.0011888818982992556
0.0008866445594235188
0.0007020771273903921
0.0006818939993739181
0.0006095403810321679
0.0005531554517306725
0.0005267795570300963
0.0007540379827102458
0.0008844036306445903
0.0010035918608367036
0.001085019468563263
0.0
4.323029182693681e-6
1.5551100900819574e-5
0.0001350239300198634
0.00014451180752059501
0.00020054331148031487
0.00023192807917404433
0.00028159150950063416
0.00029468892123205595
0.00033365681386608893
0.0002104553883010376
0.00020956841498896207
0.00011086531336326714
3.2679797652163053e-5
0.0
0.0
0.0
0.0
0.0
0.0
0.0
0.0
0.0
0.0
0.0
8.215585103806136e-6
2.0235504540548472e-5
3.810228766754689e-5
7.056061899575255e-5
0.0001481734465916479
0.0001916089335666943
0.0002478343984558933
0.00025551456667768555
0.00034590011688959713
0.0001803628967404948
9.978609148560117e-5
3.057525556140784e-5
7.4417900247156605e-6
0.0
0.0
0.0
0.0
0.0
0.0
0.0
0.0
0.0
0.0
0.0
0.0
0.0
0.0
0.0
0.0
0.0
0.0
0.0
0.0
0.0
0.0
0.0
0.0
0.0
0.0
0.0
0.0
0.0
0.0
0.0
0.0
0.0
0.0
0.0
0.0
0.0
0.0
0.0
0.0
0.0
0.0
0.0
0.0008232457566663339
0.0002814268314507479
5.674424987565079e-5
4.101585869503362e-5
3.066362831058856e-5
4.080406997540323e-6
3.0052064582737453e-6
1.8869216106196913e-6
2.481816928829501e-7
0.0
2.6674858927925306e-6
2.099921554160698e-5
4.6973543344229586e-5
8.141402165901275e-5
0.00012663479304563815
0.0
0.0
0.0
0.0
0.0
0.0
0.0
0.0
0.0
0.0025180195702821846
0.0012795509338370105
0.0007212933223241599
0.0003535531547863106
0.00020217833105609268
6.0568544897459144e-5
2.1885282827618128e-5
5.832102205871773e-5
3.953923692858342e-5
4.6878502467422054e-5
6.435374245922985e-5
0.00012924840683250103
0.0003196555424596848
0.00040405219945085607
0.0005590253217079118
0.0
0.0
0.0
0.0
0.0
9.113312276102946e-6
9.760465225354937e-6
1.8287838455977766e-5
8.937816036557946e-5
0.0024541536562779883
0.00161181128030187
0.0010513614598669256
0.0007449078161286322
0.00043761646124455497
0.0002163468053896533
0.00010500502622098868
9.97363788596381e-5
8.123974742751372e-5
8.586420854802476e-5
8.372315432099987e-5
0.00018219173116502003
0.0003586158355386625
0.00044029030586679844
0.0005787346411437738
0.0
0.0
0.0
0.0
0.0
1.7139075237999903e-6
9.706420305716263e-6
1.1328205447358787e-5
1.5913900892168067e-5
0.002015664617387444
0.0010424828388119595
0.0006058598057884985
0.0004144755213966894
0.00022900819909676268
5.954194874105719e-5
2.8906633856882676e-5
6.128627688649731e-5
2.7724614200646547e-5
2.4437788999700552e-5
2.9019926422454925e-5
3.300106976021439e-5
4.0993015127336584e-5
4.2161888636725326e-5
3.5448277604246885e-5
0.0
0.0
0.0
0.0
0.0
0.0
0.0
0.0
0.0
0.0
0.0
0.0
0.0
0.0
0.0
0.0
0.0
0.0
0.0
0.0
0.0
0.0
0.0
0.0
0.0
0.0
0.0
0.0
0.0
0.0
0.0
0.0
0.0
0.0
0.0
0.0
0.0
0.0
0.0
0.0
0.0
0.0
0.0
0.0
0.0
0.0
0.0
0.0
0.0
0.0
0.0
