0.0007711155027507617
0.0
0.0
0.0
0.0
0.000840914012118338
0.0007731063516176831
0.0006216698791135236
0.0004957059297640535
0.00039677524760832244
0.00023581203550051378
0.00010148270656803095
0.0
4.847068078565922e-7
3.5382346797645953e-7
0.0
9.447026121692931e-6
0.00012989650698457694
0.00023219364512410326
0.0002770168494747307
0.00032265298935772404
0.00048490905895879564
0.0005507774040241539
0.000598005195084816
0.0007310488313019871
0.0
0.0
0.0
0.0
0.0006593559375141302
0.0006389939029651965
0.0004713944446946174
0.0002632299143374626
0.0001441558456244401
6.390400294006288e-5
1.785469648152601e-7
0.0
1.2910850045358811e-6
1.665040604596646e-6
2.8107038787327084e-7
0.0
5.95211025998654e-6
1.92500102918215e-7
8.956039747387109e-6
0.00012842335639886234
0.00020520427366836028
0.00019016222519143845
0.00022838068657953162
0.0006128803963802316
0.0
0.0
0.0
0.0
0.000980952053189948
0.0008977195544926248
0.0007173910418642942
0.0005212377611837923
0.0002921138260628764
0.00017253135850400442
5.512384513778502e-6
2.0785186358495043e-7
7.621822912239804e-7
3.9440269732197313e-7
9.743925635995455e-7
1.924508931569103e-5
9.095846093515236e-5
0.00016889430760723116
0.0002750186279923317
0.0002928082387664748
0.000442281832250981
0.0005289835356938995
0.0006034523636141567
0.000813217169658712
0.0
0.0
0.0
0.0
0.0010179909528438454
0.0009142141988801309
0.0007043424855212973
0.0004764574979600979
0.00029157053865364957
0.0002061612227787842
1.3619103585708373e-5
2.5762971853775866e-7
8.981437519960035e-7
4.093807695666444e-7
1.787850092507702e-7
0.0
0.0
9.099054643318454e-5
0.00023700116569716964
0.0002756401531373944
0.00043950150289739736
0.0005659653856528794
0.0006423794324989934
0.0008008093425562097
0.0
0.0
0.0
0.0
0.000966482084463241
0.0008732132258635957
0.0006530848563261751
0.0004550453724557516
0.0003255833524465175
0.00022311416712335363
2.4691140303303546e-5
1.4233949957546182e-7
3.782164873893158e-7
8.286781825500365e-7
2.2593881739814082e-7
4.257107706708865e-5
3.252340426263598e-5
5.5380169039022975e-5
0.00013536009763063787
0.00021620277712403418
0.0003552276385101614
0.00036688298250607434
0.00043320157711194284
0.0006048690031342491
0.0
0.0
0.0
0.0
0.0007240847198884575
0.0006398441861841247
0.0005003085916618326
0.00038438906420971644
0.00020796177179553427
0.00012111662672073374
0.0
3.815074175700246e-7
1.3250678122794831e-6
2.522446898632764e-7
1.5392854489566274e-7
0.0
1.3668596245286571e-5
0.00012505088194484593
0.00026836028763849737
0.0002873593602261849
0.0004201281155379555
0.0005365105191299721
0.0006307516375378251
0.0007992517043865609
0.0
0.0
0.0
0.0
0.0009985538711996108
0.0009158844818453045
0.0006547189507945325
0.0004974199222530806
0.00033688867416243966
0.00022955397197314988
4.47887640507365e-5
0.0
5.161379922556609e-7
2.412291852519296e-7
0.0
0.0
9.13604551720634e-5
0.00012101197441102929
0.00013112177898074096
0.0002523907821999925
0.0003695619816148551
0.00044157552664781606
0.0005244300386237265
0.0006919335853008524
0.0
0.0
0.0
0.0
0.0007474925319168164
0.0006183671809427963
0.0003937165010825808
0.0003119438821174232
0.00030133285229785975
0.00022513744040801473
0.00016847333210309395
9.166084860349566e-5
8.441526126744851e-5
0.0001553534653667202
0.0002443849025335494
0.00031644985930909074
0.0003546842997262279
0.00032457477957699925
0.00034720335876244746
0.0003626308486224331
0.0004846895325363459
0.0005611108634724166
0.0005704940537873355
0.0007173331632729881
0.0
0.0
0.0
0.0
0.0006662561905505201
0.0005843449404279842
0.0004670904565558094
0.0004540522794371562
0.0004449737491847287
0.0004464378052588232
0.00034183234733165733
0.00023649360027175006
0.0002278053928046569
0.0002744327945046634
0.0003367775925382172
0.0003053708647615984
0.00026671134407793063
0.00020070302751209765
0.00023945420872392874
0.00026948864964662666
0.0003529838940835359
0.00047750152670011003
0.0006100062464604396
0.0007796043974421647
0.0
0.0
0.0
0.0
0.0008218056515354635
0.0007663530386773498
0.0006191048561719598
0.0005302673819485744
0.0004221440969881145
0.0003356867775045052
0.000197853598602799
5.6916483906585004e-5
6.468656520902723e-5
0.00018674490506576195
0.00023670001678917235
0.00020549380982230034
0.00014239782807884546
9.495840830672175e-5
0.00011808067726105574
0.00012795835131411624
0.00023245565091455423
0.00029986137518570966
0.0003428905817531853
0.00047227672592121896
0.0
0.0
0.0
0.0
0.0005374937436041448
0.00047836258250494285
0.000381196108892028
0.00046675614255249013
0.0005249340785557415
0.0006036058999925284
0.0005103169527323505
0.0003850529622927909
0.00039356434453681894
0.00046391073141363733
0.0005080805438854064
0.000482743540306134
0.00044099533023068006
0.0003662346281472521
0.0004431199331467146
0.00047867466429559797
0.0006293077552375835
0.0006978907359754949
0.0007753627873988331
0.0009343031086184922
0.0
0.0
0.0
0.0
0.0009648444018166688
0.0008811161625028363
0.0007185970880266241
0.0006288881055459352
0.0005571500181186283
0.0005203196763872821
0.0003890643032324484
0.0002285920652035213
0.00023071451337233894
0.00032628233312833563
0.00036788732198473543
0.00035670746861288406
0.00030813511133990183
0.0003014269942243608
0.000388239817017406
0.000422488829705291
0.0005655166283559045
0.000661794736635058
0.0007258085057768138
0.0009206969618795242
0.0
0.0
0.0
0.0
0.0010508262762233447
0.0009959488576495356
0.0008239075376296593
0.0006840419599151511
0.0005453021795374023
0.0004630746954744018
0.00029335928341137204
0.00014707381747901114
0.00016657025684603495
0.00024573814087305325
0.00031311176668748176
0.0003343373745935775
0.0003169110855541168
0.0002673658761302256
0.00036010011093649596
0.00045903534995204016
0.0006091437663493702
0.0007132315876449774
0.0005883664190541849
0.000819870926085164
0.0
0.0
0.0
0.0
0.0009650993821543061
0.000855105615047594
0.0006283174970293012
0.0005437832675450488
0.000512970063359596
0.00047508465997825913
0.00035065410641618315
0.00029309398258524946
0.0002487172052285723
0.00026330806293434835
0.00028585356622845814
0.0002954027043224606
0.0003404740247364698
0.000243332168042758
0.000244484532083861
0.00040817997896013973
0.0004945801753673475
0.0005835504202359438
0.0006926081884926047
0.0009055831400234352
0.0
0.0
0.0
0.0
0.0008929000092860422
0.0007698728436751944
0.0006151522300044702
0.0005728876569684532
0.000618789522439044
0.00058331896683026
0.0005250818613503467
0.00043532125457381284
0.00038433285606316765
0.0004183616418689814
0.00046578354574154163
0.0004794153073725616
0.0005007587107719305
0.0004409375409700209
0.00042289135551705996
0.00042568430809617256
0.000540431689407963
0.0006130787023650259
0.0006511356121537025
0.0007927051562381548
0.0
0.0
0.0
0.0
0.0009468839086078374
0.0008608769276886706
0.0006569709656671456
0.0005921627311585964
0.0006237561189257502
0.0005498090015362817
0.00048298531427698124
0.0003827118243424575
0.0003610437699470254
0.0003868465641073071
0.000433345394085899
0.0004510926197684617
0.0004716318498984214
0.0004492008056170938
0.0004740481664508376
0.0004910548103993701
0.0006077861973904597
0.0006808163533258872
0.0007215208969680299
0.0008858994720552226
0.0
0.0
0.0
0.0
0.0009718225626789305
0.000861926506813982
0.0006869927562967454
0.0006025744772253452
0.0005536965041286288
0.0005295165751143208
0.0003707219013034134
0.0002251254196851105
0.0002129527251074056
0.0002749661581224881
0.0003615697335367492
0.00037988606893638445
0.00035978375661052447
0.000289865921856914
0.00032830338338342695
0.0003793100627783553
0.0005149635058824233
0.000579526991287852
0.0006296804200761239
0.000823019615920325
0.0
0.0
0.0
0.0
0.001131231095340129
0.0010371615945236827
0.0008749372314363324
0.0007173593689741683
0.0005546791006045201
0.0004858190054650005
0.0003463632583937973
0.00019458919502349088
0.000179710511519778
0.0002246654595582313
0.00028299212667950004
0.0002976232863091751
0.00028232779486354653
0.0002537233004684816
0.00041857763608864297
0.0005147236592298671
0.0006377819295419196
0.0007221946352244202
0.000804338717818463
0.0009545160273141975
0.0
0.0
0.0
0.0
0.0010938452783938368
0.0009566493512784054
0.0008157867979210064
0.0006726088467215888
0.0004939514762428937
0.000402894511170223
0.00026822644732588406
0.00016595287882832904
0.00017241417843371124
0.00022282566371603795
0.00028946467861086603
0.00028654802413413064
0.00025334450141327236
0.00022193689110353755
0.00030666829744087576
0.0003534516138231242
0.00047531654470144377
0.0005191171206378668
0.0006388031068890326
0.0008632722534560388
0.0
0.0
0.0
0.0
0.001044995370072578
0.0009837938516134126
0.0008031081110957501
0.0006148378750747365
0.0004565134315396486
0.0003729519448241869
0.00019875997360839902
3.602161047111344e-5
1.5567272025496172e-5
5.06859051955821e-5
9.850246174443591e-5
0.00010867162173657694
0.00018966725354693968
0.00024121015464198135
0.00031892240175916713
0.00033142474060938066
0.0005019355389116535
0.000601316829387377
0.0006959991472594075
0.0008771564749969172
0.0
0.0
0.0
0.0
0.0010961937159232177
0.0009979237155638805
0.0007397330806162979
0.0005877435421409044
0.00044365749277454624
0.0003362907073875843
0.00017923332859753937
9.639139518183434e-5
4.56390537106727e-5
5.6716575989422306e-5
0.00012480154312510334
0.00013845910620737168
0.0002412962737562493
0.000226619474447319
0.00023088881429535234
0.00032122988229879806
0.0003518878069314065
0.00038507851200797607
0.0004662456324745671
0.0006723169141676132
0.0
0.0
0.0
0.0
0.0007881363280353333
0.0006720512229703977
0.0004951732530337264
0.00042287958035758634
0.00042853352863119403
0.00033741997592925233
0.0002245529885549049
0.00010370854434060683
4.02433063937279e-5
5.835111385217072e-5
8.8572382806702e-5
0.0001009906273578635
0.00012943153636689163
0.0001517097422757517
0.000222343265264238
0.00031274465415120727
0.00048810041702151437
0.0005926705367799399
0.0006421197605771252
0.0008083141371030649
0.0
0.0
0.0
0.0
0.0009880280134744405
0.0009051940406462305
0.0007060652048093976
0.0005149886530346076
0.0003540623635451716
0.00026824341773341154
9.741601796982397e-5
0.0
1.427236256126746e-6
9.334787044496232e-6
4.5368362259253157e-5
6.707513520245328e-5
5.1958116191011e-5
6.254888551314935e-5
0.00025055013794668987
0.0003265720466783714
0.0004587211272930068
0.0005552070673477366
0.0006591085054244566
0.0007955476279003142
0.0
0.0
0.0
0.0
0.0008992493088484698
0.0008070806334603185
0.0006031949188241667
0.0004105166282946735
0.00031133608141856325
0.0002649175107321799
7.73994690458965e-5
0.0
0.0
1.3119601040959173e-5
0.000250276117222574
0.0003921059680515775
0.00035144910397126404
0.0002501072250977017
0.0002923481963250467
0.0003066920447856575
0.00043696381206662955
0.0004901489915058014
0.0005673830028259742
0.0007213192209558278
0.0
0.0
0.0
0.0
0.0009551637630678749
0.0008744560172098632
0.0006925307710268074
0.0005526262114116499
0.00043900833331658734
0.00036629965537564974
0.00019437787847088203
4.8996747623207886e-5
5.683231354229548e-5
0.00010335360270240557
0.00015347789593597692
0.00016559143457080424
0.00018827283726810745
0.00016419256460330512
0.00023942418956261066
0.00032647052362506083
0.0004731123347602802
0.0004965210991376812
0.0005439018783242472
0.0007907151443188818
0.0
0.0
0.0
0.0
0.0008647798875500731
0.0007948254850852994
0.0006709645727768147
0.0005519772744866563
0.00046191851613287273
0.0004481518487391638
0.00032708718745766375
0.0001807187466197688
0.00018296066344870946
0.00027948302310975724
0.0003566550309864199
0.00038997373062407876
0.0004142787033743399
0.0004248716813871373
0.0005270144010752479
0.000532216189819433
0.000632639108609503
0.0006811060947869577
0.000747898814216474
0.00089337621217824
0.0
0.0
0.0
0.0
0.0009830500014512081
0.0008790018751678522
0.0007424786216255219
0.0007119889308697701
0.0006857577390171157
0.0006719632667886295
0.0005479309335695187
0.0004026850645419231
0.00039911713754634155
0.0005094142680792888
0.0006083145889334904
0.0006373437772879624
0.0005689867172065285
0.0004865040043670099
0.0005386066731104281
0.0005685259251927929
0.0006671310189940978
0.0007155169278329868
0.0007452807852294888
0.0008661427814590024
0.0
0.0
0.0
0.0
0.0009566100208732154
0.000883367904782789
0.0007016890405750643
0.0006082828313134376
0.0005365334195972179
0.00048081287537463704
0.0003600530765489695
0.00031164181605589184
0.0003342831136634338
0.0003481992598688406
0.0003230775364391448
0.0003399921108938443
0.0004082466069707257
0.000377361726251262
0.00039508433463122825
0.00046686412988579086
0.0005033805414872177
0.000569810507179276
0.0006857613647678772
0.0009317206171264418
0.0
0.0
0.0
0.0
0.001130004143122678
0.0010062773452530404
0.0007626472737268591
0.0006629481915835542
0.0006433940561204514
0.0005221746866955323
0.0004227782008084007
0.0003095995201742031
0.0002772805194989668
0.0002966550946492974
0.00032574217639405806
0.00032734339821952876
0.00033729267753377935
0.0003760603661290083
0.0004354904541034604
0.0004333607424712475
0.0005206133315275083
0.0005400537981514905
0.0005550752781894612
0.0006950854473324607
0.0
0.0
0.0
0.0
0.0008208104084470498
0.0007413601858241725
0.0005833517956512887
0.0005187228918412435
0.00048392206956208083
0.0004810164806220969
0.0003581674608326539
0.00022656013758112705
0.00022735149270783624
0.0002942347278530198
0.0003395602392744701
0.0003515676780597204
0.00034744537588134725
0.0003254818439238142
0.00040955467141553614
0.0004743478884071844
0.0005884717640406264
0.0006186712590142063
0.0006562345682879652
0.0008111773261908251
0.0
0.0
0.0
0.0
0.0009254479184020097
0.0008416283494284614
0.0006871280174650552
0.0005946541345287313
0.0005208752984418752
0.0005056406290898759
0.00037934641387228467
0.0002108417609491636
0.00017444404619873876
0.00021281522568881056
0.00026517996543788593
0.0002833854384376071
0.00023741893764328486
0.00019529161980430895
0.00024193670889571738
0.00026142140365971624
0.0003638567580866939
0.0004149167826001085
0.00046501337486015704
0.0005917275318000992
0.0
0.0
0.0
0.0
0.0007825144410292989
0.0007186190652827213
0.0005503374670742258
0.0005319941034796907
0.0005342227206239035
0.0005746262698272233
0.00051331951488193
0.00037808342164625554
0.00032129470602201393
0.0003425759470613358
0.0003932708837770132
0.00034531162236324774
0.0003804431356170608
0.0003616547929901808
0.00034075305127399314
0.0003183049656190318
0.0004256580824585391
0.0005065657207829622
0.0005481473031312545
0.0006843459371541142
0.0
0.0
0.0
0.0
0.000847587859889076
0.000757849777470927
0.0005634525739823553
0.00046520122110800744
0.0003797541333985342
0.0003514029485129563
0.00022177426485260496
8.995374132200032e-5
0.00011305419024984365
0.00017446811946619393
0.00022903815270267403
0.0002529444029797203
0.0002887168351003712
0.0002457899336319292
0.0002908903654085198
0.0003456697455143543
0.000499748568635156
0.0006121550480135497
0.0007479222610192209
0.0009851989540612918
0.0
0.0
0.0
0.0
0.0012205292335238766
0.0010893686769911336
0.0008453411044062215
0.0006003276784190439
0.00047662733085553375
0.00045323893118186595
0.0003255679488908682
0.0002041443687637358
0.00019142535379047652
0.00028565501122969323
0.0003668291446504749
0.0003578504553897829
0.0003650496535892851
0.0003347933864208829
0.00040843622142863354
0.0005351483969918244
0.000705464504516748
0.0008080814790755251
0.0008834413901665507
0.0010467301328954861
0.0
0.0
0.0
0.0
0.0011869702881978793
0.0010536088281080868
0.0007801773415909908
0.0006773802875665278
0.0006276372234501359
0.0005776212940804589
0.0004275949100544901
0.0003019331840728366
0.00027698811245740085
0.0003566121203775963
0.0003787921203522733
0.0003917489820834395
0.00043807250277620984
0.00033296876336989106
0.00029101112802114586
0.0003469072367161516
0.00038158014510018264
0.0004252874012971098
0.0004883668381996381
0.000785059705795384
0.0
0.0
0.0
0.0
0.001079062264409026
0.0009666103260829947
0.0007045752416975305
0.000513298772152369
0.0004427838862055246
0.0003031224335431588
0.00016917762726829295
4.7031875073234615e-5
4.2575011066091e-5
7.268428488510236e-5
9.270334576381626e-5
0.00011507910231097252
0.00023700453741150806
0.00031148768641467466
0.0004227050735140132
0.0004990537425952041
0.0006080416615704851
0.0007079153548403501
0.0007351357137638576
0.0009195109844412736
0.0
0.0
0.0
0.0
0.0011131897893341327
0.0010066187566337625
0.0007647735961619976
0.0005793615800677395
0.0004584128453136872
0.0003901106702884058
0.00022169618101085337
4.074160984131896e-5
6.003052487588126e-6
5.021686508769009e-5
8.564944504996961e-5
8.77607132007863e-5
0.00012596657639893534
0.0001470083666009792
0.000244206681682069
0.00030884382553501036
0.00046265598854696246
0.0005178983657532944
0.0005173308504540808
0.0006392992600367694
0.0
0.0
0.0
0.0
0.0005924091809945477
0.0005532944571751343
0.00043688187516020854
0.0003292058934391641
0.0002517676177033721
0.00023900737951203162
0.0001329877787221657
3.6642737297339446e-5
9.96035766784108e-5
0.00020119690905432924
0.00028610033826816756
0.00030507073671503203
0.00031645942271075865
0.00030244414962204063
0.00038376611560188246
0.00040731174066458375
0.0005361167527057098
0.000630594659437492
0.000693020864642897
0.0008034145765574523
0.0
0.0
0.0
0.0
0.001008929720915264
0.0009652872096158834
0.0007755009815261497
0.000654667946445709
0.0005799354715814945
0.0005205764115162103
0.0003917416749898828
0.000233642101651876
0.00021469271469329963
0.00024207920197415116
0.0003023333967576022
0.0003200281100136612
0.0003459085619123428
0.00034232652657881294
0.0004903463689119403
0.0005941951762853131
0.0006934033209637999
0.0008306560132962947
0.0009226396435082954
0.0010573059345035175
0.0
0.0
0.0
0.0
0.0011872919260673895
0.0010333800054900916
0.0008176518366486994
0.0005993544206379874
0.0004184398893813474
0.00035668771730014616
0.0001974454445385445
2.1135847969874087e-5
7.104759354033502e-6
4.389124332249343e-5
7.420929505515116e-5
0.00010231055027351905
0.00015242363883689801
0.0001500237503054594
0.00029754105303970665
0.0003802712360015176
0.0005657455318125224
0.0006668553104958462
0.000777047926472314
0.0009335671103517726
0.0
0.0
0.0
0.0
0.001082550325588978
0.0009258843051296629
0.0006427533759543035
0.00046293828259251593
0.0002794625357584963
0.00017533255634016252
1.560441556660974e-5
1.2314450302576534e-7
3.0451112874997926e-7
7.795058726397456e-7
1.0305568553184033e-7
0.0
0.0
0.0
1.6258452554594077e-6
7.80586901903656e-6
0.0001928255749511034
0.00025572943392410076
0.0003249834946607197
0.00045508621419746516
0.0
0.0
0.0
0.0
0.0007569806922594958
0.0006410714796216433
0.0003945355488631775
0.0001878884479930314
3.3545839553950054e-5
6.102951774280016e-8
0.0
0.0
0.0
0.0
0.0
0.0
0.0
0.0
1.1246361081276985e-5
8.592773041149922e-5
0.00017736997001445467
0.0002404777645282693
0.0003155095533033049
0.0005224315728814343
0.0
0.0
0.0
0.0
0.0006094477205847333
0.0005693082695793253
0.0003532415355159668
0.0001721233030868548
0.00017191023170461594
8.61528722044184e-6
0.0
0.0
0.0
0.0
0.0
0.0
0.0
0.0
4.6317292007984015e-7
1.0228936403454918e-6
6.403422444133392e-5
0.00014897223818763548
0.00020185695537627154
0.0003567457598304418
0.0
0.0
0.0
0.0
0.0004927674012023674
0.00043158802409164584
0.0002517323260019038
0.00013539339936734416
3.792155456247982e-5
8.138654360287639e-6
2.6685689698022545e-7
0.0
0.0
1.3307489741953466e-6
4.59356367874529e-7
3.998416198274815e-5
8.401815426038664e-5
7.91272516947439e-5
0.00016652347825854108
0.0002549872619128596
0.00042359636486736195
0.0005379656402224127
0.0006768571972031294
0.0009356968430706189
0.0
0.0
0.0
0.0
0.0011215082825577853
0.0010332768991373287
0.000863740307322918
0.000789317122762492
0.000729814076263398
0.0007299686451200188
0.000614893641168771
0.0004902031730351855
0.0005391033549575729
0.0006476830248253918
0.0007383613119184681
0.0007394868151925402
0.0007174085706075344
0.0006496555045508844
0.0006895936349497111
0.0007247835013974385
0.000847527669819358
0.0009095928611262557
0.0009816897824775719
0.0011584695653813514
0.0
0.0
0.0
0.0
0.0012956043347422896
0.0011619160502379614
0.0009538638741025233
0.0008595162459592797
0.0007919031261374838
0.0007529415200309211
0.0005936599557402136
0.0004700088466158295
0.0004626158300121704
0.00047523455373656257
0.0005119491348347568
0.0005331786953344316
0.0005958737328786391
0.0006096532769208709
0.0006752514121151767
0.0007506077752842873
0.0009193792102353385
0.0009955536688360034
0.0010465986899413917
0.0012166092368128816
0.0
0.0
0.0
0.0
0.0013845093728393895
0.0012286186170252977
0.0010356162916511688
0.0009005887502037521
0.0007297865148833882
0.0005731658855110906
0.0003155152547839173
0.00013707392092818658
0.00016358948382144334
0.00022725603497541217
0.0002942221127937689
0.00030153370497287667
0.00032586059160431667
0.0003034008197754746
0.0003193009772960625
0.00034925758308426474
0.0004628790260855668
0.0005300284983800737
0.0005522580307415464
0.0006572185074073128
0.0
0.0
0.0
0.0
0.0007998088044224573
0.000726698422281666
0.0005490786579378483
0.00044060049643937537
0.0004061675715026422
0.00041850024162644567
0.0003014755942369068
0.00021802541366080423
0.00025520306432083605
0.000372002112184154
0.00048155329416650015
0.0005025555384579607
0.00043168912184673086
0.0003488760102933005
0.00039896491850746613
0.0003931085048147812
0.00045091636158413784
0.00046929623764285663
0.0004863487603547276
0.0005976637035748871
0.0
0.0
0.0
0.0
0.0008049480571131124
0.0006898272940172466
0.0005134712669477243
0.00043267628108669266
0.0003446755725917544
0.0003572399723177995
0.0003367153159269565
0.0004155300037522669
0.0004810613882501198
0.0004940975778577284
0.0005028480756232243
0.0005113505366877586
0.0005532335237057413
0.0004529460267257882
0.00047467421441038546
0.0005695341725997095
0.0006280220012176775
0.0007036098967714986
0.0007778160159112873
0.0009413165934256016
0.0
0.0
0.0
0.0
0.0011085953374212123
0.00097416316364856
0.0008116394002718704
0.0007654161480544033
0.0007361012871923166
0.0006130711962903287
0.0005337042992245291
0.000416432356386701
0.000356195638358354
0.000332815265139156
0.00031781359085577665
0.00029915716927447886
0.0003549739635501482
0.0003609447652128306
0.00046307309902455813
0.0005067478287827795
0.0006543431195104448
0.0007322138329075296
0.0007770179688839654
0.0008951944201769458
0.0
0.0
0.0
0.0
0.00110554484573735
0.0009743538194027636
0.000712762115606155
0.0005123474479205695
0.0004639242157405949
0.00033668431853754613
0.0002254637836639157
7.452888008339271e-5
1.201595506687769e-5
4.520220898134246e-5
9.06815740008093e-5
0.00011056402309317549
0.0001954033303469569
0.000228977482202769
0.0002675196325763712
0.0002665872247416456
0.0003725198870673489
0.000463738458986416
0.00051186760547545
0.0007153384969586381
0.0
0.0
0.0
0.0
0.0008236652805832109
0.0006920896957820701
0.0004745321253901865
0.00040217053995239755
0.00030165025359434836
0.0001564290893213687
0.0
0.0
0.0
0.0
7.473563720745311e-8
0.0
1.0452968506541488e-5
0.0
2.8767825050736553e-5
7.380540647177576e-5
0.0001793122011943974
0.0003146614523208958
0.00047451502221354736
0.0006407054766256779
0.0
0.0
0.0
0.0
0.0008077021198059759
0.0007168387434465154
0.0003888752285923552
0.0001560443301484038
5.4309620598690125e-5
1.1929479822375489e-5
1.987036895499701e-7
0.0
0.0
0.0
0.0
0.0
0.0
0.0
7.261861681474656e-6
9.093065464348064e-5
0.00016861647568499794
0.00029041602400597775
0.0004637347983468609
0.0006327620678358981
0.0
0.0
0.0
0.0
0.0008216657444067295
0.0007173312286702239
0.0004088422085154237
0.00016704534743749143
2.2317930059004417e-5
0.0
0.0
0.0
0.0
0.0
0.0
0.0
0.0
0.0
5.945030875232787e-6
2.900060535007844e-5
0.00020823663870707805
0.0003345821304060816
0.00038231108499026865
0.0005215066840034219
0.0
0.0
0.0
0.0
0.0007619283092425852
0.0006709805292239912
0.00042416062132323476
0.0001642792568139291
1.3430504104143918e-5
0.0
0.0
0.0
0.0
0.0
0.0
0.0
0.0
0.0
1.884349031513428e-7
7.205920077639683e-7
6.395938337874244e-5
0.00016481791279333925
0.0002530713736505712
0.0004128193730064829
0.0
0.0
0.0
0.0
0.000608873793032005
0.0005757409295876239
0.00034456683449762663
0.00016606718199172095
2.369361456765667e-5
1.2799140438190593e-7
0.0
0.0
0.0
0.0
0.0
0.0
0.0
0.0
5.645637187926679e-7
2.5887332701023938e-5
8.560414440543981e-5
0.00012644851366689356
0.00021218750000003234
0.000433358617321996
0.0
0.0
0.0
0.0
0.0006048329676113733
0.0005429391439234281
0.0003089732036092854
6.490919750087732e-5
1.3709616598452757e-5
2.5473441397060756e-7
0.0
0.0
0.0
0.0
0.0
0.0
0.0
0.0
6.347601797061428e-7
4.3848706522170637e-7
0.00011412795819736123
0.00027327732252383597
0.0003159871741757493
0.0004729200415331462
0.0
0.0
0.0
0.0
0.0006601551504405813
0.0005553548271387417
0.00026710908460413795
4.019733803136724e-5
7.82553421396375e-8
6.66261689944506e-8
0.0
0.0
0.0
0.0
0.0
0.0
0.0
0.0
0.0
0.0
5.792550837511155e-6
9.094283432126122e-5
0.0002206739160151905
0.00034534259755418403
0.0
0.0
0.0
0.0
0.0005672853088369103
0.0004307791109304458
0.00014806861241895643
1.0247867342638091e-6
8.299298544361043e-8
0.0
0.0
0.0
0.0
0.0
0.0
0.0
0.0
0.0
0.0
4.927620141426284e-7
4.309567807690262e-6
7.789464557579307e-5
0.00016038138603896625
0.00030632089346898246
0.0
0.0
0.0
0.0
0.0004910033298760255
0.0003833567304616318
0.0002176140961414705
0.0001498112778219479
9.434317215421677e-5
3.913858323006675e-5
4.1437948943064413e-7
0.0
0.0
0.0
0.0
0.0
0.0
0.0
2.224782820576367e-5
3.070099702958519e-5
0.00011456764011404329
0.0002287491883032133
0.0002970789487089272
0.00040725523040408766
0.0
0.0
0.0
0.0
0.0005694920940310999
0.0005294814812054737
0.00038517525211442447
0.0002747097459257653
0.00017396632200179085
5.62247836341475e-5
1.4184183712318622e-7
0.0
0.0
0.0
3.8709359976827306e-7
0.0
0.0
0.0
1.2467038434214816e-6
5.34422506506968e-7
0.00010559114033600424
0.00020763308006376452
0.00034478869927436097
0.0005486458505703633
0.0
0.0
0.0
0.0
0.0007812677057158024
0.000652136048304828
0.0004053194893448458
0.00022130801657663335
0.00011839877736857457
8.427932816398105e-5
1.0578541666515939e-7
0.0
4.5836708348531563e-7
6.579464662992075e-7
1.0813469819662608e-7
0.0
0.0
0.0
2.6893063793972082e-6
7.064599745740154e-5
0.00020483570554095313
0.00033870040772123204
0.000461524674563517
0.0006242861145864912
0.0
0.0
0.0
0.0
0.0009023285627002652
0.0008059731362541878
0.0004785952336314027
0.00027337561142433647
0.00015631855679307946
4.9988310519006426e-5
1.6925728789181015e-7
0.0
5.392025506983268e-7
1.4530863530882273e-7
0.0
0.0
0.0
0.0
1.5169383854515857e-6
3.7735272329397006e-5
8.992352007405576e-5
0.00017967499158425798
0.00030901583284574115
0.0005043850845477394
0.0
0.0
0.0
0.0
0.0006914594335629928
0.0006048164893658688
0.00034089667137547224
0.00021961890435969058
0.0002642943571239301
0.00016731958500887712
9.691473271891544e-5
5.100408596905846e-6
9.586497987808422e-7
9.833679713966902e-7
7.909311822453836e-6
0.0
5.106730998358731e-5
8.64057943716199e-5
0.0001475260192200399
0.0002002089422729876
0.00037089977092826025
0.0004862086132217664
0.0005566671069932617
0.000754229003921551
0.0
0.0
0.0
0.0
0.0009191661206035768
0.0008232214935974208
0.0005412162835465807
0.000365949129546854
0.0002690168287485423
0.00022103397123866543
4.295510346037387e-5
2.899837704118247e-7
7.941332358319467e-7
6.301289017132914e-7
1.5945218816493128e-7
7.701901047264014e-8
1.412291238521777e-5
9.271182186198834e-6
9.176149441451826e-5
0.00018200906716099984
0.0003514341239885703
0.00044628561152390783
0.0005701631262973373
0.0007417966285272526
0.0
0.0
0.0
0.0
0.0009558199066373716
0.0008243476885130678
0.00061679025962201
0.00044454970542207717
0.0003342744072992252
0.00021493439726317604
2.9266769574155677e-5
1.7939679271626455e-7
7.249618383404205e-7
3.989885685086803e-7
5.715656945152775e-7
8.927278944334813e-8
1.0657879906080184e-7
0.0
9.908441571329464e-7
2.1069858999297556e-5
0.00015063979852338554
0.0002036724651293699
0.00025570617805123415
0.0004368044346908111
0.0
0.0
0.0
0.0
0.0004168555183446839
0.0002910212281734817
0.00017259442199174424
0.0001448598880184139
6.954796301218839e-5
8.160383135330824e-6
0.0
0.0
0.0
0.0
0.0
0.0
0.0
0.0
0.0
9.459674056922242e-7
9.071869540862566e-5
0.00021044448758773406
0.0003034263206080097
0.0005127028914973239
0.0
0.0
0.0
0.0
0.0006834339532957313
0.0006022825718922964
0.0003367104106009419
0.00010559767481531387
1.2503802285573784e-6
0.0
0.0
0.0
0.0
0.0
0.0
0.0
0.0
0.0
0.0
0.0
8.901397655258445e-7
1.3492531839455635e-6
4.544108200652644e-6
0.0001150287803256052
0.0
0.0
0.0
0.0
6.174948403385642e-5
0.0
5.665881778362331e-7
0.0
0.0
0.0
0.0
0.0
0.0
0.0
0.0
0.0
0.0
0.0
0.0
0.0
0.0
0.0
1.2528500093102503e-6
3.927283258502834e-6
0.0
0.0
0.0
0.0
0.00011228148609700324
1.593769638623629e-5
7.609136875380938e-7
0.0
5.149971908207672e-7
0.0
0.0
0.0
0.0
0.0
1.8106797615736224e-7
0.0
0.0
0.0
1.2628755260822943e-6
7.45445315411719e-7
0.0
5.123132822069845e-5
0.00011406137028971799
0.0
0.0
0.0
0.0
0.0004416677994551341
0.00039905812641112634
0.00025998811156517025
0.0001785268265819693
0.000123049635374022
4.8005449920578614e-6
7.938812030222626e-8
0.0
0.0
0.0
0.0
0.0
0.0
0.0
0.0
0.0
1.9195264392113664e-6
6.078782259762239e-5
0.0001399310849513603
0.0003308563430837657
0.0
0.0
0.0
0.0
0.0004960230826983402
0.00044849066071308
0.0002904929195967686
0.0001525256821549632
3.681884322083453e-5
0.0
0.0
0.0
0.0
0.0
0.0
0.0
0.0
0.0
0.0
0.0
7.795592429088347e-7
1.2356825498775026e-6
1.8386529121586748e-6
0.0001272917178346202
0.0
0.0
0.0
0.0
0.0002595386950616966
0.000194486528959633
7.400534003795251e-5
7.524080742135657e-5
4.777321799639052e-5
3.187613833831996e-5
2.8565577537094765e-7
0.0
1.904491267047251e-6
4.528202372898e-5
6.831317089946387e-5
1.7896311711623492e-5
0.0
5.111162553728418e-5
0.00015412437937366747
0.00021980764307054433
0.00034996526641137624
0.00042504166917348016
0.0004687123966886856
0.0005634070510080311
0.0
0.0
0.0
0.0
0.0006397655583455711
0.0005756976180260514
0.00044242394810871323
0.0003100737497025703
0.00022266307526768808
0.0001750241152909485
1.1203428668874419e-5
2.5312168969334185e-7
1.2883376224718665e-6
7.153263541249569e-7
1.8063176954789747e-7
0.0
0.0
0.0
6.315659596121842e-7
4.159067532633901e-6
0.00010621974920966719
0.00018360774551675208
0.00028923426661649605
0.00041606480563184553
0.0
0.0
0.0
0.0
0.0006177469057366817
0.0005698328551767272
0.00041516271063773204
0.0003093163080933109
0.00023070394003595006
0.00019496526945563122
4.2236529960622126e-5
1.3445927523401855e-7
1.8631689038332995e-6
3.9547110911125444e-5
0.00013422359345993055
0.00025492008699168236
0.00028008631828517147
0.0002248436748505083
0.00026124549593523923
0.00028736174504774174
0.0003929047358583677
0.0004606558853317398
0.0005429149357015192
0.0007046152100692287
0.0
0.0
0.0
0.0
0.0007686133202770353
0.0006721959692897961
0.0005142336442094111
0.0004348731160736793
0.000355968962532026
0.00033078851029796625
0.0001837270921044375
2.3036070976057162e-5
6.82003122471373e-6
0.00010719520521474483
0.0001523413702185642
9.812165662194474e-5
2.4057770761764966e-5
0.0
7.504425580612022e-5
0.00013108183414939348
0.00025184251704175035
0.0004137763246856421
0.0005460177138015152
0.0007066343679331617
0.0
0.0
0.0
0.0
0.0008612203725876376
0.0007662456444535371
0.0005885569026647814
0.0005507905425303241
0.0005371491508255354
0.0005005062481783187
0.0003476652366994631
0.0002341621244085288
0.00018251226761497008
0.0001629021011713784
0.00018274517576832107
0.00022786590718679617
0.000295582114038331
0.00022856573812001166
0.00022726554366685127
0.0003211971151274177
0.0003708692939569618
0.0004169140931782848
0.0005208157655083321
0.0007422655480962803
0.0
0.0
0.0
0.0
0.000966521365410691
0.0008383930046485086
0.0006372759297031803
0.0005533759060218409
0.0005175712767973583
0.00039696139350673564
0.00027604716442113764
0.00013328167885073242
9.526892079178118e-5
0.00013044994454063035
0.00016563817964972068
0.00013960186241151933
0.0001610785009371235
0.00017455640176233222
0.00022068371462866893
0.00022430421945765695
0.00039326588816186844
0.000539935872112787
0.0006220293303008003
0.0008028743711322213
0.0
0.0
0.0
0.0
0.0010124596252603186
0.0009038070443319526
0.0007283846011178693
0.0005530658719349838
0.00043520435296209826
0.0003729262121537026
0.0001792273407221063
1.2653884251664987e-5
4.6135060708870495e-6
4.8432676269636814e-5
6.721999703826318e-5
6.762405910712232e-5
3.0508993272086474e-5
1.84145281144161e-5
0.00010056759636704357
0.0001394225462819618
0.00024482322930815235
0.00031880027967211733
0.0004045835834759197
0.000562640007849467
0.0
0.0
0.0
0.0
0.0009438427145957227
0.0008708909913516417
0.0006576980132330848
0.0004849342107116999
0.00039338294274752334
0.00033325225180069854
0.00016108167301855274
5.8310802151741685e-6
3.018950041543638e-6
1.3496077978591426e-5
5.264895363674986e-5
1.9073845448438805e-5
7.801352116476743e-8
7.092743128333105e-8
6.56044510627363e-5
9.412188492120108e-5
0.0002598397771058964
0.00042059055077552164
0.0005084958098576711
0.0007027798502029302
0.0
0.0
0.0
0.0
0.0009281711949935292
0.0008444289119818647
0.0006600282886534374
0.00048356181248201545
0.00034428708553204367
0.0002293932688231817
3.0936477606519265e-5
1.866838677734541e-7
7.40197955769043e-7
6.177982731589928e-7
1.8508841245210525e-7
1.252075621868976e-7
0.0
0.0
1.1601839945553864e-7
1.7180800550793036e-7
0.00016637354504906357
0.00032353396459327194
0.00040546813170730633
0.0005544181535164223
0.0
0.0
0.0
0.0
0.0007960439662270313
0.0007887327596265998
0.0005514356696757555
0.0003344975588206678
0.00021155425984991012
0.00013719703055978664
0.0
0.0
0.0
6.900295294003232e-7
0.0
0.0
0.0
0.0
0.0
1.6363419749077848e-7
3.2472463334737795e-5
0.0001887474125789228
0.00031285457428532383
0.0005174668906776457
0.0
0.0
0.0
0.0
0.0007735918050242487
0.0007438335812093996
0.000482584146444402
0.00026477134512899766
0.00011918648485276271
3.5201346996261244e-5
1.5514371267552163e-7
0.0
0.0
0.0
0.0
0.0
0.0
0.0
0.0
0.0
1.9007395271016952e-6
9.347172362959476e-5
0.00020956675555307898
0.0003303231569770547
0.0
0.0
0.0
0.0
0.0005971062968243231
0.0005395010461793973
0.00033059734271366156
0.0001619330825704182
5.656010009601778e-5
3.182097337819603e-6
1.0862771990262703e-7
0.0
0.0
0.0
0.0
0.0
0.0
0.0
0.0
0.0
0.0
0.0
2.1051807403397866e-6
0.00013507891140012362
0.0
0.0
0.0
0.0
0.00047021652810121865
0.00042220134604756563
0.00023086049153452009
0.00013432437794432214
0.00019713474564764596
7.900323767660775e-5
0.0
1.0881251932365044e-7
0.0
4.0072762993765154e-7
0.0
0.0
0.0
0.0
0.0
4.880618967264395e-7
7.528889081138473e-5
0.0002061473692823851
0.00024310196630129255
0.00034586542774686597
0.0
0.0
0.0
0.0
0.0006574461307135879
0.0006164626603695461
0.0003550730150583298
0.00017771476476467266
7.722053473776052e-5
9.149337281027861e-6
1.7638862294076086e-7
0.0
0.0
0.0
0.0
0.0
0.0
0.0
0.0
0.0
1.4617203763421832e-6
3.7092820517987406e-5
0.00015960442299961205
0.0003139735215717202
0.0
0.0
0.0
0.0
0.000416361951951773
0.00035927334767176303
0.000193608400457931
6.039095789514776e-5
1.851382474895988e-7
0.0
0.0
0.0
0.0
0.0
0.0
0.0
0.0
0.0
0.0
9.965014646989484e-7
9.351734091867929e-5
0.00021522869163510832
0.00031554505610114297
0.00047849595124375516
0.0
0.0
0.0
0.0
0.00073394957338344
0.0006792682198603867
0.00047904401546555085
0.00037885793618242013
0.00032734286695138557
0.00029897372783264524
0.00019064812927686842
2.349275161003058e-5
5.605558475626851e-7
3.157002965862066e-5
4.617542393736363e-5
2.333491233925814e-5
2.1141663203288743e-6
9.799744607638547e-8
2.364409149348527e-5
5.164245534690242e-5
0.00023711737597402387
0.0003583718080228941
0.000423297559221084
0.0005678413602920377
0.0
0.0
0.0
0.0
0.0006717569915899903
0.0006232343593206147
0.0004419395041767966
0.0003354820274062101
0.00024799615914852953
0.00021396385314013898
3.1844498891594596e-5
2.9404011893014727e-7
1.4003711414154589e-6
7.795629468718366e-7
0.0
1.1442895903885288e-7
0.0
0.0
4.4012547938276034e-7
3.9990245208103424e-7
0.00011120870128501259
0.00024721875390330367
0.00033710312181173035
0.0004646893296639013
0.0
0.0
0.0
0.0
0.0005428105411471534
0.0005079299979750414
0.00027831035156720643
9.716107209924717e-5
7.17230316860906e-6
1.726583594629287e-7
8.204809597051416e-8
0.0
0.0
0.0
0.0
0.0
0.0
0.0
0.0
0.0
1.3960119787585312e-7
9.54114288992337e-7
1.2063066217417497e-6
3.6469485817730147e-6
0.0
0.0
0.0
0.0
8.48797598896001e-7
0.0
6.424893149455453e-7
0.0
0.0
0.0
0.0
0.0
0.0
0.0
0.0
0.0
0.0
0.0
0.0
0.0
0.0
0.0
6.350070313383084e-7
3.6563529695219894e-6
0.0
0.0
0.0
0.0
0.000343805248598121
0.00038623173692047176
0.00020794135560207617
0.00014017071230292935
0.00018222143152759107
9.170663569748791e-5
2.5808989486013906e-6
1.501659298448245e-7
0.0
4.3697442784466056e-7
0.0
0.0
0.0
0.0
0.0
0.0
9.572280010868312e-6
0.00011289545812500665
0.00016752445668119853
0.00030465175723327144
0.0
0.0
0.0
0.0
0.0003792719376084506
0.0003065701977449857
0.000129077879556432
2.22563665861829e-5
1.4233025293336661e-7
0.0
0.0
0.0
0.0
0.0
0.0
0.0
0.0
0.0
0.0
0.0
0.0
2.0418786673114744e-6
5.408511274664907e-5
0.0002513724355225446
0.0
0.0
0.0
0.0
0.0004964278329582342
0.00046317775505317797
0.00024786449164095916
3.880870148372692e-5
7.17756580954325e-8
0.0
0.0
0.0
0.0
0.0
0.0
0.0
0.0
0.0
0.0
0.0
0.0
0.0
2.0151720750088708e-6
5.801809081088636e-5
0.0
0.0
0.0
0.0
0.00046136124050282927
0.0003948269546347118
0.00013307417928548032
1.1252302309243064e-7
1.3294242501599847e-7
0.0
0.0
0.0
0.0
0.0
0.0
0.0
0.0
0.0
0.0
0.0
0.0
1.0195898376185687e-6
1.8729603681762474e-6
0.00017215987279166326
0.0
0.0
0.0
0.0
0.0003684498966474084
0.0003026891684807114
9.100318856000483e-5
1.5182969504663783e-7
1.5968176420847525e-7
0.0
0.0
0.0
0.0
0.0
0.0
0.0
0.0
0.0
3.5125611707057055e-6
6.051705615446667e-5
0.00018867902843516945
0.00024726521220400614
0.00032585641625921044
0.00044970073518917254
0.0
0.0
0.0
0.0
0.0006463707411369383
0.0005722356091899458
0.0003584108153425214
0.0001975304044630665
4.9101605316721467e-5
0.0
2.243204233468914e-7
0.0
0.0
0.0
0.0
0.0
0.0
0.0
0.0
0.0
0.0
1.924081073426169e-6
6.793685742157967e-5
0.00022798446942839847
0.0
0.0
0.0
0.0
0.0004060919030772355
0.00031048951029057564
6.573555444535469e-5
5.1426270465735766e-8
1.232961966624156e-7
0.0
0.0
0.0
0.0
0.0
0.0
0.0
0.0
0.0
0.0
0.0
0.0
0.0
1.4776140244573854e-6
0.0001349962043331728
0.0
0.0
0.0
0.0
0.00046736236715969244
0.00041795688432461406
9.543251304055868e-5
2.1657281253607066e-7
3.262422486651358e-7
0.0
0.0
0.0
0.0
0.0
0.0
0.0
0.0
0.0
0.0
0.0
0.0
0.0
1.2291423971133044e-6
6.072909268141783e-5
0.0
0.0
0.0
0.0
0.00022653331277639095
0.00016534946936336186
2.3482544046218266e-6
0.0
1.6968410803563073e-7
0.0
0.0
0.0
0.0
0.0
0.0
0.0
0.0
0.0
0.0
0.0
0.0
0.0
1.1552403207727392e-6
3.750394309714645e-6
0.0
0.0
0.0
0.0
0.0002913316098447355
0.00022607612446830008
1.690401549172673e-5
2.1266836050781138e-7
0.0
0.0
0.0
0.0
0.0
0.0
0.0
0.0
0.0
0.0
0.0
0.0
0.0
0.0
0.0
3.1809934046379068e-6
0.0
0.0
0.0
0.0
1.8442370855292094e-5
0.0
5.595531378890877e-7
0.0
0.0
0.0
0.0
0.0
0.0
0.0
0.0
0.0
0.0
0.0
0.0
0.0
6.070861506834758e-7
1.3415840305932986e-6
5.651151403898914e-5
0.0002349835058276721
0.0
0.0
0.0
0.0
0.0004074061942131869
0.00034208308852753786
0.00015534981412030185
3.6595794851368485e-5
2.574477461825031e-7
0.0
0.0
0.0
0.0
0.0
0.0
0.0
0.0
0.0
0.0
0.0
2.375730827735927e-6
1.2345869163947056e-5
7.67226989916979e-5
0.00024716167698745955
0.0
0.0
0.0
0.0
0.0005616695906296234
0.00043039054600354886
0.00018339469173226722
4.33557192448911e-5
9.800711414443364e-8
0.0
0.0
0.0
0.0
0.0
0.0
0.0
0.0
0.0
0.0
0.0
0.0
1.274448782191491e-6
2.2028357574712014e-6
0.0001590574756792776
0.0
0.0
0.0
0.0
0.0004838611219071346
0.0004343681797680491
0.0001396434499299466
1.3254944286114072e-7
1.9382756415194716e-7
0.0
0.0
0.0
0.0
0.0
0.0
0.0
0.0
0.0
0.0
0.0
0.0
0.0
0.0
3.1651296684872464e-6
0.0
0.0
0.0
0.0
0.00031074005741275033
0.0002756189239967104
4.5725222704413464e-5
0.0
7.201019298670054e-7
1.6201270159575862e-7
0.0
0.0
0.0
0.0
0.0
0.0
0.0
0.0
3.8169975354551525e-7
5.626608000367679e-7
5.975111816552775e-5
0.0001574284605975085
0.0002252126609916677
0.0003875329485928264
0.0
0.0
0.0
0.0
0.0004927057691903195
0.0004971013511468508
0.0002410690509809907
4.774692035748893e-5
1.3441932959754504e-7
0.0
0.0
0.0
0.0
0.0
0.0
0.0
0.0
0.0
0.0
0.0
1.8158739338258303e-6
8.012928728618111e-7
3.5119910575332584e-5
0.000180305828931676
0.0
0.0
0.0
0.0
0.000304071804884332
0.00023011811065059044
7.033369452547133e-5
5.647883079240959e-6
1.5290911459529505e-7
0.0
0.0
0.0
0.0
0.0
0.0
0.0
0.0
0.0
0.0
0.0
1.2069439786544764e-6
2.7027229603692213e-5
0.0001784069794359467
0.0002913253266030778
0.0
0.0
0.0
0.0
0.0005242883188113084
0.00044750849172075634
0.0001509345652359056
1.028218815032853e-6
6.27258706495742e-8
0.0
0.0
0.0
0.0
0.0
0.0
0.0
0.0
0.0
0.0
0.0
0.0
4.1613302434137515e-7
1.5989623432461532e-6
9.461418922159507e-5
0.0
0.0
0.0
0.0
0.000321385193749968
0.0002875683597028391
6.214806081760432e-5
1.9541340277995467e-7
0.0
0.0
0.0
0.0
0.0
0.0
0.0
0.0
0.0
0.0
0.0
0.0
0.0
0.0
0.0
3.351717536218405e-6
0.0
0.0
0.0
0.0
0.0001337760448487811
4.2834575024396375e-5
2.404470307601155e-7
0.0
0.0
0.0
0.0
0.0
0.0
0.0
0.0
0.0
0.0
0.0
0.0
0.0
0.0
0.0
0.0
9.056770365015236e-7
0.0
0.0
0.0
0.0
2.9531571870091795e-6
1.8094881375183457e-7
0.0
0.0
0.0
0.0
0.0
0.0
0.0
0.0
0.0
0.0
0.0
0.0
0.0
0.0
0.0
0.0
0.0
1.9038662220446655e-6
0.0
0.0
0.0
0.0
2.6828218987956778e-5
0.0
4.068219112065015e-7
0.0
0.0
0.0
0.0
0.0
0.0
0.0
0.0
0.0
0.0
0.0
0.0
0.0
0.0
0.0
0.0
3.018161420241438e-6
0.0
0.0
0.0
0.0
7.388832988758508e-6
3.5370417790095153e-7
0.0
0.0
0.0
0.0
0.0
0.0
0.0
0.0
0.0
0.0
0.0
0.0
0.0
0.0
0.0
0.0
0.0
4.192318232019553e-6
0.0
0.0
0.0
0.0
0.00011809218485032144
7.042351292534246e-5
3.358949300269448e-7
0.0
0.0
0.0
0.0
0.0
0.0
0.0
0.0
0.0
0.0
0.0
0.0
0.0
0.0
0.0
0.0
2.7686446691859824e-6
0.0
0.0
0.0
0.0
0.00027359488419375624
0.0001997283320827164
2.6077070726603337e-5
0.0
1.1210437612770878e-7
0.0
0.0
0.0
0.0
0.0
0.0
0.0
0.0
0.0
0.0
0.0
6.332224841241663e-7
2.2351386073188406e-5
0.00017654571835945413
0.0003716160214861394
0.0
0.0
0.0
0.0
0.0005925018207092866
0.00046675597769335635
0.00014138380316441814
1.7510894267639484e-6
6.426792238495336e-8
0.0
0.0
0.0
0.0
0.0
0.0
0.0
0.0
0.0
0.0
0.0
0.0
1.8910581089142528e-7
1.216846610195039e-6
2.6548744485993904e-5
0.0
0.0
0.0
0.0
0.00030507926875029164
0.00018292513446510676
3.1027667143639396e-7
0.0
0.0
0.0
0.0
0.0
0.0
0.0
0.0
0.0
0.0
0.0
0.0
0.0
0.0
0.0
0.0
7.176855094149955e-7
0.0
0.0
0.0
0.0
1.7745952203263721e-6
0.0
0.0
0.0
0.0
0.0
0.0
0.0
0.0
0.0
0.0
0.0
0.0
0.0
0.0
0.0
0.0
0.0
0.0
1.4793362085283912e-6
0.0
0.0
0.0
0.0
2.4896883574363076e-5
0.0
4.2145234882984956e-7
0.0
0.0
0.0
0.0
0.0
0.0
0.0
0.0
0.0
0.0
0.0
0.0
0.0
0.0
0.0
0.0
2.6139023500850353e-6
0.0
0.0
0.0
0.0
4.367056307780447e-5
0.0
4.0414951436097184e-7
0.0
0.0
0.0
0.0
0.0
0.0
0.0
0.0
0.0
0.0
0.0
0.0
0.0
0.0
0.0
0.0
1.6905922892734102e-6
0.0
0.0
0.0
0.0
2.3312912121734336e-5
0.0
0.0
0.0
0.0
0.0
0.0
0.0
0.0
0.0
0.0
0.0
0.0
0.0
0.0
0.0
0.0
0.0
0.0
8.081579434254936e-7
0.0
0.0
0.0
0.0
2.5232564363417062e-6
5.337426351074103e-7
0.0
0.0
0.0
0.0
0.0
0.0
0.0
0.0
0.0
0.0
0.0
0.0
0.0
0.0
0.0
0.0
0.0
9.237823500246668e-7
0.0
0.0
0.0
0.0
1.664629315563437e-6
3.8725588288217156e-7
0.0
0.0
0.0
0.0
0.0
0.0
0.0
0.0
0.0
0.0
0.0
0.0
0.0
0.0
0.0
0.0
0.0
2.605930181811076e-7
0.0
0.0
0.0
0.0
3.764062706879108e-7
0.0
0.0
0.0
0.0
0.0
0.0
0.0
0.0
0.0
0.0
0.0
0.0
0.0
0.0
0.0
0.0
0.0
0.0
2.621372974700978e-7
0.0
0.0
0.0
0.0
2.49913282627462e-6
3.8832892606293016e-7
0.0
0.0
0.0
0.0
0.0
0.0
0.0
0.0
0.0
0.0
0.0
0.0
0.0
0.0
0.0
0.0
0.0
5.00439574543926e-7
0.0
0.0
0.0
0.0
1.5499244560229505e-6
3.1413893440208456e-7
0.0
0.0
0.0
0.0
0.0
0.0
0.0
0.0
0.0
0.0
0.0
0.0
0.0
0.0
0.0
0.0
0.0
0.0
0.0
0.0
0.0
0.0
4.0710813925105725e-7
0.0
0.0
0.0
0.0
0.0
0.0
0.0
0.0
0.0
0.0
0.0
0.0
0.0
0.0
0.0
0.0
0.0
0.0
0.0
0.0
0.0
0.0
0.0
1.1208861386925598e-6
0.0
0.0
0.0
0.0
0.0
0.0
0.0
0.0
0.0
0.0
0.0
0.0
0.0
0.0
0.0
0.0
0.0
0.0
3.79019684079224e-6
0.0
0.0
0.0
0.0
7.269571269021521e-5
0.0
3.5999242702067994e-7
0.0
0.0
0.0
0.0
0.0
0.0
0.0
0.0
0.0
0.0
0.0
0.0
0.0
0.0
2.916222341072974e-7
1.6999134062905532e-6
0.00014025654015328132
0.0
0.0
0.0
0.0
0.0004361416929220326
0.0003411808226933546
0.00013334321984520277
3.2509847842395855e-5
1.4765774784050772e-7
0.0
0.0
0.0
0.0
1.6943676209443936e-6
4.067030799761358e-6
0.0
0.0
0.0
0.0
1.8821470644232695e-7
2.0171411797228428e-6
4.528414144040085e-5
0.00012308399332102473
0.0002399422158751542
0.0
0.0
0.0
0.0
0.0004793323793943716
0.0003733842242207113
9.293317212486818e-5
1.1239544784863101e-7
1.1218295999104683e-7
0.0
0.0
0.0
0.0
0.0
0.0
0.0
0.0
0.0
0.0
0.0
0.0
0.0
1.8953504629823346e-6
0.00011255060854954185
0.0
0.0
0.0
0.0
0.00019990410270573713
0.00011542744168592262
3.0825656670594354e-7
6.952660669993546e-8
0.0
0.0
0.0
0.0
0.0
0.0
0.0
0.0
0.0
0.0
2.392587641952843e-7
4.869415984002726e-7
2.3153787735675275e-7
4.6487772608118627e-5
0.0001412605446611864
0.00033716951771599183
0.0
0.0
0.0
0.0
0.0005280709617931752
0.00039875291962974035
7.821382098659636e-5
0.0
4.144680571247804e-7
8.461373816899126e-8
0.0
0.0
0.0
0.0
0.0
0.0
0.0
0.0
0.0
0.0
0.0
0.0
0.0
7.878568009394727e-6
0.0
0.0
0.0
0.0
0.00013143823525100005
0.00010862188971687232
2.802833369118282e-7
6.734451851581649e-8
0.0
0.0
0.0
0.0
0.0
0.0
0.0
0.0
0.0
0.0
0.0
0.0
0.0
0.0
0.0
3.104103143397795e-6
0.0
0.0
0.0
0.0
0.0001274045136487793
1.717485404733468e-5
3.6560178569103543e-7
0.0
0.0
0.0
0.0
0.0
0.0
0.0
0.0
0.0
0.0
0.0
0.0
0.0
0.0
0.0
0.0
1.7344457508697476e-6
0.0
0.0
0.0
0.0
3.677090285952362e-5
1.7432131298271424e-7
0.0
0.0
0.0
0.0
0.0
0.0
0.0
0.0
0.0
0.0
0.0
0.0
0.0
0.0
0.0
0.0
0.0
1.0973285088177778e-6
0.0
0.0
0.0
0.0
1.1908577026097594e-7
0.0
0.0
0.0
0.0
0.0
0.0
0.0
0.0
0.0
0.0
0.0
0.0
0.0
0.0
0.0
0.0
0.0
0.0
1.2479429177693739e-6
0.0
0.0
0.0
0.0
2.9136265669188596e-6
3.627606840466166e-7
0.0
0.0
0.0
0.0
0.0
0.0
0.0
0.0
0.0
0.0
0.0
0.0
0.0
0.0
0.0
0.0
0.0
1.2933207984199175e-6
0.0
0.0
0.0
0.0
3.79620522508492e-5
4.0805039009620954e-7
8.85667283301124e-8
0.0
0.0
0.0
0.0
0.0
0.0
0.0
0.0
0.0
0.0
0.0
0.0
0.0
0.0
0.0
0.0
0.0
0.0
0.0
0.0
0.0
9.20689447753567e-7
0.0
0.0
0.0
0.0
0.0
0.0
0.0
0.0
0.0
0.0
0.0
0.0
0.0
0.0
0.0
0.0
0.0
0.0
0.0
0.0
0.0
0.0
0.0
2.812998791102094e-7
0.0
0.0
0.0
0.0
0.0
0.0
0.0
0.0
0.0
0.0
0.0
0.0
0.0
0.0
0.0
0.0
0.0
0.0
4.6085710778962746e-7
0.0
0.0
0.0
0.0
2.738469713686152e-7
0.0
0.0
0.0
0.0
0.0
0.0
0.0
0.0
0.0
0.0
0.0
0.0
0.0
0.0
0.0
0.0
0.0
0.0
1.1630517034671634e-6
0.0
0.0
0.0
0.0
6.298528431769258e-6
3.3702549401634986e-7
0.0
0.0
0.0
0.0
0.0
0.0
0.0
0.0
0.0
0.0
0.0
0.0
0.0
0.0
0.0
0.0
0.0
1.6170175162056549e-6
0.0
0.0
0.0
0.0
0.00010209255316874025
8.85402935897545e-6
7.643797967659086e-8
0.0
0.0
0.0
0.0
0.0
0.0
0.0
0.0
0.0
0.0
0.0
0.0
0.0
0.0
0.0
0.0
8.231605854319879e-7
0.0
0.0
0.0
0.0
1.7739943843124821e-6
2.4366070975271607e-7
0.0
0.0
0.0
0.0
0.0
0.0
0.0
0.0
0.0
0.0
0.0
0.0
0.0
0.0
0.0
0.0
0.0
1.2343050141771397e-6
0.0
0.0
0.0
0.0
3.6093827221667976e-6
3.4107869702240123e-7
0.0
0.0
0.0
0.0
0.0
0.0
0.0
0.0
0.0
0.0
0.0
0.0
0.0
0.0
0.0
0.0
0.0
6.153095550757706e-7
0.0
0.0
0.0
0.0
8.847162316619849e-7
1.878777686867249e-7
0.0
0.0
0.0
0.0
0.0
0.0
0.0
0.0
0.0
0.0
0.0
0.0
0.0
0.0
0.0
0.0
0.0
8.15349360312224e-7
0.0
0.0
0.0
0.0
4.0631063012458333e-5
1.4848777040865347e-7
0.0
0.0
0.0
0.0
0.0
0.0
0.0
0.0
0.0
0.0
0.0
0.0
0.0
0.0
0.0
0.0
0.0
2.74184118380299e-6
0.0
0.0
0.0
0.0
0.00011222424474375808
2.5135426670413297e-5
4.1818986785309454e-7
0.0
0.0
0.0
0.0
0.0
0.0
0.0
0.0
0.0
0.0
0.0
0.0
0.0
0.0
0.0
0.0
3.493041600068649e-6
0.0
0.0
0.0
0.0
0.0001836827780076353
3.217100560724369e-5
3.0971572956925274e-7
0.0
0.0
0.0
0.0
0.0
0.0
0.0
0.0
0.0
0.0
0.0
0.0
0.0
0.0
0.0
0.0
1.503784834927048e-6
0.0
0.0
0.0
0.0
7.762011478518539e-5
3.6892894171107133e-7
8.682652550084588e-8
0.0
0.0
0.0
0.0
0.0
0.0
0.0
0.0
0.0
0.0
0.0
0.0
0.0
0.0
0.0
0.0
1.2844927536016774e-6
0.0
0.0
0.0
0.0
2.4233075186159155e-6
5.608231700985375e-7
0.0
0.0
0.0
0.0
0.0
0.0
0.0
0.0
0.0
0.0
0.0
0.0
0.0
0.0
0.0
0.0
0.0
2.530651281348176e-7
0.0
0.0
0.0
0.0
2.065124177823055e-6
2.9467804847915823e-7
0.0
0.0
0.0
0.0
0.0
0.0
0.0
0.0
0.0
0.0
0.0
0.0
0.0
0.0
0.0
0.0
0.0
0.0
0.0
0.0
0.0
0.0
1.282121360779804e-6
0.0
0.0
0.0
0.0
0.0
0.0
0.0
0.0
0.0
0.0
0.0
0.0
0.0
0.0
0.0
0.0
0.0
0.0
0.0
0.0
0.0
0.0
0.0
3.962117284178313e-7
0.0
0.0
0.0
0.0
0.0
0.0
0.0
0.0
0.0
0.0
0.0
0.0
0.0
0.0
0.0
0.0
0.0
0.0
3.137895915334215e-6
0.0
0.0
0.0
0.0
0.00014019412502200897
3.527813930855572e-5
3.847911268823376e-7
0.0
0.0
0.0
0.0
0.0
0.0
0.0
0.0
0.0
0.0
0.0
0.0
0.0
0.0
0.0
0.0
3.6810255352003724e-6
0.0
0.0
0.0
0.0
0.00024541328322798294
0.00011742869140057191
3.220333862017851e-7
0.0
0.0
0.0
0.0
0.0
0.0
0.0
0.0
0.0
0.0
0.0
0.0
0.0
0.0
0.0
0.0
3.4678494976996813e-6
0.0
0.0
0.0
0.0
0.00013929867239408932
2.2759536901603167e-5
2.8154461625145807e-7
0.0
0.0
0.0
0.0
0.0
0.0
0.0
0.0
0.0
0.0
0.0
0.0
0.0
0.0
0.0
0.0
1.9206031096764605e-6
0.0
0.0
0.0
0.0
0.00012346718341843004
2.1287004069900083e-6
7.1249664869404e-8
0.0
0.0
0.0
0.0
0.0
0.0
0.0
0.0
0.0
0.0
0.0
0.0
0.0
0.0
0.0
0.0
9.606690915992288e-7
0.0
0.0
0.0
0.0
8.046028777427016e-7
3.690427491468821e-7
0.0
0.0
0.0
0.0
0.0
0.0
0.0
0.0
0.0
0.0
0.0
0.0
0.0
0.0
0.0
0.0
0.0
6.783801812160854e-7
0.0
0.0
0.0
0.0
2.9415338006879613e-6
3.72371078158824e-7
0.0
0.0
0.0
0.0
0.0
0.0
0.0
0.0
0.0
0.0
0.0
0.0
0.0
0.0
0.0
0.0
0.0
9.561780542873124e-7
0.0
0.0
0.0
0.0
4.052203008885652e-7
0.0
0.0
0.0
0.0
0.0
0.0
0.0
0.0
0.0
0.0
0.0
0.0
0.0
0.0
0.0
0.0
0.0
0.0
5.225594633128939e-7
0.0
0.0
0.0
0.0
2.6395140653398905e-7
1.4012352279445987e-7
0.0
0.0
0.0
0.0
0.0
0.0
0.0
0.0
0.0
0.0
0.0
0.0
0.0
0.0
0.0
0.0
0.0
5.06016399797817e-7
0.0
0.0
0.0
0.0
4.312968257359054e-7
2.1255951878246534e-7
0.0
0.0
0.0
0.0
0.0
0.0
0.0
0.0
0.0
0.0
0.0
0.0
0.0
0.0
0.0
0.0
0.0
0.0
0.0
0.0
0.0
0.0
1.7367846062495265e-6
0.0
0.0
0.0
0.0
0.0
0.0
0.0
0.0
0.0
0.0
0.0
0.0
0.0
0.0
0.0
0.0
0.0
0.0
2.6192086886578867e-7
0.0
0.0
0.0
0.0
8.719760454787745e-7
2.29583982738154e-7
0.0
0.0
0.0
0.0
0.0
0.0
0.0
0.0
0.0
0.0
0.0
0.0
0.0
0.0
0.0
0.0
0.0
0.0
0.0
0.0
0.0
0.0
2.101073189526662e-6
0.0
0.0
0.0
0.0
0.0
0.0
0.0
0.0
0.0
0.0
0.0
0.0
0.0
0.0
0.0
0.0
0.0
0.0
0.0
0.0
0.0
0.0
0.0
1.367912643458963e-6
0.0
0.0
0.0
0.0
0.0
0.0
0.0
0.0
0.0
0.0
0.0
0.0
0.0
0.0
0.0
0.0
0.0
0.0
0.0
0.0
0.0
0.0
0.0
2.5937824510468625e-6
0.0
0.0
0.0
0.0
0.0
0.0
0.0
0.0
0.0
0.0
0.0
0.0
0.0
0.0
0.0
0.0
0.0
0.0
0.0
0.0
0.0
0.0
0.0
9.116827795975242e-7
0.0
0.0
0.0
0.0
0.0
0.0
0.0
0.0
0.0
0.0
0.0
0.0
0.0
0.0
0.0
0.0
0.0
0.0
0.0
0.0
0.0
0.0
0.0
1.2148731225284705e-6
0.0
0.0
0.0
0.0
0.0
0.0
0.0
0.0
0.0
0.0
0.0
0.0
0.0
0.0
0.0
0.0
0.0
0.0
0.0
0.0
0.0
0.0
0.0
1.0387852733453296e-6
0.0
0.0
0.0
0.0
0.0
0.0
0.0
0.0
0.0
0.0
0.0
0.0
0.0
0.0
0.0
0.0
0.0
0.0
0.0
0.0
0.0
0.0
0.0
1.2298884847590072e-6
0.0
0.0
0.0
0.0
0.0
0.0
0.0
0.0
0.0
0.0
0.0
0.0
0.0
0.0
0.0
0.0
0.0
0.0
0.0
0.0
0.0
0.0
0.0
2.4910261122443133e-6
0.0
0.0
0.0
0.0
0.0
0.0
0.0
0.0
0.0
0.0
0.0
0.0
0.0
0.0
0.0
0.0
0.0
0.0
0.0
0.0
0.0
0.0
0.0
2.8060586341040857e-6
0.0
0.0
0.0
0.0
0.0
0.0
0.0
0.0
0.0
0.0
0.0
0.0
0.0
0.0
0.0
0.0
0.0
0.0
0.0
0.0
0.0
0.0
0.0
3.9990562657784143e-7
1.264063980241484e-7
0.0
0.0
0.0
0.0
0.0
0.0
0.0
0.0
0.0
0.0
0.0
0.0
0.0
0.0
0.0
0.0
0.0
0.0
0.0
0.0
0.0
0.0
9.569694563413656e-7
0.0
0.0
0.0
0.0
0.0
0.0
0.0
0.0
0.0
0.0
0.0
0.0
0.0
0.0
0.0
0.0
0.0
0.0
0.0
0.0
0.0
0.0
0.0
2.20878838755504e-6
0.0
0.0
0.0
0.0
0.0
0.0
0.0
0.0
0.0
0.0
0.0
0.0
0.0
0.0
0.0
0.0
0.0
0.0
0.0
0.0
0.0
0.0
0.0
1.702706970382034e-6
0.0
0.0
0.0
0.0
0.0
0.0
0.0
0.0
0.0
0.0
0.0
0.0
0.0
0.0
0.0
0.0
0.0
0.0
0.0
0.0
0.0
0.0
0.0
2.1295284725652188e-6
0.0
0.0
0.0
0.0
0.0
0.0
0.0
0.0
0.0
0.0
0.0
0.0
0.0
0.0
0.0
0.0
0.0
0.0
0.0
0.0
0.0
0.0
0.0
8.746071987863763e-7
0.0
0.0
0.0
0.0
0.0
0.0
0.0
0.0
0.0
0.0
0.0
0.0
0.0
0.0
0.0
0.0
0.0
0.0
0.0
0.0
0.0
0.0
0.0
1.1309606232280361e-6
0.0
0.0
0.0
0.0
0.0
0.0
0.0
0.0
0.0
0.0
0.0
0.0
0.0
0.0
0.0
0.0
0.0
0.0
0.0
0.0
0.0
0.0
0.0
1.5481660355309615e-6
0.0
0.0
0.0
0.0
0.0
0.0
0.0
0.0
0.0
0.0
0.0
0.0
0.0
0.0
0.0
0.0
0.0
0.0
0.0
0.0
0.0
0.0
0.0
1.6945201961556766e-6
0.0
0.0
0.0
0.0
0.0
0.0
0.0
0.0
0.0
0.0
0.0
0.0
0.0
0.0
0.0
0.0
0.0
0.0
0.0
0.0
0.0
0.0
0.0
2.114716448356988e-6
0.0
0.0
0.0
0.0
0.0
0.0
0.0
0.0
0.0
0.0
0.0
0.0
0.0
0.0
0.0
0.0
0.0
0.0
0.0
0.0
0.0
0.0
0.0
2.561824194361226e-6
0.0
0.0
0.0
0.0
0.0
0.0
0.0
0.0
0.0
0.0
0.0
0.0
0.0
0.0
0.0
0.0
0.0
0.0
0.0
0.0
0.0
0.0
0.0
1.5501929931488856e-6
0.0
0.0
0.0
0.0
0.0
0.0
0.0
0.0
0.0
0.0
0.0
0.0
0.0
0.0
0.0
0.0
0.0
0.0
5.776943021395195e-7
0.0
0.0
0.0
0.0
3.648478320793127e-7
1.218470068948912e-7
0.0
0.0
0.0
0.0
0.0
0.0
0.0
0.0
0.0
0.0
0.0
0.0
0.0
0.0
0.0
0.0
0.0
8.870445264723729e-7
0.0
0.0
0.0
0.0
3.6634673197478235e-7
0.0
0.0
0.0
0.0
0.0
0.0
0.0
0.0
0.0
0.0
0.0
0.0
0.0
0.0
0.0
0.0
0.0
0.0
0.0
0.0
0.0
0.0
0.0
8.113765806907282e-7
0.0
0.0
0.0
0.0
0.0
0.0
0.0
0.0
0.0
0.0
0.0
0.0
0.0
0.0
0.0
0.0
0.0
0.0
0.0
0.0
0.0
0.0
0.0
4.1658248133118495e-7
0.0
0.0
0.0
0.0
0.0
0.0
0.0
0.0
0.0
0.0
0.0
0.0
0.0
0.0
0.0
0.0
0.0
0.0
0.0
0.0
0.0
0.0
0.0
9.435907975708255e-7
0.0
0.0
0.0
0.0
0.0
0.0
0.0
0.0
0.0
0.0
0.0
0.0
0.0
0.0
0.0
0.0
0.0
0.0
0.0
0.0
0.0
0.0
0.0
2.2853465914449977e-6
0.0
0.0
0.0
0.0
0.0
0.0
0.0
0.0
0.0
0.0
0.0
0.0
0.0
0.0
0.0
0.0
0.0
0.0
0.0
0.0
0.0
0.0
0.0
1.9342830580986908e-6
0.0
0.0
0.0
0.0
0.0
0.0
0.0
0.0
0.0
0.0
0.0
0.0
0.0
0.0
0.0
0.0
0.0
0.0
0.0
0.0
0.0
0.0
0.0
1.4775268185763722e-6
0.0
0.0
0.0
0.0
0.0
0.0
0.0
0.0
0.0
0.0
0.0
0.0
0.0
0.0
0.0
0.0
0.0
0.0
0.0
0.0
0.0
0.0
0.0
1.3067332283923014e-6
0.0
0.0
0.0
0.0
0.0
0.0
0.0
0.0
0.0
0.0
0.0
0.0
0.0
0.0
0.0
0.0
0.0
0.0
0.0
0.0
0.0
0.0
0.0
1.0552828127359022e-6
0.0
0.0
0.0
0.0
0.0
0.0
0.0
0.0
0.0
0.0
0.0
0.0
0.0
0.0
0.0
0.0
0.0
0.0
0.0
0.0
0.0
0.0
0.0
1.5832370235909432e-6
0.0
0.0
0.0
0.0
0.0
0.0
0.0
0.0
0.0
0.0
0.0
0.0
0.0
0.0
0.0
0.0
0.0
0.0
0.0
0.0
0.0
0.0
0.0
1.3767793408429785e-6
0.0
0.0
0.0
0.0
0.0
0.0
0.0
0.0
0.0
0.0
0.0
0.0
0.0
0.0
0.0
0.0
0.0
0.0
0.0
0.0
0.0
0.0
0.0
4.4164655102976545e-7
1.2478754098710858e-7
0.0
0.0
0.0
0.0
0.0
0.0
0.0
0.0
0.0
0.0
0.0
0.0
0.0
0.0
0.0
0.0
0.0
4.6113775362723723e-7
0.0
0.0
0.0
0.0
2.417221049753037e-7
0.0
0.0
0.0
0.0
0.0
0.0
0.0
0.0
0.0
0.0
0.0
0.0
0.0
0.0
0.0
0.0
0.0
0.0
2.0863998060989819e-7
0.0
0.0
0.0
0.0
8.738022372602719e-7
0.0
0.0
0.0
0.0
0.0
0.0
0.0
0.0
0.0
0.0
0.0
0.0
0.0
0.0
0.0
0.0
0.0
0.0
0.0
0.0
0.0
0.0
0.0
1.22198268877228e-6
0.0
0.0
0.0
0.0
0.0
0.0
0.0
0.0
0.0
0.0
0.0
0.0
0.0
0.0
0.0
0.0
0.0
0.0
0.0
0.0
0.0
0.0
0.0
5.00985698028664e-7
0.0
0.0
0.0
0.0
0.0
0.0
0.0
0.0
0.0
0.0
0.0
0.0
0.0
0.0
0.0
0.0
0.0
0.0
0.0
0.0
0.0
0.0
0.0
1.4737473290046792e-6
0.0
0.0
0.0
0.0
0.0
0.0
0.0
0.0
0.0
0.0
0.0
0.0
0.0
0.0
0.0
0.0
0.0
0.0
0.0
0.0
0.0
0.0
0.0
1.035313955335676e-6
0.0
0.0
0.0
0.0
0.0
0.0
0.0
0.0
0.0
0.0
0.0
0.0
0.0
0.0
0.0
0.0
0.0
0.0
0.0
0.0
0.0
0.0
0.0
1.2919936490383234e-6
0.0
0.0
0.0
0.0
0.0
0.0
0.0
0.0
0.0
0.0
0.0
0.0
0.0
0.0
0.0
0.0
0.0
0.0
0.0
0.0
0.0
0.0
0.0
1.6270989351763668e-6
0.0
0.0
0.0
0.0
0.0
0.0
0.0
0.0
0.0
0.0
0.0
0.0
0.0
0.0
0.0
0.0
0.0
0.0
0.0
0.0
0.0
0.0
0.0
1.9421969030450762e-6
0.0
0.0
0.0
0.0
0.0
0.0
0.0
0.0
0.0
0.0
0.0
0.0
0.0
0.0
0.0
0.0
0.0
0.0
0.0
0.0
0.0
0.0
0.0
2.8051676092091036e-6
0.0
0.0
0.0
0.0
0.0
0.0
0.0
0.0
0.0
0.0
0.0
0.0
0.0
0.0
0.0
0.0
0.0
0.0
2.1929656978781336e-7
0.0
0.0
0.0
0.0
1.1290882126133128e-6
0.0
0.0
0.0
0.0
0.0
0.0
0.0
0.0
0.0
0.0
0.0
0.0
0.0
0.0
0.0
0.0
0.0
0.0
8.197740004163417e-7
0.0
0.0
0.0
0.0
8.534094453644944e-7
0.0
0.0
0.0
0.0
0.0
0.0
0.0
0.0
0.0
0.0
0.0
0.0
0.0
0.0
0.0
0.0
0.0
0.0
0.0
0.0
0.0
0.0
0.0
1.9144173848800742e-6
0.0
0.0
0.0
0.0
0.0
0.0
0.0
0.0
0.0
0.0
0.0
0.0
0.0
0.0
0.0
0.0
0.0
0.0
0.0
0.0
0.0
0.0
0.0
1.7738410565000837e-6
0.0
0.0
0.0
0.0
0.0
0.0
0.0
0.0
0.0
0.0
0.0
0.0
0.0
0.0
0.0
0.0
0.0
0.0
0.0
0.0
0.0
0.0
0.0
1.4898990859471265e-6
0.0
0.0
0.0
0.0
0.0
0.0
0.0
0.0
0.0
0.0
0.0
0.0
0.0
0.0
0.0
0.0
0.0
0.0
0.0
0.0
0.0
0.0
0.0
2.071366315114637e-6
0.0
0.0
0.0
0.0
0.0
0.0
0.0
0.0
0.0
0.0
0.0
0.0
0.0
0.0
0.0
0.0
0.0
0.0
0.0
0.0
0.0
0.0
0.0
1.6873596803882903e-6
0.0
0.0
0.0
0.0
0.0
0.0
0.0
0.0
0.0
0.0
0.0
0.0
0.0
0.0
0.0
0.0
0.0
0.0
0.0
0.0
0.0
0.0
0.0
2.1455090888575675e-6
0.0
0.0
0.0
0.0
0.0
0.0
0.0
0.0
0.0
0.0
0.0
0.0
0.0
0.0
0.0
0.0
0.0
0.0
0.0
0.0
0.0
0.0
0.0
1.5370624696113943e-6
0.0
0.0
0.0
0.0
0.0
0.0
0.0
0.0
0.0
0.0
0.0
0.0
0.0
0.0
0.0
0.0
0.0
0.0
0.0
0.0
0.0
0.0
0.0
5.143350406279033e-7
0.0
0.0
0.0
0.0
0.0
0.0
0.0
0.0
0.0
0.0
0.0
0.0
0.0
0.0
0.0
0.0
0.0
0.0
0.0
0.0
0.0
0.0
0.0
1.2692066715869536e-6
0.0
0.0
0.0
0.0
0.0
0.0
0.0
0.0
0.0
0.0
0.0
0.0
0.0
0.0
0.0
0.0
0.0
0.0
0.0
0.0
0.0
0.0
0.0
1.8959435690198198e-6
0.0
0.0
0.0
0.0
0.0
0.0
0.0
0.0
0.0
0.0
0.0
0.0
0.0
0.0
0.0
0.0
0.0
0.0
0.0
0.0
0.0
0.0
0.0
1.6967805417820486e-6
0.0
0.0
0.0
0.0
0.0
0.0
0.0
0.0
0.0
0.0
0.0
0.0
0.0
0.0
0.0
0.0
0.0
0.0
0.0
0.0
0.0
0.0
0.0
9.827285487606783e-7
0.0
0.0
0.0
0.0
0.0
0.0
0.0
0.0
0.0
0.0
0.0
0.0
0.0
0.0
0.0
0.0
0.0
0.0
0.0
0.0
0.0
0.0
0.0
4.6239208549625786e-7
0.0
0.0
0.0
0.0
0.0
0.0
0.0
0.0
0.0
0.0
0.0
0.0
0.0
0.0
0.0
0.0
0.0
0.0
7.509001291875371e-7
0.0
0.0
0.0
0.0
8.893559182374421e-7
3.489047452786457e-7
0.0
0.0
0.0
0.0
0.0
0.0
0.0
0.0
0.0
0.0
0.0
0.0
0.0
0.0
0.0
0.0
0.0
8.513581767752477e-7
0.0
0.0
0.0
0.0
1.9062088711014866e-6
0.0
0.0
0.0
0.0
0.0
0.0
0.0
0.0
0.0
0.0
0.0
0.0
0.0
0.0
0.0
0.0
0.0
0.0
5.958874514589238e-7
0.0
0.0
0.0
0.0
1.9784155782842337e-6
3.982602323577449e-7
0.0
0.0
0.0
0.0
0.0
0.0
0.0
0.0
0.0
0.0
0.0
0.0
0.0
0.0
0.0
0.0
0.0
3.968280481549167e-7
0.0
0.0
0.0
0.0
8.615578396177373e-7
0.0
0.0
0.0
0.0
0.0
0.0
0.0
0.0
0.0
0.0
0.0
0.0
0.0
0.0
0.0
0.0
0.0
0.0
0.0
0.0
0.0
0.0
0.0
1.1522911576467488e-6
0.0
0.0
0.0
0.0
0.0
0.0
0.0
0.0
0.0
0.0
0.0
0.0
0.0
0.0
0.0
0.0
0.0
0.0
0.0
0.0
0.0
0.0
0.0
2.1979417476942817e-6
0.0
0.0
0.0
0.0
0.0
0.0
0.0
0.0
0.0
0.0
0.0
0.0
0.0
0.0
0.0
0.0
0.0
0.0
0.0
0.0
0.0
0.0
0.0
4.842202280404107e-7
0.0
0.0
0.0
0.0
0.0
0.0
0.0
0.0
0.0
0.0
0.0
0.0
0.0
0.0
0.0
0.0
0.0
0.0
0.0
0.0
0.0
0.0
0.0
1.0036025625507918e-6
0.0
0.0
0.0
0.0
0.0
0.0
0.0
0.0
0.0
0.0
0.0
0.0
0.0
0.0
0.0
0.0
0.0
0.0
0.0
0.0
0.0
0.0
0.0
1.0052432694039844e-6
0.0
0.0
0.0
0.0
0.0
0.0
0.0
0.0
0.0
0.0
0.0
0.0
0.0
0.0
0.0
0.0
0.0
0.0
4.845150299100994e-7
0.0
0.0
0.0
0.0
2.4197307360011005e-7
0.0
0.0
0.0
0.0
0.0
0.0
0.0
0.0
0.0
0.0
0.0
0.0
0.0
0.0
0.0
0.0
0.0
0.0
5.357269195136634e-7
0.0
0.0
0.0
0.0
1.4305217219172804e-6
0.0
0.0
0.0
0.0
0.0
0.0
0.0
0.0
0.0
0.0
0.0
0.0
0.0
0.0
0.0
0.0
0.0
0.0
6.432472417774084e-7
0.0
0.0
0.0
0.0
1.3689066941941074e-6
0.0
0.0
0.0
0.0
0.0
0.0
0.0
0.0
0.0
0.0
0.0
0.0
0.0
0.0
0.0
0.0
0.0
0.0
0.0
0.0
0.0
0.0
0.0
8.076867944242274e-7
0.0
0.0
0.0
0.0
0.0
0.0
0.0
0.0
0.0
0.0
0.0
0.0
0.0
0.0
0.0
0.0
0.0
0.0
0.0
0.0
0.0
0.0
0.0
2.39853370029154e-7
0.0
0.0
0.0
0.0
0.0
0.0
0.0
0.0
0.0
0.0
0.0
0.0
0.0
0.0
0.0
0.0
0.0
0.0
2.515039768170293e-7
0.0
0.0
0.0
0.0
5.364761199298467e-7
0.0
0.0
0.0
0.0
0.0
0.0
0.0
0.0
0.0
0.0
0.0
0.0
0.0
0.0
0.0
0.0
0.0
0.0
3.261381898099734e-7
0.0
0.0
0.0
0.0
4.7465025577753723e-7
0.0
0.0
0.0
0.0
0.0
0.0
0.0
0.0
0.0
0.0
0.0
0.0
0.0
0.0
0.0
0.0
0.0
0.0
0.0
0.0
0.0
0.0
0.0
4.5138680705863573e-7
0.0
0.0
0.0
0.0
0.0
0.0
0.0
0.0
0.0
0.0
0.0
0.0
0.0
0.0
0.0
0.0
0.0
0.0
0.0
0.0
0.0
0.0
0.0
1.659155018505161e-6
0.0
0.0
0.0
0.0
0.0
0.0
0.0
0.0
0.0
0.0
0.0
0.0
0.0
0.0
0.0
0.0
0.0
0.0
0.0
0.0
0.0
0.0
0.0
1.4408745653491275e-6
0.0
0.0
0.0
0.0
0.0
0.0
0.0
0.0
0.0
0.0
0.0
0.0
0.0
0.0
0.0
0.0
0.0
0.0
0.0
0.0
0.0
0.0
0.0
1.2240014099512053e-6
0.0
0.0
0.0
0.0
0.0
0.0
0.0
0.0
0.0
0.0
0.0
0.0
0.0
0.0
0.0
0.0
0.0
0.0
0.0
0.0
0.0
0.0
0.0
1.5526031359184412e-6
0.0
0.0
0.0
0.0
0.0
0.0
0.0
0.0
0.0
0.0
0.0
0.0
0.0
0.0
0.0
0.0
0.0
0.0
8.034420762111353e-7
0.0
0.0
0.0
0.0
8.684723403172134e-7
0.0
0.0
0.0
0.0
0.0
0.0
0.0
0.0
0.0
0.0
0.0
0.0
0.0
0.0
0.0
0.0
0.0
0.0
8.598101342026531e-7
0.0
0.0
0.0
0.0
1.573481469017858e-6
0.0
0.0
0.0
0.0
0.0
0.0
0.0
0.0
0.0
0.0
0.0
0.0
0.0
0.0
0.0
0.0
0.0
0.0
9.918662649756816e-7
0.0
0.0
0.0
0.0
2.466327014980415e-6
0.0
0.0
0.0
0.0
0.0
0.0
0.0
0.0
0.0
0.0
0.0
0.0
0.0
0.0
0.0
0.0
0.0
0.0
5.845783671591591e-7
0.0
0.0
0.0
0.0
1.495258709292353e-6
0.0
0.0
0.0
0.0
0.0
0.0
0.0
0.0
0.0
0.0
0.0
0.0
0.0
0.0
0.0
0.0
0.0
0.0
1.9932563811463106e-7
0.0
0.0
0.0
0.0
1.55106043897042e-6
0.0
0.0
0.0
0.0
0.0
0.0
0.0
0.0
0.0
0.0
0.0
0.0
0.0
0.0
0.0
0.0
0.0
0.0
4.6729617813447417e-7
0.0
0.0
0.0
0.0
1.2352794382407191e-6
0.0
0.0
0.0
0.0
0.0
0.0
0.0
0.0
0.0
0.0
0.0
0.0
0.0
0.0
0.0
0.0
0.0
0.0
6.257992795127649e-7
0.0
0.0
0.0
0.0
2.4580682678569996e-6
0.0
0.0
0.0
0.0
0.0
0.0
0.0
0.0
0.0
0.0
0.0
0.0
0.0
0.0
0.0
0.0
0.0
0.0
5.176042332883672e-7
0.0
0.0
0.0
0.0
3.8935492496461425e-7
0.0
0.0
0.0
0.0
0.0
0.0
0.0
0.0
0.0
0.0
0.0
0.0
0.0
0.0
0.0
0.0
0.0
0.0
1.6699527504118473e-6
0.0
0.0
0.0
0.0
2.521803438098157e-6
0.0
0.0
0.0
0.0
0.0
0.0
0.0
0.0
0.0
0.0
0.0
0.0
0.0
0.0
0.0
0.0
0.0
0.0
2.4123748311054063e-6
0.0
0.0
0.0
0.0
6.419166736774532e-5
0.0
4.2377016013290676e-7
0.0
0.0
0.0
0.0
0.0
0.0
0.0
0.0
0.0
0.0
0.0
0.0
0.0
0.0
0.0
0.0
1.5432426271531743e-6
0.0
0.0
0.0
0.0
2.416510208990121e-6
0.0
0.0
0.0
0.0
0.0
0.0
0.0
0.0
0.0
0.0
0.0
0.0
0.0
0.0
0.0
0.0
0.0
0.0
5.120834678078045e-7
0.0
0.0
0.0
0.0
7.836286844245386e-7
0.0
0.0
0.0
0.0
0.0
0.0
0.0
0.0
0.0
0.0
0.0
0.0
0.0
0.0
0.0
0.0
0.0
0.0
1.0075006813045633e-6
0.0
0.0
0.0
0.0
4.120468101340861e-6
0.0
0.0
0.0
0.0
0.0
0.0
0.0
0.0
0.0
0.0
0.0
0.0
0.0
0.0
0.0
0.0
0.0
0.0
7.56776085588647e-7
0.0
0.0
0.0
0.0
2.938162720865537e-6
0.0
0.0
0.0
0.0
0.0
0.0
0.0
0.0
0.0
0.0
0.0
0.0
0.0
0.0
0.0
0.0
0.0
0.0
1.2146594175504076e-6
0.0
0.0
0.0
0.0
2.168514786455205e-6
0.0
0.0
0.0
0.0
0.0
0.0
0.0
0.0
0.0
0.0
0.0
0.0
0.0
0.0
0.0
0.0
0.0
0.0
1.0017571397596502e-6
0.0
0.0
0.0
0.0
1.8768412361469457e-6
0.0
0.0
0.0
0.0
0.0
0.0
0.0
0.0
0.0
0.0
0.0
0.0
0.0
0.0
0.0
0.0
0.0
0.0
9.011279626402476e-7
0.0
0.0
0.0
0.0
2.883342344318779e-6
5.965473024419624e-7
0.0
0.0
0.0
0.0
0.0
0.0
0.0
0.0
0.0
0.0
0.0
0.0
0.0
0.0
0.0
0.0
0.0
1.0260788299928562e-6
0.0
0.0
0.0
0.0
1.9902891552101654e-6
0.0
0.0
0.0
0.0
0.0
0.0
0.0
0.0
0.0
0.0
0.0
0.0
0.0
0.0
0.0
0.0
0.0
0.0
1.05363071526675e-6
0.0
0.0
0.0
0.0
2.372457002150413e-6
0.0
0.0
0.0
0.0
0.0
0.0
0.0
0.0
0.0
0.0
0.0
0.0
0.0
0.0
0.0
0.0
0.0
0.0
3.2166507303094523e-6
0.0
0.0
0.0
0.0
2.1514165858781026e-5
0.0
6.670160918580546e-7
0.0
0.0
0.0
0.0
0.0
0.0
0.0
0.0
0.0
0.0
0.0
0.0
0.0
0.0
0.0
0.0
1.2363022354246692e-6
0.0
0.0
0.0
0.0
1.775792352977075e-6
0.0
0.0
0.0
0.0
0.0
0.0
0.0
0.0
0.0
0.0
0.0
0.0
0.0
0.0
0.0
0.0
0.0
0.0
8.334087686178887e-7
0.0
0.0
0.0
0.0
1.7939872137643231e-6
0.0
0.0
0.0
0.0
0.0
0.0
0.0
0.0
0.0
0.0
0.0
0.0
0.0
0.0
0.0
0.0
0.0
0.0
5.02375806730029e-7
0.0
0.0
0.0
0.0
1.3518896909576845e-6
0.0
0.0
0.0
0.0
0.0
0.0
0.0
0.0
0.0
0.0
0.0
0.0
0.0
0.0
0.0
0.0
0.0
0.0
1.0912114574354156e-6
0.0
0.0
0.0
0.0
2.416908539712027e-7
0.0
0.0
0.0
0.0
0.0
0.0
0.0
0.0
0.0
0.0
0.0
0.0
0.0
0.0
0.0
0.0
0.0
0.0
1.7383869469317644e-6
0.0
0.0
0.0
0.0
4.455006493276893e-6
0.0
0.0
0.0
0.0
0.0
0.0
0.0
0.0
0.0
0.0
0.0
0.0
0.0
0.0
0.0
0.0
0.0
0.0
1.570986096759927e-6
0.0
0.0
0.0
0.0
6.155905877572545e-6
0.0
4.4990537559863475e-7
0.0
0.0
0.0
0.0
0.0
0.0
0.0
0.0
0.0
0.0
0.0
0.0
0.0
0.0
0.0
0.0
1.7222892288963812e-6
0.0
0.0
0.0
0.0
2.7633635785977625e-6
0.0
0.0
0.0
0.0
0.0
0.0
0.0
0.0
0.0
0.0
0.0
0.0
0.0
0.0
0.0
0.0
0.0
0.0
0.0
0.0
0.0
0.0
0.0
1.101614258552284e-6
0.0
0.0
0.0
0.0
0.0
0.0
0.0
0.0
0.0
0.0
0.0
0.0
0.0
0.0
0.0
0.0
0.0
0.0
1.1086618327777049e-6
0.0
0.0
0.0
0.0
1.0473662322780767e-6
0.0
0.0
0.0
0.0
0.0
0.0
0.0
0.0
0.0
0.0
0.0
0.0
0.0
0.0
0.0
0.0
0.0
0.0
1.1629862750943203e-6
0.0
0.0
0.0
0.0
1.565728426520314e-6
0.0
0.0
0.0
0.0
0.0
0.0
0.0
0.0
0.0
0.0
0.0
0.0
0.0
0.0
0.0
0.0
0.0
0.0
1.039590408165221e-6
0.0
0.0
0.0
0.0
1.951996239219962e-6
0.0
0.0
0.0
0.0
0.0
0.0
0.0
0.0
0.0
0.0
0.0
0.0
0.0
0.0
0.0
0.0
0.0
0.0
2.965656697643445e-7
0.0
0.0
0.0
0.0
1.2144634134591918e-7
5.211544850844548e-7
0.0
0.0
0.0
0.0
0.0
0.0
0.0
0.0
0.0
0.0
0.0
0.0
0.0
0.0
0.0
0.0
0.0
2.5727826052641007e-6
0.0
0.0
0.0
0.0
9.9429077579383e-5
6.429258757337721e-5
0.0
0.0
4.2850522308472256e-7
0.0
0.0
0.0
0.0
0.0
0.0
0.0
0.0
0.0
0.0
0.0
0.0
0.0
1.984996623398066e-6
8.33926614160475e-5
0.0
0.0
0.0
0.0
0.0003835357859220614
0.0003118961785551713
9.6587501485713e-5
4.2364554924802795e-6
4.3116910093036604e-7
9.009427460872765e-8
0.0
0.0
0.0
0.0
0.0
0.0
0.0
0.0
0.0
0.0
0.0
9.055462495334241e-7
9.139074849795483e-7
3.799563683598782e-5
0.0
0.0
0.0
0.0
0.00028624969677103706
0.00021340459601832626
3.906505643982495e-6
2.062774719317225e-7
3.612592716979492e-7
0.0
0.0
0.0
0.0
0.0
0.0
0.0
0.0
0.0
0.0
0.0
0.0
0.0
0.0
2.9960111579023534e-6
0.0
0.0
0.0
0.0
2.3235404366806744e-6
0.0
0.0
0.0
0.0
0.0
0.0
0.0
0.0
0.0
0.0
0.0
0.0
0.0
0.0
0.0
0.0
0.0
1.5918118474635568e-6
7.034778844783028e-5
0.0
0.0
0.0
0.0
0.0002793061987684967
0.00023144314776494903
0.00013988224892187774
9.977750712844532e-5
7.788975021800518e-5
4.5930885278844015e-5
0.0
0.0
0.0
0.0
9.651890544046383e-8
0.0
0.0
0.0
0.0
0.0
9.152022334070747e-7
2.257444317252068e-5
0.00011871996866152915
0.0002874582454950168
0.0
0.0
0.0
0.0
0.00040222510870904923
0.00035383646125323467
0.0001856066811459147
6.299949341140913e-5
7.074665246986417e-6
8.674398540169211e-7
1.795244848566918e-7
0.0
0.0
0.0
0.0
0.0
0.0
0.0
0.0
0.0
6.688530711777967e-7
1.4782366724848452e-6
1.6234232531838453e-6
0.00011928885788909527
0.0
0.0
0.0
0.0
0.0003127248974326234
0.0002778942827692998
0.00013060776185063258
2.0677829672723667e-5
9.074099406335477e-8
0.0
0.0
0.0
0.0
0.0
0.0
0.0
0.0
0.0
0.0
0.0
8.691661768189697e-7
6.9472055617716465e-6
1.760334298732111e-5
0.00017159820416411768
0.0
0.0
0.0
0.0
0.00042251809795242475
0.00032615966278881793
0.00013094135683809296
9.331628983761198e-6
1.9938222743083275e-7
0.0
0.0
0.0
0.0
0.0
0.0
0.0
0.0
0.0
0.0
0.0
0.0
2.2096312160739775e-7
1.157445613416679e-6
0.0001035441217385461
0.0
0.0
0.0
0.0
0.0003474017729025014
0.00027457456404319695
3.956843145278029e-5
2.1950154666326565e-7
2.2466110555183136e-7
0.0
0.0
0.0
0.0
0.0
0.0
0.0
0.0
0.0
0.0
0.0
0.0
2.3763529087246457e-7
1.0607588998576558e-6
1.6458757828276217e-5
0.0
0.0
0.0
0.0
0.00024239124787919016
0.00017823042116966016
7.023400420731625e-6
9.683670412414333e-8
0.0
0.0
0.0
0.0
0.0
0.0
0.0
0.0
0.0
0.0
0.0
0.0
0.0
0.0
1.0793658755073547e-6
2.879787773596781e-5
0.0
0.0
0.0
0.0
0.00024025348402847543
0.00017708705050101578
1.1150650700313559e-5
2.02558242284013e-7
0.0
0.0
0.0
0.0
0.0
0.0
0.0
0.0
0.0
0.0
0.0
0.0
0.0
0.0
6.415713647200953e-7
4.5232265906904e-6
0.0
0.0
0.0
0.0
0.0002384850595391989
0.00021434533495186503
4.7139022391740104e-5
2.125612440524693e-7
0.0
0.0
0.0
0.0
0.0
0.0
0.0
0.0
0.0
0.0
0.0
0.0
0.0
0.0
1.278840768685334e-6
2.357121900614157e-5
0.0
0.0
0.0
0.0
0.0002498409224647969
0.0002107135497325012
3.454674538491361e-5
2.2545767919856978e-7
0.0
0.0
0.0
0.0
0.0
0.0
0.0
0.0
0.0
0.0
0.0
0.0
0.0
0.0
0.0
3.2764212059277457e-6
0.0
0.0
0.0
0.0
2.34463218107886e-6
0.0
5.184602516881818e-7
0.0
0.0
0.0
0.0
0.0
0.0
0.0
0.0
0.0
0.0
0.0
0.0
0.0
0.0
0.0
1.305926201909699e-6
9.192483274189052e-5
0.0
0.0
0.0
0.0
0.00032594515766886647
0.00028357304836180633
9.651441559780555e-5
3.909087874767078e-6
1.6019506201601e-7
0.0
0.0
0.0
0.0
0.0
0.0
0.0
0.0
0.0
0.0
0.0
0.0
0.0
0.0
3.367415671369253e-6
0.0
0.0
0.0
0.0
0.00011015152740612573
0.00011931931024654171
0.0
1.741274023341213e-7
5.338964640148961e-8
0.0
0.0
0.0
0.0
0.0
0.0
0.0
0.0
0.0
0.0
0.0
0.0
0.0
5.719641417887571e-7
5.819315487833145e-6
0.0
0.0
0.0
0.0
0.0002690132952805562
0.00020204949293997735
2.721868599819555e-5
0.0
1.6946343906270584e-7
0.0
0.0
0.0
0.0
0.0
0.0
0.0
0.0
0.0
0.0
0.0
0.0
0.0
4.1070983284776285e-7
9.566468668895996e-6
0.0
0.0
0.0
0.0
0.0001487405174801192
0.00013305674493367908
3.670635309001473e-5
4.581868809503695e-6
5.611683893418551e-7
0.0
0.0
0.0
0.0
8.368043518750886e-7
2.6116391830671165e-7
0.0
0.0
0.0
0.0
4.6049411864866246e-7
4.091945128675577e-5
0.00011654190633745543
0.00017367570034630366
0.0003220989502575293
0.0
0.0
0.0
0.0
0.0004250601709690025
0.0003707226803586685
0.00020741670494282542
0.00011520624029467447
4.618228184729001e-5
2.983228190007159e-5
1.6347048033245266e-7
0.0
0.0
0.0
0.0
0.0
0.0
0.0
0.0
0.0
6.324364434424986e-7
1.3240854937637592e-6
4.6716808067061396e-5
0.00020650815724720042
0.0
0.0
0.0
0.0
0.000662528147380165
0.0006196998699746765
0.00046229633646157844
0.0002715258953946384
9.826414870355589e-5
5.324798022579902e-5
1.0663128058580277e-7
0.0
0.0
0.0
0.0
0.0
0.0
0.0
5.942403185500566e-7
5.322965931525171e-7
0.000142602182208505
0.00025819682295433606
0.0003503862550659048
0.000498393693781205
0.0
0.0
0.0
0.0
0.0007097374381788782
0.0006639539051439251
0.0004844910417559645
0.0002988841578716546
0.00010183826830661095
1.5692087933794416e-5
0.0
0.0
0.0
0.0
0.0
0.0
0.0
0.0
1.5459617320418244e-7
2.8811453651758986e-6
0.00012987173057374686
0.0002058833174750668
0.00030290437164490647
0.0004604860324998506
0.0
0.0
0.0
0.0
0.0006706074468701099
0.0006148847314910773
0.00036786485298834795
0.00022568131387229215
6.311091361028508e-5
5.467578159104841e-8
0.0
0.0
0.0
0.0
0.0
0.0
0.0
0.0
0.0
0.0
1.8874829135478416e-7
1.564389842432527e-6
4.526991923463227e-5
0.0002624244785538039
0.0
0.0
0.0
0.0
0.0006101294341892619
0.0005498885249816639
0.0002990653386730324
0.00010409567744675781
3.713268673453175e-5
3.229898872787586e-7
0.0
0.0
0.0
0.0
0.0
0.0
0.0
0.0
0.0
6.891532570974488e-7
5.4067310452264945e-5
0.00014425523647406186
0.00016896752453898024
0.00033568886308756464
0.0
0.0
0.0
0.0
0.0004794664474426254
0.000420134872845471
0.00023567627507740406
6.31216735058704e-5
8.97591486166658e-8
0.0
0.0
0.0
0.0
0.0
0.0
0.0
0.0
0.0
0.0
0.0
1.2898988265829168e-6
1.3720266981566092e-6
8.182809686242276e-5
0.00024681847872542453
0.0
0.0
0.0
0.0
0.00040024717521337734
0.0003587072816760314
0.0001878406496559472
3.711135964451875e-5
1.0910513937855288e-7
0.0
0.0
0.0
0.0
0.0
0.0
0.0
0.0
0.0
0.0
0.0
0.0
0.0
7.489536124752441e-7
7.9256194655924e-6
0.0
0.0
0.0
0.0
0.00030249733141496653
0.0002600143300716877
8.312451489124113e-5
7.99062360604347e-6
7.699524848223302e-7
0.0
0.0
0.0
1.2030765984612755e-6
7.69308494821528e-7
6.182241066017285e-7
0.0
0.0
0.0
2.8857588065606624e-7
0.0
9.117442141620051e-7
2.5716460525941372e-5
8.037211900089813e-5
0.00019803207755467192
0.0
0.0
0.0
0.0
0.00031159700791843917
0.00029435890899231034
0.00016002782887243418
2.4189213493491323e-5
1.0521973835676727e-7
0.0
0.0
0.0
0.0
0.0
0.0
0.0
0.0
0.0
0.0
0.0
1.1460904383370617e-6
8.536140934418233e-7
9.228266332554373e-6
0.00013199686211251067
0.0
0.0
0.0
0.0
0.0003276545707545524
0.0003569759821601293
0.00030967516536597377
0.00014540271999469897
2.6599562260285275e-7
1.6583022949876601e-7
0.0
0.0
0.0
0.0
0.0
0.0
0.0
0.0
0.0
2.0997459232101006e-7
1.4081471127513552e-6
3.400516167981573e-5
4.400493136961991e-5
0.0001995715346373225
0.0
0.0
0.0
0.0
0.000492580130811305
0.00043585982137593344
0.0002724759476807125
4.902077959920095e-5
2.501479146322616e-7
5.162521027639025e-8
0.0
0.0
0.0
0.0
0.0
0.0
0.0
0.0
0.0
8.368116160285919e-7
6.311714915781203e-7
1.2392416634271173e-5
0.00010385953406709542
0.00029593887614310103
0.0
0.0
0.0
0.0
0.0006536671775091695
0.0005945569542867355
0.0003288220356622673
0.00011074349714244739
1.1950750066658824e-5
1.814285522973604e-7
0.0
0.0
0.0
0.0
0.0
0.0
0.0
0.0
0.0
4.2800302765803855e-7
3.38485484664207e-5
0.00019228781975433196
0.0002545036860984696
0.00038238752576154713
0.00044073259116213795
0.0
0.0
0.0
0.0
0.0005274889753125618
0.00028275035719435473
6.715518619706336e-6
1.1431546656066618e-7
3.2694624359501484e-7
4.951497939623926e-7
0.0
0.0
0.0
8.023908822331001e-7
3.878431586572238e-7
0.0
0.0
0.0
2.1554964353726503e-6
2.644860904050994e-5
0.00012093238440856428
0.00020219966887577475
0.0003180270869228118
0.0004670917278881057
0.0
0.0
0.0
0.0
0.0005955254595240211
0.0005422613447648418
0.0003785602115903266
0.0003190423113216246
0.000281929387961385
0.00024492698754460134
8.693916120994862e-5
0.0
4.5080783941713593e-7
4.05364413458782e-6
8.023503740435872e-5
0.00014714790087969553
0.00018607687772146005
0.00013708753200498047
0.0002407960118971678
0.00035038883572477674
0.00047792639782557683
0.0005509102969718383
0.00063294331741804
0.0006561728745495904
0.0
0.0
0.0
0.0
0.0007817282684603243
0.0006063722055847333
0.00033368549339947385
0.00019349915429095672
0.00010165168986383813
7.53096335409456e-5
0.0
3.0231979453719445e-7
7.663094227014698e-7
4.929763605377395e-7
6.731934824501416e-6
7.469061206937327e-5
9.56598194339035e-5
7.550631646839888e-5
0.00016140333166798175
0.0002496062190721585
0.0004577928752886667
0.0005582406943256138
0.0006710978318651334
0.0008653007273945998
0.0
0.0
0.0
0.0
0.0010168676410460716
0.0009442622136137906
0.0006042279595112203
0.00032686536999166683
0.00017201410104845325
9.714891699697933e-5
0.0
3.8965878181807044e-7
8.114765328665306e-7
5.260551536368033e-7
2.4800954988917423e-7
1.5453277374886385e-5
4.204270523047538e-5
0.00011833542499395742
0.0002555117799946954
0.00026308026598923233
0.00040415316043158016
0.0005104636995981667
0.0006544094059175701
0.0008437453822431121
0.0
0.0
0.0
0.0
0.0009367544324328619
0.0007834820031189826
0.0004586186776930255
0.00020511415219605844
4.9745423864024594e-5
0.0
4.013985767071755e-7
0.0
0.0
0.0
0.0
0.0
0.0
4.7403649289059765e-6
8.197571422280433e-5
0.00017488111870204886
0.0003634828365614825
0.0003949131771118227
0.0004138626253749932
0.0005598641929523936
0.0
0.0
0.0
0.0
0.0008986834954322668
0.0008059832409689043
0.0004015366324294984
0.00012827692564085016
5.421905565531862e-5
8.439476774355487e-8
9.37610763298244e-8
0.0
0.0
0.0
0.0
0.0
9.464496984041425e-8
3.263835005459895e-5
0.00010390426004335657
0.00016786672682465008
0.00031465978847050396
0.0003306061062801557
0.00045401013722525305
0.0006293215834683618
0.0
0.0
0.0
0.0
0.000730036179472447
0.0006244577839359979
0.00019072176295717176
1.1159763170077505e-6
3.3083444476835617e-7
1.3941808484874956e-7
0.0
0.0
0.0
0.0
0.0
0.0
0.0
1.1679045160967489e-6
2.209919825757926e-6
5.6245693331505416e-5
0.00020476078132034746
0.0003000801001243941
0.00033447794959349955
0.0005236496326738917
0.0
0.0
0.0
0.0
0.0007586056125087589
0.0006345080460640116
0.0003188810033303323
5.5356817241144146e-5
6.972268578288738e-8
0.0
0.0
0.0
0.0
0.0
0.0
0.0
0.0
0.0
7.166524265546753e-6
6.997798629229833e-5
0.0002117539911377637
0.0003213144655010299
0.0004024215491018793
0.0005728763955560474
0.0
0.0
0.0
0.0
0.0007591094814473466
0.0006219429866713958
0.00033586045851883645
8.551768617976772e-5
7.822395441747359e-8
0.0
0.0
0.0
0.0
0.0
0.0
0.0
0.0
0.0
0.0
1.0405310909316362e-6
0.00011236414761682596
0.00022689874923202626
0.0002580378818801319
0.0004006937567531806
0.0
0.0
0.0
0.0
0.000617882150035685
0.0005173538509869867
0.00022443924012332828
1.5874073086719518e-5
8.218387241946526e-8
0.0
0.0
0.0
0.0
0.0
0.0
0.0
0.0
0.0
9.24785463028052e-7
5.497506705408414e-7
0.00011238189888155729
0.00019988870486264854
0.00028773882561900903
0.0004467110558224092
0.0
0.0
0.0
0.0
0.0006364476317916092
0.0005545863278522943
0.00026713678684285873
3.908028022233983e-5
6.755320671542265e-8
0.0
0.0
0.0
0.0
0.0
0.0
0.0
0.0
0.0
2.047084746610463e-7
2.031147964828195e-7
2.56585255298081e-7
2.648624742356604e-5
0.00016025915303622489
0.0003214452479834275
0.0
0.0
0.0
0.0
0.0004912439601845568
0.0004030996154856196
0.0002472712679783986
8.973633494967087e-5
1.5690582942430636e-7
5.8909800408023445e-8
0.0
0.0
0.0
0.0
0.0
0.0
0.0
0.0
4.771676371132118e-7
4.5809719144733724e-7
2.6394063011415098e-5
3.556251258817501e-5
7.468285360684417e-5
0.00021557055530494693
0.0
0.0
0.0
0.0
0.0004409037329624168
0.0003728966499588996
0.00020859470247055714
0.00017419953177067788
0.00020584467008510156
0.00019981046624500793
6.65454692599797e-5
2.125505340363568e-6
8.296731929186963e-7
4.7216555719003085e-5
6.184201973398377e-5
7.577401599491692e-5
0.000124366845321766
3.850923870127412e-5
3.268306348623019e-6
6.43864213283162e-5
0.00010588761376229087
0.0001707812142855818
0.0002662737850868187
0.0004449226409363116
0.0
0.0
0.0
0.0
0.0005763694538847173
0.0005117181472519743
0.00023737541981609848
9.141214472145384e-5
2.903267606446365e-5
1.6869496902916976e-7
1.226661144465086e-7
0.0
0.0
1.401036985603098e-7
0.0
0.0
0.0
0.0
1.590071701414843e-6
7.3319744805951e-6
0.00014373721625747228
0.00023052164739390302
0.0002701239528362803
0.0004258802865000349
0.0
0.0
0.0
0.0
0.0005572751684379283
0.0004612394364405502
0.00023344778640829744
3.963833947001913e-5
1.312341141094697e-7
0.0
0.0
0.0
0.0
0.0
0.0
0.0
0.0
0.0
1.4150972211067463e-6
1.8290231282353044e-5
0.00017080106888448394
0.0002515369345732362
0.00032415476623677363
0.00046216309999346644
0.0
0.0
0.0
0.0
0.0006032003158521325
0.0005262111211123073
0.00032129204680584787
0.00015254259612699193
9.637887405395033e-5
4.955193007900392e-5
1.1331673980706055e-7
0.0
0.0
0.0
0.0
0.0
1.2983688195995503e-7
0.0
1.1150999864290892e-6
0.0
1.296919578227283e-6
2.7689392191662503e-5
0.00014352463209148255
0.00027970519440946226
0.0
0.0
0.0
0.0
0.0004731878229908197
0.0004619307126416207
0.00029880242987626135
0.00019762440545417789
9.583590141065094e-5
4.187183820819921e-5
1.3885734226946348e-7
0.0
0.0
5.442774956748546e-7
2.555573509315258e-7
0.0
2.3747507777585618e-7
0.0
7.403634172136821e-7
6.770906622736374e-7
9.775982713079772e-5
0.00019870815282347026
0.00027625159189394204
0.0004409305336900516
0.0
0.0
0.0
0.0
0.0005534852026433779
0.00047450109238353545
0.00024659018992500013
0.00014489091090348096
0.0001686814860824282
9.78224200032198e-5
1.4193309205954135e-5
2.2192184161163243e-7
4.6852655712154656e-7
4.848080493841775e-7
0.0
2.234990488288281e-5
9.701041427636799e-5
0.00010099106204922582
0.0001265191459141407
0.00022529394724126129
0.00039311058549040595
0.00046828782882734623
0.0004888629204196081
0.0006161280143475991
0.0
0.0
0.0
0.0
0.0008604573930150228
0.0007137473601798057
0.0004618522393105809
0.0002483416540516545
0.00011909070230950591
0.00010133612973715844
0.0
0.0
9.018318379130671e-7
5.264203066497466e-7
2.8692546601527614e-7
3.841048125577985e-5
4.067412663356167e-5
4.8826195060144445e-5
0.0001814348607279602
0.0002617844273060813
0.00039703144752015613
0.0005008319032431849
0.0005766046913826096
0.0006895354021029643
0.0
0.0
0.0
0.0
0.0007612886650052262
0.0006999139420896437
0.00043487953906220746
0.00019563960480880027
2.8398345881085063e-5
1.0330340972889523e-7
1.7282167731709693e-7
0.0
6.456738378719016e-7
6.108023677030438e-7
4.399783694434566e-7
2.96212657361401e-6
0.00012201809053440118
9.008249822239534e-5
8.546234258518758e-5
0.0002591110196056866
0.0003397107762517704
0.000375044652520301
0.0004789054843354935
0.0007376179298795249
0.0
0.0
0.0
0.0
0.0007514602917693874
0.0007557982815294334
0.0004755660900551755
0.00023110345410138207
0.0001861118604845795
8.502288092797602e-5
2.477187764866053e-6
1.44723615765203e-7
5.157654501029874e-7
2.408970243088965e-7
9.13655588657891e-8
6.543664336590982e-5
0.00020525822899567726
0.0002650553328912837
0.00029807178297536137
0.00030865045972668467
0.0004284298897450899
0.0005767470683312025
0.0006032460749967506
0.0007750144845229283
0.0
0.0
0.0
0.0
0.0009693935703760985
0.0008647478412348396
0.0006337506444810164
0.00040860376163193076
0.0002521593644115496
0.00017867614525027143
2.0738003283365743e-5
3.6329779441413915e-7
7.955722712736571e-7
1.3257533590505672e-6
2.059854565647868e-7
5.049196069335773e-5
0.0001406665348122547
0.0001930104013246782
0.00028323844773363034
0.00033687603847662743
0.00046989304227583743
0.0005937962605051791
0.0006598332994043772
0.0008037051311957846
0.0
0.0
0.0
0.0
0.0009749337842503256
0.0008664195994975634
0.0006439774979621616
0.00037726147518201623
0.00016682524826373984
8.419405707742902e-5
1.1574343217161994e-7
0.0
3.629753539106838e-7
7.352290861432583e-7
1.8502757437097387e-6
3.445249673321014e-5
0.0001170974398665276
0.00014223590941865046
0.00022716142500232874
0.0002930684559886823
0.00043096397246118935
0.00049661949051922
0.0005663038215179349
0.0006903724881565423
0.0
0.0
0.0
0.0
0.0007159462884943974
0.0005331454221605287
0.00021518374271562333
1.3657606800610257e-5
1.278200064365406e-7
0.0
0.0
0.0
0.0
8.445031426822682e-7
4.594887098859922e-7
3.4724185521045704e-6
0.0
0.0
2.047768268297956e-6
3.465081126384193e-5
0.00016722821769993577
0.00023097899645881895
0.00030540465302444583
0.0004598358775342343
0.0
0.0
0.0
0.0
0.0005650590564627829
0.0005182273820275215
0.0003685386590286798
0.0002618088676343147
0.00016368754824514672
0.00011682945210490092
0.0
2.0749111564639925e-7
1.3172378338581695e-6
6.548779704643703e-7
4.536156649738625e-7
4.088170951018529e-5
6.136319845701004e-5
0.00010246741289577979
0.0002467545652546627
0.00032724087102073646
0.0004657237191287046
0.0005491235421788777
0.0006334800899393564
0.0008008470707606563
0.0
0.0
0.0
0.0
0.0009979957329345655
0.0009179061003276565
0.0006851096194867107
0.000389234075168344
0.00024630696764584524
0.00020219474345994947
3.041211718752431e-5
3.823986909422261e-7
1.418890316924477e-6
1.096923414654063e-6
9.604300822777144e-7
9.432554510892573e-5
0.00019865319630280037
0.00025413331253351234
0.00034529046372859794
0.00043994383720584413
0.000559142005280359
0.0006200403408915499
0.00074436474967035
0.0009210455005423294
0.0
0.0
0.0
0.0
0.0009616928119943277
0.0008200712652048095
0.0005329743386360366
0.00045783792668918996
0.00042297971962933575
0.0003359219631676188
0.00018956730861727136
0.00013691935230160179
0.0001408131826475727
0.00016423936374068167
0.0001912206847031929
0.0002872164714091515
0.00044887933452368394
0.00043176085358938185
0.00039264567161493403
0.0004366382072262902
0.0004938895900410652
0.0006330916603503066
0.0007650933657557902
0.0009587260123915701
0.0
0.0
0.0
0.0
0.0010420430006281337
0.0008994556177857226
0.0006974544079070219
0.0005220179298131532
0.0004397397097766631
0.00023460250532793782
8.088846973121388e-5
0.0
0.0
3.331906914448648e-7
2.1689745410065783e-5
0.00011803943602348792
0.0002782920680375092
0.0003135622893957427
0.00037665143427756517
0.0004388129806106464
0.0005865440197995493
0.0006319458245775411
0.0006452980920845274
0.0008102654700024225
0.0
0.0
0.0
0.0
0.0009502765776923039
0.0008789252118367432
0.0006425933406755236
0.00041777127172632877
0.0002613797567153222
9.10850949483165e-5
3.2763936775195627e-7
0.0
0.0
2.946456139398346e-7
1.7741095698556325e-7
0.0
4.411735268517016e-5
0.00011130540680938217
0.00018361601699790167
0.0002093981990890708
0.0003326638335518497
0.0004168820637323581
0.00048228866366815167
0.0006108428241344563
0.0
0.0
0.0
0.0
0.0007616656322837632
0.0006776485904391358
0.0004646156709863525
0.00021465713184293342
1.583939398645646e-5
3.492451064300075e-7
0.0
0.0
0.0
0.0
0.0
0.0
0.0
0.0
0.0
1.2572401332792755e-6
4.365584997521076e-5
0.00016637789295950953
0.0002907373282849479
0.00043107930714434697
0.0
0.0
0.0
0.0
0.0007613991616478994
0.0006717106305178374
0.0004761242478732811
0.00023614932781827129
6.496977924522547e-5
1.1705422031935526e-5
2.583045026144861e-7
0.0
0.0
0.0
0.0
0.0
8.14095214772364e-6
1.7710233777346678e-5
9.68329039294146e-5
9.524916035428192e-5
0.00019873897599894958
0.000283451568190216
0.0004678860801538657
0.0005929810849972581
0.0
0.0
0.0
0.0
0.0007453103885623966
0.0006759774935299137
0.0004577686191425911
0.0001623453897429655
6.557267300781883e-6
0.0
2.7614694759715826e-7
0.0
0.0
0.0
0.0
0.0
4.455167204094727e-7
2.476745107740419e-7
1.3407656729207037e-5
0.000140027851550288
0.00030879399674682816
0.0004034971514331437
0.0004806043285704925
0.0006700118123535851
0.0
0.0
0.0
0.0
0.0008279611327320737
0.0007026563546092605
0.00048464832273703156
0.00028510749046794875
9.790427704880934e-5
9.042011692289822e-6
1.9877877981822877e-7
0.0
0.0
0.0
0.0
0.0
1.015483962617708e-5
2.1764570646180425e-5
7.90532764876584e-5
0.00012452897411984747
0.0003252351976371184
0.0003898257162598996
0.00043784864362569025
0.0006394240748869021
0.0
0.0
0.0
0.0
0.0008354352696143517
0.0007677180466171239
0.00047749619561579786
0.00022762405895266008
8.619625392697112e-5
8.907997441788635e-6
1.8639417661358902e-7
0.0
0.0
0.0
0.0
0.0
2.8195378952855224e-5
2.780407095783606e-5
3.9744179340576296e-5
0.0001955111990966994
0.0002846664237728828
0.00033345079253723137
0.00042221622707643973
0.0006506700672128024
0.0
0.0
0.0
0.0
0.0009040977442763587
0.0008176107180969987
0.000532063311727416
0.0002926864734652618
0.00024965807060523264
9.631071898771418e-5
0.0
1.826606891045308e-7
7.893579802233323e-7
5.245292470164605e-7
2.3790377474506572e-5
3.632719156324552e-5
9.263144298939883e-5
0.0001270662753846483
0.00019175453795264476
0.00022353483123542476
0.00040360948414649447
0.00039242654507173197
0.00037766818228148814
0.00045915546171614204
0.0
0.0
0.0
0.0
0.0007293445248621554
0.0007088450449530869
0.0005550240664248438
0.00046113871671129273
0.00043469915058149414
0.00044431312068000836
0.0003000363930159187
0.00017468204888271475
0.00021120361900311404
0.0002978587920673833
0.0003883043927234739
0.00043629479184861006
0.0004247395042348078
0.00037046880070495415
0.0004412622812583916
0.0004889340694043911
0.0005929693037034911
0.0006650209002948365
0.0007475506528127096
0.0009164450055836756
0.0
0.0
0.0
0.0
0.0011570667974154841
0.001111255699166588
0.0009230203691916876
0.0007777966994049297
0.0006842944934365297
0.0006069566618852058
0.0004230696982109419
0.00025848314339668537
0.00023060968286141276
0.00027223267609882316
0.00033218302924953335
0.000409689189184171
0.0005004630531683197
0.000498594831509166
0.0005902398445110639
0.0006279289815601444
0.0007412702781703332
0.0007658325557720172
0.0007908050546564746
0.000988655581971952
0.0
0.0
0.0
0.0
0.0012802745106152789
0.0011780539893012502
0.0009022600464775081
0.0006552232092607479
0.0004671569952357485
0.000351764193022554
0.00014961470120946618
0.0
1.331613532681681e-6
1.437291409970311e-5
7.697966281474997e-5
0.0002107661504544897
0.00033490557639689536
0.0003903061683004204
0.0004815422708413549
0.0005167315296106476
0.0007394277262284781
0.0008427530736472783
0.0008250918361884994
0.0009059188373099044
0.0
0.0
0.0
0.0
0.0011704674533785744
0.0010724511539733183
0.0008746856909036894
0.0005745048598932919
0.00037816946339174867
0.00030825025716350304
0.00013588440235408317
0.0
8.676521726446875e-7
4.301862073246406e-6
9.31189447131918e-5
0.0001419015888209658
0.00030697708005521127
0.00038323089751050014
0.00044703020240203383
0.000520496562186494
0.0006883250692197645
0.000785483599651242
0.0008900186109318736
0.0010567614078520167
0.0
0.0
0.0
0.0
0.0012013591029073538
0.001115630118194464
0.0008481015632500795
0.0005903682690094383
0.0004203333962142858
0.00032033498528449833
7.580315684044568e-5
3.19948584843009e-7
8.59089985799763e-7
1.1260381618317842e-6
1.8884695992970353e-5
0.00011151405176222022
0.00026309081068613915
0.0003166291854835536
0.00038085332124425397
0.0004552522863876857
0.0006229832915119527
0.0006991604154630773
0.0007906352144765653
0.0009539281653307372
0.0
0.0
0.0
0.0
0.0010400873898259529
0.0010026655327560648
0.0007618214391174603
0.0004694229410885537
0.00023027936496681595
0.00017064489832553079
3.260299921854288e-5
0.0
7.216498781535253e-7
1.8230915583307072e-7
0.0
1.0563539009940496e-5
0.0002354135868468182
0.00027630043183403657
0.0002828142465880151
0.00041542845819376756
0.0004894857329228084
0.000578210245667775
0.0006704848319309289
0.0008715386354743122
0.0
0.0
0.0
0.0
0.0011053457449781738
0.0009961780126121807
0.0006969587428189995
0.00040100770336901325
0.0002981257090114275
0.00013329491435541612
0.0
2.937217230346711e-7
0.0
2.0470352888703496e-7
0.0
6.03871076292496e-8
0.00013846306225149077
0.00018563230232561745
0.0002727865976122823
0.00037932228631633335
0.0005432112761286584
0.0006094808070460824
0.0006569835497865546
0.0008573432871755742
0.0
0.0
0.0
0.0
0.0010227097392150504
0.0009160314196410013
0.0007186324315245318
0.0005035249024963151
0.00030166512423326306
0.0001483461069167162
0.0
2.7669071854205813e-7
6.401130258074005e-7
4.7436965441355425e-7
2.4160917121622296e-7
2.8238281817133526e-5
0.00014193339037789468
0.00021516940798391114
0.00032872622229418647
0.00037516565977621365
0.0005003008570847081
0.000583722939185079
0.0006897497715016756
0.0008714763815982762
0.0
0.0
0.0
0.0
0.0010567300688974848
0.0009688953994292437
0.0007345159948614711
0.0005136770195812491
0.00036110283993311744
0.00028613393019528846
0.0001251516009839954
6.13341299194641e-6
7.2752732365434525e-6
1.158848025593532e-5
5.110205377764158e-5
0.00012309409305162787
0.0002093134572770166
0.00022330135355127584
0.0002894549182983816
0.00034365316850098993
0.00043655619364120236
0.0005130124831482731
0.0005685097141724423
0.0007064072023985279
0.0
0.0
0.0
0.0
0.0009720177033683575
0.00092280605538501
0.0007166725512541813
0.0004744477711887933
0.000307529633506236
0.00023714479503842805
4.377080421716281e-5
2.956915024825716e-7
8.801662671779933e-7
5.344197529760417e-7
2.63541284396732e-7
6.785398549549512e-5
0.00014814127270192356
0.0001893079290711597
0.00024079446202961426
0.00023241278765480738
0.0003247562976878325
0.0003774308182541283
0.0003463939679314923
0.00039791049942470354
0.0
0.0
0.0
0.0
0.0005311227443623943
0.0004955449252669246
0.00036808409282428035
0.0003384782636807931
0.0003254433917960741
0.0003359821771610807
0.00018972256221438708
2.4695704213720066e-5
1.0665318181500162e-5
3.2569894101274103e-5
7.91715731526981e-5
0.00013113818077761455
0.00014494902892392414
0.00014376387677816468
0.00020267916791548473
0.000244798352256572
0.00034167465374268405
0.0004776421319881055
0.0005871832952125207
0.000718297627161138
0.0
0.0
0.0
0.0
0.0008327572345864491
0.0008304555054835821
0.0006952936352804445
0.000569515116417426
0.0004519773328589821
0.0003555999282750031
0.00017550478920119183
3.217126637988782e-5
6.25286687609037e-5
0.00017218288628326395
0.0002646819062885274
0.000310127424079252
0.0003200686192383361
0.00025558218649994734
0.00031416659876154393
0.00036056596983819736
0.0005644679862439019
0.0007326294331987819
0.0008583848069896073
0.0010236619287656054
0.0
0.0
0.0
0.0
0.0012603126060531688
0.0011504644352488766
0.0009121298081739551
0.0006650456594529666
0.0005075857234128992
0.00046037610672985214
0.0003406556522294213
0.00029859358743751686
0.0002922923482615174
0.0003326129447577771
0.00035814916894498196
0.0003841648044131626
0.00040841564777553306
0.000289739662380698
0.00026930208991344856
0.0003571935630914438
0.00038530702823732637
0.0004966636869526079
0.0006514360951458175
0.0009173710480922307
0.0
0.0
0.0
0.0
0.001040950022144176
0.0009365921293825101
0.0007399963924744811
0.0006319100271419257
0.0006358618339978603
0.0005447335251765927
0.0004607238421836222
0.0003097932550752917
0.0002915774263915774
0.00033732656846936163
0.00038427866034823014
0.0004075025091364276
0.0004015669630595613
0.000380219914049656
0.0004152708712648198
0.0004121430430111533
0.000514914471408551
0.000582780786105227
0.0006383994021427609
0.0007511556945834028
0.0
0.0
0.0
0.0
0.0009670871995301342
0.0008586388357449894
0.0007035264285921008
0.0005153529848190291
0.0004174987611118777
0.0002771479118342624
0.00016038866261441356
4.80905938355617e-5
3.0323463827981452e-5
4.600760424032579e-5
0.00010817105653668938
0.00017676558906911793
0.00023134651788408436
0.0002756959964851857
0.00029689840058322954
0.0002718495839200754
0.0003763147815749072
0.00044525657307987
0.0005013592795606665
0.000591916378704552
0.0
0.0
0.0
0.0
0.0007133056814739604
0.0006446630903570524
0.0005819398116764535
0.0005838263246481893
0.0005474019776715
0.0005329597424684098
0.000364538378373285
0.000234362685742951
0.00027290248039455047
0.0003176349100856526
0.0003585993796477475
0.00035302179757541475
0.00031438435831581286
0.00025287961725078387
0.0002800009811016087
0.0002612023560188623
0.00034012206931060944
0.0003893170894100342
0.0004375459726078168
0.000579578834884684
0.0
0.0
0.0
0.0
0.0006944341153493084
0.0006095965481261742
0.00045319889533294096
0.00036701865873600784
0.0003181044022909643
0.00029316573008536653
0.00013429489902255128
6.258466098032666e-6
2.0187209312532217e-5
7.722703382986543e-5
0.0001563248517665732
0.00024292507862345327
0.0002942882905855626
0.0003870571244932428
0.0004946114027544191
0.00047542510674135254
0.0006360367568232011
0.0007950533767669084
0.000863489663930677
0.0009701728353473706
0.0
0.0
0.0
0.0
0.001182495958400681
0.0010973133084222562
0.000917664381182056
0.0007211776997411569
0.0005884079666230268
0.0005303419423672453
0.00034186348059566535
0.00014802730895665045
0.00012893343999004038
0.00020246268038362006
0.00031173657436385624
0.0003939169256989401
0.00045236091175556754
0.00047688464759215005
0.0005349586939700565
0.0005764232719572207
0.0006700038373888401
0.0007467871311219201
0.0008416476628676724
0.0010546824981369468
0.0
0.0
0.0
0.0
0.0009550844409039931
0.0008813474199945263
0.0007358460633999118
0.0006471992541321701
0.0005946818519498282
0.0005195957297066301
0.0003385042638448067
0.0001737492283250648
0.00018207844268323676
0.00024531812806957823
0.0003260870596697969
0.0003961193267903529
0.00043221111072108014
0.00044296540991390054
0.000540533216180189
0.0005872389597073217
0.0007487800004717129
0.0008351896364062023
0.0009081285017880339
0.0010409535934530843
0.0
0.0
0.0
0.0
0.0012618462315315093
0.0011214401715817829
0.0009131637935421843
0.0007672690715527353
0.0006087422595970836
0.0005492537210851495
0.0004365114010311797
0.0003834629829784346
0.0003517842260527139
0.00035189168250126477
0.0003835380720965133
0.00041869909164638126
0.00048269049400441244
0.0004497950449652754
0.0004883101565623215
0.0006117847813003146
0.0006711280493941626
0.0007146196509429043
0.0007589746213084642
0.0009459106619451875
0.0
0.0
0.0
0.0
0.0010775887665072897
0.0009636154237488395
0.0007636578329955812
0.0006374750898883233
0.0006115468182592093
0.0004781489369528467
0.0003800331551819801
0.0002473352612716526
0.00021752370633217402
0.00025405756248366476
0.00028659442266381225
0.0003162338900099959
0.00034411536097389686
0.0003185878158532952
0.00038212519715390874
0.0004451923961028697
0.0006119261618096319
0.0007082284100666807
0.0007679277972763379
