0.0012854777845828157
0.0
0.0
0.0
0.0
0.0020554272598229785
0.0017051274176128918
0.0010150212618663145
0.000770928037354328
0.0007190492146904789
0.0001933082755000469
5.197699842784756e-7
3.258605088350719e-7
0.0
0.0
0.0
0.0
5.61227999150098e-6
0.0
5.89147520848241e-5
0.00014201553390991482
0.0005097929570336552
0.0007878258786983676
0.0008290451345373147
0.001168213052929892
0.0
0.0
0.0
0.0
0.0014431923106310734
0.0014137429704056306
0.0009315917980932796
0.0006152251335671271
0.0002337528292756161
1.6870578566622126e-7
1.0876713734824918e-6
0.0
0.0
6.714151379420222e-6
5.027710337336693e-5
5.4984558195285066e-5
2.9833334392144458e-5
1.0524790353372905e-5
0.0001550889834814405
9.529500783617725e-5
0.0002698698521045119
0.000353719122287887
0.00045377435336322236
0.001027559794486307
0.0
0.0
0.0
0.0
0.0012392465948619863
0.0009551053818996442
0.0006080965441939712
0.0004620445958911219
0.0003018464912274869
0.00012112981250153415
7.567376672682403e-7
7.980042676174846e-7
7.423329449565394e-7
3.729660255229314e-6
5.504862850249091e-6
0.0
4.850307451014508e-7
0.0
3.163729341282631e-6
0.0
0.00017419894322729645
0.0002552159699385814
0.00035139987969172817
0.0007121466475362637
0.0
0.0
0.0
0.0
0.0010930849760859
0.000905290002414219
0.00048763858023013676
0.0003111430826303258
7.06773176502388e-5
1.8944484239735996e-7
0.0
0.0
0.0
1.050115663304706e-6
3.1819480974155233e-6
0.0
5.254161654399516e-7
0.0
2.4172906088008023e-6
1.2710964813209302e-6
8.115115047143171e-6
0.00015134114526647513
0.0002655569370038506
0.0006856125653586412
0.0
0.0
0.0
0.0
0.0010913547664160395
0.0007930600940569184
0.0005864093797616486
0.0007468098650175828
0.0008384988970177839
0.0009299657399590855
0.0006525320861741038
0.0004371093234119653
0.0005821018635038441
0.0008020922803509595
0.0008143214722137544
0.0006312462066634407
0.00040399794901555756
0.00019632315341934722
0.0002738365247585122
0.0002751299951472573
0.0005596980323672773
0.0007695136872330488
0.0009835950194292886
0.0012198753068900267
0.0
0.0
0.0
0.0
0.0018386984972418995
0.0017043936495568918
0.0013050741586930023
0.0009359644633623635
0.0005825152665724327
0.00033748500571769975
0.0
6.956627213810588e-7
2.3465823299978885e-6
3.692524793325255e-6
1.3324920644166591e-5
0.00015264562904691007
0.0002333655287591894
0.00011408004174383951
0.00018984076263686695
0.0002113163711826967
0.0005597274659268057
0.0007604687684800375
0.0008938003113155205
0.001271377143924994
0.0
0.0
0.0
0.0
0.001808818329569396
0.001487670376881623
0.0008681840699712693
0.0005611541341270678
0.000329038081511427
9.946698829677096e-5
5.048213878463381e-7
0.0
2.296950183788109e-6
8.268981971784861e-7
0.0
9.105742555594396e-5
0.00037691954775739036
0.00014696046239301268
4.287338654311687e-5
0.000255284331410874
0.0003423802539886383
0.0005994802978604775
0.0008653618133278365
0.0013607966049284399
0.0
0.0
0.0
0.0
0.0015749163306595154
0.001406327257313457
0.0008784313889013118
0.0006440572296406105
0.0005682102449372773
0.00020365314830475748
0.0
4.931828671720564e-7
1.9171813903987197e-6
9.387909899970527e-7
4.01396240072088e-5
0.00014962440168815916
0.00030001634378837435
0.00017390947751620193
0.00014351718843654966
0.00018090800421760017
0.0004915371628588001
0.0006765534007210123
0.0007832575466250226
0.0012394888465121583
0.0
0.0
0.0
0.0
0.0016528728925239516
0.001426191533601475
0.0009871592534394882
0.0006155131789477513
0.0002630931025981117
5.699088553750883e-5
6.903696717093398e-7
0.0
1.4935696488944011e-6
4.007624316559325e-6
8.929493174642963e-7
1.1938290608587928e-6
0.0
5.559948841920224e-7
2.979838690786285e-6
1.3624723161784843e-6
0.0002465744919089524
0.00038867033492488555
0.0005826252391695184
0.0008681467506115528
0.0
0.0
0.0
0.0
0.0014819738123587611
0.001337778948226423
0.0006610961234355996
9.833177361220855e-5
5.65884160039156e-7
2.046771474458173e-7
0.0
0.0
0.0
0.0
8.587366644785084e-7
2.393624752252122e-7
0.0
5.469822993681332e-7
4.028291088756446e-6
0.0
0.00017452874905273257
0.0002985032427161909
0.0004310852099926875
0.0007864870978612014
0.0
0.0
0.0
0.0
0.0013574740496750156
0.0011752323450814717
0.0008090986554015755
0.0006571917851637496
0.0005191856826580997
0.0001977609672025796
3.97138723472575e-7
0.0
3.10849181446943e-6
3.898480485254609e-6
8.612298777672945e-7
0.0
0.0
5.405314895276938e-7
3.1472840918186937e-6
1.262618873544317e-6
0.00022829255618260448
0.0004893813956837217
0.0006382616184299829
0.0009716359123520397
0.0
0.0
0.0
0.0
0.001243845284672552
0.0011468246015016222
0.0007746552966965558
0.00045923439246024853
0.00010520456318053956
0.0
5.231144903488411e-7
0.0
0.0
3.524354781821666e-6
6.974606159864322e-7
0.0
3.913844621976731e-7
0.0
2.354816675819083e-6
2.631029263650505e-6
3.194195853734004e-5
0.00028852164190467733
0.00044716352201018637
0.0008407980442167814
0.0
0.0
0.0
0.0
0.0013743078660207496
0.0009716387294004821
0.0005437301925834532
0.00019404753878434665
5.999648074510364e-7
3.609842558667593e-7
0.0
0.0
0.0
0.0
0.0
0.0
5.361735554574816e-7
3.2430438927514457e-7
1.1977045230776783e-5
1.266257801434294e-6
0.0002823267359963088
0.00029418613823579336
0.0004965231970237501
0.001022562285711774
0.0
0.0
0.0
0.0
0.001285363879440297
0.000971267835118705
0.00011834888672963817
8.890422027884677e-7
4.1289731336260077e-7
0.0
0.0
0.0
0.0
0.0
0.0
0.0
0.0
0.0
1.2081490945267113e-6
1.9666361061042637e-6
2.427424400097978e-6
1.3750673900864701e-5
0.00044252999641019696
0.0009902004928742496
0.0
0.0
0.0
0.0
0.0011431690742190197
0.0009843518764439932
0.000545761828275336
0.0003467234035383131
0.0002763131374934021
3.595822557593991e-5
9.274602496228706e-6
0.0
2.4519218452824276e-6
0.0001284883060270293
0.0002615325425337243
0.00020475795454329165
0.0002068696525712329
0.00010085455574852455
0.00013481845387313434
0.0001320005975735602
0.000460653678754903
0.0006266351324847069
0.0006415141544976202
0.0009934847000759289
0.0
0.0
0.0
0.0
0.0015392505648303984
0.0013625149396407476
0.0007698688245271021
0.0004220765440693041
0.00039147685267705806
9.676790970450472e-5
5.60463060467598e-6
0.0
1.2150064204248667e-6
0.00012340344010610982
0.0003435256414986669
0.0004024375501742105
0.0003963667564913037
0.000262803556275497
0.0002512992467179279
0.00016223833307906128
0.00039574108654842063
0.0005828361717441246
0.000667888801991288
0.0010341380913007597
0.0
0.0
0.0
0.0
0.0015342765253306254
0.001270729622453789
0.0006125911606610771
0.0003864774631283415
0.0005279152874660719
0.0007872765122528071
0.00026814623419252505
3.10134009297702e-5
0.0001411511244824083
0.00045121121320964604
0.00066991431362695
0.0006480678959591722
0.0006122749416025347
0.0004502754632641839
0.0004767242561309104
0.00039938476684073227
0.0005899709370435791
0.0007119756183415569
0.000879415323245887
0.001216654147961475
0.0
0.0
0.0
0.0
0.0013686704159675397
0.0012046804340380597
0.0007280596354869801
0.0004752884961511509
0.00027766185754713927
0.0002406638112854586
0.0
0.0
2.149373137038269e-6
3.5771574400870026e-6
1.001805931180637e-6
2.5163291976733714e-5
0.00010891145432383483
5.214593216818345e-6
9.740960578855842e-5
0.00012033697662024334
0.0004102052342599226
0.000529296080453409
0.0006314396649249482
0.0009872910334366208
0.0
0.0
0.0
0.0
0.0012131873329250325
0.00106539594469133
0.0006825927109118192
0.00045925974531559554
0.0001497826423925992
4.7961116272966865e-6
4.4556949035877625e-7
0.0
0.0
3.7789938165618744e-6
5.444458364020212e-7
0.0
1.405045332855652e-5
0.0
0.00010829189092134399
0.00016999557695679784
0.00047691799841980293
0.0007604757979400792
0.0009666954308571614
0.0014636270813247428
0.0
0.0
0.0
0.0
0.0020425368080795253
0.0018567129946211675
0.0011534471562664244
0.0008444617851649149
0.0005511284933937219
0.00014601509296742937
4.898387927071892e-7
0.0
1.0852292605427902e-6
4.003558012130823e-6
1.5053018747029316e-5
9.184203387516815e-5
0.00018984345252620073
1.3723092577299619e-5
7.338467674882456e-5
0.000230104218035646
0.0005864927293638886
0.0008706770481027996
0.001074713312576419
0.0016209960365277203
0.0
0.0
0.0
0.0
0.0021478306554379057
0.001885485042273281
0.0012500149139823297
0.0007608773513087457
0.0005010644047237545
0.00030105966685596065
0.0
0.0
3.7210305703844477e-6
1.2308518369542516e-6
4.899637347571234e-5
0.00017526966888925622
0.00044446324840293893
0.0001796270425497285
3.3615983593733306e-5
0.0001952268839698324
0.0003014950116448723
0.00048151731686474445
0.0006825744299028833
0.001393143179317388
0.0
0.0
0.0
0.0
0.0014603720762026925
0.0014842818663081726
0.0010638052858530209
0.0006321270680990049
0.00039566043177091366
1.31304319293708e-5
5.620420972149834e-7
0.0
0.0
0.0
0.0
0.0
0.0
0.0
3.414209388668356e-6
1.585922495376593e-6
0.0002860471118114751
0.0005988187917904946
0.0007493040958695558
0.0012146468940125684
0.0
0.0
0.0
0.0
0.00186165733269504
0.0015939948284935462
0.0009499088099920236
0.0005698120679388833
0.0001481610952132693
5.122604483766525e-7
2.0859455562246106e-7
0.0
0.0
0.0
5.33547914472998e-7
0.0
0.0
4.826703640175511e-7
3.044895424616523e-6
4.7487245903098015e-5
0.00033615205745788425
0.0005281186361707935
0.000694997938302783
0.001123705683956279
0.0
0.0
0.0
0.0
0.0017202524110186094
0.0015008168142331651
0.0007109014246423236
0.00017296312517199857
7.544771071491449e-7
2.903369218891914e-7
0.0
0.0
0.0
0.0
0.0
0.0
0.0
0.0
0.0
0.0
0.0
3.162108932632154e-5
0.00017037919760087573
0.000606843873492328
0.0
0.0
0.0
0.0
0.0010409436380872824
0.0006259110136179958
8.03097829421468e-5
7.261870724530055e-7
4.45146698031923e-7
0.0
0.0
0.0
0.0
0.0
0.0
0.0
0.0
0.0
0.0
0.0
0.0
2.778638573395201e-6
7.65906793857976e-6
6.246759362596673e-5
0.0
0.0
0.0
0.0
0.00043288420461144614
0.00017414735882200066
0.0
0.0
2.5468249963964774e-7
0.0
0.0
0.0
0.0
0.0
0.0
0.0
0.0
0.0
0.0
0.0
0.0
0.0
7.6103782591034295e-6
1.0240911001272688e-5
0.0
0.0
0.0
0.0
0.0005657606045460781
0.0002916903113144297
4.7588637224830864e-7
0.0
9.36884921505669e-7
0.0
0.0
0.0
0.0
0.0
0.0
0.0
0.0
0.0
0.0
0.0
3.869293005697747e-6
8.705305065202199e-6
7.953706766726232e-5
0.0005036444295553846
0.0
0.0
0.0
0.0
0.0009628167777575374
0.0007213847320074146
0.00012147452613571511
0.0
6.844403465025027e-7
0.0
0.0
0.0
0.0
0.0
0.0
0.0
0.0
0.0
0.0
0.0
2.0496799681059204e-6
5.884318924165057e-6
7.603906949163096e-5
0.0005680564946719245
0.0
0.0
0.0
0.0
0.0012045722104109672
0.0010677239270085103
0.0006018419424065711
0.00019537807411781853
3.9161201574517996e-5
6.35707386188091e-7
0.0
0.0
1.918950621657157e-6
1.404395866256529e-5
0.00015292462735694724
0.00019137560423927684
0.00032728518197278886
0.0002465089961616865
0.0002253401249015929
0.0002578787712855096
0.0005151246111075599
0.0006199127455294866
0.0007925064947807543
0.001264284776898118
0.0
0.0
0.0
0.0
0.0014942714326604415
0.0012347432501897903
0.0008130720855847991
0.0006013422814308011
0.0002809044324308406
0.00018534471809748801
2.7223644946885644e-7
0.0
1.9323366465110313e-6
2.872751095815898e-6
3.85291292092224e-5
0.00011579080787632263
0.00019190595062406512
5.699053749509305e-5
0.00010299173050065534
0.0001198300282856307
0.0003598227565041274
0.0004967280456059643
0.0007363976083367103
0.0012246173400477212
0.0
0.0
0.0
0.0
0.0016183565443937825
0.0013255661355019684
0.0008559483881553055
0.0006204767038214708
0.0003472494874801026
0.00011006513001424485
6.84699359832839e-7
5.857353519065004e-7
2.7872029251674297e-6
2.719702156494981e-6
2.5244755569396235e-5
0.0001686219178470658
0.00017662804461604192
5.580013421868433e-6
0.0001251910648231662
0.00016293221798062155
0.00039625926475487995
0.0005135368131556505
0.0006276891797876538
0.0009189280039772204
0.0
0.0
0.0
0.0
0.0009744695553485054
0.0008157440718064017
0.0005086871311029384
0.0003997249461978685
0.0003636974872194343
0.00038422399159730557
3.465226772724697e-5
6.918162611162035e-7
3.821302733254041e-6
5.6849365704255535e-6
3.111277279260225e-5
1.55863369485725e-5
1.4876671040345489e-5
0.0
3.2326452359985304e-6
9.528901524544293e-7
0.00018357679481661028
0.0003053284088757839
0.0004344535248158596
0.0007369336706879467
0.0
0.0
0.0
0.0
0.0008933787902894364
0.0007127234107698456
0.0004051924354251383
0.00035914733541481813
0.00037373156458222757
0.00032549105559308706
0.0
0.0
3.958837395202973e-6
2.9952366940241383e-5
0.0002742188773920871
0.0003074812820682561
0.00017571904501807918
2.232648880545436e-5
0.00016876736115816582
0.00027065386339526954
0.0005468245955577075
0.0006795975384931438
0.0008116200306588033
0.0011799547914784394
0.0
0.0
0.0
0.0
0.001705334666637793
0.001662224008862281
0.001144658720919413
0.0006814332082568656
0.0002807451471636769
3.452257787167348e-5
6.441736682880494e-7
0.0
1.4438719547769606e-6
3.828916644236083e-6
7.770323695908506e-7
2.791702215070483e-7
0.0
3.2026612865582106e-7
6.115870788557176e-5
0.00015657728117272066
0.0004698683384666588
0.0006506496781800057
0.0008967562791487591
0.0013961696154577402
0.0
0.0
0.0
0.0
0.0017824121855193368
0.001619549399411998
0.0010782939669500581
0.0006715137344439633
0.0003645908752787905
9.458897899780757e-5
5.494649597089426e-7
0.0
0.0
9.418303833989699e-7
0.0
0.0
0.00013396078852346898
3.115983567547318e-5
4.9930723761317335e-5
0.0002576398484169357
0.00031904953301266223
0.00041581461021415094
0.0006925872467272152
0.0011866740084557886
0.0
0.0
0.0
0.0
0.0016085004757511105
0.0014058394221347934
0.0009338630426742242
0.0006765571487212245
0.000528151756183203
0.00013103015109434962
0.0
3.35182840764026e-7
1.3003829562761148e-6
3.562815266798931e-6
0.0
1.6163236457235683e-5
0.00013050562228716925
9.330431627407957e-5
0.00017011441624046862
0.00019329157062535993
0.0004772517546935907
0.0007238198660023368
0.0008109591347396426
0.0011738560170820457
0.0
0.0
0.0
0.0
0.0012922369957127002
0.0010924629193390905
0.0007789455341217789
0.0006695641805373627
0.0003746475105126259
0.00011042899483598046
4.632398626744107e-7
0.0
0.0
3.329239569387513e-6
5.48208370397111e-7
0.0
0.0
3.1697729940440944e-7
3.5524804702406984e-6
9.480636992935048e-7
0.00024459345102644057
0.0004457392883165429
0.0006184084206615697
0.00098323485044737
0.0
0.0
0.0
0.0
0.001530309462102681
0.001419194207847214
0.0010578534034525495
0.0008260657617830507
0.0005165880387416614
0.00029145107674152614
5.351487904585937e-7
0.0
0.0
3.9953173209346244e-6
6.802816869165905e-7
1.2811422376768968e-5
0.0
4.771392844941947e-7
2.8022270641744615e-5
8.29448803740648e-5
0.00032937081954462005
0.0005152115037457866
0.0006793076772727062
0.000995493362065194
0.0
0.0
0.0
0.0
0.0010810507028789116
0.0008951109041524333
0.0005889096236717468
0.000605057421948692
0.0005923817453268221
0.0004927841927862537
7.053212726383167e-5
0.0
2.3061287459901534e-6
1.04751493244123e-5
0.0001497687948237285
0.00019071787433031333
0.00017614258539661433
8.159379246095272e-5
0.00018814137105116772
0.00020793280220188326
0.00044720954828503576
0.0005800252160035777
0.0007103511645991913
0.0010817465883590515
0.0
0.0
0.0
0.0
0.0015211603187507406
0.0014623992091653763
0.0012026389013224306
0.0007209127231056088
9.577687280759344e-5
2.4428520718590706e-7
0.0
0.0
0.0
0.0
0.0
0.0
0.0
0.0
2.4882600069946923e-6
4.968506760503972e-7
7.127911669299428e-5
5.801118285820934e-5
6.175251521060138e-5
0.00034444361287818586
0.0
0.0
0.0
0.0
0.001285561131862515
0.0009935156740606414
0.0003537658697116541
7.791670379343706e-7
2.3287327910787727e-7
0.0
0.0
0.0
0.0
0.0
0.0
0.0
0.0
0.0
0.0
0.0
4.384148906576824e-6
3.628271901510058e-6
5.131663650920241e-6
0.0004208909565715621
0.0
0.0
0.0
0.0
0.0011015791387397737
0.0009207341622795244
0.00024959664596148156
4.3837410984122437e-7
4.799564028064304e-7
0.0
0.0
0.0
0.0
0.0
0.0
0.0
0.0
0.0
0.0
0.0
2.6613662228407354e-6
2.8855126194487736e-6
7.134695789679369e-6
0.00044831639090798673
0.0
0.0
0.0
0.0
0.0008000428585448761
0.00043205584421061253
1.0917197507992121e-6
6.116000030210762e-7
1.6896088657981127e-7
0.0
0.0
0.0
0.0
0.0
0.0
0.0
0.0
0.0
0.0
0.0
0.0
2.2902002560473383e-6
2.140193480338874e-6
8.635207070767428e-5
0.0
0.0
0.0
0.0
0.000764546414165572
0.0005972441004201691
4.9065887470166723e-5
7.909030552907534e-7
0.0
0.0
0.0
0.0
0.0
0.0
0.0
0.0
0.0
0.0
0.0
0.0
3.7792381904337e-6
8.852719889251403e-6
0.00013836463777366253
0.0006049699437398667
0.0
0.0
0.0
0.0
0.0009432804718103178
0.0009474429322342456
0.000531176785057377
9.589361043377372e-5
1.7424234841808326e-7
0.0
0.0
0.0
0.0
0.0
6.733357421517605e-7
0.0
0.0
3.769149448686197e-7
3.253417042200049e-6
1.053805474192658e-6
0.00014556623795869785
0.00026391270092346867
0.0004007152670457746
0.000762446689803168
0.0
0.0
0.0
0.0
0.0008804825740964959
0.0007022728221014688
0.000393845518651073
0.00033913519350242086
0.0002958658435786017
0.0002664525163804494
0.0
5.562978120269877e-7
6.546278698621822e-7
6.249583058344447e-6
9.173412483622666e-5
7.962271370107048e-5
2.7371800792092213e-5
0.0
5.08231310116947e-6
1.0016305038678395e-6
0.00018527032305129334
0.00030606078698788906
0.00043548044832610126
0.000737898503489277
0.0
0.0
0.0
0.0
0.0008104667569614966
0.0006305863824033129
0.00031631820306727665
0.00025396871424080797
0.00025401283225807454
0.00026527909396431527
0.00011352021680029481
0.0
8.61267728117901e-5
0.000286013341971505
0.0004541238545281675
0.00040017108189841606
0.00025071821000927834
8.609346631870906e-5
0.00016192033021241367
0.00016226858281813503
0.00043937737411222315
0.0005954578239380457
0.0007196176221964512
0.0010543583182559728
0.0
0.0
0.0
0.0
0.0012910564269353042
0.0010871324007940908
0.0007046228219118657
0.00048218259667643336
0.0001884111862284361
0.00013633517917346
5.139040716933542e-7
1.9664993626439012e-7
5.118567525608727e-7
2.440981072669233e-6
6.013444262004551e-7
0.0
5.49045020042824e-6
0.0
3.024019946967875e-6
1.0765773141443785e-6
0.0002492300767345322
0.0003889514559404391
0.0005212387290794157
0.0009439626567190651
0.0
0.0
0.0
0.0
0.0014786876387392065
0.0012288745844260983
0.0005739911106266985
0.00028891334315205285
0.00016994157710907253
4.1846198563219136e-5
3.4649167222377404e-7
0.0
1.0146633921997852e-6
8.066472886851561e-7
0.0
0.0
5.761489573467436e-5
0.0
2.025374451886635e-6
8.248873894518414e-5
0.00018393704199073596
0.000368534562907787
0.0005706746276561895
0.0010028168499654697
0.0
0.0
0.0
0.0
0.0015662819078314221
0.001329439277115507
0.0007712961235875083
0.0005544453953892997
0.0006168218837525409
0.0004186792985166863
0.0003967894999480276
0.00030045006386322554
0.0002847651613218589
0.00031092460934638495
0.0003624078284104557
0.00031261204255660725
0.0003530023043281733
0.0002749506950944523
0.0002673006281520888
0.00023874410754414198
0.0005589707525225405
0.0008255636461719752
0.0009066022342875276
0.001275679860749013
0.0
0.0
0.0
0.0
0.0018152024716504194
0.001645315087353504
0.0009811010306054213
0.0005646578230792568
0.0004830544589438144
0.0001757055835716161
0.0
5.736959736580663e-7
3.521265799657634e-6
9.72859233299168e-7
8.06581754035332e-7
2.1857248962591785e-5
0.00013004557185761288
9.71843010411789e-5
0.00017486657296640986
0.0003046017483752599
0.0006486168307024619
0.0005172577963152355
0.0008587160732188867
0.0015364883070607988
0.0
0.0
0.0
0.0
0.00201825307148657
0.0017129478460194828
0.0010893234935243838
0.0006476502945110017
0.0002514908485919303
3.613965269870267e-5
4.940472559870133e-7
0.0
4.996697252649885e-7
3.5035375370448924e-6
9.653757443053005e-7
0.0
4.686440006337511e-5
1.36141195050007e-5
0.00018840607857413197
0.00019859537249970164
0.0004160839371739892
0.0006159919542818535
0.0007855834951706445
0.0010446553050518653
0.0
0.0
0.0
0.0
0.001570172640756052
0.0014178992597418864
0.000890121294145608
0.0005115671268847808
0.00025651205202445346
0.00011287741473199053
4.0149709195468885e-7
0.0
3.5827329605575698e-6
4.029840635719461e-6
4.044470312461971e-5
7.688107251646436e-5
4.9990358015599684e-5
0.0
2.8832182510710114e-6
7.333117634414327e-5
0.00040188533503558927
0.0005695339405816452
0.0006998920792056239
0.001071330885124408
0.0
0.0
0.0
0.0
0.0014881425697480144
0.0012151227284293857
0.0006449626955895223
0.00023661782173422328
7.171369169511309e-6
0.0
3.7152346069217985e-7
0.0
0.0
0.0
0.0
0.0
0.0
0.0
0.0
2.7575994069420377e-6
3.7380388027700064e-5
0.00015504710555477324
0.00041361502230702796
0.0009708865852081463
0.0
0.0
0.0
0.0
0.001711350450845135
0.001421367346369416
0.0007663895132534427
0.0002916251206909611
1.1266536511203323e-5
6.58141756800696e-7
0.0
0.0
0.0
0.0
0.0
0.0
0.0
0.0
4.765601657203814e-6
1.7948009665150499e-6
0.00021726495731714098
0.0004172083977204783
0.0005942867770940574
0.0009623544012065999
0.0
0.0
0.0
0.0
0.0015612181959991775
0.001338111257363749
0.0006758606104135754
0.00023844915841099678
1.5769096987176283e-5
1.660688592624569e-7
3.900396397544846e-7
0.0
1.0278092450452264e-6
0.0
0.0
0.0
5.108774084278664e-7
3.903275511051503e-7
2.235951482270233e-6
0.00013226736480312183
0.0002096471490148686
0.00035752361675661496
0.0005595208984708562
0.0009900436081465452
0.0
0.0
0.0
0.0
0.0012653183801324662
0.0010324753078934303
0.0004957780671949406
0.00013974183566138986
4.501059990748843e-5
5.116867147039962e-7
2.634596718250611e-7
0.0
0.0
0.0
0.0
0.0
0.0
3.167366494364348e-7
1.347198350167379e-5
0.00013089672073843527
0.0005548925465240386
0.0007916118570976766
0.0008523275844059878
0.0012951896921504528
0.0
0.0
0.0
0.0
0.0019736964520676178
0.0016538798716989559
0.001015358424146182
0.00059018060267218
0.00023021076711082346
2.2342980654763954e-5
6.310673582480484e-7
0.0
1.1432248587458026e-6
2.4643370645342208e-6
1.2790107268275913e-5
1.9416688225291557e-5
0.00011640283027916117
7.039378114386932e-5
0.0001602813138489293
0.0001857944212207008
0.0004912266509604051
0.0007153896407676264
0.0009365642156853956
0.0013536292788650455
0.0
0.0
0.0
0.0
0.0017703295028203227
0.0015460340871560822
0.0010396494196468554
0.0006750925485911103
0.00040622655687640196
0.0003637074585644863
4.260890700656369e-5
0.0
1.9537005544894217e-6
3.758575439135335e-6
0.00014137861348263546
0.00019731681766150402
0.00017970576381202147
0.0001046747644315168
0.00023924937203667634
0.0003284632395997199
0.0006348926326828378
0.0008095508597076823
0.0009651857327911092
0.0012600751717024017
0.0
0.0
0.0
0.0
0.0015943056202581073
0.0014394012834151608
0.0009624192408360903
0.0004963429600192784
5.139662333365325e-5
1.7769690508419609e-7
4.6811896512558676e-7
0.0
0.0
2.3787317942202427e-6
2.6489211076502503e-7
0.0
0.0
0.0
4.476434923883014e-6
0.0
0.0001517746414096844
0.00021605317368819727
0.0004269284788898174
0.0008061099214530814
0.0
0.0
0.0
0.0
0.0010205267074101148
0.0008045700991619313
0.0004328420103353678
0.00022419617872167433
3.655725255012639e-5
0.0
3.1777646227392316e-7
0.0
0.0
0.0
3.6486904328049245e-7
0.0
0.0
0.0
3.3761083846202993e-6
1.087620365647949e-6
0.00010322952132413551
0.00027134922233605613
0.0004633590782096907
0.0008696156392164771
0.0
0.0
0.0
0.0
0.0011849548453705967
0.0009229206557984028
0.00026321743256177324
0.0
4.0239311406562717e-7
1.3790712849405635e-7
0.0
0.0
0.0
0.0
0.0
0.0
0.0
0.0
1.3823306370848068e-6
5.258155058143281e-7
4.746925246342198e-6
7.781351534769851e-5
0.00021672233204624567
0.00047025637435756557
0.0
0.0
0.0
0.0
0.000887190705973708
0.00048321648461557425
6.435845638468492e-7
7.460552874798987e-7
1.9262315596422946e-7
0.0
0.0
0.0
0.0
0.0
0.0
0.0
0.0
0.0
0.0
0.0
0.0
0.0
4.173845088279956e-6
1.383501836345535e-5
0.0
0.0
0.0
0.0
0.000263456914001409
7.040466384425305e-5
0.0
0.0
1.538506723721414e-5
2.2041426418812605e-7
0.0
0.0
3.44112647427484e-6
2.888528308031584e-6
0.0
0.0
0.0
0.0
3.369818259958489e-6
1.140925104976567e-6
0.00012256611256880162
0.00015306342433046467
0.0001887989520272026
0.0005076570470985338
0.0
0.0
0.0
0.0
0.00040551707495211514
0.000280843559797805
0.00016472173692324348
5.1918337831053835e-5
3.2279488301225315e-7
6.799166152445929e-7
0.0
0.0
0.0
4.329210810432783e-6
3.443761171329756e-6
0.0
0.0
0.0
2.95920935407592e-6
9.63090877538715e-7
1.059656669610925e-5
0.00011242338287659363
0.0002947890286017606
0.0006278867532043645
0.0
0.0
0.0
0.0
0.0007006942336044574
0.0004000368871362617
5.154457655652974e-5
0.0
1.2972290871608228e-6
1.031118671169067e-5
0.0
7.070397963473814e-7
2.804378260492477e-7
3.694981907943059e-6
2.6198396791771103e-6
2.449566016668809e-7
0.0
0.0
1.5207388056600044e-6
0.0
3.7969539655187526e-6
1.4880047588866107e-5
0.00012665189392120524
0.0005400866919009633
0.0
0.0
0.0
0.0
0.0007751385431152386
0.0005175767647782197
8.155687742655714e-5
0.0
2.3135799078289761e-7
0.0
0.0
0.0
0.0
0.0
4.280796797194625e-7
0.0
0.0
0.0
3.105774352705465e-6
1.5285291320024073e-6
8.568390930994051e-5
0.0001693087056445837
0.00036554002822010575
0.0006512723285295342
0.0
0.0
0.0
0.0
0.0006947982204067359
0.0005181621838310367
0.00020117296321180318
0.00010244993940899652
1.2340893039901035e-5
5.657282903585529e-7
0.0
0.0
0.0
0.0
3.6163387585034756e-7
0.0
0.0
0.0
1.821602273462771e-6
6.848282768145758e-7
1.2962300752684795e-5
0.0002185015017470733
0.0004555958471120954
0.0008059857885182978
0.0
0.0
0.0
0.0
0.0009542596028299184
0.0007184616704160595
0.0002811287423565785
6.496257325541569e-5
1.0591725417880098e-6
0.0
5.384070789759242e-7
0.0
0.0
2.288120607534044e-6
3.5128417758003975e-6
0.0
0.0
0.0
4.167920064128359e-6
0.0
5.5811361855085526e-5
0.0002429637605352115
0.00041293804588956456
0.0007740265246133474
0.0
0.0
0.0
0.0
0.000979918763470067
0.0007747656080942806
0.00012878865168049032
4.237603102779246e-7
4.375039465124368e-7
0.0
0.0
0.0
0.0
0.0
0.0
0.0
0.0
0.0
1.9275916511460944e-6
5.860748360497578e-6
3.745347418667374e-6
5.028453728453398e-6
0.00023760148801888154
0.0
0.0
0.0
0.0
0.000762540853735997
0.0005594510854105651
0.0001473790194699489
4.976592177267418e-5
0.00018667396277568418
0.00012291479803806416
8.119679451412937e-6
6.087817329221499e-7
1.1648208543552e-6
7.463436525002001e-6
1.0603727815182362e-6
0.0
0.0
0.0
2.7447253058857995e-6
0.0
0.00018068762238575883
0.00036942148423938236
0.0004795729662237108
0.0008200395679478532
0.0
0.0
0.0
0.0
0.0009064355241477513
0.0006761636923104137
0.0003400774916581169
0.00018559161531311814
1.9946714341381134e-5
0.0
3.235711882094167e-7
0.0
0.0
0.0
0.0
0.0
0.0
0.0
1.0653234746443666e-6
5.798718191515163e-7
1.2399360285173353e-5
0.00020225161928608902
0.00038646646251062607
0.0007610142965398397
0.0
0.0
0.0
0.0
0.0012359750048631902
0.0009693396094913392
0.000571277770308151
0.0003371410855215189
0.0002133710012865189
5.516283250762406e-5
7.607829707022147e-7
0.0
2.2515650472935928e-7
3.25228193232014e-6
5.84371402178573e-7
0.0
0.0
3.2904006999343986e-7
2.7191232051376498e-6
1.0843625076716188e-6
0.00016246202327349632
0.0002252924115911716
0.0005191297191989026
0.0010026583259110523
0.0
0.0
0.0
0.0
0.0014301247622486243
0.001219294398792074
0.0008539030507307597
0.0006419993165285983
0.0003628134961601453
0.0001932640854840156
0.0
7.400662008790252e-7
3.2994865763072865e-6
5.2392482725244976e-6
8.760287785096768e-5
5.3453507463319614e-5
0.0
6.194332599817631e-7
3.371495422796532e-6
6.356515815326207e-7
0.0002241842089270385
0.00043670572127199765
0.0005502814587003775
0.0009372555968879761
0.0
0.0
0.0
0.0
0.0014024149528234435
0.0013321646393890853
0.0008632930245314491
0.0004973708740931701
9.871602908410445e-5
1.506999017198186e-7
5.177796938772372e-7
0.0
0.0
2.5578584529033777e-6
4.092790396343921e-7
0.0
0.0
0.0
2.098223425252258e-6
5.393021551353501e-7
7.206920923748119e-6
0.00013803553364586489
0.00041316372969495683
0.0008625134000363956
0.0
0.0
0.0
0.0
0.0011950911382377567
0.0012461145386424882
0.0008469842911124211
0.00042295013150063515
8.92858891467336e-5
0.0
3.7891019224932786e-7
0.0
0.0
0.0
0.0
0.0
0.0
0.0
1.2111186380947747e-6
1.5730105465826068e-6
0.00015581488422080608
0.0003152681316638577
0.0004176544113908614
0.0006473469771665901
0.0
0.0
0.0
0.0
0.0011936972557008015
0.0010671699778028662
0.0006274681703859344
0.0003493750202061676
0.00018820680863814113
0.00015595563716076525
0.0
0.0
1.4009158243502437e-6
0.0
0.0
0.0
0.0
0.0
2.129000132381662e-6
4.136732805333058e-6
7.286313698390997e-5
0.00020062555418427254
0.0004360591115916007
0.0009540057444756552
0.0
0.0
0.0
0.0
0.0013263082753498183
0.0011033516689738687
0.0005325716797382571
0.0002301301803644073
0.00013488429161453267
2.0426783824247462e-7
3.1899528881429056e-7
0.0
2.1738248717166453e-6
1.2536849503708403e-6
0.0
0.0
4.009174890278917e-6
4.83889334555448e-5
0.00015865718061719374
0.00016307248376764842
0.00034371178830497085
0.0004701333484037894
0.0004763579365770968
0.0007998932885626414
0.0
0.0
0.0
0.0
0.001706474007412855
0.0014936511526573422
0.0010347306275863058
0.0006423319154996612
0.0002706516798198296
7.201022735587714e-5
5.190537567279871e-7
0.0
0.0
4.983272248787348e-6
4.859194735633317e-7
0.0
0.0
0.0
2.7544521590034693e-6
6.282719390473948e-6
0.0003258116223512302
0.0005710414615560173
0.0007553431321940938
0.001134451427012344
0.0
0.0
0.0
0.0
0.0013782279132811472
0.0011834474234912987
0.0008178595154152418
0.0007456728291707175
0.000584341881039902
0.0006261309943276868
0.0005875504678615707
0.0005043117033651207
0.00039791351766340456
0.00041290168390051925
0.0005041263432227394
0.0007811591524010879
0.0005683332954712769
0.00022423459074006377
0.0003794390710786497
0.0004830892693788345
0.0007501933451612106
0.0008790600407930339
0.0011103021597252197
0.0015526014409324768
0.0
0.0
0.0
0.0
0.0019253535550286837
0.0016127009340069856
0.0011276663737451846
0.000742494742632211
0.00045220411169074736
0.00023438287943367093
2.6072305287364405e-7
6.252470514611195e-7
1.5775689993415788e-6
5.0581558917605436e-6
4.985218464428642e-7
0.0
0.0
0.0
3.2648456557982593e-6
1.1425420994920709e-6
0.00026689219686916763
0.0003446363036367322
0.0005315706416226128
0.0010760214381975975
0.0
0.0
0.0
0.0
0.0014298376371747914
0.0012988604659456666
0.0009777036005075826
0.000529814882358845
0.00018869072907751777
5.3020877550409825e-5
3.7263969102503493e-7
0.0
1.1990294735714848e-6
2.817173005168287e-6
0.00020712122902916247
0.00023200646101201853
9.132414970237377e-5
0.0
2.833488241701548e-6
1.0215334959432287e-6
0.00031339938156446526
0.0004892534460402271
0.0005629830042655141
0.0008343840170355893
0.0
0.0
0.0
0.0
0.001031140687888103
0.0008368776537042085
0.0005949626282405043
0.00043967996450136517
0.00011663918577242838
3.5900438602867217e-7
2.4097582170653073e-7
0.0
0.0
2.8427029068325657e-6
0.0
0.0
3.5281314799285827e-7
0.0
5.815172135023486e-7
2.7463643306684946e-6
0.00018114452896602804
0.0003692137223200551
0.00037513595797110724
0.0005717793165096409
0.0
0.0
0.0
0.0
0.001469027789955823
0.0012754508979031045
0.0007145136570548275
0.0001445043184037174
7.315448764976134e-7
2.1542640498997187e-7
0.0
0.0
0.0
0.0
0.0
0.0
0.0
0.0
0.0
0.0
0.0
2.8771226266205745e-6
6.1411692161283084e-6
0.00042421816213229844
0.0
0.0
0.0
0.0
0.0013309789639251105
0.0010223054949562087
0.00038972807864828433
3.6674103729197156e-5
7.954767423689972e-7
2.1212098621673283e-7
0.0
0.0
0.0
0.0
0.0
0.0
0.0
0.0
9.576530737698774e-7
1.5459924759345166e-6
0.00015467391069956342
0.00034738708786124654
0.0004390150960697151
0.0008500118325886479
0.0
0.0
0.0
0.0
0.001262676028370171
0.0010230292238296106
0.0006212903126044282
0.00038683644500159514
0.00014761435633553127
1.1477774354765568e-5
4.785814985245134e-7
0.0
0.0
0.0
0.0
0.0
0.0
0.0
1.9104239202067086e-6
1.1652644364221405e-6
0.00023871842962985588
0.0003663157207503614
0.00047468314679511415
0.0007425690178740096
0.0
0.0
0.0
0.0
0.0011216581803753492
0.0009800426139258262
0.0005786974479774662
0.00014192117759328975
5.364101420435583e-7
1.9938420025621094e-7
0.0
0.0
0.0
0.0
0.0
0.0
0.0
0.0
3.3590193316858836e-7
5.613254165754943e-7
6.9172192183154415e-6
2.4615404070322318e-5
0.00020920669405556695
0.0006540394846344488
0.0
0.0
0.0
0.0
0.0011380563180669317
0.0009851376800588387
0.00041527221264902643
1.0792306544278223e-5
2.843143136698955e-7
0.0
0.0
0.0
0.0
0.0
0.0
0.0
0.0
0.0
0.0
0.0
4.399649524505743e-6
3.49410949718762e-6
3.4457693010700886e-6
0.00019711002927386116
0.0
0.0
0.0
0.0
0.0005597099421629425
0.0005839021276814663
0.00011551790642942436
6.598205576106361e-7
3.5570350801623763e-7
0.0
0.0
0.0
0.0
0.0
0.0
0.0
0.0
0.0
0.0
0.0
4.207635911438506e-6
3.741781523072779e-6
3.3291942895192124e-5
0.00032406186385547587
0.0
0.0
0.0
0.0
0.0007144479108602455
0.0006568243752738039
4.706789287207595e-5
5.935489434303912e-7
0.0
0.0
0.0
0.0
0.0
0.0
0.0
0.0
0.0
0.0
0.0
0.0
6.1431769800684655e-6
0.00010129721625063116
0.0003406616709580107
0.0007116949672534245
0.0
0.0
0.0
0.0
0.0011287122216081628
0.0010148260977953635
0.0004496138036161908
0.00020123490189106498
0.0001239317158490045
1.2176610042353628e-5
3.6055260256290045e-7
0.0
2.271211073455131e-6
1.3213608647480155e-6
0.0
0.0
0.0
0.0
2.036852213351299e-6
7.086126396526398e-5
0.00017996480394834934
0.0003390303251726006
0.0005437191242249645
0.0009785340540015375
0.0
0.0
0.0
0.0
0.0012152799141196683
0.0010945114216125633
0.0005908172700392851
0.0003462857567243809
0.00035211269136533853
6.967578539468532e-5
2.411243363842905e-7
0.0
1.5833397506561436e-6
1.1466852867950522e-6
0.0
2.6240237809394185e-7
0.0
0.0
1.9267905197297095e-6
6.8000542339834245e-6
0.00026849351558910284
0.00044260814506941074
0.0004544652433484241
0.0007844798581378569
0.0
0.0
0.0
0.0
0.0013770328324946672
0.0011201773032019173
0.0006308276389415259
0.0003056479915540366
4.193061816968185e-5
0.0
3.82013101432481e-7
0.0
0.0
3.6055642314251256e-6
4.217720090361068e-7
0.0
0.0
0.0
2.1628726867186065e-6
1.1745221440404903e-6
0.00018196668092499194
0.0003370322504855613
0.0005914673445634619
0.0008699365920970278
0.0
0.0
0.0
0.0
0.0012055719974513018
0.001071940984657011
0.0005669919007112156
0.00015870108960578853
2.3349792084259467e-7
0.0
4.7232917437545547e-7
0.0
0.0
2.648400693030548e-6
8.506213237123347e-7
0.0
0.0
0.0
2.4187680670006348e-6
1.0937809486613199e-6
9.716335162641167e-5
0.0002953349525579963
0.0004747935844809946
0.0008582783735671514
0.0
0.0
0.0
0.0
0.0011938632728524673
0.0010218430896638286
0.0005710083010926889
0.0003419440642787391
8.22500315116237e-5
0.0
0.0
0.0
0.0
0.0
0.0
0.0
0.0
0.0
0.0
5.302674750131276e-7
4.17958562817737e-6
5.089579908429304e-5
0.0001830846982594457
0.0005013142350180945
0.0
0.0
0.0
0.0
0.00097477122823726
0.0008395964824769781
0.00041311348384734067
6.975699310141546e-5
1.4179155001084143e-7
1.7139141410537902e-7
0.0
0.0
0.0
0.0
0.0
0.0
0.0
0.0
6.071422592116734e-7
1.2923487650854104e-6
5.933233835906141e-5
0.00015843575935157292
2.7216917736497052e-5
7.990568838482099e-6
0.0
0.0
0.0
0.0
0.0008563008611079739
0.0007879141651513904
0.0002855263429075285
6.8272550518187255e-6
1.4079833837382248e-7
1.4399293740321994e-7
0.0
0.0
0.0
0.0
0.0
0.0
0.0
0.0
0.0
0.0
0.0
0.0
1.2494267227835256e-5
1.2433759649826724e-5
0.0
0.0
0.0
0.0
0.0008043310366505917
0.0006532127142063363
1.35931037429847e-5
7.077553165874245e-7
0.0
0.0
0.0
0.0
0.0
0.0
0.0
0.0
0.0
0.0
0.0
0.0
0.0
7.560722702650137e-7
6.6275286997876065e-6
0.00014104892649387016
0.0
0.0
0.0
0.0
0.0007078316777611768
0.00048802838115527715
0.0
6.393938604558694e-7
7.492180535715786e-7
0.0
0.0
0.0
0.0
0.0
0.0
0.0
0.0
0.0
0.0
1.025710517827005e-6
6.6154416390991894e-6
7.824275282203771e-5
0.00015286294231849507
0.0004468595332579392
0.0
0.0
0.0
0.0
0.0008466365312724389
0.0006475927520143797
0.00015872167351069772
0.0
1.3932375499563478e-7
0.0
0.0
0.0
0.0
0.0
0.0
0.0
0.0
0.0
0.0
0.0
3.5476514656719355e-6
2.546525314118732e-6
8.511418857166052e-6
0.0002699121272824281
0.0
0.0
0.0
0.0
0.0007425041798896521
0.0006083542727721561
0.0002403049062495964
8.294803443285424e-5
2.5060233564248077e-7
2.689491399333067e-7
0.0
0.0
0.0
0.0
0.0
0.0
0.0
0.0
0.0
0.0
0.0
0.0
0.0
3.8119562232882947e-6
0.0
0.0
0.0
0.0
0.0002991038587340821
0.0003904862681239989
6.659030593184763e-6
2.821330760608421e-7
0.0
0.0
0.0
0.0
0.0
0.0
0.0
0.0
0.0
0.0
0.0
0.0
2.6650139367090047e-6
1.5061082773192017e-6
8.1037195936212e-6
0.00010015313555689138
0.0
0.0
0.0
0.0
0.0006344978771975409
0.0005492267096997922
4.1093180572971595e-5
6.58042322635707e-7
0.0
0.0
0.0
0.0
0.0
0.0
0.0
0.0
0.0
0.0
0.0
0.0
3.187104400239841e-6
7.0422036313937825e-6
2.6808922636414925e-5
0.00039690370034354525
0.0
0.0
0.0
0.0
0.0008934844680247247
0.0007158908935547955
0.00011831369994623638
5.634847380121736e-7
1.8724156406968205e-7
0.0
0.0
0.0
0.0
0.0
0.0
0.0
0.0
0.0
0.0
0.0
5.431714101704091e-6
3.52363849475607e-6
4.7489378914889305e-5
0.0003894505223457649
0.0
0.0
0.0
0.0
0.0007891350629142868
0.0005915166389435313
3.5689501305761446e-5
1.6101582453734932e-7
3.300904801974976e-7
0.0
0.0
0.0
0.0
0.0
0.0
0.0
0.0
0.0
0.0
0.0
0.0
2.5458369004458835e-6
4.1791367971682266e-6
0.00012559204549198109
0.0
0.0
0.0
0.0
0.0006006347196671187
0.00046664654383933655
4.807605791705734e-7
7.069301578090804e-7
4.930084494870982e-7
0.0
0.0
0.0
0.0
0.0
0.0
0.0
0.0
0.0
0.0
0.0
2.781107638453134e-6
3.522479700766377e-6
5.4205676216524496e-6
8.476945441202526e-5
0.0
0.0
0.0
0.0
0.0006549702195369211
0.0005746486181523805
0.00021492550280969067
1.8811734949556044e-5
1.712982587358914e-7
1.924752273409309e-7
0.0
0.0
0.0
0.0
0.0
0.0
0.0
0.0
0.0
0.0
3.875281401342734e-6
5.40994717676924e-6
0.00014331914412469226
0.0004968163119303004
0.0
0.0
0.0
0.0
0.0007822176531760141
0.0006554831136727483
0.00031322791689335867
8.321607941791293e-5
2.2187645961756181e-7
3.6360436572033334e-7
0.0
0.0
0.0
0.0
0.0
0.0
0.0
0.0
0.0
0.0
5.860783676665857e-6
3.6757825266991376e-6
4.7755503584507495e-5
0.0003903325474710412
0.0
0.0
0.0
0.0
0.0007522000312488925
0.0005469126500469684
5.8930056902886516e-5
7.278346681854238e-7
0.0
0.0
0.0
0.0
0.0
0.0
0.0
0.0
0.0
0.0
0.0
3.265850623072298e-7
6.16622453174145e-6
8.186948253420047e-5
0.00019999830781682306
0.0004967784909985439
0.0
0.0
0.0
0.0
0.0005932234558857055
0.0004253773536635578
0.00011531839494919055
2.196494802449067e-5
1.1604897357604019e-6
0.0
0.0
0.0
0.0
0.0
0.0
0.0
0.0
0.0
0.0
0.0
4.243955926365339e-6
4.095963513516072e-6
0.00014521108963257576
0.000537269357689206
0.0
0.0
0.0
0.0
0.0008827677746315486
0.0007157782242942987
0.0003029135708874845
0.00011784081002728799
6.059142250550863e-7
3.4176650816375546e-7
4.3679669316281785e-7
0.0
3.7184119695049836e-6
3.9318825441153945e-6
1.390764740769104e-6
0.0
0.0
0.0
2.953701883082999e-6
2.67691799956935e-5
0.00023715072078489332
0.0004602671759344677
0.0006679970538759603
0.0009373759135011392
0.0
0.0
0.0
0.0
0.0012250748921975594
0.0010279165415914508
0.0004801297451549994
0.0002653853615281935
0.00021603999936584025
0.00024913365219532684
0.0003458347380753513
0.0002189255367300258
0.00025604219011807
0.0002526427469579949
5.0750565305082015e-5
7.768537299138123e-6
4.565225303421463e-5
2.2793762394954918e-7
1.148243379740477e-5
0.00016913089269529694
0.0002121216266573578
0.0003153197788745276
0.0004897012864857202
0.0009178846692969303
0.0
0.0
0.0
0.0
0.0014143585608117695
0.0012730332703497621
0.0007609910083264893
0.00047297824314269444
0.0006868204983117149
0.0005817081303235882
0.0004794881747107256
0.00031094315560883435
0.0001698667664248476
4.312150248299876e-5
0.00014942856340296939
1.971510968273351e-5
3.190367169422234e-5
2.707837582634547e-5
8.599069454646687e-5
8.717551721216977e-5
0.0004328152293109753
0.000611046938219613
0.0006339013144972042
0.0008818367675079402
0.0
0.0
0.0
0.0
0.0014355660640542206
0.0011299461894693978
0.0005932861745515853
0.00032357964080633215
0.00010078544148269595
0.0
3.8544122419727814e-7
0.0
0.0
2.388440231524838e-6
1.3034828930909093e-6
0.0
0.0
0.0
6.272673427992487e-7
7.863940644251057e-7
8.740533960139556e-6
9.382400546751835e-5
0.000266646729274171
0.0006144394664015534
0.0
0.0
0.0
0.0
0.0010052171320099551
0.0007517035693795262
0.00034767136617746956
8.625884959092758e-5
3.043334446881882e-7
1.928766232606859e-7
0.0
0.0
0.0
0.0
0.0
0.0
0.0
0.0
6.007308039540972e-7
7.167859114571565e-7
3.868748649553323e-5
0.0002713214521028289
0.00040940008233187215
0.0007031079653859294
0.0
0.0
0.0
0.0
0.0006983875435671294
0.0005226704500639554
0.00016983099416761972
4.221016756058676e-5
2.5940923035020683e-5
1.4847170398097003e-5
3.8008958349853954e-7
0.0
2.402035737945955e-6
1.7039847188309266e-6
2.7632907157486194e-7
0.0
0.0
0.0
9.5436777981265e-7
8.429152679563702e-7
7.686340874210005e-6
8.239728876579566e-5
0.0002642388498116463
0.0006093602929313563
0.0
0.0
0.0
0.0
0.0006065909701861952
0.00037872551154690244
7.741430341950532e-6
0.0
5.090793396319331e-7
0.0
0.0
0.0
0.0
0.0
2.423386465505319e-6
0.0
0.0
0.0
0.0
0.0
2.458525048443759e-6
2.9148700741539096e-6
6.87813206925106e-5
0.0003371819833359695
0.0
0.0
0.0
0.0
0.0004926697944909055
0.0003265309510743187
0.0
0.0
7.586658747023698e-7
0.0
0.0
0.0
1.3830179562603047e-7
4.986513074797829e-6
9.38951987073557e-5
0.00010305841229208856
2.0540585604023474e-5
0.0
2.721861646219095e-6
0.0
1.4823078382408266e-5
0.00018235756396059897
0.00040538394159110526
0.0007967138993690648
0.0
0.0
0.0
0.0
0.0009980756180843506
0.0007470883223691592
0.00015498014263913099
0.0
2.2897080041702575e-6
0.0
5.113548823649415e-7
0.0
0.0
5.001491370720417e-7
0.0
0.0
0.0
0.0
0.0
1.7947164860289866e-6
1.0624029212035277e-6
3.293120606172553e-6
8.124173198185285e-5
0.0004886281688002839
0.0
0.0
0.0
0.0
0.0007065142519124647
0.0005427619888077003
0.0002203747027055868
0.00016816358774283274
0.0004295701649538564
0.00029654328276231895
0.00022418318081564542
2.5690931024100493e-5
3.7680361252066937e-7
2.500553466077444e-5
0.00012533012946951055
3.972928952790826e-5
0.0
0.0
2.8251243745541476e-6
0.0
1.599930927293847e-5
0.00012171890591066562
0.0001344223280887668
0.00041416455307234976
0.0
0.0
0.0
0.0
0.0006117948296462034
0.0004745968975974609
7.752109749370514e-5
2.7888747180976034e-7
0.0
0.0
0.0
0.0
0.0
0.0
0.0
0.0
0.0
0.0
0.0
0.0
5.9585812526367724e-6
2.7030081096867234e-6
0.00017907149959723437
0.0005475463516262472
0.0
0.0
0.0
0.0
0.0008547824197403162
0.0006166197619299957
0.00014968760857146898
0.0
1.5991250356365528e-7
0.0
0.0
0.0
0.0
0.0
0.0
0.0
0.0
0.0
0.0
0.0
5.967566719764627e-6
7.67109198002681e-5
0.0002835758481783598
0.000653342407013472
0.0
0.0
0.0
0.0
0.0007092663413081348
0.0004960995048091104
0.00011637407393382028
0.0
1.4025044809648403e-7
0.0
0.0
0.0
0.0
0.0
0.0
0.0
0.0
0.0
0.0
6.356085368195203e-7
4.301494392411307e-6
2.1555279698277153e-5
0.0001508524806504292
0.00047455611949063386
0.0
0.0
0.0
0.0
0.0005743532468974454
0.00039764881333393396
8.084423273395286e-5
5.502549991543404e-6
5.333205611478624e-7
0.0
0.0
0.0
0.0
0.0
0.0
0.0
0.0
0.0
0.0
6.170912863885002e-7
4.319405348018641e-6
1.5198612132973854e-5
0.00014507483680895712
0.0004688393038636046
0.0
0.0
0.0
0.0
0.0005848537194841641
0.00040757178063528587
3.1401999988434085e-5
5.619479390885065e-7
5.635839875351691e-7
0.0
0.0
0.0
0.0
0.0
0.0
0.0
0.0
0.0
3.501287034688722e-7
1.190431983012975e-6
6.295530331968645e-6
0.00011536573171768505
0.00025711419927413806
0.0005747754402023179
0.0
0.0
0.0
0.0
0.0006211622370598679
0.00044520349518649394
5.3997122833356935e-6
0.0
5.087966061924306e-7
0.0
0.0
0.0
0.0
0.0
0.0
0.0
0.0
0.0
0.0
3.2868330159833883e-6
1.0658801083200828e-6
3.6707406912657563e-6
0.00020097106009518307
0.0006648298126352532
0.0
0.0
0.0
0.0
0.0008178150894677744
0.0006375155663589316
0.00014575698184742054
0.0
1.35089686477697e-6
2.1558899978099972e-7
0.0
0.0
0.0
0.0
0.0
0.0
0.0
0.0
0.0
7.094774015257124e-7
7.199154823441687e-6
0.00013267394347266675
0.0001734384786293255
0.0004899966530955736
0.0
0.0
0.0
0.0
0.0006976452544960331
0.0005239935521056046
4.721996426945875e-5
0.0
3.022976683899259e-7
0.0
0.0
0.0
0.0
0.0
0.0
0.0
0.0
0.0
0.0
0.0
4.395396223608096e-6
3.818097324055274e-6
5.6900797296044074e-5
0.0004310013561087768
0.0
0.0
0.0
0.0
0.0007666409041984262
0.0005723384980126121
3.830494315232707e-5
2.0601022954204636e-7
1.69964232139738e-7
0.0
0.0
0.0
0.0
0.0
0.0
0.0
0.0
0.0
0.0
0.0
3.4948828887573533e-6
3.7285248724508612e-6
2.829594789468734e-6
0.0003143479801927101
0.0
0.0
0.0
0.0
0.000847720260162917
0.0006154784842526811
7.556979531387358e-5
0.0
3.099440854594259e-7
0.0
0.0
0.0
0.0
0.0
0.0
0.0
0.0
0.0
0.0
0.0
2.7026454255866653e-6
1.8266455498391724e-6
5.805813847840444e-6
0.0002543977519766386
0.0
0.0
0.0
0.0
0.000585993871503372
0.00040122751638621286
4.975265117132387e-7
5.169252042150225e-7
0.0
0.0
0.0
0.0
0.0
0.0
0.0
0.0
0.0
0.0
0.0
0.0
1.8665851604070178e-6
3.4849917158782506e-6
4.337260614903999e-6
0.00011473509985993292
0.0
0.0
0.0
0.0
0.0005600099773701169
0.00038962669519415844
2.748433010982872e-5
6.591527411973061e-7
0.0
0.0
0.0
0.0
0.0
0.0
0.0
0.0
0.0
0.0
0.0
0.0
0.0
1.3270207418358027e-6
5.739770100944259e-6
3.737257893909892e-5
0.0
0.0
0.0
0.0
0.0004054051070989392
0.0002401149998303763
5.473807794346893e-7
0.0
7.860315395158652e-7
0.0
0.0
0.0
0.0
0.0
0.0
0.0
0.0
0.0
0.0
0.0
0.0
1.530943231229188e-6
9.360890455152464e-6
0.00012483134970442823
0.0
0.0
0.0
0.0
0.0005904745888218471
0.0004210165168044385
5.06621654346501e-6
1.3816169241685944e-7
7.022312723304619e-7
0.0
0.0
0.0
0.0
0.0
0.0
0.0
0.0
0.0
0.0
0.0
5.836638574468565e-6
1.3712102140054644e-5
9.427071294857858e-5
0.00045412889744164686
0.0
0.0
0.0
0.0
0.0005625124220811658
0.000388978047387439
6.949078983314577e-5
2.426502577849044e-7
7.370736299963609e-7
0.0
0.0
0.0
0.0
0.0
0.0
0.0
0.0
0.0
0.0
0.0
3.8458153233399426e-6
3.674369759970047e-6
4.923348632050191e-5
0.00029812221489859594
0.0
0.0
0.0
0.0
0.00036325520596888544
0.00018995184240850536
7.66396470230857e-7
0.0
6.393445974301008e-7
0.0
0.0
0.0
0.0
0.0
0.0
0.0
0.0
0.0
0.0
0.0
3.865749403591634e-6
3.6954505182902696e-6
4.5466430241706494e-5
0.00029505823943455894
0.0
0.0
0.0
0.0
0.00045747982862758387
0.00028584793129330505
0.0
0.0
6.19739115766494e-7
0.0
0.0
0.0
0.0
0.0
0.0
0.0
0.0
0.0
0.0
0.0
4.350681707220741e-6
5.395146968436389e-6
0.0001415425766372833
0.00040370810250454475
0.0
0.0
0.0
0.0
0.0005289955129973017
0.00039257661048607847
2.7439992525361485e-5
0.0
7.175278657920604e-7
3.3954543801229724e-7
0.0
0.0
0.0
0.0
0.0
0.0
0.0
0.0
0.0
0.0
4.222154385895351e-6
5.375710539969133e-6
0.00018828647662612674
0.0005464936597194009
0.0
0.0
0.0
0.0
0.0007537740212118972
0.0006140768754934452
0.00018099750700459338
2.7294269783571778e-5
6.367341371529058e-5
0.00020485648040128362
2.1161862857755176e-7
0.0
0.0
2.4188452808371773e-6
2.6281794402864827e-7
0.0
0.0
0.0
3.5553042463096756e-7
8.125048147690021e-7
5.854462657372813e-6
0.000126252700060444
0.0003311566760339492
0.000687928281563689
0.0
0.0
0.0
0.0
0.0010539596783211917
0.0008862788881660326
0.00016065306166444964
0.0
3.370101917672457e-7
0.0
0.0
0.0
0.0
0.0
0.0
0.0
0.0
0.0
0.0
0.0
1.0605163822803037e-6
1.3369640180145243e-6
1.5062672271727655e-5
0.000447251656143242
0.0
0.0
0.0
0.0
0.0010522651931997
0.0008401212925051401
0.00010152371623556867
4.654422526302335e-7
1.3745622693979202e-6
0.0
0.0
0.0
0.0
0.0
0.0
0.0
0.0
0.0
0.0
0.0
6.429458356118765e-6
3.763621460948503e-5
0.00012189548017152701
0.0004791931117730813
0.0
0.0
0.0
0.0
0.0008824052138196983
0.0006318568588639812
4.4630968701415894e-5
3.011019437757824e-7
2.8929885618301815e-7
0.0
0.0
0.0
0.0
0.0
0.0
0.0
0.0
0.0
0.0
0.0
3.871505797733168e-6
2.5493838576557245e-6
4.449382765110092e-6
0.00024897516655960516
0.0
0.0
0.0
0.0
0.0004640368400330338
0.00023547553965478624
4.898835200043251e-7
0.0
3.5726633371917307e-7
0.0
0.0
0.0
0.0
0.0
0.0
0.0
0.0
0.0
0.0
0.0
3.5361080150117114e-6
1.8944581331618592e-6
5.6557311385960515e-5
0.00044998283841374195
0.0
0.0
0.0
0.0
0.0005081479657404239
0.00024399601824425763
0.0
0.0
7.875172105102757e-7
0.0
0.0
0.0
0.0
0.0
0.0
0.0
0.0
0.0
0.0
0.0
5.3338310436513935e-6
3.934702813147768e-6
3.521120447312715e-5
0.00035198254014671287
0.0
0.0
0.0
0.0
0.0004617689923615506
0.000292001802744406
0.0
0.0
8.847302768966411e-7
0.0
0.0
0.0
0.0
0.0
0.0
0.0
0.0
0.0
0.0
0.0
4.368032780498418e-6
1.071556410609936e-5
0.00015782100041503958
0.0004824877695373971
0.0
0.0
0.0
0.0
0.0006795674094294192
0.0004514504189443347
4.713353775549281e-5
0.0
7.41834819954417e-7
0.0
0.0
0.0
0.0
0.0
0.0
0.0
0.0
0.0
0.0
0.0
5.332760623306776e-6
2.5559430360885113e-6
4.6732392399180856e-5
0.0004247847016380616
0.0
0.0
0.0
0.0
0.0007445830650612042
0.0005332891170421834
5.021751725374261e-5
5.176149635099459e-7
7.105297127294129e-7
0.0
0.0
0.0
0.0
0.0
0.0
0.0
0.0
0.0
0.0
0.0
0.0
1.7971603592610674e-6
3.7174095192845346e-6
1.1574458312100754e-5
0.0
0.0
0.0
0.0
0.00020829338740246755
6.41579738404664e-5
1.249445263433168e-6
0.0
0.0
0.0
0.0
0.0
0.0
0.0
0.0
0.0
0.0
0.0
0.0
0.0
0.0
0.0
1.0048860693028573e-6
1.1085505962281756e-5
0.0
0.0
0.0
0.0
0.00019089195069854685
0.0
1.8979080971970896e-6
0.0
0.0
0.0
0.0
0.0
0.0
0.0
0.0
0.0
0.0
0.0
0.0
0.0
0.0
0.0
0.0
1.0206813247573654e-5
0.0
0.0
0.0
0.0
2.8877924883978796e-5
6.710930265974761e-7
7.786280058276343e-7
0.0
0.0
0.0
0.0
0.0
0.0
0.0
0.0
0.0
0.0
0.0
0.0
0.0
0.0
0.0
1.3966610021883737e-6
1.0618461568848918e-5
0.0
0.0
0.0
0.0
3.786353093848116e-6
8.704870355241106e-7
7.008951066742338e-7
0.0
0.0
0.0
0.0
0.0
0.0
0.0
0.0
0.0
0.0
0.0
0.0
0.0
0.0
1.2575094453996472e-6
5.631808649031036e-6
9.002361321550595e-5
0.0
0.0
0.0
0.0
0.0004415735624970262
0.00024096359014219248
5.433287244713884e-7
0.0
5.225504601548646e-7
0.0
0.0
0.0
0.0
0.0
0.0
0.0
0.0
0.0
0.0
0.0
3.531711461733116e-6
3.6915928825397317e-6
6.199045900242482e-5
0.0004844236235500129
0.0
0.0
0.0
0.0
0.0008192972241035031
0.0006832921992333715
8.313226764940873e-5
3.323579348757233e-7
1.384960939698989e-7
0.0
0.0
0.0
0.0
0.0
0.0
0.0
0.0
0.0
0.0
0.0
5.875586088509291e-6
3.9757729639965025e-6
0.00013167887912549908
0.0004577603425890365
0.0
0.0
0.0
0.0
0.000610308578113366
0.0003586657026781272
0.0
5.035895869156673e-7
4.536944235087618e-7
0.0
0.0
0.0
0.0
0.0
0.0
0.0
0.0
0.0
0.0
0.0
0.0
4.696683267692007e-6
7.974821594784507e-6
0.0002538758879947059
0.0
0.0
0.0
0.0
0.00037346346760128683
0.0002063272378773699
8.894715103261209e-7
0.0
4.774698294682398e-6
0.0
0.0
0.0
0.0
0.0
0.0
0.0
0.0
0.0
0.0
1.0588479154220975e-6
6.606104184139377e-6
0.0001154270241499699
0.00014880711351671565
0.00040409826874599814
0.0
0.0
0.0
0.0
0.00045924680692467455
0.0002821221240229383
0.0
0.0
1.6991496185602947e-6
0.0
2.9312311053853484e-7
0.0
0.0
0.0
0.0
0.0
0.0
0.0
0.0
4.866990795748315e-7
4.4764177806287514e-6
3.76034884225768e-6
0.00018592272466457692
0.0005426007698317774
0.0
0.0
0.0
0.0
0.0005499845749875205
0.0003053750770428463
0.0
0.0
5.669585617993358e-7
0.0
0.0
0.0
0.0
0.0
0.0
0.0
0.0
0.0
0.0
0.0
2.8184428253176346e-6
3.7366170352276e-6
4.406670645658201e-6
0.00029225148400904475
0.0
0.0
0.0
0.0
0.0003529004870427809
0.00018040569515823083
0.0
0.0
4.551113067478709e-7
0.0
0.0
0.0
0.0
0.0
0.0
0.0
0.0
0.0
0.0
0.0
2.745840923842064e-6
3.3917365177808114e-6
3.548128456520525e-6
0.00012447263579431914
0.0
0.0
0.0
0.0
0.00035302902428909725
0.0001598410781761879
5.39197955019872e-7
0.0
1.5795760200686803e-6
0.0
0.0
0.0
0.0
0.0
0.0
0.0
0.0
0.0
0.0
3.196950314540601e-7
4.935166350585483e-6
3.0474170090959676e-6
1.1523079771014931e-5
0.0002521443913469258
0.0
0.0
0.0
0.0
0.0003472541688513979
0.0001225171864082213
9.884308590420742e-7
0.0
7.602375122218641e-7
0.0
0.0
0.0
0.0
0.0
0.0
0.0
0.0
0.0
0.0
0.0
4.853534172428269e-6
2.6064290257135277e-6
6.7671597286726736e-6
0.0003033550927639651
0.0
0.0
0.0
0.0
0.0006148205469601788
0.00033370141750318924
4.4639757611916046e-7
0.0
5.703261421189808e-7
0.0
0.0
0.0
0.0
0.0
0.0
0.0
0.0
0.0
0.0
0.0
0.0
3.215948647943551e-6
4.213668019236754e-6
0.00021934398706685782
0.0
0.0
0.0
0.0
0.0002919793556779144
0.00012129009442901772
1.3544319160620475e-6
0.0
4.06031729767412e-6
0.0
0.0
0.0
0.0
0.0
0.0
0.0
0.0
0.0
0.0
0.0
6.276554883334355e-6
2.6696145880988193e-6
2.9184769664644843e-5
0.0002951817248643229
0.0
0.0
0.0
0.0
0.00027350350124634605
0.00010272296172478885
9.540966160133582e-7
0.0
7.508591372866905e-7
0.0
0.0
0.0
0.0
0.0
0.0
0.0
0.0
0.0
0.0
0.0
2.766781528437853e-6
3.8296631001389154e-6
4.331696579397677e-6
0.00021248253556206567
0.0
0.0
0.0
0.0
0.0002492728859032868
7.67010809174596e-5
1.0231221709446069e-6
0.0
2.6600705760377176e-7
0.0
0.0
0.0
0.0
0.0
0.0
0.0
0.0
0.0
0.0
0.0
1.8867362201618265e-6
5.003917001362257e-6
4.69788462998362e-6
0.0001985429999788952
0.0
0.0
0.0
0.0
0.0004834983727469989
0.0002895950937456708
0.0
0.0
5.267252433028569e-7
0.0
0.0
0.0
0.0
0.0
0.0
0.0
0.0
0.0
0.0
0.0
3.6505096103032153e-6
3.488468552678235e-6
4.287587992614469e-6
0.0002253193324518746
0.0
0.0
0.0
0.0
0.00034076553807920205
0.00011627516437273402
9.854312569574625e-7
1.8355999268552738e-7
0.0
0.0
0.0
0.0
0.0
0.0
0.0
0.0
0.0
0.0
0.0
0.0
1.8546526609377815e-6
2.9638476925610773e-6
4.277971398250265e-6
1.053264046385089e-5
0.0
0.0
0.0
0.0
0.00019326889943368136
2.0695154100499353e-5
1.3749092444126575e-6
0.0
5.05855223334766e-7
0.0
0.0
0.0
0.0
0.0
0.0
0.0
0.0
0.0
0.0
0.0
0.0
0.0
2.826505549889763e-6
1.1744388586952126e-5
0.0
0.0
0.0
0.0
7.982123574021544e-5
0.0
1.7911896710542127e-6
0.0
0.0
0.0
0.0
0.0
0.0
0.0
0.0
0.0
0.0
0.0
0.0
0.0
0.0
2.6149269247549096e-6
4.2439490245482684e-6
0.00028865844875104876
0.0
0.0
0.0
0.0
0.0003657164152261153
0.00014698337687083976
9.658694367383106e-7
0.0
1.6595932504494673e-6
0.0
0.0
0.0
0.0
0.0
0.0
0.0
0.0
0.0
0.0
0.0
2.879486078006636e-6
5.268578369634488e-6
6.759734322843572e-6
0.0002925421154420746
0.0
0.0
0.0
0.0
0.0004580029370075215
0.0001673324569379177
9.638096783676347e-7
0.0
0.0
0.0
0.0
0.0
0.0
0.0
0.0
0.0
0.0
0.0
0.0
0.0
1.856426048576521e-6
2.9547320566987692e-6
5.954303551512595e-6
0.0001525793165394637
0.0
0.0
0.0
0.0
0.0004231818167514484
0.00019588930483057193
5.432010818871418e-7
0.0
3.491128732844328e-7
0.0
0.0
0.0
0.0
0.0
0.0
0.0
0.0
0.0
0.0
0.0
1.924282260828091e-6
3.6620799530827e-6
4.30902996505997e-6
0.00010669582424033243
0.0
0.0
0.0
0.0
0.0004185868692315155
0.00019529040517033018
6.174075338981674e-7
0.0
1.036601328716741e-6
0.0
0.0
0.0
0.0
0.0
0.0
0.0
0.0
0.0
0.0
0.0
1.8438653695622974e-6
2.88268245058625e-6
4.201251515813446e-6
1.7302338949289034e-5
0.0
0.0
0.0
0.0
3.5630337007932238e-6
0.0
1.2256254969444552e-6
0.0
0.0
0.0
0.0
0.0
0.0
0.0
0.0
0.0
0.0
0.0
0.0
0.0
0.0
1.52183334462308e-6
4.181692291711042e-6
1.1320798380239627e-5
0.0
0.0
0.0
0.0
0.00013385912017100523
0.0
1.4866289457170614e-6
0.0
6.962351036252885e-7
0.0
0.0
0.0
0.0
0.0
0.0
0.0
0.0
0.0
0.0
0.0
0.0
1.6471454865947475e-6
4.533312461591023e-6
1.739276521721237e-5
0.0
0.0
0.0
0.0
0.0002669476399824536
4.533601545340929e-5
1.2533624859033205e-6
0.0
1.8739228351606653e-7
0.0
0.0
0.0
0.0
0.0
0.0
0.0
0.0
0.0
0.0
0.0
0.0
0.0
7.882143730975367e-6
1.0842202249514544e-5
0.0
0.0
0.0
0.0
0.00020252056786532226
6.633398453274573e-6
1.8917235223372794e-6
0.0
7.744419718081557e-7
0.0
0.0
0.0
0.0
0.0
0.0
0.0
0.0
0.0
0.0
0.0
3.4803718580437644e-6
3.8016083866312084e-6
5.6582091618873856e-6
0.0001516109397344214
0.0
0.0
0.0
0.0
0.00024656657223837754
7.635123147784461e-5
1.0197254656730421e-6
0.0
1.391085064628189e-7
0.0
0.0
0.0
0.0
0.0
0.0
0.0
0.0
0.0
0.0
0.0
2.0604585305989066e-6
3.775166894477935e-6
3.7190169517060296e-6
0.00020342489973691698
0.0
0.0
0.0
0.0
0.00024887879930973956
3.0109253274369785e-5
1.1824157769975722e-6
1.926669632448918e-7
0.0
0.0
0.0
0.0
0.0
0.0
0.0
0.0
0.0
0.0
0.0
0.0
1.861669122492764e-6
1.724391406135451e-6
4.303328120627694e-6
8.513969354375251e-5
0.0
0.0
0.0
0.0
0.0003217110549299286
6.56564258736589e-5
1.236018314442714e-6
0.0
0.0
0.0
0.0
0.0
0.0
0.0
0.0
0.0
0.0
0.0
0.0
0.0
0.0
0.0
9.586012216316626e-7
1.1573363814749868e-5
0.0
0.0
0.0
0.0
0.0001376562081539021
5.502901826474761e-7
6.167117337714019e-7
0.0
0.0
0.0
0.0
0.0
0.0
0.0
0.0
0.0
0.0
0.0
0.0
0.0
0.0
0.0
1.986133711263855e-6
1.0523904062127272e-5
0.0
0.0
0.0
0.0
0.00028543667918781257
4.424543612239888e-5
1.0013605259191702e-6
0.0
0.0
0.0
0.0
0.0
0.0
0.0
0.0
0.0
0.0
0.0
0.0
0.0
0.0
0.0
3.471544732070241e-6
1.1645336334765588e-5
0.0
0.0
0.0
0.0
9.290503632447276e-5
0.0
1.6191438992723357e-6
0.0
1.9636965881500868e-7
0.0
0.0
0.0
0.0
0.0
0.0
0.0
0.0
0.0
0.0
0.0
0.0
2.459075747060012e-6
4.021739665674473e-6
9.695089420699933e-5
0.0
0.0
0.0
0.0
0.0003648930134498847
0.00020256396966907039
9.084971568088508e-7
0.0
1.7960994642368965e-6
0.0
0.0
0.0
0.0
0.0
0.0
0.0
0.0
0.0
0.0
0.0
0.0
0.0
4.193680449902769e-6
1.1551317754281529e-5
0.0
0.0
0.0
0.0
0.00025017096336605845
5.628784839297235e-5
9.053420724240867e-7
0.0
0.0
0.0
0.0
0.0
0.0
0.0
0.0
0.0
0.0
0.0
0.0
0.0
0.0
0.0
3.2374179431460845e-6
5.268882359257688e-5
0.0
0.0
0.0
0.0
0.00028149225028121155
5.721329316685189e-5
1.1287202140516827e-6
0.0
9.67086103799599e-7
0.0
0.0
0.0
0.0
0.0
0.0
0.0
0.0
0.0
0.0
0.0
2.7070137087051272e-6
1.6025596912247506e-6
4.6452540758622895e-6
2.9641129547842017e-5
0.0
0.0
0.0
0.0
8.439211409245475e-6
0.0
1.107907374360622e-6
0.0
0.0
0.0
0.0
0.0
0.0
0.0
0.0
0.0
0.0
0.0
0.0
0.0
0.0
0.0
1.5357848026791172e-6
1.1490315329924298e-5
0.0
0.0
0.0
0.0
1.86177853545429e-5
0.0
1.1063808302287567e-6
0.0
9.089506477057873e-7
0.0
0.0
0.0
0.0
0.0
0.0
0.0
0.0
0.0
0.0
0.0
0.0
0.0
3.2648899592316995e-6
1.0817699492485744e-5
0.0
0.0
0.0
0.0
7.1287188006128745e-6
0.0
1.1317484191939425e-6
0.0
0.0
0.0
0.0
0.0
0.0
0.0
0.0
0.0
0.0
0.0
0.0
0.0
0.0
0.0
3.0136287078296335e-6
1.087372972473086e-5
0.0
0.0
0.0
0.0
4.722731718201548e-6
0.0
4.169057629127435e-7
0.0
0.0
0.0
0.0
0.0
0.0
0.0
0.0
0.0
0.0
0.0
0.0
0.0
0.0
0.0
0.0
1.0775677616675306e-5
0.0
0.0
0.0
0.0
8.825032516538054e-6
8.718977291919941e-7
7.900580850458602e-7
0.0
0.0
0.0
0.0
0.0
0.0
0.0
0.0
0.0
0.0
0.0
0.0
0.0
0.0
0.0
1.2924842466319392e-6
9.878890102739857e-6
0.0
0.0
0.0
0.0
4.716430194703049e-6
9.368782552329446e-7
0.0
0.0
0.0
0.0
0.0
0.0
0.0
0.0
0.0
0.0
0.0
0.0
0.0
0.0
0.0
0.0
0.0
1.0634878806535384e-5
0.0
0.0
0.0
0.0
4.1942522158995064e-6
8.979523650147692e-7
0.0
0.0
0.0
0.0
0.0
0.0
0.0
0.0
0.0
0.0
0.0
0.0
0.0
0.0
0.0
0.0
0.0
1.0801993281309966e-5
0.0
0.0
0.0
0.0
4.002898787957174e-6
8.992888196337814e-7
0.0
0.0
0.0
0.0
0.0
0.0
0.0
0.0
0.0
0.0
0.0
0.0
0.0
0.0
0.0
0.0
1.2932292722367305e-6
1.0865645366658927e-5
0.0
0.0
0.0
0.0
5.210801870253072e-6
9.034747081073702e-7
0.0
0.0
0.0
0.0
0.0
0.0
0.0
0.0
0.0
0.0
0.0
0.0
0.0
0.0
0.0
0.0
3.408481899514774e-6
1.0167176321167537e-5
0.0
0.0
0.0
0.0
8.42968117468993e-6
0.0
1.1901826572906235e-6
0.0
0.0
0.0
0.0
0.0
0.0
0.0
0.0
0.0
0.0
0.0
0.0
0.0
0.0
0.0
1.2759102045389703e-6
1.0460802418947351e-5
0.0
0.0
0.0
0.0
4.752373159647265e-6
0.0
0.0
0.0
0.0
0.0
0.0
0.0
0.0
0.0
0.0
0.0
0.0
0.0
0.0
0.0
0.0
0.0
1.0797313119671397e-6
1.0100337138886271e-5
0.0
0.0
0.0
0.0
5.071600863667587e-6
0.0
0.0
0.0
7.268839008847092e-7
0.0
0.0
0.0
0.0
0.0
0.0
0.0
0.0
0.0
0.0
0.0
0.0
0.0
2.762163664117553e-6
1.0361357608979748e-5
0.0
0.0
0.0
0.0
4.278206205189456e-6
8.242342189807814e-7
6.810137407439366e-7
0.0
0.0
0.0
0.0
0.0
0.0
0.0
0.0
0.0
0.0
0.0
0.0
0.0
0.0
0.0
1.2872218859498223e-6
1.1427670801482365e-5
0.0
0.0
0.0
0.0
6.316288225183061e-5
0.0
9.750156011413604e-7
0.0
0.0
0.0
0.0
0.0
0.0
0.0
0.0
0.0
0.0
0.0
0.0
0.0
0.0
0.0
1.744783187566682e-6
1.1136302503675451e-5
0.0
0.0
0.0
0.0
3.7111315860264624e-5
0.0
1.1691877294333027e-6
0.0
0.0
0.0
0.0
0.0
0.0
0.0
0.0
0.0
0.0
0.0
0.0
0.0
0.0
0.0
0.0
1.0591650903029506e-5
0.0
0.0
0.0
0.0
3.2753186841784154e-6
8.374322633823918e-7
0.0
0.0
0.0
0.0
0.0
0.0
0.0
0.0
0.0
0.0
0.0
0.0
0.0
0.0
0.0
0.0
0.0
1.0794275071794781e-5
0.0
0.0
0.0
0.0
4.7934428024402e-6
8.607221230271623e-7
6.148390531587994e-7
0.0
0.0
0.0
0.0
0.0
0.0
0.0
0.0
0.0
0.0
0.0
0.0
0.0
0.0
0.0
1.5782849631869139e-6
1.0923493296750301e-5
0.0
0.0
0.0
0.0
4.852222342354519e-6
7.910442205784765e-7
1.0046102501640821e-6
0.0
0.0
0.0
0.0
0.0
0.0
0.0
0.0
0.0
0.0
0.0
0.0
0.0
0.0
0.0
0.0
9.105684602395142e-6
0.0
0.0
0.0
0.0
3.850771709594203e-6
5.92382275059669e-7
3.575633568812506e-7
0.0
0.0
0.0
0.0
0.0
0.0
0.0
0.0
0.0
0.0
0.0
0.0
0.0
0.0
0.0
0.0
9.56301121997393e-6
0.0
0.0
0.0
0.0
1.9810290694886788e-6
9.183619817206474e-7
0.0
0.0
0.0
0.0
0.0
0.0
0.0
0.0
0.0
0.0
0.0
0.0
0.0
0.0
0.0
0.0
0.0
1.1735051847141333e-5
0.0
0.0
0.0
0.0
3.413377131334382e-6
0.0
0.0
0.0
0.0
0.0
0.0
0.0
0.0
0.0
0.0
0.0
0.0
0.0
0.0
0.0
0.0
0.0
0.0
1.0650967046640612e-5
0.0
0.0
0.0
0.0
3.2835274665672303e-6
8.334848404303852e-7
0.0
0.0
0.0
0.0
0.0
0.0
0.0
0.0
0.0
0.0
0.0
0.0
0.0
0.0
0.0
0.0
0.0
9.842290701638675e-6
0.0
0.0
0.0
0.0
3.359087229230651e-6
8.433381818295253e-7
0.0
0.0
0.0
0.0
0.0
0.0
0.0
0.0
0.0
0.0
0.0
0.0
0.0
0.0
0.0
0.0
0.0
6.438379850795798e-6
0.0
0.0
0.0
0.0
8.756313415542562e-7
0.0
0.0
0.0
0.0
0.0
0.0
0.0
0.0
0.0
0.0
0.0
0.0
0.0
0.0
0.0
0.0
0.0
0.0
3.8620209436893585e-6
0.0
0.0
0.0
0.0
4.82261069620406e-7
0.0
0.0
0.0
0.0
0.0
0.0
0.0
0.0
0.0
0.0
0.0
0.0
0.0
0.0
0.0
0.0
0.0
0.0
6.031267309442694e-6
0.0
0.0
0.0
0.0
2.3078318341898495e-6
0.0
0.0
0.0
0.0
0.0
0.0
0.0
0.0
0.0
0.0
0.0
0.0
0.0
0.0
0.0
0.0
0.0
0.0
1.0188629262779678e-5
0.0
0.0
0.0
0.0
3.469455636622252e-6
0.0
0.0
0.0
0.0
0.0
0.0
0.0
0.0
0.0
0.0
0.0
0.0
0.0
0.0
0.0
0.0
0.0
0.0
1.1306222481929286e-5
0.0
0.0
0.0
0.0
7.036860552741693e-5
0.0
9.01200890054449e-7
0.0
0.0
0.0
0.0
0.0
0.0
0.0
0.0
0.0
0.0
0.0
0.0
0.0
0.0
0.0
2.00830039675942e-6
1.1793352450111418e-5
0.0
0.0
0.0
0.0
3.086385615678038e-5
0.0
8.246719885990583e-7
0.0
0.0
0.0
0.0
0.0
0.0
0.0
0.0
0.0
0.0
0.0
0.0
0.0
0.0
0.0
0.0
1.0986233484841336e-5
0.0
0.0
0.0
0.0
4.470244373319276e-6
0.0
0.0
0.0
0.0
0.0
0.0
0.0
0.0
0.0
0.0
0.0
0.0
0.0
0.0
0.0
2.5896406721361825e-6
2.507733885464585e-6
4.063627614105266e-6
1.0079774349743836e-5
0.0
0.0
0.0
0.0
7.2809508133045325e-6
0.0
1.1703904678303374e-6
0.0
0.0
0.0
0.0
0.0
0.0
0.0
0.0
0.0
0.0
0.0
0.0
0.0
2.4304838618007473e-6
2.49212675291151e-6
4.082317808278791e-6
1.7472514465094127e-5
0.0
0.0
0.0
0.0
0.00015894587011579914
0.0
1.7500573457883255e-6
0.0
7.854689322652173e-7
0.0
0.0
0.0
0.0
0.0
0.0
0.0
0.0
0.0
0.0
0.0
0.0
1.5086854537480886e-6
3.836737425862421e-6
1.8468356224730293e-5
0.0
0.0
0.0
0.0
0.0003623090246217483
0.0001414464777376523
1.2765658529675166e-6
0.0
4.006384098160168e-6
0.0
0.0
0.0
0.0
0.0
0.0
0.0
0.0
0.0
0.0
0.0
2.139841631859363e-6
1.7315303362344185e-6
8.278099640838093e-7
9.212447236166654e-6
0.0
0.0
0.0
0.0
4.281604795589968e-6
0.0
0.0
0.0
0.0
0.0
0.0
0.0
0.0
0.0
0.0
0.0
0.0
0.0
0.0
0.0
0.0
0.0
0.0
4.023828574351472e-6
0.0
0.0
0.0
0.0
2.0851734981803857e-7
8.156118930096597e-7
0.0
0.0
0.0
0.0
0.0
0.0
0.0
0.0
0.0
0.0
0.0
0.0
0.0
0.0
0.0
0.0
0.0
5.184243673327891e-6
0.0
0.0
0.0
0.0
5.127477894347614e-7
0.0
0.0
0.0
0.0
0.0
0.0
0.0
0.0
0.0
0.0
0.0
0.0
0.0
0.0
0.0
0.0
0.0
5.5882306776602574e-6
1.1529037204287908e-5
0.0
0.0
0.0
0.0
0.00010648169062387193
0.0
1.358273988853791e-6
0.0
0.0
0.0
0.0
0.0
0.0
0.0
0.0
0.0
0.0
0.0
0.0
0.0
0.0
2.590982117508279e-6
4.0773865374000815e-6
1.5792463731437436e-5
0.0
0.0
0.0
0.0
5.162488439482782e-6
0.0
1.3257026805786373e-6
0.0
0.0
0.0
0.0
0.0
0.0
0.0
0.0
0.0
0.0
0.0
0.0
0.0
0.0
0.0
0.0
1.0529045228759667e-5
0.0
0.0
0.0
0.0
4.859700692436555e-6
9.649562529863284e-7
0.0
0.0
0.0
0.0
0.0
0.0
0.0
0.0
0.0
0.0
0.0
0.0
0.0
0.0
0.0
0.0
0.0
4.248107880292105e-6
0.0
0.0
0.0
0.0
2.024190543489117e-6
0.0
0.0
0.0
0.0
0.0
0.0
0.0
0.0
0.0
0.0
0.0
0.0
0.0
0.0
0.0
0.0
0.0
0.0
8.990520262448013e-6
0.0
0.0
0.0
0.0
2.137364110817476e-6
0.0
0.0
0.0
0.0
0.0
0.0
0.0
0.0
0.0
0.0
0.0
0.0
0.0
0.0
0.0
0.0
0.0
2.0635126417483136e-6
1.0105244793395971e-5
0.0
0.0
0.0
0.0
1.8494615180660478e-6
0.0
0.0
0.0
0.0
0.0
0.0
0.0
0.0
0.0
0.0
0.0
0.0
0.0
0.0
0.0
0.0
0.0
0.0
5.224672230023083e-6
0.0
0.0
0.0
0.0
4.799507843866959e-7
0.0
0.0
0.0
0.0
0.0
0.0
0.0
0.0
0.0
0.0
0.0
0.0
0.0
0.0
0.0
0.0
0.0
0.0
5.170007394352038e-6
0.0
0.0
0.0
0.0
2.5070130984761933e-7
0.0
0.0
0.0
0.0
0.0
0.0
0.0
0.0
0.0
0.0
0.0
0.0
0.0
0.0
0.0
0.0
0.0
0.0
9.270858119180165e-6
0.0
0.0
0.0
0.0
3.6594530520230616e-6
0.0
0.0
0.0
0.0
0.0
0.0
0.0
0.0
0.0
0.0
0.0
0.0
0.0
0.0
0.0
0.0
0.0
4.179918682463202e-6
1.0860149093215825e-5
0.0
0.0
0.0
0.0
5.995161843092944e-5
0.0
1.6064943772662509e-6
0.0
5.55613319480413e-7
0.0
0.0
0.0
0.0
0.0
0.0
0.0
0.0
0.0
0.0
0.0
0.0
0.0
1.5575845528572403e-6
9.950729541167873e-6
0.0
0.0
0.0
0.0
6.525006653906054e-6
0.0
0.0
0.0
3.7158228077978563e-7
0.0
0.0
0.0
0.0
0.0
0.0
0.0
0.0
0.0
0.0
0.0
1.9153785335881596e-6
2.8249082911646873e-6
2.8127766676924403e-6
1.0155754336487851e-5
0.0
0.0
0.0
0.0
6.057363092365966e-6
0.0
0.0
0.0
0.0
0.0
0.0
0.0
0.0
0.0
0.0
0.0
0.0
0.0
0.0
0.0
0.0
0.0
4.512147929224229e-6
1.1300889289559193e-5
0.0
0.0
0.0
0.0
3.0159720934309284e-5
0.0
1.297287957763691e-6
0.0
0.0
0.0
0.0
0.0
0.0
0.0
0.0
0.0
0.0
0.0
0.0
0.0
0.0
0.0
2.0780889987604617e-6
1.0867511934634468e-5
0.0
0.0
0.0
0.0
5.261951810422261e-6
0.0
7.807693251538184e-7
0.0
0.0
0.0
0.0
0.0
0.0
0.0
0.0
0.0
0.0
0.0
0.0
0.0
0.0
0.0
0.0
9.747376917158673e-6
0.0
0.0
0.0
0.0
4.877041095574717e-6
0.0
0.0
0.0
0.0
0.0
0.0
0.0
0.0
0.0
0.0
0.0
0.0
0.0
0.0
0.0
0.0
0.0
0.0
6.299155034296238e-6
0.0
0.0
0.0
0.0
2.553067570906357e-6
0.0
0.0
0.0
0.0
0.0
0.0
0.0
0.0
0.0
0.0
0.0
0.0
0.0
0.0
0.0
0.0
0.0
0.0
6.274586405171791e-6
0.0
0.0
0.0
0.0
3.977296411407304e-6
0.0
0.0
0.0
0.0
0.0
0.0
0.0
0.0
0.0
0.0
0.0
0.0
0.0
0.0
0.0
0.0
0.0
0.0
8.621914263991643e-6
0.0
0.0
0.0
0.0
3.962385384008019e-6
0.0
0.0
0.0
0.0
0.0
0.0
0.0
0.0
0.0
0.0
0.0
0.0
0.0
0.0
0.0
0.0
0.0
1.5987019054767856e-6
1.0182997343276742e-5
0.0
0.0
0.0
0.0
4.824074287867605e-6
0.0
8.50854805448455e-7
0.0
0.0
0.0
0.0
0.0
0.0
0.0
0.0
0.0
0.0
0.0
0.0
0.0
0.0
0.0
1.3676298576912278e-6
1.1540632363415815e-5
0.0
0.0
0.0
0.0
6.700966610468265e-6
0.0
1.3562990743500409e-6
0.0
0.0
0.0
0.0
0.0
0.0
0.0
0.0
0.0
0.0
0.0
0.0
0.0
0.0
0.0
1.6727849037994382e-6
1.0365533005084967e-5
0.0
0.0
0.0
0.0
2.3942843064201098e-5
0.0
1.3839966285016128e-6
0.0
0.0
0.0
0.0
0.0
0.0
0.0
0.0
0.0
0.0
0.0
0.0
0.0
0.0
0.0
4.038218780686415e-6
1.0461465184995716e-5
0.0
0.0
0.0
0.0
7.144999699348168e-5
0.0
1.622161960717662e-6
0.0
0.0
0.0
0.0
0.0
0.0
0.0
0.0
0.0
0.0
0.0
0.0
0.0
0.0
1.2382149851418226e-6
4.2429221663594865e-6
1.0822450240010055e-5
0.0
0.0
0.0
0.0
5.8982752614922205e-5
0.0
1.3045604387971489e-6
0.0
4.6225979690862395e-7
0.0
0.0
0.0
0.0
0.0
0.0
0.0
0.0
0.0
0.0
0.0
0.0
0.0
2.0617916099855045e-6
1.0726715969607024e-5
0.0
0.0
0.0
0.0
4.967357487963823e-6
0.0
0.0
0.0
0.0
0.0
0.0
0.0
0.0
0.0
0.0
0.0
0.0
0.0
0.0
0.0
0.0
0.0
0.0
6.878735631799044e-6
0.0
0.0
0.0
0.0
3.2659706858511068e-6
0.0
0.0
0.0
0.0
0.0
0.0
0.0
0.0
0.0
0.0
0.0
0.0
0.0
0.0
0.0
0.0
0.0
1.7049346622102932e-6
1.0033480973025425e-5
0.0
0.0
0.0
0.0
5.039583543307091e-6
0.0
0.0
0.0
0.0
0.0
0.0
0.0
0.0
0.0
0.0
0.0
0.0
0.0
0.0
0.0
0.0
9.713568900424144e-7
4.457523297702118e-6
1.0219643427447957e-5
0.0
0.0
0.0
0.0
0.0001407219338459752
0.0
8.111964558292465e-7
0.0
0.0
0.0
0.0
0.0
0.0
0.0
0.0
0.0
0.0
0.0
0.0
0.0
0.0
0.0
1.2639664775204284e-6
1.0731536973990464e-5
0.0
0.0
0.0
0.0
4.701710928852446e-6
0.0
1.0196981854959232e-6
0.0
0.0
0.0
0.0
0.0
0.0
0.0
0.0
0.0
0.0
0.0
0.0
0.0
0.0
0.0
0.0
5.989940825572477e-6
0.0
0.0
0.0
0.0
3.827792773518184e-6
0.0
0.0
0.0
0.0
0.0
0.0
0.0
0.0
0.0
0.0
0.0
0.0
0.0
0.0
0.0
0.0
0.0
0.0
3.897373206187533e-6
0.0
0.0
0.0
0.0
3.5573781571794747e-6
0.0
0.0
0.0
0.0
0.0
0.0
0.0
0.0
0.0
0.0
0.0
0.0
0.0
0.0
0.0
0.0
0.0
0.0
4.0795710873394016e-6
0.0
0.0
0.0
0.0
3.4501073514814424e-6
0.0
0.0
0.0
0.0
0.0
0.0
0.0
0.0
0.0
0.0
0.0
0.0
0.0
0.0
0.0
0.0
0.0
0.0
7.37020165978152e-6
0.0
0.0
0.0
0.0
4.211958786948923e-6
0.0
3.2270923419139597e-7
0.0
0.0
0.0
0.0
0.0
0.0
0.0
0.0
0.0
0.0
0.0
0.0
0.0
0.0
0.0
9.135329067982525e-7
1.0090141494456752e-5
0.0
0.0
0.0
0.0
1.5401277236520684e-5
0.0
1.0751094644893709e-6
0.0
0.0
0.0
0.0
0.0
0.0
0.0
0.0
0.0
0.0
0.0
0.0
0.0
0.0
0.0
0.0
1.1561944162288234e-5
0.0
0.0
0.0
0.0
6.448091855135969e-6
0.0
1.3420744284004065e-6
0.0
0.0
0.0
0.0
0.0
0.0
0.0
0.0
0.0
0.0
0.0
0.0
0.0
0.0
0.0
1.446588771068129e-6
1.0336814942958243e-5
0.0
0.0
0.0
0.0
5.014831873774657e-6
0.0
1.0922775834866151e-6
0.0
0.0
0.0
0.0
0.0
0.0
0.0
0.0
0.0
0.0
0.0
0.0
0.0
0.0
0.0
0.0
9.094780921726213e-6
0.0
0.0
0.0
0.0
4.463921842439262e-6
0.0
0.0
0.0
0.0
0.0
0.0
0.0
0.0
0.0
0.0
0.0
0.0
0.0
0.0
0.0
0.0
0.0
0.0
9.440726118970946e-6
0.0
0.0
0.0
0.0
3.395794358483557e-6
0.0
0.0
0.0
0.0
0.0
0.0
0.0
0.0
0.0
0.0
0.0
0.0
0.0
0.0
0.0
0.0
0.0
0.0
1.0416586467877147e-5
0.0
0.0
0.0
0.0
6.856457371443558e-6
0.0
0.0
0.0
0.0
0.0
0.0
0.0
0.0
0.0
0.0
0.0
0.0
0.0
0.0
0.0
0.0
0.0
0.0
9.831330621937374e-6
0.0
0.0
0.0
0.0
3.698030489509916e-5
0.0
9.017563342989591e-7
0.0
0.0
0.0
0.0
0.0
0.0
0.0
0.0
0.0
0.0
0.0
0.0
0.0
0.0
0.0
1.8207171792933757e-6
9.981355580237107e-6
0.0
0.0
0.0
0.0
5.221820333791398e-6
0.0
1.0930661180223486e-6
0.0
0.0
0.0
0.0
0.0
0.0
0.0
0.0
0.0
0.0
0.0
0.0
0.0
0.0
0.0
1.9923484017360078e-6
1.0675686254794497e-5
0.0
0.0
0.0
0.0
6.299764749641883e-6
0.0
1.0787937041825843e-6
0.0
0.0
0.0
0.0
0.0
0.0
0.0
0.0
0.0
0.0
0.0
0.0
0.0
0.0
0.0
4.208952893681926e-6
1.0816933750784763e-5
0.0
0.0
0.0
0.0
0.00014931298264403767
1.3192246023673281e-5
1.3628019863288287e-6
0.0
0.0
0.0
0.0
0.0
0.0
0.0
0.0
0.0
0.0
0.0
0.0
0.0
0.0
0.0
4.26308398334909e-6
2.9891895168070145e-5
0.0
0.0
0.0
0.0
0.0004276851399401421
0.0002641070244281957
0.0
5.490513473213645e-7
0.0
0.0
0.0
0.0
0.0
0.0
0.0
0.0
0.0
0.0
0.0
0.0
0.0
0.0
2.0410535861076132e-6
9.896274736732059e-6
0.0
0.0
0.0
0.0
0.0003750505539847592
0.00025435431881858973
0.0
2.1912555045970702e-7
0.0
0.0
0.0
0.0
0.0
0.0
0.0
0.0
0.0
0.0
0.0
0.0
0.0
0.0
0.0
7.913717936680258e-6
0.0
0.0
0.0
0.0
0.00021055438812690673
6.531466362755104e-5
1.500146227996389e-6
1.6276843917764957e-7
0.0
0.0
0.0
0.0
0.0
0.0
0.0
0.0
0.0
0.0
0.0
0.0
0.0
0.0
0.0
5.613089492773764e-6
0.0
0.0
0.0
0.0
5.16742660830766e-6
0.0
0.0
0.0
0.0
0.0
0.0
0.0
0.0
0.0
0.0
0.0
0.0
0.0
0.0
0.0
0.0
0.0
0.0
3.4787243211490467e-6
0.0
0.0
0.0
0.0
1.971732849305277e-6
6.237178462781352e-7
0.0
0.0
0.0
0.0
0.0
0.0
0.0
0.0
0.0
0.0
0.0
0.0
0.0
0.0
0.0
0.0
0.0
9.042404333570202e-6
0.0
0.0
0.0
0.0
4.7213843503504176e-5
0.0
1.0302355066439843e-6
0.0
1.9490816788961487e-7
0.0
0.0
0.0
0.0
0.0
0.0
0.0
0.0
0.0
0.0
0.0
0.0
0.0
1.3868330633856625e-6
1.034347385129288e-5
0.0
0.0
0.0
0.0
1.678191286204142e-5
0.0
1.063353882629944e-6
0.0
0.0
0.0
0.0
0.0
0.0
0.0
0.0
0.0
0.0
0.0
0.0
0.0
0.0
0.0
3.342301882375914e-6
1.0732366111377968e-5
0.0
0.0
0.0
0.0
8.253329437430095e-6
0.0
1.0668554467476208e-6
0.0
0.0
0.0
0.0
0.0
0.0
0.0
0.0
0.0
0.0
0.0
0.0
0.0
0.0
0.0
1.277179365667367e-6
1.0552551877072123e-5
0.0
0.0
0.0
0.0
4.683342314645488e-6
0.0
0.0
0.0
0.0
0.0
0.0
0.0
0.0
0.0
0.0
0.0
0.0
0.0
0.0
0.0
0.0
1.4206961272402726e-6
3.9511164073483585e-6
1.072824738526821e-5
0.0
0.0
0.0
0.0
1.2748389016288497e-5
0.0
0.0
0.0
3.485210314385849e-7
0.0
0.0
0.0
0.0
0.0
0.0
0.0
0.0
0.0
0.0
0.0
0.0
0.0
1.4363032791478545e-6
9.86317226918284e-6
0.0
0.0
0.0
0.0
0.00014419181076536956
4.3292586460636854e-5
0.0
0.0
1.1525700671209783e-6
0.0
0.0
0.0
0.0
0.0
0.0
0.0
0.0
0.0
0.0
0.0
0.0
1.4438353679853205e-6
1.556478183451977e-6
9.833291359265006e-6
0.0
0.0
0.0
0.0
3.975799189353009e-6
5.604223437145571e-7
1.2495158173839737e-6
0.0
0.0
0.0
0.0
0.0
0.0
0.0
0.0
0.0
0.0
0.0
0.0
0.0
0.0
1.4684984645212604e-6
3.215048577256912e-6
1.1757946041445448e-5
0.0
0.0
0.0
0.0
0.00026797337270667376
0.00017122543895299274
0.0
2.1121105237673424e-7
0.0
0.0
0.0
0.0
0.0
0.0
0.0
0.0
0.0
0.0
0.0
0.0
0.0
0.0
5.419610234529826e-6
4.709426872922629e-5
0.0
0.0
0.0
0.0
0.0005329917597245488
0.0003551824994067261
5.968834089633433e-7
3.8373504963117947e-7
0.0
0.0
0.0
0.0
0.0
0.0
0.0
0.0
0.0
0.0
0.0
0.0
0.0
0.0
3.3301709643754347e-6
1.2260528773538816e-5
0.0
0.0
0.0
0.0
0.00040923968447089364
0.00021966313059135467
8.888417644209105e-7
2.0003218913875154e-7
0.0
0.0
0.0
0.0
0.0
0.0
0.0
0.0
0.0
0.0
0.0
0.0
0.0
0.0
0.0
1.0140363826347245e-5
0.0
0.0
0.0
0.0
7.274421750484088e-6
0.0
1.4731869727908225e-6
0.0
0.0
0.0
0.0
0.0
0.0
0.0
0.0
0.0
0.0
0.0
0.0
0.0
0.0
0.0
2.969500009778568e-6
1.0767187781689118e-5
0.0
0.0
0.0
0.0
8.091008122677965e-6
0.0
1.8667670627700137e-6
0.0
0.0
0.0
0.0
0.0
0.0
0.0
0.0
0.0
0.0
0.0
0.0
0.0
0.0
0.0
1.4350921050890976e-6
1.0359013149203335e-5
0.0
0.0
0.0
0.0
0.00046759003365200684
0.0002484089355646779
9.754869820861981e-7
0.0
6.750868850753754e-7
0.0
0.0
0.0
0.0
0.0
0.0
0.0
0.0
0.0
0.0
0.0
3.3078512795693744e-6
2.7960330201222734e-6
2.721506237478086e-6
9.406260942220901e-6
0.0
0.0
0.0
0.0
4.375226239016687e-5
0.0
0.0
0.0
4.111715290039123e-7
0.0
0.0
0.0
0.0
0.0
0.0
0.0
0.0
0.0
0.0
0.0
0.0
0.0
2.9332733271214144e-6
1.0236994016862968e-5
0.0
0.0
0.0
0.0
9.328693456261787e-6
0.0
1.1121940462986307e-6
0.0
0.0
0.0
0.0
0.0
0.0
0.0
0.0
0.0
0.0
0.0
0.0
0.0
0.0
1.3746381709989122e-6
1.4218800985399368e-6
1.1408245099282694e-5
0.0
0.0
0.0
0.0
9.759933637208563e-6
0.0
1.11155189570302e-6
0.0
0.0
0.0
0.0
0.0
0.0
0.0
0.0
0.0
0.0
0.0
0.0
0.0
0.0
2.6427319854491032e-6
4.06041826336122e-6
1.0987994057861225e-5
0.0
0.0
0.0
0.0
8.236913997777294e-5
0.0
1.3590373983367208e-6
0.0
8.030130935526895e-7
0.0
0.0
0.0
0.0
0.0
0.0
0.0
0.0
0.0
0.0
0.0
0.0
1.5527442210634618e-6
4.2463059215306535e-6
4.510674388376542e-5
0.0
0.0
0.0
0.0
0.00023870072877225682
5.311340321134642e-5
1.2960896496132275e-6
0.0
1.0912562306872492e-6
0.0
0.0
0.0
0.0
0.0
0.0
0.0
0.0
0.0
0.0
0.0
2.8181549492889436e-6
1.4159419878386702e-6
3.8932454086205124e-6
1.086546423750847e-5
0.0
0.0
0.0
0.0
3.0845790040931886e-5
0.0
0.0
0.0
0.0
0.0
0.0
0.0
0.0
0.0
0.0
0.0
0.0
0.0
0.0
0.0
0.0
0.0
3.927730502125623e-6
1.3310252415182287e-5
0.0
0.0
0.0
0.0
9.241632643823578e-5
0.0
0.0
0.0
1.9049901211756137e-6
0.0
0.0
0.0
0.0
0.0
0.0
0.0
0.0
0.0
0.0
0.0
2.18132991940515e-6
3.3902885161723706e-6
3.553598879116822e-6
0.00017734382991605352
0.0
0.0
0.0
0.0
0.0006470623513402003
0.00041826364200288867
3.191723347444789e-7
6.814484409310044e-7
0.0
0.0
0.0
0.0
0.0
0.0
0.0
0.0
0.0
0.0
0.0
0.0
0.0
2.541737684646553e-6
4.333528960540401e-6
1.1101324158632992e-5
0.0
0.0
0.0
0.0
0.0004518077745551672
0.0002745208744688278
0.0
5.514917556128931e-7
0.0
0.0
0.0
0.0
0.0
0.0
0.0
0.0
0.0
0.0
0.0
0.0
2.049652171163474e-6
3.4495048176254874e-6
1.4890637920072424e-6
1.0593976453452927e-5
0.0
0.0
0.0
0.0
0.0003296181716879289
0.00026342964572731166
0.0
2.0270256680730668e-7
1.4194942723764662e-7
0.0
0.0
0.0
0.0
0.0
0.0
0.0
0.0
0.0
0.0
0.0
0.0
0.0
3.250814447497583e-6
1.0863748654039284e-5
0.0
0.0
0.0
0.0
8.423806414192094e-5
0.0
0.0
0.0
0.0
0.0
0.0
0.0
0.0
0.0
0.0
0.0
0.0
0.0
0.0
0.0
0.0
0.0
0.0
1.0706021298856295e-5
0.0
0.0
0.0
0.0
3.4249769229634553e-6
0.0
0.0
0.0
0.0
0.0
0.0
0.0
0.0
0.0
0.0
0.0
0.0
0.0
0.0
0.0
0.0
0.0
3.2203864650303175e-6
1.0745585336190382e-5
0.0
0.0
0.0
0.0
0.00012652027263102716
0.0
0.0
0.0
7.438400144870439e-7
0.0
0.0
0.0
0.0
0.0
0.0
0.0
0.0
0.0
0.0
0.0
0.0
0.0
1.1078516382201055e-6
1.0004749643384395e-5
0.0
0.0
0.0
0.0
4.34819664469534e-6
0.0
0.0
0.0
6.787271455231349e-6
0.0
0.0
0.0
0.0
0.0
0.0
0.0
0.0
0.0
0.0
0.0
0.0
0.0
0.0
1.0791700245003e-5
0.0
0.0
0.0
0.0
4.9970911178278754e-6
0.0
1.094886979362717e-6
0.0
1.1692001018016769e-6
0.0
0.0
0.0
0.0
0.0
0.0
0.0
0.0
0.0
0.0
0.0
0.0
1.4466887506431154e-6
3.899207485039634e-6
1.1732883319830338e-5
0.0
0.0
0.0
0.0
0.000475968253907992
0.00032220275171975833
0.0
0.0
3.9180523139794664e-7
0.0
0.0
0.0
0.0
0.0
0.0
0.0
0.0
0.0
0.0
0.0
0.0
0.0
3.348084630581424e-6
4.048175438571033e-5
0.0
0.0
0.0
0.0
0.00015018147548535656
7.650677756077398e-5
9.172481686689e-7
0.0
3.8657688161618007e-7
0.0
0.0
0.0
0.0
0.0
0.0
0.0
0.0
0.0
0.0
0.0
0.0
1.4228713473396643e-6
8.912371830649658e-6
6.833337108760003e-5
0.0
0.0
0.0
0.0
0.0007763818311391494
0.0006867992619663867
0.0002479456811900912
4.2921384171240836e-7
2.1083989884134044e-7
0.0
0.0
0.0
0.0
0.0
0.0
0.0
0.0
0.0
0.0
0.0
2.825031808722932e-6
4.215611614277848e-6
3.608366342059362e-5
0.00043003555819497266
0.0
0.0
0.0
0.0
0.0009073937919004269
0.0008702625553754868
0.00048530476669042126
9.318882396524323e-5
4.7611487416664123e-7
3.3297802684979067e-7
0.0
0.0
0.0
0.0
0.0
0.0
0.0
0.0
0.0
0.0
5.506265452959016e-6
4.046201174378706e-6
9.926376142866868e-5
0.0005276837791154494
0.0
0.0
0.0
0.0
0.0010996703305212016
0.0009357839883942325
0.0003684423680056917
4.690342859054204e-5
5.383305079993197e-7
1.8892276812871257e-7
0.0
0.0
0.0
0.0
0.0
0.0
0.0
0.0
0.0
0.0
0.0
4.999953687102251e-6
4.564175012731484e-6
0.0002728665862383286
0.0
0.0
0.0
0.0
0.0008808728177559759
0.0009262341532394889
0.0004480910705802294
3.382311556257821e-5
9.31279320260872e-7
1.835643930293861e-7
0.0
0.0
0.0
0.0
0.0
0.0
0.0
0.0
0.0
0.0
0.0
5.803286635070466e-6
5.427014162662903e-6
0.00012013603116461209
0.0
0.0
0.0
0.0
0.0007369555778604754
0.000680839755438657
0.00019498562694775684
7.657220799625717e-7
2.91240358130991e-7
0.0
0.0
0.0
0.0
0.0
0.0
0.0
0.0
0.0
0.0
0.0
0.0
1.3544187791906607e-6
4.661744210362591e-6
1.208221139742254e-5
0.0
0.0
0.0
0.0
0.0005116652979746659
0.0004473057071836374
9.387623935199366e-5
8.92477596460777e-7
0.0
0.0
0.0
0.0
0.0
0.0
0.0
0.0
0.0
0.0
0.0
0.0
2.0792272043937085e-6
4.948463093100194e-6
6.038145297244422e-6
0.00031744337469833994
0.0
0.0
0.0
0.0
0.0005615891990498133
0.0005019190877374908
0.00023770384635950727
2.717623731186506e-5
2.7859803106597944e-7
0.0
0.0
0.0
0.0
0.0
0.0
0.0
0.0
0.0
0.0
5.986842532923022e-7
4.208042851553462e-6
3.687479360856813e-6
8.736920387621013e-5
0.0005011372476352887
0.0
0.0
0.0
0.0
0.0009750649357788036
0.0008220186012841632
0.00047126118882777427
0.0001842306856624078
3.1604818195805757e-7
5.158582668106487e-7
0.0
0.0
0.0
0.0
0.0
0.0
0.0
0.0
0.0
0.0
4.022192674353876e-6
3.8969429351825385e-6
4.336442401200047e-6
0.0003326728116024573
0.0
0.0
0.0
0.0
0.0007236187663880601
0.0006462176137364771
0.00036032444438060596
8.257402458840127e-5
6.494959775222822e-7
3.274109072028345e-7
0.0
0.0
0.0
0.0
0.0
0.0
0.0
0.0
0.0
0.0
3.6202238012031523e-6
3.401023721667292e-6
4.164890414172177e-6
0.00012709313777019784
0.0
0.0
0.0
0.0
0.0002967540359206485
0.00017367076232148435
0.0
0.0
1.211716042038743e-6
0.0
0.0
0.0
0.0
0.0
0.0
0.0
0.0
0.0
0.0
1.0858169398148933e-6
1.3850396486711702e-6
2.689646762796549e-6
0.00012678443571171943
0.0005168155919020779
0.0
0.0
0.0
0.0
0.0010879734102359712
0.0009153202825195808
0.0004265514966479744
0.00014595216507933288
9.00408519455498e-5
7.084356117221426e-7
2.0712179563234458e-7
0.0
0.0
0.0
0.0
0.0
0.0
0.0
1.4371217357508641e-6
0.0
9.163787585207385e-6
0.00013684516181085223
0.0001958027603799197
0.0005603494399330995
0.0007448837180642309
0.0
0.0
0.0
0.0
0.0011658813003548167
0.0009684821003325424
0.00040719401269724543
2.8479711948323432e-5
1.7929050900100935e-7
0.0
0.0
0.0
0.0
0.0
0.0
0.0
0.0
0.0
0.0
0.0
4.1788073505624344e-6
3.516946819241679e-6
8.98349373945275e-6
0.00022567428326525634
0.0
0.0
0.0
0.0
0.0006650187215232009
0.0004930119303951186
3.8324016767019076e-5
1.9147125856589018e-7
4.995968793535057e-7
0.0
0.0
0.0
0.0
0.0
0.0
0.0
0.0
0.0
0.0
0.0
3.29901214315675e-6
4.5539458540382565e-6
3.58144051111905e-5
0.00037592892343082
0.0
0.0
0.0
0.0
0.0007920921836954865
0.0006202970760000957
2.3291164206259234e-5
3.489540789443302e-7
0.0
0.0
0.0
0.0
0.0
0.0
0.0
0.0
0.0
0.0
0.0
0.0
0.0
4.189886081131283e-6
9.528154111561107e-6
0.0001543692495717553
0.0
0.0
0.0
0.0
0.0005106665224976212
0.00039585192148555
6.640983548299392e-7
4.915538720882512e-7
0.0
0.0
0.0
0.0
0.0
0.0
0.0
0.0
0.0
0.0
0.0
0.0
0.0
5.041033648750405e-6
6.3093520190253405e-6
0.00017336530523959036
0.0
0.0
0.0
0.0
0.0006619117378293084
0.00047492189431185786
1.3234920668929404e-5
6.530622241108556e-7
0.0
0.0
0.0
0.0
0.0
0.0
0.0
0.0
0.0
0.0
0.0
0.0
0.0
1.4915132828848779e-6
5.886226086282839e-6
9.658578461952327e-5
0.0
0.0
0.0
0.0
0.0006396469237269995
0.0005606542835739052
5.197368144282115e-5
1.6114729902359443e-7
8.803362595422791e-7
0.0
0.0
0.0
0.0
0.0
0.0
0.0
0.0
0.0
0.0
0.0
3.1116932192207726e-6
4.969468015624748e-6
4.632778084427351e-6
0.0003418966300603035
0.0
0.0
0.0
0.0
0.0005826284375985142
0.00038886464004283123
0.0
6.958847659585662e-7
1.7605366392222826e-6
0.0
0.0
0.0
0.0
0.0
0.0
0.0
0.0
0.0
0.0
0.0
4.348502248484395e-6
1.0154385140624123e-5
3.1210654319713475e-6
0.0003655571654744713
0.0
0.0
0.0
0.0
0.0007355273230745309
0.000523006769164741
4.9308253544182167e-5
4.666914420367661e-7
5.914039853601848e-7
0.0
0.0
0.0
0.0
0.0
0.0
0.0
0.0
0.0
0.0
0.0
5.189402484496271e-6
6.073854931998304e-5
0.0002560450491657919
0.0005789053709262888
0.0
0.0
0.0
0.0
0.0011487390863969941
0.0009503642628552987
0.00036309705864993994
1.1426008897737362e-5
1.8435874223955162e-7
0.0
0.0
0.0
0.0
0.0
0.0
0.0
0.0
0.0
0.0
1.159711001379109e-6
9.480325934078296e-6
0.00012943459430781568
0.00038002237671611337
0.0008094816118957579
0.0
0.0
0.0
0.0
0.0013024382190787592
0.0011155272020153455
0.0008190832439682803
0.0007906780612799779
0.0007849543280619556
0.000700786932014043
0.00028977229615704544
2.5707890187973076e-7
8.850030934740277e-7
8.080687288460826e-6
0.00015765767179789218
0.0001485432485921983
6.520958128527357e-5
0.0
1.7105912683864567e-6
0.0
9.097990528917472e-6
5.000742173251718e-5
9.767988634493912e-5
0.00047448159960787134
0.0
0.0
0.0
0.0
0.0008017082219079413
0.0006210632349842398
8.259938164367623e-5
6.92245453300997e-7
3.1973786510626554e-7
0.0
0.0
0.0
0.0
0.0
0.0
0.0
0.0
0.0
0.0
1.784451968587565e-6
4.20472282109543e-6
3.597638744821004e-6
0.00010264747024579259
0.0005170949923019907
0.0
0.0
0.0
0.0
0.0009293389119392972
0.0007804419410610266
0.0002968856113406458
1.4859212210852053e-5
1.6953954268414325e-7
0.0
0.0
0.0
0.0
0.0
0.0
0.0
0.0
0.0
1.4540175020014738e-6
0.0
4.882524613430211e-6
4.188343163086795e-5
0.000188554944826505
0.0005536753374397916
0.0
0.0
0.0
0.0
0.0009433442508128441
0.0008543831212684466
0.0004443361525835051
0.00016876620917793018
9.49225132850814e-6
0.0
0.0
0.0
0.0
0.0
6.860391647169518e-7
0.0
0.0
7.258167795157499e-7
3.0471570296854314e-6
1.9016323300751135e-6
0.0
2.851515687245763e-6
0.0001440487831870167
0.0006394411307416335
0.0
0.0
0.0
0.0
0.0008851109847842412
0.000715720159903405
0.0002950666120005894
0.0002232024928992426
0.00022957299953678815
9.862656171585844e-7
0.0
0.0
0.0
0.0
0.0
0.0
0.0
0.0
3.6450292191682695e-6
0.0
9.711728383614548e-5
0.00025897816687493806
0.00024400087699960626
0.000463350452970576
0.0
0.0
0.0
0.0
0.000666770303890889
0.0006162417699635409
6.725625118050678e-5
7.907518479172561e-7
0.0
0.0
0.0
0.0
0.0
0.0
0.0
0.0
0.0
0.0
0.0
0.0
0.0
2.2333836395521762e-6
4.698337714145598e-6
1.2545177951140913e-5
0.0
0.0
0.0
0.0
0.0005689172771616578
0.00044101522446345466
7.146684134642084e-7
5.214673611568054e-7
0.0
0.0
0.0
0.0
0.0
0.0
0.0
0.0
0.0
0.0
0.0
0.0
5.552489173775731e-6
3.923801784046247e-6
4.940770820559366e-5
0.0003838121698886826
0.0
0.0
0.0
0.0
0.0006190549433434593
0.0005393390677601097
0.0002520195720045637
0.00014425853126581606
1.587368176379687e-5
0.0
0.0
0.0
0.0
1.905422185375649e-7
1.8303851056801083e-6
0.0
0.0
5.574877009670597e-7
3.171125107620254e-6
0.0
9.692950583202138e-5
0.00030853985803544075
0.0005331023390854178
0.000884292525568373
0.0
0.0
0.0
0.0
0.0009616029872597996
0.00082335125506516
0.00040178573267993754
0.00032501567620072124
0.00026087543990432123
7.388090159322518e-7
2.475838534301802e-7
0.0
0.0
0.0
0.0
0.0
0.0
0.0
3.6110138914744167e-6
1.2248484512438674e-6
0.00016704006947049977
0.00028127946799640514
0.00030297335628110927
0.0006061529374434004
0.0
0.0
0.0
0.0
0.0006797076884742831
0.00045935657291240183
0.00011136390808612028
6.192992968930534e-5
1.1271808388496359e-5
0.0
0.0
0.0
0.0
0.0
0.0
0.0
0.0
0.0
0.0
1.160222711309447e-6
7.080716743210071e-6
6.518655215134912e-5
0.0001933021456374742
0.0005580631338686271
0.0
0.0
0.0
0.0
0.0008754245183285014
0.0007197240919181514
0.00017976143908261466
0.0
5.030344416982847e-7
0.0
0.0
0.0
0.0
0.0
0.0
0.0
0.0
0.0
3.3452037761368944e-6
1.7583233342924361e-6
1.1705190243343879e-6
1.270621616564896e-5
3.378412150578762e-5
0.00032605674446828316
0.0
0.0
0.0
0.0
0.0005019994648745998
0.0003980658154698062
3.2815592525936804e-7
7.788822382077386e-7
2.756187212138618e-7
0.0
0.0
0.0
0.0
0.0
0.0
0.0
0.0
0.0
0.0
0.0
4.3418767634472856e-5
0.00023894464026491899
0.0002110539804909506
0.0005501606386764965
0.0
0.0
0.0
0.0
0.0013836011123842047
0.001167733497609172
0.0006287789980897855
0.00011792432878791607
2.5121877667918686e-7
0.0
0.0
0.0
0.0
0.0
0.0
0.0
0.0
0.0
2.6969906126055426e-6
1.3369161910931487e-6
6.456922813301809e-5
0.0002462626297434012
0.0004394254216749743
0.0009003578971627279
0.0
0.0
0.0
0.0
0.0016333617798541715
0.0013898196950476447
0.0006744792057270558
0.00013154864477926733
3.0656763719515303e-7
3.355242327777762e-7
0.0
0.0
0.0
0.0
0.0
0.0
0.0
0.0
2.538154668055378e-6
3.4556514131369047e-6
0.00018468631436137562
0.0003819846358886025
0.0005605061366317717
0.001046640647763797
0.0
0.0
0.0
0.0
0.0015802095801665157
0.0013987418922932692
0.0008441904141756298
0.00016498672624782446
6.151764759503266e-7
1.7505340366420613e-7
0.0
0.0
0.0
0.0
0.0
0.0
0.0
0.0
1.4957235654883265e-6
1.3274406146321006e-6
8.994126352514288e-6
8.10266787650408e-5
0.0003032721562836695
0.0008476809414826636
0.0
0.0
0.0
0.0
0.0013307645769581582
0.0010803078430434143
0.0005922578768713716
0.00027931039942461497
0.0001302212359727992
1.7302228425378823e-5
5.057663214084317e-7
0.0
0.0
5.320688553651482e-6
3.5493359474166666e-6
8.77353353138964e-6
1.3270613650098038e-5
0.0
1.7037953901437297e-6
5.09473448483163e-7
0.00023380986661961455
0.00041773482104354176
0.000579262269480447
0.0009082786231388493
0.0
0.0
0.0
0.0
0.0010572690454137867
0.0008886098856250307
0.000539153720778793
0.00035898973979608473
0.00023088133234796
0.00013407397948469248
5.395757594411574e-7
0.0
4.064272300141247e-6
4.262364836655136e-6
0.0001436934480899055
0.000253982479649798
0.0002291601558134416
5.697769342836023e-5
6.0874680481172936e-5
3.3604304484432824e-5
0.0002661071094678404
0.0003951332322353611
0.0005807952197604673
0.0009754564426101599
0.0
0.0
0.0
0.0
0.001088261248523374
0.0009151587188398945
0.0005414222370517082
0.0005408811871408815
0.000603333420527156
0.0007109959408271735
0.0005499342612055861
0.0005596993140227075
0.0005866939840077636
0.0006621549379470788
0.0007044811665680342
0.0006560732144839507
0.0006503086226443537
0.0003012285870868509
0.00021321748153334022
0.00033269108109546165
0.00034314407669028507
0.00040427634278757964
0.0004764001209823768
0.0008470244860679628
0.0
0.0
0.0
0.0
0.0008706511269023651
0.0006295925131969308
0.00012201985784404737
0.0
1.6576534992133934e-6
7.160416610003565e-7
0.0
0.0
0.0
3.401245713019906e-6
3.488964020306595e-7
0.0
0.0
0.0
3.509302870065322e-6
0.0
0.00021365959033523485
0.0003378274524552897
0.0003584542150162705
0.0007167140805927749
0.0
0.0
0.0
0.0
0.0007401134120367717
0.0006120821525230945
0.00010452789169332838
4.497238439540498e-7
4.446426471637279e-7
0.0
0.0
0.0
0.0
0.0
0.0
0.0
0.0
0.0
3.0806712750085462e-6
9.66846319268389e-7
1.7536536869896016e-5
0.00016076090226585564
0.00025359968544315386
0.0005316896939994017
0.0
0.0
0.0
0.0
0.0006935494563154869
0.0005753752919107416
0.00022696834870830832
1.0808279692809676e-5
1.7600026928992578e-7
0.0
0.0
0.0
0.0
0.0
0.0
0.0
0.0
0.0
3.921300228578006e-6
1.0887051625201038e-6
5.102192692678598e-5
0.0003663220205455025
0.0005755277131988955
0.0008935811594625766
0.0
0.0
0.0
0.0
0.0009183911931872121
0.0008035529321617177
0.00045884891871893175
0.00015362064444773228
3.319217152631112e-7
0.0
0.0
0.0
0.0
0.0
2.8714372151321685e-7
0.0
3.744441250343416e-7
0.0
4.041504498507339e-6
1.0455130396906643e-6
3.54040535999241e-5
0.0002493287367192552
0.0003663248938187868
0.0007498848732278164
0.0
0.0
0.0
0.0
0.0012411667738532136
0.001136466864046661
0.0006545632700350289
0.00019884868496010497
6.272155486878733e-7
3.5025969796335246e-7
0.0
0.0
0.0
0.0
0.0
0.0
0.0
0.0
1.3851263568609486e-6
2.6991805440654368e-6
0.0001415616162461071
0.0004006205989280475
0.0005839164187588567
0.001017962275923855
0.0
0.0
0.0
0.0
0.001209249763062042
0.001043731978957765
0.0007465690180207305
0.0003876063207284231
2.8719236016260088e-5
0.0
5.676120773612494e-7
0.0
0.0
3.0748826798065777e-6
7.213996777509924e-7
2.070245152368553e-5
0.0
0.0
2.291315169499561e-5
8.498887965705283e-5
0.0003341162163220247
0.0004762586870541013
0.0006110898724184805
0.0009748614066900801
0.0
0.0
0.0
0.0
0.0015974727801131138
0.001395403834080021
0.0008480594330857076
0.00045385167539145724
0.00013062087498721332
0.0
3.5963731575022593e-7
0.0
6.269937062681878e-7
3.3042635433817524e-7
0.0
0.0
0.0
6.080499703801287e-7
3.2285565064709028e-6
0.00012764066650535212
0.00037180395433140056
0.0005837392156700744
0.0008252424946174136
0.0013294371065075863
0.0
0.0
0.0
0.0
0.0018418083551768013
0.0016527810902280235
0.0011478478336235836
0.0007720393995448985
0.0006283106048033664
0.0002512598471358368
0.00011138749503628083
0.0
0.00023877760825969724
0.0004757956255471733
0.0004885236009491793
0.0005850725564392847
0.000720698273139737
0.0006296926564142708
0.0006718133309812446
0.0008866278013410656
0.0012424916846702815
0.0013639547146161383
0.0013188169964573429
0.0016516942369395376
0.0
0.0
0.0
0.0
0.0020117309637080897
0.0016363886708254298
0.0010568120274483317
0.0006854256674039342
0.00047328622569738825
0.00031010992309804254
0.0
4.926687353155292e-7
1.141697713656506e-6
3.12419447989959e-6
8.890804795188557e-6
0.00014980140078044147
0.0002292290905662211
0.00016614399113471962
0.0003271405125516371
0.00043681017057674895
0.0008188042663675653
0.0009752760295764501
0.0011316443035608859
0.0015958477796059354
0.0
0.0
0.0
0.0
0.002293294534572115
0.002055663063519261
0.0013651926395062573
0.0008557503224567183
0.0005036716613462368
0.0002778921455961177
0.0
8.560235465432424e-7
1.4789741299529472e-6
3.638616732412262e-6
6.86381597712842e-5
0.00035836273294065504
0.00042930386397435996
0.00022895791573486073
0.00027692815974799843
0.0004063644461235577
0.0008208331911704744
0.0010259604774094492
0.0012680307613384366
0.0017768235165646798
0.0
0.0
0.0
0.0
0.0022085406457801287
0.001922624879263567
0.0012003951169155167
0.0007008295274122718
0.0003349099115434106
9.200215500541048e-5
4.3707885283797077e-7
0.0
0.0
2.322218184139343e-6
3.845929725893282e-5
0.00027306760620881036
0.00023001456621895162
0.0
6.0637273080146714e-5
0.00021706258436987195
0.0005255143093367548
0.0007706440523556532
0.0008059803235798008
0.0013604747404506263
0.0
0.0
0.0
0.0
0.0017614266329850354
0.0014992893197950234
0.0007674649211576505
0.00021845427829921522
3.095031986043084e-7
1.6706211367293547e-7
0.0
0.0
0.0
0.0
6.226784400788316e-7
3.936455000827652e-5
0.00010671625408336868
0.0
3.130670320729931e-5
1.0216096791522927e-6
0.00021521743738165303
0.0004429589126964983
0.0005048005095593828
0.0007993508314824085
0.0
0.0
0.0
0.0
0.0013826566482656696
0.001242710564785952
0.0005120208613581831
3.145714626165163e-5
4.0452179586669626e-7
4.987554111130456e-7
0.0
0.0
0.0
0.0
5.017765467314349e-7
0.0
1.190444640860322e-6
8.796047807373254e-7
3.183454793500822e-6
0.0
4.064833784056329e-6
3.4013142879724063e-6
4.855778654565148e-6
0.0004926572205453448
0.0
0.0
0.0
0.0
0.0008830009253088327
0.0008993491666951891
0.00015577779276040516
1.166014375168444e-6
1.761004649579788e-7
0.0
0.0
0.0
0.0
0.0
0.0
0.0
0.0
0.0
0.0
0.0
8.602985237141545e-6
3.3391866255013823e-6
5.3067915504676204e-6
0.0004336763895039059
0.0
0.0
0.0
0.0
0.0014951380800495519
0.0012074607418205586
0.00027332143166041236
8.137034071403958e-7
8.160363307598956e-7
0.0
0.0
0.0
0.0
0.0
0.0
0.0
0.0
0.0
0.0
0.0
4.3114080678075625e-6
4.215729662252515e-6
0.0002141963418036804
0.0007585898653935482
0.0
0.0
0.0
0.0
0.0010205710418107656
0.0009489786545634804
0.00017276285818859782
9.788282163739874e-7
0.0
0.0
0.0
0.0
0.0
0.0
0.0
0.0
0.0
0.0
0.0
0.0
0.0
4.22741056571577e-6
6.1634328957662105e-6
8.685565967089098e-6
0.0
0.0
0.0
0.0
0.0007306466988752698
0.0005449306977607385
3.026051648561853e-5
9.016386491245199e-7
0.0
0.0
0.0
0.0
0.0
0.0
0.0
0.0
0.0
0.0
0.0
0.0
2.7084360259155222e-6
4.100762078284507e-6
9.451558658279794e-6
0.00019331102374321824
0.0
0.0
0.0
0.0
0.000823672361523721
0.0006740399282959386
0.0001705787865959086
6.480679313779194e-7
0.0
0.0
0.0
0.0
0.0
0.0
0.0
0.0
0.0
0.0
0.0
0.0
3.5566243030164766e-6
3.4523479985228283e-6
3.219662945185587e-6
1.0617209690327229e-5
0.0
0.0
0.0
0.0
0.0011990128490180004
0.0009419396724916534
0.0002703009724820303
7.413938898419771e-7
2.640560801732072e-7
0.0
0.0
0.0
0.0
0.0
0.0
0.0
0.0
0.0
6.46841719448133e-7
1.0231590616020014e-6
2.478085038984625e-6
3.699096490252941e-5
0.0004260284547507671
0.0008207640556146886
0.0
0.0
0.0
0.0
0.001412627207290566
0.0012597414642019705
0.0006564633312746397
0.00011682165464183416
7.358321909084701e-7
0.0
0.0
0.0
0.0
0.0
6.289884980438096e-7
0.0
0.0
0.0
1.347928045067455e-6
2.3549685999867337e-6
5.7560100881234015e-6
7.817781747483455e-5
0.0001692637037069986
0.0005485917379810146
0.0
0.0
0.0
0.0
0.0014634798873985166
0.0012123562552482383
0.0006079860056711111
0.00015571178469934836
6.629768991673796e-7
4.688927432048175e-7
0.0
0.0
0.0
2.4683705504935266e-7
0.0
0.0
0.0
0.0
2.8966163289439004e-6
2.6903640717800972e-5
2.0785011055609677e-6
6.30151534444587e-5
0.0004075906776981682
0.0010097197905648905
0.0
0.0
0.0
0.0
0.0016679316577110999
0.0014178226362177963
0.0007689652399330089
0.0003278877111836621
6.145291411533381e-5
6.891229068418549e-7
0.0
0.0
0.0
0.0
0.0
0.0
0.0
0.0
1.4589710131437715e-6
2.349757275203194e-6
5.734625965330543e-6
0.00021048692083282128
0.0001993614349048576
0.0007730924021883491
0.0
0.0
0.0
0.0
0.001611648501740846
0.0013864726195697492
0.0006119116020621094
4.3354981132075234e-5
7.64837559557526e-7
0.0
0.0
0.0
0.0
0.0
0.0
0.0
0.0
0.0
7.127296615980849e-7
0.0
4.706604108126624e-6
0.000189857287127552
0.0001918908989145634
0.0003714174508335576
0.0
0.0
0.0
0.0
0.0011745047085331775
0.0009868660268574348
0.0007219483703694039
0.0006777229533003151
0.0003235023701643124
1.0938680391026046e-5
3.149937698226604e-7
0.0
3.4334912026915383e-6
4.1634283466760305e-6
7.501560868649624e-6
0.0001918415378582187
0.0003044801327843832
0.0001248794454599009
0.00016192099881384578
0.00017877160229091982
0.0004786203457289847
0.0006504780549954898
0.0008319894402158007
0.0011306120957864669
0.0
0.0
0.0
0.0
0.0012616201287441655
0.001076107750587715
0.0008714245356976089
0.0006893894657201524
0.0003396081613232585
9.542568338774249e-5
4.953033060822896e-7
0.0
0.0
4.03651903017139e-6
7.708461070180603e-7
3.961334416878032e-5
0.00010470736913018681
0.0
8.079523700359839e-5
4.7588477095320125e-5
0.0003156740951504089
0.0005380582033486339
0.0007024143877371621
0.0010775263507651087
0.0
0.0
0.0
0.0
0.0013650025347033442
0.0011578293717264957
0.0008463817877398141
0.0006272812170773385
0.00022862655603285849
4.151397040514912e-7
7.550077499482025e-7
0.0
4.92577712232039e-7
5.140833499723392e-6
0.00011946551770078083
0.00018464083272234322
6.099045074007924e-6
0.0
3.952283636999773e-6
0.0
5.159129252922352e-6
3.823595797138055e-6
0.00010412961949417368
0.0004359245348682576
0.0
0.0
0.0
0.0
0.0008466143929103284
0.0006895082157795475
0.0002962399617405511
4.1588232011697725e-5
6.449416328541186e-7
0.0
0.0
0.0
0.0
0.0
4.910653505987819e-7
0.0
0.0
0.0
0.0
0.0
2.02057166396485e-6
3.5467887704730825e-6
4.024152129445442e-6
8.156275772244387e-5
0.0
0.0
0.0
0.0
0.0005637275948777686
0.00031025551147116984
0.0
0.0
7.560953379337607e-7
0.0
0.0
0.0
0.0
0.0
0.0
0.0
0.0
0.0
3.3253300393660266e-6
1.9249810030334125e-6
0.0
2.5538612682567386e-6
0.00015817291673209666
0.0006573384523570774
0.0
0.0
0.0
0.0
0.0007229146986934627
0.0005594736832486635
0.00013360929219920613
3.047971775061792e-5
0.00012707562919962232
0.0
0.0
5.077915440813095e-7
1.3972752832621376e-6
5.380497728158561e-6
5.479586555524034e-5
6.917685649345204e-5
7.716224101830009e-5
0.0
3.1039280218020745e-6
0.0
0.00014896240362661736
0.0002472605939762998
0.00020329886202836148
