1.3948364809871626e-5
7.799370662049155e-5
8.231759103978752e-5
0.0001056178709378758
9.417439436796467e-5
0.000130815937739352
0.0001250709681405489
6.937055428157387e-5
4.830815278846818e-5
0.0
0.0
0.0
0.0
0.0
0.0
0.0
0.0
0.0
0.0
0.0
0.0
0.0
0.0
0.0
9.229178836673956e-6
8.264034476549397e-5
9.282320890103275e-5
0.0001283540154370384
0.00014667133048576415
0.00039531136478166513
0.0073255555329238406
0.004007337249178116
0.0021254771694970876
0.0007938102872519498
0.0004417754484448191
9.017095580677169e-5
2.157480944466153e-5
9.579147071776868e-5
5.943993571711389e-5
8.791408709902352e-5
0.00012691945157250725
0.0001998234469994794
0.0002973595010148361
0.0005026646171685626
0.0007429822038368394
0.0
0.0
0.0
0.0
0.0
0.0
0.0
2.7122446288839485e-6
4.291705523996924e-5
0.0053914072565458965
0.0034767573053721265
0.0020402382183850073
0.001169519755513088
0.0006070087327840271
0.00017810519624604024
4.624941066053452e-5
0.00012219023562624607
0.000108513606499186
0.0001439070081719522
0.0001607007453012583
0.00020172415145322886
0.0002494493449496516
0.0002793420161039889
0.00033008599803824545
0.0
0.0
0.0
0.0
0.0
0.0
0.0
0.0
0.0
0.002483174700259478
0.0018168623687772382
0.0011675906499111393
0.0009851887561774146
0.0004905924956398086
5.195866626794693e-5
3.288300332562329e-6
2.0787412425726366e-6
0.0
0.0
2.1250432165656516e-7
3.367784440477981e-5
0.00011023533640186843
0.00018609558770918072
0.00023540182296567585
0.0
0.0
0.0
0.0
0.0
0.0
0.0
0.0
0.0
0.0021403717546366104
0.001286764613126546
0.0008206252422812355
0.0007918018605459943
0.0006723661295297252
0.0002273242119422687
9.482716878747746e-5
0.00020322655207802775
0.00021210969009922512
0.0002628722874260164
0.0002595248958316028
0.00031422158027484017
0.0003453305632895262
0.0003921438131615294
0.00039504883580788433
0.0
0.0
0.0
0.0
0.0
0.0
0.0
0.0
0.0
0.0043888548486333175
0.0025926000443018747
0.0016924971603526756
0.0012465834780906427
0.0006962475052109852
0.00015826613356687463
4.3353713033799664e-5
0.00013499499685201927
7.456862892398103e-5
0.00010346047509247987
0.00013015787112089246
0.0001743833870740204
0.00024877818683938474
0.0003519662246827361
0.0004918851031124109
0.0
0.0
0.0
0.0
0.0
0.0
0.0
0.0
0.0
0.0
0.0
0.0
0.0
0.0
0.0
0.0
0.0
0.0
0.0
0.0
0.0
0.0
0.0
0.0
0.0
0.0
0.0
0.0
0.0
0.0
1.065078436813211e-5
3.238412774132333e-5
4.505731287698127e-5
5.4026137969839974e-5
3.3164084633074064e-5
8.048890923903914e-6
0.0
0.0
0.0
0.0
0.0
0.0
0.0
0.0
0.0
0.0
0.0
0.0
0.0
0.0
0.0
0.0
0.0
0.0
0.0
4.6784758710608714e-5
5.0442557179437004e-5
0.005836497813424029
0.0035681472030250558
0.0020940505521873792
0.001152819875719294
0.0006784619797444493
0.00021871598640899596
6.701334254256346e-5
0.00013155612095776132
7.474146322276956e-5
9.829201311632481e-5
0.00010099889510085606
0.00014632515518399824
0.00022741992863029066
0.0003063702754824699
0.00044613070804580063
0.0
0.0
0.0
0.0
0.0
0.0
0.0
0.0
0.0
0.004795220742596433
0.0032681730998659975
0.0019419858964971335
0.0010182225832803067
0.000479094463195155
5.450838940112587e-5
1.6162023294335023e-6
6.290755116203801e-6
0.0
0.0
2.0275111860346586e-7
2.2225286911678848e-5
0.00010621709312046674
0.00020874613549107113
0.0002728724026908378
0.0
0.0
0.0
0.0
0.0
0.0
0.0
0.0
0.0
0.0024017273912199932
0.0016415333456001459
0.0009615304699186265
0.0006574080398018642
0.0004351826056647651
0.00010585835604617227
2.0225319079421444e-5
8.163327422248468e-5
5.403180625768791e-5
8.264649212081229e-5
9.543637781310163e-5
0.00014599614364915268
0.00024618142629059917
0.00033082091359266225
0.0004487219599545382
0.0
0.0
0.0
0.0
0.0
0.0
0.0
0.0
2.6236205752392982e-5
0.005861860163301772
0.0033357634497874463
0.0016921153803346695
0.0006632776594375786
0.00029907953797465446
4.99683811910724e-6
0.0
5.955952590822959e-7
0.0
0.0
2.977783837150531e-7
0.0
5.3811499303749554e-5
0.00016777721353207397
0.00025570927352420964
0.0
0.0
0.0
0.0
0.0
0.0
0.0
0.0
0.0
0.0043754057947620545
0.0021897243933701586
0.000999425050813143
0.000598689297961941
0.00024091355041662804
3.170389746724861e-8
0.0
6.010818561332923e-7
0.0
2.723749583845795e-7
2.9200022269657605e-7
4.869928000370799e-5
0.0001375908787950964
0.0002223640946564951
0.00029837725297892097
0.0
0.0
0.0
0.0
0.0
0.0
0.0
0.0
0.0
2.019175038907422e-5
3.157969278163165e-6
0.0
0.0
0.0
0.0
0.0
0.0
0.0
0.0
0.0
0.0
0.0
0.0
0.0
0.0
0.0
0.0
0.0
0.0
0.0
0.0
0.0
0.0
0.0
0.0
0.0
0.0
0.0
0.0
0.0
0.0
0.0
0.0
0.0
0.0
0.0
0.0
0.0
0.0
0.0
0.0
0.0
0.0
0.0
0.0
0.0
0.0
0.0
0.0
0.0
0.0
0.0
0.0
0.0
0.0
0.0
0.0
0.0
0.0
0.0
0.0
0.0
0.0
0.0
0.0
0.0
0.0
0.0
0.0
0.0
0.0
0.0034738786356240253
0.002118221764463674
0.0011862135905889386
0.0008111687872670658
0.00041289183386204796
5.404345710412577e-5
6.20130816980756e-6
2.075796866914192e-6
0.0
1.9016322996532959e-7
7.056651283094396e-5
0.00019574027799446688
0.00029962723265889693
0.0009575911376569955
0.0015414284659270188
0.0
0.0
0.0
0.0
0.0
0.0
0.0
0.0
0.0
0.004181061741865883
0.002602996340362168
0.001907538955593469
0.0017047312898137048
0.0012750939023708219
0.0008325778847861002
0.0005643603670866721
0.0007026989953264815
0.0007820989694408973
0.0009224863017244634
0.0009910744172066976
0.0010685688597469316
0.0012721291515339617
0.001403791710768666
0.0016112986968544977
0.0
0.0
0.0
0.0
0.0
5.000096013640055e-5
5.291731644279305e-5
9.088942487722404e-5
0.00023603130909193398
0.006505177995665239
0.00426063717192115
0.0026591575750057133
0.0016880315939545236
0.001117536603050578
0.0008220674648976942
0.0006293317573505561
0.0006015178456830579
0.0004665990094855347
0.00043403287382291
0.000482462874204395
0.0007507683433563548
0.001032102389992949
0.00112288500627361
0.001295460324506536
0.0
0.0
0.0
0.0
0.0
2.4728038064067317e-5
4.3307695633328315e-5
5.3103732063980795e-5
0.0002613849681367517
0.006643681655747177
0.004512021683971238
0.0027612687703241273
0.0017353966575915033
0.0011946270457752596
0.0006303308424018038
0.0004258081091846451
0.00038871825183795514
0.0003042161823024703
0.00030414944946005764
0.0002763576941900465
0.0005123447217838064
0.0009081281930568062
0.0012462675097531367
0.0014825237565777721
0.0
0.0
0.0
0.0
0.0
2.5340912373027336e-5
3.15403441740471e-5
5.604366494158652e-5
0.0001992769728904411
0.00037191288011545525
5.741593629415019e-5
6.341052011344719e-5
2.4985797014689705e-5
0.0
0.0
0.0
0.0
0.0
0.0
0.0
0.0
0.0
0.0
0.0
0.0
0.0
0.0
0.0
0.0
1.7448107130408514e-5
2.849453589353376e-5
3.162284694363148e-5
3.3292422822628105e-5
4.4459263347338594e-5
1.0287532359761547e-5
0.0
0.0
0.0
0.0
0.0
0.0
0.0
0.0
0.0
0.0
0.0
0.0
0.0
0.0
0.0
0.0
0.0
0.0
6.851809898823933e-6
5.841267541914866e-5
6.860495058622694e-5
0.00023671393730884265
0.0065601288800701185
0.003938420836156122
0.002289738908728435
0.0012176611705511894
0.0006667821919861655
0.0002515349526974502
9.695324658568308e-5
0.00018118007360553952
0.00013189505764155145
0.00013042797689799248
0.00013459148165609528
0.00018869400004042022
0.00025783583684155513
0.0003489910019799849
0.0006012328422568956
0.0
0.0
0.0
0.0
0.0
0.0
0.0
1.916560003569177e-5
3.7684750707256294e-5
0.005505684826699786
0.003629077767582747
0.002043094028131445
0.0012969225662188884
0.0006092551932120492
0.00011728467930210819
1.075447746284838e-5
2.4174254483455152e-6
0.0
1.7934119773289615e-7
2.818828818705261e-7
1.3068393639737404e-5
9.794550918264895e-5
0.0001806553158156931
0.00023805226217928936
0.0
0.0
0.0
0.0
0.0
0.0
0.0
0.0
0.0
0.0038758963649614384
0.0029052468871522434
0.0011107782768115376
0.0003462163973490884
0.00017218856543564385
7.800588324696768e-8
0.0
6.460741496133859e-7
0.0
0.0
1.9163035481597462e-7
6.354657825273518e-6
9.248085537590851e-5
0.0001881568251443244
0.00027263343968023687
0.0
0.0
0.0
0.0
0.0
0.0
0.0
0.0
0.0
0.004226482493192073
0.002859585756239772
0.0010194348764640264
0.00031472716131487893
0.00012945522079937927
1.5630182235267676e-7
0.0
3.602251667294577e-7
0.0
2.052279050247713e-7
1.8340551942646968e-7
0.0
5.815447954782691e-7
4.384101773514113e-5
9.793646142972477e-5
0.0
0.0
0.0
0.0
0.0
0.0
0.0
0.0
0.0
0.00043343446628765113
0.00020473039610876612
4.298011410480117e-5
2.0070395086348416e-6
0.0
0.0
0.0
1.5177552201699914e-7
0.0
2.509075826257015e-7
1.755469745893122e-7
0.0
0.0
0.0
0.0
0.0
0.0
0.0
0.0
0.0
0.0
0.0
0.0
0.0
0.0
0.0
0.0
0.0
0.0
0.0
0.0
0.0
0.0
0.0
0.0
0.0
0.0
0.0
0.0
0.0
0.0
0.0
0.0
0.0
0.0
0.0
0.0
0.0
0.0
0.0
0.0
0.0
0.0
0.0
0.0
0.0
0.0
0.0
0.0
0.0
0.0
0.0
0.0
0.0
0.0
0.0
0.0
0.0
0.0
0.0
0.0
0.0
0.0017525473986533767
0.0010149165369610854
0.00045455664535134723
0.0002157179819000555
7.780631074878474e-5
2.1327473991019997e-7
0.0
5.776376868238672e-7
0.0
9.09490780050375e-8
2.0794926306658368e-7
0.0
2.3670812199737477e-5
9.752766334014645e-5
0.00015547319847149666
0.0
0.0
0.0
0.0
0.0
0.0
0.0
0.0
0.0
0.004735331496090078
0.0023506590432940517
0.0010893589121430452
0.0005346094254302173
0.00018534658769520456
0.0
0.0
6.424973254888474e-7
0.0
1.8597798621413912e-7
2.807474866926721e-7
2.946779668949441e-5
0.0001115871420665388
0.00020560471790871188
0.00028741174433504515
0.0
0.0
0.0
0.0
0.0
0.0
0.0
0.0
0.0
0.004939834760154124
0.0036292768139907154
0.0020940380254027505
0.0013644434428272774
0.0006976570634595318
0.00014882054083764732
1.4953762360563789e-5
6.725357327518336e-5
4.330880358347676e-5
5.5296367765101976e-5
6.133209484169346e-5
8.61322510868936e-5
0.00013922175904989382
0.00020212454587120528
0.0002734277904015015
0.0
0.0
0.0
0.0
0.0
0.0
0.0
1.0055801561993424e-5
2.7885842958036705e-5
0.005508067508854136
0.0040017983390139514
0.0023350397560890496
0.0013641261819846572
0.0005651759564244346
0.00011377380907395575
2.050632573981659e-5
8.894916427685188e-5
5.819701084457111e-5
3.312057659080426e-5
5.765646346236831e-6
3.34094155964585e-5
9.494467031266101e-5
0.0001562164811587339
0.0002240647295853769
0.0
0.0
0.0
0.0
0.0
0.0
0.0
2.607376928969062e-5
2.8397801339899052e-5
0.005291081976679802
0.003747984739316314
0.002201240768717368
0.0010218815687942685
0.00043353358595212146
8.446098967824922e-5
1.5982408892751994e-5
5.998277356602335e-5
3.595902684900515e-5
4.362069769175811e-5
6.68077281180251e-5
0.0001417499939676153
0.00019733064644911205
0.00029430691141253495
0.000457817195924789
0.0
0.0
0.0
0.0
0.0
0.0
0.0
0.0
0.0
0.0
4.502971632639824e-6
0.0
0.0
0.0
0.0
0.0
0.0
0.0
0.0
0.0
0.0
0.0
0.0
0.0
0.0
0.0
0.0
0.0
0.0
0.0
0.0
0.0
0.0
0.0
0.0
0.0
0.0
0.0
0.0
0.0
0.0
0.0
0.0
0.0
0.0
0.0
0.0
0.0
0.0
0.0
0.0
0.0
0.0
0.0
0.0
0.0
6.0075056539114385e-6
0.005178424662649218
0.0033906892812434197
0.0015666939815201046
0.0006781923502122144
0.00021543068217587006
0.0
0.0
8.695763371760724e-7
0.0
0.0
1.914742018357131e-7
0.0
1.851327975787281e-5
7.560328854232176e-5
0.00014248782713442894
0.0
0.0
0.0
0.0
0.0
0.0
0.0
0.0
0.0
0.0043626125282709306
0.0031364744404392504
0.0013452364343799841
0.00037835753673438904
0.00015850726015101155
5.043387800914477e-7
0.0
5.741195328780885e-7
0.0
0.0
2.009976216422172e-7
0.0
0.0
4.1597878117835477e-7
2.606733349202023e-5
0.0
0.0
0.0
0.0
0.0
0.0
0.0
0.0
0.0
0.001986048375693841
0.0020168776484428587
0.0007374121625067737
0.00021663054348894338
9.21119007493646e-5
1.9404061931482844e-7
0.0
5.402028683299638e-7
0.0
0.0
1.7182742353259912e-7
0.0
0.0
1.9000814864457622e-5
8.457103654758516e-5
0.0
0.0
0.0
0.0
0.0
0.0
0.0
0.0
0.0
0.004659126449145686
0.0028793751050841137
0.0011953764226845956
0.00039154972700406105
0.00014447074555250426
1.4272527601886816e-7
0.0
1.4406496467296907e-7
0.0
2.3968295192373374e-7
2.0493733247416048e-7
0.0
0.0
7.550781121743795e-7
3.5315149064467966e-5
0.0
0.0
0.0
0.0
0.0
0.0
0.0
0.0
0.0
0.002618878398478552
0.0018490718912055058
0.0007859235894697591
0.0002731569365719454
7.169291931346291e-5
2.3146779850486539e-7
0.0
8.338544781606582e-7
0.0
0.0
3.058538856939378e-7
0.0
2.111385334252873e-6
4.361666946169572e-5
0.0001007436752171321
0.0
0.0
0.0
0.0
0.0
0.0
0.0
0.0
0.0
0.0
0.0
0.0
0.0
0.0
0.0
0.0
0.0
0.0
0.0
0.0
0.0
0.0
0.0
0.0
0.0
0.0
0.0
0.0
0.0
0.0
0.0
0.0
1.7222390985183803e-5
4.091780867023107e-5
0.0
0.0
0.0
0.0
0.0
0.0
0.0
0.0
0.0
0.0
0.0
0.0
0.0
0.0
0.0
0.0
0.0
0.0
0.0
0.0
0.0
0.0
0.0
0.005177138680544804
0.0026462391148004607
0.0007263249565503534
0.0002645284110470195
0.00011854438893701184
1.7122131465819105e-7
0.0
5.285802349183076e-7
0.0
1.8291955301228123e-7
2.86558543625754e-7
0.0
0.0
1.613597071198644e-5
6.378070015394729e-5
0.0
0.0
0.0
0.0
0.0
0.0
0.0
0.0
0.0
0.002182831130775847
0.0014195517625437456
0.0008160517741938223
0.0007696831451506386
0.0005401380811621568
0.0001406762948014682
4.642005492773904e-5
0.0001184737158926029
9.155667786644691e-5
0.00011610133640290964
0.00011217325358842016
0.00012957267858968854
0.00018099778968926565
0.0002464585430161876
0.00029120196685426743
0.0
0.0
0.0
0.0
0.0
0.0
0.0
0.0
0.0
0.003893674780564228
0.003098680401988412
0.0013056199795368588
0.0008119001999992469
0.0006706379890870378
0.0005821643235458652
0.000668621387991885
0.0006075112157820494
0.0004443373558037962
0.0003553267280544944
0.0002545419419314677
0.00036818777429546153
0.0005556270334789786
0.0008125272563585712
0.001106611956830272
0.0
0.0
0.0
0.0
0.0
0.0
4.357356108173451e-5
7.263119796997485e-5
7.564566425457703e-5
0.006339193570753609
0.003940009302298824
0.0023407582174532517
0.0010993159748286423
0.0005427149622874879
0.00018342079580093253
3.996199986641935e-5
9.506419372279492e-5
6.060468087281557e-5
7.52678077510761e-5
6.287023833530714e-5
6.900839146388228e-5
0.00011061223446025212
0.0001504101368599704
0.0001812211249885804
0.0
0.0
0.0
0.0
0.0
0.0
0.0
0.0
0.0
0.0039421799478570165
0.0029960889782092797
0.0016449773639711962
0.0008672186968042765
0.0006175660739890082
0.00022908534473340796
0.0001331588192660308
0.0002615542568089593
0.00020066279867310896
0.0002071381016832276
0.00020100306164022493
0.00021269105161053024
0.0002683222196708446
0.00046565473477775884
0.0007920873801057083
0.0
0.0
0.0
0.0
0.0
1.251795971004465e-5
3.419070382741056e-5
5.448929205648004e-5
5.365282201478338e-5
8.729813151928573e-5
4.486383612076149e-5
2.696646280758083e-5
0.0
0.0
0.0
0.0
0.0
0.0
0.0
0.0
0.0
0.0
0.0
0.0
0.0
0.0
0.0
0.0
2.49454651788925e-5
5.688645730911629e-5
5.615478945683531e-5
0.0002360844326650526
0.00033032019735949024
0.0006062862838400151
0.00010426269272506316
6.295144115554321e-5
6.121772985141925e-6
0.0
0.0
0.0
0.0
0.0
0.0
0.0
0.0
0.0
0.0
0.0
0.0
0.0
0.0
0.0
0.0
1.86967301204649e-5
5.49183070414505e-5
9.583318652970455e-5
0.00014079663285893415
0.00036193894042103213
0.00011418347156316277
1.9858156903436694e-5
0.0
0.0
0.0
0.0
0.0
0.0
0.0
0.0
0.0
0.0
0.0
0.0
0.0
0.0
0.0
0.0
0.0
0.0
0.0
0.0
0.0
0.00460456849932299
0.002752883017303458
0.001041954966341772
0.0004030643473731237
0.00017702532397993254
0.0
0.0
0.00013995862595514463
0.0002368123940642824
0.00028836452147459283
0.00030841159791692455
0.00046405429830691296
0.0007021696798974701
0.0010907030327838461
0.0014129857822817928
0.0
0.0
0.0
0.0
0.0
1.9580867052883198e-5
3.767471857846673e-5
5.682340722227686e-5
6.31508745706224e-5
0.006107724723170079
0.003819964532140553
0.0021626261582548636
0.0013764630989462439
0.0008451684792171605
0.0004648125369563781
0.00028641598921370036
0.0003104467820221945
0.00026211935722874214
0.00025988093266513093
0.00021236791633681774
0.00024168238897280731
0.000324950746185402
0.0005705573208542063
0.0014840161734923196
0.0
0.0
0.0
0.0
1.693924734267662e-5
3.6738066425031064e-5
4.7858441902670463e-5
0.00024886779066370557
0.0003561217579690514
0.006903934331679896
0.0046063572029510875
0.002754635787304246
0.0015094355970708226
0.0006636924977475421
0.00016867039886568516
3.3496525695468994e-5
8.958329833462861e-5
3.5096280336522975e-5
4.9216664714103514e-5
3.832184800438022e-5
5.705855239547657e-5
0.00010417104409375504
0.00019652588018999329
0.0003088763149825114
0.0
0.0
0.0
0.0
0.0
0.0
0.0
1.558024415220171e-5
3.134673612015155e-5
0.00527734751088004
0.0034116159750345494
0.0013806420710234099
0.00038688577487370134
0.00014855672822979756
1.735010068908561e-7
0.0
3.7104107781647974e-7
0.0
2.1571978613421657e-7
1.84821367587414e-7
0.0
2.8410085699948807e-7
1.4311822673022433e-5
7.981362813981565e-5
0.0
0.0
0.0
0.0
0.0
0.0
0.0
0.0
0.0
0.0
0.0
0.0
0.0
0.0
0.0
0.0
0.0
0.0
0.0
0.0
0.0
0.0
0.0
0.0
0.0
0.0
0.0
0.0
0.0
0.0
0.0
0.0
0.0
0.0
0.0
0.0
0.0
0.0
0.0
0.0
0.0
0.0
0.0
0.0
0.0
0.0
0.0
0.0
0.0
0.0
0.0
0.0
0.0
0.0
0.0
0.0
0.0
0.00364357168482175
0.0019372244891089371
0.0004257411206948326
0.00013170076322928847
4.947620330810097e-5
2.4683757912058844e-7
3.3436991582345322e-9
3.578608842399465e-7
0.0
2.2191957724049178e-7
1.7809561843264328e-7
0.0
0.0
0.0
5.937831172837007e-7
0.0
0.0
0.0
0.0
0.0
0.0
0.0
0.0
0.0
0.002292817648776845
0.0012759693917368227
0.00025342292884495473
3.0111307584962827e-5
0.0
0.0
0.0
1.4655115601533866e-7
0.0
2.2772090564545753e-7
1.675341558826405e-7
0.0
0.0
1.8908376886907542e-7
1.2297068281385336e-6
0.0
0.0
0.0
0.0
0.0
0.0
0.0
0.0
0.0
0.0009443601604471882
0.00038953303347633717
9.134196773571083e-5
2.462202593229495e-6
0.0
0.0
0.0
1.985905886232728e-7
9.086412322887039e-9
2.3486787623060187e-7
1.6680063723871879e-7
0.0
0.0
0.0
0.0
0.0
0.0
0.0
0.0
0.0
0.0
0.0
0.0
0.0
0.0002211715555229233
7.513961093993127e-5
3.4436812247975034e-6
0.0
2.6101667545769145e-6
1.927496041948792e-6
0.0
1.4625218162316685e-7
0.0
2.2777478307133113e-7
1.695470679566565e-7
0.0
0.0
0.0
0.0
0.0
0.0
0.0
0.0
0.0
0.0
0.0
0.0
0.0
0.001394758654002939
0.0005845420224059591
0.0001784167173982022
0.00010332408438204148
4.7291431974851816e-5
2.082487632387937e-7
0.0
3.3804650477940166e-7
0.0
2.7906322535629764e-7
1.8125410719426352e-7
0.0
0.0
2.8627982865416064e-5
7.87201374231921e-5
0.0
0.0
0.0
0.0
0.0
0.0
0.0
0.0
0.0
0.0
0.0
0.0
0.0
0.0
0.0
0.0
0.0
0.0
0.0
0.0
0.0
0.0
0.0
0.0
0.0
0.0
0.0
0.0
0.0
0.0
0.0
0.0
0.0
5.696782622882172e-5
1.2391443620813131e-5
0.0
0.0
0.0
0.0
0.0
0.0
0.0
0.0
0.0
0.0
0.0
0.0
0.0
0.0
0.0
0.0
0.0
0.0
0.0
0.0
0.0
0.0
0.005681228438914742
0.0027167104415621725
0.0005995940903140628
0.00012577492157520977
5.747482015344093e-6
2.550780816758193e-7
0.0
1.4631845326427052e-7
0.0
2.3516428651843515e-7
1.6560670361402788e-7
0.0
0.0
0.0
0.0
0.0
0.0
0.0
0.0
0.0
0.0
0.0
0.0
0.0
0.0003780645757323426
0.0002941832374387612
0.00011354815716006272
3.082582089807176e-5
0.0
2.3509912493667959e-7
0.0
5.45731480327029e-7
0.0
0.0
1.5731920207404802e-7
0.0
0.0
0.0
8.944722388006127e-5
0.0
0.0
0.0
0.0
0.0
0.0
0.0
0.0
0.0
0.0009782842974552868
0.0007243192038752571
0.0003825361713396171
0.00039735118878488453
0.0003905007472851398
0.0001830481501681228
0.00011414964102498915
0.00016534238817919445
0.0001834464813856506
0.00038281986209919786
0.00043310290414114107
0.0005230058297162825
0.00068091608963344
0.0008985741093961854
0.001025082782930015
0.0
0.0
0.0
0.0
0.0
0.0
0.0
0.0
0.0
0.005826467204498889
0.0033994604467580715
0.0018992571166340912
0.0011644090057358397
0.0010582108670617453
0.0006309982458886225
0.0003014996193708847
0.00030070109848283084
0.00022661979321197015
0.0004363060857258771
0.001289000756776884
0.0009999122262949907
0.0007312864702193222
0.000839809756424857
0.0009930579355059562
0.0
0.0
0.0
0.0
0.0
0.0
0.0
4.3565399347735016e-5
5.634450150887345e-5
0.0058618639660646
0.003492260896464776
0.0017834616191065391
0.0006932578093666112
0.0004067135089797225
8.640956654251e-5
2.1349081866334223e-5
0.00011347052751007301
7.826470924167313e-5
7.677226748199497e-5
5.9179918675998864e-5
7.300381190275514e-5
9.889359586549183e-5
0.00012329991190643524
0.00016498536237919
0.0
0.0
0.0
0.0
0.0
0.0
0.0
0.0
0.0
0.0
0.0
0.0
0.0
0.0
0.0
0.0
0.0
0.0
0.0
0.0
0.0
0.0
0.0
0.0
0.0
0.0
0.0
0.0
0.0
0.0
0.0
0.0
0.0
0.0
0.0
0.0
0.0
0.0
0.0
0.0
0.0
0.0
0.0
0.0
0.0
0.0
0.0
0.0
0.0
0.0
0.0
0.0
0.0
0.0
0.0
0.0
0.0010408057552861148
0.001443019758674714
0.0007308763748168951
0.00014781075894955612
9.201497421824236e-6
0.0
0.0
1.4614688218994294e-7
0.0
2.2284093605281482e-7
2.669894615675057e-7
0.0
0.0
0.0
0.0
0.0
0.0
0.0
0.0
0.0
0.0
0.0
0.0
0.0
0.0013050313562063822
0.0005918947874730497
0.0002132834602098846
5.270717099222625e-5
0.0
0.0
0.0
3.0607763141868265e-7
0.0
2.2212867993999224e-7
1.670680713112825e-7
0.0
0.0
0.0
0.0
0.0
0.0
0.0
0.0
0.0
0.0
0.0
0.0
0.0
0.001122485367228253
0.0008177944358554767
0.00021734921566291115
3.320304524098318e-5
0.0
0.0
0.0
0.0
0.0
2.2860143447866357e-7
1.6346047107978335e-7
0.0
0.0
0.0
0.0
0.0
0.0
0.0
0.0
0.0
0.0
0.0
0.0
0.0
0.0008049911488051432
0.0005801061920002012
0.00017692509189877337
6.931382301557407e-6
0.0
0.0
0.0
0.0
0.0
2.177010560887256e-7
1.631141793067742e-7
0.0
0.0
0.0
0.0
0.0
0.0
0.0
0.0
0.0
0.0
0.0
0.0
0.0
0.0004798275905825489
0.0002396547383392116
5.523022918967963e-5
1.471249284713562e-7
0.0
0.0
0.0
0.0
0.0
0.0
1.6627840881345254e-7
0.0
0.0
0.0
0.0
0.0
0.0
0.0
0.0
0.0
0.0
0.0
0.0
0.0
0.0
0.0
0.0
0.0
0.0
0.0
0.0
0.0
0.0
0.0
0.0
0.0
0.0
0.0
0.0
0.0
0.0
0.0
0.0
0.0
0.0
0.0
0.0
0.0
0.0
0.0
0.0
0.0
0.0
0.0
0.0
0.0
0.0
0.0
0.0
0.0
0.0
0.0
0.0
0.0
0.0
0.0
0.0
0.0
0.0
0.0
0.0
0.0
0.0010793010663168734
0.0005478660098741806
0.0002929574368166637
0.00029115776100812057
0.00020380887988191333
1.1669392397405452e-7
0.0
7.022529166685191e-7
0.0
0.0
2.8261591893454854e-7
0.0
0.0
0.0
0.0
0.0
0.0
0.0
0.0
0.0
0.0
0.0
0.0
0.0
0.0007323461469922102
0.0003102966802115456
0.00011316015041259402
5.595703229712908e-5
0.0
0.0
9.047343789094903e-9
3.238329746110011e-7
2.6166476819849186e-7
3.7008941749812594e-7
1.6381550902118994e-7
0.0
0.0
0.0
0.0
0.0
0.0
0.0
0.0
0.0
0.0
0.0
0.0
0.0
0.0009873771137393372
0.0004567400583910648
0.00013786205266467575
4.626381562538171e-5
0.0
0.0
0.0
1.6149846596518335e-7
0.0
2.408378516148114e-7
1.584033389556627e-7
0.0
0.0
0.0
0.0
0.0
0.0
0.0
0.0
0.0
0.0
0.0
0.0
0.0
0.001593986238185472
0.0007710291156835684
0.00022602583946881267
8.203205262134763e-5
9.561145875066963e-7
2.545547317456954e-7
0.0
1.5870224848994648e-7
0.0
2.3447441760536883e-7
1.6194030327086956e-7
0.0
0.0
0.0
0.0
0.0
0.0
0.0
0.0
0.0
0.0
0.0
0.0
0.0
0.0012551996385259036
0.000720143601554646
0.00022417539525665742
4.736696008658821e-5
0.0
0.0
5.931925627948747e-9
1.5700804956655328e-7
0.0
2.3595624149911845e-7
2.67379639270709e-7
0.0
0.0
0.0
0.0
0.0
0.0
0.0
0.0
0.0
0.0
0.0
0.0
0.0
0.0
0.0
0.0
0.0
0.0
0.0
0.0
0.0
0.0
0.0
0.0
0.0
0.0
0.0
0.0
0.0
0.0
0.0
0.0
0.0
0.0
0.0
0.0
0.0
0.0
0.0
0.0
0.0
0.0
0.0
0.0
0.0
0.0
0.0
0.0
0.0
0.0
0.0
0.0
0.0
0.0
0.0
0.0
0.0
0.0
0.0
0.0
0.0
0.0013988516169522733
0.0007644175971816674
0.00024405002899792244
5.6777525337880485e-5
0.0
0.0
0.0
1.5039588853421194e-7
0.0
2.3220246520474586e-7
1.67684039111971e-7
0.0
0.0
0.0
0.0
0.0
0.0
0.0
0.0
0.0
0.0
0.0
0.0
0.0
0.0011118388890764884
0.0005894031608163361
0.00017811594094310418
5.38099258718576e-5
0.0
0.0
0.0
1.597416809788651e-7
0.0
2.3474724759987196e-7
1.554431540396772e-7
0.0
0.0
0.0
0.0
0.0
0.0
0.0
0.0
0.0
0.0
0.0
0.0
0.0
0.0007203197538415457
0.0003304567494236989
5.201875243305106e-5
0.0
0.0
0.0
0.0
0.0
0.0
2.299593756499133e-7
1.6722300979579759e-7
0.0
0.0
0.0
0.0
0.0
0.0
0.0
0.0
0.0
0.0
0.0
0.0
0.0
0.0006005190822847506
0.00024614193621155247
9.221290064121734e-6
0.0
0.0
8.675139490794882e-8
1.160137393269302e-7
0.0
0.0
0.0
1.6515805734673368e-7
0.0
0.0
0.0
0.0
0.0
0.0
0.0
0.0
0.0
0.0
0.0
0.0
0.0
5.7186701625559604e-5
1.6051229138678795e-5
1.1164698654218166e-7
0.0
0.0
0.0
0.0
2.4798080895141403e-7
0.0
2.393729081418285e-7
1.6286022630759288e-7
0.0
0.0
0.0
0.0
0.0
0.0
0.0
0.0
0.0
0.0
0.0
0.0
0.0
0.0
0.0
0.0
0.0
0.0
0.0
0.0
0.0
0.0
0.0
0.0
0.0
0.0
0.0
0.0
0.0
0.0
0.0
0.0
0.0
0.0
0.0
0.0
0.0
0.0
0.0
0.0
0.0
0.0
0.0
0.0
0.0
0.0
0.0
0.0
0.0
0.0
0.0
0.0
0.0
0.0
0.0
0.0
0.0
0.0
0.0
0.0
0.0
0.0001815915197952291
2.09410441742332e-5
1.3615849360969252e-7
0.0
1.2415493632896618e-7
2.3372542708279096e-7
1.587381800080558e-7
2.5032507290334953e-7
2.9448850707836523e-7
1.686743313753064e-7
1.6631724463739058e-7
0.0
0.0
0.0
0.0
0.0
0.0
0.0
0.0
0.0
0.0
0.0
0.0
0.0
0.00044838237602562626
0.0001891937227785403
2.5532584901289524e-5
0.0
0.0
0.0
0.0
0.0
0.0
2.401913339188203e-7
1.6348174750678578e-7
0.0
0.0
0.0
0.0
0.0
0.0
0.0
0.0
0.0
0.0
0.0
0.0
0.0
0.0010185803184227507
0.000287201879283956
1.9890550958808373e-5
0.0
0.0
0.0
0.0
0.0
0.0
2.409855820957627e-7
1.655159841782012e-7
0.0
0.0
0.0
0.0
0.0
0.0
0.0
0.0
0.0
0.0
0.0
0.0
0.0
0.0019810408873667104
0.0006058020575155055
0.00016892346503948307
4.821896205709465e-5
0.0
0.0
0.0
0.0
0.0
2.2863245664857315e-7
1.6434028995019687e-7
0.0
0.0
0.0
0.0
0.0
0.0
0.0
0.0
0.0
0.0
0.0
0.0
0.0
0.001011569143195437
0.0002806823925432687
2.2147256175670835e-5
0.0
0.0
0.0
0.0
0.0
0.0
0.0
1.675306649091437e-7
0.0
0.0
0.0
0.0
0.0
0.0
0.0
0.0
0.0
0.0
0.0
0.0
0.0
0.0
0.0
0.0
0.0
0.0
0.0
0.0
0.0
0.0
0.0
0.0
0.0
0.0
0.0
0.0
0.0
0.0
0.0
0.0
0.0
0.0
0.0
0.0
0.0
0.0
0.0
0.0
0.0
0.0
0.0
0.0
0.0
0.0
0.0
0.0
0.0
0.0
0.0
0.0
0.0
0.0
0.0
0.0
0.0
0.0
0.0
0.0
0.0
0.001182248014921328
0.00036732481233444264
9.684263333421643e-5
1.1213630636662765e-5
0.0
0.0
0.0
0.0
0.0
2.398264514433188e-7
2.6159534997276305e-7
0.0
0.0
0.0
0.0
0.0
0.0
0.0
0.0
0.0
0.0
0.0
0.0
0.0
0.0006203332157753996
0.00022074635849942466
2.3540760800392583e-5
0.0
0.0
0.0
0.0
0.0
0.0
2.4274845916396244e-7
1.6051073727888655e-7
0.0
0.0
0.0
0.0
0.0
0.0
0.0
0.0
0.0
0.0
0.0
0.0
0.0
0.0020313490164769648
0.0004781644355103966
9.536706762181759e-5
9.251734390882094e-6
0.0
0.0
0.0
0.0
0.0
2.391311996977578e-7
1.6078602504925367e-7
0.0
0.0
0.0
0.0
0.0
0.0
0.0
0.0
0.0
0.0
0.0
0.0
0.0
0.0010994198789642884
0.00028125052865960896
2.5173529102119767e-5
0.0
0.0
0.0
0.0
0.0
0.0
2.3463002175948458e-7
1.7076225865334165e-7
0.0
0.0
0.0
0.0
0.0
0.0
0.0
0.0
0.0
0.0
0.0
0.0
0.0
0.0008909682717036274
0.00028193064292770506
5.2358610495877046e-5
7.076337469745072e-7
0.0
0.0
0.0
0.0
0.0
0.0
1.6735343702349548e-7
0.0
0.0
0.0
0.0
0.0
0.0
0.0
0.0
0.0
0.0
0.0
0.0
0.0
0.0
0.0
0.0
0.0
0.0
0.0
0.0
0.0
0.0
0.0
0.0
0.0
0.0
0.0
0.0
0.0
0.0
0.0
0.0
0.0
0.0
0.0
0.0
0.0
0.0
0.0
0.0
0.0
0.0
0.0
0.0
0.0
0.0
0.0
0.0
0.0
0.0
0.0
0.0
0.0
0.0
0.0
0.0
0.0
0.0
0.0
0.0
0.0
0.00017968020250040906
1.6055894871221766e-5
1.2704783613343506e-7
0.0
2.541190142206443e-8
2.541169249033417e-8
0.0
0.0
0.0
0.0
1.634770454805007e-7
0.0
0.0
0.0
0.0
0.0
0.0
0.0
0.0
0.0
0.0
0.0
0.0
0.0
4.261457293866841e-5
1.0533067050116032e-7
1.2572278740281445e-7
0.0
0.0
0.0
0.0
0.0
0.0
2.0903882384805022e-7
1.6375049700650087e-7
0.0
0.0
0.0
0.0
0.0
0.0
0.0
0.0
0.0
0.0
0.0
0.0
0.0
0.0006805795624930817
0.0003043158573378088
0.00011849551791353778
8.701057351120094e-5
2.9141493295608423e-5
2.0902131522699348e-7
0.0
5.627612941513394e-7
0.0
0.0
1.6923463286969262e-7
0.0
0.0
0.0
0.0
0.0
0.0
0.0
0.0
0.0
0.0
0.0
0.0
0.0
0.0011236426763697094
0.0003530733903950357
8.766300506170644e-5
4.3336991051144836e-5
1.0396607502226226e-6
2.2422226089656635e-7
0.0
5.636124923617059e-7
6.747083563050132e-9
0.0
1.5570364906264518e-7
0.0
0.0
0.0
0.0
0.0
0.0
0.0
0.0
0.0
0.0
0.0
0.0
0.0
0.0021537788050383323
0.0006975781455848622
0.0002092411719598679
0.00011703562646990481
1.348957377012158e-5
2.6937228547247716e-7
0.0
1.466056413249471e-7
0.0
2.341364081009134e-7
1.6329224497891485e-7
0.0
0.0
0.0
0.0
0.0
0.0
0.0
0.0
0.0
0.0
0.0
0.0
0.0
0.0
0.0
0.0
0.0
0.0
0.0
0.0
0.0
0.0
0.0
0.0
0.0
0.0
0.0
0.0
0.0
0.0
0.0
0.0
0.0
0.0
0.0
0.0
0.0
0.0
0.0
0.0
0.0
0.0
0.0
0.0
0.0
0.0
0.0
0.0
0.0
0.0
0.0
0.0
0.0
0.0
0.0
0.0
0.0
0.0
0.0
0.0
0.0
0.0013340994913255083
0.0003667317500693148
7.619954751658314e-5
3.5685544677575347e-6
0.0
0.0
0.0
0.0
0.0
0.0
1.5506824808930818e-7
0.0
0.0
0.0
0.0
0.0
0.0
0.0
0.0
0.0
0.0
0.0
0.0
0.0
0.0005397344492158307
0.00010563915269991257
1.5188060839004474e-7
0.0
0.0
0.0
0.0
0.0
0.0
0.0
1.494299570611156e-7
0.0
0.0
0.0
0.0
0.0
0.0
0.0
0.0
0.0
0.0
0.0
0.0
0.0
0.0004960449400964614
0.00010480151850410135
1.409513408203388e-7
0.0
0.0
0.0
0.0
0.0
0.0
0.0
1.4906580346916792e-7
0.0
0.0
0.0
0.0
0.0
0.0
0.0
0.0
0.0
0.0
0.0
0.0
0.0
0.00029323558999673726
4.536526284402588e-5
1.3310469072133298e-7
0.0
0.0
0.0
0.0
0.0
0.0
0.0
1.553884193172148e-7
0.0
0.0
0.0
0.0
0.0
0.0
0.0
0.0
0.0
0.0
0.0
0.0
0.0
0.00035972079599778375
5.698045388282047e-5
1.5007633130051555e-7
0.0
0.0
0.0
0.0
0.0
0.0
0.0
1.49146722198827e-7
0.0
0.0
0.0
0.0
0.0
0.0
0.0
0.0
0.0
0.0
0.0
0.0
0.0
0.0
0.0
0.0
0.0
0.0
0.0
0.0
0.0
0.0
0.0
0.0
0.0
0.0
0.0
0.0
0.0
0.0
0.0
0.0
0.0
0.0
0.0
0.0
0.0
0.0
0.0
0.0
0.0
0.0
0.0
0.0
0.0
0.0
0.0
0.0
0.0
0.0
0.0
0.0
0.0
0.0
0.0
0.0
0.0
0.0
0.0
0.0
0.0
3.916278108143552e-5
1.4524673721102217e-7
1.2701304156696883e-7
0.0
0.0
0.0
0.0
0.0
0.0
0.0
2.3305145331511443e-7
0.0
0.0
0.0
0.0
0.0
0.0
0.0
0.0
0.0
0.0
0.0
0.0
0.0
4.442555613530693e-7
1.1277558699552511e-7
8.915025384787248e-8
0.0
0.0
0.0
0.0
0.0
0.0
0.0
1.4839376365142857e-7
0.0
0.0
0.0
0.0
0.0
0.0
0.0
0.0
0.0
0.0
0.0
0.0
0.0
1.1528719388302731e-5
1.0602417660488473e-7
1.2256662484022368e-7
0.0
0.0
0.0
0.0
2.3660355789937395e-7
2.8391512658901503e-7
2.7060686628932467e-7
1.772647239670646e-7
0.0
0.0
0.0
0.0
0.0
0.0
0.0
0.0
0.0
0.0
0.0
0.0
0.0
3.694693661629205e-6
1.095712922186592e-7
1.213698967431721e-7
1.2083171585191488e-7
2.3395747173256295e-7
1.8130858940210784e-7
2.6741645733504294e-7
2.6841578708446325e-7
2.4157463675755963e-7
1.128403819177425e-7
1.506325516797609e-7
0.0
0.0
0.0
0.0
0.0
0.0
0.0
0.0
0.0
0.0
0.0
0.0
0.0
7.275580473727641e-7
1.0626005478698445e-7
1.2218088697118332e-7
4.891395192070993e-8
1.7756464681667314e-7
8.948504297673401e-8
0.0
0.0
0.0
0.0
3.5670200715672056e-7
0.0
0.0
0.0
0.0
0.0
0.0
0.0
0.0
0.0
0.0
0.0
0.0
0.0
0.0
0.0
0.0
0.0
0.0
0.0
0.0
0.0
0.0
0.0
0.0
0.0
0.0
0.0
0.0
0.0
0.0
0.0
0.0
0.0
0.0
0.0
0.0
0.0
0.0
0.0
0.0
0.0
0.0
0.0
0.0
0.0
0.0
0.0
0.0
0.0
0.0
0.0
0.0
0.0
0.0
0.0
0.0
0.0
0.0
0.0
0.0
0.0
0.0002381127272869177
1.5132548358490894e-5
1.571765697766969e-7
0.0
0.0
0.0
0.0
0.0
0.0
0.0
1.5446508300618613e-7
0.0
0.0
0.0
0.0
0.0
0.0
0.0
0.0
0.0
0.0
0.0
0.0
0.0
0.00012115018970143477
4.600229534529706e-7
1.240348210091827e-7
0.0
0.0
0.0
0.0
0.0
0.0
0.0
1.5943499687278096e-7
0.0
0.0
0.0
0.0
0.0
0.0
0.0
0.0
0.0
0.0
0.0
0.0
0.0
9.404836581401965e-6
1.0064222265382172e-7
1.2402291436025677e-7
0.0
0.0
0.0
0.0
0.0
0.0
0.0
1.6027460413177508e-7
0.0
0.0
0.0
0.0
0.0
0.0
0.0
0.0
0.0
0.0
0.0
0.0
0.0
0.0001497438314596903
1.0268666719998248e-6
1.4995665001058725e-7
0.0
0.0
0.0
0.0
0.0
0.0
0.0
1.558705960270027e-7
0.0
0.0
0.0
0.0
0.0
0.0
0.0
0.0
0.0
0.0
0.0
0.0
0.0
0.00019547061980193127
1.3527438202178895e-5
1.1898150566786347e-7
0.0
0.0
0.0
0.0
0.0
0.0
2.48479781745002e-7
1.6414397842970025e-7
0.0
0.0
0.0
0.0
0.0
0.0
0.0
0.0
0.0
0.0
0.0
0.0
0.0
0.0
0.0
0.0
0.0
0.0
0.0
0.0
0.0
0.0
0.0
0.0
0.0
0.0
0.0
0.0
0.0
0.0
0.0
0.0
0.0
0.0
0.0
0.0
0.0
0.0
0.0
0.0
0.0
0.0
0.0
0.0
0.0
0.0
0.0
0.0
0.0
0.0
0.0
0.0
0.0
0.0
0.0
0.0
0.0
0.0
0.0
0.0
0.0
0.000536883211159549
9.451581717774303e-5
1.4853250370005684e-7
0.0
0.0
0.0
0.0
0.0
0.0
0.0
5.70315982512632e-7
0.0
0.0
0.0
0.0
0.0
0.0
0.0
0.0
0.0
0.0
0.0
0.0
0.0
0.0005014965328086831
7.682131235934873e-5
1.5628572000944285e-7
0.0
7.713139171848857e-9
0.0
0.0
0.0
0.0
0.0
5.632648382628717e-7
0.0
0.0
0.0
0.0
0.0
0.0
0.0
0.0
0.0
0.0
0.0
0.0
0.0
0.00010191859645449676
4.5652607884985276e-7
1.2919183164436896e-7
0.0
0.0
0.0
0.0
0.0
0.0
0.0
3.599346430936674e-7
0.0
0.0
0.0
0.0
0.0
0.0
0.0
0.0
0.0
0.0
0.0
0.0
0.0
0.00030482751749435496
1.9167748007354148e-5
1.6205025510215246e-7
0.0
0.0
0.0
0.0
0.0
0.0
0.0
2.859761149835165e-7
0.0
0.0
0.0
0.0
0.0
0.0
0.0
0.0
0.0
0.0
0.0
0.0
0.0
3.6454017783904436e-5
1.4061617774279331e-7
1.1706929689501383e-7
0.0
0.0
0.0
0.0
0.0
0.0
0.0
0.0
0.0
0.0
0.0
0.0
0.0
0.0
0.0
0.0
0.0
0.0
0.0
0.0
0.0
0.0
0.0
0.0
0.0
0.0
0.0
0.0
0.0
0.0
0.0
0.0
0.0
0.0
0.0
0.0
0.0
0.0
0.0
0.0
0.0
0.0
0.0
0.0
0.0
0.0
0.0
0.0
0.0
0.0
0.0
0.0
0.0
0.0
0.0
0.0
0.0
0.0
0.0
0.0
0.0
0.0
0.0
0.0
0.0
0.0
0.0
0.0
0.0
3.745725240622757e-7
0.0
9.183633397531367e-8
0.0
0.0
0.0
0.0
0.0
0.0
0.0
2.8015173746232835e-7
7.24622668691365e-9
0.0
0.0
0.0
0.0
0.0
0.0
0.0
0.0
0.0
0.0
0.0
0.0
2.085429763299678e-5
1.125261696750184e-7
1.2040301271831037e-7
0.0
0.0
0.0
0.0
0.0
0.0
0.0
5.698352186874245e-7
0.0
0.0
0.0
0.0
0.0
0.0
0.0
0.0
0.0
0.0
0.0
0.0
0.0
0.0002554419264251122
1.2316707563158787e-5
1.6243966927509664e-7
0.0
0.0
0.0
0.0
0.0
0.0
0.0
5.597209883724829e-7
0.0
0.0
0.0
0.0
0.0
0.0
0.0
0.0
0.0
0.0
0.0
0.0
0.0
0.00019910350074487615
4.030034563312445e-6
1.6832061202485053e-7
0.0
0.0
0.0
0.0
0.0
0.0
0.0
3.564457055947904e-7
0.0
0.0
0.0
0.0
0.0
0.0
0.0
0.0
0.0
0.0
0.0
0.0
0.0
6.258728923854815e-5
1.5651743742309875e-7
1.162373735742721e-7
0.0
0.0
0.0
0.0
0.0
0.0
0.0
0.0
0.0
0.0
0.0
0.0
0.0
0.0
0.0
0.0
0.0
0.0
0.0
0.0
0.0
0.0
0.0
0.0
1.6853174383641172e-6
0.0
0.0
0.0
0.0
0.0
0.0
0.0
0.0
0.0
0.0
0.0
0.0
0.0
0.0
0.0
0.0
0.0
0.0
0.0
0.0
0.0
0.0
0.0
0.0
0.0
0.0
0.0
0.0
0.0
0.0
0.0
0.0
0.0
0.0
0.0
0.0
0.0
0.0
0.0
0.0
0.0
0.0
0.0
0.0
0.0
0.0
1.1322633021046168e-6
0.0
0.0
0.0
0.0
0.0
0.0
0.0
0.0
0.0
0.0
0.0
0.0
0.0
0.0
0.0
0.0
0.0
0.0
0.0
0.0
0.0
4.2808135520701755e-7
0.0
9.10965846937066e-8
0.0
0.0
0.0
0.0
0.0
0.0
0.0
0.0
0.0
0.0
5.706793591436819e-9
0.0
0.0
0.0
0.0
0.0
0.0
0.0
0.0
0.0
0.0
4.822536229924278e-7
0.0
8.832164473108962e-8
0.0
0.0
0.0
0.0
0.0
0.0
0.0
0.0
0.0
0.0
0.0
0.0
0.0
0.0
0.0
0.0
0.0
0.0
0.0
0.0
0.0
4.301095966026101e-7
9.921662409732407e-8
1.7323292057933038e-7
2.490898285881362e-7
1.8252895346915582e-7
2.1335984741723305e-7
2.801540841640188e-7
2.560856245244531e-7
7.495538901040922e-8
1.7956740011686996e-7
4.6891152911483503e-7
4.3977088281485664e-8
0.0
0.0
0.0
0.0
0.0
0.0
0.0
0.0
0.0
0.0
0.0
0.0
2.399636069867573e-6
1.2896164492029525e-7
1.7052340069949187e-7
1.5272039641985254e-7
1.8906079087630467e-7
2.166820123329321e-7
2.0014277001896613e-7
2.2605021077403214e-7
2.597006172524467e-7
3.0869790057902924e-7
5.651284007970941e-7
2.634355940645833e-7
2.336537001519824e-7
1.8788159916109877e-7
2.473940320701085e-7
0.0
0.0
0.0
0.0
0.0
0.0
0.0
0.0
0.0
0.0
0.0
0.0
0.0
0.0
0.0
0.0
0.0
0.0
0.0
0.0
0.0
0.0
0.0
0.0
0.0
0.0
0.0
0.0
0.0
0.0
0.0
0.0
0.0
0.0
0.0
0.0
7.676269326664442e-7
0.0
0.0
0.0
0.0
0.0
0.0
0.0
0.0
0.0
0.0
0.0
0.0
0.0
0.0
0.0
0.0
0.0
0.0
0.0
0.0
1.779763136658631e-7
0.0
1.096593368171678e-7
0.0
0.0
0.0
0.0
0.0
0.0
0.0
0.0
0.0
0.0
0.0
0.0
0.0
0.0
0.0
0.0
0.0
0.0
0.0
0.0
0.0
2.8512099660854994e-7
0.0
1.9138992420567396e-7
0.0
0.0
0.0
0.0
0.0
0.0
0.0
0.0
0.0
0.0
0.0
0.0
0.0
0.0
0.0
0.0
0.0
0.0
0.0
0.0
0.0
2.990371977155633e-7
0.0
0.0
0.0
0.0
0.0
0.0
0.0
0.0
0.0
0.0
0.0
0.0
0.0
0.0
0.0
0.0
0.0
0.0
0.0
0.0
0.0
0.0
0.0
3.4016029282979323e-7
0.0
0.0
0.0
0.0
0.0
0.0
0.0
0.0
0.0
0.0
0.0
0.0
0.0
0.0
0.0
0.0
0.0
0.0
0.0
0.0
0.0
0.0
0.0
3.5533303270027187e-7
0.0
0.0
0.0
0.0
0.0
0.0
0.0
0.0
0.0
0.0
0.0
0.0
0.0
0.0
0.0
0.0
0.0
0.0
0.0
0.0
0.0
0.0
0.0
0.0
0.0
0.0
0.0
0.0
0.0
0.0
0.0
0.0
0.0
0.0
0.0
0.0
0.0
0.0
0.0
0.0
0.0
0.0
0.0
0.0
0.0
0.0
0.0
0.0
1.3755616009778085e-6
0.0
0.0
0.0
0.0
0.0
0.0
0.0
0.0
0.0
0.0
0.0
0.0
0.0
0.0
0.0
0.0
0.0
0.0
0.0
0.0
0.0
0.0
3.510077072944125e-7
0.0
2.1182757711400593e-7
2.4741990757584445e-7
2.699649275726355e-7
0.0
0.0
2.3105320104688683e-7
1.9721394483788088e-7
1.7174765236261646e-7
4.7606091988246205e-7
2.4048553435479675e-7
2.2310326642063814e-7
8.661969487133878e-8
2.311559175790816e-7
0.0
0.0
0.0
0.0
0.0
0.0
0.0
0.0
0.0
2.066718346971209e-9
9.09712103018173e-8
2.919173744214849e-7
2.2564081770405778e-7
2.39419745803825e-7
2.3404423375160235e-7
1.292709809726782e-7
1.3945997366684465e-7
2.716759918422217e-7
3.403827001743322e-7
7.229629634012819e-7
2.3219611499405318e-7
2.2164955201620627e-7
2.2464629336272107e-7
1.6489331436473206e-7
0.0
0.0
0.0
0.0
0.0
0.0
0.0
0.0
0.0
3.2151630916376e-5
1.4258910854239445e-7
2.4159729396588376e-7
2.252244276435336e-7
1.9376500930218548e-7
0.0
0.0
0.0
0.0
0.0
0.0
0.0
0.0
0.0
0.0
0.0
0.0
0.0
0.0
0.0
0.0
0.0
0.0
0.0
1.959915735572269e-6
1.3238817021012687e-7
1.1597307284180065e-7
0.0
0.0
0.0
0.0
0.0
0.0
0.0
2.0983543805067356e-7
0.0
0.0
0.0
0.0
0.0
0.0
0.0
0.0
0.0
0.0
0.0
0.0
0.0
0.00015371540265126497
5.863485844410547e-7
1.4806209483524991e-7
0.0
0.0
0.0
0.0
0.0
0.0
0.0
0.0
0.0
0.0
0.0
0.0
0.0
0.0
0.0
0.0
0.0
0.0
0.0
0.0
0.0
0.0
0.0
0.0
9.916007121377957e-7
0.0
0.0
0.0
0.0
0.0
0.0
0.0
0.0
0.0
0.0
0.0
0.0
0.0
0.0
0.0
0.0
0.0
0.0
0.0
0.0
0.0
0.0
5.656267609302303e-7
0.0
0.0
0.0
0.0
0.0
0.0
0.0
0.0
0.0
0.0
0.0
0.0
0.0
0.0
0.0
0.0
0.0
0.0
0.0
0.0
0.0
2.008391974572043e-7
0.0
0.0
0.0
0.0
0.0
0.0
0.0
0.0
0.0
0.0
0.0
0.0
0.0
0.0
0.0
0.0
0.0
0.0
0.0
0.0
0.0
0.0
0.0
2.0671490017968413e-7
0.0
1.0795467893122266e-7
0.0
0.0
0.0
0.0
0.0
0.0
0.0
0.0
0.0
0.0
0.0
0.0
0.0
0.0
0.0
0.0
0.0
0.0
0.0
0.0
0.0
3.194971857140141e-7
0.0
0.0
0.0
0.0
0.0
0.0
0.0
0.0
0.0
0.0
0.0
0.0
0.0
0.0
0.0
0.0
0.0
0.0
0.0
0.0
0.0
0.0
0.0
2.797431442132534e-7
0.0
0.0
0.0
0.0
0.0
0.0
0.0
0.0
0.0
0.0
0.0
0.0
0.0
0.0
0.0
0.0
0.0
0.0
0.0
0.0
0.0
0.0
0.0
3.3563720607684604e-7
0.0
0.0
0.0
0.0
0.0
0.0
0.0
0.0
0.0
0.0
0.0
0.0
0.0
0.0
0.0
0.0
0.0
0.0
0.0
0.0
0.0
0.0
0.0
0.0
0.0
0.0
0.0
0.0
0.0
0.0
0.0
0.0
0.0
0.0
0.0
0.0
0.0
0.0
0.0
0.0
0.0
0.0
0.0
0.0
0.0
0.0
0.0
0.0
0.0
0.0
0.0
0.0
0.0
0.0
0.0
0.0
0.0
0.0
0.0
0.0
0.0
0.0
0.0
0.0
0.0
0.0
0.0
0.0
0.0
0.0
0.0
4.2542890518175174e-7
0.0
1.241684757775496e-7
2.5290794328708113e-7
2.3807643196289313e-7
1.3865404061711184e-7
1.2804549611016948e-7
2.5051319468091653e-7
0.0
0.0
0.0
0.0
0.0
0.0
0.0
0.0
0.0
0.0
0.0
0.0
0.0
0.0
0.0
0.0
4.459181757877332e-7
2.5446203443895136e-7
2.2233707183922381e-7
2.129614981164203e-7
2.3219457682921944e-7
1.8131910739123123e-7
2.1267054836027325e-7
1.1577729423539984e-7
0.0
0.0
0.0
0.0
0.0
0.0
0.0
0.0
0.0
0.0
0.0
0.0
0.0
0.0
0.0
0.0
4.5383724482112576e-7
7.12292175483298e-9
0.0
2.2150788883404101e-7
2.1752324733570812e-7
2.041012178325982e-7
1.1247735907390965e-7
7.831828530014353e-8
0.0
0.0
0.0
0.0
0.0
0.0
0.0
4.866344045290518e-9
4.226308434595963e-9
8.044567740886541e-9
1.5619635824679503e-9
6.580516267029609e-9
0.0
0.0
0.0
0.0
9.439340388498368e-7
3.468371282808154e-7
2.816382936555811e-7
2.20408396234837e-7
1.6909287768920318e-7
1.79838763318132e-7
1.813610016166401e-7
1.3494659143435923e-7
5.2816565095300305e-8
4.845651205904462e-8
6.230115481613003e-8
6.263160997403856e-8
5.8381361032040065e-8
5.904182121984607e-8
1.4899708835133288e-7
1.3034260971126617e-8
6.0670187867025076e-9
1.7421724768497267e-8
1.0182412310862765e-8
0.0
0.0
0.0
0.0
0.0
4.097606249919104e-7
1.5215662944847065e-7
1.4791045650370222e-7
1.5443061657534755e-7
1.487282999865132e-7
1.6837801885507856e-7
8.082727333717026e-8
6.281895007602624e-8
4.945157703786974e-8
5.4713926684790244e-8
5.5568438199604094e-8
6.259929393423835e-8
6.169772778902693e-8
1.6092961014651125e-7
2.4746712334288876e-7
6.7104688782886215e-9
0.0
0.0
0.0
0.0
0.0
0.0
0.0
0.0
0.0
0.0
0.0
0.0
1.3633154056543006e-9
2.107907322097803e-9
0.0
0.0
0.0
0.0
0.0
0.0
0.0
0.0
0.0
0.0
0.0
0.0
0.0
0.0
0.0
0.0
0.0
0.0
0.0
0.0
0.0
0.0
0.0
0.0
1.74716350163319e-8
5.454198913703032e-9
2.6749556280440733e-9
1.4241978866643963e-9
3.873338287350636e-9
1.824605308166609e-9
3.7971494409203136e-9
1.6582663553366488e-9
0.0
0.0
0.0
0.0
0.0
0.0
0.0
0.0
0.0
0.0
7.339503003070171e-8
1.7601658487392538e-7
0.0
0.0
0.0
0.0
0.0
2.4748360050330054e-7
8.502317260970584e-8
8.164586285629065e-8
9.051104789770153e-8
0.0
2.6777471174382067e-7
0.0
0.0
0.0
0.0
0.0
0.0
0.0
0.0
0.0
0.0
0.0
0.0
0.0
0.0
0.0
0.0
0.0
0.0
0.0
0.0
9.967614170671178e-9
0.0
6.259230209261705e-9
0.0
4.003177088680067e-9
0.0
0.0
0.0
0.0
0.0
0.0
0.0
0.0
0.0
0.0
3.256888230578236e-7
0.0
0.0
7.922432679471717e-8
0.0
0.0
0.0
0.0
0.0
0.0
0.0
0.0
0.0
0.0
0.0
0.0
0.0
0.0
0.0
0.0
0.0
0.0
0.0
0.0
5.269381743236737e-7
0.0
0.0
0.0
0.0
0.0
0.0
0.0
0.0
0.0
0.0
0.0
0.0
0.0
0.0
0.0
0.0
0.0
0.0
0.0
0.0
0.0
0.0
0.0
0.0
0.0
0.0
0.0
0.0
0.0
0.0
0.0
0.0
7.955405449588348e-8
4.674196909894748e-8
1.088511430156287e-8
0.0
0.0
2.6158632411829363e-8
6.12886614278687e-9
0.0
0.0
0.0
0.0
0.0
0.0
0.0
0.0
0.0
0.0
0.0
5.18564276865875e-9
2.640679876294519e-9
1.0434159778944687e-8
2.104711556210757e-9
4.2551805701700295e-9
1.5725254072729859e-9
6.251310338422285e-9
7.693630871371231e-10
1.1985114811541992e-9
1.6130527047693521e-9
4.427979564679202e-9
0.0
0.0
0.0
3.5236547910934058e-9
0.0
0.0
0.0
0.0
0.0
0.0
0.0
0.0
0.0
7.662302718633406e-9
3.902566862150092e-9
9.713069832564881e-9
9.255865425814933e-9
6.5572588084121954e-9
3.319762965385919e-9
6.236368814906484e-9
5.519489997212969e-9
1.528401155513033e-8
6.492128873956045e-9
1.5358656858267888e-8
3.664656481734287e-9
3.772276791360423e-9
3.2900683815430622e-9
0.0
0.0
0.0
0.0
0.0
0.0
0.0
9.83965187460717e-8
5.557445956126333e-7
6.340093718213941e-8
7.247698805883707e-8
1.0401263399075132e-7
1.3782307518316977e-7
1.4124260472315725e-7
1.5712633189882214e-7
1.693905873680672e-7
1.549837593842197e-7
1.315526382039394e-7
1.9135918817350563e-7
0.0
0.0
0.0
1.568172986716716e-8
4.225693382684188e-9
0.0
0.0
0.0
0.0
0.0
0.0
0.0
1.0203315176901824e-7
5.257926931393871e-7
1.9543751619319995e-7
1.8297968682048245e-7
1.2624542591231675e-7
1.4381560091992895e-7
1.4406518722454563e-7
1.5780720647134266e-7
1.6661103911447726e-7
3.846508362587291e-8
4.1194998938647063e-8
4.596014140917734e-8
1.0607129987732258e-7
9.322593615581392e-8
6.27300604018795e-8
1.4494279993420163e-8
1.0713920066763393e-8
1.264545036426159e-8
6.306262674452777e-9
0.0
0.0
0.0
0.0
0.0
8.707910426017589e-8
4.791198340748841e-7
2.015139155552199e-7
1.7930256647030272e-7
2.0868534618705564e-7
1.5606567137042152e-7
1.2439411472606855e-7
1.6706934049113065e-7
2.114843254420592e-7
1.898892230374437e-7
1.6100294267450584e-7
1.6751059547161843e-7
1.0936666803232041e-8
7.115222127857616e-8
1.3395113355507134e-8
1.0401355757203969e-8
7.417526195587814e-9
8.00020178787861e-9
0.0
0.0
0.0
0.0
0.0
0.0
9.826942982304002e-8
5.412614706517561e-7
1.7437727262841952e-7
1.7714924423377848e-7
2.3068472126941407e-7
2.547202034800134e-7
1.5913873097206807e-7
1.4732255938926219e-7
1.3596177073323658e-7
1.83218329542919e-7
1.8961542529253098e-7
1.625494009121437e-7
7.205863442652828e-8
6.289089084245417e-8
0.0
1.8299641987643526e-8
8.328112097200359e-9
0.0
0.0
0.0
0.0
0.0
0.0
0.0
0.0
5.08609091678108e-7
2.505682158823143e-7
2.0246699697782915e-7
1.2989394536068706e-7
1.6687259562316696e-7
1.8293659478681825e-7
1.7638487339662166e-7
1.9335284986183342e-7
1.3908591173751394e-7
9.294407500282472e-8
1.9039051812183828e-7
1.1845789760892834e-8
5.240821921191497e-8
0.0
0.0
0.0
0.0
0.0
0.0
0.0
0.0
0.0
0.0
0.0
0.0
0.0
2.4056012846331726e-9
2.8689872650532e-9
6.334343385602916e-9
1.0042394546331458e-8
1.1135066905913125e-8
1.1620725376958418e-8
5.32617018095305e-9
2.0576657931364923e-8
1.2156639101961143e-8
2.1849823090419844e-8
1.3783040446571112e-8
1.0551450005751947e-8
5.253290299601998e-9
2.3103697761078116e-9
1.2883067153396878e-8
1.7951557481814703e-8
0.0
0.0
0.0
0.0
0.0
0.0
0.0
0.0
7.2076727388930065e-9
2.9075212591149963e-9
1.6822299060550947e-9
1.6045406947498092e-8
7.326900699789683e-9
1.4690293344432354e-8
8.835434824326535e-9
2.0862039459473182e-8
1.0316726107953313e-8
2.232946542627847e-8
1.2076403632007107e-8
1.713108177682304e-8
2.4038999918201184e-9
1.0711803652449311e-8
0.0
0.0
0.0
0.0
0.0
0.0
0.0
1.2664104314826314e-7
5.491725349624496e-7
7.924026465139907e-8
1.1392558481365454e-7
1.2188144579452702e-7
1.0658384369545276e-7
1.3133629635916332e-7
1.2195304766220574e-7
2.0285475998867223e-7
1.4187006493217165e-7
1.6506455969179035e-7
1.529017983805127e-7
2.7213675260765648e-8
1.7792448718846983e-8
0.0
1.5438341104412486e-8
7.404237841014537e-9
0.0
0.0
0.0
0.0
0.0
0.0
0.0
0.0
5.427523373045897e-7
1.9680646549434147e-8
1.2148162076739258e-7
1.1789952097631037e-7
8.905929275360217e-8
1.1401376629301435e-7
1.3891538868725178e-7
1.247949239119449e-7
1.1388781571741962e-7
1.2867647784505742e-7
1.80907721623907e-7
2.5377975389878445e-8
6.387978749803538e-8
0.0
1.8989482783217985e-8
9.690780605130525e-9
1.06976937181012e-8
0.0
0.0
0.0
0.0
0.0
0.0
1.1187141778781764e-7
5.247895581147102e-7
1.0179726083866794e-7
7.687762203356752e-8
7.892363042716907e-8
1.1923257957855852e-7
1.2569567755004158e-7
1.7786608636690763e-7
1.4441026087274426e-7
4.615724654704508e-8
3.5841266388551736e-8
4.263246164990202e-8
9.409896368263971e-8
9.888572873704972e-8
5.5107668904318e-8
1.140029896787975e-8
7.679986341222515e-9
4.124184764292381e-9
0.0
0.0
0.0
0.0
0.0
0.0
9.648425504097926e-8
5.33805307036573e-7
8.913573706442826e-8
1.5511589010077966e-7
1.2222276677338893e-7
1.0377532881104438e-7
9.56453282159831e-8
1.5263736061210182e-7
1.499566335402197e-7
1.68756612647914e-7
1.9034427472683218e-7
1.4750632560759776e-7
3.077737729149173e-8
2.6756868273748813e-8
0.0
8.049324814179714e-9
6.797409856711504e-9
0.0
0.0
0.0
0.0
0.0
0.0
0.0
1.0980161690920156e-7
5.3264187563307e-7
1.2012761198169352e-7
2.1710707058350342e-7
2.3592317827535622e-7
1.9437507140599926e-7
1.4068148547967492e-7
1.3822614840872237e-7
1.5211510287516453e-7
1.5091426149767804e-7
1.4462654493165456e-7
1.593258446142564e-7
3.766951633067983e-8
7.956897255455362e-8
6.1978332045153995e-9
5.645519072254376e-9
0.0
0.0
0.0
0.0
0.0
0.0
0.0
0.0
0.0
0.0
0.0
0.0
1.3427932262613926e-9
1.3001834967584366e-9
2.626913339494323e-9
1.1988327987941296e-9
1.1456798420435284e-8
2.0557722548435085e-8
1.4149312375926649e-8
9.093169202773464e-9
0.0
0.0
0.0
0.0
0.0
0.0
0.0
0.0
0.0
0.0
0.0
0.0
0.0
0.0
0.0
0.0
0.0
0.0
0.0
0.0
1.0650069454924061e-8
2.7694678067594345e-8
1.9008283552686197e-8
3.0810496874308317e-8
1.837211116130391e-8
2.555245907345727e-8
0.0
0.0
0.0
0.0
0.0
0.0
0.0
0.0
0.0
0.0
1.3541802385031256e-7
5.339360386403853e-7
0.0
1.5257125448113234e-8
2.7955069625016143e-9
5.2800884809112024e-8
5.988984750417453e-8
1.1551387632703603e-7
1.3821968687571494e-7
1.622835171633291e-7
1.1532820038354117e-7
9.070868874125275e-8
0.0
0.0
0.0
0.0
0.0
0.0
0.0
0.0
0.0
0.0
0.0
0.0
9.545945605488916e-8
1.8888187482450926e-7
0.0
9.113418604653716e-9
2.5574886900120157e-8
4.6467101400496935e-8
6.113583459335803e-8
1.138379559135751e-7
1.3239661646895032e-7
1.4587388696446441e-7
1.5002146766873573e-7
1.6919001867629753e-7
6.569128211354423e-8
2.436772381094983e-8
0.0
5.398440143811969e-9
0.0
0.0
0.0
0.0
0.0
0.0
0.0
0.0
1.061923730528881e-7
5.708944323669275e-7
3.143115171665936e-8
8.136876883561572e-8
8.454469422634709e-8
1.4979085786403425e-7
1.0574194807895158e-7
1.3869698649565008e-7
1.3633352693518106e-7
1.7219751262937486e-7
1.4808482388043134e-7
1.7705144443198216e-7
6.762421135319305e-8
2.505166635078174e-8
0.0
6.838962478632804e-9
0.0
0.0
0.0
0.0
0.0
0.0
0.0
0.0
0.0
5.180571191991272e-7
0.0
9.03374399879205e-8
3.419977025295484e-8
7.409063364038605e-8
1.1879521520285853e-7
8.525619543181492e-8
1.5012221011416542e-7
1.5088482525976983e-7
1.547318019980465e-7
1.5376217650997318e-7
7.548648907043214e-8
2.5041477551885805e-8
0.0
7.777863687122187e-9
0.0
0.0
0.0
0.0
0.0
0.0
0.0
0.0
1.138999929022133e-7
5.448890756179807e-7
0.0
3.4444424287334802e-9
3.468093755564082e-8
8.009403428626751e-8
9.90668654968765e-8
1.4061272073361373e-7
1.4077843992667432e-7
1.5432811502642488e-7
1.7573312352081978e-7
1.4793416279069148e-7
0.0
0.0
0.0
0.0
0.0
0.0
0.0
0.0
0.0
0.0
0.0
0.0
0.0
0.0
0.0
0.0
0.0
0.0
0.0
0.0
0.0
8.613284423724882e-9
2.0903321747141437e-8
1.2113219714313798e-8
1.614627623647025e-8
1.0416331167492925e-8
0.0
0.0
0.0
0.0
0.0
0.0
0.0
0.0
0.0
0.0
0.0
0.0
0.0
0.0
0.0
0.0
0.0
0.0
0.0
0.0
0.0
3.725488565280743e-9
5.21526878180191e-9
0.0
0.0
0.0
0.0
0.0
0.0
0.0
0.0
0.0
0.0
0.0
1.0842788155498455e-7
1.899417484353492e-7
0.0
0.0
0.0
0.0
3.911731765603838e-8
3.737517367881786e-7
6.07182988342159e-8
9.555368814554398e-8
1.0245902370537465e-7
1.349594448967869e-7
0.0
0.0
0.0
0.0
0.0
0.0
0.0
0.0
0.0
0.0
0.0
0.0
0.0
5.645826391942948e-7
2.3248015225170545e-7
3.240810437807448e-7
1.9509848509170958e-7
1.834453382925145e-7
1.7249026531694203e-7
1.5823571769880024e-7
1.8263207707687544e-7
2.775599162868194e-9
0.0
0.0
0.0
0.0
0.0
0.0
0.0
0.0
0.0
0.0
0.0
0.0
0.0
0.0
0.0
4.5862169025224615e-7
2.5700472854035703e-7
2.1905680756958534e-7
1.5499952735728004e-7
1.111248963935605e-7
1.2890877646727662e-7
1.776197211202729e-7
1.7446711243495563e-7
1.0762065209191455e-7
1.6297011687903415e-7
1.689799024443489e-7
2.0002326556061106e-8
2.3081423589606865e-8
0.0
1.215479730543637e-8
8.937630827769707e-9
7.498938099540599e-9
0.0
0.0
0.0
0.0
0.0
0.0
9.044876072076836e-8
5.25106076394997e-7
2.784316872269595e-7
1.8761523857808396e-7
2.889398311028797e-7
2.475332201375482e-7
1.6054752134788562e-7
1.694518761181435e-7
1.2357632617550032e-7
1.7545592444339363e-7
1.8209343396072705e-7
7.394414535393489e-8
0.0
4.300956045446043e-8
3.3991078940431414e-8
1.0522727945933712e-8
6.042352311404563e-9
0.0
0.0
0.0
0.0
0.0
0.0
0.0
0.0
4.215840821223833e-7
1.648175396007118e-7
1.8167081990029284e-7
1.3890897082708338e-7
5.941243206436666e-8
1.1233472823438769e-7
1.2352879936354874e-7
1.707298887669161e-7
1.7333423939457137e-7
1.656330871266936e-7
1.2974689314249883e-7
0.0
0.0
0.0
1.5264636013259375e-8
9.051016299541192e-9
0.0
0.0
0.0
0.0
0.0
0.0
0.0
0.0
0.0
0.0
0.0
0.0
0.0
0.0
1.741877855163163e-8
9.235769198352878e-9
1.4631375917850158e-8
8.523528395838042e-9
1.6626775338516034e-8
9.426654582625645e-9
2.4564739503245258e-8
1.018894908646452e-8
7.4423900609516786e-9
0.0
0.0
0.0
0.0
0.0
0.0
0.0
0.0
0.0
0.0
0.0
0.0
0.0
0.0
0.0
0.0
1.8338729209564563e-8
1.2312383781500934e-8
1.9012862801841604e-8
8.90716865035676e-9
2.1871939791529574e-8
1.102111271638249e-8
1.133253214308793e-8
0.0
0.0
0.0
0.0
0.0
0.0
0.0
0.0
0.0
1.1528333609490405e-7
5.509577559297783e-7
0.0
0.0
2.0036164597402158e-8
6.343234998822396e-8
7.625017497603304e-8
9.489026450126728e-8
1.4812527777064718e-7
1.508377933342857e-7
1.1537163187427217e-7
1.0779628855543884e-7
0.0
0.0
0.0
0.0
0.0
0.0
0.0
0.0
0.0
0.0
0.0
0.0
1.0087367260235637e-7
5.33740115398723e-7
1.778910986206676e-8
1.1857792902599201e-7
1.61982652680165e-7
1.1316999168983646e-7
1.0707983159937981e-7
1.4441363050522825e-7
1.485929457925953e-7
1.9490456568273033e-7
2.0886340801300877e-7
1.4391835451820511e-7
0.0
0.0
0.0
0.0
0.0
0.0
0.0
0.0
0.0
0.0
0.0
0.0
1.38449950709645e-7
5.287400806108051e-7
0.0
2.11750402802991e-8
1.486891459836104e-7
1.566565717679837e-7
1.764769975283714e-7
1.5095384093854937e-7
1.512117738423079e-7
1.8343716194920598e-7
1.1673146022085596e-7
1.6083753167272955e-7
0.0
0.0
0.0
0.0
0.0
0.0
0.0
0.0
0.0
0.0
0.0
0.0
1.3889220895574178e-7
5.278836946999256e-7
0.0
9.742462928035735e-8
1.5404935169832862e-7
4.586290960242911e-8
7.68452496967483e-8
1.051066452764494e-7
1.5641333933414137e-7
2.00176736569497e-7
2.1564314104619808e-7
9.914364095204148e-8
0.0
0.0
0.0
9.875692562406974e-9
0.0
0.0
0.0
0.0
0.0
0.0
0.0
0.0
1.0243144551723532e-7
5.521857880850639e-7
0.0
8.326679305497748e-9
2.0788070229253193e-8
6.1828967399769e-8
6.202517572457284e-8
6.544800445598082e-8
1.0290642675458657e-7
1.7588939163856592e-7
1.427871307168282e-7
7.213299655410929e-8
0.0
0.0
0.0
0.0
0.0
0.0
0.0
0.0
0.0
0.0
0.0
0.0
0.0
0.0
0.0
0.0
0.0
4.291910178394445e-9
8.323760362444138e-9
1.8169686181567454e-8
3.4946443602636876e-8
2.78843864006173e-8
3.600447557204029e-8
1.6925105987457836e-8
2.3148300322857672e-8
1.4777844784156092e-8
4.951024613101187e-9
0.0
0.0
0.0
0.0
0.0
0.0
0.0
0.0
0.0
0.0
0.0
0.0
8.735242765229968e-7
0.0
0.0
0.0
5.7589459680858605e-9
2.2295135913512244e-8
1.1424802082566081e-8
2.3154708918056618e-8
1.468762490915545e-8
2.2009691953095505e-8
1.1576741002974181e-8
0.0
0.0
0.0
0.0
0.0
0.0
0.0
0.0
0.0
0.0
1.1610285024991259e-7
5.372269619983976e-7
0.0
0.0
8.997115526688968e-8
1.8272552268421657e-7
2.522351979730896e-7
1.355280725496893e-7
1.538667524877306e-7
3.062881593788024e-7
1.6813751789676737e-7
1.5821731809599618e-7
0.0
0.0
0.0
0.0
0.0
0.0
0.0
0.0
0.0
0.0
0.0
0.0
1.0228605730245171e-7
5.495529368666512e-7
0.0
1.1493098822047738e-7
1.3127537287283142e-7
1.226261015086756e-7
1.4616217363897942e-7
2.1582242211359676e-7
2.3938897438052787e-7
2.7696731351703025e-7
3.6474257322174744e-8
0.0
0.0
0.0
0.0
0.0
0.0
0.0
0.0
0.0
0.0
0.0
0.0
0.0
0.0
1.3268495329899134e-7
0.0
1.1879253561984129e-8
0.0
0.0
0.0
0.0
0.0
0.0
0.0
0.0
0.0
0.0
0.0
0.0
0.0
0.0
0.0
0.0
0.0
0.0
0.0
0.0
0.0
1.6164081234191665e-7
3.2787094111101544e-8
1.6392996709540582e-7
1.795736268153148e-7
1.6637841741250588e-7
2.8313136736868375e-7
9.984390521047741e-8
0.0
1.8129337856792117e-7
0.0
0.0
0.0
0.0
0.0
0.0
0.0
0.0
0.0
0.0
0.0
0.0
0.0
0.0
8.85413052153473e-8
4.218904771750678e-7
0.0
1.0938925436533404e-7
2.1487300424664076e-7
8.512688902658663e-8
0.0
0.0
0.0
1.8267391035261902e-7
1.20146619158056e-7
2.908921329067058e-7
0.0
0.0
0.0
0.0
0.0
0.0
0.0
0.0
0.0
0.0
0.0
0.0
0.0
0.0
0.0
0.0
0.0
0.0
0.0
0.0
0.0
0.0
0.0
0.0
0.0
0.0
0.0
0.0
0.0
0.0
0.0
0.0
0.0
0.0
0.0
0.0
0.0
0.0
0.0
0.0
1.7190170147830158e-9
2.514276333023697e-9
0.0
0.0
1.9783888439827225e-9
3.952256348126058e-9
4.7681399254376294e-9
2.491268426529458e-9
0.0
0.0
0.0
0.0
0.0
0.0
0.0
0.0
0.0
0.0
0.0
0.0
0.0
4.052337776601279e-7
1.2822050334982166e-7
1.410483350939897e-7
2.7230193925883296e-7
1.8199355365063827e-7
2.225774983551958e-7
2.0276942918563924e-7
6.430356561953124e-8
0.0
0.0
0.0
0.0
0.0
0.0
4.950365221471125e-9
0.0
0.0
0.0
0.0
0.0
0.0
0.0
0.0
0.0
4.656201178493245e-7
1.5700407180219334e-7
1.7339105567992603e-7
2.5277582662151267e-7
1.1776653829819593e-7
0.0
1.133530850734962e-8
0.0
0.0
0.0
0.0
0.0
0.0
0.0
0.0
0.0
0.0
0.0
0.0
0.0
0.0
0.0
0.0
0.0
1.9842804693942576e-7
2.4695532711195003e-8
1.8182284136174628e-7
2.1431991947177551e-7
2.0803227685180904e-7
9.974199250045783e-8
0.0
0.0
0.0
0.0
0.0
0.0
0.0
0.0
0.0
0.0
0.0
0.0
0.0
0.0
0.0
0.0
0.0
9.712076390242946e-8
5.151427701683759e-7
1.9467196690279593e-7
2.216604893948582e-7
2.786173374568296e-7
1.7918123761631968e-7
1.9656896651641153e-7
2.5626319323194434e-7
2.9121001242720013e-7
2.774406981523115e-7
1.9798967092335364e-7
1.7960358920547298e-7
3.9018968686902225e-8
0.0
0.0
0.0
0.0
0.0
0.0
0.0
0.0
0.0
0.0
0.0
0.0
4.007323077217791e-7
0.0
0.0
1.7083225169799966e-7
2.2748661962990518e-7
3.384122747316569e-7
2.560813844439004e-7
2.3538031533317492e-7
4.906594918840315e-7
2.6047717017518454e-7
1.9537126859076835e-7
0.0
0.0
0.0
0.0
0.0
0.0
0.0
0.0
0.0
0.0
0.0
0.0
0.0
0.0
0.0
0.0
0.0
0.0
5.085980013204491e-9
3.1832892424340256e-8
2.964391640476891e-8
3.2348108164130224e-8
2.1354967389335003e-8
3.0541077030634035e-8
1.7828922130659274e-8
0.0
0.0
0.0
0.0
0.0
0.0
0.0
0.0
0.0
0.0
0.0
0.0
0.0
0.0
0.0
0.0
0.0
3.5657082083428625e-9
1.2132194229099942e-8
1.3273333232063861e-8
3.1017854145993847e-9
3.834927681155892e-9
0.0
0.0
0.0
0.0
0.0
0.0
0.0
0.0
0.0
0.0
0.0
0.0
0.0
0.0
1.7541046849324805e-7
0.0
0.0
2.4046532415921516e-7
1.8886703303821917e-7
1.8625911355176964e-7
1.4686924930941703e-7
1.0382876901224576e-7
1.3375643569634752e-7
1.5608287620469902e-7
2.2473818337331411e-7
0.0
0.0
0.0
0.0
0.0
0.0
0.0
0.0
0.0
0.0
0.0
0.0
1.3749476126609546e-7
7.250065749686846e-7
0.0
0.0
0.0
1.284581518638005e-7
1.0137686512892426e-7
3.182146992977789e-7
9.704437539234012e-8
3.296353650600061e-7
8.594253872467903e-8
1.0622030158528633e-7
0.0
0.0
0.0
0.0
0.0
0.0
0.0
0.0
0.0
0.0
0.0
0.0
1.3691848367027553e-7
7.071041182673186e-7
0.0
0.0
2.285887508378222e-8
6.711093142439874e-8
6.094510997041851e-8
1.413886578941358e-7
1.251865816839397e-7
1.7284199271447145e-7
1.2056543030057448e-7
1.6227671133450292e-7
0.0
0.0
0.0
0.0
0.0
0.0
0.0
0.0
0.0
0.0
0.0
0.0
1.2698323417196444e-7
5.33616924183519e-7
0.0
1.3008404187638953e-7
9.653629250036892e-8
1.0466373289931453e-7
1.2525820033216236e-7
1.6109259088507142e-7
1.415780905392608e-7
1.5723711515798098e-7
1.9577665290975907e-7
1.7204246663771493e-7
0.0
0.0
0.0
0.0
0.0
0.0
0.0
0.0
0.0
0.0
0.0
0.0
7.201137697177403e-8
1.601737379569741e-7
0.0
0.0
0.0
0.0
5.406578903044519e-8
9.74828488658413e-8
1.2790513284633487e-7
1.591185907522853e-7
9.289500168229384e-8
1.44708156254227e-7
0.0
0.0
0.0
0.0
0.0
0.0
0.0
0.0
0.0
0.0
0.0
0.0
0.0
0.0
0.0
3.127056302758126e-7
0.0
2.92979268459446e-9
2.5949226989454803e-8
2.798192143892898e-8
4.437444340485836e-8
4.148391251071107e-8
4.5055583054141717e-8
4.2731001191426525e-8
5.977940751725234e-9
0.0
0.0
0.0
0.0
0.0
0.0
0.0
0.0
0.0
0.0
0.0
0.0
0.0
0.0
0.0
0.0
0.0
0.0
0.0
9.49006302247894e-9
0.0
0.0
0.0
0.0
0.0
0.0
0.0
0.0
0.0
0.0
0.0
0.0
0.0
0.0
0.0
0.0
0.0
0.0
0.0
0.0
0.0
0.0
0.0
0.0
0.0
0.0
0.0
0.0
0.0
0.0
0.0
0.0
0.0
0.0
0.0
0.0
0.0
0.0
0.0
0.0
1.1121587172492817e-7
9.640685960519927e-8
2.8651286223939125e-7
2.0724406098575323e-7
5.062193105161855e-8
7.576309431511494e-8
1.1741543776719789e-7
1.3951604838243033e-7
1.1839203769599573e-7
4.0058357502981863e-7
1.7341835021173542e-7
2.5001006546135457e-7
1.980063854307569e-7
1.7533572280151432e-7
0.0
0.0
0.0
0.0
0.0
0.0
0.0
0.0
0.0
1.6725747607154795e-7
0.0
2.2714893568661319e-7
1.2987527916125577e-7
1.8001877277280212e-7
1.9831595495292613e-7
1.1453385630005174e-7
1.769349490570482e-7
9.875787839295859e-8
7.002195399922274e-8
2.2400612584640496e-7
2.4808979889462154e-7
1.2406624256224213e-7
0.0
1.8508568510042943e-7
0.0
0.0
0.0
0.0
0.0
0.0
0.0
0.0
0.0
2.4808948347622683e-7
1.0032889323520525e-7
2.1235991406451232e-7
2.1709197069941977e-7
1.9260432941161e-7
2.3286468164242178e-7
1.655366295202731e-7
1.8511703249030842e-7
1.427931484494234e-7
6.87891266096398e-8
1.4405995265637646e-7
0.0
0.0
0.0
8.098766450590836e-8
0.0
0.0
0.0
0.0
0.0
0.0
0.0
0.0
0.0
2.568616470455242e-7
0.0
2.266449414470697e-7
2.3010248704575248e-7
2.3537375916534382e-7
2.4127954757310604e-7
1.4516662549835528e-7
4.7131573503086e-8
5.4708592425921835e-8
6.207705390837427e-8
4.854772244209832e-8
6.349355067921651e-8
1.5734184997707968e-7
2.0084325000509752e-7
1.745708068603287e-7
0.0
0.0
0.0
0.0
0.0
0.0
0.0
0.0
0.0
0.0
0.0
0.0
4.74005106285135e-9
1.330470933497342e-8
2.1847210139499756e-8
9.78165608140546e-9
4.552182466781779e-9
1.3529887252780411e-8
4.062303102696703e-8
1.4597644592704123e-7
5.690851420201e-8
2.71585783422036e-8
1.958859521608859e-9
5.634330475521787e-9
3.255704144527369e-9
4.2017898638189564e-9
0.0
0.0
0.0
0.0
0.0
0.0
0.0
0.0
0.0
4.539741963925546e-7
0.0
8.411787966387052e-9
3.0771006187315867e-9
6.152791439138083e-9
5.604751475817597e-9
8.868827306555113e-9
1.5593927773883798e-8
4.4838495514250315e-8
1.733422448616938e-8
2.7730472590087232e-8
2.5637098685574322e-9
2.4341289829479875e-9
0.0
0.0
0.0
0.0
0.0
0.0
0.0
0.0
0.0
2.1462097756705687e-7
5.566453367506205e-8
1.2964794218297963e-7
2.435991986544313e-7
2.333769841122847e-7
1.9695603947778782e-7
1.9087656381711805e-7
1.7471244308816366e-7
5.5211860945710995e-8
5.6049657022592336e-8
5.4739385902761884e-8
5.1172323247074875e-8
0.0
9.209880224757039e-8
2.832332683850526e-7
0.0
0.0
0.0
0.0
0.0
0.0
0.0
0.0
0.0
2.9568148756195554e-7
4.0581611991823427e-8
2.2051545073926045e-7
1.632085169504625e-7
2.3636786870776288e-7
1.3246096929672576e-7
1.2020315290371579e-7
9.947924528655257e-8
3.1322142418443706e-8
4.8879153259915e-8
5.1513694009251084e-8
4.4929737752421675e-9
1.1251398883014308e-7
2.1253815911167279e-7
2.7201189394608964e-7
0.0
0.0
0.0
0.0
0.0
0.0
0.0
0.0
0.0
2.5783776799990454e-7
0.0
3.4123285309018573e-7
1.8932637040409306e-7
1.7965382931661784e-7
1.4333014710328117e-7
1.8685921995426207e-7
1.0917669850284155e-7
1.3036954366299503e-7
2.2642731872879478e-7
3.28127874812476e-7
2.36274270958891e-7
1.9353622547501167e-7
7.332260436548682e-8
9.409408271558175e-8
0.0
0.0
0.0
0.0
0.0
0.0
0.0
0.0
0.0
9.667450689302956e-9
0.0
1.8938224741323293e-7
2.426056653577529e-7
1.965215796560576e-7
1.36399478660332e-7
2.1507948865398327e-7
2.458511860539275e-7
1.8225906714186825e-7
2.16504835719445e-7
4.7080428545308077e-7
2.011907088788971e-7
1.8658147552466605e-7
2.078977706491875e-7
1.9015472768864587e-7
0.0
0.0
0.0
0.0
0.0
0.0
0.0
0.0
0.0
1.7601774499574655e-7
9.086899281245395e-8
2.1654558709985888e-7
1.4824383538448286e-7
1.813257926544856e-7
2.0972852690978828e-7
1.8627748923997218e-7
1.1417630332421523e-7
1.8288724029136868e-7
1.411869549182402e-7
1.634735679686602e-7
2.1636771265147706e-7
2.2216814278554978e-7
1.7933660287256186e-7
2.585363210150681e-7
0.0
0.0
0.0
0.0
0.0
0.0
0.0
0.0
0.0
0.0
0.0
0.0
2.572205587491393e-7
0.0
0.0
9.851099915298932e-9
1.3952364478889886e-8
4.828184111265977e-9
6.810753304819316e-9
1.7426976570067954e-9
0.0
0.0
0.0
0.0
0.0
0.0
0.0
0.0
0.0
0.0
0.0
0.0
0.0
0.0
0.0
0.0
0.0
0.0
0.0
0.0
4.277946836521045e-9
0.0
0.0
0.0
0.0
0.0
0.0
0.0
0.0
0.0
0.0
0.0
0.0
0.0
0.0
0.0
0.0
1.9905224319306023e-7
0.0
0.0
2.2220474918549928e-7
1.4492635034847302e-7
6.911931743520887e-8
1.4965380135992462e-7
1.4910459133983243e-7
1.9058242445487735e-7
1.7357383128785032e-7
5.484870761066105e-7
2.0150872934355363e-7
2.519291886868104e-7
2.7522058448105013e-7
3.177205442262783e-7
0.0
0.0
0.0
0.0
0.0
0.0
0.0
0.0
0.0
1.9776961291700462e-7
0.0
1.534517059253232e-7
1.5631843211350526e-7
1.868377955110752e-7
2.393875614339122e-7
1.8534972441621972e-7
2.2864571793094906e-7
1.587190013971897e-7
2.2233729491810033e-7
3.007180873722894e-7
2.0526043688531986e-7
1.9562907289538588e-7
2.245321411224488e-7
1.8499819959490587e-7
0.0
0.0
0.0
0.0
0.0
0.0
0.0
0.0
0.0
3.1729849555541037e-7
0.0
2.2028175430703461e-7
1.5389382338234597e-7
2.3199828075550825e-7
1.788085373924612e-7
2.203662755496288e-7
2.8953914376393033e-7
2.547831620958285e-7
2.579098374585263e-7
5.545586348555238e-7
7.211733062908896e-8
0.0
0.0
0.0
0.0
0.0
0.0
0.0
0.0
0.0
0.0
0.0
0.0
7.82932457198415e-5
4.946703067815277e-8
1.5770504745023325e-7
1.0164466617120262e-7
1.9686955528376182e-7
2.1845760061665633e-7
2.6675929215127586e-7
2.6309004277572575e-7
2.188968706542046e-7
2.2868012077562293e-7
3.50537142379852e-7
0.0
0.0
0.0
0.0
0.0
0.0
0.0
0.0
0.0
0.0
0.0
0.0
0.0
0.00013075331448627494
1.808076012993096e-5
1.4020592709707133e-7
0.0
4.458829481219409e-8
0.0
0.0
0.0
0.0
1.73905393124184e-7
1.8689652338264764e-7
3.4502974551893e-8
0.0
0.0
3.180076242835278e-8
0.0
0.0
0.0
0.0
0.0
0.0
0.0
0.0
0.0
0.0
0.0
0.0
0.0
0.0
2.598738348052116e-9
1.7357269328160745e-9
9.51212186017876e-9
8.305802348494497e-9
3.053200908522534e-8
7.242143530811976e-9
2.072781171462499e-9
0.0
0.0
0.0
0.0
0.0
0.0
0.0
0.0
0.0
0.0
0.0
0.0
0.0
0.0
0.0
0.0
0.0
0.0
3.248473826872443e-9
4.0075206657966165e-9
1.1046971202738663e-8
1.751802702926471e-8
1.0379102429587692e-7
2.596101493386736e-8
6.577447604923045e-9
4.5507731771460065e-9
0.0
0.0
0.0
0.0
0.0
0.0
0.0
0.0
0.0
0.0
1.4608614254517117e-7
0.0
3.154323743759544e-7
2.067493368025694e-7
2.4720040233488164e-7
2.0614111835633887e-7
1.733071484625597e-7
2.1820053592769634e-7
1.3176695760544758e-7
4.4112113719423104e-8
2.0511564070425643e-8
0.0
0.0
8.518123149995677e-8
2.490298649116977e-7
0.0
0.0
0.0
0.0
0.0
0.0
0.0
0.0
0.0
1.074491540641323e-7
0.0
1.1086392878580916e-7
0.0
0.0
0.0
0.0
0.0
0.0
5.4128231171514475e-8
1.2827260259635287e-7
0.0
0.0
0.0
0.0
0.0
0.0
0.0
0.0
0.0
0.0
0.0
0.0
0.0
2.238278526352262e-7
0.0
2.054067966036477e-7
1.7586726445969696e-7
1.7347117914827896e-7
0.0
0.0
1.947566383638271e-7
2.4643497286562606e-7
1.9978057314390435e-7
2.2031178899931467e-7
1.1050059387348683e-7
0.0
0.0
0.0
0.0
0.0
0.0
0.0
0.0
0.0
0.0
0.0
0.0
1.5804647109748793e-7
0.0
1.3114433112362338e-7
2.393904207331433e-7
3.13164575671753e-7
9.424597988934638e-8
0.0
0.0
0.0
0.0
0.0
9.640995225014614e-9
0.0
0.0
0.0
0.0
0.0
0.0
0.0
0.0
0.0
0.0
0.0
0.0
3.6922587922933106e-7
0.0
1.0437564588535677e-7
5.018243995134046e-9
0.0
0.0
0.0
0.0
0.0
1.6498090086369583e-7
5.803601238143335e-8
0.0
0.0
0.0
0.0
0.0
0.0
0.0
0.0
0.0
0.0
0.0
0.0
0.0
0.0
0.0
0.0
0.0
0.0
0.0
0.0
0.0
0.0
0.0
0.0
0.0
0.0
0.0
0.0
0.0
0.0
0.0
0.0
0.0
0.0
0.0
0.0
0.0
0.0
0.0
0.0
0.0
0.0
0.0
0.0
0.0
0.0
0.0
0.0
0.0
0.0
0.0
0.0
0.0
0.0
0.0
0.0
0.0
0.0
0.0
0.0
0.0
0.0001768456133182014
1.5200106921533503e-5
1.3528087804641353e-7
0.0
0.0
0.0
0.0
0.0
0.0
0.0
1.453902939891732e-7
0.0
0.0
0.0
2.1607945876260894e-7
0.0
0.0
0.0
0.0
0.0
0.0
0.0
0.0
0.0
1.8398360820440239e-7
0.0
0.0
0.0
0.0
0.0
0.0
8.496220461305861e-8
2.835223503208737e-7
4.1698495127923614e-7
3.36034848206454e-7
7.993653237980204e-8
0.0
0.0
0.0
0.0
0.0
0.0
0.0
0.0
0.0
0.0
0.0
0.0
0.00015735182801110276
3.033445853092628e-5
1.1614811336338198e-7
0.0
0.0
4.245328104864363e-8
2.2199551431982917e-7
2.1276549438397865e-7
1.9279922860584366e-7
5.02903095063253e-7
4.6689254927676834e-7
4.658145128517983e-8
1.5590624838634003e-7
7.392421741888942e-8
0.0
0.0
0.0
0.0
0.0
0.0
0.0
0.0
0.0
0.0
0.0002760161081034042
8.844783426659317e-5
1.0995311386234004e-7
0.0
9.087073485624423e-8
1.9893995771851392e-7
2.002772233675268e-7
2.021598294928225e-7
2.1862943484465295e-7
4.200212036727232e-7
3.9878587783661615e-7
2.3633988204830484e-7
2.386703111396408e-7
2.0456895766038605e-7
1.9996456672155088e-7
0.0
0.0
0.0
0.0
0.0
0.0
0.0
0.0
0.0
0.000157747611563642
2.0745647705173623e-5
1.1943658151999453e-7
2.4803058019989262e-8
1.5539746328598674e-7
2.083839229521005e-7
2.3062267717773603e-7
1.980375221798336e-7
2.785190001813443e-7
2.5055026004890484e-7
4.152799338678103e-7
0.0
0.0
3.452537065371233e-8
2.784976159680382e-7
0.0
0.0
0.0
0.0
0.0
0.0
0.0
0.0
0.0
0.0
0.0
0.0
0.0
0.0
0.0
0.0
0.0
0.0
0.0
0.0
0.0
0.0
0.0
0.0
0.0
0.0
0.0
0.0
0.0
0.0
0.0
0.0
0.0
0.0
0.0
0.0
0.0
0.0
0.0
0.0
0.0
0.0
0.0
0.0
0.0
0.0
0.0
0.0
0.0
0.0
0.0
0.0
0.0
0.0
0.0
0.0
0.0
0.0
0.0
0.0
0.0
0.0
0.0
0.0
0.0
0.0
0.0
0.0
0.0
0.0
0.0
0.0
0.0
0.0
0.0
0.0
0.0
0.0
0.0
0.0
0.0
8.470920825997131e-5
1.249239241730532e-6
1.1130995220135215e-7
1.9071109130735893e-8
2.0642975739125944e-7
2.893138235837114e-7
1.3883657022412268e-7
2.432436552495415e-7
1.889085824405093e-7
2.420031926814384e-7
3.963847550741398e-7
2.941960894743774e-7
2.8304416930364247e-7
2.1923616276914678e-7
2.8915320012385737e-7
0.0
0.0
0.0
0.0
0.0
0.0
0.0
0.0
0.0
0.00015544976526382165
2.5947910234748425e-5
1.1138584759297959e-7
0.0
1.8636740320968872e-7
1.730837567421554e-7
1.9916603845129842e-7
2.650290257594514e-7
2.3681143788345297e-7
2.2606133853896655e-7
4.2207913360371845e-7
6.844451496920882e-8
4.4819837627546916e-8
2.8271676563027075e-7
1.8648919881713853e-7
0.0
0.0
0.0
0.0
0.0
0.0
0.0
0.0
0.0
9.140181974864052e-5
1.1157076478293213e-6
1.2402841930920542e-7
5.277491640554026e-8
1.887172636126148e-7
2.3226680345422989e-7
2.5112962492361956e-7
1.2559726028005921e-7
0.0
0.0
1.6385993636431363e-7
0.0
0.0
0.0
0.0
0.0
0.0
0.0
0.0
0.0
0.0
0.0
0.0
0.0
0.00014574381122867816
1.5664529065183053e-5
1.2022597013205154e-7
2.4641551670890536e-8
2.484039228921561e-7
3.3168808464761017e-7
2.311681662905562e-7
2.1583679128408584e-7
2.8159371845136116e-7
3.3935121316441766e-7
4.00185765094771e-7
3.857089785889004e-8
1.1057874508511552e-7
2.8623974570391744e-7
2.106696571731563e-7
0.0
0.0
0.0
0.0
0.0
0.0
0.0
0.0
0.0
0.0
0.0
0.0
0.0
0.0
8.93779685900024e-9
0.0
0.0
1.707391241455527e-9
0.0
0.0
0.0
0.0
0.0
0.0
0.0
0.0
0.0
0.0
0.0
0.0
0.0
0.0
0.0
0.0
0.0
0.0
0.0
0.0
0.0
0.0
0.0
0.0
0.0
0.0
0.0
0.0
0.0
0.0
0.0
0.0
0.0
0.0
0.0
0.0
0.0
0.0
0.0
0.000545498191063381
0.00024294301102264853
6.966760247821883e-5
1.5652331700311944e-5
0.0
0.0
0.0
1.5957123472828287e-7
0.0
2.3568063207581069e-7
2.6447454484953207e-7
0.0
0.0
0.0
0.0
0.0
0.0
0.0
0.0
0.0
0.0
0.0
0.0
0.0
0.0011439845074091976
0.00037791214728841724
8.039909030737566e-5
7.878433109944988e-6
0.0
0.0
0.0
0.0
0.0
2.3434552804622244e-7
2.6016170441652126e-7
0.0
0.0
0.0
0.0
0.0
0.0
0.0
0.0
0.0
0.0
0.0
0.0
0.0
0.001377047797924739
0.0004345199317478971
0.00011429626032995732
1.4499672354534318e-5
0.0
0.0
0.0
0.0
0.0
2.3404569306959183e-7
1.6736860167241417e-7
0.0
0.0
0.0
0.0
0.0
0.0
0.0
0.0
0.0
0.0
0.0
0.0
0.0
0.0005203451330307152
0.00029185135327885266
0.0001512172596843895
0.0001008564820361939
4.97535803027178e-6
0.0
0.0
1.4773279260306975e-7
0.0
2.3567200501515595e-7
1.660378228668041e-7
0.0
0.0
0.0
0.0
0.0
0.0
0.0
0.0
0.0
0.0
0.0
0.0
0.0
0.0010797091868260766
0.0004396112852634898
0.00015194685382124146
5.5840816825390516e-5
0.0
0.0
0.0
0.0
0.0
2.3342633547495254e-7
2.616291411805674e-7
0.0
0.0
0.0
0.0
0.0
0.0
0.0
0.0
0.0
0.0
0.0
0.0
0.0
0.0
0.0
0.0
0.0
0.0
0.0
0.0
0.0
0.0
0.0
0.0
0.0
0.0
0.0
0.0
0.0
0.0
0.0
0.0
0.0
0.0
0.0
0.0
0.0
0.0
0.0
0.0
0.0
0.0
0.0
0.0
0.0
0.0
0.0
0.0
0.0
0.0
0.0
0.0
0.0
0.0
0.0
0.0
0.0
0.0
0.0
0.0
0.0
0.0014108243039874973
0.0005713625019122426
0.00020883357527659138
8.201365692676642e-5
0.0
1.8487961077732301e-9
0.0
0.0
0.0
0.0
1.6967861079586025e-7
0.0
0.0
0.0
0.0
0.0
0.0
0.0
0.0
0.0
0.0
0.0
0.0
0.0
0.0009062595743368702
0.00035324249671452994
9.389894242122195e-5
1.063574937295415e-5
0.0
0.0
0.0
0.0
0.0
0.0
1.6532735107481687e-7
0.0
0.0
0.0
0.0
0.0
0.0
0.0
0.0
0.0
0.0
0.0
0.0
0.0
0.0003583186109527588
0.0001396731407629773
1.1168973297728615e-5
0.0
0.0
0.0
0.0
0.0
0.0
0.0
1.6371805822989394e-7
0.0
0.0
0.0
0.0
0.0
0.0
0.0
0.0
0.0
0.0
0.0
0.0
0.0
0.0004942529355709728
0.00022855225883093393
5.526502636162777e-5
3.0617901558809384e-6
0.0
0.0
0.0
0.0
0.0
0.0
1.6579417554099127e-7
0.0
0.0
0.0
0.0
0.0
0.0
0.0
0.0
0.0
0.0
0.0
0.0
0.0
0.0007805788981278657
0.0003448265126599109
0.00010851483101363057
1.9375924653460204e-5
0.0
0.0
0.0
0.0
0.0
0.0
1.6535829250580609e-7
0.0
0.0
0.0
0.0
0.0
0.0
0.0
0.0
0.0
0.0
0.0
0.0
0.0
0.0
0.0
0.0
0.0
0.0
0.0
0.0
0.0
0.0
0.0
0.0
0.0
0.0
0.0
0.0
0.0
0.0
0.0
0.0
0.0
0.0
0.0
0.0
0.0
0.0
0.0
0.0
0.0
0.0
0.0
0.0
0.0
0.0
0.0
0.0
0.0
0.0
0.0
0.0
0.0
0.0
0.0
0.0
0.0
0.0
0.0
0.0
0.0
0.0003719858078632304
0.00017518071251115957
6.364269041568419e-5
1.786198407029121e-5
0.0
0.0
0.0
1.572275903847507e-7
0.0
2.2720262865057374e-7
1.6176824776301963e-7
0.0
0.0
0.0
0.0
0.0
0.0
0.0
0.0
0.0
0.0
0.0
0.0
0.0
0.0009668286372799302
0.00038311281286542266
0.0001128711897867681
3.0285213853435864e-5
0.0
0.0
4.73842970870354e-8
5.624091130277525e-7
2.890150805521263e-7
5.645040612729742e-7
2.9045411229076814e-7
0.0
0.0
0.0
0.0
0.0
0.0
0.0
0.0
0.0
0.0
0.0
0.0
0.0
0.0015882160722742252
0.0011427491693586722
0.0008443128287345568
0.0002672056382433417
4.497584656188206e-5
2.6724132773079573e-7
0.0
1.4991900631867624e-7
0.0
2.3645125830273067e-7
2.7222699244871284e-7
0.0
0.0
0.0
8.300034441287892e-7
0.0
0.0
0.0
0.0
0.0
0.0
0.0
0.0
0.0
0.002135534362091733
0.0010494783681387803
0.0004983499320543863
0.00017941888321464024
2.77100132980316e-5
2.7295757843668173e-7
0.0
1.5006852536987977e-7
0.0
2.3221813339405397e-7
2.71696830610305e-7
0.0
0.0
0.0
8.877725135709918e-7
0.0
0.0
0.0
0.0
0.0
0.0
0.0
0.0
0.0
0.001256296460164995
0.00045859935661995657
0.00014067757238709713
4.6246469009465695e-5
0.0
0.0
0.0
1.527993358828005e-7
0.0
2.4251950328193214e-7
2.7540730035300596e-7
0.0
0.0
0.0
9.759114078804819e-7
0.0
0.0
0.0
0.0
0.0
0.0
0.0
0.0
0.0
0.0
0.0
0.0
0.0
0.0
0.0
0.0
0.0
0.0
0.0
0.0
0.0
0.0
0.0
0.0
0.0
0.0
0.0
0.0
0.0
0.0
0.0
0.0
0.0
0.0
0.0
0.0
0.0
0.0
0.0
0.0
0.0
0.0
0.0
0.0
0.0
0.0
0.0
0.0
0.0
0.0
0.0
0.0
0.0
0.0
0.0
0.0
0.0
0.0
0.0004615187032130794
0.00013968725282823734
8.51078330284567e-6
0.0
0.0
0.0
0.0
1.4431615893211248e-7
0.0
2.49791091366482e-7
1.7082516503544876e-7
0.0
0.0
0.0
0.0
0.0
0.0
0.0
0.0
0.0
0.0
0.0
0.0
0.0
0.000786808010985935
0.00017240939475767994
2.0712095956662087e-6
0.0
0.0
0.0
0.0
3.3074483321182194e-7
0.0
2.470516986754335e-7
2.7385781156773923e-7
0.0
0.0
4.100247535454548e-7
7.443337138103349e-7
0.0
0.0
0.0
0.0
0.0
0.0
0.0
0.0
0.0
0.0012345188953996147
0.0003625881911434365
4.998065381714844e-5
0.0
0.0
0.0
0.0
1.4969438406640493e-7
0.0
2.4396593279006743e-7
2.727084798224398e-7
0.0
0.0
1.7831569306444803e-7
7.030606551310835e-7
0.0
0.0
0.0
0.0
0.0
0.0
0.0
0.0
0.0
0.0017368876538980775
0.0006517410850921563
0.00013622578535898435
5.373775321754307e-6
0.0
0.0
0.0
3.602630752499904e-7
0.0
2.45371474781361e-7
1.6932296084537242e-7
0.0
0.0
1.2540792192856385e-6
8.054525597933933e-6
0.0
0.0
0.0
0.0
0.0
0.0
0.0
0.0
0.0
0.00312202931705183
0.001449978617997272
0.0003688185896827389
8.419354623835782e-5
0.0
0.0
0.0
3.6130773297076824e-7
0.0
2.4356755532523633e-7
2.7914483519002333e-7
0.0
0.0
1.0414795186301126e-6
1.1440551885492108e-5
0.0
0.0
0.0
0.0
0.0
0.0
0.0
0.0
0.0
0.0
0.0
0.0
0.0
0.0
0.0
0.0
0.0
0.0
0.0
0.0
0.0
0.0
0.0
0.0
0.0
0.0
0.0
0.0
0.0
0.0
0.0
0.0
0.0
0.0
0.0
0.0
0.0
0.0
0.0
0.0
0.0
0.0
0.0
0.0
0.0
0.0
0.0
0.0
0.0
0.0
0.0
0.0
0.0
0.0
0.0
0.0
0.0
0.0010190952249166565
0.0003262140314409457
2.576111779574494e-5
0.0
0.0
0.0
0.0
0.0
0.0
2.3945902775449827e-7
2.6820118135910796e-7
0.0
0.0
3.7825896794322874e-7
3.652875736516283e-7
0.0
0.0
0.0
0.0
0.0
0.0
0.0
0.0
0.0
0.0014605772362386348
0.0005735016937210631
0.00013441786748075068
8.974428249863373e-6
0.0
0.0
0.0
2.060911234396487e-7
0.0
2.4466950706508066e-7
2.748745483864585e-7
0.0
0.0
3.0981623078115066e-7
4.073602500647665e-7
0.0
0.0
0.0
0.0
0.0
0.0
0.0
0.0
0.0
0.002020628724713588
0.0009477326977332549
0.0002225534621335557
4.0519852455986974e-5
0.0
0.0
0.0
3.547231126572555e-7
0.0
2.3899871243341077e-7
2.7140246215176543e-7
0.0
0.0
2.8525674968933544e-7
4.2603074574955344e-7
0.0
0.0
0.0
0.0
0.0
0.0
0.0
0.0
0.0
0.002093349491457949
0.0008771705748911242
0.0002768339701347647
0.0001285731868971628
1.8977251941006585e-5
2.83553952892888e-7
0.0
3.548857902604069e-7
0.0
2.405163184643091e-7
1.711250494852173e-7
0.0
3.849690025062999e-7
8.7450598890351e-7
9.175261543825955e-6
0.0
0.0
0.0
0.0
0.0
0.0
0.0
0.0
0.0
0.0019254231469363824
0.0008287887833685064
0.00018703416183974396
2.4907599713947733e-5
0.0
0.0
0.0
1.4610181603849602e-7
0.0
2.410157068322556e-7
2.749826380426262e-7
0.0
0.0
4.938382207112219e-7
1.32659741911974e-5
0.0
0.0
0.0
0.0
0.0
0.0
0.0
0.0
0.0
0.0
0.0
0.0
0.0
0.0
0.0
0.0
0.0
0.0
0.0
0.0
0.0
0.0
0.0
0.0
0.0
0.0
0.0
0.0
0.0
0.0
0.0
0.0
0.0
0.0
0.0
0.0
0.0
0.0
0.0
0.0
0.0
0.0
0.0
0.0
0.0
0.0
0.0
0.0
0.0
0.0
0.0
0.0
0.0
0.0
0.0
0.0
0.0
0.001631334452323007
0.0006668157719948501
0.00019463018198355515
6.73962797357149e-5
0.0
0.0
0.0
1.4736769852521918e-7
0.0
2.437286255631962e-7
1.7382522133034586e-7
1.82921604177885e-7
5.922518703144965e-7
1.2701533795804497e-5
7.595582032034388e-5
0.0
0.0
0.0
0.0
0.0
0.0
0.0
0.0
0.0
0.0017169592160566432
0.0006749462268742862
0.0002336696046646999
0.00010995382280155039
1.6193265689498084e-5
2.746147738102458e-7
0.0
1.451578526237686e-7
0.0
2.4712847623979814e-7
2.0132431175475006e-7
0.0
0.0
0.0
3.178235693219691e-5
0.0
0.0
0.0
0.0
0.0
0.0
0.0
0.0
0.0
0.0012780199630425882
0.00048681393091497575
0.00020628766014822134
0.00013879767096910812
7.18727121099083e-5
1.764043163088096e-7
0.0
6.555391701492097e-7
0.0
2.850332397917176e-7
3.185926415030229e-7
0.0
9.736371987603458e-6
4.271663546389563e-5
9.05171994714191e-5
0.0
0.0
0.0
0.0
0.0
0.0
0.0
0.0
0.0
0.0
0.0
0.0
0.0
0.0
0.0
0.0
0.0
0.0
0.0
0.0
0.0
0.0
0.0
0.0
0.0
0.0
0.0
0.0
0.0
0.0
0.0
0.0
0.0
0.003983611312513049
0.002141591527724538
0.00080172767792077
0.00025702055994449393
0.00010296316034690948
0.0
0.0
5.819447747871516e-7
0.0
2.768370543739308e-7
1.8582073300712184e-7
1.31809029499906e-6
4.846352973836114e-5
0.00012399043507461022
0.00019888050080829958
0.0
0.0
0.0
0.0
0.0
0.0
0.0
0.0
0.0
0.0
0.0
0.0
0.0
0.0
0.0
0.0
0.0
0.0
0.0
0.0
0.0
0.0
0.0
0.0
0.0
0.0
0.0
0.0
0.0
0.0
0.0
0.0
0.0
0.0
0.0
0.0
0.0
0.0
0.0
0.0
0.0
0.0
0.0
0.0
0.0
0.0
0.0
0.0
0.0
0.0
0.0
0.0
0.0
0.0
0.0
0.0
0.0
0.0009335106460882506
0.0004245978324577882
0.00018364485089563204
0.00010982550359479283
3.8131512156557207e-5
2.236893614101167e-7
0.0
6.69574803598562e-7
1.830030244007692e-7
2.930793883808142e-7
2.7080891473970943e-7
3.181164214520944e-6
3.490186095418306e-5
7.169901369064986e-5
0.00012639206475839897
0.0
0.0
0.0
0.0
0.0
0.0
0.0
0.0
0.0
0.002399255405864302
0.001636163490266191
0.0009740140683755524
0.0005590638898766446
0.0003081627916129345
2.061297770349439e-5
0.0
6.436115108035574e-7
0.0
2.854778493301157e-7
7.066859858838454e-6
2.739514523380796e-5
5.252727205341221e-5
7.914734141215562e-5
0.00013804029169441382
0.0
0.0
0.0
0.0
0.0
0.0
0.0
0.0
0.0
0.004203488092089047
0.002531819220819663
0.0013430250601773096
0.0007991822657434542
0.0005481590837804416
0.0001823697101702706
0.0001023516677094774
0.00022771853986791772
0.0002145143416457032
0.000251260024948846
0.00022869253428382593
0.00026465077663464647
0.0003871567043552846
0.0006096865471753173
0.000858000961932576
0.0
0.0
0.0
0.0
0.0
0.0
0.0
0.0
0.0
0.0048119094588309356
0.0031616356160988294
0.0017962906238138316
0.0008399391815656161
0.0004496655773984941
9.721799722904212e-5
3.141793959724495e-5
0.00011999002274959399
0.00010611787661892013
0.0001626499798946036
0.0001796463326318662
0.00023512051780390762
0.00038620393639695867
0.0007181439745535369
0.0010601508158107516
0.0
0.0
0.0
0.0
0.0
0.0
0.0
0.0
0.0
0.0031247857586824902
0.0018424866403033444
0.0005881269836985248
0.00025792578182891297
0.00010132119637222836
1.928612203087255e-7
0.0
3.7869420376430987e-7
0.0
0.0
3.3214974811946066e-7
2.912179754311716e-6
5.9062508652857245e-5
0.00014227449155046858
0.00021799193264323907
0.0
0.0
0.0
0.0
0.0
0.0
0.0
0.0
0.0
0.0
0.0
0.0
0.0
0.0
0.0
0.0
0.0
0.0
0.0
0.0
0.0
0.0
0.0
0.0
0.0
0.0
0.0
0.0
0.0
0.0
0.0
0.0
0.0
6.535399618862586e-6
1.6701316087388192e-6
0.0
0.0
0.0
0.0
0.0
0.0
0.0
0.0
0.0
0.0
0.0
0.0
0.0
0.0
0.0
0.0
0.0
0.0
0.0
0.0
0.0
0.0
0.004174215320252455
0.0018487925354714776
0.0004306705580903686
0.00014070827718450058
3.85060322164504e-5
2.484891739488332e-7
0.0
6.15307898818207e-7
0.0
0.0
3.1484753860966113e-7
3.9817732970387584e-7
3.724614205887416e-5
0.00010792456412037501
0.00016957499354237874
0.0
0.0
0.0
0.0
0.0
0.0
0.0
0.0
0.0
0.004448888826555902
0.0024684408938231038
0.0007943837286876991
0.00023193231805011222
8.259102218719733e-5
2.0600023712891164e-7
0.0
3.6406012835011676e-7
0.0
1.036930243682587e-6
3.30757539278418e-7
2.1345827315503143e-6
7.403999886077281e-5
0.00015363364359166686
0.00022922057557016632
0.0
0.0
0.0
0.0
0.0
0.0
0.0
0.0
0.0
0.0042256213659245395
0.002702995226861505
0.0010090872005565244
0.0003803048652006214
0.00013176816087280785
1.790428748972982e-7
0.0
3.735086822405093e-7
0.0
2.4667533809073884e-7
1.9889238664438818e-7
4.928105209553143e-7
3.066826362511651e-5
8.168129756483876e-5
0.00011318859104625067
0.0
0.0
0.0
0.0
0.0
0.0
0.0
0.0
0.0
0.0021782744289642803
0.0014992598749022893
0.0005063501454087433
0.000164940435900182
3.610605115131621e-5
2.511266789921162e-7
0.0
5.164309777885551e-7
0.0
0.0
5.213586769554709e-7
2.2751574910334056e-6
4.293017945538811e-5
0.0001300578825282177
0.0002034078293167521
0.0
0.0
0.0
0.0
0.0
0.0
0.0
0.0
0.0
0.003524144730247096
0.002136613364095878
0.000822805550144879
0.00023521606929197188
2.7799119112408453e-5
2.6798426329960884e-7
4.2884537833641505e-9
1.4254803795943357e-7
0.0
2.378870856708816e-7
1.8268442176600248e-7
1.944721701160485e-7
2.2245355803293594e-6
5.2787831437985966e-5
0.00015451951003364652
0.0
0.0
0.0
0.0
0.0
0.0
0.0
0.0
0.0
0.0
0.0
0.0
0.0
0.0
0.0
0.0
0.0
0.0
0.0
0.0
0.0
0.0
0.0
0.0
0.0
0.0
0.0
0.0
0.0
0.0
0.0
0.0
0.0
0.0
0.0
0.0
0.0
0.0
0.0
0.0
0.0
0.0
0.0
0.0
0.0
0.0
0.0
0.0
0.0
0.0
0.0
0.0
0.0
0.0
0.0
0.0
0.0
0.003120693027434936
0.001630674587053562
0.0004910242308098888
0.0001874378915226578
5.361706649077094e-5
2.3961679681590856e-7
0.0
3.517247194662514e-7
0.0
2.2108735611937563e-7
1.838855719241085e-7
1.0337113991195065e-7
5.684700004673414e-7
1.0549880035428773e-5
5.6775379475417714e-5
0.0
0.0
0.0
0.0
0.0
0.0
0.0
0.0
0.0
0.0010685117990735808
0.00041750159724246807
0.00017639958438151826
0.00013786804753726932
4.2338905698477194e-5
2.555539362768976e-7
0.0
1.4638604197646047e-7
0.0
5.563122364392767e-7
3.1333828842116173e-7
3.7207154031370104e-6
7.308259435440265e-5
0.00021851158083499328
0.000272346059217131
0.0
0.0
0.0
0.0
0.0
0.0
0.0
0.0
0.0
0.0016828242660983362
0.0007094474182529967
0.00018962162053908757
6.890301442451974e-5
0.0
2.6805319169474564e-7
6.365638309141578e-8
2.902084615355015e-7
2.1073065714899173e-7
4.046459545847977e-7
3.3257737221135846e-7
0.0
0.0
9.9026916015544e-7
5.766764743126882e-7
0.0
0.0
0.0
0.0
0.0
0.0
0.0
0.0
0.0
0.0019034542200734984
0.0008198671649235054
0.00026204648093923396
0.0001533783942411836
5.408195520798496e-5
2.1395815582011027e-7
0.0
5.912930185559993e-7
0.0
1.8184904534430397e-7
3.6549337104923297e-7
1.2508562118449143e-5
7.653523491633774e-5
0.0001346815412226202
0.00019768848125123774
0.0
0.0
0.0
0.0
0.0
0.0
0.0
0.0
0.0
0.002827815329467873
0.0014941121173568128
0.0006274538541200394
0.0003519218458822211
0.00024336422674577608
1.7719453126184934e-5
1.0828691118285614e-5
0.00020737873992561932
0.0003141171755144628
0.00039714088483417054
0.00045485820196216015
0.000636180340273232
0.0007386613136435143
0.0007830117646546597
0.0009506106705149554
0.0
0.0
0.0
0.0
0.0
0.0
0.0
0.0
0.0
0.0
0.0
0.0
0.0
0.0
0.0
0.0
0.0
0.0
0.0
0.0
0.0
0.0
0.0
0.0
0.0
0.0
0.0
0.0
0.0
0.0
1.2327552428593642e-5
9.463736504729152e-5
0.00010009938632477667
0.0001281161819648643
4.7078171329512927e-5
0.0
0.0
0.0
0.0
0.0
0.0
0.0
0.0
0.0
0.0
0.0
0.0
0.0
0.0
0.0
0.0
0.0
4.443741662998257e-5
9.4232937529483e-5
0.00010652421407901142
0.00032782156102601173
0.0003706626678652046
0.007369348931290387
0.004083919113938253
0.002387937331571139
0.0013934408865705686
0.0008765335218561745
0.0005180342402767028
0.0003120653591605744
0.00032730719299835947
0.0002788876002142125
0.0002996077450192702
0.00026348105410905755
0.00035026357546822615
0.0005340518188105454
0.0006614787113029011
0.0009017968172064939
0.0
0.0
0.0
0.0
0.0
5.686348896283199e-6
4.0524893008809586e-5
4.618629199369009e-5
6.928335109862174e-5
0.005970773629412763
0.0037150471494084834
0.0021174010959871437
0.0012245634605198353
0.0007192252234756198
0.00018972444609829158
5.4104344330835e-5
0.0001692462633995754
0.00011741335428121183
0.0001235390214133562
0.0001375339965352186
0.00018063757822240804
0.00021034445873001286
0.0002185549577036579
0.00022473864060436495
0.0
0.0
0.0
0.0
0.0
0.0
0.0
0.0
0.0
0.0017806311520137763
0.0009779899437611444
0.0005135745024035341
0.000572715927535267
0.000632781638676171
0.0007699378120828706
0.0013025341048105892
0.0015298215010768822
0.0015678710867406136
0.0015622005532154482
0.0014439794876121082
0.001678380043559539
0.002165156446540441
0.002040237538168133
0.0020797355754110557
0.0
0.0
0.0
0.0
0.0
0.0
1.808675285610371e-5
3.2841733919581486e-5
4.253567339542486e-5
0.0058879654198088684
0.004176245359740716
0.0027498385455451938
0.0020954936926158452
0.0018047358072556495
0.001424438331077547
0.0012804487792857768
0.00147803170204445
0.0015334106221453275
0.0014440323227521803
0.0016398104787768383
0.0023100405548626933
0.0022084362433252543
0.002282080272186446
0.0025236738027198708
0.0
0.0
1.6114531588149888e-5
3.0388832276282388e-5
4.666559439170852e-5
5.521759865104025e-5
0.0002489356299984375
0.0003225787033922054
0.0004940948259358608
0.007046092868679026
0.0045260661710961325
0.002956501894901263
0.0020996072599639647
0.0016959624741955596
0.0013458442709680322
0.0013013670859066896
0.0014468912494613958
0.0013896957765431495
0.0012911100776665707
0.0013066475601850236
0.0015485716022974473
0.001970795183816152
0.002368142036024602
0.002700285838992748
0.0
4.949009924243623e-6
3.41794719362542e-5
4.794436573198814e-5
0.00035780023513566986
0.0005457216210595547
0.0006749359873305292
0.0009600975733763874
0.0010647880419006322
0.0013084200040553576
0.0008455147123978453
0.00041748451427650336
0.00017945044189669198
9.378821257444149e-5
7.901425795772446e-5
2.2827884126925104e-5
0.0
0.0
0.0
0.0
0.0
0.0
0.0
2.5808215438305742e-5
0.0003767033482419936
0.0004126606147157825
0.0004480089856592481
0.0004646956097538415
0.0006625033669874882
0.0008241348756809397
0.00112161527617255
0.0010150946666226202
0.0012593728956026536
0.0010962781774464404
0.0008463651336162963
0.0004745676115209026
0.0002168922875302926
1.7141501861863354e-5
0.0
0.0
0.0
0.0
0.0
0.0
0.0
0.0
0.0
0.0
0.0
5.1103714612802555e-5
0.0001057459211596477
0.0002963243585758903
0.0004625842556577654
0.0005108324709486844
0.0007750733086649042
0.0008385992067427563
0.0010519635009421037
0.0010964029282286506
0.0007174221366570592
0.00019815348281063098
0.0001317409996858386
2.8241710996662464e-5
0.0
0.0
0.0
0.0
0.0
0.0
0.0
0.0
0.0
0.0
1.3672322305848501e-5
0.00010098999660482197
0.0002850355544832022
0.00037970054911486476
0.0005480541151193448
0.0007206215554917252
0.0008786704577519408
0.0009779570877042087
0.001189340569273151
0.008456566754895846
0.005031548823176635
0.002990499286893253
0.0018904180013929212
0.0012367292010445454
0.0006613002630901899
0.00036107666457023955
0.00032360822140224807
0.00025908685192141645
0.00027476041407438283
0.0002581466506674241
0.00039593715779245777
0.000642778036073449
0.0011568749298379191
0.001609774960496966
0.0
0.0
0.0
0.0
8.354289144038323e-6
2.6402667123168345e-5
5.212526878139743e-5
0.00020493557709278453
0.0003654652941904739
0.006720917403404275
0.004223973181516977
0.002514004398880711
0.0016590676331346996
0.0009254824948341678
0.0004529528341611244
0.0002542734284449855
0.0002470858813258715
0.000134269476665233
0.00012451059515049937
0.00013935076901952387
0.0001848283670903927
0.0002848520746817667
0.0003596268212294815
0.00041080183789344156
0.0
0.0
0.0
0.0
0.0
0.0
0.0
2.2850293864099568e-5
3.8323019757816896e-5
0.0052312049076994336
0.0034185751488759906
0.002135051898189604
0.001663362470680539
0.00143576745664614
0.0010923550435276432
0.0009508615070786589
0.0009531696836178197
0.000928623257758189
0.0009136162473165925
0.0010069846349989439
0.0012647856340664582
0.0011704804205628974
0.001269907278790225
0.0013846885782309655
0.0
0.0
0.0
0.0
0.0
0.0
0.0
0.0
2.647193212485071e-5
0.004071107878927505
0.002786759076347136
0.001705220744782014
0.0011826136803441318
0.001019822066268858
0.0005994072868793054
0.00022529886719114737
0.00025905594988283174
0.00021016649144583048
0.000250166394001466
0.00027050358321991096
0.0003578814328069774
0.00040553342606564584
0.0005025434541969253
0.0007225590656337697
0.0
0.0
0.0
0.0
0.0
0.0
1.5271718398477486e-5
7.857387885339263e-5
8.501691898794831e-5
0.00012412004812024073
7.257774768804007e-5
5.5309982028236265e-5
0.0
0.0
0.0
0.0
0.0
0.0
0.0
0.0
0.0
0.0
0.0
0.0
0.0
0.0
0.0
0.0
0.0
1.568474011685156e-5
5.649987572921398e-5
8.013976806142651e-5
9.504868446788098e-5
0.0002553794608657237
6.927037114625272e-5
3.060980245252952e-5
0.0
0.0
0.0
0.0
0.0
0.0
0.0
0.0
0.0
0.0
0.0
0.0
0.0
0.0
0.0
