0.0002874224802805134
0.00025275656268846665
0.00034783009482895847
0.00028438820470995206
0.0004232329733888822
0.0003511771180992877
0.0005229232815521089
0.00031462074471145173
0.0003163059620658107
0.0001261091891565618
7.702731414514225e-5
1.6919544369468592e-5
7.618475633496709e-6
0.0
0.0
0.0
0.0
4.8216797168397184e-6
5.50124201275082e-5
0.00012555841499692976
0.0001276377275737053
0.0002047465115440492
0.00018120346253293682
0.0002724216179929639
0.00022695948580557637
0.00032044373258867615
0.0003220746776976531
0.0004812013479694616
0.00036944030097673227
0.0003140063281110522
0.0037068152814010184
0.0023738783060786076
0.0011174360253495086
0.000776950083603452
0.0006344145171845108
0.0005361539377185868
0.0005740664839744892
0.0003063830497491985
0.00017582729841219855
0.00013924003126182047
0.0002062980319834277
0.00030603293680346767
0.0005602849322251506
0.0006103529506908803
0.0008899036223139955
0.0009447197768555292
0.0
0.0
0.0
0.0
1.018252438952666e-5
2.166833327863811e-5
0.00015896623057887503
0.00024038498305251817
0.0024740549008917295
0.0015244409895266004
0.0005219724921759575
0.0003348231171862868
0.00026395776622669233
0.00023706461355722103
0.00022490327357751333
0.00011230403691409065
7.88803616845366e-5
7.96682931874528e-5
0.00014072646957701747
0.00025808213866539294
0.0003814553986821678
0.0004659613770795769
0.0005765806299168434
0.0006411393729578756
0.0
0.0
0.0
0.0
8.198191260546333e-6
2.117466062119546e-5
2.69946606382549e-5
0.00019061049472849438
0.002052847053625716
0.0012205600738427482
0.00044041704792315895
0.000273316890612102
0.000239086286382056
0.0002127858813132197
0.00019390204027616695
9.427118789913339e-5
6.444060531233976e-5
5.1563236452637513e-5
8.798114561096989e-5
0.0001841575760248206
0.00031539697921195443
0.000388713430275618
0.0005035684701285288
0.0005805370926586036
0.0
0.0
0.0
0.0
1.6000788444377026e-5
1.6022445603847437e-5
2.9673053232022457e-5
3.220066467400169e-5
0.0017014107889181446
0.0009565143074309309
0.00039092088545752274
0.0002741480317331864
0.00021370840025733371
0.000194016452575043
0.00020072025781954077
8.265958420865806e-5
5.621681755346795e-5
8.470073452749072e-5
0.00013910027408138134
0.00020044342650676281
0.00029659555400021997
0.00035944238829206985
0.0004900862564584865
0.0005565328382347684
0.0
0.0
0.0
0.0
0.0
0.0
0.0
3.1114094506408284e-6
0.0012373683889796972
0.0006937736587456543
0.0002776722749202302
0.000189108820244912
0.00015314068665857723
0.00015080001926058781
0.00013716353994000028
3.236208421339457e-5
1.7257067332106654e-5
1.8220893281092225e-5
4.321206658953862e-5
0.00014379007975328438
0.0002792960496740545
0.00035750197429281464
0.0004635676699049155
0.0005156064630707053
0.0
0.0
0.0
0.0
1.0059900623067546e-5
1.853629524064459e-5
2.990669898953537e-5
4.257902234304779e-5
0.0016054785380939184
0.0009522417772722133
0.0005805900061948783
0.0004177662331595682
0.0003538594698893489
0.0003475194859137254
0.0003006696652222287
0.00022484438342629135
0.00027019645746155757
0.00030579810049425596
0.0004631544535824993
0.0007107640009128274
0.0
0.0
0.0
0.0
0.0
2.71509168574745e-6
1.3092706781404137e-5
1.3906184454705565e-5
2.1803814514845996e-5
2.4327117794913e-5
3.111869098731826e-5
2.6658418384827595e-5
2.8324173843638922e-5
2.1953021091035858e-5
2.079368546155236e-5
7.954187944876713e-6
0.0
0.0
0.0
0.0
0.0
0.0
1.10331423011492e-5
1.839922928219942e-5
2.414400140411141e-5
2.4324598369965796e-5
3.1828722377969326e-5
3.62025657886424e-5
0.00017093897524279202
0.0003012763381479738
0.00028009598101105755
0.00016935975853197088
4.383774699127971e-5
4.270239839828387e-5
4.990211618030189e-5
4.6611983553996716e-5
0.002394131471235754
0.001668443888376874
0.0008398827126966272
0.0007097043324438661
0.0006201848372583019
0.0005578723276047363
0.0005094264061036649
0.0003784187556262675
0.00037128670797303417
0.00030366688797460575
0.00037970951799984033
0.0004973348126052451
0.0006090294313810793
0.0006203141399981525
0.0007205660535329849
0.0007647159321234878
0.0
0.0
0.0
7.796712366526666e-6
1.8613924475120083e-5
3.273561257741285e-5
2.5567181799450078e-5
3.622779276809752e-5
0.0019313425841516524
0.0013620291623811212
0.0006064662309895736
0.00030601379628186846
0.0002725760090045818
0.0002748846090478216
0.00028043961761796773
0.0001903560588521208
0.00022345380511815599
0.00016906044870574946
0.00020618718458031973
0.00027361156949554365
0.0003728685711444147
0.0004168420265243309
0.0005261689703328871
0.0005715264163137726
0.0
0.0
0.0
0.0
0.0
0.0
0.0
0.0
0.0011546996783778985
0.0008818384934250116
0.0006588424465385839
0.000611851331301764
0.0006258008722409264
0.0005902308151902218
0.00057149311821073
0.00046151996579025297
0.00042582785201497955
0.0003068826694801119
0.00039557740128438624
0.0005402862523394696
0.0006346136772769854
0.0006774388330302188
0.0007982563872901829
0.0008515407904779497
0.0
0.0
2.2648430414339184e-5
3.060324312301754e-5
3.5519542926890386e-5
4.3109791452280114e-5
5.513577167635588e-5
6.123086335082178e-5
0.0018724448183627743
0.0011151625466693164
0.000506753764998685
0.0003717085280640518
0.00033138262689464223
0.00030382693697988993
0.00030541377242483914
0.00021799198115327026
0.000225052664788886
0.00018483223624783443
0.00022162544824297923
0.0003199916275716772
0.00047631001888697794
0.0005542479505117845
0.000673688726312956
0.0007321677280071524
0.0
0.0
8.18209664981447e-6
1.8721217102336643e-5
4.012299626375062e-5
4.564999624936996e-5
8.874624312400047e-5
0.0001531037567928815
0.002020126027093936
0.001208873364494685
0.0004934975304326715
0.00032293970301060113
0.00029727932356512756
0.00028744549976961355
0.00028995193365476
0.00017986804458781664
0.00013887241245852988
0.00014289550394137746
0.00019057299039635205
0.0003014540049526357
0.00039088700088334415
0.0004652350100209706
0.0006229417260506918
0.0006965774851093073
0.0
0.0
3.5846608451590574e-6
2.28224245333554e-5
2.8394983890714476e-5
3.3459689450940227e-5
4.424793622037048e-5
4.98733664400095e-5
0.0016233036863679982
0.0009922266682237371
0.0005654090742914264
0.000481121150908966
0.00044927745422923754
0.0004344350469230122
0.0004036370454830715
0.0003440110298873754
0.0004452807895410352
0.0004903263972729601
0.0006266854607246527
0.0008938748749096661
0.0
0.0
0.0
2.4389647913267046e-6
1.5692699397576513e-5
1.934970383728053e-5
3.141191994512835e-5
3.7790342363015924e-5
3.87042686027232e-5
6.513246439400707e-5
0.00017675632661245055
0.00016950326427228097
0.0001946173479572364
0.00019165134309401762
0.0001188647375048943
5.1059044426057966e-5
4.309956869455227e-5
4.523432714714898e-5
3.186740092166943e-5
2.4071548626150942e-5
1.7039087988756432e-5
1.824817469875756e-5
2.703717528430363e-5
3.762988604320522e-5
0.00010666161099796356
0.00014581100974016799
0.00015265707850723443
0.0001891065386657426
0.0002102666340660005
0.00030411253263354913
0.00031980759323503
0.0004138342817763133
0.00043531828889347834
0.0005313763071911957
0.0005131715186407122
0.0005918629624503332
0.0005866080740229488
0.00047354158991776786
0.00033694961706245204
0.0002818222543269982
0.00021202438948896262
0.00022393234518780316
0.00017362304840592375
0.000142402048350895
0.00011293695056179397
0.00012439443334616484
0.00015009090966951706
0.00021841338023906296
0.00023544844450058497
0.0002964907188820442
0.0003266329445460156
0.00041121035562480756
0.00042502792258955127
0.0005316729904754667
0.0005404698086295009
0.0006134342276028388
0.0006076633741804803
0.0006399920626093621
0.000634504943463857
0.000665490627901419
0.0037266003588646056
0.0024647581206819736
0.0012678049728030972
0.0009515653783954931
0.000803804764378101
0.0007052865218388321
0.0007383203263497241
0.00046776867543550426
0.00036215867321030853
0.00033867600560811916
0.00040185069798650316
0.0005781606405046621
0.0008536665828038336
0.0008882891464155864
0.0011488760173205069
0.0012176417594436271
0.0
0.0
1.057009264315351e-5
2.8262716072846907e-5
0.0001715255852356537
0.00034362819322858565
0.0003902008785904546
0.0005756820288255034
0.002767900512838697
0.0019675658943495797
0.0007053109070334033
0.0004015414961814502
0.0003625972149162253
0.00034789135254198244
0.0003440702023399578
0.00023081768098832877
0.0001640029831316985
0.0001654201419250897
0.000223274945605539
0.0003281985344814724
0.00045024173014762876
0.0005691293635009679
0.0007537229106988953
0.0008572632665309364
0.0
0.0
1.3182109358942715e-5
2.5537293341720028e-5
0.00015760782086248862
0.00023998023489159
0.0002924468930830264
0.00037840996628198847
0.0023797797812274003
0.0015064530438997422
0.0005336573499727092
0.0003390945745310181
0.0002936304971251558
0.0002741044839956748
0.0002797738938157949
0.00018091254505514854
0.00013886409118244635
0.0001255777154408733
0.00020070322094773235
0.0002974327192197685
0.00042497457283191634
0.0005000745958620612
0.0006144738948827813
0.0006470015526289767
0.0
0.0
0.0
1.5814958508211446e-5
2.7669427580664386e-5
4.305303618598052e-5
0.00013055636747577625
0.000272335533167516
0.002144726555305255
0.0013475032594778432
0.0005066233906300246
0.0003416332738100592
0.000296882702043741
0.00026216305857260986
0.0002593161835453834
0.00016950887998191355
0.00011349132444608624
0.00010669833835142934
0.00013959738689669276
0.000269077595321534
0.000405126788069934
0.0004755646909183368
0.0005682061344450624
0.0006435562751806632
0.0
0.0
3.1090803317541256e-6
1.7212716014444245e-5
2.8125552283828712e-5
3.723286341608696e-5
8.091672457907976e-5
0.0002719731263875004
0.0020047415487985673
0.0012758485311001849
0.0006528808374533366
0.0004795798305942702
0.00044016151510872564
0.0004305048717750234
0.0003917726155004012
0.00032074671321190735
0.00048790925075091837
0.0006590031996533148
0.0007918894677734077
0.0010007478636772506
0.0
0.0
0.0
0.0
0.0
2.8105392720841224e-6
1.5660838114409003e-5
1.8556069456922713e-5
2.657683549762524e-5
2.413658212369366e-5
3.1043589279043815e-5
3.3243926027989567e-5
3.6150836362059407e-5
3.1582737080419144e-5
2.105129701795736e-5
1.1620682802725795e-5
1.4061189257686022e-5
5.612762871292633e-6
0.0
0.0
0.0
0.0
0.0
0.0
5.285390538843614e-6
1.0008193668957422e-5
1.753295732812603e-5
2.1815058149073908e-5
3.167707352416638e-5
3.789617819057807e-5
7.248695217645474e-5
0.0001808193157955017
0.00019530547369516784
0.0003021083294228165
0.00033026855611675225
0.00044388117961563587
0.0026856668273334255
0.0016659427002351812
0.000579355171337503
0.0003721108005445095
0.0003094274029889634
0.0002897392981454107
0.00029268386660928175
0.00018104004288611153
0.00012484202719965847
0.00011923990549922324
0.00013966678730648638
0.00024383373035310286
0.0003461401116128732
0.0004477358402966588
0.0006094681335828127
0.0006670478077872605
0.0
0.0
0.0
0.0
1.2910616126325642e-5
1.5371899384116758e-5
3.156877616561017e-5
2.8579882224744388e-5
0.0017351551337955828
0.0009659543938125917
0.000345424754613175
0.0002618367919485256
0.000238466312833832
0.00021011714876691817
0.00018832877368202484
0.00010200669393576555
9.588541808372284e-5
0.00021719765470638668
0.00029714164828075845
0.000359289539577199
0.000471728861924895
0.0005291310452660218
0.0006365020229618611
0.0006842395420015967
0.0
0.0
0.0
0.0
1.1128616483607807e-5
2.7132727810742165e-5
2.75879290703719e-5
4.972293246460576e-5
0.0017533175014436439
0.0009993292959003359
0.0004555053735874096
0.00031362303481528397
0.00027070582587965854
0.00026830242013929965
0.0002653709494798256
0.00016521214286385543
0.00010809915444227013
0.00010489412722696929
0.00013185159226769807
0.0002517154245664415
0.0003549632256951447
0.00042525927971800705
0.0005639874013524733
0.00063364887911637
0.0
0.0
0.0
0.0
1.258232828337728e-5
2.0650873901969704e-5
2.277500895370797e-5
3.0438083648779003e-5
0.0015269124312711525
0.0009123681311784213
0.00048243688169856885
0.00035073082893379855
0.0002770913661990873
0.00026099029308290116
0.00030221156482053944
0.0002417081364869104
0.0002541485677195392
0.0002927749311252084
0.0003451708745462784
0.0004539273873572608
0.0006850343510828755
0.0009557157941000841
0.0008275763495685658
0.0008013009187651783
0.0
0.0
1.2070623003364824e-5
2.776164286841915e-5
2.7975621756046112e-5
5.3909804461361656e-5
0.00013416672286201858
0.00014090722735983317
0.0017685664154448812
0.001359132158982044
0.0008617933186887815
0.0006902628158123658
0.0006145132844099511
0.0005657476099757867
0.0005925627685599777
0.0004744054783407437
0.00046084985217134054
0.0004492100119601641
0.0005591434732069745
0.0006403122055037059
0.0007423693769795679
0.0007835563781578522
0.0008995054271556406
0.000912586678462102
0.0
0.0
2.073990515611134e-5
3.0500500548383215e-5
4.341879724445726e-5
5.140448720349498e-5
7.361978047282529e-5
7.370944556310236e-5
0.001944039738154002
0.0014208197304983474
0.0007444347520736179
0.0005274287076569633
0.000490448153115662
0.0005076405005631808
0.0004794108470032568
0.00048753466658975233
0.0006923238038423437
0.000709379631208352
0.0009637904938615716
0.0012037783475637527
0.0
0.0
6.205483327566059e-6
1.5891870091644598e-5
2.9104872326158754e-5
4.364423908128424e-5
0.00023818297264723102
0.0002639142588234082
0.00042531082341980964
0.0003963977367703672
0.0005823217151501093
0.0006020289062647696
0.0006900064709609748
0.000473486106078072
0.000334766768473707
0.00017645833741676719
0.00014325005403443896
2.854522788617236e-5
2.6268495097859662e-5
1.2881878635404304e-5
1.2888812303193416e-5
9.758936611805273e-6
1.596868277784602e-5
1.5573441822512466e-5
7.561019862980361e-5
0.00012030565376993719
0.00016966708898179768
0.0001500585215525228
0.0001850144771450427
0.00017083539579984395
0.00021896275527889735
0.00020235607396508712
0.0002617843661696662
0.00024692912061266467
0.00034335351840152485
0.00032981004613913406
0.003184549189310876
0.002026593887698177
0.000952333158956624
0.0007193302189220105
0.0006129717201783161
0.0005291331847004921
0.0005603874094540926
0.0003607446015719217
0.00027698952495106764
0.0002534042140423212
0.00035872809412793765
0.0004918163443983218
0.0006505438134403748
0.0007351683074083433
0.001004243627726525
0.001064982378406364
0.0
0.0
1.0134667056421862e-5
1.8815837674909755e-5
2.7831701249891104e-5
7.74883511863603e-5
0.00017132655298929912
0.0002584560031951252
0.002430165348198211
0.0015640964056581215
0.000571079488223536
0.0004233586124045495
0.000402470490164514
0.0003941430213433799
0.00038962750327074265
0.00027009108702598616
0.00019700130503014487
0.00017535142258075605
0.00027345987193099267
0.0003502340943809004
0.00048149163053680947
0.000534524166163586
0.0006522048866497399
0.0007016862886997168
0.0
0.0
0.0
0.0
0.0
0.0
6.961075481583263e-6
1.7721888392907445e-5
0.0017184774675294298
0.001204600091880331
0.0006957462712336878
0.0005807475352476208
0.0005265149007530451
0.0005015691277083249
0.0004132197246369375
0.0002534541783628263
0.00034178975535806516
0.00040125418611285265
0.00041005880922662807
0.0005137517098713849
0.0006319700206154469
0.0006453463961258059
0.0007506055726937376
0.0007868580351713701
0.0
0.0
0.0
8.12321464572411e-6
1.8681047797944967e-5
2.9724841569516374e-5
2.6111850825140825e-5
4.1236808252649796e-5
0.0019277637400048307
0.0011119107450547738
0.0005052291545235879
0.0003674749160763998
0.00033573792613769373
0.00032822811564209054
0.00032965059323932275
0.00023293985607952765
0.00017900466594359757
0.00016435272156170252
0.00019008697920437967
0.00032876532790520566
0.00045953449222724084
0.0005159260107006691
0.0006452976027977665
0.0007104890273830947
0.0
0.0
1.1852411514552714e-5
4.5671648847823e-5
0.0001335930823304245
0.0003398058665669913
0.00033447753830472693
0.0005691317556456214
0.0022070551749462596
0.0013755836484873381
0.00045234891749869804
0.0003132305258940655
0.00028904049362447697
0.0002730158566983739
0.00026887327638579423
0.0001870616887233528
0.00019721825714292052
0.00020900171278056672
0.00021971827779042292
0.0003608900886594695
0.0004915188028169839
0.0005446375672872508
0.0007111707259096769
0.0008100770705021777
0.0
1.2863265685499699e-5
3.4977526085013864e-5
9.185585056790661e-5
0.00030182207569043074
0.00034313476107400973
0.00045417188350366537
0.0004840239651129959
0.002222372675485221
0.0016920790383597472
0.0011161823144560177
0.0009232925110119366
0.0007781259073833862
0.0006818539475502127
0.0005195160253257525
0.0004924964131162643
0.000953456587237043
0.001102005053350536
0.0011875092368184381
0.0013813571475291633
0.0
0.0
0.0
7.617504186496765e-6
1.7012807918943415e-5
2.632999228532321e-5
5.252638878561692e-5
0.00027569628942030307
0.0003048218553652055
0.0004554533370816341
0.0004343094526381942
0.0006400757964654769
0.0005474258708992305
0.00043538272922555017
0.0001861831538145733
6.829913616761985e-5
1.120326197927342e-5
1.2079407583999565e-5
7.354049454532283e-6
4.129060122800832e-6
2.0390876688795982e-6
0.0
3.6513046930395425e-6
1.0685820380730517e-5
1.3334497093737273e-5
6.709790878254601e-5
0.00012641975055004636
0.00018615800429595057
0.00019114448472650118
0.00030519891375404515
0.0003085451163853303
0.0005393848569081468
0.0005392404749019671
0.0006711448366496663
0.0005897158847395073
0.0006892053238624251
0.002987016931583859
0.0020184822268740936
0.0010202866825225053
0.0006319590550579993
0.0004620832869913624
0.0003842459332548173
0.0003972894191080244
0.00024785178961539726
0.0002264061532325183
0.0002010552432507955
0.00022325973264367122
0.00037091958132378104
0.0005214328010973895
0.0006024636687109247
0.0008720303635263801
0.0009586886224058682
0.0
0.0
0.0
0.0
0.0
0.0
0.0
0.0
0.0017536920672536923
0.00130411018480389
0.0005841772184513651
0.0004492454724365741
0.00039528163861451916
0.00036572061678060206
0.00039702643879832984
0.0003250503270672351
0.00033105546133341176
0.0003570294643622078
0.0003784995396549086
0.0004939021121719011
0.000640615956262176
0.0006851205367247762
0.0007928321945095405
0.0008309215296985124
0.0
0.0
0.0
1.777415783935986e-5
3.0310101795617562e-5
6.050509591498586e-5
0.00026461066607666824
0.0003030006498058967
0.0023698703848912795
0.0014380194455373026
0.0005927459023919874
0.00039505791708028084
0.00033974082538874113
0.0003459801879304302
0.00035469829053263866
0.0002397060479748707
0.00017158359690357943
0.00016398958276324873
0.00017673673067728076
0.00032690484850723164
0.0004800219300466655
0.0005837052563780844
0.0007494467022880263
0.0008103454253954647
0.0
9.968913265944441e-6
3.357585404452006e-5
9.572292100110774e-5
0.0002514088072869257
0.00035783522305840083
0.00043837320060173025
0.0005028927758582648
0.0022611909786214163
0.0013812055283009459
0.0005005840083610761
0.0003352661786960268
0.0002941402071798978
0.000275691760440921
0.0002748964534708805
0.0001677403330695013
0.00012150470547708331
0.00011137458568234452
0.00012148026159716713
0.0002449326905148377
0.00034811886836096003
0.00043621248036416425
0.0005953511799847739
0.0006771936177493899
0.0
0.0
1.1184064362759314e-5
2.0555220169117132e-5
3.0153852549822677e-5
3.960275996967206e-5
0.00015468095878036964
0.00027641297072076285
0.0019823459824070857
0.0011234984898836724
0.0004118359761942587
0.00025194499131397794
0.00020463778258632075
0.0001777035035328537
0.00017494917441552926
6.664261200917186e-5
4.204256316392473e-5
3.75663720832005e-5
4.429988265274326e-5
0.00014182049370864108
0.00024361644673503245
0.0002765776785778183
0.00036896328332345463
0.0004379613858459274
0.0
0.0
0.0
0.0
0.0
0.0
0.0
8.422372268540042e-6
0.0012415985406729517
0.0007460527907650628
0.0003619805303088372
0.000252012765929439
0.00021854120915477422
0.0002135557082151301
0.0001679913237529182
0.00010984050557174309
0.0002111645493225485
0.00031317717296321654
0.0004033348492171954
0.0006369477784921406
0.0
0.0
0.0
0.0
0.0
0.0
0.0
0.0
0.0
0.0
0.0
0.0
2.7362886393293505e-6
4.486333835225272e-6
0.0
0.0
0.0
0.0
0.0
0.0
0.0
0.0
0.0
0.0
0.0
0.0
0.0
0.0
0.0
0.0
0.0
0.0
0.0
0.0
0.0
0.0
0.001095306875896823
0.0006764976172027756
0.0002435141658248182
0.0001669837019975415
0.00012724024603483463
0.00010495066552953375
0.00010840382887366377
3.253854833550418e-5
1.8324223255887955e-5
2.3363731813973972e-5
7.181174531952282e-5
0.00019361748172827756
0.0003163809510026438
0.00039687871459484156
0.0005419130005478315
0.0006262078774746355
0.0
0.0
3.860653792860234e-6
2.6050242521659686e-5
3.708336262177963e-5
8.698318506911982e-5
0.0002667464586147466
0.0002863982855160593
0.002015942223059974
0.0014109854754897995
0.000705845524410246
0.0004971055012440964
0.00044830852477325287
0.0004448872024151896
0.0004413133535955283
0.00040767483884915926
0.0003856872751510961
0.00037653590594821293
0.00043847667490806664
0.0006645341538842492
0.0008214478764463978
0.0008746775267806567
0.0010272663470057846
0.0011141078161802727
1.4032105389418347e-5
0.00011689268094103237
0.000271452214848754
0.00046879737104096
0.0005039047379205949
0.0007129155329751568
0.0006729752734711069
0.0007667180723245089
0.0024145971331601536
0.0018229577301425192
0.0009037733553892832
0.0005830796832156872
0.00047189227212854096
0.00042481984653008567
0.0004318611784150914
0.0003288357344150264
0.00024200168215060338
0.0002186934816063182
0.0002507164550954336
0.0004700214636128195
0.0006703327889872106
0.0007468286007048115
0.0009345845046404165
0.0011296773020332295
1.1967116345537263e-5
0.00013236382548642746
0.0002676208887608145
0.000474941169640286
0.0006206660184743307
0.0006666626472652677
0.0007067180883241081
0.0007212047049252534
0.002409795934445243
0.0020945162323327935
0.0009615884591410534
0.0004996508685546749
0.00035629659347633587
0.00034250768549031504
0.0003557212248429281
0.0002709196748184334
0.00021083494030999802
0.0001910521652235137
0.00020307782908196684
0.0003708243802747703
0.0005445771496731019
0.0005812045614226794
0.0006944072880487159
0.0007378467038826076
0.0
0.0
0.0
0.0
1.7642824793018915e-5
1.7735387998849275e-5
2.7976374778867785e-5
2.479634017631033e-5
0.00175943214738095
0.0011200046377914717
0.0005996320209059137
0.0004392840411239374
0.0003890531595472577
0.00040403292229316347
0.00044759066116380463
0.00037985956874273636
0.00038991957736595465
0.0004146056541864163
0.0004380256736343335
0.0005170483080934607
0.0006069470482417682
0.0006552524422360042
0.0007667661384895098
0.0007847065122845996
0.0
0.0
0.0
0.0
1.225971181129535e-5
2.0061021335429463e-5
2.8479842597703584e-5
2.9608062913130396e-5
0.0017855468166586776
0.001310009688354476
0.0007461450533031224
0.0005985467824483457
0.0006066646635366948
0.0006072164177989373
0.0006049933481097708
0.0006510687853932984
0.0009249916016201092
0.0010277336043112684
0.001128843327461343
0.001360965028473523
0.0
0.0
2.454310128217307e-5
2.714151257106493e-5
0.00013810621261679877
0.00023255248294798279
0.000343077606326817
0.00030095463686142355
0.00048587154990696986
0.0005567029293921971
0.0007378023339385607
0.0006094958877367392
0.0006635117106575155
0.0005566485122112169
0.0005716384093618651
0.0003474216821409857
0.00029433649509306525
0.00017976623572187335
0.00017972145387169742
3.0297249666808662e-5
2.7144967019866627e-5
1.8533304501647947e-5
2.6257717199706043e-5
7.206171365452705e-5
0.00015565241285313852
0.0002493387256281986
0.0002906484882522024
0.0003762510544706074
0.00043570150649088605
0.0005383588405658734
0.0005477516785542152
0.0005563616471572231
0.0005728175657812341
0.0006622216408474778
0.0006939400058927602
0.000784794557506426
0.0006684417613629479
0.0005162336228401523
0.0003047429570286012
0.0001602338079974365
0.00010093123222730253
5.329943275315229e-5
2.414851262496399e-5
1.2923793226666727e-5
0.0
0.0
6.105849998093989e-6
1.1672026481168713e-5
3.168354532108536e-5
9.279923943530434e-5
9.76801799500655e-5
0.00011899562207285787
0.00012975209479956947
0.00017732041993683662
0.00020228505429854666
0.0002732610588275685
0.0002870688604744241
0.0003754029310722899
0.0003362814585257401
0.00038244050021353986
0.0034621474866702467
0.0022763968263725923
0.0011161347911782483
0.0007545831109295309
0.0005433032877231311
0.00044033614090379785
0.00048636760776240326
0.00018977596197677807
0.00010223970419407296
0.0001034284206664324
0.00014807937323746236
0.00027059767563207267
0.0005330407229801843
0.0005950291717757802
0.0008504019935187831
0.0009069786101584433
0.0
0.0
0.0
0.0
0.0
0.0
0.0
1.6317506729601062e-5
0.0019326942326663478
0.0011154319376361229
0.00029164218192980135
0.00020894099355815232
0.00016699807489876565
0.00015781274783192764
0.0001501468546575078
3.901378122983196e-5
2.014498636974928e-5
1.273545200121611e-5
1.767138335671966e-5
7.62237186634096e-5
0.00020038176243117648
0.00026782385051670675
0.0003901444775771894
0.0004283626234666688
0.0
0.0
0.0
0.0
0.0
0.0
0.0
9.673333927566243e-6
0.0013942235974738417
0.0006967970191478786
0.0002348456362819932
0.0001618501346060642
0.00011567711785397914
8.432007075572957e-5
7.157588348868437e-5
1.8910743863513917e-6
6.137385984761606e-8
0.0
0.0
2.205581941101331e-5
0.00014016254129799608
0.0002094802613376058
0.0002952331774603567
0.00036557930782200507
0.0
0.0
0.0
0.0
0.0
0.0
0.0
0.0
0.0010883891208206347
0.0005813473292951326
0.0001808201591822854
0.00011621984172236548
7.364962283101845e-5
4.360769405381899e-5
2.247993572386297e-5
0.0
0.0
0.0
6.593671868086467e-8
1.7325805255082305e-5
7.952979795220659e-5
0.00013009205648046841
0.00022207304848113256
0.0002745588426828517
0.0
0.0
0.0
0.0
0.0
0.0
0.0
0.0
0.0008321139600930081
0.0006134421977226391
0.00034826433927658543
0.00017240397849674357
0.00011121366897504571
9.39908218934685e-5
8.616700959036097e-5
8.699812739023323e-5
0.00015596340867110283
0.000167091676724333
0.00019177301085135455
0.00042345926866737605
0.0
0.0
0.0
0.0
0.0
0.0
0.0
0.0
0.0
0.0
0.0
0.0
0.0
0.0
0.0
0.0
0.0
0.0
0.0
0.0
0.0
0.0
0.0
0.0
0.0
0.0
0.0
0.0
0.0
0.0
0.0
0.0
0.0
0.0
0.0
0.0
0.0011312369038842909
0.0005663288583073013
0.00017284717182867892
8.944679925911746e-5
4.666514945637128e-5
3.2408444527312026e-5
1.8447030873784243e-5
0.0
0.0
0.0
0.0
1.8836040213920984e-7
2.1171336148007935e-5
7.35434268245402e-5
0.00017570167438327736
0.00022627980070245643
0.0
0.0
0.0
0.0
0.0
0.0
0.0
0.0
0.0006823662354399801
0.0003478263110961119
0.00010674511068617033
4.975006107480801e-5
3.413723201136928e-5
2.0913838276776998e-5
7.389151801234287e-6
0.0
0.0
0.0
0.0
0.0
4.958746680773216e-6
3.531187045820371e-5
0.00013748318571021217
0.00019368925700208875
0.0
0.0
0.0
0.0
0.0
0.0
0.0
0.0
0.0005561898241130626
0.0004228004134591644
0.00013916535329996915
6.767214507552948e-5
3.4531708665590076e-5
1.562467918681359e-5
8.886820170832123e-6
9.601696103626493e-7
6.010582097490778e-7
6.614601199290528e-7
2.4404290614152725e-6
5.142134022004304e-5
0.00013841524043031714
0.00020921551897652995
0.00032934379393965844
0.00037910996014650585
0.0
0.0
0.0
0.0
0.0
0.0
0.0
0.0
0.0008207198099978307
0.0005966521335368596
0.00027671213782881274
0.00014377907932871308
9.05602917856429e-5
5.289106433725099e-5
5.0312062715861254e-5
8.401182653493643e-6
2.42841452043687e-6
3.59008424654775e-6
8.814235192184471e-6
5.6256648922027426e-5
0.0001577573733725395
0.00022942633785913235
0.000355818903942762
0.00040962891632601413
0.0
0.0
0.0
0.0
0.0
0.0
0.0
0.0
0.0010866730336366495
0.0005577316437310856
0.00020774763264729535
0.0001426539787262319
0.00010371248805430322
7.384915216327337e-5
5.9994722085024554e-5
6.995801680073632e-6
3.6302420899018026e-6
2.791013394982301e-6
4.404989749588115e-6
3.404285543219841e-5
0.0001405895026457911
0.0001974489845221877
0.00030663746035455375
0.0003755691584018897
0.0
0.0
0.0
0.0
0.0
0.0
1.7778634563934342e-5
1.8973300522171905e-5
0.0012561905863567818
0.0006450726265058564
0.0003507601535228525
0.0002807017681895223
0.00025281574110516236
0.0002520408673400361
0.00021761451066714408
0.0001561666937507498
0.00019751475626607923
0.00020494537511304704
0.00022464756573929514
0.0003980799581136064
0.0
0.0
0.0
0.0
0.0
0.0
0.0
0.0
0.0
5.458553508977756e-6
1.2750420663829706e-5
2.0238088096774455e-5
1.4058789053833382e-5
1.1389002725183894e-5
1.6336567293851245e-6
0.0
0.0
0.0
0.0
0.0
0.0
0.0
0.0
0.0
0.0
0.0
0.0
4.958002546774169e-6
1.3029040510945767e-5
1.4637593307031443e-5
2.745613472663325e-5
2.6015594047799017e-5
4.819533412169726e-5
5.347965288645128e-5
0.00011059011325041778
9.769405350973114e-5
0.0017411431585501104
0.0008866842195977288
0.0003530406852639699
0.0002495897060655747
0.0002017733609085292
0.00018740845664264424
0.00018893267623893467
6.47726866027576e-5
4.2225722075795264e-5
3.9603182160073335e-5
4.559652533612685e-5
0.00011143487954114355
0.0002340391569603476
0.0002841527365488195
0.00042816136408279395
0.0005029339741174715
0.0
0.0
0.0
0.0
5.6640004152817806e-6
1.4378193636834794e-5
2.6864366823354853e-5
2.771130549645348e-5
0.0014438917871398228
0.0008805183346636368
0.0004554471386093205
0.00029088172594967466
0.00018107196247613234
0.00013265069768971072
0.00013178230976383561
9.485997139072759e-5
3.29995181581074e-5
3.0203164946872006e-5
3.5281187397077826e-5
9.821002053097439e-5
0.00021216670282716947
0.0002518533012925587
0.0003701917716379356
0.000437191578633237
0.0
0.0
0.0
0.0
0.0
0.0
0.0
0.0
0.0007713415209665607
0.00058603189557001
0.0002662367160250022
0.000113913698587932
5.612372263929522e-5
4.7656404385124134e-5
2.1146737269963993e-5
9.221277655723609e-7
1.34851314824619e-7
3.371289938089674e-8
2.4160993308035164e-7
1.4385043187688211e-5
8.418461251576603e-5
0.00014436935132534066
0.0002641843919017676
0.0003413568079903752
0.0
0.0
0.0
0.0
0.0
0.0
0.0
0.0
0.0009394574432267734
0.0005336834930514286
0.00013985915194184993
7.031791307138937e-5
4.5380502554536034e-5
2.1655012829305843e-5
6.6140890769431344e-6
0.0
0.0
0.0
0.0
3.962739336310985e-8
2.838900289061487e-5
6.406486308095321e-5
0.00014286541931019935
0.00017312465517960721
0.0
0.0
0.0
0.0
0.0
0.0
0.0
0.0
0.00024749355480906175
0.00020473879967799883
4.280599833331337e-5
1.1710954324802586e-5
1.539728071558736e-6
6.890543618336098e-8
1.3781117217810718e-7
0.0
0.0
0.0
0.0
1.7226424700786923e-8
1.8089343687739424e-5
3.7196070323565236e-5
7.708212556930088e-5
9.907394779714928e-5
0.0
0.0
0.0
0.0
0.0
0.0
0.0
0.0
0.00023498409512085597
0.00023171315455220554
9.315526732858052e-5
7.229440907647167e-5
6.136428125235051e-5
5.124523872748837e-5
3.566609822152931e-5
4.339817754630952e-5
0.00010617521523538117
0.00016495097136266096
0.00026475143333321
0.0004006988101810717
0.0
0.0
0.0
0.0
0.0
0.0
0.0
0.0
0.0
0.0
0.0
0.0
0.0
0.0
0.0
0.0
0.0
0.0
0.0
0.0
0.0
0.0
0.0
0.0
0.0
0.0
0.0
0.0
0.0
0.0
0.0
0.0
0.0
0.0
0.0
0.000800991434047061
0.0005744615659517963
0.00017405467388143631
9.075929948737758e-5
5.065659634834287e-5
3.238879439899781e-5
2.9056664991361877e-5
2.5168006012754735e-6
0.0
0.0
0.0
0.0
8.712622079142816e-8
3.560932545667436e-6
5.777033092422718e-5
0.00011614859618415149
0.0
0.0
0.0
0.0
0.0
0.0
0.0
0.0
0.00040671615237536347
0.0003750867859307027
0.00012323085094690403
5.0991202943711864e-5
3.4145120705731156e-5
2.3778488670665305e-5
5.895611129421975e-5
4.5358566660703714e-5
2.6050990027676606e-5
8.302633485115607e-6
1.0425803432458977e-5
5.4395886840378054e-5
0.00018261926273191527
0.0002896570150598436
0.0004136843382345297
0.0004783814750826514
0.0
0.0
0.0
0.0
0.0
0.0
0.0
0.0
0.0010427810241872505
0.0006892800194107641
0.000291641935069037
0.00017344506997634467
0.0001194561968952992
8.49874923039089e-5
8.975134293879759e-5
4.3177392382058537e-5
6.516769097012952e-6
2.7057906985439653e-6
2.168362997512665e-6
1.9609215059333817e-5
0.00011350167336774818
0.0001851663059200851
0.00028325641053729477
0.0003388966258799315
0.0
0.0
0.0
0.0
0.0
0.0
0.0
0.0
0.0009580268562516135
0.0006563725971358058
0.00028403668025741923
0.00018080582493310284
0.00013574318032936956
0.00010626710719555804
9.640112276044615e-5
4.8624618759222916e-5
2.902411523542915e-5
4.281947447658661e-5
8.868835842287024e-5
0.00019122074650450334
0.000337612234746799
0.00042535868084084684
0.0005465385974175977
0.000594662878878974
0.0
0.0
0.0
0.0
0.0
0.0
7.361545985509193e-6
1.4898942844652699e-5
0.0012563675282158322
0.0008733604777691
0.0005017815308084151
0.000365713683651877
0.0003005348758805049
0.00023016904391183403
0.000214184277694499
0.00012593324066645085
0.00012585129057720673
0.0001358410943617413
0.0001336312881340404
0.0002044139509836078
0.00033914044838739095
0.0004091095242598121
0.000513658307270139
0.0005501672289113331
0.0
0.0
0.0
0.0
4.393572857870344e-6
2.287252590994762e-5
2.3532527340439458e-5
3.2540902470405125e-5
0.0015319345476224446
0.0010671672284521135
0.0008125978450211664
0.000711124301787394
0.0006127202215512542
0.0005068815491835469
0.00044662204214756087
0.0003680012180265777
0.0004225023974249714
0.0005476973638336419
0.0007034147384199835
0.0009120205713319387
0.0
0.0
0.0
0.0
0.0
1.7926775104582034e-5
2.8335877815654007e-5
2.9054392996828324e-5
3.860049693181735e-5
4.515546841837367e-5
0.0001541837309647207
0.00033081608732803705
0.0002853081293794977
0.0002498027715263188
8.875959157407981e-5
3.109803171192672e-5
1.4929282506665722e-5
9.70437957619242e-6
3.5495013236383273e-6
0.0
0.0
0.0
0.0
0.0
5.083230979122147e-6
1.0268985225552814e-5
1.543237888741009e-5
1.8116291837638122e-5
2.926768121337909e-5
3.49095303615236e-5
9.37141629282708e-5
0.00017074199293097754
0.0002630911659673004
0.0003514110703434048
0.0004973391813181993
0.0004708902261691159
0.0026506907344095326
0.00174179647707319
0.0006518581136074281
0.0004209834509458853
0.0003060526664341761
0.0002505327831168977
0.0002700336672580689
0.0001722131454150769
8.936342122352834e-5
5.054547903087899e-5
5.968657891007317e-5
0.00011562987427782852
0.0002649275217123618
0.0003794938558941751
0.0005008011483434192
0.0005567959183286652
0.0
0.0
0.0
0.0
0.0
6.59956045119277e-6
1.9257518431262392e-5
3.5797751751024904e-5
0.0017181416141667715
0.0010448288594359415
0.000434079169814753
0.00028988219669311437
0.00021565506013595655
0.0001790700419532825
0.00020242386318497933
0.00013161251000686308
5.5516343195519165e-5
4.176286292151691e-5
4.152155673460726e-5
8.167473060853227e-5
0.0001619003095438763
0.00026819850513851845
0.0003858859844942424
0.0004575562604740459
0.0
0.0
0.0
0.0
0.0
2.837980862510092e-6
1.8159170780134978e-5
2.3497699163258846e-5
0.0014776149712669936
0.0008786323665954463
0.0003920722785474066
0.00022986883480438297
0.0001646363706970161
0.0001263219056402179
0.0001301697896357941
5.5363842004939505e-5
7.04756390927949e-6
3.6173687039992676e-6
2.89718503805793e-6
2.8336088107993247e-5
0.00010598808280952203
0.0001736193188853374
0.00027419782072405453
0.0003733660446356517
0.0
0.0
0.0
0.0
0.0
0.0
0.0
5.660511481671435e-6
0.0012707512868023435
0.0007307843450575675
0.00030195909553404647
0.00018129135631981072
0.00012757953552958534
8.579277325933809e-5
7.549330923589183e-5
2.097820650424893e-5
1.6592089671086353e-6
1.2717798768888725e-7
0.0
1.05328929013333e-6
4.122898333606819e-5
9.765329047786562e-5
0.00019537064746024318
0.00025735703596056373
0.0
0.0
0.0
0.0
0.0
0.0
0.0
0.0
0.0010867661445315873
0.0006219799684408881
0.0002319628512524365
0.00012751749965270837
7.977395230904423e-5
4.606351383596817e-5
3.8272969738873954e-5
4.610259651715752e-6
0.0
0.0
0.0
0.0
5.616852306997781e-6
4.694555457285574e-5
0.0001346350555047675
0.00018677719061945726
0.0
0.0
0.0
0.0
0.0
0.0
0.0
0.0
0.0007736866676429886
0.0006028968682535568
0.0003236611206580728
0.0001762592415149731
0.00011566334614301665
7.793349837708836e-5
5.145512107217523e-5
2.5938111083200938e-5
6.0963698451053794e-5
9.90376180512334e-5
0.00015084830885044658
0.0002502913846009272
0.0
0.0
0.0
0.0
0.0
0.0
0.0
0.0
0.0
0.0
0.0
0.0
0.0
0.0
0.0
0.0
0.0
0.0
0.0
0.0
0.0
0.0
0.0
0.0
0.0
0.0
0.0
0.0
0.0
0.0
0.0
0.0
0.0
0.0
0.0
0.0
0.0010985766612243838
0.00066461680808294
0.0002472279255919922
0.00012933210022421523
7.503079879108103e-5
4.814176606222489e-5
4.319968371410156e-5
5.9618641084359216e-6
0.0
0.0
0.0
0.0
1.3941067295277988e-6
1.9381738760252855e-5
0.00010531132103944958
0.00017113793794605687
0.0
0.0
0.0
0.0
0.0
0.0
0.0
0.0
0.0006208406974111811
0.00047748074717323443
0.00012046830022300397
5.851015367225683e-5
4.021470788596473e-5
2.4203478859916057e-5
2.020492943164114e-5
8.89176644698411e-7
0.0
0.0
0.0
0.0
1.620987984442214e-5
6.777531421807129e-5
0.00017599282606720512
0.00026113043556034874
0.0
0.0
0.0
0.0
0.0
0.0
0.0
0.0
0.0010366121262290235
0.0006597689019503677
0.00030829662283025265
0.00019134009429824973
0.00012638605958015933
9.966743800634668e-5
9.158842691737926e-5
4.863020564230815e-5
1.2094839084740117e-5
6.014382950400852e-6
1.015976563540041e-5
3.674986760713301e-5
0.0001661899331570151
0.0002544384842967836
0.0003717094230251225
0.0004566651951927209
0.0
0.0
0.0
0.0
0.0
0.0
0.0
0.0
0.0011224631622607476
0.0007062338998186685
0.0003323961181785481
0.00020582392324992388
0.00013304564910646182
8.823714110295785e-5
8.590636205180791e-5
3.7599529444639826e-5
4.767227856070108e-6
2.0456297616664563e-6
1.38211472486886e-6
8.212452109081303e-6
6.427338771055172e-5
0.00014866634490026844
0.00027383747118079466
0.0003465183159143179
0.0
0.0
0.0
0.0
0.0
0.0
0.0
0.0
0.0008833381589964482
0.0005635720421547523
0.0002039733884755503
0.00010257709836245007
5.684220020832457e-5
3.6707641654750694e-5
3.125812877420036e-5
3.0534407392407767e-6
0.0
0.0
0.0
0.0
7.401260327461921e-7
2.3777749464705987e-5
0.00010842369284984629
0.00014928284144693173
0.0
0.0
0.0
0.0
0.0
0.0
0.0
0.0
0.00016865230417348396
0.00014434717338791234
4.487714080133732e-5
2.7693221119908646e-5
1.8144598276097596e-5
9.37525906657162e-6
2.4192417039386627e-6
5.7379326030029097e-8
0.0
0.0
0.0
4.4800542624409063e-7
0.0
0.0
0.0
0.0
0.0
0.0
0.0
0.0
0.0
0.0
0.0
0.0
0.0
0.0
0.0
0.0
0.0
0.0
0.0
0.0
0.0
0.0
0.0
0.0
0.0
0.0
0.0
0.0
0.0
0.0
0.0
0.0
0.0
0.0
0.0
0.0
0.0007034729244617588
0.00047111636699236927
0.0001672650991066314
8.725902427459785e-5
5.1086886397728795e-5
3.382936852274403e-5
2.9584672207681404e-5
2.317276649721179e-6
0.0
0.0
0.0
0.0
2.1462814936785338e-7
4.51631829606287e-6
5.073231191297339e-5
0.00010782912986489412
0.0
0.0
0.0
0.0
0.0
0.0
0.0
0.0
0.0006270430548093605
0.0004042596824666387
9.651541095988882e-5
3.22039226779117e-5
8.704913260142616e-6
1.7405502840209115e-6
9.70828243455479e-7
0.0
0.0
0.0
0.0
0.0
0.0
0.0
7.5772347996970045e-6
3.99168206919105e-5
0.0
0.0
0.0
0.0
0.0
0.0
0.0
0.0
0.0004974569037381597
0.0003004257096309345
4.6032294302855614e-5
1.311906085209922e-5
1.6099138644584692e-6
1.5003029393976008e-7
1.1540810086765861e-8
0.0
0.0
0.0
0.0
0.0
0.0
0.0
1.492064676124172e-5
5.5959276515055804e-5
0.0
0.0
0.0
0.0
0.0
0.0
0.0
0.0
0.0004261034204267772
0.0002843353886639899
5.812545907749578e-5
2.0725014546918306e-5
5.78299482384875e-6
1.2179516922348682e-6
8.23582107610213e-7
0.0
0.0
0.0
0.0
0.0
1.586037814001313e-5
8.327669907329289e-5
0.00021703806860804613
0.00027407945609143826
0.0
0.0
0.0
0.0
0.0
0.0
0.0
0.0
0.0008373964558653775
0.0005338757221561419
0.00018314339378310238
8.134928003571259e-5
5.2946021767489725e-5
4.027794163204867e-5
4.264166724764296e-5
7.222716553471018e-6
0.0
0.0
0.0
0.0
3.17212061920847e-7
5.279881563899259e-6
5.593813862722239e-5
9.555241170581614e-5
0.0
0.0
0.0
0.0
0.0
0.0
0.0
0.0
0.0005158390535471957
0.00037327053934040224
0.00019148687903920697
0.00010443707719545767
6.887613896805761e-5
4.7470581923215864e-5
3.063162131434717e-5
3.460646841607903e-6
2.0770436889333006e-6
5.709905961740914e-6
7.698317538694674e-6
3.3708577264488763e-5
0.0
0.0
0.0
0.0
0.0
0.0
0.0
0.0
0.0
0.0
0.0
0.0
0.0
0.0
0.0
0.0
0.0
0.0
0.0
0.0
0.0
0.0
0.0
0.0
0.0
0.0
0.0
0.0
0.0
0.0
0.0
0.0
0.0
0.0
0.0
0.0
0.000344867927413837
0.00020904850587500962
2.0879932281491638e-5
1.7036037038978023e-6
2.3325320168164877e-8
0.0
0.0
0.0
0.0
0.0
0.0
0.0
0.0
0.0
3.2943209450964106e-6
3.0023397023344312e-5
0.0
0.0
0.0
0.0
0.0
0.0
0.0
0.0
0.0003049507375968405
0.00020220172095557543
3.09207334894636e-5
5.532292375320354e-6
2.4881688739624044e-7
0.0
0.0
0.0
0.0
0.0
0.0
0.0
0.0
0.0
0.0
0.0
0.0
0.0
0.0
0.0
0.0
0.0
0.0
0.0
3.748486791846987e-5
3.749788533350188e-5
3.2818593154554913e-7
0.0
0.0
0.0
0.0
0.0
0.0
0.0
0.0
0.0
0.0
0.0
2.0348562524884826e-7
3.21011913548064e-5
0.0
0.0
0.0
0.0
0.0
0.0
0.0
0.0
0.0004260017869669338
0.000305484047991789
7.982913561095649e-5
4.8064568797767146e-5
3.3552096626392455e-5
2.1914197592621783e-5
1.9511601484459546e-5
7.549866256277302e-7
0.0
0.0
0.0
0.0
0.0
9.581237539761488e-7
4.496239665327523e-5
0.00013318742422167956
0.0
0.0
0.0
0.0
0.0
0.0
0.0
0.0
0.0006000173714384376
0.00037176176393006257
7.747883223222723e-5
2.6832189392484243e-5
8.549643306450484e-6
3.076973340119497e-6
3.8955925125860125e-6
1.2882946116096993e-7
0.0
0.0
0.0
0.0
0.0
9.367788089526089e-7
4.209461071860228e-5
8.14894356647945e-5
0.0
0.0
0.0
0.0
0.0
0.0
0.0
0.0
0.0005504088137293796
0.00036312206972784764
0.0001454927839641501
6.924486438197618e-5
4.959274936811575e-5
3.4521544845535195e-5
1.6686690699719132e-5
8.322034607878558e-7
0.0
0.0
0.0
6.609591757062203e-6
0.0
0.0
0.0
0.0
0.0
0.0
0.0
0.0
0.0
0.0
0.0
0.0
0.0
0.0
0.0
0.0
0.0
0.0
0.0
0.0
0.0
0.0
0.0
0.0
0.0
0.0
0.0
0.0
0.0
0.0
0.0
0.0
0.0
0.0
0.0
0.0
0.0007659157629885056
0.0004974513487019099
0.00017033780367627742
7.76711589037161e-5
4.836913350476963e-5
3.4771700147843466e-5
3.369695426678048e-5
4.0869877348652016e-6
4.637181353066083e-8
0.0
0.0
0.0
5.227916558666113e-7
9.951327149006846e-6
9.247607881435149e-5
0.00017895551033391
0.0
0.0
0.0
0.0
0.0
0.0
0.0
0.0
0.0004642099563477458
0.00033815687661283554
0.00010213358285370481
5.154273053141944e-5
3.350043033147746e-5
2.045679812428372e-5
1.9775666746640012e-5
7.759237770841302e-7
0.0
0.0
0.0
0.0
0.0
3.0645590001619115e-7
4.452585980696576e-5
0.0001151646009575555
0.0
0.0
0.0
0.0
0.0
0.0
0.0
0.0
0.0006003147501536059
0.00035591174129135164
7.004106229878033e-5
2.940648235411084e-5
1.0913522566777607e-5
2.229776299341062e-6
1.542841584885116e-6
0.0
0.0
0.0
0.0
0.0
0.0
0.0
5.7703472373622175e-9
2.433845972996132e-5
0.0
0.0
0.0
0.0
0.0
0.0
0.0
0.0
0.00033504241350142095
0.00022042526297200103
2.3124765138418347e-5
1.2177678901163226e-6
0.0
0.0
0.0
0.0
0.0
0.0
0.0
0.0
0.0
0.0
0.0
0.0
0.0
0.0
0.0
0.0
0.0
0.0
0.0
0.0
3.7903935303602985e-5
2.9564075899562416e-5
0.0
0.0
0.0
0.0
0.0
0.0
0.0
0.0
0.0
0.0
0.0
0.0
0.0
0.0
0.0
0.0
0.0
0.0
0.0
0.0
0.0
0.0
3.003069608100231e-7
1.0771816237665982e-6
0.0
0.0
0.0
0.0
0.0
0.0
0.0
0.0
0.0
0.0
0.0
0.0
0.0
0.0
0.0
0.0
0.0
0.0
0.0
0.0
0.0
0.0
0.0
0.0
0.0
0.0
0.0
0.0
0.0
0.0
0.0
0.0
0.0
0.0
0.0
0.0
0.0
0.0
0.0
0.0
0.0
0.0
0.0
0.0
0.0
0.0
3.12511276392917e-5
3.407239047798701e-5
1.7554982416036613e-7
0.0
0.0
0.0
0.0
0.0
0.0
0.0
0.0
0.0
0.0
0.0
0.0
1.3903707799332013e-7
0.0
0.0
0.0
0.0
0.0
0.0
0.0
0.0
8.71489958665797e-5
7.307409817487888e-5
3.822035160589288e-6
8.793585405850021e-8
0.0
0.0
0.0
0.0
0.0
0.0
0.0
0.0
0.0
0.0
0.0
0.0
0.0
0.0
0.0
0.0
0.0
0.0
0.0
0.0
0.00014565424864346934
0.00013682096808023087
2.439321586373163e-5
6.516701025835782e-6
1.2580266657645964e-6
6.819301738876187e-7
8.524218857499616e-7
0.0
0.0
0.0
0.0
0.0
0.0
0.0
2.0078434164292005e-5
5.953078292923886e-5
0.0
0.0
0.0
0.0
0.0
0.0
0.0
0.0
0.0005456146163481818
0.00032827964680396266
7.223677031854995e-5
3.0418054642524398e-5
7.36290745110722e-6
2.2873419185009365e-6
1.953952456807054e-6
0.0
0.0
0.0
0.0
0.0
0.0
0.0
0.0
2.7252312861501323e-7
0.0
0.0
0.0
0.0
0.0
0.0
0.0
0.0
0.00022422708722967484
0.00013785469150961777
8.049761311303269e-6
5.219416324776776e-7
0.0
0.0
0.0
0.0
0.0
0.0
0.0
0.0
0.0
0.0
0.0
0.0
0.0
0.0
0.0
0.0
0.0
0.0
0.0
0.0
4.443376973118086e-8
2.310560838754944e-7
0.0
0.0
0.0
0.0
0.0
0.0
0.0
0.0
0.0
0.0
0.0
0.0
0.0
0.0
0.0
0.0
0.0
0.0
0.0
0.0
0.0
0.0
0.0
0.0
0.0
0.0
0.0
0.0
0.0
0.0
0.0
0.0
0.0
0.0
0.0
0.0
0.0
0.0
0.0
0.0
0.0
0.0
0.0
0.0
0.0
0.0
3.2423874865815126e-5
3.445346155280522e-5
6.377860502840856e-8
0.0
0.0
0.0
0.0
0.0
0.0
0.0
0.0
0.0
0.0
0.0
0.0
0.0
0.0
0.0
0.0
0.0
0.0
0.0
0.0
0.0
1.1893419392382831e-5
9.703545009414674e-6
0.0
0.0
0.0
0.0
0.0
0.0
0.0
0.0
0.0
0.0
0.0
0.0
0.0
0.0
0.0
0.0
0.0
0.0
0.0
0.0
0.0
0.0
0.0
0.0
0.0
0.0
0.0
0.0
0.0
0.0
0.0
0.0
0.0
0.0
0.0
0.0
0.0
0.0
0.0
0.0
0.0
0.0
0.0
0.0
0.0
0.0
0.0
0.0
0.0
0.0
0.0
0.0
0.0
0.0
0.0
0.0
0.0
0.0
0.0
0.0
0.0
0.0
0.0
0.0
0.0
0.0
0.0
0.0
0.0
0.0
0.0
0.0
0.0
0.0
0.0
0.0
0.0
0.0
0.0
0.0
0.0
0.0
0.0
0.0
0.0
0.0
0.0
0.0
0.0
0.0
0.0
0.0
0.0
0.0
0.0
0.0
0.0
0.0
0.0
0.0
0.0
0.0
0.0
0.0
0.0
0.0
0.0
0.0
0.0
0.0
0.0
0.0
0.0
0.0
0.0
0.0
0.0
0.0
0.0
0.0
0.0
0.0
0.0
0.0
0.0
0.0
0.0
0.0
0.0
0.0
0.0
0.0
0.0
0.0
0.0
0.0
0.0
0.0
0.0
0.0
0.0
0.0
0.0
0.0
0.0
0.0
0.0
0.0
0.0
0.0
0.0
0.0
0.0
0.0
0.0
0.0
0.0
0.0
0.0
0.0
0.0
0.0
0.0
0.0
0.0
0.0
0.0
0.0
0.0
0.0
0.0
0.0
0.0
0.0
0.0
0.0
0.0
0.0
0.0
0.0
0.0
0.0
0.0
0.0
0.0
0.0
0.0
0.0
0.0
0.0
1.5921401482502258e-5
2.4212071889290498e-5
9.007872787234741e-8
0.0
0.0
0.0
0.0
0.0
0.0
0.0
0.0
0.0
0.0
0.0
0.0
1.0386672472537512e-6
0.0
0.0
0.0
0.0
0.0
0.0
0.0
0.0
0.0003040120804886753
0.0002427550075745639
5.8252312745996497e-5
3.02720901391805e-5
1.571744472136274e-5
7.071873007882556e-6
2.0586822670940064e-5
3.844089852293535e-6
2.4661343023471265e-6
5.537467707829418e-7
0.0
0.0
3.4890331923032353e-6
4.223967695385115e-5
0.0001316589727811876
0.00020850988783981667
0.0
0.0
0.0
0.0
0.0
0.0
0.0
0.0
0.0004762228289036989
0.00032067714917131436
7.742760631061261e-5
3.5705649597910684e-5
1.588368283606741e-5
3.8754152828245946e-6
5.447129402976845e-6
1.4384257511346499e-6
0.0
0.0
0.0
0.0
1.8303271295461895e-7
8.880478085729987e-6
4.3433480891274287e-5
7.874705381325098e-5
0.0
0.0
0.0
0.0
0.0
0.0
0.0
0.0
0.0003058099291277073
0.0002512769754189745
8.423193010809132e-5
4.7929697449486126e-5
4.402490178256353e-5
4.097931378019878e-5
2.0911792582109725e-5
7.197143200492719e-6
1.6297403573361556e-6
3.454918288658758e-5
6.381118782017626e-5
0.00010333495964746185
0.0
0.0
0.0
0.0
0.0
0.0
0.0
0.0
0.0
0.0
0.0
0.0
0.0
0.0
0.0
0.0
0.0
0.0
0.0
0.0
0.0
0.0
0.0
0.0
0.0
0.0
0.0
0.0
0.0
0.0
0.0
0.0
0.0
0.0
0.0
0.0
0.0003041271395497553
0.0001982070425847052
1.0960570726463756e-5
1.4751833246857748e-6
2.6172847764959384e-7
0.0
0.0
0.0
0.0
0.0
0.0
0.0
0.0
0.0
8.116757139738026e-7
2.1826411610918026e-5
0.0
0.0
0.0
0.0
0.0
0.0
0.0
0.0
0.00011575216635548174
9.39173971600292e-5
9.856804108801088e-6
6.731896409054193e-7
0.0
0.0
0.0
0.0
0.0
0.0
0.0
0.0
0.0
0.0
0.0
0.0
0.0
0.0
0.0
0.0
0.0
0.0
0.0
0.0
2.4949212193277487e-5
2.5030507851079697e-5
0.0
0.0
0.0
0.0
0.0
0.0
0.0
0.0
0.0
0.0
0.0
0.0
0.0
0.0
0.0
0.0
0.0
0.0
0.0
0.0
0.0
0.0
0.0
0.0
0.0
0.0
0.0
0.0
0.0
0.0
0.0
0.0
0.0
0.0
0.0
0.0
0.0
0.0
0.0
0.0
0.0
0.0
0.0
0.0
0.0
0.0
2.8370974465863224e-7
2.3245189534892158e-7
0.0
0.0
0.0
0.0
0.0
0.0
0.0
0.0
0.0
0.0
0.0
0.0
0.0
0.0
0.0
0.0
0.0
0.0
0.0
0.0
0.0
0.0
3.1947329027419575e-7
4.7682780408343755e-7
0.0
0.0
0.0
0.0
0.0
0.0
0.0
0.0
0.0
0.0
0.0
0.0
0.0
0.0
0.0
0.0
0.0
0.0
0.0
0.0
0.0
0.0
0.0
0.0
0.0
0.0
0.0
0.0
0.0
0.0
0.0
0.0
0.0
0.0
0.0
0.0
0.0
0.0
0.0
0.0
0.0
0.0
0.0
0.0
0.0
0.0
0.0
0.0
0.0
0.0
0.0
0.0
0.0
0.0
0.0
0.0
0.0
0.0
0.0
0.0
0.0
0.0
0.0
0.0
0.0
0.0
0.0
0.0
0.0
0.0
0.0
0.0
0.0
0.0
0.0
0.0
0.0
0.0
0.0
0.0
0.0
0.0
0.0
0.0
0.0
0.0
0.0
0.0
0.0
0.0
0.0
0.0
0.0
0.0
2.297123242386722e-6
1.3775573337511262e-6
0.0
0.0
0.0
0.0
0.0
0.0
0.0
0.0
0.0
0.0
0.0
0.0
0.0
0.0
0.0
0.0
0.0
0.0
0.0
0.0
0.0
0.0
3.98612886805307e-6
2.1087001132216653e-6
0.0
0.0
0.0
0.0
0.0
0.0
0.0
0.0
0.0
0.0
0.0
0.0
0.0
0.0
0.0
0.0
0.0
0.0
0.0
0.0
0.0
0.0
0.0
0.0
0.0
0.0
0.0
0.0
0.0
0.0
0.0
0.0
0.0
0.0
0.0
0.0
0.0
0.0
0.0
0.0
0.0
0.0
0.0
0.0
0.0
0.0
0.0
0.0
0.0
0.0
0.0
0.0
0.0
0.0
0.0
0.0
0.0
0.0
0.0
0.0
0.0
0.0
0.0
0.0
0.0
0.0
0.0
0.0
0.0
0.0
0.0
0.0
0.0
0.0
0.0
0.0
0.0
0.0
0.0
0.0
0.0
0.0
0.0
0.0
0.0
0.0
0.0
0.0
0.0
0.0
0.0
0.0
0.0
0.0
0.0
0.0
0.0
0.0
0.0
0.0
0.0
0.0
0.0
0.0
0.0
0.0
0.0
0.0
0.0
0.0
0.0
0.0
0.0
0.0
0.0
0.0
0.0
0.0
0.00010004943605728965
8.280411248853826e-5
6.411246924460412e-6
3.4615102226989383e-7
0.0
0.0
0.0
0.0
0.0
0.0
0.0
0.0
0.0
0.0
0.0
0.0
0.0
0.0
0.0
0.0
0.0
0.0
0.0
0.0
8.947371063796409e-5
6.029040657148395e-5
1.4494921024785736e-6
0.0
0.0
0.0
0.0
0.0
0.0
0.0
0.0
0.0
0.0
0.0
0.0
0.0
0.0
0.0
0.0
0.0
0.0
0.0
0.0
0.0
1.1489402512025046e-5
1.1093596552539967e-5
0.0
0.0
0.0
0.0
0.0
0.0
0.0
0.0
0.0
0.0
0.0
0.0
0.0
0.0
0.0
0.0
0.0
0.0
0.0
0.0
0.0
0.0
0.0
0.0
0.0
0.0
0.0
0.0
0.0
0.0
0.0
0.0
0.0
0.0
0.0
0.0
0.0
0.0
0.0
0.0
0.0
0.0
0.0
0.0
0.0
0.0
0.0
0.0
0.0
0.0
0.0
0.0
0.0
0.0
0.0
0.0
0.0
0.0
0.0
0.0
0.0
0.0
0.0
0.0
0.0
0.0
0.0
0.0
0.0
0.0
0.0
0.0
0.0
0.0
0.0
0.0
0.0
0.0
0.0
0.0
0.0
0.0
0.0
0.0
0.0
0.0
0.0
0.0
0.0
0.0
0.0
0.0
0.0
0.0
0.0
0.0
0.0
0.0
0.0
0.0
0.0
0.0
0.0
0.0
0.0
0.0
0.0
0.0
0.0
0.0
0.0
0.0
0.0
0.0
0.0
0.0
0.0
0.0
4.311074842483598e-5
3.968435083578746e-5
5.002311985656754e-7
0.0
0.0
0.0
0.0
0.0
0.0
0.0
0.0
0.0
0.0
0.0
0.0
0.0
0.0
0.0
0.0
0.0
0.0
0.0
0.0
0.0
0.00010681373327619448
8.011051796268925e-5
4.601586202391202e-6
4.787636057586511e-7
0.0
0.0
0.0
0.0
0.0
0.0
0.0
0.0
0.0
0.0
0.0
0.0
0.0
0.0
0.0
0.0
0.0
0.0
0.0
0.0
6.0310932755394485e-5
4.009637678236969e-5
4.371605560687876e-7
0.0
0.0
0.0
0.0
0.0
0.0
0.0
0.0
0.0
0.0
0.0
0.0
0.0
0.0
0.0
0.0
0.0
0.0
0.0
0.0
0.0
2.56137121517655e-5
1.4311150577210891e-5
0.0
0.0
0.0
0.0
0.0
0.0
0.0
0.0
0.0
0.0
0.0
0.0
0.0
0.0
0.0
0.0
0.0
0.0
0.0
0.0
0.0
0.0
0.0
0.0
0.0
0.0
0.0
0.0
0.0
0.0
0.0
0.0
0.0
0.0
0.0
0.0
0.0
0.0
0.0
0.0
0.0
0.0
0.0
0.0
0.0
0.0
0.0
0.0
0.0
0.0
0.0
0.0
0.0
0.0
0.0
0.0
0.0
0.0
0.0
0.0
0.0
0.0
0.0
0.0
0.0
0.0
0.0
0.0
0.0
0.0
0.0
0.0
0.0
0.0
0.0
0.0
0.0
0.0
0.0
0.0
0.0
0.0
0.0
0.0
0.0
0.0
0.0
0.0
0.0
0.0
0.0
0.0
0.0
0.0
0.0
0.0
0.0
0.0
0.0
0.0
0.0
0.0
0.0
0.0
0.0
0.0
0.0
0.0
0.0
0.0
0.0
0.0
0.0
0.0
0.0
0.0
0.0
0.0
0.0
0.0
0.0
0.0
0.0
0.0
0.0
0.0
0.0
0.0
0.0
0.0
0.0
0.0
0.0
0.0
0.0
0.0
0.0
0.0
0.0
0.0
0.0
0.0
0.0
0.0
0.0
0.0
0.0
0.0
0.0
0.0
0.0
0.0
0.0
0.0
0.0
0.0
0.0
0.0
0.0
0.0
0.0
0.0
0.0
0.0
0.0
0.0
0.0
0.0
0.0
0.0
0.0
0.0
0.0
0.0
0.0
0.0
0.0
0.0
0.0
0.0
0.0
0.0
0.0
0.0
0.0
0.0
0.0
0.0
0.0
0.0
0.0
0.0
0.0
0.0
0.0
0.0
0.0
0.0
0.0
0.0
0.0
0.0
0.0
0.0
0.0
0.0
0.0
0.0
0.0
0.0
0.0
0.0
0.0
0.0
0.0
0.0
0.0
0.0
0.0
0.0
0.0
0.0
0.0
0.0
0.0
0.0
0.0
0.0
0.0
0.0
0.0
0.0
0.0
0.0
0.0
0.0
0.0
0.0
0.0
0.0
0.0
0.0
0.0
0.0
0.0
0.0
0.0
0.0
0.0
0.0
0.0
0.0
0.0
0.0
0.0
0.0
0.0
0.0
0.0
0.0
0.0
0.0
0.0
0.0
0.0
0.0
0.0
0.0
0.0
0.0
0.0
0.0
0.0
0.0
0.0
0.0
0.0
0.0
0.0
0.0
0.0
0.0
0.0
0.0
0.0
0.0
0.0
0.0
0.0
0.0
0.0
0.0
0.0
0.0
0.0
0.0
0.0
0.0
0.0
0.0
0.0
0.0
0.0
0.0
0.0
0.0
0.0
0.0
0.0
0.0
0.0
0.0
0.0
0.0
0.0
0.0
0.0
0.0
0.0
0.0
0.0
0.0
0.0
0.0
0.0
0.0
0.0
0.0
0.0
0.0
0.0
0.0
0.0
0.0
0.0
0.0
0.0
0.0
0.0
0.0
0.0
0.0
0.0
0.0
0.0
0.0
0.0
0.0
0.0
0.0
0.0
0.0
0.0
0.0
0.0
0.0
0.0
0.0
0.0
0.0
0.0
0.0
0.0
0.0
0.0
0.0
0.0
0.0
0.0
0.0
0.0
0.0
0.0
0.0
0.0
0.0
0.0
0.0
0.0
0.0
0.0
0.0
0.0
0.0
0.0
0.0
0.0
0.0
0.0
0.0
0.0
0.0
0.0
0.0
0.0
0.0
0.0
0.0
0.0
0.0
0.0
0.0
0.0
0.0
0.0
0.0
0.0
0.0
0.0
0.0
0.0
0.0
0.0
0.0
0.0
0.0
0.0
0.0
0.0
0.0
0.0
0.0
0.0
0.0
0.0
0.0
0.0
0.0
0.0
0.0
0.0
0.0
0.0
0.0
0.0
0.0
0.0
0.0
0.0
0.0
0.0
0.0
0.0
0.0
0.0
0.0
0.0
0.0
0.0
0.0
0.0
0.0
0.0
0.0
0.0
0.0
0.0
0.0
0.0
0.0
0.0
0.0
0.0
0.0
0.0
0.0
0.0
0.0
0.0
0.0
0.0
0.0
0.0
0.0
0.0
0.0
0.0
0.0
0.0
0.0
0.0
0.0
0.0
0.0
0.0
0.0
0.0
0.0
0.0
0.0
0.0
0.0
0.0
0.0
0.0
0.0
0.0
0.0
0.0
0.0
0.0
0.0
0.0
0.0
0.0
0.0
0.0
0.0
0.0
0.0
0.0
0.0
0.0
0.0
0.0
0.0
0.0
0.0
0.0
0.0
0.0
0.0
0.0
0.0
0.0
0.0
0.0
0.0
0.0
0.0
0.0
0.0
0.0
0.0
0.0
0.0
0.0
0.0
0.0
0.0
0.0
0.0
0.0
0.0
0.0
0.0
0.0
0.0
0.0
0.0
0.0
0.0
0.0
0.0
0.0
0.0
0.0
0.0
0.0
0.0
0.0
0.0
0.0
0.0
0.0
0.0
0.0
0.0
0.0
0.0
0.0
0.0
0.0
0.0
0.0
0.0
0.0
0.0
0.0
0.0
0.0
0.0
0.0
0.0
0.0
0.0
0.0
0.0
0.0
0.0
0.0
0.0
0.0
0.0
0.0
0.0
0.0
0.0
0.0
0.0
0.0
0.0
0.0
0.0
0.0
0.0
0.0
0.0
0.0
0.0
0.0
0.0
0.0
0.0
0.0
0.0
0.0
0.0
0.0
0.0
0.0
0.0
0.0
0.0
0.0
0.0
0.0
0.0
0.0
0.0
0.0
0.0
0.0
0.0
0.0
0.0
0.0
0.0
0.0
0.0
0.0
0.0
0.0
0.0
0.0
0.0
0.0
0.0
0.0
0.0
0.0
0.0
0.0
0.0
0.0
0.0
0.0
0.0
0.0
0.0
0.0
0.0
0.0
0.0
0.0
0.0
0.0
0.0
0.0
0.0
0.0
0.0
0.0
0.0
0.0
0.0
0.0
0.0
0.0
0.0
0.0
0.0
0.0
0.0
0.0
0.0
0.0
0.0
0.0
0.0
0.0
0.0
0.0
0.0
0.0
0.0
0.0
0.0
0.0
0.0
0.0
0.0
0.0
0.0
0.0
0.0
0.0
0.0
0.0
0.0
0.0
0.0
0.0
0.0
0.0
0.0
0.0
0.0
0.0
0.0
0.0
0.0
0.0
0.0
0.0
0.0
0.0
0.0
0.0
0.0
0.0
0.0
0.0
0.0
0.0
0.0
0.0
0.0
0.0
0.0
0.0
0.0
0.0
0.0
0.0
0.0
0.0
0.0
0.0
0.0
0.0
0.0
0.0
0.0
0.0
0.0
0.0
0.0
0.0
0.0
0.0
0.0
0.0
0.0
0.0
0.0
0.0
0.0
0.0
0.0
0.0
0.0
0.0
0.0
0.0
0.0
0.0
0.0
0.0
0.0
0.0
0.0
0.0
0.0
0.0
0.0
0.0
0.0
0.0
0.0
0.0
0.0
0.0
0.0
0.0
0.0
0.0
0.0
0.0
0.0
0.0
0.0
0.0
0.0
0.0
0.0
0.0
0.0
0.0
0.0
0.0
0.0
0.0
0.0
0.0
0.0
0.0
0.0
0.0
0.0
0.0
0.0
0.0
0.0
0.0
0.0
0.0
0.0
0.0
0.0
0.0
0.0
0.0
0.0
0.0
0.0
0.0
0.0
0.0
0.0
0.0
0.0
0.0
0.0
0.0
0.0
0.0
0.0
0.0
0.0
0.0
0.0
0.0
0.0
0.0
0.0
0.0
0.0
0.0
0.0
0.0
0.0
0.0
0.0
0.0
0.0
0.0
0.0
0.0
0.0
0.0
0.0
0.0
0.0
0.0
0.0
0.0
0.0
0.0
0.0
0.0
0.0
0.0
0.0
0.0
0.0
0.0
0.0
0.0
0.0
0.0
0.0
0.0
0.0
0.0
0.0
0.0
0.0
0.0
0.0
0.0
0.0
0.0
0.0
0.0
0.0
0.0
0.0
0.0
0.0
0.0
0.0
0.0
0.0
0.0
0.0
0.0
0.0
0.0
0.0
0.0
0.0
0.0
0.0
0.0
0.0
0.0
0.0
0.0
0.0
0.0
0.0
0.0
0.0
0.0
0.0
0.0
0.0
0.0
0.0
0.0
0.0
0.0
0.0
0.0
0.0
0.0
0.0
0.0
0.0
0.0
0.0
0.0
0.0
0.0
0.0
0.0
0.0
0.0
0.0
0.0
0.0
0.0
0.0
0.0
0.0
0.0
0.0
0.0
0.0
0.0
0.0
0.0
0.0
0.0
0.0
0.0
0.0
0.0
0.0
0.0
0.0
0.0
0.0
0.0
0.0
0.0
0.0
0.0
0.0
0.0
0.0
0.0
0.0
0.0
0.0
0.0
0.0
0.0
0.0
0.0
0.0
0.0
0.0
0.0
0.0
0.0
0.0
0.0
0.0
0.0
0.0
0.0
0.0
0.0
0.0
0.0
0.0
0.0
0.0
0.0
0.0
0.0
0.0
0.0
0.0
0.0
0.0
0.0
0.0
0.0
0.0
0.0
0.0
0.0
0.0
0.0
0.0
0.0
0.0
0.0
0.0
0.0
0.0
0.0
0.0
0.0
0.0
0.0
0.0
0.0
0.0
0.0
0.0
0.0
0.0
0.0
0.0
0.0
0.0
0.0
0.0
0.0
0.0
0.0
0.0
0.0
0.0
0.0
0.0
0.0
0.0
0.0
0.0
0.0
0.0
0.0
0.0
0.0
0.0
0.0
0.0
0.0
0.0
0.0
0.0
0.0
0.0
0.0
0.0
0.0
0.0
0.0
0.0
0.0
0.0
0.0
0.0
0.0
0.0
0.0
0.0
0.0
0.0
0.0
0.0
0.0
0.0
0.0
0.0
0.0
0.0
0.0
0.0
0.0
0.0
0.0
0.0
0.0
0.0
0.0
0.0
0.0
0.0
0.0
0.0
0.0
0.0
0.0
0.0
0.0
0.0
0.0
0.0
0.0
0.0
0.0
0.0
0.0
0.0
0.0
0.0
0.0
0.0
0.0
0.0
0.0
0.0
0.0
0.0
0.0
0.0
0.0
0.0
0.0
0.0
0.0
0.0
0.0
0.0
0.0
0.0
0.0
0.0
0.0
0.0
0.0
0.0
0.0
0.0
0.0
0.0
0.0
0.0
0.0
0.0
0.0
0.0
0.0
0.0
0.0
0.0
0.0
0.0
0.0
0.0
0.0
0.0
0.0
0.0
0.0
0.0
0.0
0.0
0.0
0.0
0.0
0.0
0.0
0.0
0.0
0.0
0.0
0.0
0.0
0.0
0.0
0.0
0.0
0.0
0.0
0.0
0.0
0.0
0.0
0.0
0.0
0.0
0.0
0.0
0.0
0.0
0.0
0.0
0.0
0.0
0.0
0.0
0.0
0.0
0.0
0.0
0.0
0.0
0.0
0.0
0.0
0.0
0.0
0.0
0.0
0.0
0.0
0.0
0.0
0.0
0.0
0.0
0.0
0.0
0.0
0.0
0.0
0.0
0.0
0.0
0.0
0.0
0.0
0.0
0.0
0.0
0.0
0.0
0.0
0.0
0.0
0.0
0.0
0.0
0.0
0.0
0.0
0.0
0.0
0.0
0.0
0.0
0.0
0.0
0.0
0.0
0.0
0.0
0.0
0.0
0.0
0.0
0.0
0.0
0.0
0.0
0.0
0.0
0.0
0.0
0.0
0.0
0.0
0.0
0.0
0.0
0.0
0.0
0.0
0.0
0.0
0.0
0.0
0.0
0.0
0.0
0.0
0.0
0.0
0.0
0.0
0.0
0.0
0.0
0.0
0.0
0.0
0.0
0.0
0.0
0.0
0.0
0.0
0.0
0.0
0.0
0.0
0.0
0.0
0.0
0.0
0.0
0.0
0.0
0.0
0.0
0.0
0.0
0.0
0.0
0.0
0.0
0.0
0.0
0.0
0.0
0.0
0.0
0.0
0.0
0.0
0.0
0.0
0.0
0.0
0.0
0.0
0.0
0.0
0.0
0.0
0.0
0.0
0.0
0.0
0.0
0.0
0.0
0.0
0.0
0.0
0.0
0.0
0.0
0.0
0.0
0.0
0.0
0.0
0.0
0.0
0.0
0.0
0.0
0.0
0.0
0.0
0.0
0.0
0.0
0.0
0.0
0.0
0.0
0.0
0.0
0.0
0.0
0.0
0.0
0.0
0.0
0.0
0.0
0.0
0.0
0.0
0.0
0.0
0.0
0.0
0.0
0.0
0.0
0.0
0.0
0.0
0.0
0.0
0.0
0.0
0.0
0.0
0.0
0.0
0.0
0.0
0.0
0.0
0.0
0.0
0.0
0.0
0.0
0.0
0.0
0.0
0.0
0.0
0.0
0.0
0.0
0.0
0.0
0.0
0.0
0.0
0.0
0.0
0.0
0.0
0.0
0.0
0.0
0.0
0.0
2.156577799245237e-8
0.0
0.0
0.0
0.0
0.0
0.0
0.0
0.0
0.0
0.0
0.0
0.0
0.0
0.0
0.0
0.0
0.0
0.0
0.0
0.0
0.0
0.0
0.0
0.0
0.0
0.0
0.0
0.0
0.0
0.0
0.0
0.0
0.0
0.0
0.0
0.0
0.0
0.0
0.0
0.0
0.0
0.0
0.0
0.0
0.0
0.0
0.0
0.0
0.0
0.0
0.0
0.0
0.0
0.0
0.0
0.0
0.0
0.0
0.0
0.0
0.0
0.0
0.0
0.0
0.0
0.0
0.0
0.0
0.0
0.0
0.0
0.0
0.0
0.0
0.0
0.0
0.0
0.0
0.0
0.0
0.0
0.0
0.0
0.0
0.0
0.0
0.0
0.0
0.0
0.0
0.0
0.0
0.0
0.0
0.0
0.0
0.0
0.0
0.0
0.0
0.0
0.0
0.0
0.0
0.0
0.0
0.0
0.0
0.0
0.0
0.0
0.0
0.0
0.0
0.0
0.0
0.0
0.0
0.0
0.0
0.0
0.0
0.0
0.0
0.0
0.0
0.0
0.0
0.0
0.0
0.0
0.0
0.0
0.0
0.0
0.0
0.0
0.0
0.0
0.0
0.0
0.0
0.0
0.0
0.0
0.0
0.0
0.0
0.0
0.0
0.0
0.0
0.0
0.0
0.0
0.0
0.0
0.0
0.0
0.0
0.0
0.0
0.0
0.0
0.0
0.0
0.0
0.0
0.0
0.0
0.0
0.0
0.0
0.0
0.0
0.0
0.0
0.0
0.0
0.0
0.0
0.0
0.0
0.0
0.0
0.0
0.0
0.0
0.0
0.0
0.0
0.0
0.0
0.0
0.0
0.0
0.0
0.0
0.0
0.0
0.0
0.0
0.0
0.0
0.0
0.0
0.0
0.0
0.0
0.0
0.0
0.0
0.0
0.0
0.0
0.0
0.0
0.0
0.0
0.0
0.0
0.0
0.0
0.0
0.0
0.0
0.0
0.0
0.0
0.0
0.0
0.0
0.0
0.0
0.0
0.0
0.0
0.0
0.0
0.0
0.0
0.0
0.0
0.0
0.0
0.0
0.0
0.0
0.0
0.0
0.0
0.0
0.0
0.0
0.0
0.0
0.0
0.0
0.0
0.0
0.0
0.0
0.0
0.0
0.0
0.0
0.0
0.0
0.0
0.0
0.0
0.0
0.0
0.0
0.0
0.0
0.0
0.0
0.0
0.0
0.0
0.0
0.0
0.0
0.0
0.0
0.0
0.0
0.0
0.0
0.0
0.0
0.0
0.0
0.0
0.0
0.0
0.0
0.0
0.0
0.0
0.0
0.0
0.0
0.0
0.0
0.0
0.0
0.0
0.0
0.0
0.0
0.0
0.0
0.0
0.0
0.0
0.0
0.0
0.0
0.0
0.0
0.0
0.0
0.0
0.0
0.0
0.0
0.0
0.0
0.0
0.0
0.0
0.0
0.0
0.0
0.0
0.0
0.0
0.0
0.0
0.0
0.0
0.0
0.0
0.0
0.0
0.0
0.0
0.0
0.0
0.0
0.0
0.0
0.0
0.0
0.0
0.0
0.0
0.0
0.0
0.0
0.0
0.0
0.0
0.0
0.0
0.0
0.0
0.0
0.0
0.0
0.0
0.0
0.0
0.0
0.0
0.0
0.0
0.0
0.0
0.0
0.0
0.0
0.0
0.0
0.0
0.0
0.0
0.0
0.0
0.0
0.0
0.0
0.0
0.0
0.0
0.0
0.0
0.0
0.0
0.0
0.0
0.0
0.0
0.0
0.0
0.0
0.0
0.0
0.0
0.0
0.0
0.0
0.0
0.0
0.0
0.0
0.0
0.0
0.0
0.0
0.0
0.0
0.0
0.0
0.0
0.0
0.0
0.0
0.0
0.0
0.0
0.0
0.0
0.0
0.0
0.0
0.0
0.0
0.0
0.0
0.0
0.0
0.0
0.0
0.0
0.0
0.0
0.0
0.0
0.0
0.0
0.0
0.0
7.02002977760786e-8
0.0
0.0
0.0
0.0
0.0
0.0
0.0
0.0
0.0
0.0
0.0
0.0
0.0
0.0
0.0
0.0
0.0
0.0
0.0
0.0
0.0
0.0
0.0
0.0
0.0
0.0
0.0
0.0
0.0
0.0
0.0
0.0
0.0
0.0
0.0
0.0
0.0
0.0
0.0
0.0
0.0
0.0
0.0
0.0
0.0
0.0
0.0
0.0
0.0
0.0
0.0
0.0
0.0
0.0
0.0
0.0
0.0
0.0
0.0
0.0
0.0
0.0
0.0
0.0
0.0
0.0
0.0
0.0
0.0
0.0
0.0
0.0
0.0
0.0
0.0
0.0
0.0
0.0
0.0
0.0
0.0
0.0
0.0
0.0
0.0
0.0
0.0
0.0
0.0
0.0
0.0
0.0
0.0
0.0
0.0
0.0
0.0
0.0
0.0
0.0
0.0
0.0
0.0
0.0
0.0
0.0
0.0
0.0
0.0
0.0
0.0
0.0
0.0
0.0
0.0
0.0
0.0
0.0
0.0
0.0
0.0
0.0
0.0
0.0
0.0
0.0
0.0
0.0
0.0
0.0
0.0
0.0
0.0
0.0
0.0
0.0
0.0
0.0
0.0
0.0
0.0
0.0
0.0
0.0
0.0
0.0
0.0
0.0
0.0
0.0
0.0
0.0
0.0
0.0
0.0
0.0
0.0
0.0
0.0
0.0
0.0
0.0
0.0
0.0
0.0
0.0
0.0
0.0
0.0
0.0
0.0
0.0
0.0
0.0
0.0
0.0
0.0
0.0
0.0
0.0
0.0
0.0
0.0
0.0
0.0
0.0
0.0
0.0
0.0
0.0
0.0
2.6264633410994453e-7
1.391907136270563e-7
0.0
0.0
0.0
0.0
0.0
0.0
0.0
0.0
0.0
0.0
0.0
0.0
0.0
0.0
0.0
0.0
0.0
0.0
0.0
0.0
0.0
0.0
0.0
0.0
0.0
0.0
0.0
0.0
0.0
0.0
0.0
0.0
0.0
0.0
0.0
0.0
0.0
0.0
0.0
0.0
0.0
0.0
0.0
0.0
0.0
0.0
0.0
0.0
0.0
0.0
0.0
0.0
0.0
0.0
0.0
0.0
0.0
0.0
0.0
0.0
0.0
0.0
0.0
0.0
0.0
0.0
0.0
0.0
0.0
0.0
0.0
0.0
0.0
0.0
0.0
0.0
0.0
0.0
0.0
0.0
0.0
0.0
0.0
0.0
0.0
0.0
0.0
0.0
0.0
0.0
0.0
0.0
0.0
0.0
0.0
0.0
0.0
0.0
0.0
0.0
0.0
0.0
0.0
0.0
0.0
0.0
0.0
0.0
0.0
0.0
0.0
0.0
0.0
0.0
0.0
0.0
0.0
0.0
0.0
0.0
0.0
0.0
0.0
0.0
0.0
0.0
0.0
0.0
0.0
0.0
0.0
0.0
0.0
0.0
0.0
0.0
0.0
0.0
0.0
0.0
0.0
0.0
3.510034777210038e-7
2.481238283044024e-7
0.0
0.0
0.0
0.0
0.0
0.0
0.0
0.0
0.0
0.0
0.0
0.0
0.0
0.0
0.0
0.0
0.0
0.0
0.0
0.0
0.0
0.0
0.0
0.0
0.0
0.0
0.0
0.0
0.0
0.0
0.0
0.0
0.0
0.0
0.0
0.0
0.0
0.0
0.0
0.0
0.0
0.0
0.0
0.0
0.0
0.0
6.821750791110218e-6
7.083838380099636e-6
0.0
0.0
0.0
0.0
0.0
0.0
0.0
0.0
0.0
0.0
0.0
0.0
0.0
0.0
0.0
0.0
0.0
0.0
0.0
0.0
0.0
0.0
2.8054379473387998e-5
2.3963465612472464e-5
0.0
0.0
0.0
0.0
0.0
0.0
0.0
0.0
0.0
0.0
0.0
0.0
0.0
0.0
0.0
0.0
0.0
0.0
0.0
0.0
0.0
0.0
2.554688308911272e-6
5.28241152926969e-6
0.0
0.0
0.0
0.0
0.0
0.0
0.0
0.0
0.0
0.0
0.0
0.0
0.0
0.0
0.0
0.0
0.0
0.0
0.0
0.0
0.0
0.0
0.0
0.0
0.0
0.0
0.0
0.0
0.0
0.0
0.0
0.0
0.0
0.0
0.0
0.0
0.0
0.0
0.0
0.0
0.0
0.0
0.0
0.0
0.0
0.0
0.0
0.0
0.0
0.0
0.0
0.0
0.0
0.0
0.0
0.0
0.0
0.0
0.0
0.0
0.0
0.0
0.0
0.0
0.0
0.0
0.0
0.0
0.0
0.0
1.9796848088390855e-6
2.017377979334807e-6
0.0
0.0
0.0
0.0
0.0
0.0
0.0
0.0
0.0
0.0
0.0
0.0
0.0
0.0
0.0
0.0
0.0
0.0
0.0
0.0
0.0
0.0
2.725076535380145e-8
0.0
0.0
0.0
0.0
0.0
0.0
0.0
0.0
0.0
0.0
0.0
0.0
0.0
0.0
0.0
0.0
0.0
0.0
0.0
0.0
0.0
0.0
0.0
0.0
0.0
0.0
0.0
0.0
0.0
0.0
0.0
0.0
0.0
0.0
0.0
0.0
0.0
0.0
0.0
0.0
0.0
0.0
0.0
0.0
0.0
0.0
0.0
0.0
0.0
0.0
0.0
0.0
0.0
0.0
0.0
0.0
0.0
0.0
0.0
0.0
0.0
0.0
0.0
0.0
0.0
0.0
0.0
0.0
0.0
0.0
0.0
0.0
0.0
0.0
0.0
0.0
0.0
0.0
0.0
0.0
0.0
0.0
0.0
0.0
0.0
0.0
0.0
0.0
0.0
0.0
0.0
0.0
0.0
0.0
0.0
0.0
0.0
0.0
0.0
0.0
0.0
0.0
0.0
0.0
0.0
0.0
0.0
0.0
0.0
0.0
0.0
0.0
0.0
0.0
0.0
0.0
0.0
0.0
0.0
0.0
0.0
0.0
0.0
0.0
0.0
0.0
0.0
0.0
0.0
0.0
0.0
0.0
0.0
0.0
0.0
0.0
0.0
0.0
0.0
0.0
0.0
0.0
0.0
1.4204472268951491e-5
1.7802348749887198e-5
0.0
0.0
0.0
0.0
0.0
0.0
0.0
0.0
0.0
0.0
0.0
0.0
0.0
0.0
0.0
0.0
0.0
0.0
0.0
0.0
0.0
0.0
7.26882012378259e-8
4.845882788037202e-8
0.0
0.0
0.0
0.0
0.0
0.0
0.0
0.0
0.0
0.0
0.0
0.0
0.0
0.0
0.0
0.0
0.0
0.0
0.0
0.0
0.0
0.0
0.0
0.0
0.0
0.0
0.0
0.0
0.0
0.0
0.0
0.0
0.0
0.0
0.0
0.0
0.0
0.0
0.0
0.0
0.0
0.0
0.0
0.0
0.0
0.0
0.0
0.0
0.0
0.0
0.0
0.0
0.0
0.0
0.0
0.0
0.0
0.0
0.0
0.0
0.0
0.0
0.0
0.0
0.0
0.0
0.0
0.0
0.0
0.0
3.2978251820096475e-8
0.0
0.0
0.0
0.0
0.0
0.0
0.0
0.0
0.0
0.0
0.0
0.0
0.0
0.0
0.0
0.0
0.0
0.0
0.0
0.0
0.0
0.0
0.0
2.3054951637319327e-6
6.863017113847757e-6
0.0
0.0
0.0
0.0
0.0
0.0
0.0
0.0
0.0
0.0
0.0
0.0
0.0
0.0
0.0
0.0
0.0
0.0
0.0
0.0
0.0
0.0
0.0
0.0
0.0
0.0
0.0
0.0
0.0
0.0
0.0
0.0
0.0
0.0
0.0
0.0
0.0
0.0
0.0
0.0
0.0
0.0
0.0
0.0
0.0
0.0
0.0
0.0
0.0
0.0
0.0
0.0
0.0
0.0
0.0
0.0
0.0
0.0
0.0
0.0
0.0
0.0
0.0
0.0
0.0
0.0
0.0
0.0
0.0
0.0
5.368433100708816e-7
1.1747674781306613e-6
0.0
0.0
0.0
0.0
0.0
0.0
0.0
0.0
0.0
0.0
0.0
0.0
0.0
0.0
0.0
0.0
0.0
0.0
0.0
0.0
0.0
0.0
2.342374876969971e-6
2.5960871576860216e-6
0.0
0.0
0.0
0.0
0.0
0.0
0.0
0.0
0.0
0.0
0.0
0.0
0.0
0.0
0.0
0.0
0.0
0.0
0.0
0.0
0.0
0.0
0.0
6.896433111351986e-8
0.0
0.0
0.0
0.0
0.0
0.0
0.0
0.0
0.0
0.0
0.0
0.0
0.0
0.0
0.0
0.0
0.0
0.0
0.0
0.0
0.0
0.0
0.0
0.0
0.0
0.0
0.0
0.0
0.0
0.0
0.0
0.0
0.0
0.0
0.0
0.0
0.0
0.0
0.0
0.0
0.0
0.0
0.0
0.0
0.0
0.0
5.914181722653071e-5
6.275246045770027e-5
3.694041067232352e-5
2.5076675612071678e-5
1.6744668574826263e-5
4.154650075894338e-6
1.2610413246785173e-6
8.046713458275975e-7
7.878033849703873e-6
2.4286010836339975e-6
1.0484833434490332e-6
3.2120679052790185e-5
0.0
0.0
0.0
0.0
0.0
0.0
0.0
0.0
0.0
0.0
0.0
0.0
0.0
0.0
0.0
0.0
0.0
0.0
0.0
0.0
0.0
0.0
0.0
0.0
0.0
0.0
0.0
0.0
0.0
0.0
0.0
0.0
0.0
0.0
0.0
0.0
0.0
0.0
0.0
0.0
0.0
0.0
0.0
0.0
0.0
0.0
0.0
0.0
0.0
0.0
0.0
0.0
0.0
0.0
0.0
0.0
0.0
0.0
0.0
0.0
0.00013338940748068416
8.495906982521526e-5
6.802469252641041e-6
4.809289997965031e-7
0.0
0.0
0.0
0.0
0.0
0.0
0.0
0.0
0.0
0.0
6.680404916181458e-8
9.384174895929318e-6
0.0
0.0
0.0
0.0
0.0
0.0
0.0
0.0
0.0003468132569893535
0.0003212895895474965
9.235094399564262e-5
2.8977538714760142e-5
1.4445015645776709e-5
1.2215230357446501e-5
7.828759779728465e-6
5.831594754046489e-7
0.0
0.0
8.01489906986045e-7
3.437574941333243e-5
9.888526684280935e-5
0.00012345169376424975
0.0002064641948164952
0.0002563460515922599
0.0
0.0
0.0
0.0
0.0
0.0
0.0
0.0
0.0006850440618826513
0.000450640540078031
0.00015182662452081303
9.819044256460734e-5
7.001219606712214e-5
5.164163261855263e-5
5.032388309130972e-5
7.31796930293269e-6
0.0
0.0
0.0
6.907331186387558e-7
2.148633695977397e-5
5.0255906078313194e-5
0.00013178652983273666
0.00018049780000816603
0.0
0.0
0.0
0.0
0.0
0.0
0.0
0.0
0.0005319662738328712
0.00035055841980081694
0.00010050173108481968
4.8721454778125054e-5
3.0160297917309047e-5
1.7929210596104724e-5
1.5256863055483792e-5
2.200123634357539e-7
0.0
0.0
0.0
0.0
8.84012069767462e-9
8.17116152846007e-6
8.29863542650709e-5
0.00013869583869231526
0.0
0.0
0.0
0.0
0.0
0.0
0.0
0.0
0.0005331722710557469
0.0003654629423525032
0.00018064803040085793
0.00011372563874246277
7.775113024546415e-5
5.266628409644812e-5
3.5162504215820524e-5
3.0910195058103196e-6
1.4908367806654867e-6
1.8804448340453714e-6
2.814321971151026e-6
3.478354022015824e-5
0.0
0.0
0.0
0.0
0.0
0.0
0.0
0.0
0.0
0.0
0.0
0.0
0.0
0.0
0.0
0.0
0.0
0.0
0.0
0.0
0.0
0.0
0.0
0.0
0.0
0.0
0.0
0.0
0.0
0.0
0.0
0.0
0.0
0.0
0.0
0.0
0.00035779752844810697
0.00020407940173548157
4.063983859507602e-5
8.484408516262488e-6
8.277780111477699e-7
0.0
0.0
0.0
0.0
0.0
0.0
0.0
0.0
0.0
1.258865993128123e-7
8.439338997024216e-6
0.0
0.0
0.0
0.0
0.0
0.0
0.0
0.0
0.0002662521408658163
0.0001541563314461436
2.6082391600053463e-5
3.1587831201586157e-6
1.0101553760603876e-7
0.0
0.0
0.0
0.0
0.0
0.0
0.0
0.0
0.0
1.2005705377837696e-8
9.302428488798927e-7
0.0
0.0
0.0
0.0
0.0
0.0
0.0
0.0
0.00022847329672437782
0.0001478615770115046
1.8368968648510084e-5
6.218282287834609e-7
0.0
0.0
0.0
0.0
0.0
0.0
0.0
0.0
0.0
0.0
0.0
1.9381731117776964e-6
0.0
0.0
0.0
0.0
0.0
0.0
0.0
0.0
0.0002219931890047394
0.00013367303535928636
1.869320391856095e-5
1.1911575758833093e-6
5.958354422769992e-9
0.0
0.0
0.0
0.0
0.0
0.0
0.0
0.0
0.0
0.0
1.4791314476091761e-6
0.0
0.0
0.0
0.0
0.0
0.0
0.0
0.0
7.72433708380693e-5
5.693782830313649e-5
3.6524062486992543e-6
0.0
0.0
0.0
0.0
0.0
0.0
0.0
0.0
0.0
0.0
0.0
6.007393713133496e-8
1.352505165513838e-5
0.0
0.0
0.0
0.0
0.0
0.0
0.0
0.0
0.0003423622649255688
0.0002587800542658323
0.0001117167690718914
5.671410091947939e-5
2.7124362377281685e-5
1.2851508950198119e-5
3.519885256518195e-6
7.164267222857916e-8
0.0
0.0
8.875707823558664e-9
7.812740014794718e-6
0.0
0.0
0.0
0.0
0.0
0.0
0.0
0.0
0.0
0.0
0.0
0.0
0.0
0.0
0.0
0.0
0.0
0.0
0.0
0.0
0.0
0.0
0.0
0.0
0.0
0.0
0.0
0.0
0.0
0.0
0.0
0.0
0.0
0.0
0.0
0.0
0.0003125077516784503
0.00021117724917531206
4.354468319735196e-5
1.6652065413260294e-5
3.5530656260536417e-6
6.150440495813394e-7
0.0
0.0
0.0
0.0
0.0
0.0
0.0
4.22266460545708e-8
2.011141100808054e-5
4.6096692962597705e-5
0.0
0.0
0.0
0.0
0.0
0.0
0.0
0.0
0.00027023468326024537
0.00024163587831108353
5.43753164608591e-5
3.842672920442299e-5
3.0431955002468162e-5
2.2950004256181083e-5
2.6839403931775843e-5
1.290179893422551e-6
0.0
0.0
0.0
6.857628430479839e-6
7.776542404572482e-5
0.00012799874827086312
0.00021399518521634495
0.00026741432613331724
0.0
0.0
0.0
0.0
0.0
0.0
0.0
0.0
0.0007102601013954176
0.00046132033965585225
0.0001706290839327235
0.0001188633325739094
8.320335718750366e-5
5.781780656555354e-5
5.65269831745144e-5
1.1133068338594673e-5
1.1341140009084577e-6
3.759753299213835e-7
5.228434293397e-7
5.579549129867359e-6
5.179459014025876e-5
9.712648433072924e-5
0.00017401837674698584
0.00020882591771344592
0.0
0.0
0.0
0.0
0.0
0.0
0.0
0.0
0.000894016772250974
0.0005770338547343363
0.00019495509691388877
0.00011495968713975081
8.105182787784203e-5
5.473549449763163e-5
5.106486360370792e-5
7.318244091804301e-6
5.425207689206081e-7
5.772782281576412e-9
2.2225254305711605e-7
6.666449044106694e-6
7.058279314231087e-5
0.00014477856156053432
0.00024554421249404254
0.0002986385085780048
0.0
0.0
0.0
0.0
0.0
0.0
0.0
0.0
0.001024807145456729
0.000629780217297182
0.00021428372171307644
0.00012884979396997782
6.52278321705683e-5
4.7461159885923076e-5
4.748491070529462e-5
6.692395525008508e-6
1.0498925097189678e-6
3.5618642196783123e-7
2.939973055736745e-7
3.7572259324381323e-6
3.96179749195776e-5
0.00011135105209432859
0.0002407301471223553
0.00030262011093643037
0.0
0.0
0.0
0.0
0.0
0.0
0.0
0.0
0.0009955598536043856
0.0006097370554491732
0.0003016143559867318
0.00022578766379270575
0.0001776940025857549
0.00015026088051243053
0.0001390896538690296
7.36703900645061e-5
9.7739736438017e-5
0.00010774819661872733
0.00011926673739479138
0.00017664939698181127
0.0
0.0
0.0
0.0
0.0
0.0
0.0
0.0
0.0
0.0
0.0
0.0
0.0
0.0
0.0
0.0
0.0
0.0
0.0
0.0
0.0
0.0
0.0
0.0
0.0
0.0
0.0
0.0
0.0
0.0
0.0
0.0
0.0
0.0
0.0
0.0
0.0008879166474001676
0.0005879488712923668
0.00017946274612274684
9.500471659611144e-5
5.405867243649129e-5
3.723608766540987e-5
3.0502167475981434e-5
7.859218074071033e-7
0.0
0.0
0.0
0.0
1.1430540510652965e-6
2.6911973231687328e-5
0.00013556581673869602
0.00019113321044972987
0.0
0.0
0.0
0.0
0.0
0.0
0.0
0.0
0.0006032760589275773
0.0004256317951729689
0.00010853630326012294
5.1475840975071825e-5
2.64298047522891e-5
7.922985409486912e-6
4.692127512660034e-6
0.0
0.0
0.0
0.0
0.0
0.0
2.6571252927052663e-7
4.4909458151833996e-5
7.012243826566133e-5
0.0
0.0
0.0
0.0
0.0
0.0
0.0
0.0
0.00040777517549668617
0.0002820494444518683
7.491820910227475e-5
4.256742642470754e-5
2.465622372304154e-5
1.9225910638200527e-5
2.8161727077494627e-5
1.4345197512903237e-5
1.2002254239883488e-5
4.092400431435243e-6
4.887059737008458e-7
1.7454737332940708e-5
0.00010608484588273136
0.00014235000068152297
0.0002142105303446837
0.00025520585631615703
0.0
0.0
0.0
0.0
0.0
0.0
0.0
0.0
0.0005510988830418316
0.00040010259345456397
0.0001019216462925504
5.159878784354302e-5
3.323745068318783e-5
2.139040062735532e-5
2.1726217524813542e-5
4.040981727506182e-7
0.0
0.0
0.0
0.0
8.978493936219702e-6
3.71682331537702e-5
9.625623231361211e-5
0.0001511657624649563
0.0
0.0
0.0
0.0
0.0
0.0
0.0
0.0
0.0005304052788261257
0.00046712353501155877
0.0001357626183302328
4.194430015446498e-5
1.0409343642131452e-5
1.5914428061604458e-6
1.4916421638137026e-6
0.0
0.0
0.0
0.0
0.0
3.901022390389989e-6
3.304796778882813e-5
0.00011265021614481934
0.00016171052220829732
0.0
0.0
0.0
0.0
0.0
0.0
0.0
0.0
0.0006184645457567917
0.0004897245391070235
0.000201485988866678
0.00012065136749398054
8.416574404948654e-5
5.935692241400569e-5
4.602858917396317e-5
9.35172401428943e-6
1.2197128673503795e-5
2.7777991882989397e-5
5.096192228264589e-5
0.00012322125747958688
0.0
0.0
0.0
0.0
0.0
0.0
0.0
0.0
0.0
0.0
0.0
0.0
0.0
0.0
0.0
0.0
0.0
0.0
0.0
0.0
0.0
0.0
0.0
0.0
0.0
0.0
0.0
0.0
0.0
0.0
0.0
0.0
0.0
0.0
0.0
0.0
0.0
0.00078378113500098
0.0003776445019759931
0.00013471916536763736
9.000929706851514e-5
7.226824428226291e-5
5.537695781637067e-5
4.564231366864491e-5
7.846918589171268e-6
1.028129421480228e-5
1.526795234916566e-5
3.148510574701536e-5
0.0001182551854799416
0.00020846412974841134
0.000243251853534039
0.00033051495500644037
0.00037328738612521663
0.0
0.0
0.0
0.0
0.0
0.0
0.0
0.0
0.0009385233755419843
0.0005652042930222157
0.0002813806550572544
0.0002198991971777688
0.00015904369381984477
0.00012334198248648413
0.00011912899505237976
3.1489496508072926e-5
2.8657780092820764e-5
3.8986928039321e-5
7.995345269621493e-5
0.00019289091192805228
0.0003025066707497823
0.0003813240405789049
0.0005392698259854472
0.000613528801617097
0.0
0.0
0.0
0.0
0.0
1.0729484846643103e-5
2.295076177120344e-5
1.965293895610566e-5
0.0012931605733305005
0.0006638801544582405
0.00022867704627845976
0.00015466887151085332
0.00014322160594064352
0.00012351490545076097
9.350663120883364e-5
3.164036305372889e-5
3.0508875203280328e-5
3.995798190479834e-5
8.10357576511578e-5
0.00017377529994483986
0.0002698542162277584
0.00032201859576444665
0.0004662567306724455
0.0005590862070149733
0.0
0.0
0.0
0.0
1.051056465678168e-5
2.73018235844319e-5
2.8938137783135456e-5
6.15947183398748e-5
0.0015200817040767038
0.0007439689173620696
0.00027298090485377587
0.00019055242968940138
0.00016301985453663528
0.00014840475300555294
0.00011959704917868627
4.341694014957886e-5
3.3278642148657804e-5
3.649078241392313e-5
6.207477042692485e-5
0.00015061822670412353
0.00027200656671170505
0.00034783954921009614
0.00046120372939008683
0.0005231918149864785
0.0
0.0
0.0
0.0
1.1809170336285317e-5
2.2263166671132533e-5
3.121700227168699e-5
3.879668456377302e-5
0.0013647985115824205
0.000661491508751226
0.0002508787957347704
0.0001695224330469551
0.00013416206083703328
0.0001087485663182462
8.29728976198602e-5
1.9082999451164585e-5
1.5376279348600082e-5
1.854290142891544e-5
3.337406216855719e-5
0.00011457723585443249
0.00021951413946026652
0.00027390236111524987
0.00039505375978749494
0.00047533761227650667
0.0
0.0
0.0
0.0
0.0
6.7776147702897735e-6
1.712515618350393e-5
2.9421151610593073e-5
2.3121080799812985e-5
1.4761494701242803e-5
1.1538874089727707e-6
0.0
0.0
0.0
0.0
0.0
0.0
0.0
0.0
0.0
0.0
0.0
0.0
0.0
0.0
0.0
1.1881185528021398e-5
1.0580510668242995e-5
1.6263637501525405e-5
1.4498401975659889e-5
2.232016845028991e-5
2.2619293675736823e-5
2.6441042460635258e-5
8.525768831130928e-6
0.0
0.0
0.0
0.0
0.0
0.0
0.0
0.0
0.0
0.0
0.0
0.0
0.0
0.0
0.0
0.0
0.0
0.0
6.191068559031491e-6
1.1242623524811771e-5
2.0241497967652768e-5
2.2551063509071816e-5
0.0014183666452238911
0.0007176025506535052
0.0002347921135268426
0.00015377211252764559
0.00011120611664902474
7.806502446954106e-5
4.90168477112022e-5
4.847361849891256e-6
3.1328718810490585e-6
4.019853508417892e-6
1.4651862826469522e-5
6.566936977291037e-5
0.00017784504562710836
0.00024044144255997105
0.00033704473656368363
0.0004081444982394854
0.0
0.0
0.0
0.0
0.0
0.0
0.0
5.845606841711766e-6
0.0011120338076499809
0.0004982146645890336
0.00018949555078148588
0.00012776848620712374
9.111910996655545e-5
5.823538965111776e-5
2.124120831151316e-5
1.279664747718914e-6
6.236128680968246e-8
0.0
5.809187848193536e-7
2.7292070668840926e-5
0.00011921350347858689
0.00015719864419454772
0.0002368434352967366
0.00030216722787027294
0.0
0.0
0.0
0.0
0.0
0.0
0.0
0.0
0.0008235779071158376
0.0005087850257472703
0.00012613058858605374
5.8098065828883894e-5
4.038769867291402e-5
1.5541279454850962e-5
1.06123593044319e-6
0.0
0.0
0.0
3.078242139837191e-7
2.7464058039614012e-5
9.913975456109038e-5
0.00015709624075239137
0.0002473560694205293
0.0002978154976902225
0.0
0.0
0.0
0.0
0.0
0.0
0.0
0.0
0.000804127991407161
0.0003938558519666846
0.00013767424760737746
7.04334374097657e-5
4.333968637897125e-5
2.6863093527231004e-5
8.63377645994721e-6
0.0
0.0
0.0
7.151162594139097e-7
2.154084230640534e-5
8.255012426474175e-5
0.00013156896788938134
0.00020882053659226774
0.00022831986452042754
0.0
0.0
0.0
0.0
0.0
0.0
0.0
0.0
0.0006350624335973216
0.000497041009681821
0.00014292010403518297
4.953575618722164e-5
2.3268232008767292e-5
1.2880251220056351e-5
1.1012357041511578e-5
4.591363559357837e-6
3.377037057782139e-6
6.837517475015316e-6
1.9436901103659448e-5
5.330932951092074e-5
0.00010751029269080527
0.00014946789958478836
0.00024947073641954715
0.00028783350375906043
0.0
0.0
0.0
0.0
0.0
0.0
0.0
0.0
0.0005851558434145275
0.0005487588800307654
0.00039076888697287324
0.00035918660238513846
0.0003126740734016118
0.00020640623430231002
0.00014878132910408089
0.00016140436852389212
0.00033201196310664695
0.0003932799560444953
0.0004749394538107823
0.000619439690506948
0.0
0.0
0.0
0.0
0.0
0.0
0.0
0.0
0.0
0.0
0.0
0.0
0.0
0.0
0.0
0.0
0.0
0.0
0.0
0.0
0.0
0.0
0.0
0.0
0.0
0.0
0.0
0.0
0.0
0.0
0.0
0.0
0.0
0.0
0.0
0.0
0.0011199769998612907
0.0005610920017646187
0.00020790284953567213
0.00014010563157645597
0.00010121300595485149
7.481074927726031e-5
4.142887185322033e-5
3.7411465416645022e-6
2.2924102234685017e-6
1.8469770336298025e-6
1.1339920611722638e-5
6.83421456439107e-5
0.00017108990324557648
0.0002242618880216355
0.00030284832138344377
0.00035318961299492653
0.0
0.0
0.0
0.0
0.0
0.0
0.0
0.0
0.0008575508010184107
0.0005935325199931086
0.00022070816315232394
0.0001339927095354992
9.550645542233975e-5
6.8112334673583e-5
4.718831145385004e-5
1.8883238466634062e-5
1.2707477194215282e-5
1.420176002345834e-5
2.8990279456107833e-5
8.506600675807011e-5
0.00018267118614892795
0.00020902505322306896
0.0002626904243523727
0.0002914510979730634
0.0
0.0
0.0
0.0
0.0
0.0
0.0
0.0
0.0007616860142552101
0.0004460739424339427
0.00019423019633897455
0.00013492903406368042
8.617950478993086e-5
6.772256224809505e-5
4.7887296006894625e-5
1.2172777795522795e-5
8.971395559503051e-6
1.2086489154150935e-5
2.8972861098971092e-5
8.167428505868745e-5
0.00016078494940881125
0.00020193564886486568
0.0002920638132336958
0.00035058086704089727
0.0
0.0
0.0
0.0
0.0
0.0
0.0
0.0
0.0
0.0
0.0
0.0
0.0
0.0
0.0
0.0
0.0
0.0
0.0
0.0
0.0
0.0
0.0
0.0
0.0
1.2121638640286494e-5
1.0716767502970465e-5
1.9988320068042917e-5
2.0958779590519332e-5
3.222230694230473e-5
2.877341437733095e-5
4.8399548723686574e-5
0.0015306975668312446
0.0007706454852469709
0.00030914160650526
0.00020277200579414301
0.0001825038036547012
0.0001551281631313904
0.0001373868457067285
5.6150645334664426e-5
4.477098872284704e-5
5.0647503216603124e-5
8.908104970832076e-5
0.00017217944393152875
0.0002703765612946481
0.0003294620517152458
0.0004586002265033066
0.0005262911971876096
0.0
0.0
0.0
0.0
6.484395404761832e-6
1.5434211758813147e-5
2.167638717511381e-5
1.7803354547885563e-5
0.001317053358860042
0.0007735096386161293
0.0004984549468600393
0.00034458176731038293
0.0003009187082021236
0.00027726478280843
0.0002569078899465972
0.00024025896932996656
0.000299564516222517
0.00031373531020296845
0.0004937838778322204
0.0007670971028085645
0.0
0.0
0.0
0.0
0.0
0.0
1.0691774293815784e-5
2.3108987214453665e-5
1.7114834478843403e-5
2.3232204899544106e-5
2.2614179804179413e-5
3.5988995022226494e-5
3.240768880916994e-5
3.484661713300265e-5
1.0340142376373106e-5
5.309099735586354e-6
0.0
0.0
0.0
0.0
0.0
0.0
0.0
0.0
5.569244285296206e-6
1.3639144357830444e-5
1.3076803737225178e-5
1.9831840569245156e-5
1.9431736001898496e-5
3.285076090521095e-5
2.8056512133237362e-5
5.547560233792083e-5
0.00010830276685997885
0.00024242230119919992
0.00023838972620281531
0.00040116960237060006
0.002350708917020497
0.0014260818244156285
0.0005406744652640376
0.00039246304877668724
0.0003217745104919208
0.00025120331246508877
0.0002454574492889442
0.00013597276542802374
0.00010316236088626412
0.0001310931574337956
0.00018312191456447996
0.0002966210916067504
0.0004770928381890531
0.000548163740285477
0.0006488289748970223
0.0006937861222130832
0.0
0.0
0.0
1.2333563896387777e-5
3.002764273410916e-5
2.8372558744615166e-5
5.48775287841552e-5
5.195908565958995e-5
0.0018509208876244518
0.0010055948056115146
0.0003487327004400297
0.00022529845254812378
0.00019211406109761577
0.0001769083239883867
0.0001620899998479205
7.115788000959912e-5
5.087353404784486e-5
7.660920048288791e-5
0.00013187493106624605
0.00022560062063738785
0.00034043438332512834
0.000407208123283962
0.0005306962147697261
0.0005957064992955183
0.0
0.0
0.0
0.0
0.0
0.0
0.0
9.572788639300732e-6
0.001232923767009408
0.0006298413196374097
0.00021160011424778747
0.00013409703395736238
0.0001093404444582178
0.00010088628498767846
0.00010102387708031401
3.673531033834646e-5
3.927932557298224e-5
4.918382349878323e-5
9.312340382416314e-5
0.00017494670454624612
0.0002563962877004643
0.0002891559907420287
0.00040606161617916237
0.00046210448979627463
0.0
0.0
0.0
0.0
0.0
0.0
0.0
0.0
0.001060875793964053
0.0006400083515201989
0.00028238719310266867
0.00022104907970304653
0.0001997145886995489
0.00017101387636188068
0.00014739514971178104
5.5120233096843626e-5
4.077376975442755e-5
4.757962162653714e-5
8.970016335375512e-5
0.00018188486296855102
0.0002929508195154089
0.0003674545167828218
0.0005077329458477875
0.0005730467234517721
0.0
0.0
0.0
0.0
1.4890683564761741e-5
2.6820234885658088e-5
3.6450354832842604e-5
4.797905193941165e-5
0.0016057960200761975
0.0008482916979471557
0.00032665299887681256
0.00023578191355604636
0.0002198791721322971
0.0001953810601902706
0.00016904656952605404
7.259657613348538e-5
5.812737283145005e-5
6.172839938878486e-5
0.00012112152511715188
0.0002360406803344255
0.00036049399289760466
0.00042687229593793005
0.0005601820363613364
0.0006316424978955884
0.0
0.0
5.928280362600288e-6
1.3867244136134815e-5
2.501786543731446e-5
3.1947167663747866e-5
6.75483732478553e-5
3.826311086851723e-5
0.00162862435819988
0.0010067308560200673
0.0007347529348295989
0.0006096776911127165
0.0005209090062922025
0.0004890352420707742
0.00047388601439933076
0.0004597846940419862
0.0005933560770550705
0.0007291632868426332
0.0008754382945386265
0.0011275184482572582
0.0
0.0
0.0
1.8906250970840127e-5
3.485401484703397e-5
0.00010132422970879794
0.00023403614695650054
0.00035663621543216865
0.00036407548358144865
0.000557960536075047
0.0005595757372249197
0.000564393585755981
0.0004476891007645406
0.000404221895986062
0.00019021700459595205
2.806386261225638e-5
1.2890705232452252e-5
0.0
0.0
0.0
0.0
0.0
0.0
1.2553452887629676e-5
1.4041022300727357e-5
2.4032230297494738e-5
2.302526267917743e-5
0.00013315216530171222
0.00016721286807900847
0.00018954079087436305
0.00023246208625981392
0.0002738477645520941
0.00030843878691270233
0.00037721766396300155
0.00039233550506793003
0.0004933863287765293
0.002848689070000407
0.0018088345398406713
0.0007065658975350379
0.0004645077861945573
0.0003235734492255749
0.00025408320746123027
0.00023800306073624622
0.00011645831204988863
8.641054065913267e-5
0.00010783018891554212
0.00017254925645801276
0.00026463607981315414
0.0004108566978548436
0.00047303673040751396
0.0006476736967225982
0.0007310760781278425
0.0
0.0
0.0
0.0
0.0
0.0
1.545669972690533e-5
1.6003604239874873e-5
0.0017382376945211495
0.0010069076338660033
0.0003241670303492679
0.00019582456801448531
0.00015387039935532682
0.00011774904227077401
8.916313139037128e-5
1.3829064368167142e-5
8.018651005572441e-6
1.1104059449935345e-5
2.6266334609304957e-5
8.618169465174332e-5
0.00016689724277106125
0.00021383782296761607
0.00031777244426692183
0.00037692975167189185
0.0
0.0
0.0
0.0
0.0
0.0
0.0
0.0
0.0012170703251369256
0.0006581259558221277
0.0002493362043375544
0.0001617881599760425
0.00013539488601763304
0.00011957777320289964
9.033116802644105e-5
1.5139016318170651e-5
9.505304357637249e-6
1.0407552924774982e-5
2.7117854768921162e-5
0.0001286399162513019
0.0002471219449817578
0.00028948130310799336
0.0003655551504106823
0.00041242884154789886
0.0
0.0
0.0
0.0
0.0
0.0
0.0
0.0
0.0012035422363488712
0.0006551233642973454
0.00022986721359782983
0.0001486579705971011
0.00011806998324757964
0.00010010532954745639
8.032392509830579e-5
1.2988194589375532e-5
9.58897854968063e-6
1.1841867646673691e-5
2.6011107589485866e-5
0.00011672608081612298
0.0002238968239615474
0.00025422257399225164
0.00035481789283344845
0.0004357405163793086
0.0
0.0
0.0
0.0
0.0
0.0
0.0
1.4049405351260814e-5
0.00123760857452502
0.0006324446095747616
0.0002401550055840289
0.00015936533894432862
0.0001244052436455106
0.00010060577251715554
7.92237990671254e-5
1.5095517318169208e-5
1.0709785346176014e-5
1.3874270274441323e-5
2.8032791547332208e-5
0.00011761082880164729
0.00023823721136359186
0.0002645082680633842
0.00033958854028257225
0.0004328733113722049
0.0
0.0
0.0
0.0
0.0
0.0
1.2643559421689015e-5
2.0018392220461015e-5
0.0013046198897738433
0.0007109531248555021
0.0003804332908985727
0.0002971234273030814
0.00028167512997566923
0.00026380228764373104
0.00021180405820902238
0.0001387115487018519
0.00019097406470175082
0.00021388349909069577
0.000313310343315814
0.0005293516245536712
0.0
0.0
0.0
0.0
0.0
0.0
0.0
2.645653107158331e-6
1.58585589746011e-5
2.0658970032778133e-5
3.1613349061549193e-5
3.822432369002358e-5
4.438458204526881e-5
2.633120028205328e-5
1.2302811793004746e-5
3.949757338936107e-6
0.0
0.0
0.0
0.0
0.0
0.0
0.0
0.0
0.0
0.0
7.010145685933768e-6
1.625586360487411e-5
1.3465357820540458e-5
1.7132899449081287e-5
1.3048536145787956e-5
1.714203491455564e-5
1.667210895130621e-5
2.804459177095956e-5
2.6914453668155753e-5
4.2109311340203164e-5
0.0018403246552134264
0.00111532458703849
0.0005319522371394158
0.00042056715240032766
0.00040054188595058305
0.00037721278558598497
0.0003730435627002013
0.0002733316579858935
0.0002339731302888462
0.00023929729590591525
0.0003279175948886854
0.00043323853111094143
0.0005778516084474477
0.0006371820117759789
0.0007760641134334897
0.000822817825613206
0.0
6.93654121094303e-6
1.940758025364575e-5
3.782331009241601e-5
4.6999358941199824e-5
0.00026335499497795635
0.00030275687791693685
0.0005201153150998428
0.0022614554625758165
0.0015831288433796142
0.0006620608273269844
0.00045016043890174114
0.0003845928370488427
0.00035824794692092753
0.00034598993948497993
0.00023324651958092112
0.00018732504351054257
0.00018531364180627687
0.00027814615254434565
0.00040454825035142776
0.0005708720005467812
0.0006548554704758903
0.0008084729847772141
0.0008723690181106905
0.0
8.38592314095731e-6
2.5948031796824264e-5
8.620030069703988e-5
0.0002935302676022784
0.0003829853586609966
0.0005590319358783045
0.0006399954281278829
0.002211266368405684
0.0015426162369830726
0.0005180306969473236
0.0003458672299193993
0.00030473785090656783
0.00028122963541357595
0.0002692085061163032
0.00015788760857855742
0.00012745351442835517
0.00012646188272821728
0.0002068847622143417
0.00032573853894072517
0.00048048883600470876
0.0005683202776324439
0.0006700111665340034
0.0007889440816525494
0.0
8.806210187249677e-6
1.8897872381922153e-5
2.169565639539524e-5
0.00013836698681629533
0.00021108460118731803
0.0004266491237902775
0.0004340258452899049
0.002195784503787272
0.0014684650091742906
0.000502084322338671
0.0003438185024240739
0.00030981663921773146
0.0002822967859008386
0.0002657219207608548
0.00015000369992055498
0.00012241592338237936
0.0001262330069767247
0.00018989497340982987
0.0003154971604484534
0.00047713805190219863
0.0005432062703340158
0.0006752661597156846
0.0007636938222753918
0.0
1.0450739233200496e-5
2.9510834489984865e-5
4.205841271841879e-5
0.00019180870928059052
0.0003133588303713453
0.00041475254723719946
0.000528905962690555
0.002222836622325537
0.0014308237926043152
0.0004800145632198591
0.0003437666136447958
0.0003120434713448016
0.00026291095887094124
0.0002434939827303454
0.00013717184359136452
0.00010784473129698444
0.00011125727233938268
0.00016865369411772274
0.0002909152416281563
0.00043064344794634487
0.0004964001324519031
0.0006354033721311538
0.0007197642335601199
0.0
0.0
1.865407788667921e-5
2.1885062597375608e-5
4.676147691992453e-5
0.00017861791002131089
0.00021776913917281008
0.0002901403635046396
0.0021667084618889757
0.001436020204430561
0.0006974451722136444
0.0004887509006777775
0.00044111988617268625
0.00041342850836137884
0.00035311481330399454
0.00027055386906733875
0.000446861195060199
0.0004975233290494613
0.0006623071616436773
0.0009530882890983146
0.0
0.0
0.0
7.711196708640114e-6
1.5213292195564009e-5
2.4924681206722687e-5
8.05593543015448e-5
0.0001502492401690929
0.0002020764665869811
0.0002528098984916058
0.00047003758545202223
0.0004771642810017822
0.0006101381741795694
0.000325689487129547
0.00012118707569184376
1.2755704474383194e-5
5.509894331527985e-6
0.0
0.0
0.0
0.0
0.0
0.0
6.41753116531034e-7
7.544965563537018e-6
1.0666932110536516e-5
1.861549447440857e-5
7.083783728177276e-5
0.00011210205086418692
0.00016416183063578367
0.00018662350379374906
0.00027320349878829535
0.0003169575081767738
0.00043964168070412447
0.00045432099551042873
0.0005288870923891637
0.002837548471181268
0.001800415709980134
0.000725315831651507
0.00047558981703928443
0.0003598251761674717
0.0003075368875902731
0.00028243604113997755
0.00016190478973987052
0.00012240909630782196
0.00011754045337403211
0.0001890211239619422
0.00030184928405153195
0.0004441993302667657
0.0005346799396260696
0.0007244795031664621
0.0008225647036768589
0.0
0.0
5.955959043732046e-6
1.6062857185047223e-5
3.629727800210947e-5
0.00015854423267317334
0.00026825754186929286
0.0002734659669106489
0.0023996792446483632
0.0014855899177935706
0.0005600452215149979
0.0003517173955342974
0.00030102067385542864
0.00026901922412462756
0.00027253907263953195
0.00017214777391670846
0.00011019492021061712
0.00011295414647662228
0.0001935725838837452
0.00030321689559179894
0.00046052998148524247
0.0005158933678854539
0.0006432324830901045
0.0006797805805444101
0.0
0.0
0.0
0.0
1.206064389113261e-5
2.3817915607353013e-5
3.528427357335588e-5
4.949914979820663e-5
0.001921427446974215
0.0011282122784018911
0.00043359305214806654
0.0002851403626587443
0.0002462265718137874
0.00022366085596184682
0.00020746492580364352
0.00010551792770962937
7.981585765975426e-5
7.12854764778197e-5
0.0001410054353541714
0.00024835309711389693
0.00035596770183956097
0.0004088016980239558
0.0004971246663103156
0.0005384625186460791
0.0
0.0
0.0
0.0
0.0
0.0
0.0
0.0
0.0009986030098924994
0.0007731968977215675
0.0004406074824414884
0.00033880971406901125
0.0002531480191348543
0.00022673614066040808
0.0001989100265726921
9.332498657002422e-5
7.698033887762481e-5
8.042475256176779e-5
0.00013916831906997628
0.00022533697597900158
0.0003421186546793706
0.00042132143189125047
0.0005446984555311054
0.0005835998181198405
0.0
0.0
0.0
0.0
0.0
8.834457015161867e-6
1.1436611247718057e-5
2.516126921422691e-5
0.0014957023619829109
0.000943470004188357
0.00048581958412946053
0.0003732069431979755
0.0002633334458339293
0.00024819625695446623
0.0002532162572689629
0.00017580808666532385
0.00016731190722605192
0.00020168469763635186
0.00024615971291909894
0.00034643885278383527
0.0004787013182420729
0.0005195552810426891
0.0006338592773568528
0.0007216956126159711
0.0
4.559121811642887e-6
2.8016376923693087e-5
3.990129266429092e-5
6.0266772205246736e-5
0.00030333959399378294
0.0003375243357986732
0.0005947950115140978
0.0022258253063793176
0.001680540190848555
0.0007637188608462155
0.000516277415488622
0.00047748410351619634
0.00045954269097138234
0.00041472221283966334
0.00040757933313336343
0.0007320236916136891
0.0008781031142443223
0.0009870767443663712
0.0011495317887763173
0.0
0.0
0.0
0.0
1.0924804015777402e-5
3.025448376719675e-5
6.687245077379656e-5
0.00026297342978400185
0.00025133241758634067
0.00034155691393004045
0.00032127174438541695
0.0004930066739721574
0.00043871885728438286
0.0005161110335508556
0.0003187383703331081
0.00023860740436991592
4.710803334258465e-5
4.8007235127176955e-5
1.930507370879322e-5
2.05707526354133e-5
1.9655655797024534e-5
2.8125914928676254e-5
2.685842939951345e-5
3.930597793344902e-5
5.722197548013774e-5
0.0002093317643609054
0.0001954016485385923
0.000250658093532864
0.00023278363190594732
0.0003401838752378751
0.00030382960217388203
0.00035331499260989903
0.00035377046834490214
0.0005035814248706708
0.0005116338077614764
0.0006851572206090318
0.000553284722900991
0.0006039313360501549
0.00026996973636067025
0.00014832128688459893
6.907875228210279e-5
2.8547044524482564e-5
1.79145444440199e-5
1.4553129795184862e-5
2.9043464845075497e-6
4.401656433455752e-6
1.3141986486701934e-5
2.015550302445003e-5
3.893883228314281e-5
0.00012460586528981432
0.00010867309581749979
0.00014026141092658988
0.00013031186395069314
0.00018940140958598455
0.000148720403546287
0.00018537192059765945
0.0001726791139368583
0.0002754154298460354
0.0002587672409037595
0.00028668932185556614
0.0033662362574336455
0.002380020791043759
0.0013181449594207232
0.0010885108625176834
0.0009037038589419737
0.0007325722994238783
0.0008187657845158092
0.0005218144068549604
0.00047405865445054326
0.0004977052065945393
0.0005296340746346013
0.000614281960925211
0.0008520953830463944
0.0008607088119820313
0.0010817100097958836
0.0011227188866149717
0.0
0.0
0.0
0.0
0.0
7.750692255569075e-6
1.6986325853025616e-5
2.5798420406447677e-5
0.002180361713710583
0.0013947636005214106
0.000502761516048176
0.0003896358966131946
0.0003624309462583791
0.0003368134102498129
0.0003234461177398475
0.00022981684088849315
0.00017955759907399395
0.00017254497609804384
0.0002604162621312783
0.00035976827470393457
0.0005511410233250795
0.0006508712956348484
0.0007479336392537336
0.0008167819331151377
0.0
7.566893264359928e-6
1.6612802952288002e-5
4.029382532726792e-5
0.00020770541295723192
0.000241811719523619
0.00036227698458645205
0.000500980322921788
0.0025327859521288333
0.0017803006920369333
0.00058803015756816
0.0003980398884481375
0.00036662349012683403
0.0003389945938187114
0.00032428026519455526
0.00023386688266984946
0.0001850608780225765
0.00018556245226221808
0.000282056165931036
0.0003974365365776842
0.0005742444030305563
0.0006420524924595106
0.0007735889406773227
0.0008229027545858602
0.0
7.387387704467913e-6
2.3079328107463203e-5
0.00010388088720044983
0.00012432022918723324
8.095439399481825e-5
0.00010702725571800048
0.000240779321656633
0.002150264063561408
0.0015076652250669632
0.0007693972372518264
0.000562137090270578
0.0003892410589351417
0.0003098731818786863
0.00033323316388644256
0.00023921309424922548
0.00019480874652094823
0.000201560042278824
0.0002951263808370891
0.00042780029934295374
0.000592265900617585
0.0006771532735817856
0.0008085843844725014
0.0008873350813649281
0.0
1.3627653358182417e-5
4.4255033438672826e-5
0.00015920514297717696
0.00037358740254593196
0.0004499151135142061
0.0006746286449457677
0.0005775072665459145
0.0023348844538567315
0.001955284634785884
0.0011097799963978548
0.0008081280751379773
0.0007102450141004743
0.0006667282678035957
0.0006452426316424211
0.0005274839850465852
0.0007941107054093251
0.0009372783454917889
0.0011447971277733044
0.0013610812659822103
0.0
7.5654258707582025e-6
2.0788577118269147e-5
0.0001285724490935251
0.00020007301053435883
0.0002979369361732829
0.00026660631128189914
0.00042591349247575894
0.0004113800369406081
0.0005505885747788845
0.0005394453938045606
0.0006910712238364803
0.0005856294532652507
0.000587533391283121
0.00036021932319356425
0.0002466936871657297
3.7323861661539884e-5
3.207932936627741e-5
1.8570831971491144e-5
1.69994137172338e-5
1.1691221643220826e-5
1.421798838325294e-5
1.5922013389052075e-5
2.6907066865393158e-5
3.7435557578274984e-5
0.00014101257267731219
0.00016142962073231092
0.0002513353533063926
0.0002741300687416387
0.00043761155543094594
