0.0
6.87958428847028e-5
9.693496876556881e-5
8.046440724643366e-5
0.0001273424962160051
0.00014193581204095777
0.0015933926591127107
0.0014912585812990118
0.0011527149045442056
0.00100405182412791
0.0007336508795988565
0.0005974110869616788
0.00043856287913092244
0.0003679136716012884
0.0003434738331860806
0.0003256502285703789
0.0003242858639785377
0.0005236903781718309
0.0006980826792255696
0.0007977085764850905
0.0008488442259568015
0.000786520187922899
0.0
0.0
0.0
4.204332893657455e-5
0.00010360217851400103
0.0001159569603263006
0.00010774419025001877
0.0002126319668376657
0.0013956629914992516
0.001269149642411409
0.0009988756705484535
0.0007163381220776035
0.0005800240484528515
0.00044085437786880804
0.0003474017241494118
0.00029594096397587754
0.000229663348701693
0.00021469711355806767
0.00024901426986512275
0.00031457328586001536
0.00041845640058298637
0.0005123789037405366
0.000577714057989716
0.0005204794884675484
0.0
0.0
0.0
0.0
1.8260141097836595e-5
6.217532058492476e-5
7.502037922881358e-5
0.00014142536696172816
0.001326521949814676
0.0012005602545105995
0.0010078585514670707
0.0007653542218562164
0.00061314279242085
0.00048103948848956005
0.0003649251669873999
0.00030479101493294567
0.0003008133436845262
0.0002799971415812747
0.00028769408197244783
0.00031419394043919824
0.0003834093446061888
0.0004245407608392925
0.0004781374499016381
0.0004385280195178558
0.0
0.0
0.0
0.0
0.0
0.0
0.0
0.0
0.0009960580995107458
0.0009123568169162659
0.0007865299937213669
0.0006585481393834749
0.0005387081230263442
0.000393088153543807
0.00026823733186235774
0.00018708836376245237
0.00015680096823684865
0.00012139600602620975
0.0001254583348170019
0.00016305437930455913
0.00024608301791134387
0.0003196843657117031
0.0003714475842382519
0.00030244498162184383
0.0
0.0
0.0
0.0
0.0
0.0
0.0
0.0
0.0008537706700836226
0.0008018650555049672
0.0007046694876361586
0.0005972612831650285
0.0005466562509876996
0.00046705833656254537
0.0004059355919442739
0.0003639200862431423
0.0003569315612006316
0.00034898280477368065
0.00034780743402852715
0.00035538706717818243
0.0004041582367476461
0.0004507232800536085
0.0004647814460672981
0.00036431451006164155
0.0
0.0
0.0
0.0
0.0
0.0
0.0
0.0
0.0010819639488538213
0.0009910856021230518
0.0008579388474149304
0.0007146410162933294
0.0005885582551393952
0.000431665168975422
0.0003363075795938605
0.00026420100421494614
0.00019817588773953483
0.0001758116745655602
0.00020807128062165113
0.0002641440278184472
0.0003585256491228394
0.00043208217398096714
0.0004891357003749888
0.00042856885399844774
0.0
0.0
0.0
0.0
0.0
0.0
0.0
2.8313903995652374e-5
0.0012196312199376758
0.0011127139652447066
0.0009696035239056746
0.0007507628820861866
0.0005902946951493877
0.0004419527403761984
0.0003519514705604013
0.0002659785282501673
0.00018960495222512778
0.00016207842760434358
0.000190027469245352
0.00025776778881865373
0.00039279395239232386
0.0004871116060956906
0.000534167125125495
0.0004752330822769534
0.0
0.0
0.0
0.0
0.0
0.0
6.292471990342758e-5
7.371676610649859e-5
0.0015504444472020256
0.0014628199594025901
0.0011027400212793208
0.001003422780464872
0.0007580378002750917
0.0006036777653114671
0.000466161022704461
0.0004061746788953606
0.0003592104056224179
0.00032918493587952096
0.0003311519757768269
0.0005338367172590272
0.0006339223867687168
0.0006920197882781363
0.0007630210751605025
0.0006612272777868183
0.0
0.0
0.0
0.0
0.0
0.0
6.421636920295079e-5
8.888638193863406e-5
0.0012804270466377945
0.0011591896462409563
0.0009732887840621318
0.0007478377784112317
0.0006136663997941871
0.00047323562111597844
0.00036402114910636865
0.00026489660079559994
0.0002006389331170617
0.0001728360342437122
0.00017841333603832479
0.00023604301847830834
0.0003399710580120618
0.0004197722985553771
0.0004903293496525493
0.00047092079896411275
0.0
0.0
0.0
0.0
0.0
0.0
3.676353520980701e-5
4.8262547596107856e-5
0.001254760450301252
0.0011369101821448275
0.0009536173060622885
0.0007198328774184366
0.0005523873644484359
0.0003773572889632192
0.0002512051642944836
0.00013789246803869791
8.415969359811166e-5
4.7751686971176204e-5
5.61044837345536e-5
0.0001107618338510997
0.00021767503222610763
0.0003345309726680427
0.0004065078587561941
0.000358633491167532
0.0
0.0
0.0
0.0
0.0
0.0
0.0
0.0
0.000978986634370335
0.0008744484892682619
0.0007491437984485728
0.0005973755670064463
0.0005326634146891608
0.00043778583479332555
0.00034085506608273086
0.0002845025702010666
0.00023991925682233486
0.00021235800496885926
0.0002137173442729826
0.00025030828676523523
0.00034579012555946203
0.0004252078958342465
0.000494812457166916
0.0004409513140321651
0.0
0.0
0.0
0.0
0.0
2.1005892974531853e-5
6.512836388867163e-5
7.499538651584918e-5
0.0013108795727415274
0.001160054415680312
0.0009194268508368501
0.0006565688211576301
0.0004863855600791082
0.00031039551592308234
0.00017331372522071727
8.704615537331448e-5
3.9014198355001704e-5
3.374631786768524e-6
2.1567649057612055e-5
8.166126863924041e-5
0.0001860936966161026
0.00030610491803641313
0.0003979631323139896
0.0003454633671216434
0.0
0.0
0.0
0.0
0.0
0.0
3.7014353586914964e-5
5.139245779759476e-5
0.0012248119980568955
0.0009874790879161159
0.0007857968816341843
0.0005939097344380248
0.00043677752018561714
0.0002686446906472509
0.00016976484034382462
8.247132749212088e-5
4.196905017158689e-5
3.74960189191278e-5
6.500498072911955e-5
0.00013598574221952993
0.0002429617217437619
0.00033841604218683255
0.00041831585629642244
0.00038313541714848134
0.0
0.0
0.0
0.0
0.0
0.0
5.1432288342490284e-5
8.253573549672439e-5
0.0012801478117798466
0.0011595807610374855
0.0009703304451144576
0.0006773257397610402
0.0004227064216425802
0.00024882559722118623
0.00015593322891493784
6.738096562650775e-5
6.451009531554867e-6
0.0
0.0
7.070296387586266e-5
0.00022561696053569524
0.0003414174462837154
0.0004109755776855784
0.00036333521570821177
0.0
0.0
0.0
0.0
0.0
0.0
0.0
0.0
0.0012259559477643535
0.0011330513887657647
0.0009120687530281556
0.0008359606201265424
0.0006705653902318143
0.0005842259494410314
0.0004481862423323151
0.0003862957353073624
0.0003614874090991489
0.0003350635455461556
0.00033197628848676697
0.00046645996469157463
0.000558761548043067
0.0006068533658975777
0.000660133168803206
0.0005532079889319439
0.0
0.0
0.0
0.0
0.0
0.0
0.0
0.0
0.0011882328019346344
0.001098536852734426
0.0008682174365440498
0.0007963244792238346
0.0006378778925902525
0.0005330560382125432
0.0003783328736442061
0.00032808394301891747
0.00028078107895915813
0.0002331131813763449
0.00025408791784972337
0.00045077577579357954
0.000557591346468867
0.0006191270184261934
0.0006877184776217098
0.000561130496221645
0.0
0.0
0.0
0.0
0.0
0.0
0.0
0.0
0.001038035993490746
0.0009200732802933581
0.0007745072925643703
0.000619561397429903
0.0005067976381382542
0.0003779265649339827
0.000282462634046105
0.00018686508369103873
0.00013233730164655423
0.0001195618979590038
0.0001825321179429546
0.00022361858830919273
0.00032757309621691454
0.0005440184964638071
0.0006405685236182879
0.0005338852270629447
0.0
0.0
0.0
0.0
0.0
0.0
0.0
2.5273394911409025e-7
0.0011257901311982703
0.0010130123485551843
0.0008966980419308854
0.0007796029874379047
0.0007234036953254425
0.0006641068411504836
0.0006106337748873634
0.0006004896941625763
0.0006022036953090486
0.0005984321763730739
0.0006115376852458956
0.0006188647783619478
0.0006694327213209516
0.0007009573466599542
0.0007398615577355607
0.0006731009733286906
0.0
0.0
1.9903219721507592e-5
9.390650839132691e-5
0.00012797316265968016
0.00023869627174169275
0.0002515265382239051
0.00023001778009690862
0.001539035038880467
0.001423746672170294
0.0012050964542564804
0.0009051732321204208
0.0007727246498538028
0.0006891390685845664
0.0006185975571692702
0.0005563172469663069
0.0005062064406402378
0.0004593323176229372
0.0004818919722892367
0.0005438707163907127
0.0006112601125512593
0.0006379655953686635
0.0006796568810597892
0.0006168972663599608
0.0
0.0
1.034594473192362e-7
5.51040623700784e-5
0.0001465403566161314
0.0001635287843627965
0.00018609580768341104
0.00031913733744251907
0.001560177901452261
0.0014553994525329573
0.001202046361671418
0.0009006466721613886
0.0007610084717512227
0.0006399359816234946
0.0005643274019571646
0.00048129824221231955
0.0004137270576747551
0.00036774249295569444
0.00039480942001381543
0.00048663448421782415
0.0005893017663971693
0.0006440475787246102
0.0006926379184562529
0.0006484508933342057
0.0
0.0
1.057457776660234e-7
6.601096825945082e-5
0.00014804559605554707
0.00018723606117092374
0.0001876491513046963
0.0002779041148519905
0.0015519105179399326
0.0014343289332041885
0.0012731253633401186
0.0009954980525382442
0.0007929041551876142
0.0006768226279502079
0.0005792416964225685
0.0005215442846537996
0.0004569014312208378
0.0004164849692250609
0.0004102268973543327
0.0004515129201207025
0.0005851805223930286
0.0006667854015838385
0.000674834796925377
0.0005688917361396002
0.0
0.0
0.0
0.0
0.0
2.5259848402271654e-5
5.208250959991407e-5
4.871461256920056e-5
0.0013999568162306772
0.0013117624933044897
0.000988337428426353
0.0008924691837946568
0.0007122180708615854
0.0006227149913870908
0.0005017314126179592
0.0004234385648574883
0.00035027403846901267
0.0003173156450558023
0.0003284265086288548
0.0005164263526067275
0.0006732818763753938
0.0007694400746786707
0.0008457215807376644
0.0007266189970590186
0.0
0.0
0.0
0.0
4.572793911318814e-5
8.298325122504779e-5
0.0001532384945826812
0.00014247004113598842
0.0013966345484244642
0.001266584990026875
0.0010406329737867826
0.0007755822139971673
0.0006352344168555948
0.0005141914136278418
0.00041187605522016957
0.000325990105337983
0.0002722476068959631
0.00022557122682038174
0.00023365006236808123
0.00029837763836382107
0.00038908656580172955
0.00045757158737380914
0.000543148326041619
0.0005011381116562198
0.0
0.0
0.0
0.0
0.0
4.855502020887631e-5
0.00011472809679664198
0.00013465535873417127
0.0013480585747905026
0.0012268035369994957
0.0009915025115963673
0.0007786887747082747
0.0006060996543322204
0.00044589887614321074
0.0002834667347076734
0.0001498575365512681
7.82499067836643e-5
5.760399030437271e-5
6.831377008803473e-5
0.00011164368805992078
0.0002316836044375204
0.0003270611803312778
0.0003963263310546306
0.0003415994000874613
0.0
0.0
0.0
0.0
0.0
2.2109496389781386e-5
6.518743972289225e-5
3.814973155785005e-5
0.0011620857545195087
0.0010736378334915359
0.000828908360464668
0.000544883069379719
0.0004189675383683619
0.00031268084805555305
0.00023054581012506265
0.00014011436170171642
7.772444349205711e-5
3.6494055284289015e-5
4.2979681572335615e-5
9.574045455090023e-5
0.00021787835824678688
0.00032455511649835667
0.00041852040698179486
0.0003922301569495964
0.0
0.0
0.0
0.0
0.0
0.0
5.660740533876731e-5
7.301972189087755e-5
0.0011763874118125113
0.0010625725459081363
0.0008113792840521129
0.0005288845797390792
0.00037208477592313007
0.00021070309635525146
4.995291015022805e-5
0.0
0.0
0.0
0.0
1.2860281938617842e-6
7.089619425523913e-5
0.00017137724579118624
0.0002266704433664076
0.00012589010627825532
0.0
0.0
0.0
0.0
0.0
0.0
0.0
0.0
0.00043797092995023074
0.0004804623651310335
0.00036343463356493504
0.0002007892542499793
8.472561692376956e-5
1.601852179384596e-5
0.0
0.0
0.0
0.0
0.0
0.0
2.493185354344668e-5
8.319853593122446e-5
0.00013353665936475536
7.527653863740611e-5
0.0
0.0
0.0
0.0
0.0
0.0
0.0
0.0
0.0005457576502714909
0.000530450341770346
0.0004364826630786519
0.0002689858504711864
0.00010343236422461551
5.775735165301262e-6
0.0
0.0
0.0
0.0
0.0
0.0
1.3224893657633968e-5
0.00011853244401854193
0.0001807882519593093
0.00012399793703633618
0.0
0.0
0.0
0.0
0.0
0.0
0.0
0.0
0.0007954813895567022
0.0007947945097071001
0.0005646610801453013
0.00044570014863463633
0.0002892432769604438
0.00019416335999746849
7.088654012880766e-5
3.434124842404442e-6
0.0
0.0
0.0
2.0842197543942858e-5
0.00013022154097613872
0.00020476208844816575
0.00026482121416869194
0.00016059179296914325
0.0
0.0
0.0
0.0
0.0
0.0
0.0
0.0
0.0007233657095663881
0.0006948238041698131
0.0005814058393906197
0.00039179908492073767
0.00023515711448281092
0.00010270154140159388
3.1353543180960534e-5
0.0
0.0
0.0
0.0
2.9590146539573136e-5
0.00012282001879755644
0.00020033306582316346
0.0002594441621594865
0.00021049014370777541
0.0
0.0
0.0
0.0
0.0
0.0
0.0
0.0
0.001041130510512168
0.0009438095624410384
0.0007677281869390717
0.0005623974692148472
0.0003786477688312749
0.0002330709041730661
0.00018012434517385782
0.00011874716118528979
6.408369176153056e-5
5.9445246755867364e-5
7.662189833995409e-5
0.00013049094498277886
0.0002339417670089545
0.0003361664784908731
0.00042051469881231485
0.00036195417460096324
0.0
0.0
0.0
0.0
0.0
0.0
0.0
7.054757112209589e-5
0.0013173642819591634
0.0012351713443814131
0.000998069689498538
0.0007622044096105711
0.0006054302255889394
0.00043425727001157735
0.00029905269873203166
0.00020922675317317985
0.00016276767519100957
0.00011589697924621987
0.00012217320857687644
0.00016214400297379897
0.0002535747855853522
0.00032885114315019066
0.0004132104123588665
0.00038679292392500134
0.0
0.0
0.0
0.0
3.628438138091526e-5
3.4740247885402495e-5
0.00010508711949924674
0.00018007072576040758
0.001422396895349899
0.0013253143668689956
0.0010779625083093627
0.0007872082140617733
0.0005926662769955623
0.00044084982975482837
0.00032261312885593945
0.0002447305490317141
0.0001874727762907082
0.00010169433214077359
7.621964800455943e-5
0.00012115078142182256
0.00022130280713072097
0.0002945390609692687
0.00037521564890427486
0.00034603648592507994
0.0
0.0
0.0
0.0
3.9679661945363104e-5
7.690583335434939e-5
0.00015695934995037217
0.00015487321206965438
0.0013738795014941825
0.0012668333406797684
0.0010362471680902556
0.0007316208890313601
0.0005628877194631314
0.00044666553719976027
0.00033276260510457464
0.00024777278496823586
0.00022831399660979188
0.00017123572337157035
0.00019379253800116107
0.0002655612575090531
0.0003438113179436359
0.00043616839392013194
0.0005216810845643761
0.0004752323726089627
0.0
0.0
0.0
0.0
0.0
0.0
0.0
1.2618558639183156e-5
0.0012557548511271416
0.001183675057721361
0.00100726563945798
0.0007358671802397646
0.000559484244972632
0.0004202728989408738
0.0003524459163307527
0.000313603836590246
0.0002973032502543176
0.0002793894364064444
0.00026550808046831454
0.0002870364834335638
0.00039567359861557587
0.00048153422748536696
0.0005130096720527624
0.00042439886194470684
0.0
0.0
0.0
0.0
0.0
0.0
0.0
0.0
0.0014654230410886728
0.001380687679916486
0.0009968855636144774
0.0008259560557420336
0.0006174625076537373
0.0004930256720618988
0.0003807370561561468
0.00031806942407861167
0.0002530084213004696
0.0002188560857741708
0.00022500817107005998
0.000356449746643177
0.0005826020675509675
0.0005782203078393241
0.0005594617895371943
0.0005235320517305261
0.0
0.0
0.0
0.0
0.0
0.0
2.7169662778419763e-5
3.999907877033657e-5
0.001290434343049104
0.0011219487032389677
0.0008755436239560771
0.0006425928784666163
0.0004251855717068834
0.00027160281415999937
0.0001945103632744303
0.00013127999528457848
8.885782331948401e-5
5.321916410564372e-5
5.479259709224277e-5
8.134273648170495e-5
0.00015118823938722257
0.00021794011593389092
0.0002958468212528968
0.0002801086620067309
0.0
0.0
0.0
0.0
0.0
0.0
4.1616145059708693e-5
8.657371359012721e-5
0.0012417550717801185
0.0011340359068799932
0.0008593961477092769
0.0005507170270873167
0.0004045389094815623
0.0002867073716859976
0.0002143403231991562
0.00013705437149026748
8.470577003485138e-5
5.5837457105934004e-5
6.198876235192469e-5
8.136476297743217e-5
0.0001379080088903564
0.00018102041984245092
0.0002264172898794166
0.00018228308501447524
0.0
0.0
0.0
0.0
0.0
0.0
0.0
0.0
0.0009281442664061753
0.0009043697941774476
0.0006914431437505395
0.0004460407328281481
0.0003057087914046639
0.00015148357230317992
4.816176071379471e-5
1.9633859718182187e-6
0.0
0.0
0.0
4.0243947117493175e-6
8.053242031568876e-5
0.0001585850650844239
0.000230260845575427
0.0002554863727277381
0.0
0.0
0.0
0.0
0.0
0.0
1.723473670034638e-5
5.7167208772320866e-5
0.0011720000171615544
0.0010488640336058861
0.0008162010960171529
0.000543559493248086
0.00037405633429992807
0.00020305380539303912
8.394098811675271e-5
2.3751060593658156e-5
1.8472547067003364e-5
9.633534277088463e-6
1.460262987614345e-5
3.6410904158449275e-5
0.0001004310560498897
0.00015386566396186494
0.00021959309040977856
0.0001465335257692758
0.0
0.0
0.0
0.0
0.0
0.0
0.0
0.0
0.0010104839272561015
0.0009051866844230822
0.0007199371808713626
0.0004735549365208177
0.0002875802686760015
0.0001661522982481705
0.00010910326781532966
8.38692983336739e-5
2.920478090186057e-5
0.0
1.0172360945473515e-5
3.5427897705278126e-5
0.00011099411374090632
0.0001818088501595774
0.0002433940536282678
0.00019750538620830923
0.0
0.0
0.0
0.0
0.0
0.0
0.0
4.27126114668034e-5
0.0012481309795365286
0.0011019869631349168
0.0008575922827088875
0.0005843811784934992
0.0003924957422990665
0.0002424734606129708
0.00012030156599417758
5.524300995240433e-5
2.100637752764739e-5
0.0
0.0
3.525219412689248e-5
0.00013957677611104648
0.00024604074148792005
0.0003936466668340975
0.0004099237408361877
0.0
0.0
0.0
0.0
0.0
0.0
3.2224646455873494e-5
9.98473065564279e-5
0.0015052159618828681
0.0013807017738447947
0.0009277079590161756
0.0007018533283308463
0.00046650338048305815
0.00033268616138430247
0.0001907845836102355
0.0001376703201216859
9.32738169080909e-5
5.778081626947686e-5
7.544193382031457e-5
0.00012166123780894878
0.00021592538956451482
0.0003191205286442185
0.0004921412947299181
0.0005053984512689015
0.0
0.0
0.0
0.0
0.0
4.7018209395230155e-5
5.433281396309783e-5
8.841152739150864e-5
0.0011979818659562079
0.0010320314117118951
0.0007523890043045142
0.00048416606563979656
0.0003677573942288245
0.00023299932089867502
0.00014702546050421905
9.284080959122598e-5
5.1153927721420596e-5
3.980846237696782e-5
5.7000112033678385e-5
8.810400086850299e-5
0.00014011937860599372
0.00020248340077722127
0.0002529538117636978
0.00016131795128483618
0.0
0.0
0.0
0.0
0.0
0.0
0.0
0.0
0.0008177730685206746
0.0007752201850602132
0.000673591882261949
0.0005671011968129269
0.0005052219920305803
0.000424514307185086
0.0003459286549933202
0.00027404879845615426
0.00022296778406146424
0.00018772289273013757
0.0001849717794677439
0.00021127956063887626
0.0002816814212864
0.00033304302982618925
0.0003766339633730949
0.0003027691823304402
0.0
0.0
0.0
0.0
0.0
0.0
0.0
0.0
0.0010627154962421378
0.0010250762403825717
0.0008501746809938505
0.0006780394605603058
0.0006237160471050664
0.0006198228544223121
0.0006078351638777938
0.0005479247697508644
0.0005045943185726631
0.0004483244920906972
0.00041449262332756684
0.0004566556363475295
0.000528843203365732
0.0005897043438914573
0.0006465934006344073
0.0006046632677975871
0.0
0.0
0.0
1.6322594319849085e-6
8.49835032918706e-5
0.0001157353701030488
0.0001417323938024325
0.00021052241176541188
0.0014370037274256176
0.0013184395898100806
0.0010883552012308916
0.0007782217381093886
0.0006320417370564849
0.0005208104442795898
0.000380354767465324
0.0002956528597302745
0.00023941688216937967
0.00020001864020624725
0.0001810469045933729
0.00019829088836511934
0.00027320735779228167
0.00032324846117168937
0.00036425379669777696
0.0002984083482712978
0.0
0.0
0.0
0.0
0.0
0.0
0.0
2.516529420833097e-5
0.0011595024012136387
0.0011097390331286214
0.0009383940761587092
0.0007319499804052161
0.0006333513552470132
0.0005208765131022551
0.00046706550099234935
0.00041722352791658993
0.000348812423919685
0.00030547261506715746
0.00031713093777924537
0.0003373777768604264
0.00042357793478000233
0.0005158571978059245
0.0005953162426829872
0.0005916432302457625
0.0
0.0
0.0
4.6371923354044585e-5
8.532663643148853e-5
0.00015031869772307558
0.00011771161521304114
0.00019337976468345578
0.001466080561154654
0.0013786105421466066
0.001167714598291507
0.0008583651956674854
0.0006549473586700197
0.0005000353790367388
0.0003879998371702563
0.00032037916567054096
0.00027180319447362615
0.00023140352743372474
0.000222641734024372
0.00025441161672166914
0.0003961290785441835
0.0004684144133435491
0.0005711896822306773
0.0005742438085179078
0.0
0.0
0.0
5.36174195951422e-5
6.336143819899241e-5
0.0001275443727788062
0.0001399629558880664
0.00017961409535080747
0.0019337476279138598
0.0017152205247237813
0.001190834400921522
0.0010010225975364464
0.0007166900065640839
0.0005802719029230424
0.0004585738051731193
0.0003687238896030646
0.00030398725471492057
0.0002653012055227909
0.00024425042344508444
0.0003747900935692247
0.0004844732028299743
0.000555471380918125
0.0007073368165987427
0.0006725887237626237
0.0
0.0
0.0
0.0
4.4321757179026785e-5
9.742238758479307e-5
0.00012505631014238082
0.00013081125499510548
0.0017329851824445276
0.0015623410474732598
0.0010915376566443971
0.0008860167835770412
0.0006584084205733594
0.0005437481939668002
0.0003978487281799483
0.00031589395059821297
0.00025865557362929006
0.00021796285942824516
0.00018460040396939655
0.000283251909628499
0.00040605922107982064
0.000506073206323905
0.0006227949314894812
0.0005443124367538148
0.0
0.0
0.0
0.0
0.0
0.0
0.0
0.0
0.0010749116758369311
0.0009759505187353413
0.0007674582516562574
0.0005437620942961215
0.00039712986842910816
0.0002985427357006335
0.0002502076962991356
0.0003137372013373166
0.00034850431980687003
0.00035602600534818707
0.0003973641464047395
0.0004416995061742217
0.0005233147105468863
0.0005996561260367885
0.0006614060718133323
0.0006199937515402746
0.0
0.0
0.0
4.136025128920331e-5
8.11086727029796e-5
0.00015567686739719077
0.00012997718347295718
0.00023821222075524892
0.001435895291337071
0.001299560175276541
0.0010676496657094246
0.0008308602033288598
0.0007110957329814894
0.0006052537854570641
0.0005246574598995002
0.0004497697852510586
0.0003958472088488565
0.0003425758541117367
0.00033006183576742324
0.0003691091669904432
0.0004544570124834645
0.0005371585909460527
0.0006641960395931778
0.0006274495179910736
0.0
0.0
7.143894349938871e-5
0.00010489173552122331
0.00014062618536950702
0.0002211306602952255
0.0002417686044247489
0.0002353882415520602
0.0016450105300311883
0.001506262583744828
0.001225344931422952
0.0008624639903775461
0.0006782842745710698
0.0005159261443907811
0.00039230319289876726
0.0002876933835148719
0.00020660079405265784
0.0001604740193743744
0.000138876672456279
0.0001664504414688672
0.0002475887118112228
0.00035541446143492214
0.0004627853613502831
0.00048219833206152626
0.0
0.0
0.0
0.0
3.334343233069803e-5
8.524277795772657e-5
0.00011801034439723942
0.0001411120305097102
0.001381833855134964
0.0012083467053839226
0.0008894535745426551
0.000594123157045581
0.00040904982905994996
0.0002001482378640554
8.00611321816547e-5
1.2866090268927536e-5
0.0
0.0
0.0
0.0
4.943588520095717e-5
0.00014768380282974711
0.00022083099967178948
0.0001633976343062588
0.0
0.0
0.0
0.0
0.0
0.0
0.0
4.032999779272138e-5
0.001229566403163166
0.001063922546936825
0.0007519524171415567
0.0004733629458865792
0.00028738917604472045
0.00014638294065546275
5.2514163537028794e-5
3.533109533578326e-6
0.0
0.0
0.0
0.0
4.5804932962627615e-5
0.00014874117216500884
0.0002791581993776493
0.0002229764761296036
0.0
0.0
0.0
0.0
0.0
0.0
0.0
2.8961300813466116e-5
0.0013784422387286754
0.0012552257985142042
0.0007994121316696752
0.0005990245994131204
0.00039545033297147856
0.00025553696757130563
0.0001288942710616072
6.499104811380396e-5
7.527624402770812e-6
0.0
0.0
9.97560586549651e-6
9.868944891606302e-5
0.00021052739357621712
0.0003221839002091828
0.0003147189876197086
0.0
0.0
0.0
0.0
0.0
0.0
0.0
0.0
0.0010705510789511708
0.0009252100160076541
0.0006248923193625244
0.00038337583014540276
0.00027288152572464366
0.00013494263877059017
3.224752678552423e-5
0.0
0.0
0.0
0.0
0.0
1.3914078368495857e-6
1.4781830811465986e-5
0.00010314212766065697
8.814900394747626e-5
0.0
0.0
0.0
0.0
0.0
0.0
0.0
0.0
0.0008669440211692314
0.0007738863280034933
0.0005260170843380842
0.0002476861745716246
0.00010878265395202406
6.429267351440512e-6
0.0
0.0
0.0
0.0
0.0
0.0
5.334478901669494e-6
1.5508907757279373e-5
9.369889894918108e-5
0.00010028465056859966
0.0
0.0
0.0
0.0
0.0
0.0
0.0
0.0
0.0005197112216896883
0.0005257601851103594
0.0003634649060712753
0.00012870607481155392
7.222803996860047e-6
0.0
0.0
0.0
0.0
0.0
0.0
0.0
3.3214450495087304e-6
3.1745003004809136e-6
1.4138663819588447e-6
1.5144339866110584e-6
0.0
0.0
0.0
0.0
0.0
0.0
0.0
0.0
0.00026555534747591165
0.00033865881424493177
0.000260757049794347
0.00016576899018946604
0.00012774554133080835
6.731766293954785e-5
1.154509443356912e-5
0.0
0.0
0.0
0.0
0.0
2.2068704127780292e-6
0.0
8.196843081402053e-6
4.466400040668224e-7
0.0
0.0
0.0
0.0
0.0
0.0
0.0
0.0
0.0005986254372935193
0.000586502964908032
0.00043605743664742053
0.0002831248793506179
0.00021795917812302552
0.00010928373433823309
2.3280295284120574e-5
0.0
0.0
0.0
0.0
3.57364526717272e-6
7.997140738562046e-5
0.00014796754076505225
0.00019102487660697885
0.00015422729215086434
0.0
0.0
0.0
0.0
0.0
0.0
0.0
0.0
0.001001108303593779
0.0009246610174349773
0.0007266862415129982
0.000506959971571696
0.0003202237183561733
0.0002112941112697313
0.00014484640173823961
6.755399382480593e-5
2.8008556046147972e-5
5.142260125743965e-6
0.0
2.4924139618107474e-5
0.0001300790209270975
0.00022078990141420832
0.0003095473387748012
0.0002963503606191971
0.0
0.0
0.0
0.0
0.0
0.0
0.0
8.31025085035783e-5
0.0015640143402896184
0.0013926300986147758
0.0009163592784857978
0.0007166864231306586
0.0004809242163769764
0.00033508832280469784
0.00016960045764657797
8.310253883993524e-5
2.7330692830560844e-5
8.198402961864884e-6
7.429820058109011e-6
4.6237200236152174e-5
0.00011640063032673959
0.0001607572823780242
0.0002288310840059467
0.0002280263632016057
0.0
0.0
0.0
0.0
0.0
0.0
0.0
2.5158054308065683e-5
0.0011299281516367317
0.0009674211106911751
0.0006685417577241193
0.00036239046346940823
0.00018520337064816122
5.946583235262431e-5
1.6770155240765965e-6
0.0
0.0
0.0
0.0
0.0
1.5402279605533735e-6
0.0
1.4726032337105152e-5
0.0
0.0
0.0
0.0
0.0
0.0
0.0
0.0
0.0
0.00039904565206837987
0.0005280790134745071
0.00039899142397815306
0.00020218452615007764
0.00010753030119172978
2.302180667304614e-5
0.0
0.0
0.0
0.0
0.0
0.0
3.23558908163692e-5
8.478946602583769e-5
0.0001746666736136501
0.00012025188309347438
0.0
0.0
0.0
0.0
0.0
0.0
0.0
0.0
0.0005345607573912353
0.000562748647737648
0.00050798369006904
0.0004295866981410136
0.0004115163283175012
0.00036736063250271265
0.0003235336960385418
0.0002598981956521537
0.0002911188948536727
0.0003633451984362681
0.00038083903447158477
0.0004023107329172617
0.0004689916990093839
0.0005215045053258771
0.0005595510164445936
0.0004688644927767333
0.0
0.0
0.0
0.0
0.0
0.0
0.0
4.1589851997129674e-7
0.001153060941775867
0.001088371319857575
0.0009247691231681197
0.0007539629591992802
0.0007000772749070686
0.0006117360307230339
0.00051184684030266
0.00043590147833310683
0.0003782706502862241
0.000459233672017563
0.0005842322667534125
0.000543072733727972
0.0005415837036708575
0.0005805441300045465
0.0006240503454728401
0.0005731296607718187
0.0
0.0
0.0
4.2816981880023727e-7
4.734881072421091e-6
5.585578185449409e-5
8.92235270693653e-5
0.00015257611553304694
0.0014002119730675137
0.0012381205666299362
0.0009624072409268903
0.0006854364265339135
0.0005601184003898033
0.00043963035606851196
0.00034389557717510067
0.00026239616751530786
0.0002044000328986621
0.00013923523142870064
0.0001144543218005743
0.00013357862930518983
0.00018774674127893437
0.00022609300094973085
0.0002811049323398629
0.00022318349144901555
0.0
0.0
0.0
0.0
0.0
0.0
0.0
0.0
0.001049845994770747
0.0009130563191079148
0.0006861554362118648
0.0004490042975837403
0.00026121419539561344
0.00012106510694861492
2.6597465081143153e-5
0.0
0.0
0.0
0.0
0.0
1.7017390720598863e-5
7.456659648875238e-5
0.0001084601315887293
7.196277690393039e-5
0.0
0.0
0.0
0.0
0.0
0.0
0.0
0.0008078422149523008
0.0009107186895135902
0.0006786674278285698
0.0005503981762810548
0.000369587627586787
0.00023545376496368059
7.168678763650183e-5
1.8183709348337733e-6
0.0
0.0
0.0
0.0
4.265956838564631e-6
1.3190251409634055e-6
2.675462966532175e-5
0.0
0.0
0.0
0.0
0.0
0.0
0.0
0.0
0.0
0.000586234865306252
0.0007068938519770922
0.0005870654846055679
0.0003277238787315079
0.0001522395937013723
2.688857321097679e-5
0.0
0.0
0.0
0.0
0.0
0.0
1.4371660162123642e-6
0.0
2.7283654954091744e-6
0.0
0.0
0.0
0.0
0.0
0.0
0.0
0.0
0.0
0.0005955222413640097
0.0005782429126169818
0.00044617706502072743
0.00022501428084354652
8.172295829374956e-5
1.4868931239673703e-6
0.0
0.0
0.0
0.0
0.0
0.0
0.0
1.4010230875125375e-6
1.3703557055253605e-6
1.5734193947023609e-6
0.0
0.0
0.0
0.0
0.0
0.0
0.0
0.0
0.0005163274482844788
0.0005956661669066074
0.00043765757887593274
0.00019499557877925548
3.833584108181702e-5
0.0
0.0
0.0
0.0
0.0
0.0
0.0
0.0
0.0
5.246913114525817e-6
1.3290403373052038e-6
0.0
0.0
0.0
0.0
0.0
0.0
0.0
0.0
0.000434525011757424
0.0005468304391909687
0.00039390235085286993
0.00012543589741570956
8.705386869426611e-6
0.0
0.0
0.0
0.0
0.0
0.0
0.0
0.0
0.0
0.0
2.3663721637070445e-6
0.0
0.0
0.0
0.0
0.0
0.0
0.0
0.0
0.00032053454640479357
0.00039376892089043033
0.0002930040893655008
6.530406633626761e-5
0.0
0.0
0.0
0.0
0.0
0.0
0.0
0.0
0.0
0.0
0.0
1.351134731102304e-6
0.0
0.0
0.0
0.0
0.0
0.0
0.0
0.0
0.0002728477597606412
0.00038408562554485414
0.0003251741206014096
0.00013992969234560569
5.282606139064857e-6
0.0
0.0
0.0
0.0
0.0
0.0
0.0
0.0
3.7704775586371812e-6
4.935790556613919e-6
0.0
0.0
0.0
0.0
0.0
0.0
0.0
0.0
0.0
0.0003771767462094959
0.0005405633878755577
0.0004040535085662263
0.0003493948038903994
0.0002854226553358373
0.00016635551752620554
3.226080894333509e-5
1.109090513563406e-5
0.0
0.0
0.0
0.0
2.5022277255221662e-5
7.331867745721522e-5
0.00011596350798833305
7.003931879023092e-5
0.0
0.0
0.0
0.0
0.0
0.0
0.0
0.0
0.00035053133922454684
0.0004482347681232588
0.00043264737442984144
0.0003466590893511024
0.0002917146991497526
0.0002085649145630154
0.00013907562524544768
0.00010135061663473493
5.183330310497082e-5
1.911153064406151e-6
0.0
0.0
1.9562641347663277e-5
8.489798681727274e-5
0.00012580657806331004
6.6616985867195e-5
0.0
0.0
0.0
0.0
0.0
0.0
0.0
0.0
0.00036821521372223644
0.00042505396329060776
0.0003508454093250947
0.00020771511658373415
0.00010449007845072213
1.4636473591682896e-5
0.0
0.0
0.0
0.0
0.0
0.0
1.4429281313438052e-6
0.0
0.0
5.615081823061247e-7
0.0
0.0
0.0
0.0
0.0
0.0
0.0
0.0
0.00042978319770152127
0.0004963936038838906
0.00037989030312045844
0.00020855550268877128
9.459878746908815e-5
5.501654866749619e-6
0.0
0.0
0.0
0.0
0.0
0.0
1.6005253683172114e-6
1.3279513956403895e-6
0.0
0.0
0.0
0.0
0.0
0.0
0.0
0.0
0.0
0.0
0.0005339947816690742
0.0005696766778731579
0.0004412789076946189
0.00023986793973561582
0.000126566308646536
2.3154347444889054e-5
0.0
0.0
0.0
0.0
0.0
0.0
0.0
0.0
2.787785870514808e-6
4.892757354162804e-7
0.0
0.0
0.0
0.0
0.0
0.0
0.0
0.0
0.0005158758851772811
0.000578570008147096
0.00044732163110602945
0.00023099458057173884
0.00010285768658864628
1.162128986752637e-5
0.0
0.0
0.0
0.0
0.0
0.0
1.4588409445616e-6
1.3035134490557715e-6
1.2803639622224827e-6
0.0
0.0
0.0
0.0
0.0
0.0
0.0
0.0
0.0
0.0005750807385983196
0.0006056595320868435
0.0005002996147497623
0.00029121254617056266
8.844560948920528e-5
0.0
0.0
0.0
0.0
0.0
0.0
0.0
2.553658614522206e-6
3.839175657341081e-6
0.0
0.0
0.0
0.0
0.0
0.0
0.0
0.0
0.0
0.0
0.00048408455637179566
0.000574318809214105
0.00043129123760000774
0.00033526334399051926
0.00018520889894231205
0.00010060865065951393
3.4284277886205724e-5
0.0
0.0
0.0
0.0
0.0
1.6845459787942095e-6
0.0
3.4250898603524516e-5
3.5282630607480927e-6
0.0
0.0
0.0
0.0
0.0
0.0
0.0
0.0
0.000541533798511498
0.0005960501877527221
0.00046250629338129116
0.0002489168101266588
0.00011465267985287338
2.99783168865659e-5
0.0
0.0
0.0
0.0
0.0
0.0
1.346507451123771e-6
0.0
0.0
0.0
0.0
0.0
0.0
0.0
0.0
0.0
0.0
0.0
0.0004918564515452066
0.0005546532133675891
0.00043251554901893016
0.00023988624439316315
9.972912461011881e-5
5.165206995542194e-6
0.0
0.0
0.0
0.0
0.0
0.0
1.3254966306650785e-6
0.0
2.704198513320921e-6
0.0
0.0
0.0
0.0
0.0
0.0
0.0
0.0
0.0
0.0003685550660218919
0.0004493374409863556
0.00031734740045630104
0.00013193380587308052
2.300187445824992e-5
0.0
0.0
0.0
0.0
0.0
0.0
0.0
0.0
0.0
0.0
1.7525450779229655e-6
0.0
0.0
0.0
0.0
0.0
0.0
0.0
0.0
0.0003282307848290435
0.0003739031928216388
0.00023319462464912202
7.627867164698855e-5
2.208924536053964e-6
0.0
0.0
0.0
0.0
0.0
0.0
0.0
0.0
2.946816165017095e-6
3.729272100247078e-6
0.0
0.0
0.0
0.0
0.0
0.0
0.0
0.0
0.0
0.00010880381970236337
0.0002507910418277412
0.000215734935147016
9.158760387434498e-5
2.5584392685707628e-5
0.0
0.0
0.0
0.0
0.0
0.0
0.0
1.549028991973842e-6
3.3592894003924124e-6
4.742445548310233e-6
0.0
0.0
0.0
0.0
0.0
0.0
0.0
0.0
0.0
0.0003625076551949139
0.0003949982714394958
0.000297320788314464
0.00012443658867026982
5.1115590433006e-6
0.0
0.0
0.0
0.0
0.0
0.0
0.0
0.0
0.0
3.0972894339850003e-6
0.0
0.0
0.0
0.0
0.0
0.0
0.0
0.0
0.0
0.0003010032353392077
0.0003515997808426907
0.0002583854601496231
0.00017695145321889948
3.8841361835298285e-5
0.0
0.0
0.0
0.0
0.0
0.0
0.0
0.0
0.0
1.2738917579787259e-6
0.0
0.0
0.0
0.0
0.0
0.0
0.0
0.0
0.0
0.00015997341138529206
0.0002089967161461657
0.00012942950295260212
1.389519055492467e-5
0.0
0.0
0.0
0.0
0.0
0.0
0.0
0.0
0.0
2.9012782800511117e-6
3.601020269294059e-6
0.0
0.0
0.0
0.0
0.0
0.0
0.0
0.0
0.0
0.00027931677449519665
0.0003428289034880939
0.00025199949733361145
9.207357557525587e-5
4.060221689046049e-6
0.0
0.0
0.0
0.0
0.0
0.0
0.0
2.954576549239223e-6
3.7857201781714866e-6
3.8074571868728055e-6
0.0
0.0
0.0
0.0
0.0
0.0
0.0
0.0
0.0
0.0004558886901565195
0.0004258601745926929
0.0002934130845784926
0.0001190143345143708
1.6223565942176573e-5
0.0
0.0
0.0
0.0
0.0
0.0
0.0
4.770862770987245e-6
6.318179259038608e-6
6.346103962381919e-6
0.0
0.0
0.0
0.0
0.0
0.0
0.0
0.0
0.0
0.0005772080144117384
0.0005497405909022227
0.0004230882838502356
0.00021890841589245012
6.703357699397809e-5
0.0
0.0
0.0
0.0
0.0
0.0
0.0
0.0
1.3642405744354107e-6
3.0024990512291335e-6
0.0
0.0
0.0
0.0
0.0
0.0
0.0
0.0
0.0
0.0004434826849375749
0.00041378921299039406
0.0002764816460959328
0.00010651886618946352
9.684553026402932e-6
0.0
0.0
0.0
0.0
0.0
0.0
0.0
0.0
3.552576494719005e-6
5.342134340813048e-6
0.0
0.0
0.0
0.0
0.0
0.0
0.0
0.0
0.0
0.00034849551855903983
0.0003869858249423943
0.0003064441850549401
0.00014625499999442728
1.3722184231557398e-5
0.0
0.0
0.0
0.0
0.0
0.0
0.0
0.0
5.315203328627634e-6
5.9132110180669185e-6
0.0
0.0
0.0
0.0
0.0
0.0
0.0
0.0
0.0
0.0005580915806149898
0.000510564748261837
0.0003371831584075033
0.0002539762817132912
0.00011429015132135179
2.5231967135873387e-5
0.0
0.0
0.0
0.0
0.0
0.0
3.7196561038478447e-6
3.123545071325701e-6
3.1390489344646084e-6
0.0
0.0
0.0
0.0
0.0
0.0
0.0
0.0
0.0
0.00047346393300639505
0.00045949066804478145
0.00033472219475524294
0.0001531778270352941
3.3799877310291017e-5
0.0
0.0
0.0
0.0
0.0
0.0
0.0
0.0
1.2739118022001872e-6
1.2711402932942022e-6
0.0
0.0
0.0
0.0
0.0
0.0
0.0
0.0
0.0
0.0003574212482961709
0.000373053458205571
0.0002574405796246828
9.80740316583008e-5
9.321618889405306e-6
0.0
0.0
0.0
0.0
0.0
0.0
0.0
3.5963203390046214e-6
3.8100008514114075e-6
3.662111249640982e-6
0.0
0.0
0.0
0.0
0.0
0.0
0.0
0.0
0.0
0.0005742861655588355
0.0005104484057008734
0.00035567900246115267
0.0001665936519819713
4.220299290707819e-5
0.0
0.0
0.0
0.0
0.0
0.0
0.0
3.214613914196209e-6
3.196937300147962e-6
3.29131202022359e-6
0.0
0.0
0.0
0.0
0.0
0.0
0.0
0.0
0.0
0.0004685983964273172
0.00042476328815573033
0.0002765723006252721
0.00010480570065755392
1.1337180623790427e-5
0.0
0.0
0.0
0.0
0.0
0.0
0.0
0.0
2.8959196696614766e-6
3.440978544858563e-6
0.0
0.0
0.0
0.0
0.0
0.0
0.0
0.0
0.0
0.0004182850604099391
0.00041542084195938
0.00029594447468783014
9.840679946328312e-5
0.0
0.0
0.0
0.0
0.0
0.0
0.0
0.0
0.0
0.0
2.712164573559093e-6
0.0
0.0
0.0
0.0
0.0
0.0
0.0
0.0
0.0
1.1254238411339527e-5
4.719856506175462e-5
2.1387000584804137e-6
0.0
0.0
0.0
0.0
0.0
0.0
0.0
0.0
0.0
0.0
0.0
2.1106293048797337e-6
0.0
0.0
0.0
0.0
0.0
0.0
0.0
0.0
0.0
0.00012483577574522883
0.0001626685487075863
0.0001111429497375825
6.131205746462037e-5
0.0
0.0
0.0
0.0
0.0
0.0
0.0
0.0
0.0
3.072411240768144e-6
5.099127285127108e-6
0.0
0.0
0.0
0.0
0.0
0.0
0.0
0.0
0.0
0.00016150499529922336
0.00021393467999763775
0.0001236470769867944
1.0551880215451944e-5
0.0
0.0
0.0
0.0
0.0
0.0
0.0
0.0
0.0
0.0
0.0
0.0
0.0
0.0
0.0
0.0
0.0
0.0
0.0
0.0
0.00010144113478694252
0.00015773503363607151
8.619722147330095e-5
2.635769817453879e-6
0.0
0.0
0.0
0.0
0.0
0.0
0.0
0.0
2.987291949213014e-6
1.6474142720225728e-6
1.4228399494599032e-6
0.0
0.0
0.0
0.0
0.0
0.0
0.0
0.0
0.0
0.00037603540979592434
0.00043715522108734054
0.00036325953897526795
0.0002334091541632762
0.00015509041853335409
8.280978770197683e-5
3.6047993215312216e-5
2.9069294803144532e-6
0.0
0.0
0.0
0.0
3.176054949091951e-6
3.201113994567458e-5
6.344329349837615e-5
1.4076032002836201e-5
0.0
0.0
0.0
0.0
0.0
0.0
0.0
0.0
0.000502998851477003
0.0004986909589424089
0.0003952257219801369
0.0002637888059427734
0.000185599366654209
9.733958097936714e-5
4.0447970884130755e-5
2.5816424659630474e-6
0.0
0.0
0.0
0.0
1.3613323959521051e-6
3.8222211801890745e-6
5.332603241371652e-5
2.3667726153167804e-5
0.0
0.0
0.0
0.0
0.0
0.0
0.0
0.0
0.0006512656721013193
0.0006042752642323204
0.0004835807268019777
0.0002979459323129003
0.0001686430377366595
5.161056153313785e-5
0.0
0.0
0.0
0.0
0.0
0.0
3.2529676010104407e-6
3.3900748124491503e-6
3.625313417288481e-6
4.695996263453888e-7
0.0
0.0
0.0
0.0
0.0
0.0
0.0
0.0
0.0008149693329868469
0.0006733373845000142
0.00050556824274753
0.0003164209829969417
0.00015449552851970333
3.288183475206908e-5
0.0
0.0
0.0
0.0
0.0
0.0
2.9413893777594233e-6
6.86882615747595e-6
1.2289795983930333e-5
3.26340145954952e-6
0.0
0.0
0.0
0.0
0.0
0.0
0.0
0.0
0.0008278011835493955
0.0006907455987023312
0.00045532501354418777
0.0003391928627060631
0.00017403090847841144
5.62878784372698e-5
0.0
0.0
0.0
0.0
0.0
0.0
3.4507075890291428e-6
2.7238731868738418e-6
1.3036552695749363e-6
0.0
0.0
0.0
0.0
0.0
0.0
0.0
0.0
0.0
0.0005283671066071773
0.0004931932853082128
0.0003582231546040523
0.0001627617178791628
3.181042204259467e-5
0.0
0.0
0.0
0.0
0.0
0.0
0.0
0.0
0.0
3.1887960425742355e-6
0.0
0.0
0.0
0.0
0.0
0.0
0.0
0.0
0.0
0.000343372671671205
0.00032257914716456567
0.00017477094996661712
3.138166389206833e-5
0.0
0.0
0.0
0.0
0.0
0.0
0.0
0.0
0.0
0.0
3.336395194197931e-6
0.0
0.0
0.0
0.0
0.0
0.0
0.0
0.0
0.0
0.0003237390830208499
0.0003179880121949956
0.00018218888565452992
3.5098065615456856e-5
0.0
0.0
0.0
0.0
0.0
0.0
0.0
0.0
0.0
0.0
0.0
0.0
0.0
0.0
0.0
0.0
0.0
0.0
0.0
0.0
0.0002462494183857524
0.00027035906115251655
0.00016814570396852087
3.1582286145940496e-5
0.0
0.0
0.0
0.0
0.0
0.0
0.0
0.0
0.0
0.0
0.0
0.0
0.0
0.0
0.0
0.0
0.0
0.0
0.0
0.0
0.00027141859906938817
0.0002765510697570458
0.00015044581748931035
1.7750634379057224e-5
0.0
0.0
0.0
0.0
0.0
0.0
0.0
0.0
0.0
0.0
2.9488441699764453e-6
0.0
0.0
0.0
0.0
0.0
0.0
0.0
0.0
0.0
0.0001708162676718926
0.0002064057689053863
0.00013401493318584236
1.792571595489507e-5
0.0
0.0
0.0
0.0
0.0
0.0
0.0
0.0
0.0
2.6797520078283942e-6
2.7140005528882145e-6
0.0
0.0
0.0
0.0
0.0
0.0
0.0
0.0
0.0
0.00026170714969340206
0.00030234788393103336
0.00022122676922746055
0.00016432401238294388
5.515478881416622e-5
0.0
0.0
0.0
0.0
0.0
0.0
0.0
0.0
3.2848811921582173e-6
7.3061240149081975e-6
0.0
0.0
0.0
0.0
0.0
0.0
0.0
0.0
0.0
0.00010374132900483281
0.00012731378449183498
2.175754153114122e-5
0.0
0.0
0.0
0.0
0.0
0.0
0.0
0.0
0.0
0.0
0.0
0.0
0.0
0.0
0.0
0.0
0.0
0.0
0.0
0.0
0.0
1.1337493199396474e-5
4.389644314084167e-5
0.0
0.0
0.0
0.0
0.0
0.0
0.0
0.0
0.0
0.0
0.0
0.0
0.0
0.0
0.0
0.0
0.0
0.0
0.0
0.0
0.0
0.0
3.416431220694886e-5
0.0001068704284008922
4.161469281384914e-5
0.0
0.0
0.0
0.0
0.0
0.0
0.0
0.0
0.0
0.0
0.0
0.0
0.0
0.0
0.0
0.0
0.0
0.0
0.0
0.0
0.0
1.2370078042961388e-5
8.878742325074816e-5
3.371701143589004e-5
0.0
0.0
0.0
0.0
0.0
0.0
0.0
0.0
0.0
0.0
0.0
0.0
0.0
0.0
0.0
0.0
0.0
0.0
0.0
0.0
0.0
1.9813742207724976e-5
7.261908830199274e-5
3.6090147981366253e-6
0.0
0.0
0.0
0.0
0.0
0.0
0.0
0.0
0.0
0.0
0.0
0.0
0.0
0.0
0.0
0.0
0.0
0.0
0.0
0.0
0.0
0.00020082820673670735
0.0002253081094193347
0.00014065905060105978
3.250159187419304e-5
0.0
0.0
0.0
0.0
0.0
0.0
0.0
0.0
0.0
3.28850158973263e-6
0.0
0.0
0.0
0.0
0.0
0.0
0.0
0.0
0.0
0.0
0.00044678664545423033
0.00036529796825553185
0.000207946393287649
0.00014064607751925596
4.7484502626644225e-5
0.0
0.0
0.0
0.0
0.0
0.0
0.0
3.113446495818732e-6
0.0
0.0
0.0
0.0
0.0
0.0
0.0
0.0
0.0
0.0
0.0
0.0002535075920169071
0.00025205677085484053
0.00013129782881226331
8.40609266278133e-6
0.0
0.0
0.0
0.0
0.0
0.0
0.0
0.0
0.0
0.0
0.0
0.0
0.0
0.0
0.0
0.0
0.0
0.0
0.0
0.0
0.00017088624639475538
0.0002012791916789527
0.00011397793766547618
6.5901833702685734e-6
0.0
0.0
0.0
0.0
0.0
0.0
0.0
0.0
0.0
0.0
0.0
0.0
0.0
0.0
0.0
0.0
0.0
0.0
0.0
0.0
6.63264923215391e-5
0.0001260327887320867
5.275377050513422e-5
0.0
0.0
0.0
0.0
0.0
0.0
0.0
0.0
0.0
0.0
0.0
0.0
0.0
0.0
0.0
0.0
0.0
0.0
0.0
0.0
0.0
0.00015240756704570243
0.0001761844022348826
8.100261692576333e-5
0.0
0.0
0.0
0.0
0.0
0.0
0.0
0.0
0.0
0.0
0.0
0.0
0.0
0.0
0.0
0.0
0.0
0.0
0.0
0.0
0.0
0.0001720191706106273
0.00022114775315568605
0.0001320195523853878
1.6478741388301523e-5
0.0
0.0
0.0
0.0
0.0
0.0
0.0
0.0
1.5758913895976377e-6
1.3361229281575028e-6
1.2830328100500343e-6
0.0
0.0
0.0
0.0
0.0
0.0
0.0
0.0
0.0
0.0003985765494388078
0.0003960752734277769
0.0002899090008078933
0.00014932654317184377
4.0190812159676594e-5
0.0
0.0
0.0
0.0
0.0
0.0
0.0
2.313761146554304e-6
1.7358509251215572e-6
0.0
0.0
0.0
0.0
0.0
0.0
0.0
0.0
0.0
0.0
0.00036124177380365667
0.00034895907846714476
0.00022529645760675408
0.00015785331754841333
6.080317763223032e-5
4.023228786704615e-6
0.0
0.0
0.0
0.0
0.0
0.0
3.372584554485757e-6
2.9595426352445346e-6
3.0994934073614726e-6
0.0
0.0
0.0
0.0
0.0
0.0
0.0
0.0
0.0
0.00036819359984775524
0.0003455143572541811
0.00019809930130580965
5.8168840549640344e-5
0.0
0.0
0.0
0.0
0.0
0.0
0.0
0.0
0.0
0.0
0.0
0.0
0.0
0.0
0.0
0.0
0.0
0.0
0.0
0.0
0.0003405601402510495
0.00032110432460213505
0.0001776065844917336
3.6314400180948835e-5
0.0
0.0
0.0
0.0
0.0
0.0
0.0
0.0
0.0
0.0
0.0
0.0
0.0
0.0
0.0
0.0
0.0
0.0
0.0
0.0
0.00016999320039028342
0.00020406025205321507
0.00012138083921247438
6.968857361332103e-6
0.0
0.0
0.0
0.0
0.0
0.0
0.0
0.0
0.0
0.0
0.0
0.0
0.0
0.0
0.0
0.0
0.0
0.0
0.0
0.0
0.00025053074175012785
0.0002238675181993388
9.626154750620833e-5
0.0
0.0
0.0
0.0
0.0
0.0
0.0
0.0
0.0
0.0
0.0
0.0
0.0
0.0
0.0
0.0
0.0
0.0
0.0
0.0
0.0
9.488575658709275e-5
0.00011896117697000568
1.999249126585374e-5
0.0
0.0
0.0
0.0
0.0
0.0
0.0
0.0
0.0
0.0
0.0
0.0
0.0
0.0
0.0
0.0
0.0
0.0
0.0
0.0
0.0
3.6928492933089816e-5
7.503881452181066e-5
3.612241071649278e-6
0.0
0.0
0.0
0.0
0.0
0.0
0.0
0.0
0.0
0.0
0.0
0.0
0.0
0.0
0.0
0.0
0.0
0.0
0.0
0.0
0.0
3.509266787877033e-5
6.859898637484333e-5
2.7049699224267596e-5
0.0
0.0
0.0
0.0
0.0
0.0
0.0
0.0
0.0
0.0
0.0
0.0
0.0
0.0
0.0
0.0
0.0
0.0
0.0
0.0
0.0
8.25536956338579e-6
4.310137178380251e-6
0.0
0.0
0.0
0.0
0.0
0.0
0.0
0.0
0.0
0.0
0.0
0.0
0.0
0.0
0.0
0.0
0.0
0.0
0.0
0.0
0.0
0.0
9.836515842666737e-5
0.00015666151935402249
8.68093337545905e-5
2.028430724076712e-6
0.0
0.0
0.0
0.0
0.0
0.0
0.0
0.0
0.0
0.0
0.0
0.0
0.0
0.0
0.0
0.0
0.0
0.0
0.0
0.0
0.00022782988060294286
0.0002217836606144503
0.00010843376313367444
3.08515968438319e-6
0.0
0.0
0.0
0.0
0.0
0.0
0.0
0.0
0.0
0.0
1.3273372130879527e-6
0.0
0.0
0.0
0.0
0.0
0.0
0.0
0.0
0.0
0.00020976141830460088
0.00018949226484424352
6.128925729430874e-5
0.0
0.0
0.0
0.0
0.0
0.0
0.0
0.0
0.0
0.0
0.0
0.0
0.0
0.0
0.0
0.0
0.0
0.0
0.0
0.0
0.0
0.00011593682154742854
0.00012352597272908094
1.5890379832755426e-5
0.0
0.0
0.0
0.0
0.0
0.0
0.0
0.0
0.0
0.0
0.0
0.0
0.0
0.0
0.0
0.0
0.0
0.0
0.0
0.0
0.0
2.9090474308175256e-5
6.511174455612747e-5
0.0
0.0
0.0
0.0
0.0
0.0
0.0
0.0
0.0
0.0
0.0
0.0
0.0
0.0
0.0
0.0
0.0
0.0
0.0
0.0
0.0
0.0
4.002949402912261e-6
1.4528244865669109e-6
0.0
0.0
0.0
0.0
0.0
0.0
0.0
0.0
0.0
0.0
0.0
0.0
0.0
0.0
0.0
0.0
0.0
0.0
0.0
0.0
0.0
0.0
4.066110517931749e-6
3.4546237924040485e-6
0.0
0.0
0.0
0.0
0.0
0.0
0.0
0.0
0.0
0.0
0.0
0.0
0.0
0.0
0.0
0.0
0.0
0.0
0.0
0.0
0.0
0.0
9.861477185966379e-6
3.2015759816056412e-6
0.0
0.0
0.0
0.0
0.0
0.0
0.0
0.0
0.0
0.0
0.0
0.0
0.0
0.0
0.0
0.0
0.0
0.0
0.0
0.0
0.0
0.0
5.280793136211751e-6
3.659205644678962e-6
0.0
0.0
0.0
0.0
0.0
0.0
0.0
0.0
0.0
0.0
0.0
0.0
0.0
0.0
0.0
0.0
0.0
0.0
0.0
0.0
0.0
0.0
0.0
3.3824646068414506e-5
0.0
0.0
0.0
0.0
0.0
0.0
0.0
0.0
0.0
0.0
0.0
0.0
0.0
0.0
0.0
0.0
0.0
0.0
0.0
0.0
0.0
0.0
1.2331526079979626e-5
8.359246740780698e-5
3.666856967163279e-6
0.0
0.0
0.0
0.0
0.0
0.0
0.0
0.0
0.0
0.0
0.0
0.0
0.0
0.0
0.0
0.0
0.0
0.0
0.0
0.0
0.0
2.7175034994353552e-5
9.751693419464451e-5
1.3859756490964913e-5
0.0
0.0
0.0
0.0
0.0
0.0
0.0
0.0
0.0
0.0
0.0
0.0
0.0
0.0
0.0
0.0
0.0
0.0
0.0
0.0
0.0
6.395965493732033e-5
0.00010447925796350204
5.2367481801876284e-5
3.3375487078513456e-6
0.0
0.0
0.0
0.0
0.0
0.0
0.0
0.0
0.0
0.0
0.0
0.0
0.0
0.0
0.0
0.0
0.0
0.0
0.0
0.0
3.183436928203349e-6
3.1539744454860577e-6
0.0
0.0
0.0
0.0
0.0
0.0
0.0
0.0
0.0
0.0
0.0
0.0
0.0
0.0
0.0
0.0
0.0
0.0
0.0
0.0
0.0
0.0
0.0
2.700292255046071e-6
0.0
0.0
0.0
0.0
0.0
0.0
0.0
0.0
0.0
0.0
0.0
0.0
0.0
0.0
0.0
0.0
0.0
0.0
0.0
0.0
0.0
0.0
0.0
1.2407577075054767e-6
0.0
0.0
0.0
0.0
0.0
0.0
0.0
0.0
0.0
0.0
0.0
0.0
0.0
0.0
0.0
0.0
0.0
0.0
0.0
0.0
0.0
0.0
0.0
2.764354529485809e-6
0.0
0.0
0.0
0.0
0.0
0.0
0.0
0.0
0.0
0.0
0.0
0.0
0.0
0.0
0.0
0.0
0.0
0.0
0.0
0.0
0.0
0.0
0.0
2.737813868813907e-6
0.0
0.0
0.0
0.0
0.0
0.0
0.0
0.0
0.0
0.0
0.0
0.0
0.0
0.0
0.0
0.0
0.0
0.0
0.0
0.0
0.0
0.0
0.0
3.0252967143071445e-6
0.0
0.0
0.0
0.0
0.0
0.0
0.0
0.0
0.0
0.0
0.0
0.0
0.0
0.0
0.0
0.0
0.0
0.0
0.0
0.0
0.0
0.0
0.0
2.8268387391952743e-6
0.0
0.0
0.0
0.0
0.0
0.0
0.0
0.0
0.0
0.0
0.0
0.0
0.0
0.0
0.0
0.0
0.0
0.0
0.0
0.0
0.0
0.0
0.0
3.076500530021368e-6
0.0
0.0
0.0
0.0
0.0
0.0
0.0
0.0
0.0
0.0
0.0
0.0
0.0
0.0
0.0
0.0
0.0
0.0
0.0
0.0
0.0
0.0
0.0
4.4220326029307466e-6
0.0
0.0
0.0
0.0
1.489118529707088e-6
1.3462301444571492e-6
0.0
0.0
0.0
0.0
0.0
0.0
0.0
0.0
0.0
0.0
0.0
0.0
0.0
0.0
0.0
0.0
2.363005733690694e-5
6.607543294975993e-5
0.0
0.0
0.0
0.0
0.0
0.0
0.0
0.0
0.0
0.0
0.0
0.0
0.0
0.0
0.0
0.0
0.0
0.0
0.0
0.0
0.0
0.0
5.839383381612289e-5
9.498926179025567e-5
2.6319554709320056e-6
0.0
0.0
0.0
0.0
0.0
0.0
0.0
0.0
0.0
0.0
0.0
0.0
0.0
0.0
0.0
0.0
0.0
0.0
0.0
0.0
0.0
0.00018193005453116814
0.00017520308113595917
4.650308496218352e-5
0.0
0.0
0.0
0.0
0.0
0.0
0.0
0.0
0.0
0.0
0.0
0.0
0.0
0.0
0.0
0.0
0.0
0.0
0.0
0.0
0.0
8.182111715266618e-5
0.0001237670290088417
1.8649584694484998e-5
0.0
0.0
0.0
0.0
0.0
0.0
0.0
0.0
0.0
0.0
0.0
0.0
0.0
0.0
0.0
0.0
0.0
0.0
0.0
0.0
0.0
6.766012110497152e-5
8.36163650094792e-5
1.3044053272274786e-5
0.0
0.0
0.0
0.0
0.0
0.0
0.0
0.0
0.0
0.0
0.0
0.0
0.0
0.0
0.0
0.0
0.0
0.0
0.0
0.0
0.0
0.0
2.72561959596443e-6
0.0
0.0
0.0
0.0
0.0
0.0
0.0
0.0
0.0
0.0
0.0
0.0
0.0
0.0
0.0
0.0
0.0
0.0
0.0
0.0
0.0
0.0
0.0
2.4000785584902984e-5
0.0
7.819771356891878e-7
0.0
0.0
0.0
0.0
0.0
0.0
0.0
0.0
0.0
0.0
0.0
0.0
0.0
0.0
0.0
0.0
0.0
0.0
0.0
0.0
1.4908406219459904e-6
2.5450493455309253e-6
0.0
0.0
0.0
0.0
0.0
0.0
0.0
0.0
0.0
0.0
0.0
0.0
0.0
0.0
0.0
0.0
0.0
0.0
0.0
0.0
0.0
0.0
0.0
2.9588013831290247e-6
0.0
0.0
0.0
0.0
0.0
0.0
0.0
0.0
0.0
0.0
0.0
0.0
0.0
0.0
0.0
0.0
0.0
0.0
0.0
0.0
0.0
0.0
0.0
3.05166036350595e-6
0.0
0.0
0.0
0.0
0.0
0.0
0.0
0.0
0.0
0.0
0.0
0.0
0.0
0.0
0.0
0.0
0.0
0.0
0.0
0.0
0.0
0.0
0.0
1.3032392393880597e-6
0.0
0.0
0.0
0.0
0.0
0.0
0.0
0.0
0.0
0.0
0.0
0.0
0.0
0.0
0.0
0.0
0.0
0.0
0.0
0.0
0.0
0.0
0.0
2.965731879848211e-6
0.0
0.0
0.0
0.0
0.0
0.0
0.0
0.0
0.0
0.0
0.0
0.0
0.0
0.0
0.0
0.0
0.0
0.0
0.0
0.0
0.0
0.0
0.0
2.9503241104343678e-6
0.0
0.0
0.0
0.0
0.0
0.0
0.0
0.0
0.0
0.0
0.0
0.0
0.0
0.0
0.0
0.0
0.0
0.0
0.0
0.0
0.0
0.0
0.0
3.0646258105299666e-6
0.0
0.0
0.0
0.0
0.0
0.0
0.0
0.0
0.0
0.0
0.0
0.0
0.0
0.0
0.0
0.0
0.0
0.0
0.0
0.0
0.0
0.0
0.0
2.6885077394253393e-6
0.0
0.0
0.0
0.0
0.0
0.0
0.0
0.0
0.0
0.0
0.0
0.0
0.0
0.0
0.0
0.0
0.0
0.0
0.0
0.0
0.0
0.0
0.0
0.0
0.0
0.0
0.0
0.0
0.0
0.0
0.0
0.0
0.0
0.0
0.0
0.0
0.0
0.0
0.0
0.0
0.0
0.0
0.0
0.0
0.0
0.0
0.0
0.0
0.0
0.0
0.0
0.0
0.0
0.0
0.0
0.0
0.0
0.0
0.0
0.0
0.0
0.0
0.0
0.0
0.0
0.0
0.0
0.0
0.0
0.0
0.0
3.6715171550704223e-6
0.0
0.0
0.0
0.0
0.0
0.0
0.0
0.0
0.0
0.0
0.0
0.0
0.0
0.0
0.0
0.0
0.0
0.0
0.0
0.0
0.0
0.0
0.0
0.0
0.0
0.0
0.0
0.0
0.0
0.0
0.0
0.0
0.0
0.0
0.0
0.0
0.0
0.0
0.0
0.0
0.0
0.0
0.0
0.0
0.0
0.0
0.0
5.737431643630528e-6
0.0
0.0
0.0
0.0
0.0
0.0
0.0
0.0
0.0
0.0
0.0
0.0
0.0
0.0
0.0
0.0
0.0
0.0
0.0
0.0
0.0
0.0
1.0209028700947352e-5
5.2493215453949976e-5
1.5744350875176072e-6
0.0
0.0
0.0
0.0
0.0
0.0
0.0
0.0
0.0
0.0
0.0
0.0
0.0
0.0
0.0
0.0
0.0
0.0
0.0
0.0
0.0
5.5534195638811235e-6
2.5688865094205237e-5
0.0
7.463148533241232e-7
0.0
0.0
0.0
0.0
0.0
0.0
0.0
0.0
0.0
0.0
0.0
0.0
0.0
0.0
0.0
0.0
0.0
0.0
0.0
0.0
9.756097026324683e-6
4.203251840225306e-5
0.0
6.714460277694552e-7
0.0
0.0
0.0
0.0
0.0
0.0
0.0
0.0
0.0
0.0
0.0
0.0
0.0
0.0
0.0
0.0
0.0
0.0
0.0
0.0
0.0
3.2579874102473898e-6
0.0
0.0
0.0
0.0
0.0
0.0
0.0
0.0
0.0
0.0
0.0
0.0
0.0
0.0
0.0
0.0
0.0
0.0
0.0
0.0
0.0
0.0
0.0
2.8867611312928927e-6
0.0
0.0
0.0
0.0
0.0
0.0
0.0
0.0
0.0
0.0
0.0
0.0
0.0
0.0
0.0
0.0
0.0
0.0
0.0
0.0
0.0
0.0
0.0
0.0
0.0
0.0
0.0
0.0
0.0
0.0
0.0
0.0
0.0
0.0
0.0
0.0
0.0
0.0
0.0
0.0
0.0
0.0
0.0
0.0
0.0
0.0
0.0
9.528111099673746e-7
0.0
0.0
0.0
0.0
0.0
0.0
0.0
0.0
0.0
0.0
0.0
0.0
0.0
0.0
0.0
0.0
0.0
0.0
0.0
0.0
0.0
0.0
0.0
2.9979891696376637e-6
0.0
0.0
0.0
0.0
0.0
0.0
0.0
0.0
0.0
0.0
0.0
0.0
0.0
0.0
0.0
0.0
0.0
0.0
0.0
0.0
0.0
0.0
0.0
0.0
0.0
0.0
0.0
0.0
0.0
0.0
0.0
0.0
0.0
0.0
0.0
0.0
0.0
0.0
0.0
0.0
0.0
0.0
0.0
0.0
0.0
0.0
0.0
1.1754602744495654e-6
0.0
0.0
0.0
0.0
0.0
0.0
0.0
0.0
0.0
0.0
0.0
0.0
0.0
0.0
0.0
0.0
0.0
0.0
0.0
0.0
0.0
0.0
0.0
1.7417431746459646e-6
0.0
0.0
0.0
0.0
0.0
0.0
0.0
0.0
0.0
0.0
0.0
0.0
0.0
0.0
0.0
0.0
0.0
0.0
0.0
0.0
0.0
0.0
0.0
2.8647117224528876e-6
0.0
0.0
0.0
0.0
0.0
0.0
0.0
0.0
0.0
0.0
0.0
0.0
0.0
0.0
0.0
0.0
0.0
0.0
0.0
0.0
0.0
0.0
0.0
0.0
0.0
0.0
0.0
0.0
0.0
0.0
0.0
0.0
0.0
0.0
0.0
0.0
0.0
0.0
0.0
0.0
0.0
0.0
0.0
0.0
0.0
0.0
0.0
1.8005963086173228e-6
0.0
0.0
0.0
0.0
0.0
0.0
0.0
0.0
0.0
0.0
0.0
0.0
0.0
0.0
0.0
0.0
0.0
0.0
0.0
0.0
0.0
0.0
0.0
9.270841137686513e-7
0.0
0.0
0.0
0.0
0.0
0.0
0.0
0.0
0.0
0.0
0.0
0.0
0.0
0.0
0.0
0.0
0.0
0.0
0.0
0.0
0.0
0.0
0.0
1.7965838721182842e-6
0.0
0.0
0.0
0.0
0.0
0.0
0.0
0.0
0.0
0.0
0.0
0.0
0.0
0.0
0.0
0.0
0.0
0.0
0.0
0.0
0.0
0.0
0.0
9.337576682706102e-7
0.0
0.0
0.0
0.0
0.0
0.0
0.0
0.0
0.0
0.0
0.0
0.0
0.0
0.0
0.0
0.0
0.0
0.0
0.0
0.0
0.0
0.0
0.0
9.485923529021887e-7
0.0
0.0
0.0
0.0
0.0
0.0
0.0
0.0
0.0
0.0
0.0
0.0
0.0
0.0
0.0
0.0
0.0
0.0
0.0
0.0
0.0
0.0
0.0
1.0832480560397954e-6
0.0
0.0
0.0
0.0
0.0
0.0
0.0
0.0
0.0
0.0
0.0
0.0
0.0
0.0
0.0
0.0
0.0
0.0
0.0
0.0
0.0
0.0
9.541018166757344e-7
3.4419974974674376e-6
0.0
0.0
0.0
0.0
0.0
0.0
0.0
0.0
0.0
0.0
0.0
0.0
0.0
0.0
0.0
0.0
0.0
0.0
0.0
0.0
0.0
0.0
1.2000644490631692e-6
3.151320826275745e-6
0.0
0.0
0.0
0.0
0.0
0.0
0.0
0.0
0.0
0.0
0.0
0.0
0.0
0.0
0.0
0.0
0.0
0.0
0.0
0.0
0.0
0.0
0.0
3.5006020302575047e-6
0.0
0.0
0.0
0.0
0.0
0.0
0.0
0.0
0.0
0.0
0.0
0.0
0.0
0.0
0.0
0.0
0.0
0.0
0.0
0.0
0.0
0.0
0.0
0.0
0.0
0.0
0.0
0.0
0.0
0.0
0.0
0.0
0.0
0.0
0.0
0.0
0.0
0.0
0.0
0.0
0.0
0.0
0.0
0.0
0.0
0.0
0.0
0.0
0.0
0.0
0.0
0.0
0.0
0.0
0.0
0.0
0.0
0.0
0.0
0.0
0.0
0.0
0.0
0.0
0.0
0.0
0.0
0.0
0.0
0.0
0.0
1.0347271625850593e-6
0.0
0.0
0.0
0.0
0.0
0.0
0.0
0.0
0.0
0.0
0.0
0.0
0.0
0.0
0.0
0.0
0.0
0.0
0.0
0.0
0.0
0.0
0.0
4.907857519545809e-6
0.0
0.0
0.0
0.0
0.0
0.0
0.0
0.0
0.0
0.0
0.0
0.0
0.0
0.0
0.0
0.0
0.0
0.0
0.0
0.0
0.0
0.0
1.128443411171686e-6
2.8378613921093897e-6
1.9477264311127742e-6
0.0
0.0
0.0
0.0
0.0
0.0
0.0
0.0
0.0
0.0
0.0
0.0
0.0
0.0
0.0
0.0
0.0
0.0
0.0
0.0
0.0
0.0
3.642222175444936e-6
0.0
0.0
0.0
0.0
0.0
0.0
0.0
0.0
0.0
0.0
0.0
0.0
0.0
0.0
0.0
0.0
0.0
0.0
0.0
0.0
0.0
0.0
0.0
0.0
0.0
0.0
0.0
0.0
0.0
0.0
0.0
0.0
0.0
0.0
0.0
0.0
0.0
0.0
0.0
0.0
0.0
0.0
0.0
0.0
0.0
0.0
0.0
0.0
0.0
0.0
0.0
0.0
0.0
0.0
0.0
0.0
0.0
0.0
0.0
0.0
0.0
0.0
0.0
0.0
0.0
0.0
0.0
0.0
0.0
0.0
0.0
8.743848496937184e-7
0.0
0.0
0.0
0.0
0.0
0.0
0.0
0.0
0.0
0.0
0.0
0.0
0.0
0.0
0.0
0.0
0.0
0.0
0.0
0.0
0.0
0.0
0.0
0.0
0.0
0.0
0.0
0.0
0.0
0.0
0.0
0.0
0.0
0.0
0.0
0.0
0.0
0.0
0.0
0.0
0.0
0.0
0.0
0.0
0.0
0.0
0.0
8.038854365049935e-7
0.0
0.0
0.0
0.0
0.0
0.0
0.0
0.0
0.0
0.0
0.0
0.0
0.0
0.0
0.0
0.0
0.0
0.0
0.0
0.0
0.0
0.0
0.0
3.346469063900567e-6
0.0
0.0
0.0
0.0
0.0
0.0
0.0
0.0
0.0
0.0
0.0
0.0
0.0
0.0
0.0
0.0
0.0
0.0
0.0
0.0
0.0
0.0
0.0
1.1190174283769501e-6
0.0
0.0
0.0
0.0
0.0
0.0
0.0
0.0
0.0
0.0
0.0
0.0
0.0
0.0
0.0
0.0
0.0
0.0
0.0
0.0
0.0
0.0
0.0
3.2987405157322117e-6
0.0
0.0
0.0
0.0
0.0
0.0
0.0
0.0
0.0
0.0
0.0
0.0
0.0
0.0
0.0
0.0
0.0
0.0
0.0
0.0
0.0
0.0
0.0
2.9323550390877536e-6
0.0
0.0
0.0
0.0
0.0
0.0
0.0
0.0
0.0
0.0
0.0
0.0
0.0
0.0
0.0
0.0
0.0
0.0
0.0
0.0
0.0
0.0
0.0
2.9188690349954956e-6
0.0
0.0
0.0
0.0
0.0
0.0
0.0
0.0
0.0
0.0
0.0
0.0
0.0
0.0
0.0
0.0
0.0
0.0
0.0
0.0
0.0
0.0
0.0
1.493587143325046e-6
0.0
0.0
0.0
0.0
0.0
0.0
0.0
0.0
0.0
0.0
0.0
0.0
0.0
0.0
0.0
0.0
0.0
0.0
0.0
0.0
0.0
0.0
0.0
2.7542380621569984e-6
0.0
0.0
0.0
0.0
0.0
0.0
0.0
0.0
0.0
0.0
0.0
0.0
0.0
0.0
0.0
0.0
0.0
0.0
0.0
0.0
0.0
0.0
0.0
3.649043057704127e-6
0.0
0.0
0.0
0.0
0.0
0.0
0.0
0.0
0.0
0.0
0.0
0.0
0.0
0.0
0.0
0.0
0.0
0.0
0.0
0.0
0.0
0.0
1.1808286184036053e-6
2.9934397347787205e-6
0.0
0.0
0.0
0.0
0.0
0.0
0.0
0.0
0.0
0.0
0.0
0.0
0.0
0.0
0.0
0.0
0.0
0.0
0.0
0.0
0.0
0.0
0.0
3.2084008333264503e-6
0.0
0.0
0.0
0.0
0.0
0.0
0.0
0.0
0.0
0.0
0.0
0.0
0.0
0.0
0.0
0.0
0.0
0.0
0.0
0.0
0.0
0.0
0.0
3.1042150887798615e-6
0.0
0.0
0.0
0.0
0.0
0.0
0.0
0.0
0.0
0.0
0.0
0.0
0.0
0.0
0.0
0.0
0.0
0.0
0.0
0.0
0.0
0.0
1.1437934196549664e-6
2.985016323739954e-6
0.0
0.0
0.0
0.0
0.0
0.0
0.0
0.0
0.0
0.0
0.0
0.0
0.0
0.0
0.0
0.0
0.0
0.0
0.0
0.0
0.0
0.0
0.0
3.6982931564652684e-6
0.0
0.0
0.0
0.0
0.0
0.0
0.0
0.0
0.0
0.0
0.0
0.0
0.0
0.0
0.0
0.0
0.0
0.0
0.0
0.0
0.0
0.0
0.0
3.0808700250519346e-6
0.0
0.0
0.0
0.0
0.0
0.0
0.0
0.0
0.0
0.0
0.0
0.0
0.0
0.0
0.0
0.0
0.0
0.0
0.0
0.0
0.0
0.0
0.0
2.178972471131622e-6
2.3241946414860204e-6
0.0
0.0
0.0
0.0
0.0
0.0
0.0
0.0
0.0
0.0
0.0
0.0
0.0
0.0
0.0
0.0
0.0
0.0
0.0
0.0
0.0
1.2483434909810753e-6
3.135771532687612e-6
0.0
0.0
0.0
0.0
0.0
0.0
0.0
0.0
0.0
0.0
0.0
0.0
0.0
0.0
0.0
0.0
0.0
0.0
0.0
0.0
0.0
0.0
0.0
3.291855344181834e-6
0.0
0.0
0.0
0.0
0.0
0.0
0.0
0.0
0.0
0.0
0.0
0.0
0.0
0.0
0.0
0.0
0.0
0.0
0.0
0.0
0.0
0.0
0.0
3.130714436636593e-6
0.0
0.0
0.0
0.0
0.0
0.0
0.0
0.0
0.0
0.0
0.0
0.0
0.0
0.0
0.0
0.0
0.0
0.0
0.0
0.0
0.0
0.0
0.0
3.440054213998564e-6
0.0
0.0
0.0
0.0
0.0
0.0
0.0
0.0
0.0
0.0
0.0
0.0
0.0
0.0
0.0
0.0
0.0
0.0
0.0
0.0
0.0
0.0
0.0
3.2364170623945466e-6
0.0
0.0
0.0
0.0
0.0
0.0
0.0
0.0
0.0
0.0
0.0
0.0
0.0
0.0
0.0
0.0
0.0
0.0
0.0
0.0
0.0
0.0
0.0
3.484722841460042e-6
0.0
0.0
0.0
0.0
0.0
0.0
0.0
0.0
0.0
0.0
0.0
0.0
0.0
0.0
0.0
0.0
0.0
0.0
0.0
0.0
0.0
0.0
1.0569421336529e-6
4.3239993961908725e-6
1.5245604107377483e-6
0.0
0.0
0.0
0.0
0.0
0.0
0.0
0.0
0.0
0.0
0.0
0.0
0.0
0.0
0.0
0.0
0.0
0.0
0.0
0.0
0.0
0.0
3.5146416592168767e-6
0.0
0.0
0.0
0.0
0.0
0.0
0.0
0.0
0.0
0.0
0.0
0.0
0.0
0.0
0.0
0.0
0.0
0.0
0.0
0.0
0.0
0.0
0.0
2.673946828132636e-6
0.0
0.0
0.0
0.0
0.0
0.0
0.0
0.0
0.0
0.0
0.0
0.0
0.0
0.0
0.0
0.0
0.0
0.0
0.0
0.0
0.0
0.0
0.0
3.1702566769612773e-6
0.0
0.0
0.0
0.0
0.0
0.0
0.0
0.0
0.0
0.0
0.0
0.0
0.0
0.0
0.0
0.0
0.0
0.0
0.0
0.0
0.0
0.0
0.0
9.062267363971439e-7
0.0
0.0
0.0
0.0
0.0
0.0
0.0
0.0
0.0
0.0
0.0
0.0
0.0
0.0
0.0
0.0
0.0
0.0
0.0
0.0
0.0
0.0
0.0
5.333109003616962e-6
0.0
0.0
0.0
0.0
0.0
0.0
0.0
0.0
0.0
0.0
0.0
0.0
0.0
0.0
0.0
0.0
0.0
0.0
0.0
0.0
0.0
0.0
0.0
4.95467660966259e-6
0.0
0.0
0.0
0.0
0.0
0.0
0.0
0.0
0.0
0.0
0.0
0.0
0.0
0.0
0.0
0.0
0.0
0.0
0.0
0.0
0.0
0.0
0.0
3.2426582453368793e-6
0.0
0.0
0.0
0.0
0.0
0.0
0.0
0.0
0.0
0.0
0.0
0.0
0.0
0.0
0.0
0.0
0.0
0.0
0.0
0.0
0.0
0.0
0.0
5.292609499158383e-6
0.0
0.0
0.0
0.0
0.0
0.0
0.0
0.0
0.0
0.0
0.0
0.0
0.0
0.0
0.0
0.0
0.0
0.0
0.0
0.0
0.0
0.0
0.0
4.51902995078158e-6
0.0
0.0
0.0
0.0
0.0
0.0
0.0
0.0
0.0
0.0
0.0
0.0
0.0
0.0
0.0
0.0
0.0
0.0
0.0
0.0
0.0
0.0
0.0
4.221441743093802e-6
0.0
0.0
0.0
0.0
0.0
0.0
0.0
0.0
0.0
0.0
0.0
0.0
0.0
0.0
0.0
0.0
0.0
0.0
0.0
0.0
0.0
0.0
0.0
4.815064079152422e-6
0.0
0.0
0.0
0.0
0.0
0.0
0.0
0.0
0.0
0.0
0.0
0.0
0.0
0.0
0.0
0.0
0.0
0.0
0.0
0.0
0.0
0.0
0.0
3.7325875608945285e-6
0.0
0.0
0.0
0.0
0.0
0.0
0.0
0.0
0.0
0.0
0.0
0.0
0.0
0.0
0.0
0.0
0.0
0.0
0.0
0.0
0.0
0.0
0.0
3.6769102935372953e-6
0.0
0.0
0.0
0.0
0.0
0.0
0.0
0.0
0.0
0.0
0.0
0.0
0.0
0.0
0.0
0.0
0.0
0.0
0.0
0.0
0.0
0.0
0.0
3.6634019807198094e-6
0.0
0.0
0.0
0.0
0.0
0.0
0.0
0.0
0.0
0.0
0.0
0.0
0.0
0.0
0.0
0.0
0.0
0.0
0.0
0.0
0.0
0.0
1.2629186882413644e-6
7.562245088756599e-6
0.0
0.0
0.0
0.0
0.0
0.0
0.0
0.0
0.0
0.0
0.0
0.0
0.0
0.0
0.0
0.0
0.0
0.0
0.0
0.0
0.0
0.0
0.0
3.388207657444192e-6
0.0
0.0
0.0
0.0
0.0
0.0
0.0
0.0
0.0
0.0
0.0
0.0
0.0
0.0
0.0
0.0
0.0
0.0
0.0
0.0
0.0
0.0
0.0
3.394052759863699e-6
0.0
0.0
0.0
0.0
0.0
0.0
0.0
0.0
0.0
0.0
0.0
0.0
0.0
0.0
0.0
0.0
0.0
0.0
0.0
0.0
0.0
0.0
0.0
7.093846009213222e-6
0.0
0.0
0.0
0.0
0.0
0.0
0.0
0.0
0.0
0.0
0.0
0.0
0.0
0.0
0.0
0.0
0.0
0.0
0.0
0.0
0.0
0.0
0.0
4.472251074859329e-6
0.0
0.0
0.0
0.0
0.0
0.0
0.0
0.0
0.0
0.0
0.0
0.0
0.0
0.0
0.0
0.0
0.0
0.0
0.0
0.0
0.0
0.0
0.0
4.476571606697815e-6
0.0
0.0
0.0
0.0
0.0
0.0
0.0
0.0
0.0
0.0
0.0
0.0
0.0
0.0
0.0
0.0
0.0
0.0
0.0
0.0
0.0
0.0
0.0
6.916418586839532e-6
0.0
0.0
0.0
0.0
0.0
0.0
0.0
0.0
0.0
0.0
0.0
0.0
0.0
0.0
0.0
0.0
0.0
0.0
0.0
0.0
0.0
0.0
0.0
4.669115666940371e-6
0.0
0.0
0.0
0.0
0.0
0.0
0.0
0.0
0.0
0.0
0.0
0.0
0.0
0.0
0.0
0.0
0.0
0.0
0.0
0.0
0.0
0.0
0.0
7.066137414395344e-6
0.0
0.0
0.0
0.0
0.0
0.0
0.0
0.0
0.0
0.0
0.0
0.0
0.0
0.0
0.0
0.0
0.0
0.0
0.0
0.0
0.0
0.0
0.0
3.2236634805102996e-5
4.9621844017958e-7
0.0
0.0
0.0
0.0
0.0
0.0
0.0
0.0
0.0
0.0
0.0
0.0
0.0
0.0
0.0
0.0
0.0
0.0
0.0
0.0
0.0
7.162772793553016e-5
0.00016684456406839787
4.95673187152673e-5
0.0
0.0
0.0
0.0
0.0
0.0
0.0
0.0
0.0
0.0
0.0
0.0
0.0
0.0
0.0
0.0
0.0
0.0
0.0
0.0
0.0
0.00011262758979630525
0.00020072430559144586
7.348272336436008e-5
0.0
0.0
0.0
0.0
0.0
0.0
0.0
0.0
0.0
0.0
0.0
0.0
0.0
0.0
0.0
0.0
0.0
0.0
0.0
0.0
0.0
0.0
3.963703241337297e-5
0.0
0.0
0.0
0.0
0.0
0.0
0.0
0.0
0.0
0.0
0.0
0.0
0.0
0.0
0.0
0.0
0.0
0.0
0.0
0.0
0.0
0.0
0.0
2.5910308626743832e-5
0.0
0.0
0.0
0.0
0.0
0.0
0.0
0.0
0.0
0.0
0.0
0.0
0.0
0.0
0.0
0.0
0.0
0.0
0.0
0.0
0.0
0.0
0.0
4.953294221258461e-6
0.0
0.0
0.0
0.0
0.0
0.0
0.0
0.0
0.0
0.0
0.0
0.0
0.0
0.0
0.0
0.0
0.0
0.0
0.0
0.0
0.0
0.0
0.0
3.5357235644276934e-6
0.0
0.0
0.0
0.0
0.0
0.0
0.0
0.0
0.0
0.0
0.0
0.0
0.0
0.0
0.0
0.0
0.0
0.0
0.0
0.0
0.0
0.0
0.0
4.1391075289457046e-5
0.0
6.959426527839672e-7
0.0
0.0
0.0
0.0
0.0
0.0
0.0
0.0
0.0
0.0
0.0
0.0
0.0
0.0
0.0
0.0
0.0
0.0
0.0
0.0
0.0
2.478240315755652e-5
0.0
0.0
0.0
0.0
0.0
0.0
0.0
0.0
0.0
0.0
0.0
0.0
0.0
0.0
0.0
0.0
0.0
0.0
0.0
0.0
0.0
0.0
0.0
3.6720476942818295e-5
0.0
7.776388920778688e-7
0.0
0.0
0.0
0.0
0.0
0.0
0.0
0.0
0.0
0.0
0.0
0.0
0.0
0.0
0.0
0.0
0.0
0.0
0.0
0.0
2.1104357253885476e-6
9.527874033521759e-5
1.72543380031974e-5
0.0
0.0
0.0
0.0
0.0
0.0
0.0
0.0
0.0
0.0
0.0
0.0
0.0
0.0
0.0
0.0
0.0
0.0
0.0
0.0
0.0
8.612581135594995e-5
0.00017828226260253443
0.00014037771062219725
5.938070845700061e-5
0.0
0.0
0.0
0.0
0.0
0.0
0.0
0.0
0.0
0.0
2.9003498091362276e-6
0.0
0.0
0.0
0.0
0.0
0.0
0.0
0.0
0.0
0.00016316717401297875
0.00019998431508625654
0.00010970741295238267
1.9092423077117886e-6
0.0
0.0
0.0
0.0
0.0
0.0
0.0
0.0
0.0
0.0
0.0
0.0
0.0
0.0
0.0
0.0
0.0
0.0
0.0
0.0
0.0
5.520836273282921e-6
0.0
0.0
0.0
0.0
0.0
0.0
0.0
0.0
0.0
0.0
0.0
3.283666191817289e-6
3.722886828382538e-6
0.0
0.0
0.0
0.0
0.0
0.0
0.0
0.0
0.0
5.97663414484812e-5
0.00015380047657023962
8.620442035319667e-5
8.45774904781058e-7
0.0
0.0
0.0
0.0
0.0
0.0
0.0
0.0
0.0
1.3420476956830534e-6
0.0
0.0
0.0
0.0
0.0
0.0
0.0
0.0
0.0
0.0
0.00012024747788791152
0.00020442446536384135
0.00012037725403501789
6.316991620882884e-6
0.0
0.0
0.0
0.0
0.0
0.0
0.0
0.0
0.0
0.0
2.6414877684255453e-6
0.0
0.0
0.0
0.0
0.0
0.0
0.0
0.0
0.0
6.099765937658333e-5
0.00013255509982518565
6.155594749350949e-5
0.0
0.0
0.0
0.0
0.0
0.0
0.0
0.0
0.0
0.0
0.0
0.0
0.0
0.0
0.0
0.0
0.0
0.0
0.0
0.0
0.0
3.7376176164505024e-5
0.00012241831279115808
7.042601500668503e-5
0.0
0.0
0.0
0.0
0.0
0.0
0.0
0.0
0.0
0.0
0.0
0.0
0.0
0.0
0.0
0.0
0.0
0.0
0.0
0.0
0.0
7.45573541257265e-5
0.00013794682383017035
8.931357692843275e-5
2.8905007257948124e-5
0.0
0.0
0.0
0.0
0.0
0.0
0.0
0.0
0.0
0.0
0.0
0.0
0.0
0.0
0.0
0.0
0.0
0.0
0.0
0.0
0.0001860692710721359
0.00026881765828006514
0.00020122323318810744
0.00011771998256908202
4.868779068699026e-6
0.0
0.0
0.0
0.0
0.0
0.0
0.0
0.0
0.0
0.0
0.0
0.0
0.0
0.0
0.0
0.0
0.0
0.0
0.0
6.629980359955892e-5
0.00013367056143187605
6.42594119508263e-5
0.0
0.0
0.0
0.0
0.0
0.0
0.0
0.0
0.0
0.0
0.0
0.0
0.0
0.0
0.0
0.0
0.0
0.0
0.0
0.0
0.0
9.234167268149989e-5
0.0001817402364752961
0.00011482612066266938
5.8530616287193386e-6
0.0
0.0
0.0
0.0
0.0
0.0
0.0
0.0
0.0
0.0
0.0
0.0
0.0
0.0
0.0
0.0
0.0
0.0
0.0
0.0
7.014061489832009e-5
0.0001378734003905788
6.0462816369999845e-5
0.0
0.0
0.0
0.0
0.0
0.0
0.0
0.0
0.0
0.0
0.0
0.0
0.0
0.0
0.0
0.0
0.0
0.0
0.0
0.0
0.0
0.00010710901868186734
0.00017156222689430716
9.642725156041192e-5
0.0
0.0
0.0
0.0
0.0
0.0
0.0
0.0
0.0
0.0
0.0
0.0
0.0
0.0
0.0
0.0
0.0
0.0
0.0
0.0
0.0
7.575246454924092e-6
8.332366866607814e-5
3.413798973409061e-5
0.0
0.0
0.0
0.0
0.0
0.0
0.0
0.0
0.0
0.0
0.0
0.0
0.0
0.0
0.0
0.0
0.0
0.0
0.0
0.0
0.0
0.00012019054886759993
0.0001883787286993871
0.0001343737006719772
8.726834629932619e-5
4.906624599113299e-6
0.0
0.0
0.0
0.0
0.0
0.0
0.0
2.705496436611884e-6
3.4290567971901384e-6
2.6190663765801975e-5
0.0
0.0
0.0
0.0
0.0
0.0
0.0
0.0
0.0
0.00033987105731125654
0.00039577387236309017
0.0003087956645804608
0.00014607885757217344
3.7890655735506094e-5
0.0
0.0
0.0
0.0
0.0
0.0
0.0
3.5465249227810586e-6
3.1752080753737112e-6
3.0888154951701896e-6
0.0
0.0
0.0
0.0
0.0
0.0
0.0
0.0
0.0
0.0004672915832775074
0.00045581438772293457
0.0003259477146658111
0.00013406591512990317
1.743236617317264e-5
0.0
0.0
0.0
0.0
0.0
0.0
0.0
1.546087932856849e-6
6.338212857900804e-6
5.9400749305589244e-6
0.0
0.0
0.0
0.0
0.0
0.0
0.0
0.0
0.0
0.0004944591554890553
0.0004826503009857355
0.0003494201858289618
0.00012673171314871095
4.77098065775846e-6
0.0
0.0
0.0
0.0
0.0
0.0
0.0
0.0
3.049514778843264e-6
5.053610945603335e-6
0.0
0.0
0.0
0.0
0.0
0.0
0.0
0.0
0.0
0.0003071758897964111
0.00039897467415638194
0.0003447090126633741
0.00019039462689828457
8.060227773211642e-5
2.9844833445574194e-6
0.0
0.0
0.0
0.0
0.0
0.0
3.1574992893849482e-6
2.2210636643861845e-6
2.448978551126656e-6
0.0
0.0
0.0
0.0
0.0
0.0
0.0
0.0
0.0
0.00046269203221096307
0.0004908421570098583
0.0003955187433085856
0.00019594197027313187
3.649209457301199e-5
0.0
0.0
0.0
0.0
0.0
0.0
0.0
0.0
3.4531925324407924e-6
5.055120612181734e-6
0.0
0.0
0.0
0.0
0.0
0.0
0.0
0.0
0.0
0.00046662077643307484
0.0004970349333815707
0.00041472271474946276
0.0002164370974238476
2.636267041262472e-5
0.0
0.0
0.0
0.0
0.0
0.0
0.0
2.9428784571423624e-6
4.385839332645242e-6
8.320153612089225e-6
0.0
0.0
0.0
0.0
0.0
0.0
0.0
0.0
0.0
0.0006460318977702243
0.000660997814148145
0.00048185226285581254
0.0003528695509805803
0.00013441105416364338
8.075261463760007e-6
0.0
0.0
0.0
0.0
0.0
0.0
1.5235472193072055e-6
3.5239728369968284e-6
3.5368759034246124e-6
1.3350323556210557e-6
0.0
0.0
0.0
0.0
0.0
0.0
0.0
0.0
0.0004923013396790538
0.0005220810871726332
0.0004235956362197577
0.00019840393106740825
2.9019929985772847e-5
0.0
0.0
0.0
0.0
0.0
0.0
0.0
0.0
3.1997248097275714e-6
5.455440460552169e-6
0.0
0.0
0.0
0.0
0.0
0.0
0.0
0.0
0.0
0.00041432390980342175
0.00042536250665671467
0.00030582791366106054
9.638981034481377e-5
0.0
0.0
0.0
0.0
0.0
0.0
0.0
0.0
0.0
0.0
3.228875970455623e-6
0.0
0.0
0.0
0.0
0.0
0.0
0.0
0.0
0.0
0.00023354529987304427
0.0002955946576942637
0.00019893111212598388
3.04526765377497e-5
0.0
0.0
0.0
0.0
0.0
0.0
0.0
0.0
0.0
0.0
0.0
0.0
0.0
0.0
0.0
0.0
0.0
0.0
0.0
0.0
0.00028753327354533094
0.0003438784252406288
0.0002455257886522036
5.983949926948198e-5
0.0
0.0
0.0
0.0
0.0
0.0
0.0
0.0
0.0
1.421300739052119e-6
5.716585659159764e-6
0.0
0.0
0.0
0.0
0.0
0.0
0.0
0.0
0.0
0.0003732383383174779
0.0004073568103979074
0.00030518243952684757
0.0001012248423132264
0.0
0.0
0.0
0.0
0.0
0.0
0.0
0.0
0.0
0.0
4.623425453884796e-6
0.0
0.0
0.0
0.0
0.0
0.0
0.0
0.0
0.0
0.0002131773544870306
0.00032669972848697567
0.0002911112809349807
0.00011284781858780468
0.0
0.0
0.0
0.0
0.0
0.0
0.0
0.0
0.0
5.294266467661318e-6
7.940598396647216e-6
0.0
0.0
0.0
0.0
0.0
0.0
0.0
0.0
0.0
0.00042675559067379353
0.0004550518472248967
0.0003222946205034759
0.00021744060685789356
4.2684895081234723e-5
0.0
0.0
0.0
0.0
0.0
0.0
0.0
0.0
5.988668326152128e-6
7.325154841201782e-6
0.0
0.0
0.0
0.0
0.0
0.0
0.0
0.0
0.0
0.00024407440628702954
0.00033024090615502974
0.00025897649933708775
0.00011227890944130618
2.180293714034772e-5
0.0
0.0
0.0
0.0
0.0
0.0
0.0
3.5297726093734324e-6
3.2700252412724947e-6
4.169452766506784e-6
0.0
0.0
0.0
0.0
0.0
0.0
0.0
0.0
0.0
0.00040226536232190226
0.0004282902199212451
0.0003166665631176973
0.0001287068056331097
1.1952909102160742e-5
0.0
0.0
0.0
0.0
0.0
0.0
0.0
0.0
3.6267890422241575e-6
4.031029301286869e-6
0.0
0.0
0.0
0.0
0.0
0.0
0.0
0.0
0.0
0.0005484426479199231
0.0006279471391357557
0.0005603372647276125
0.00035173891983066225
0.00017182103160008304
2.1949077919376537e-5
0.0
0.0
0.0
0.0
0.0
0.0
5.890905346945706e-6
8.539802434247025e-6
3.631069774166046e-5
2.7187258772039667e-5
0.0
0.0
0.0
0.0
0.0
0.0
0.0
0.0
0.0006849264217802764
0.0006582332644726345
0.0005594375103135096
0.0003531691207509164
0.00017090678592158207
1.9653966250052704e-5
0.0
0.0
0.0
0.0
0.0
0.0
5.59105332956195e-6
7.845704906345965e-6
1.371517113260352e-5
1.0148899955334718e-6
0.0
0.0
0.0
0.0
0.0
0.0
0.0
0.0
0.0005437186685614875
0.0005177333305983741
0.00040226743576121015
0.00021431370636030463
8.13157382060566e-5
0.0
0.0
0.0
0.0
0.0
0.0
0.0
5.268514985089943e-6
7.011316972680137e-6
1.6373234268276443e-5
1.560178630616625e-5
0.0
0.0
0.0
0.0
0.0
0.0
0.0
0.0
0.0006309109976042128
0.0006362875707824883
0.0005720138883929368
0.00038066191664577124
0.00015686180023614512
1.27613765050758e-5
0.0
0.0
0.0
0.0
0.0
0.0
5.548515309649134e-6
1.4951282273343108e-5
9.447891806292299e-5
6.582176131740208e-5
0.0
0.0
0.0
0.0
0.0
0.0
0.0
0.0
0.00060010232140247
0.0006268704756045163
0.0005071743428727803
0.00041950549614479943
0.0002431118687740653
0.00012205122064604001
2.6077564621512184e-5
0.0
0.0
0.0
0.0
0.0
4.371843137706462e-6
1.4458710133717083e-5
6.147976294827675e-5
0.0
0.0
0.0
0.0
0.0
0.0
0.0
0.0
0.0
0.0
0.00030629589310456274
0.00035626166961344685
0.00025157690008581083
7.900951945282414e-5
2.430234618841299e-6
0.0
0.0
0.0
0.0
0.0
0.0
2.768708549270013e-6
4.049461757561638e-6
4.058229654895565e-6
1.4206590519909515e-6
0.0
0.0
0.0
0.0
0.0
0.0
0.0
0.0
0.0
0.0003655641379113118
0.0003636589372934324
0.0002213600224552755
3.7804352669976446e-5
0.0
0.0
0.0
0.0
0.0
0.0
0.0
3.090521003793904e-6
2.7003118596243134e-6
7.428395858757371e-6
3.875756520403265e-5
2.3205588885679423e-5
0.0
0.0
0.0
0.0
0.0
0.0
0.0
0.0
0.00048059829335875666
0.0004779067330360845
0.00030911302030733076
8.814595400306364e-5
0.0
0.0
0.0
0.0
0.0
0.0
0.0
3.042879164771291e-6
2.633862062226197e-6
7.354576071542661e-6
3.542764730360676e-5
3.561219054742633e-5
0.0
0.0
0.0
0.0
0.0
0.0
0.0
0.0
0.0006077109899160932
0.0005973067011365753
0.0003970899123665608
0.00012966263073968653
4.6056999643781495e-6
0.0
0.0
0.0
0.0
0.0
0.0
4.307362345342607e-6
5.00015728349574e-6
1.5618529070250198e-5
8.802560297798712e-5
7.217225559986578e-5
0.0
0.0
0.0
0.0
0.0
0.0
0.0
0.0
0.0007795923047900442
0.0007224162886285356
0.0005317865554511971
0.00026099200985060073
7.642096989553814e-5
0.0
0.0
0.0
0.0
0.0
0.0
3.2201607484232653e-6
4.93768953457431e-6
2.8282258934878745e-5
0.00010877505251101099
8.854919993051258e-5
0.0
0.0
0.0
0.0
0.0
0.0
0.0
0.0
0.000973866078891262
0.0009459075798519778
0.0006018242271585611
0.0003995715163418982
0.00016299595832427544
3.532803138322637e-5
0.0
0.0
0.0
0.0
0.0
2.9794240093479183e-6
6.257230553476349e-6
3.1761910064831474e-5
0.00011716768433269436
7.46984331880638e-5
0.0
0.0
0.0
0.0
0.0
0.0
0.0
0.0
0.0007301931850116433
0.0006846599775180776
0.00041312336319637255
0.00020515393133675836
2.1520654141401674e-5
0.0
0.0
0.0
0.0
0.0
0.0
3.7084897256188864e-6
5.3755621051259274e-6
3.4694457250426965e-5
0.00011946385157466517
5.920958589272468e-5
0.0
0.0
0.0
0.0
0.0
0.0
0.0
0.0
0.0004961680677896325
0.0004822621854138038
0.0002814366332058125
3.607750960355224e-5
0.0
0.0
0.0
0.0
0.0
0.0
0.0
1.3472390574085563e-6
3.1817363219427188e-6
6.475873426131494e-6
5.1068687578670676e-5
2.7352891888688742e-5
0.0
0.0
0.0
0.0
0.0
0.0
0.0
0.0
0.0005881589087790656
0.0005878199365457041
0.0004008439658663799
0.0001392895035807313
7.450104036221751e-6
0.0
0.0
0.0
0.0
0.0
0.0
4.691762309160625e-6
4.8083054127451085e-6
1.0742966042498688e-5
6.356774716479719e-5
4.9926981279903575e-5
0.0
0.0
0.0
0.0
0.0
0.0
0.0
0.0
0.0006674967550359677
0.0006517682977700816
0.0004696609597914083
0.00020246945034222043
3.374318892396772e-5
0.0
0.0
0.0
0.0
0.0
0.0
4.71516758256361e-6
4.449221889423099e-6
9.867029996806692e-6
5.453723051342149e-5
4.7767895856319986e-5
0.0
0.0
0.0
0.0
0.0
0.0
0.0
0.0
0.0006880125290410456
0.0006471695870947115
0.0005028267133173937
0.00030622127668188473
0.0001759171866961532
4.994513381699769e-5
0.0
0.0
0.0
0.0
0.0
0.0
9.22338544418792e-6
8.171889206188231e-5
0.0001362366359793655
8.647124717323379e-5
0.0
0.0
0.0
0.0
0.0
0.0
0.0
0.0
0.000687113138234306
0.0006526038036404189
0.00046140957880485986
0.00019610418292654062
2.8426317072311476e-5
0.0
0.0
0.0
0.0
0.0
0.0
4.60385251045848e-6
5.6825045947709175e-6
4.081608464896157e-5
0.00011999732138343492
8.480171591891594e-5
0.0
0.0
0.0
0.0
0.0
0.0
0.0
0.0
0.0007435100179023917
0.0006593737534763374
0.0004638369852017946
0.00020115150281357932
1.5576123483352773e-5
0.0
0.0
0.0
0.0
0.0
0.0
4.302633236780783e-6
7.862116897883782e-6
1.5708388332771575e-5
8.489826711663267e-5
5.771530060766492e-5
0.0
0.0
0.0
0.0
0.0
0.0
0.0
0.0
0.0007767128939855007
0.0007899033760469799
0.0005257464779900984
0.00036756286107253493
0.00016783043133166355
6.158684582368669e-5
0.0
0.0
0.0
0.0
0.0
2.7893184394830042e-6
2.291787639045463e-5
8.606165879283032e-5
0.00014106221405884938
7.550935670510321e-5
0.0
0.0
0.0
0.0
0.0
0.0
0.0
0.0
0.0005794937716626303
0.0005866122102041977
0.00043793693743836976
0.00021445614121019422
7.003439578048774e-5
0.0
0.0
0.0
0.0
0.0
0.0
2.8658366982897828e-6
8.478215532449251e-6
7.231941617569643e-5
0.0001398602420719431
0.00011238702151076991
0.0
0.0
0.0
0.0
0.0
0.0
0.0
0.0
0.0006211580734956757
0.0005957121122550536
0.000462865499438345
0.00027691386577880997
0.00016325463552376948
6.871625900055029e-5
2.219326735407148e-5
0.0
0.0
0.0
0.0
0.0
3.944586790871149e-5
8.17367096122892e-5
0.00014044978042858578
8.861097134306347e-5
0.0
0.0
0.0
0.0
0.0
0.0
0.0
0.0
0.00047361234505443234
0.0004998912663289569
0.0004086774903432763
0.0002598838822921626
0.0001647814264492716
8.220790314017148e-5
2.4079809123788472e-5
4.463989588999945e-6
0.0
0.0
0.0
1.2984668537514494e-6
5.080250640053406e-5
9.93666922931998e-5
0.00016383694696473153
0.00011895844806262514
0.0
0.0
0.0
0.0
0.0
0.0
0.0
0.0
0.0007542234678880887
0.0007596227406938784
0.0005634117890954809
0.00050428907136092
0.0003904568709385365
0.00031176897567058233
0.0001972031876444698
0.00014190570749587415
0.0001185276685768488
0.0001139560832057476
0.0001163207976493665
0.00021999298822502876
0.00032991611207430993
0.0004130956321397829
0.0004784459568095268
0.00038981669679594215
0.0
0.0
0.0
0.0
0.0
0.0
0.0
0.0
0.0008668230607947534
0.0008083040034199215
0.0006239967939067691
0.0003915254232960811
0.0002267166274479459
0.00010014709322391776
3.373162319762376e-5
6.082800718979418e-6
0.0
0.0
0.0
8.672631110985123e-6
8.27809675682226e-5
0.000164922258112379
0.00024283741520672253
0.0002163214919232793
0.0
0.0
0.0
0.0
0.0
0.0
0.0
0.0
0.0009446873109085917
0.0008865859307742587
0.0006989791547395992
0.0004511244745726514
0.00022572079987745315
7.877212200871269e-5
1.2647888564108271e-5
0.0
0.0
0.0
0.0
1.4456854897819984e-6
8.431772264173727e-5
0.0001970921312326998
0.0002611666945290177
0.0002088896029733915
0.0
0.0
0.0
0.0
0.0
0.0
0.0
0.0
0.0008898373758596059
0.0008412903309444501
0.0005833382238018881
0.0004782903929068464
0.0003129355375643199
0.0001973436524833123
7.734309460441619e-5
3.4573330230697603e-6
0.0
0.0
0.0
1.72399047112655e-5
8.286259831812605e-5
0.00012948584084287312
0.00019150822543153578
0.00010819381395547545
0.0
0.0
0.0
0.0
0.0
0.0
0.0
0.0
0.00042768273622521635
0.0004708962232980711
0.0003778257293984698
0.00022657299688547754
0.00014111603847666562
7.70656252503069e-5
4.390448607722968e-5
1.8137835853775384e-5
1.1731825989328443e-5
3.0819023151298304e-6
1.373418105196112e-6
2.4277135915418167e-5
8.184635141594844e-5
0.00013428110391392283
0.00019217483402440881
0.00014126839551837234
0.0
0.0
0.0
0.0
0.0
0.0
0.0
0.0
0.0007233890771396539
0.0007270787407470001
0.0006215108170898487
0.0004730782875274873
0.00037249602764637574
0.00023449276863903118
0.00011189571095222007
2.3284230110431326e-5
8.201064691566518e-6
4.287621476728003e-6
2.0309359446914848e-5
4.1269971138973634e-5
9.331552470028905e-5
0.0001323737983700927
0.00019770544931594134
0.0001765531017585031
0.0
0.0
0.0
0.0
0.0
0.0
0.0
0.0
0.0009875807234853101
0.0009353618033563885
0.0007757783001370776
0.0006031902958309167
0.000494441291547028
0.00040217435344597696
0.00034269570728717106
0.00029031941701405825
0.00026459875567445205
0.00024997604341269657
0.000257142070457058
0.00030306270335093836
0.00038622143131406765
0.00045934221164249477
0.000519891305108855
0.00046335086565013633
0.0
0.0
0.0
0.0
0.0
0.0
2.5371389737588285e-7
4.69680048300647e-5
0.0012218550445215128
0.001107786219832445
0.0008880040311728991
0.00065817328319759
0.0005119009135916822
0.00038935588919086577
0.0003085690529687658
0.0002366069939700438
0.00020885427330276298
0.00021132488902458738
0.0002275605703738587
0.0002871516268700832
0.0003987101011560991
0.0004953641221610967
0.0005628408694829606
0.000502159868720921
0.0
0.0
0.0
0.0
0.0
0.0
0.0
0.0
0.001072329592719786
0.0009265134799729646
0.0006988492004931221
0.00047375985792972973
0.0003163392244678072
0.0001732268760910141
0.00010111922051553315
2.7675259197326087e-5
0.0
0.0
3.91675008440904e-6
7.164124875819563e-5
0.00016845447729435168
0.00025557392918586707
0.00033666213830039425
0.00026954235290552745
0.0
0.0
0.0
0.0
0.0
0.0
0.0
0.0
0.0011353006434442062
0.0010370559410208377
0.0008351569114764249
0.0005683454107146762
0.0003817954248755075
0.00023779696496432248
0.00012567468392768268
6.510347853248719e-5
1.1471293203002582e-5
0.0
1.3488935986130082e-5
9.26352257832805e-5
0.00024081003920037677
0.0003458231930658885
0.00039475997545627663
0.00037202316007214225
0.0
0.0
0.0
0.0
0.0
0.0
0.0
3.791572346076702e-5
0.001470418908779125
0.0012935980332032411
0.0008529029040516803
0.0006838446043827366
0.00048121829947791886
0.0003571137103580387
0.000211227891545136
0.00014202160144528644
0.00010280206099837631
7.530949005267737e-5
0.0001000052892766704
0.000236804081736136
0.0003842200197004387
0.0004904407810770611
0.0005571219079167817
0.00042724458165132174
0.0
0.0
0.0
0.0
0.0
0.0
1.876103409465301e-5
5.3334876894754686e-5
0.0010778270143633564
0.0009014471763875791
0.0006316795698902437
0.00037681440318596693
0.00025291284705627424
0.00014783175495833656
7.194473948317283e-5
2.3110767688905447e-5
0.0
0.0
1.3785344955674603e-6
6.948151667890011e-5
0.00016128083126224112
0.0002322794025922427
0.0002981985978056658
0.0002475289689768247
0.0
0.0
0.0
0.0
0.0
0.0
0.0
3.06952656906221e-5
0.00110571170724924
0.0009790071153105595
0.000731869799230169
0.0004528780858185255
0.00029986469148867573
0.00016201951590034215
7.540470781543387e-5
3.525602576864717e-5
3.3306750333123448e-6
3.1616200662559834e-5
6.276509515962718e-5
0.00010584068932596982
0.00020955700370391456
0.0002881851432698641
0.0003753015822893209
0.00034396846426946087
0.0
0.0
0.0
0.0
0.0
0.0
0.0
3.2844250043162925e-5
0.00114894622827695
0.0010264127362734274
0.00080176880025245
0.0005391699234842344
0.00034686306304130497
0.00017147498501016246
5.6412704630645e-5
8.674244663989024e-7
0.0
0.0
0.0
6.323776009830402e-5
0.00015757617962290312
0.00021514854564963625
0.00025768303593901525
0.00025730100508773024
0.0
0.0
0.0
0.0
0.0
0.0
0.0
0.0
0.000939204451106291
0.0008460714945307245
0.0006494587618648914
0.0003937044350758008
0.0002427654543850611
0.00013105723147713167
5.915027118893753e-5
5.952720987019583e-6
0.0
0.0
1.681179492238376e-5
8.656525708691912e-5
0.00016321057605951913
0.0002546211487304375
0.0003301753643193365
0.0002986693013799371
0.0
0.0
0.0
0.0
0.0
0.0
0.0
0.0
0.001035583694806666
0.0009328534046377924
0.0007352129469698879
0.0004501648926124081
0.000220435850490719
6.536677402315682e-5
4.041702499255072e-6
0.0
0.0
0.0
0.0
1.879485016433502e-5
0.00011523483551781222
0.00019643748473718953
0.0002959034821005927
0.0002483079842028054
0.0
0.0
0.0
0.0
0.0
0.0
0.0
0.0
0.0010984750930976845
0.0009901797694221051
0.0007799374906150806
0.0005225171780554067
0.0002951536642534427
0.00011248444225648712
1.035223203938607e-5
0.0
0.0
0.0
0.0
9.724645061532181e-6
0.00011648823006681749
0.00024245973809057463
0.0003449901680115809
0.0002804272359644908
0.0
0.0
0.0
0.0
0.0
0.0
0.0
0.0
0.0011605001593150226
0.001116471424273544
0.0008105653735347023
0.0006319807433347713
0.0004050861192619823
0.0002691955073542262
0.00012243568016055567
3.981344954927575e-5
0.0
0.0
2.64022445314695e-6
0.00011929328823461478
0.00025037020919669423
0.00035665186096425127
0.00045113484576594725
0.0003553831350521194
0.0
0.0
0.0
0.0
0.0
0.0
0.0
0.0
0.0009644954900698803
0.0008380144671388669
0.0006425410759202003
0.00039662657968868753
0.00025469811992509105
0.00012683284873341
4.530600022867164e-5
0.0
0.0
0.0
0.0
6.518858905359875e-6
6.835358756061191e-5
0.00013634786659123157
0.0001875941589566334
0.00013564399107059014
0.0
0.0
0.0
0.0
0.0
0.0
0.0
0.0
0.0005451685322566582
0.000525336795529945
0.0004504919960385535
0.000324340578600762
0.00021295013371114968
0.00011195825590288077
5.4935550604153134e-5
1.8399761577993002e-5
2.8097412376230472e-5
3.332286683470202e-5
5.015812839142467e-5
9.187519530683934e-5
0.0001561467595324024
0.0002611022918664205
0.00031466253245875174
0.0001969559869851598
0.0
0.0
0.0
0.0
0.0
0.0
0.0
0.0
0.0006384843462928761
0.0006066685965250717
0.00046007323839758187
0.000242064772077932
0.0001192501359366173
2.577208585134247e-5
1.397196322775646e-6
0.0
0.0
0.0
0.0
0.0
1.526850711131045e-5
7.075619299141442e-5
0.00010120214668246878
4.175800877308863e-5
0.0
0.0
0.0
0.0
0.0
0.0
0.0
0.0
0.0006903176017389622
0.000650776097012445
0.0005103763451552623
0.00033696343466955596
0.00020352032017149197
0.00014890177919458874
7.886715869890153e-5
2.9342831251335852e-5
4.723689073033068e-6
0.0
3.285408537863666e-5
8.064657279054259e-5
0.00016568886331181883
0.00022611014108889682
0.0002853503849117669
0.00024951297013407086
0.0
0.0
0.0
0.0
0.0
0.0
0.0
0.0
0.0008403375094491547
0.0007796723452012756
0.0006469295540821069
0.0004856910223464921
0.0004114690776868577
0.0003268103489598371
0.0003066818058787494
0.0003456340817535512
0.0003657626014389908
0.00036769670806240085
0.00039073896289251985
0.00042336948257787305
0.00047243691776979605
0.0005002171408986888
0.0005463620668955431
0.000467381722907626
0.0
0.0
0.0
0.0
0.0
0.0
0.0
0.0
0.0009481745155964644
0.0008670839606782934
0.0007395856937030865
0.0005977626193436562
0.000505577733094677
0.00041654967427640907
0.0003500168726283823
0.0002524072719761486
0.00022239654227137394
0.00023270431708150016
0.00026741622776806496
0.0003337294478067063
0.0004748085041001366
0.000592979836876019
0.0006532196962197637
0.0005640339891415385
0.0
0.0
0.0
0.0
0.0
6.296724245881706e-5
9.42871130439072e-5
0.00010552477321130946
0.0016240074564564542
0.0014689098436638447
0.0011128918530797865
0.0009927682619719955
0.0007893610211559744
0.0007020432370448546
0.0005642142208306246
0.0005063498222340182
0.0004566542734535491
0.00042518888199611786
0.0004396574641184906
0.0006880896686843651
0.0007936961522687669
0.0008610704785125536
0.0009200504169937896
0.0008100669732174585
0.0
0.0
0.0
0.0
5.3006775088573585e-5
0.00012508917342429627
0.00015748298705567861
0.00014123686013444708
0.0014252970403525575
0.0012760028028663507
0.0010566056077269872
0.0007904537379035644
0.0006715473622171626
0.0005771235560248196
0.0004973722223955375
0.00042574106179203724
0.0003758327118509132
0.00034939493159164497
0.0003681924908940379
0.00042412168765846024
0.000507102175487043
0.0005459384871280065
0.0006016858663683327
0.0005684937500412407
0.0
0.0
0.0
1.1082085512471947e-6
9.116166130232699e-5
0.00010039560286973584
0.00010333792505927769
0.00018592665861028488
0.0013687188260855443
0.0012417333011547954
0.0010077866663888199
0.0007740636160326463
0.0006384347163248266
0.0004759210107389973
0.00037162201205194977
0.00031420551719074137
0.000254016614445772
0.00021511649117477005
0.00022721637398977088
0.00028224679554544283
0.0003335873374739514
0.00035202738280953536
0.00036941994454345637
0.0003071771932264527
0.0
0.0
0.0
0.0
0.0
0.0
0.0
0.0
0.0008194561560225684
0.0007389441018817026
0.0006434963981178259
0.0005605925220682538
0.0005468201947240999
0.0005689228769169285
0.0006202418809093301
0.0006361247693386038
0.000653888169348304
0.0006590872159592982
0.0006627098503526271
0.0006875569777557114
0.0007696320818848264
0.0008156743021565524
0.0008552772955202211
0.0007673699417607794
0.0
0.0
9.336499863886249e-7
4.3559692334010015e-5
7.508685050536623e-5
0.00016013201837940987
0.00021803738743486997
0.0002066423277617382
0.0015555523137589366
0.0014160487036378713
0.0012284138389831345
0.0010332119814574529
0.0009561127461263968
0.0008732427369345593
0.0008235268216575771
0.0008093325157830314
0.0007740928113643578
0.0007523315863151586
0.0008038353990627406
0.0008241601194292841
0.0008489834420529297
0.0009049562173060714
0.0009755565691661243
0.000950881952010935
2.0277740043368574e-6
6.98837034463694e-5
0.0001865477593533299
0.00021460934156753106
0.00020483802701740388
0.0003195233435068523
0.00032896615332899813
0.0002807866812420459
0.001658626820588126
0.0015079624540173637
0.0013014226384792482
0.0010657178139390766
0.0009474095613499215
0.0008594512417309271
0.0008121000910032434
0.0007704439117492711
0.0007204098042535197
0.0006637682010378424
0.0006883125728657002
0.0007566448591664296
0.0008444269635442159
0.0009169944806632554
0.0009907398466139855
0.0009479705832385733
2.0639465996932224e-6
0.0001312443951992513
0.0002334970408899701
0.00028092650581998694
0.0004555086685039921
0.0004870313288035228
0.00046024785123186294
0.0006066962029023535
0.0018881032878751856
0.0017854029047531337
0.0015725903162989146
0.0012486572051753273
0.0010293206388830496
0.0009091733124029094
0.0008256630797426527
0.0007631948326888839
0.000702551168261702
0.0006595387172629924
0.00065459609299843
0.0007108595816968229
0.0008297873508512049
0.0009001067911652
0.0009772419877518998
0.0009496951808589358
0.0
3.929312032540164e-5
0.00012071802831817001
0.0001639878283259379
0.0002922134818883601
0.000368247154435764
0.00032351344954220684
0.00043416803978979453
0.002030236504498303
0.0018962107133922038
0.0014363343720861822
0.0012888812989895954
0.0010124686921837744
0.0008714396245916637
0.0007119060465154951
0.0006168382918776372
0.0005506117538847792
0.0004955523617905806
0.0004992845879306301
0.0007827352662050513
0.0009096090523509621
0.0010039868631866612
0.0010990901451883737
0.0010287078220515672
0.0
7.899416151614063e-7
7.840269754169298e-5
0.00015121867965985566
0.000162203071623606
0.00029176768298143103
0.0003440340622547093
0.00027554188336900205
0.0020376842897187357
0.0018732299277028628
0.0013853843806316756
0.0012536909816141591
0.0009900517269900008
0.0008655168680195442
0.0007407490773955192
0.0006609696444231545
0.0005727469763046165
0.0005145172648019258
0.0005266759388333406
0.0007966304823099732
0.0009799918420359832
0.0010693282966328117
0.0011355874438698402
0.0010451618058531674
0.0
3.498796756741622e-5
0.00011990089836462489
0.00012971450220578234
0.00027017358035734624
0.0002830503106940547
0.0002546559131037202
0.0004465580682181721
0.001639099346603783
0.0014826695066512672
0.001201171111956558
0.0009093123556636876
0.0007750180904304762
0.0006522064037005247
0.0005451183635063305
0.0004411413189607759
0.000375800722493934
0.0003428806335080009
0.0003715848245719028
0.00045273249713779774
0.0005444984861607144
0.0006296820376649879
0.0006966141860632716
0.0006502799684126262
0.0
0.0
9.906122214042712e-6
9.849598552578023e-5
0.00011809972064685877
0.00022883559497933507
0.00024327852611319298
0.0002568544664883956
0.0015764455788847601
0.0013534195705614195
0.0011224777392799875
0.0008727470275067679
0.0007410757503417407
0.0006288204424301807
0.0005347554597760458
0.0004352103654309187
0.0003171057101544783
0.00026507358536370147
0.00027921985792569477
0.0003281150752178414
0.0004371246095390674
0.0004922650135487823
0.0005249065736404471
0.00044546424748844
0.0
0.0
0.0
0.0
0.0
0.0
9.544963509411887e-6
5.601063440274754e-5
0.0012227439251258144
0.0011220605285877031
0.0009678640063931456
0.000831242111158029
0.0007764726764397222
0.0007215011541103727
0.0006968782443592975
0.0006574191966194907
0.0006349943356869479
0.0006010964828128947
0.0006157628892743453
0.0006270956258655454
0.000636801180025634
0.0006651803659605743
0.0006957955184307587
0.0006025964428293656
0.0
0.0
0.0
2.027966109902217e-7
7.105117156078575e-7
5.400314973705128e-6
1.5324426814120896e-5
3.033787401481498e-5
0.0011897914843453212
0.0010746594103122652
0.0009163612463522437
0.0007386145784682127
0.0006781956763242297
0.0005941214574492324
0.0005024290233689458
0.0004266109094517643
0.00036553750606025276
0.0003578590942424751
0.00039139817826564746
0.00041296540728364344
0.00045882501906340564
0.0005056597929402619
0.0005741997286799473
0.0005326614016886105
0.0
0.0
0.0
4.3450146764449727e-7
3.148195963149173e-5
8.896959612549346e-5
0.00018378448025647179
0.00017288900140599136
0.0015109060574110815
0.0014186930074809878
0.0012234502826322677
0.0009435935519823632
0.000740585378826014
0.0005928692623171168
0.0004547104513973616
0.00037001804960655764
0.00029185576798624214
0.0002171925816969537
0.00021720558499813624
0.0002847499115267105
0.0004303794205847374
0.0005313905661713981
0.0005933497346467468
0.0005282333415020795
0.0
0.0
0.0
0.0
1.95774600049112e-5
7.420911918487343e-5
8.106309190747064e-5
0.0001437556126945665
0.0016382202755997424
0.0015337393247661405
0.0011147416631361767
0.0009672146912784151
0.0007279768518117918
0.0006024581899515636
0.0004395583831590991
0.0003259916320989816
0.00022797023343512038
0.00017071016782312437
0.00017070048699640956
0.0003383821067018637
0.0004901913301463367
0.0005945753880985303
0.0006526195607068579
0.0005594340598453507
0.0
0.0
