0.00033367821233638015
0.0002678668565323599
0.0003370078877889669
0.0003067629618894251
0.0003572210185939349
0.0003114454742560254
0.0003712733661902254
0.0003228789647132407
0.00040939770400666805
0.0003025263961436685
0.00034452387377869817
0.00021360900158803607
0.00023531185463050985
0.0001768048872084563
0.00020885095262715997
0.00017705658641229257
0.00026584768319891497
0.00019515309486859382
0.00024181840855843752
0.00020598166471840653
0.00023838166384634174
0.00021117892521572084
0.00026568384271369723
0.00022987551997452615
0.0002603076185999327
0.00022195205037249
0.0002688268551500018
0.0002542108460203691
0.00031220601171460437
0.00027493155473179627
0.001743778291134785
0.0014711937600610223
0.0008817929541430526
0.0006737217683824031
0.0005908709390758589
0.0004872409921430763
0.00044726498782362694
0.00031548252748244093
0.0002559840600728421
0.00020144801749761245
0.0001632276692029517
0.0003358522918624588
0.0004578739237543975
0.0004748187585323713
0.0004789366097119358
0.0004967427367388147
0.0
0.0
0.0
0.0
0.0
6.2000427537375e-6
2.199704513500595e-5
6.344963338841104e-5
0.0011072954348289856
0.0010567995001439451
0.0005126089394911783
0.0003044608614045959
0.00018948608533114915
0.0001439963744026492
0.00014235289135163394
7.792300981471376e-5
4.2789204543408754e-5
3.40212862133319e-5
4.485661405752837e-5
0.00021276868140279764
0.0004324932730479346
0.0005105962104501267
0.0005592224402436238
0.0005903975144067261
0.0
0.0
0.0
3.361319184795835e-5
7.447655122689648e-5
0.00011727511812011131
0.00015804677002386695
0.00018409962464975956
0.0012279440413243974
0.0012091588151967247
0.0005690477081728206
0.0002818581719464545
0.00017746501637141366
0.00012309405359143717
0.0001186219890361936
4.919783503987774e-5
2.905421881411132e-5
2.3131430584334602e-5
2.6532533659206418e-5
0.00017636936133349465
0.0003776554623348514
0.0004421050692432988
0.0004900991637709854
0.0005496080350060248
0.0
0.0
7.112306209469391e-7
6.91339868275991e-5
0.00011818204990579745
0.00022040551872597826
0.0002197534574691052
0.00028801957432349966
0.0012786799763002366
0.001293788076041258
0.0006983475610588295
0.00038209006627546306
0.0001893286515539812
0.0001014777887071382
5.6630125608080033e-5
1.9018743942780718e-6
0.0
0.0
2.047570883446159e-7
5.7124915943291e-5
0.00016253375965133437
0.00024812738443767565
0.0003268876785959737
0.0003370651380278821
0.0
0.0
0.0
0.0
0.0
0.0
0.0
0.0
0.0007925579013581456
0.0007570751316567196
0.00028674280497620016
0.00015049871695248053
8.17636860592826e-5
4.833082499944683e-5
5.3011737830294086e-5
9.614128579396269e-6
0.0
0.0
7.077942375536513e-7
6.595130639276631e-5
0.00017794046445581958
0.0002917417796113123
0.0004346220713762459
0.0005422861038696926
0.0
0.0
2.2291385827946402e-5
9.088928269710984e-5
0.0001472804988138613
0.0002210043318026947
0.0002811181276880741
0.00027361728998562983
0.001263304073886709
0.0013284003573086978
0.0010034162861794784
0.00077663532673244
0.0005702417325182923
0.00041864297034714876
0.000418034759687176
0.0004104694020952506
0.00043233200102583985
0.00047323154280733295
0.0005124733118206779
0.0005806850218190197
0.0
0.0
0.0
0.0
0.0
0.0
4.754180477772643e-6
1.808619986449595e-5
4.277944838155738e-5
4.0402073973589214e-5
5.644086491470915e-5
5.739999789454342e-5
4.877030944912985e-5
2.466585894920488e-5
1.6256350893198217e-5
4.2993399637707075e-6
0.0
0.0
0.0
0.0
0.0
0.0
0.0
0.0
0.0
0.0
0.0
0.0
0.0
0.0
0.0
0.0
0.0
0.0
0.0
0.0
0.0006449266615277021
0.0004617858122824292
3.230761678169259e-5
0.0
0.0
0.0
0.0
0.0
0.0
0.0
0.0
9.56261109087509e-5
0.00020680910215865674
0.00023908959879683238
0.00029846019513583936
0.0003477597211905422
0.0
0.0
0.0
0.0
0.0
2.520144156392499e-6
3.9719959661735187e-5
6.674648372356377e-5
0.0010283993569727534
0.0010093745535653194
0.0005466865969489507
0.00043977546405674165
0.00037974904009037647
0.00033465281599032024
0.00037567348776846286
0.00028252206882754274
0.00026675802735848686
0.00026108852258000675
0.00026243736836616637
0.00048642760600644603
0.0006209521137342814
0.0006770714340638348
0.0007382428502304763
0.0007655248126142338
0.0
0.0
3.3750460771335685e-5
7.263656831868684e-5
0.0001395668409942679
0.00014725959862463636
0.00022906494367935237
0.00020431880114344603
0.0013559736287513911
0.0013211242167802389
0.0007104279704560888
0.0004524643063257895
0.00031704942819600087
0.00023229507063432671
0.0002261919531886808
0.0001498529327301854
9.806283195341344e-5
6.851401912613399e-5
6.801632087080133e-5
0.0002751591662646553
0.0004899859694613951
0.0005882085737916506
0.0006981030695138532
0.0007593487818416969
0.0
3.1722940808710944e-5
0.00011044334403792068
0.00019533862017235873
0.00022853646348733035
0.0003026380514417753
0.00029029061007565895
0.00039125157014155036
0.0014003119933147768
0.0013846340990541954
0.0008397986894453067
0.0006200197089127274
0.0004372131491933305
0.000281666414978853
0.0002600578087954835
0.00012234055117326718
7.354646532938813e-5
5.6334553376528214e-5
5.268196770941888e-5
0.0002390813693229926
0.00044672389456551156
0.0005271745201648467
0.0006472681174620548
0.0006950343153549304
0.0
3.566109052078556e-6
9.255876915747747e-5
0.00017875142737559452
0.0002659569831116708
0.0002748528370945202
0.00033308156013480664
0.00041478695027189
0.0014434531120603165
0.0014421821720297181
0.0008884327288461132
0.0006864363523330186
0.000552268135646365
0.00045519805326258784
0.0004561957567631467
0.00029647025029281654
0.00021780389198692378
0.00016353296008688064
0.00013760914790529399
0.0003413467428443806
0.0004956190630969094
0.0005498033482611079
0.0006211223098667476
0.000611858840425468
0.0
0.0
0.0
0.0
3.482291842302898e-5
0.00012358268048363592
0.000200126471271545
0.0002682042884687237
0.0012981228808221419
0.0013788511090243745
0.0010704381134473149
0.0009472897718172616
0.0008607635294310712
0.0008250501436953832
0.0009106470200515209
0.0009500581906852741
0.000955897370506518
0.0009787570699410475
0.0010036607623013975
0.0010886123801668334
3.348592286058059e-5
0.0001935892218658918
0.00033860100290828733
0.0004353768653182384
0.0005460378507509641
0.000595988574071855
0.0006346082873114118
0.0006534715506649787
0.000685206608037129
0.0006956049816515728
0.0007990059247836647
0.0007602324932263621
0.0009190893049792424
0.0008659454648000242
0.000956886277024624
0.0007964725862511759
0.0008322978319773909
0.0007073978820515259
0.0007610515712198237
0.0006218247675355632
0.0006718981615117097
0.0005641785294956929
0.000665833020873952
0.0005815034411131705
0.0006600175714478146
0.000579059666071215
0.0006650339665010029
0.0005974827059560994
0.00069990554979083
0.0006226374753571496
0.0007246739268350243
0.0006653634438832666
0.0007857804252572022
0.0007130359730570785
0.0008092426544257777
0.0007329088298904659
0.0008420350390411017
0.0007525433946489529
0.0008390847079076671
0.0007221099245693552
0.0007701808673998791
0.0006646023423600584
0.0007408077699434465
0.0006326146141314627
0.0007044360592430273
0.0006348243460759316
0.0007599805262902303
0.0006928626307451455
0.0007750522622056268
0.0006811289572809937
0.0007999012567681737
0.0007469547945871154
0.0008596296804645546
0.0007712483168105248
0.0008625425021237109
0.000792256897485189
0.0009214154507590761
0.0008498417412753631
0.0009665331072187028
0.0008739251304824969
0.0021535406871069657
0.0021545936806207804
0.001515230336122129
0.0012256858329140108
0.0010444737964540381
0.000901963202260269
0.0008828570907408881
0.0007457157109562152
0.000687638570514586
0.0006803084007703703
0.0007202023485852483
0.0010315395709477211
0.001242359296004231
0.0013737293400500716
0.0014083964833783616
0.0013945605077993657
0.00016318382160081992
0.0004084354699441499
0.00044957824067625964
0.0005593490201198177
0.0005296693531630853
0.0006076596462449048
0.0005670376634924291
0.0006592527095436582
0.0018726975591188302
0.00187110306955055
0.0012184523807128337
0.0009079286184577704
0.0006602893092460055
0.0005100498371158357
0.00047716812889092764
0.00037236433336742094
0.00028261381775031996
0.000263168196973471
0.00029401677684311834
0.0006250220622455547
0.0008046421807448768
0.0008387554078156931
0.0008832726918226946
0.0009461021887694148
2.8954791724410076e-6
0.00015503213447453788
0.0002909750058470058
0.0003939254172180868
0.000504346323298128
0.0005676110294230508
0.000635135104059323
0.0006603816580208944
0.0017574488623605016
0.001841512596979145
0.0011675725337883924
0.0008522383535065619
0.000694772769352577
0.0005831342406012442
0.0005627474827073865
0.00042806286193282903
0.00036046706828330577
0.0003305685956107339
0.00034822832727731057
0.000663249068659073
0.0008410617189449003
0.000924723673487667
0.0009952445303614192
0.001027513799013889
1.053467283929843e-6
0.00011669698053514625
0.000194230022344345
0.00027256005902426034
0.0002878871777086319
0.0003610579462719167
0.0003482863685843001
0.0004192751797334772
0.0014526135810841814
0.0014264952816345857
0.0008650935255123261
0.0006267267248513191
0.0004614853401306031
0.0002711204996067613
0.00023261419929488836
0.00012977351511514546
7.592255391856757e-5
5.4080822983442934e-5
6.0392927407391205e-5
0.00026681243616113895
0.0004181459858349701
0.0004804746170496582
0.0005684135473953991
0.0006230795407581397
0.0
0.0
2.7340446616994177e-5
8.089846970544045e-5
0.00016059167030900036
0.00021654063488493137
0.0002822013445543747
0.00032224282768814847
0.0013599711041667292
0.001463317068142526
0.0011265523845973365
0.0008409308361854615
0.0006596088920244854
0.0005663907303272353
0.0005967692443102549
0.0005435704246752648
0.0004851734299406894
0.0004677599234905192
0.0005252015463749007
0.0006642714625277505
0.0
0.0
1.205103732266601e-5
7.538889024662478e-5
0.00013810347408134977
0.00021508329687505484
0.0002541259525716873
0.0003430579824107788
0.00037432756652338965
0.00044740426297230673
0.00041274716769097074
0.0004613938108740884
0.00043719024804959546
0.0004195829432479401
0.0002690686767092063
0.00015880425072233446
5.8646251974306194e-5
2.1888599794388433e-5
0.0
0.0
0.0
0.0
0.0
0.0
0.0
0.0
0.0
5.20863889825803e-6
1.5111933059554302e-5
1.924307361376109e-5
2.0299846270747645e-5
1.0862110418916139e-5
2.7202290328764452e-5
4.877174347900696e-5
6.409521300812874e-5
7.706781439019773e-5
0.001211172844266741
0.0010285265620068515
0.00043868671195999723
0.000291172236053345
0.00024861777177453384
0.0002067472577952692
0.00027281536003605786
0.00021145922460756773
0.00021034408890064805
0.00022352519158445324
0.0002457310183764397
0.00048038217334061097
0.0006181529409905592
0.0006745020392684362
0.0007352902448699143
0.0007766892981491665
0.0
0.0
2.7757242985740383e-5
7.648750143541064e-5
0.0001391032572539062
0.00014900946135978764
0.00020783260978170438
0.00018415771731702723
0.0012964003346573672
0.0012163481044466567
0.0007159279228275713
0.0005717687447135525
0.0004883613869627928
0.00041672795805361434
0.00040733971787573455
0.0002732203671246299
0.00025339559638909854
0.00028004164380984113
0.00029606037296212517
0.0004999924737367848
0.0006358989164468918
0.0006601788217578385
0.0007049953156217833
0.0007339839259930197
0.0
0.0
1.7613497758110194e-5
6.665995818599634e-5
8.910459938541449e-5
0.0001296031154432445
0.00012659283514068596
0.00010859276135657369
0.0011925781485992697
0.0010490577786940224
0.0005434887730633819
0.000351439579554671
0.00021852383805505822
0.00013757380450208164
0.0001157728266599216
4.932793667387333e-5
1.9491781298515627e-5
9.548545301560289e-6
1.5204773126200042e-5
0.00017645962604905012
0.0003794236101376129
0.00047416310025916647
0.0005330096248549827
0.000601656577423195
0.0
0.0
4.261849624564978e-6
3.907789753227426e-5
9.862507155574276e-5
0.00013330885393708433
0.00015049589034032106
0.000153124745513718
0.0012209588049621857
0.0011309563791598142
0.0006016593327598665
0.0004188866965790591
0.000280195691402373
0.000130729852119301
7.828744056155251e-5
3.777090516191293e-6
0.0
0.0
0.0
8.455936097340244e-5
0.0002303662343400942
0.0003169843394502612
0.0004008311312487517
0.00047841847704370834
0.0
0.0
0.0
0.0
0.0
0.0
0.0
3.6406875405800836e-6
0.0009647085727184958
0.0008888060674567048
0.00038623499420435025
0.00023454148939019306
0.00014428141996336046
8.279872081545203e-5
8.922429075521741e-5
3.0500831704818862e-5
3.228855593430079e-5
4.2745963456748286e-5
6.27405336676706e-5
0.0002959135089205674
0.0005123932251250253
0.0005960000632013656
0.0006631398310374999
0.0007233348977499594
0.0
6.244909930762462e-7
9.530974028015227e-5
0.00023158550248688614
0.0003031085511206064
0.00038343557678804956
0.00040230784031910534
0.0004788402674133783
0.0014763909093026904
0.0015114228190164884
0.0011248277461376154
0.0008671084292044554
0.000693786814777688
0.0005558566910087322
0.0005302396900352033
0.00047315352699403264
0.00044938540649046277
0.0004244406482186144
0.0004689425307306603
0.0005539168085112362
0.0
0.0
0.0
4.206804111689134e-6
4.79899765863646e-5
9.311724704618652e-5
0.0001374469014155077
0.00017447014419722274
0.00022337367097750188
0.000260025589130378
0.0002960289165137478
0.00033299572393303076
0.00039784530117880745
0.0004310277362605945
0.0004397114649574863
0.00042651251315450775
0.0003902278588742511
0.00039092047273931775
0.0003627793247764901
0.0003007552767819567
0.0001893203123218793
0.0001747938401790796
0.00019368409822531483
0.00016973116367547636
0.0002849855777461676
0.0004526858850474341
0.00047254682060622984
0.00041788313426333035
0.0005497529659245768
0.00048150750054389127
0.0006148484471978483
0.0005811895061297162
0.000671094367917759
0.0005574141367892208
0.0007154619849297138
0.0005894069658571033
0.0020040751995444696
0.0019198491634520917
0.001342885468106096
0.0011550950462513913
0.0010481621286651086
0.0009694797443053095
0.0009735811103329708
0.000833423553891147
0.0007716955952048785
0.0006695607435733364
0.0006476108658610304
0.0009442244009979449
0.001123476535682323
0.0011987992501870934
0.0012770522370162578
0.0013221540197059516
0.00010141482027240348
0.0004232538583351798
0.0004993125945254087
0.0007727152126237674
0.0005909119377548065
0.0008498232403448462
0.0006836487329565893
0.0008063973516171836
0.0019638056014572676
0.0020279246771244494
0.001288577600229924
0.0009478044250138171
0.0007709716598057511
0.0006502292216758747
0.0006237753337196073
0.00045798869585772224
0.0003711499935612555
0.0003446382204751709
0.0003669988261821339
0.0006922256457513793
0.0008986532452612943
0.0009637215481128556
0.0010276585017310886
0.0010696312129308818
1.712061985205529e-5
0.0002290820388655797
0.00033500079280571654
0.0004107860683074909
0.0004508274046976129
0.0005162061371562101
0.0005425787496435064
0.0006014744743910254
0.0016739448739149867
0.0016136068715484255
0.0008880821766796267
0.0005678209851490369
0.00038083546914526874
0.00025551726192776005
0.00021665277593447345
0.0001304880867120041
0.00010205549765090136
8.8333775631081e-5
9.73855456274966e-5
0.00030239237247112606
0.0004636301994018728
0.0005144837260554905
0.0005611258016901536
0.0005878427117701215
0.0
0.0
0.0
1.0709839511672766e-6
2.1113236704870527e-5
6.104002240986975e-5
8.881747305961512e-5
0.00013502804750355055
0.0011568016951373009
0.001090341353404083
0.0005838666567352806
0.00043632614551001865
0.00034989150709981474
0.0002839674145868164
0.0003483163474139462
0.00024179197373772247
0.0001885769218590211
0.00017981672055298836
0.00018106863976127455
0.0003910058854808412
0.0005358970537230907
0.0005771205714972864
0.0006228749914875559
0.0006455093497231547
0.0
0.0
0.0
8.681330011681944e-6
2.8931959400453018e-5
9.653580825824257e-5
9.767396713073598e-5
0.00011155866574990603
0.0011657238136882813
0.0010584535255583874
0.0005216051149213656
0.0004012857340979329
0.0003027003436727779
0.00020967932548332163
0.00025251373322575474
0.00015467607897189106
9.445440982152885e-5
0.00010074164585335038
7.205833019934643e-5
0.00019901284283156375
0.000283899856504788
0.0003319763809846662
0.000402370829133239
0.0004617901153154126
0.0
0.0
0.0
0.0
2.43779465416206e-6
4.342426273313061e-5
8.9251161075154e-5
0.00015753504136839776
0.001159467086634983
0.001199055735779534
0.0008983796945800491
0.0007612688991671937
0.000707823828560789
0.0006554119523055778
0.0007015072028451357
0.0006957374164497377
0.0006906869165247328
0.000707535455273321
0.0007525274174097714
0.0008783992728529816
0.0
4.5195972198982834e-5
0.00019618075039562144
0.00022731183919724523
0.0003688544147835828
0.00034613460457499467
0.0005033730845098887
0.0004446180710522381
0.0006095312549107236
0.0005225485804708098
0.0006235266545899696
0.0005175344909400785
0.0006141701089445553
0.0005895447624886214
0.0006035269648224579
0.00038037840100273607
0.00042741664631414507
0.0002822398981546577
0.00034081910373306523
0.00019274324141862857
0.0002763819613501983
0.00017015258434098667
0.0002469284509180952
0.00028624710027829966
0.0004093430723932465
0.0003209940544840722
0.00037072217217723214
0.0003715540020443028
0.0004553850293819068
0.0004860009018207763
0.000482170414242512
0.0005179043342067256
0.0006450674527778872
0.0005629899446978144
0.0006865648009446973
0.0005455922916531522
0.0019246267354579413
0.0017180897622142294
0.0010709004657089606
0.0008220644666581047
0.0006483371461638194
0.0005037128022032379
0.0004449642426212396
0.0002694721777287473
0.00020597024476804593
0.00016414230291904918
0.00014199403764220597
0.00034244844956055493
0.0005126950714263343
0.0005532867679361869
0.0005731376939308027
0.0005963472814419247
0.0
0.0
0.0
2.068939706010224e-6
2.156644053301735e-5
8.396693834314334e-5
8.858128148532676e-5
0.00011331589152747586
0.0011362843951389103
0.0010389903548397288
0.0005265106870723254
0.00035448562872718927
0.0002757350268373586
0.00023054462071493416
0.0002604471044305699
0.000189326394397034
0.0001574484910640956
0.00012982646843040478
0.0001410892866468727
0.0004445591620111032
0.0006426108758496905
0.000719731456591756
0.0008005333614873463
0.0008623106170563374
0.0
5.8266425108121096e-5
0.00025945712294034464
0.00034549659162697326
0.00041846623603629965
0.0004954846285421418
0.0005491104148542522
0.0006081623280044979
0.0015877836858612865
0.0016519152826551715
0.0010008694571137535
0.0007466342817445968
0.0006109436746887634
0.0005024327395091228
0.0004758743062841585
0.00035367487289564954
0.00027666622791175193
0.0002048691361071222
0.00020741197434447
0.0005234620164292834
0.0006934747873119693
0.0007593645472010138
0.0008321501621933937
0.0008865747345472041
0.0
9.414045848663888e-5
0.00028799164136988973
0.00037289899625881604
0.00040598221136908477
0.00045919261431905193
0.00048075006057427406
0.0005262758821057565
0.001542991710465754
0.001555694222804404
0.0009299138798080023
0.0006757275717220401
0.0005327784712597922
0.00041627704505858544
0.0003910233720832991
0.00027236299323070656
0.0001893845769073538
0.00013132394557577504
0.00011843447260075895
0.0003736618155811816
0.00057656769247785
0.0006486395393098391
0.0007282596212951337
0.0007898483750600416
0.0
3.1241148127751914e-5
0.0001384602673152456
0.0002425135282959675
0.0002919778178235106
0.0003818293896543777
0.00039964141907030694
0.0004779552934343533
0.0014795899053406131
0.0014445529862777036
0.0007868549971255467
0.0005260230089527053
0.0003875539590897907
0.00030597288688032455
0.0002895727786134956
0.00018236687471007387
0.00012379715973242933
8.866765195378616e-5
8.235502997396207e-5
0.0002593767087667668
0.0004835709356559385
0.0005687084612570647
0.0006572044311042494
0.0007276068483315492
0.0
5.907070834670606e-7
7.291423406627647e-5
0.00012051621679845897
0.00019908236697905034
0.00022209313271416412
0.0002791144434465607
0.00028360732677825003
0.0013172596716474983
0.0013025790223884334
0.000986482697805036
0.0007844693857268699
0.0006632659076428631
0.0005586387896793442
0.0005490097317886294
0.0005011416861646982
0.0004367258103809706
0.0003900730741194762
0.00042793923429932935
0.00057632153584164
0.0
0.0
4.047819363429971e-6
4.950974714711737e-5
0.00010394887838784478
0.00016629299195623537
0.0002510776595689413
0.0002959969677254446
0.0003521096673707455
0.0003830713379309963
0.0004287600860941176
0.00045351582102296504
0.0004936712089751333
0.0004521125292990251
0.0003573914814105277
0.00020687066800858264
0.00015881493815234307
9.532900110320436e-5
5.604825339717496e-5
2.2389185455679224e-5
2.550839854233478e-5
1.835321548191747e-5
3.2771138410557546e-5
4.3929014087325706e-5
7.459702223973226e-5
8.344935015375967e-5
0.00010374057995172032
0.00013211783535081812
0.00015868900005501854
0.00014224601046305762
0.00016316719210107965
0.0001636723728451687
0.0001495207934929461
0.0001494564430175138
0.00014166308431828146
8.804368223848392e-5
0.0013031076931974645
0.001026182194558655
0.00043081781542366024
0.00025083563286810095
0.00015048276486935355
7.098034919146605e-5
0.000101073171971654
2.80378890519779e-5
1.4554667116184336e-5
5.8398923530140795e-5
5.4657382040955304e-5
0.0001903009435461891
0.00027731007706444197
0.0003233378870666316
0.00039389173580652265
0.00044162164923513587
0.0
0.0
0.0
0.0
0.0
0.0
0.0
0.0
0.000956081264709671
0.0007807122265503976
0.00025832268580131326
9.271397219155558e-5
4.22680993279574e-5
1.58681208566058e-5
1.744726897503674e-5
0.0
0.0
0.0
0.0
4.050022635509251e-5
0.00014961041758261811
0.00023897369242497406
0.0003181933009518473
0.0003689202953460889
0.0
0.0
0.0
0.0
2.539249823488248e-6
4.596120410677579e-5
8.194090621141012e-5
0.00013503284928526418
0.0010815255793786573
0.0009806679290897571
0.0003309357816193749
0.00010327256634993328
3.2867873652677535e-5
1.3167099356375034e-6
0.0
0.0
0.0
0.0
0.0
8.452698421772029e-6
9.207613217643573e-6
2.107977648690078e-5
6.74341132757825e-5
0.00013566727565372168
0.0
0.0
0.0
0.0
0.0
0.0
0.0
0.0
0.0007648878801786531
0.0007229774099993227
0.0001984823209561813
7.087857339474746e-5
3.342042106140862e-5
1.6123582402963714e-5
2.0218013250768567e-5
0.0
0.0
0.0
0.0
3.537976383353253e-5
0.00010879386830558766
0.00017433433833800223
0.00026326736842974117
0.000330629397644978
0.0
0.0
0.0
0.0
0.0
0.0
0.0
1.3780084758297581e-5
0.0009408388563438932
0.0008951427232316225
0.00042486418259166526
0.00031038506584537764
0.00024485963016428614
0.00020535654394889378
0.00025132152850156623
0.00018086247885607334
0.00016884849566812355
0.0001678178630418241
0.0001672323226289422
0.0003630644500878839
0.0005012474594381798
0.0005434306711123323
0.0005948533952784282
0.0006245150659231197
0.0
0.0
0.0
8.019613760726423e-6
5.828619689855851e-5
9.225952721159079e-5
0.00012770125662176215
0.00014298878659409897
0.0012141651153348334
0.0011653197977183132
0.0008918965772604473
0.0008267421695763841
0.0007444265211064309
0.0006510828227605608
0.0007540366093853732
0.0007318607418072999
0.0006737190980971542
0.0006588835338108886
0.0006504934879761093
0.0006929051308512333
0.0
0.0
0.0
0.0
0.0
0.0
2.141038163905049e-6
2.8190456704833038e-6
2.1512701120999257e-5
5.2266866978543845e-5
0.00010024815331600179
0.00010067359535652693
0.00015769008127744077
0.00014476101000713112
0.0001786043107253218
0.00015152305307820755
0.0001624594988283993
0.00011708711770015465
0.00012829404676999997
0.0001043129234833821
0.00014675967212684547
0.0001435478624332417
0.0002163171911712622
0.00022093404967932475
0.00026854186235710984
0.00024812071284236034
0.0003310512642315039
0.00030141503174860177
0.0003115969312241481
0.0003128458418880942
0.0003567642858654636
0.00034932147674224316
0.0003838590825610621
0.00036986160211672803
0.00040802206822026046
0.00040150254260272293
0.000511919779642252
0.00042762476115599244
0.00044277052445212685
0.0003722113608967466
0.00034588904494586647
0.00028137395428172685
0.00023417233716635548
0.00022618881077819295
0.00024453837252286497
0.00022189623687371733
0.0002874188035666765
0.00034324216935254333
0.00044977070036626737
0.00035242895550272475
0.00041538807246478546
0.0004534045520499826
0.000545286849683157
0.0005228259086031832
0.0006329387027274575
0.0005518372119817505
0.0006952007578446773
0.000609270186723669
0.0007557632169053209
0.0006260555554746351
0.0020058370502477048
0.001830392002171009
0.0011450437522197295
0.0008844271783372468
0.000677653783700719
0.00048209742469876505
0.0003796069690259133
0.0002216772379953156
0.00013498925239016944
8.667460843886803e-5
6.733127713638843e-5
0.0002443238415394474
0.00038478439202757137
0.0004090455595218203
0.00043412268700640554
0.00043987003360214155
0.0
0.0
0.0
0.0
0.0
0.0
0.0
0.0
0.0009430339488122273
0.0008158779145154672
0.0003240394206996556
0.0001991050366271876
0.00014005794202935864
0.00012927086650763855
0.00015401852336316296
0.00010438386945706454
6.998074886449462e-5
5.777634087177323e-5
5.773115498251025e-5
0.0001948334728199374
0.0004177761972228464
0.0005089885037709661
0.0005966506219829297
0.0006635510774265677
0.0
0.0
5.027143570482836e-5
0.0001452894620183824
0.0002425525394968629
0.00032605779517862833
0.00038870487838595677
0.00042269356951001594
0.0013941778879522704
0.0013876831709962038
0.0007993410952206671
0.0006068545162355531
0.0005029567428218556
0.00043541854276144513
0.00046601436522584013
0.00033697052281226404
0.0002977719458462468
0.00027175922725626274
0.0002647317883182045
0.0005042765814309782
0.0006418890198680054
0.000678349064856266
0.000716833168094456
0.0007743697805405064
0.0
0.0
1.2423399457573943e-6
1.6796111194870114e-5
5.5887253195234454e-5
8.218083646954969e-5
0.00010390323163367188
0.00012614012413162797
0.0011785341905471902
0.0010671509072547015
0.0005244050338116358
0.0003335219926383238
0.00022625965277351637
0.00016069044555741047
0.00015368373520834754
7.18693273705091e-5
5.3407416215283104e-5
4.951252594779927e-5
4.9909798058690624e-5
0.000221292683078615
0.00034361695054307577
0.0003917067099527067
0.00044501219290634845
0.0005088964887630158
0.0
0.0
0.0
0.0
0.0
2.5381773624824144e-6
1.160698393451288e-5
4.40573883988004e-5
0.001040606300575988
0.0009302846969733349
0.0006057067952023057
0.00042117557141791774
0.0003115680418912479
0.0002493425221998827
0.0002593057347021568
0.00022662348778605004
0.00018770105077804138
0.00017661251331856336
0.0002144585083750967
0.0002898533708936926
0.0
0.0
0.0
0.0
0.0
0.0
0.0
0.0
0.0
0.0
1.9301343256867653e-6
4.594870834576093e-6
2.1519253898878046e-5
2.4810423083496407e-5
1.0553304052722624e-5
1.0929092696823199e-5
1.9556835289967936e-6
1.300617584745862e-6
7.3380229867981134e-6
3.6068274970700636e-6
0.0
9.536111888628864e-6
8.378877281749944e-6
2.3094539664496457e-5
3.7387497406223895e-5
6.864995837233929e-5
8.704278754265996e-5
0.00011980824939965264
0.00014241201941515624
0.00018497261431431797
0.0001961077681890571
0.00024011332279189732
0.00026734875096678647
0.00031922961120982833
0.00033399236593792826
0.0003625235818866142
0.0015614501212607987
0.001391490886954467
0.0007652366845982981
0.0005296222896289014
0.00037844112679878277
0.00027443001547634984
0.00024347193160047977
0.00010730746808980477
7.577978722929916e-5
4.354507637741963e-5
4.628033234806986e-5
0.0002455021497895425
0.0004395111612203325
0.0005046150824996628
0.0005564822358374512
0.0005904448697810912
0.0
0.0
0.0
0.0
1.5145012732302766e-6
8.097331876078572e-6
2.9761257879633468e-5
6.577195312699895e-5
0.0010765216018331855
0.0009256274300551774
0.0003061543512781317
9.000843561376447e-5
2.1680949605833046e-5
3.3282557556712057e-7
6.426009988040124e-7
0.0
0.0
0.0
0.0
8.999947221203152e-6
2.7862896303773485e-5
0.00010864873354812417
0.00020609777159000958
0.00029125004971977794
0.0
0.0
0.0
0.0
0.0
3.927859138293439e-6
5.279134270101866e-5
0.00011197081459745916
0.0010981028611391221
0.0010939746860944334
0.0005274331712743209
0.00030581230440365515
0.0001890844895832678
8.54208369064277e-5
4.7025048535005806e-5
1.286075513153915e-6
0.0
0.0
0.0
1.7760913151505195e-5
0.00010078882865418613
0.000186098403161148
0.00027204076977647474
0.00032558618234438086
0.0
0.0
0.0
0.0
2.9409937150757214e-6
3.255945600592567e-5
4.264315913676851e-5
3.9849756982339256e-5
0.0010273396500866045
0.000925525117835542
0.00030936820121760705
5.365958299231054e-5
9.774163877438228e-7
0.0
0.0
0.0
0.0
0.0
0.0
4.783530831310682e-6
3.964916937108832e-6
6.556037974691088e-6
2.9046695596504587e-5
5.3177123076950774e-5
0.0
0.0
0.0
0.0
0.0
0.0
0.0
0.0
0.0005815766058508694
0.000571458781990911
0.00019611194903548952
0.00011986008990389404
6.153769273898704e-5
2.0554010723013786e-5
4.879432889928282e-5
0.0
0.0
0.0
0.0
0.00010766863394012792
0.000189240425976233
0.00021646929950151317
0.00027498698115675254
0.00029738586180079837
0.0
0.0
0.0
0.0
0.0
0.0
0.0
0.0
0.0007901720298638329
0.0007194353744709354
0.0005009828984527342
0.0003876494023588729
0.0003180245930695401
0.0003189836174890197
0.00040102524225405823
0.0003679154301563653
0.00038040368029206186
0.00042158148532236295
0.00042810477596273987
0.00048827652031728817
0.0
0.0
0.0
0.0
0.0
0.0
0.0
0.0
0.0
0.0
0.0
0.0
0.0
0.0
0.0
0.0
0.0
0.0
0.0
0.0
0.0
0.0
0.0
0.0
0.0
0.0
0.0
0.0
0.0
0.0
0.0
0.0
0.0
0.0
0.0
0.0
0.0008917809164595983
0.0007342271366755491
0.00021157161422288753
7.110003310429567e-5
2.4603875778301694e-5
2.2348676960424166e-6
0.0
0.0
0.0
0.0
0.0
2.452204374659619e-6
2.0459249242906782e-5
5.83093352129774e-5
0.00013377482133341065
0.0001956770126806885
0.0
0.0
0.0
0.0
0.0
0.0
0.0
0.0
0.0008705848170135801
0.000792638095565984
0.0003000746400439124
0.0001678020076897166
6.270366432513882e-5
6.402440617138644e-6
0.0
0.0
0.0
0.0
0.0
3.86708530728083e-6
8.345407184039232e-6
2.606380941385059e-5
5.482661249537539e-5
8.19336641127136e-5
0.0
0.0
0.0
0.0
0.0
0.0
0.0
0.0
0.0006619597085567047
0.000536026190832026
6.985935350141667e-5
3.2708118690413863e-6
0.0
0.0
0.0
0.0
0.0
0.0
0.0
2.6469737887844095e-5
9.372548142472513e-5
0.0001429531380090123
0.00022221282492250222
0.00028318313430484204
0.0
0.0
0.0
0.0
0.0
0.0
0.0
0.0
0.0007723721294096843
0.0006791607230115264
0.00021616710101543974
4.033244169998938e-5
0.0
1.411470461761029e-7
0.0
0.0
0.0
0.0
0.0
0.0
0.0
0.0
0.0
0.0
0.0
0.0
0.0
0.0
0.0
0.0
0.0
0.0
3.922588494140856e-6
3.132787852245214e-5
2.4236975964703366e-6
0.0
0.0
0.0
0.0
0.0
0.0
0.0
0.0
6.348546562767017e-7
5.633788057920053e-6
2.858617363249143e-7
5.732014636307982e-6
5.729744062798326e-5
0.0
0.0
0.0
0.0
0.0
0.0
0.0
0.0
0.0007744257046959716
0.0007833886477801171
0.0005466536760588232
0.00045754298881835095
0.00038079883623970255
0.0003187986574477913
0.00033251020519116934
0.0002636772186577785
0.00020633242771658878
0.00018155033583100485
0.0001952348827424392
0.00028484570319459146
0.0
0.0
0.0
0.0
0.0
0.0
2.015851217386752e-5
4.675207579914134e-5
7.665746184965571e-5
0.00010357315655552994
0.00013837629445837162
0.00014335353227078326
0.0001681523795711451
0.0001540448023061825
0.00016903722402643656
0.00012967100682802253
0.0001162522159493922
7.253975143918013e-5
3.5103427209082786e-5
1.3776364462324364e-5
3.239430119172394e-5
3.099978413921205e-5
5.339803592681429e-5
5.267582296873533e-5
8.564871865723995e-5
7.787606074057823e-5
0.0001013469943682366
0.00012184722487551276
0.0001758869363371345
0.00019223072349194612
0.00025983603301807774
0.0002865216986792715
0.00034769096460219787
0.00033642636905057674
0.0003956382142137942
0.0015448703047283557
0.0014330574988736505
0.0007689701810614299
0.00044492874233708436
0.0002239375153414551
0.00010512213224751123
9.495934983115964e-5
2.128409611864325e-5
1.136241814024337e-6
0.0
0.0
1.9884901327725066e-5
9.056411168699644e-5
0.00020145179569743278
0.000303200864557228
0.00034204063517607965
0.0
0.0
0.0
0.0
0.0
0.0
1.3949053522367485e-5
3.775158956454673e-5
0.0010325446881472061
0.0009877375436507464
0.0004405123817769067
0.00021140529152387686
9.041422430694267e-5
2.064115727073163e-5
1.5383020004727684e-5
4.069998201968042e-6
1.9002112376650232e-6
0.0
0.0
2.664462559454669e-5
8.328376484159966e-5
9.97643839980521e-5
0.00011703750223396928
0.00011485809971668369
0.0
0.0
0.0
0.0
0.0
0.0
0.0
0.0
0.00020109407136009204
0.00020190763598491922
1.785471861169412e-6
0.0
0.0
0.0
1.2479041991007876e-6
0.0
0.0
0.0
0.0
2.5095465844099203e-5
0.00011266322785796423
0.00018662508634238834
0.0002900628712651427
0.0003539241300155896
0.0
0.0
0.0
0.0
0.0
0.0
4.342003208369957e-6
2.7824269960565892e-5
0.0009963607230718476
0.0009447252830514649
0.0003393723061100686
0.00012216304710212098
1.7658963478532978e-5
0.0
0.0
0.0
0.0
0.0
0.0
1.172746642030641e-6
5.783374264596973e-7
1.555540246786837e-6
8.888523454631359e-6
2.8382541135385762e-5
0.0
0.0
0.0
0.0
0.0
0.0
0.0
0.0
0.0005208479590055316
0.0004875509078478537
9.089660646314077e-5
4.917722853261651e-6
0.0
0.0
0.0
0.0
0.0
0.0
0.0
0.0
4.1650260891854724e-7
0.0
0.0
1.6611057851632059e-6
0.0
0.0
0.0
0.0
0.0
0.0
0.0
0.0
0.0007456194174723826
0.000895953136611395
0.0006841956877251664
0.0005777622621706483
0.0004882901472622251
0.00042434964124970966
0.0004579580164020077
0.000418827830213374
0.0003661659572801651
0.0003223717409381454
0.0003051164662211847
0.0003678378520284675
0.0
0.0
0.0
0.0
0.0
1.2155311141062508e-5
5.396545203125398e-5
9.428253143780615e-5
0.00014747057409921234
0.0001754767053242944
0.00022865028669828583
0.0002777518703907225
0.00033669931374043514
0.00035420206398961143
0.00027512239844477244
0.0001782238321376363
0.00011533677005210317
5.737219202393083e-5
8.36102576226965e-5
5.5277299834604945e-5
5.658318736003229e-6
0.0
0.0
0.0
0.0
0.0
3.84947737926787e-6
1.5764842899028864e-5
2.4509239195011043e-5
4.076907550449643e-5
6.219048593223221e-5
6.854899912917415e-5
0.00010260906084015406
0.0001383461230052217
0.0001896533217340003
0.00021323553225580357
0.001312866052310423
0.0012004596302006153
0.000635820959181314
0.00043058863747718674
0.0002981771514879641
0.000167205261751892
0.00013271279592751015
3.5461967725630944e-5
1.3321918693238108e-5
1.877998725951002e-6
0.0
3.8947335063316446e-5
0.00014320145598455423
0.00021799756321048998
0.0002745876611333825
0.000305694558944519
0.0
0.0
0.0
0.0
0.0
0.0
0.0
0.0
0.0008102881271776953
0.0007827525995499081
0.00034126421092032497
0.00020924223544082184
0.00020386195895618955
0.00019870866884651165
0.00024849827692143364
0.00018495639000674295
0.00016879929401903652
0.00015252702986988368
0.00014986794101204938
0.00033364094993049517
0.0004653332114410306
0.0005150635903340752
0.0005657060078266554
0.0005893881600591627
0.0
0.0
0.0
1.3418813596943487e-6
6.508344555360524e-6
4.138506209560791e-5
6.543366185681509e-5
8.10497639528219e-5
0.0010893620359846727
0.0010155308621407834
0.0005029538660473252
0.00034045809877667475
0.0002170301941683254
0.00010687219383528459
9.774530486504737e-5
2.277711764757987e-5
1.757837198471791e-6
0.0
0.0
2.3655807344687465e-5
9.663656027840793e-5
0.00016168688766151685
0.0002228243346193505
0.00025351458587503033
0.0
0.0
0.0
0.0
0.0
0.0
0.0
2.087334121599212e-6
0.0009091850587181799
0.0008897046809586941
0.00033887781908500177
0.00016178592734797715
6.437918194959824e-5
2.479507944746637e-5
2.0795348956545368e-5
0.0
0.0
0.0
0.0
3.910275271747232e-6
4.700149929344015e-6
3.000438060581482e-5
7.98953414364705e-5
0.00018110193454823757
0.0
0.0
0.0
0.0
0.0
0.0
1.2723803199905376e-6
3.317745415302741e-5
0.0009527756715374783
0.0009270247952821814
0.00036852914789595897
0.0001556047271559572
3.7010591247821596e-5
1.9472260230089127e-6
0.0
0.0
0.0
0.0
0.0
1.1170066344254329e-6
1.2085811155367438e-6
0.0
0.0
1.570858394342973e-5
0.0
0.0
0.0
0.0
0.0
0.0
0.0
0.0
0.00043454594002096465
0.0004395180617656924
0.00019068565149555518
7.215256410607729e-5
1.023507320426294e-5
0.0
0.0
0.0
0.0
0.0
0.0
0.0
0.0
0.0
0.0
0.0
0.0
0.0
0.0
0.0
0.0
0.0
0.0
0.0
0.0
0.0
0.0
0.0
0.0
0.0
0.0
0.0
0.0
0.0
0.0
0.0
0.0
0.0
0.0
0.0
0.0
0.0
0.0
0.0
0.0
0.0
1.431308484047278e-6
1.5148617340372478e-5
0.0010192506265426073
0.000927932497157589
0.0003764607169988861
0.00020033604546403633
0.00011608847053309745
5.477621099232667e-5
3.9558337715926015e-5
0.0
0.0
0.0
0.0
6.582194481096523e-6
3.83953503865426e-6
3.353126738272601e-5
0.00011014274218267491
0.0002080235509743922
0.0
0.0
0.0
0.0
0.0
0.0
0.0
0.0
0.0007912482262442989
0.0007302420229154971
0.00020905367508901643
5.7792591503362544e-5
3.101648768460116e-6
0.0
0.0
0.0
0.0
0.0
0.0
2.764149457294161e-6
4.009163686465849e-6
1.9600252993095114e-5
5.991938133034726e-5
0.00013104057001771743
0.0
0.0
0.0
0.0
0.0
0.0
0.0
0.0
0.0005939913435562553
0.000616407300669226
0.00014256860573276086
2.3614777744756013e-5
0.0
1.3775135180270978e-5
2.9788943704954534e-5
0.0
0.0
0.0
0.0
5.553545185095064e-6
5.8365240696061634e-5
0.0001443375966227238
0.0002652119919450999
0.0003287492691625225
0.0
0.0
0.0
0.0
0.0
0.0
0.0
4.338407683432818e-5
0.0009891501413180296
0.0009926193958882893
0.0005295539376337688
0.0003962594994336717
0.00033631882871399755
0.0002540563936848872
0.00024913697776775777
0.00016061254549190908
0.00010241242829974549
4.330532302024975e-5
1.4539514318776171e-5
0.00015681908283439518
0.00027553713823118536
0.0003776397320143249
0.0004886429257395442
0.0005608116479388672
0.0
0.0
2.3751123425955476e-6
3.6246257156622756e-5
0.0001168635622516763
0.0001636002543298125
0.000269764387763758
0.00029950501293190667
0.0013207321538294071
0.0013029713908056422
0.0007010698533059539
0.0004621808740446035
0.0003191124467357629
0.000218083672385406
0.00023712339483060547
0.00013342641506822506
8.125243114622744e-5
3.29336177585612e-5
1.6757063712355506e-5
0.00015223157365565988
0.0002936376017283814
0.0003632463419888809
0.00042940978537714923
0.00046945518656642786
0.0
0.0
0.0
0.0
0.0
0.0
0.0
0.0
0.0007950142048639869
0.0006623563722204991
0.0004415445454785535
0.000333145172309984
0.00024803634302893423
0.00016762897446340142
0.00018108494372968915
0.00012776093364130702
7.16995482295956e-5
3.825741860112639e-5
2.060970844403989e-5
3.970756605227064e-5
0.0
0.0
0.0
0.0
0.0
0.0
0.0
0.0
0.0
0.0
0.0
0.0
0.0
0.0
0.0
0.0
0.0
0.0
0.0
0.0
0.0
0.0
0.0
0.0
0.0
0.0
0.0
0.0
0.0
0.0
0.0
0.0
0.0
0.0
0.0
0.0
0.0004305359566559046
0.0003590005743679833
1.6429453777826524e-5
0.0
0.0
0.0
0.0
0.0
0.0
0.0
0.0
0.0
0.0
0.0
0.0
0.0
0.0
0.0
0.0
0.0
0.0
0.0
0.0
0.0
0.0
1.5415719791103908e-5
0.0
0.0
0.0
0.0
0.0
0.0
0.0
0.0
0.0
0.0
0.0
0.0
0.0
0.0
0.0
0.0
0.0
0.0
0.0
0.0
0.0
0.0
2.2683553984992004e-5
5.1404096676666074e-5
2.4254473483092135e-6
0.0
0.0
0.0
0.0
0.0
0.0
0.0
0.0
0.0
0.0
0.0
0.0
0.0
0.0
0.0
0.0
0.0
0.0
0.0
0.0
0.0
5.242411046812732e-6
4.014610364602689e-5
1.8155803418266791e-6
0.0
0.0
0.0
0.0
0.0
0.0
0.0
0.0
0.0
8.782261348097723e-7
0.0
0.0
2.449732289173496e-6
0.0
0.0
0.0
0.0
0.0
0.0
0.0
0.0
0.00028539178513791656
0.00031106351700143964
3.641791347826817e-5
1.6956914655500223e-6
0.0
0.0
3.527185606881764e-6
0.0
0.0
0.0
0.0
4.538124374104691e-5
0.0001535670973643062
0.0001942264290714737
0.00022483294989678198
0.00023919000349873192
0.0
0.0
0.0
0.0
0.0
0.0
0.0
0.0
0.0006524492702980236
0.0005888662707534474
0.00038573416111529384
0.000285329374613562
0.00019742545670420306
0.0001302020930974587
0.00017416697181246385
0.00022659452208655554
0.00026680947149015596
0.0002908717516229685
0.00029844453968452296
0.0003222147604191756
0.0
0.0
0.0
0.0
0.0
0.0
0.0
0.0
0.0
0.0
0.0
0.0
7.429536297668405e-7
6.46527861024333e-7
0.0
0.0
0.0
0.0
0.0
0.0
0.0
0.0
0.0
0.0
0.0
0.0
0.0
0.0
0.0
0.0
0.0
0.0
0.0
0.0
0.0
0.0
0.0009392012678655827
0.0007434596114617396
0.00016387141892933063
2.7726938025814953e-5
0.0
0.0
0.0
0.0
0.0
0.0
0.0
2.0882064811644978e-7
0.0
0.0
0.0
0.0
0.0
0.0
0.0
0.0
0.0
0.0
0.0
0.0
0.00034349472011877566
0.0003860798439380915
2.1624014461475642e-5
0.0
0.0
0.0
0.0
0.0
0.0
0.0
0.0
0.0
0.0
0.0
0.0
0.0
0.0
0.0
0.0
0.0
0.0
0.0
0.0
0.0
0.0002390915326685302
0.00028872291694637895
1.8339712071177225e-5
0.0
0.0
0.0
2.0059700853471964e-6
0.0
0.0
0.0
0.0
1.317021370588293e-5
5.568381917640484e-7
4.774458719484636e-6
7.142817094162531e-5
0.00013132090007599283
0.0
0.0
0.0
0.0
0.0
0.0
0.0
0.0
0.000659170133596507
0.0006252128692726179
0.00020615805912304157
9.237185711122856e-5
1.4667493491523135e-5
0.0
0.0
0.0
0.0
0.0
0.0
3.103318372809542e-6
5.17240181422677e-7
1.4498770240064495e-6
2.8829171102484216e-5
8.717823823732146e-5
0.0
0.0
0.0
0.0
0.0
0.0
0.0
0.0
0.000640462650458733
0.0006286599067042465
0.0001914179223833239
7.596745168116225e-5
1.2744128928162593e-5
0.0
0.0
0.0
0.0
0.0
0.0
4.704330670959572e-6
2.7772095779228765e-6
4.270260799988242e-6
4.402625185158414e-5
8.179285910156765e-5
0.0
0.0
0.0
0.0
0.0
0.0
0.0
0.0
0.0004553773263883527
0.0004701889567849988
0.00033384884495634153
0.0002574953802806113
0.00013277505533585102
5.404995866067473e-5
5.737278443404296e-5
3.158143904972163e-5
1.7437751256645803e-5
9.424640291113481e-6
6.119143372274817e-7
0.0
0.0
0.0
0.0
0.0
0.0
0.0
0.0
0.0
0.0
0.0
0.0
0.0
0.0
0.0
0.0
0.0
0.0
0.0
0.0
0.0
0.0
0.0
0.0
0.0
0.0
0.0
0.0
0.0
0.0
2.2854589161722446e-6
4.1326781836047343e-5
5.6706324016225765e-5
8.545294904437356e-5
0.00013081550713758835
0.00014734722689582609
0.00017166995832334911
0.0012309944026639423
0.0009817496032011137
0.0002834050695536654
6.788672902125757e-5
3.007310452123575e-7
0.0
0.0
0.0
0.0
0.0
0.0
0.0
0.0
0.0
0.0
0.0
0.0
0.0
0.0
0.0
0.0
0.0
0.0
0.0
2.983439503551513e-5
3.190202327254523e-5
2.3205451226843557e-6
0.0
0.0
0.0
0.0
0.0
0.0
0.0
0.0
5.126400769967205e-6
7.835747971936177e-6
0.0
5.793065267774769e-7
5.753943868386377e-6
0.0
0.0
0.0
0.0
0.0
0.0
0.0
0.0
0.0005064164425835177
0.0005270605094813889
0.00011881061251771703
2.5277568636687293e-5
0.0
0.0
0.0
0.0
0.0
0.0
0.0
1.1236618582402668e-5
3.423760061128268e-5
0.00010180211496795365
0.00017786787052097901
0.0002549206085282792
0.0
0.0
0.0
0.0
0.0
0.0
0.0
0.0
0.0008372666488454449
0.0007183084432696971
0.0001855804739874337
5.489360625821929e-5
1.9154096618672297e-6
0.0
0.0
0.0
0.0
0.0
0.0
4.0895732031787595e-7
6.1748842239555e-7
0.0
0.0
0.0
0.0
0.0
0.0
0.0
0.0
0.0
0.0
0.0
0.0002793901365851231
0.0002407717907568202
1.7530964546304075e-6
0.0
0.0
0.0
0.0
0.0
0.0
0.0
0.0
0.0
0.0
0.0
0.0
0.0
0.0
0.0
0.0
0.0
0.0
0.0
0.0
0.0
0.00041100951366828265
0.00044141614433395394
0.00021162220020367
0.00011430551183365762
6.12866593470365e-5
2.230233793558666e-5
2.3628370684097737e-5
1.3029535066476784e-5
1.8171671393323097e-6
0.0
0.0
0.0
0.0
0.0
0.0
0.0
0.0
0.0
0.0
0.0
0.0
0.0
0.0
0.0
0.0
0.0
0.0
0.0
0.0
0.0
0.0
0.0
0.0
0.0
0.0
0.0
0.0
0.0
0.0
0.0
0.0
0.0
0.0
0.0
0.0
0.0
0.0
0.0
0.00042715320731868256
0.00029087006616730984
3.0698800615706855e-6
0.0
0.0
0.0
0.0
0.0
0.0
0.0
0.0
7.921256411283917e-7
5.87507339635467e-7
4.743751177334614e-7
5.563892643004724e-7
0.0
0.0
0.0
0.0
0.0
0.0
0.0
0.0
0.0
0.00030334838580071234
0.0002823395496723033
3.855241684039179e-6
0.0
0.0
0.0
0.0
0.0
0.0
0.0
0.0
0.0
0.0
0.0
0.0
0.0
0.0
0.0
0.0
0.0
0.0
0.0
0.0
0.0
0.0002844441643473098
0.00020138457856978738
1.2726443829459975e-6
0.0
0.0
0.0
0.0
0.0
0.0
0.0
0.0
0.0
0.0
0.0
0.0
0.0
0.0
0.0
0.0
0.0
0.0
0.0
0.0
0.0
0.00015768215547311734
0.0001380015806501282
1.250646631315177e-6
0.0
0.0
0.0
0.0
0.0
0.0
0.0
0.0
0.0
0.0
0.0
3.688006717179473e-6
5.728532625072484e-7
0.0
0.0
0.0
0.0
0.0
0.0
0.0
0.0
0.00011339378153055542
0.00011488257386252368
1.1789243019571904e-6
0.0
0.0
0.0
0.0
0.0
0.0
0.0
0.0
3.1905830581514464e-7
1.3469498941146911e-6
0.0
0.0
0.0
0.0
0.0
0.0
0.0
0.0
0.0
0.0
0.0
0.0003711476419193651
0.00037556646073518837
0.0001759787746537486
0.00013919210834893123
9.481873281660036e-5
3.876007508487419e-5
0.0001334837457316458
0.00013891794899598147
0.00010000635460688017
0.00015711156733993025
0.00019939328817731995
0.00026091099989637495
0.0
0.0
0.0
0.0
0.0
0.0
0.0
0.0
0.0
0.0
0.0
0.0
0.0
0.0
0.0
0.0
0.0
0.0
0.0
0.0
0.0
0.0
0.0
0.0
0.0
0.0
0.0
0.0
0.0
0.0
0.0
0.0
0.0
0.0
0.0
0.0
0.0002620250750060638
0.0001579891587656205
0.0
0.0
0.0
0.0
0.0
0.0
0.0
0.0
0.0
3.24166519569214e-6
6.231154788774359e-6
0.0
0.0
0.0
0.0
0.0
0.0
0.0
0.0
0.0
0.0
0.0
5.578530871818541e-5
6.958941223484447e-5
2.5686161391418887e-6
0.0
0.0
0.0
0.0
0.0
0.0
0.0
0.0
0.0
0.0
0.0
0.0
0.0
0.0
0.0
0.0
0.0
0.0
0.0
0.0
0.0
2.0354285036057625e-5
3.4140956634729837e-6
1.916453489892339e-6
0.0
0.0
0.0
0.0
0.0
0.0
0.0
0.0
0.0
0.0
0.0
0.0
0.0
0.0
0.0
0.0
0.0
0.0
0.0
0.0
0.0
0.00019737605829883175
0.0001867338406083407
1.083757814761617e-6
0.0
0.0
0.0
0.0
0.0
0.0
0.0
0.0
0.0
0.0
0.0
0.0
0.0
0.0
0.0
0.0
0.0
0.0
0.0
0.0
0.0
0.00024446281391704144
0.00020417001131606518
1.1903674563823119e-6
0.0
0.0
0.0
0.0
0.0
0.0
0.0
0.0
0.0
0.0
0.0
0.0
0.0
0.0
0.0
0.0
0.0
0.0
0.0
0.0
0.0
3.123678984129144e-6
2.856788899912265e-6
0.0
0.0
0.0
0.0
0.0
0.0
0.0
0.0
0.0
0.0
0.0
0.0
0.0
0.0
0.0
0.0
0.0
0.0
0.0
0.0
0.0
0.0
0.0
0.0
0.0
0.0
0.0
0.0
0.0
0.0
0.0
0.0
0.0
0.0
0.0
0.0
0.0
0.0
0.0
0.0
0.0
0.0
0.0
0.0
0.0
0.0
5.6182518582815455e-5
8.692461438567402e-5
1.3431510251515135e-6
0.0
0.0
0.0
0.0
0.0
0.0
0.0
0.0
0.0
0.0
0.0
0.0
0.0
0.0
0.0
0.0
0.0
0.0
0.0
0.0
0.0
0.00021832200668654082
0.00017994555728665252
1.3298872701539626e-6
0.0
0.0
0.0
0.0
0.0
0.0
0.0
0.0
0.0
0.0
0.0
0.0
0.0
0.0
0.0
0.0
0.0
0.0
0.0
0.0
0.0
7.076013117279414e-5
6.305339691335581e-5
2.332002615461649e-6
0.0
0.0
0.0
0.0
0.0
0.0
0.0
0.0
0.0
0.0
0.0
0.0
0.0
0.0
0.0
0.0
0.0
0.0
0.0
0.0
0.0
3.2544561061071985e-6
2.0565440541136244e-6
1.2288939478719895e-6
0.0
0.0
0.0
0.0
0.0
0.0
0.0
0.0
0.0
0.0
0.0
0.0
0.0
0.0
0.0
0.0
0.0
0.0
0.0
0.0
0.0
1.5446119505501687e-5
4.6148141593582304e-5
1.2963717464484302e-6
0.0
0.0
0.0
0.0
0.0
0.0
0.0
0.0
0.0
0.0
0.0
0.0
0.0
0.0
0.0
0.0
0.0
0.0
0.0
0.0
0.0
0.00013195564839702775
0.0001286984169611752
6.571292633157027e-6
0.0
0.0
0.0
0.0
0.0
0.0
0.0
0.0
0.0
0.0
0.0
0.0
0.0
0.0
0.0
0.0
0.0
0.0
0.0
0.0
0.0
0.0
0.0
0.0
0.0
0.0
0.0
0.0
0.0
0.0
0.0
0.0
0.0
0.0
0.0
0.0
0.0
0.0
0.0
0.0
0.0
0.0
0.0
0.0
0.0
0.0
1.5490764060427692e-5
0.0
0.0
0.0
0.0
0.0
0.0
0.0
0.0
0.0
0.0
0.0
0.0
0.0
0.0
0.0
0.0
0.0
0.0
0.0
0.0
0.0
0.0
0.0
0.0
0.0
0.0
0.0
0.0
0.0
0.0
0.0
0.0
0.0
0.0
0.0
0.0
0.0
0.0
0.0
0.0
0.0
0.0
0.0
0.0
0.0
0.0
0.0
1.1183817235168678e-5
0.0
0.0
0.0
0.0
0.0
0.0
0.0
0.0
0.0
0.0
0.0
0.0
0.0
0.0
0.0
0.0
0.0
0.0
0.0
0.0
0.0
0.0
2.5265954610360214e-6
1.4833902426387405e-5
0.0
0.0
0.0
0.0
0.0
0.0
0.0
0.0
0.0
0.0
1.08402307173124e-5
5.648333697479077e-6
3.1542972297722366e-6
0.0
0.0
0.0
0.0
0.0
0.0
0.0
0.0
0.0
0.00028117119678108
0.00023225232630487547
1.6214967581170396e-6
0.0
0.0
0.0
0.0
0.0
0.0
0.0
0.0
0.0
1.0125824391240382e-6
0.0
0.0
0.0
0.0
0.0
0.0
0.0
0.0
0.0
0.0
0.0
9.382138205483823e-5
6.0277243831328405e-5
1.399950549624815e-7
0.0
0.0
0.0
0.0
0.0
0.0
0.0
0.0
0.0
0.0
0.0
0.0
0.0
0.0
0.0
0.0
0.0
0.0
0.0
0.0
0.0
0.0
0.0
0.0
0.0
0.0
0.0
0.0
0.0
0.0
0.0
0.0
0.0
0.0
0.0
0.0
0.0
0.0
0.0
0.0
0.0
0.0
0.0
0.0
0.0
4.178721856895168e-6
2.7980884174438175e-6
1.5346246240229553e-6
0.0
0.0
0.0
0.0
0.0
0.0
0.0
0.0
0.0
0.0
0.0
0.0
0.0
0.0
0.0
0.0
0.0
0.0
0.0
0.0
0.0
4.178230964939834e-6
4.574371525049944e-5
1.7088099392411179e-6
0.0
0.0
0.0
0.0
0.0
0.0
0.0
0.0
0.0
0.0
0.0
0.0
0.0
0.0
0.0
0.0
0.0
0.0
0.0
0.0
0.0
1.0925191320680962e-5
2.3884410894580802e-6
1.7618383677842184e-6
0.0
0.0
0.0
0.0
0.0
0.0
0.0
0.0
0.0
0.0
0.0
0.0
0.0
0.0
0.0
0.0
0.0
0.0
0.0
0.0
0.0
1.329411389026045e-5
3.529378512570208e-6
1.7751002145153413e-6
0.0
0.0
0.0
0.0
0.0
0.0
0.0
0.0
0.0
0.0
0.0
0.0
0.0
0.0
0.0
0.0
0.0
0.0
0.0
0.0
0.0
1.2290926215567002e-5
4.209989763637995e-5
2.2906461844750355e-6
0.0
0.0
0.0
0.0
0.0
0.0
0.0
0.0
0.0
2.453352160080387e-6
0.0
0.0
0.0
0.0
0.0
0.0
0.0
0.0
0.0
0.0
0.0
0.0001701093187720945
0.00018947989005374877
5.4601787175250074e-5
1.7244723518966885e-6
0.0
0.0
0.0
0.0
0.0
0.0
0.0
0.0
0.0
0.0
0.0
0.0
0.0
0.0
0.0
0.0
0.0
0.0
0.0
0.0
0.0
0.0
0.0
0.0
0.0
0.0
0.0
0.0
0.0
0.0
0.0
0.0
0.0
0.0
0.0
0.0
0.0
0.0
0.0
0.0
0.0
0.0
0.0
0.0
0.0
0.0
0.0
0.0
0.0
0.0
0.0
0.0
0.0
0.0
0.0
0.0
0.0
0.0
0.0
0.0
0.0
0.0
0.0
0.0
0.0
0.0
0.0
0.0
3.122675269529442e-6
1.256260077622829e-5
2.177208844936453e-6
0.0
0.0
0.0
0.0
0.0
0.0
0.0
0.0
0.0
0.0
0.0
0.0
0.0
0.0
0.0
0.0
0.0
0.0
0.0
0.0
0.0
3.058149126971979e-6
2.96606544598764e-5
0.0
0.0
0.0
0.0
0.0
0.0
0.0
0.0
0.0
0.0
0.0
0.0
0.0
0.0
0.0
0.0
0.0
0.0
0.0
0.0
0.0
0.0
3.1869857004160435e-6
1.883192141015945e-6
0.0
0.0
0.0
0.0
0.0
0.0
0.0
0.0
0.0
0.0
0.0
0.0
0.0
0.0
0.0
0.0
0.0
0.0
0.0
0.0
0.0
0.0
0.0
0.0
0.0
0.0
0.0
0.0
0.0
0.0
0.0
0.0
0.0
0.0
0.0
0.0
0.0
0.0
0.0
0.0
0.0
0.0
0.0
0.0
0.0
0.0
2.4709698165985126e-6
2.1978131061213706e-5
0.0
0.0
0.0
0.0
0.0
0.0
0.0
0.0
0.0
0.0
0.0
0.0
0.0
0.0
0.0
0.0
0.0
0.0
0.0
0.0
0.0
0.0
0.0
0.0
0.0
0.0
0.0
0.0
0.0
0.0
0.0
0.0
0.0
0.0
0.0
0.0
0.0
0.0
0.0
0.0
0.0
0.0
0.0
0.0
0.0
0.0
2.5449460377077066e-6
9.293128422173143e-7
0.0
0.0
0.0
0.0
0.0
0.0
0.0
0.0
0.0
0.0
0.0
0.0
0.0
0.0
0.0
0.0
0.0
0.0
0.0
0.0
0.0
0.0
0.0
0.0
0.0
0.0
0.0
0.0
0.0
0.0
0.0
0.0
0.0
0.0
0.0
0.0
0.0
0.0
0.0
0.0
0.0
0.0
0.0
0.0
0.0
0.0
0.0
0.0
0.0
0.0
0.0
0.0
0.0
0.0
0.0
0.0
0.0
0.0
0.0
0.0
0.0
0.0
0.0
0.0
0.0
0.0
0.0
0.0
0.0
0.0
0.0
0.0
0.0
0.0
0.0
0.0
0.0
0.0
0.0
0.0
0.0
0.0
0.0
0.0
0.0
0.0
0.0
0.0
0.0
0.0
0.0
0.0
0.0
0.0
0.0
0.0
0.0
0.0
0.0
0.0
0.0
0.0
0.0
0.0
0.0
0.0
0.0
0.0
0.0
0.0
0.0
0.0
0.0
0.0
0.0
0.0
0.0
0.0
0.0
0.0
0.0
0.0
0.0
0.0
0.0
0.0
0.0
0.0
0.0
0.0
0.0
0.0
0.0
0.0
0.0
0.0
0.0
0.0
0.0
0.0
0.0
0.0
0.0
0.0
0.0
0.0
0.0
0.0
0.0
0.0
0.0
0.0
0.0
0.0
0.0
0.0
0.0
0.0
0.0
0.0
0.0
0.0
0.0
0.0
0.0
0.0
0.0
0.0
0.0
0.0
0.0
0.0
0.0
0.0
0.0
0.0
0.0
0.0
0.0
0.0
0.0
0.0
0.0
0.0
0.0
0.0
0.0
0.0
0.0
0.0
0.0
0.0
0.0
0.0
0.0
0.0
0.0
0.0
0.0
0.0
0.0
0.0
0.0
0.0
0.0
0.0
0.0
0.0
0.0
0.0
0.0
0.0
0.0
0.0
3.8026594205852775e-6
2.023336265172778e-6
0.0
0.0
0.0
0.0
0.0
0.0
0.0
0.0
0.0
0.0
0.0
0.0
0.0
0.0
0.0
0.0
0.0
0.0
0.0
0.0
0.0
0.0
3.2244479696575096e-6
0.0
0.0
0.0
0.0
0.0
0.0
0.0
0.0
0.0
0.0
0.0
0.0
0.0
0.0
0.0
0.0
0.0
0.0
0.0
0.0
0.0
0.0
0.0
0.0
0.0
0.0
0.0
0.0
0.0
0.0
0.0
0.0
0.0
0.0
0.0
0.0
0.0
0.0
0.0
0.0
0.0
0.0
0.0
0.0
0.0
0.0
0.0
0.0
0.0
0.0
0.0
0.0
0.0
0.0
0.0
0.0
0.0
0.0
0.0
0.0
0.0
0.0
0.0
0.0
0.0
0.0
0.0
0.0
0.0
0.0
0.0
0.0
0.0
0.0
0.0
0.0
0.0
0.0
0.0
0.0
0.0
0.0
0.0
0.0
0.0
0.0
0.0
0.0
0.0
0.0
0.0
0.0
0.0
0.0
0.0
3.015802928022127e-6
1.1362136587091728e-6
0.0
0.0
0.0
0.0
0.0
0.0
0.0
0.0
0.0
0.0
0.0
0.0
0.0
0.0
0.0
0.0
0.0
0.0
0.0
0.0
0.0
0.0
1.150764676273301e-6
0.0
0.0
0.0
0.0
0.0
0.0
0.0
0.0
0.0
0.0
0.0
0.0
0.0
0.0
0.0
0.0
0.0
0.0
0.0
0.0
0.0
0.0
0.0
3.463195830340488e-6
4.2847813224246505e-6
4.74598851640189e-7
0.0
0.0
0.0
0.0
0.0
0.0
0.0
0.0
0.0
0.0
0.0
0.0
0.0
0.0
0.0
0.0
0.0
0.0
0.0
0.0
0.0
1.1659226106077118e-6
0.0
0.0
0.0
0.0
0.0
0.0
0.0
0.0
0.0
0.0
0.0
0.0
0.0
0.0
0.0
0.0
0.0
0.0
0.0
0.0
0.0
0.0
0.0
0.0
0.0
0.0
0.0
0.0
0.0
0.0
0.0
0.0
0.0
0.0
0.0
0.0
0.0
0.0
0.0
0.0
0.0
0.0
0.0
0.0
0.0
0.0
0.0
0.0
0.0
0.0
0.0
0.0
0.0
0.0
0.0
0.0
0.0
0.0
0.0
0.0
0.0
0.0
0.0
0.0
0.0
0.0
0.0
0.0
0.0
0.0
0.0
0.0
0.0
0.0
0.0
0.0
0.0
0.0
0.0
0.0
0.0
0.0
0.0
0.0
0.0
0.0
0.0
0.0
0.0
0.0
0.0
0.0
0.0
0.0
0.0
0.0
0.0
0.0
0.0
0.0
0.0
0.0
0.0
0.0
0.0
0.0
0.0
0.0
0.0
0.0
0.0
0.0
0.0
0.0
0.0
0.0
0.0
0.0
0.0
0.0
0.0
0.0
0.0
0.0
0.0
0.0
0.0
0.0
0.0
0.0
0.0
0.0
0.0
0.0
0.0
0.0
0.0
0.0
0.0
0.0
0.0
0.0
0.0
2.324609511557823e-6
4.676660675984303e-6
0.0
0.0
0.0
0.0
0.0
0.0
0.0
0.0
0.0
0.0
0.0
0.0
0.0
0.0
0.0
0.0
0.0
0.0
0.0
0.0
0.0
0.0
2.421253769618888e-6
0.0
0.0
0.0
0.0
0.0
0.0
0.0
0.0
0.0
0.0
0.0
0.0
0.0
0.0
0.0
0.0
0.0
0.0
0.0
0.0
0.0
0.0
0.0
0.0
0.0
0.0
0.0
0.0
0.0
0.0
0.0
0.0
0.0
0.0
0.0
0.0
0.0
0.0
0.0
0.0
0.0
0.0
0.0
0.0
0.0
0.0
0.0
0.0
0.0
0.0
0.0
0.0
0.0
0.0
0.0
0.0
0.0
0.0
0.0
0.0
0.0
0.0
0.0
0.0
0.0
0.0
0.0
0.0
0.0
0.0
0.0
0.0
0.0
0.0
0.0
0.0
0.0
0.0
0.0
0.0
0.0
0.0
0.0
0.0
0.0
0.0
0.0
0.0
0.0
0.0
0.0
0.0
0.0
0.0
0.0
0.0
0.0
0.0
0.0
0.0
0.0
0.0
0.0
0.0
0.0
0.0
0.0
0.0
0.0
0.0
0.0
0.0
0.0
0.0
0.0
0.0
0.0
0.0
0.0
0.0
0.0
0.0
0.0
0.0
0.0
0.0
0.0
0.0
0.0
0.0
0.0
0.0
0.0
0.0
0.0
0.0
0.0
0.0
0.0
0.0
0.0
0.0
0.0
0.0
0.0
0.0
0.0
0.0
0.0
0.0
0.0
0.0
0.0
0.0
0.0
0.0
0.0
0.0
0.0
0.0
0.0
0.0
0.0
0.0
0.0
0.0
0.0
0.0
0.0
0.0
0.0
0.0
0.0
0.0
0.0
0.0
0.0
0.0
0.0
0.0
0.0
0.0
0.0
0.0
0.0
0.0
0.0
0.0
0.0
0.0
0.0
0.0
0.0
0.0
0.0
0.0
0.0
0.0
0.0
0.0
0.0
0.0
0.0
0.0
0.0
0.0
0.0
0.0
0.0
0.0
0.0
0.0
0.0
0.0
0.0
0.0
0.0
0.0
0.0
0.0
0.0
0.0
0.0
0.0
0.0
0.0
0.0
0.0
0.0
0.0
0.0
0.0
0.0
0.0
0.0
0.0
0.0
0.0
0.0
0.0
0.0
0.0
0.0
0.0
0.0
0.0
0.0
0.0
0.0
0.0
0.0
0.0
0.0
0.0
0.0
0.0
0.0
0.0
0.0
0.0
0.0
0.0
0.0
0.0
0.0
0.0
0.0
0.0
0.0
0.0
0.0
0.0
0.0
0.0
0.0
0.0
0.0
0.0
0.0
0.0
0.0
0.0
0.0
0.0
0.0
0.0
0.0
0.0
0.0
0.0
0.0
0.0
0.0
0.0
0.0
0.0
0.0
0.0
0.0
0.0
0.0
0.0
0.0
0.0
0.0
0.0
0.0
0.0
0.0
0.0
0.0
1.1241103474194868e-6
0.0
0.0
0.0
0.0
0.0
0.0
0.0
0.0
0.0
0.0
0.0
0.0
0.0
0.0
0.0
0.0
0.0
0.0
0.0
0.0
0.0
0.0
0.0
0.0
0.0
0.0
0.0
0.0
0.0
0.0
0.0
0.0
0.0
0.0
0.0
0.0
0.0
0.0
0.0
0.0
0.0
0.0
0.0
0.0
0.0
0.0
0.0
0.0
0.0
0.0
0.0
0.0
0.0
0.0
0.0
0.0
0.0
0.0
0.0
0.0
0.0
0.0
0.0
0.0
0.0
0.0
0.0
0.0
0.0
0.0
0.0
0.0
0.0
0.0
0.0
0.0
0.0
0.0
0.0
0.0
0.0
0.0
0.0
0.0
0.0
0.0
0.0
0.0
0.0
0.0
0.0
0.0
0.0
0.0
0.0
0.0
0.0
0.0
0.0
0.0
0.0
0.0
0.0
0.0
0.0
0.0
0.0
0.0
0.0
0.0
0.0
0.0
0.0
0.0
0.0
0.0
0.0
0.0
0.0
0.0
0.0
0.0
0.0
0.0
0.0
0.0
0.0
0.0
0.0
0.0
0.0
0.0
0.0
0.0
0.0
0.0
0.0
0.0
0.0
0.0
0.0
0.0
0.0
0.0
0.0
0.0
0.0
0.0
0.0
0.0
0.0
0.0
0.0
0.0
0.0
0.0
0.0
0.0
0.0
0.0
0.0
0.0
0.0
0.0
0.0
0.0
0.0
0.0
0.0
0.0
0.0
0.0
0.0
0.0
0.0
0.0
0.0
0.0
0.0
0.0
0.0
0.0
0.0
0.0
0.0
0.0
0.0
0.0
0.0
0.0
0.0
0.0
0.0
0.0
0.0
0.0
0.0
0.0
0.0
0.0
0.0
0.0
0.0
0.0
0.0
0.0
0.0
0.0
0.0
0.0
0.0
0.0
0.0
0.0
0.0
2.947740208051434e-6
1.2521031098265214e-6
0.0
0.0
0.0
0.0
0.0
0.0
0.0
0.0
0.0
0.0
0.0
0.0
0.0
0.0
0.0
0.0
0.0
0.0
0.0
0.0
0.0
0.0
1.6160230866351762e-6
8.482407527601664e-7
0.0
0.0
0.0
0.0
0.0
0.0
0.0
0.0
0.0
0.0
0.0
0.0
0.0
0.0
0.0
0.0
0.0
0.0
0.0
0.0
0.0
0.0
0.0
0.0
0.0
0.0
0.0
0.0
0.0
0.0
0.0
0.0
0.0
0.0
0.0
0.0
0.0
0.0
0.0
0.0
0.0
0.0
0.0
0.0
0.0
0.0
0.0
0.0
0.0
0.0
0.0
0.0
0.0
0.0
0.0
0.0
0.0
0.0
0.0
0.0
0.0
0.0
0.0
0.0
0.0
0.0
0.0
0.0
0.0
0.0
0.0
0.0
0.0
0.0
0.0
0.0
0.0
0.0
0.0
0.0
0.0
0.0
0.0
0.0
0.0
0.0
0.0
0.0
0.0
0.0
0.0
0.0
0.0
0.0
0.0
0.0
0.0
0.0
0.0
0.0
0.0
0.0
0.0
0.0
0.0
0.0
0.0
0.0
0.0
0.0
0.0
0.0
0.0
0.0
0.0
0.0
0.0
0.0
0.0
0.0
0.0
0.0
0.0
0.0
0.0
0.0
0.0
0.0
0.0
0.0
0.0
0.0
0.0
0.0
0.0
0.0
0.0
0.0
0.0
0.0
0.0
0.0
0.0
0.0
0.0
0.0
0.0
0.0
0.0
0.0
0.0
0.0
0.0
0.0
0.0
0.0
0.0
0.0
0.0
0.0
0.0
0.0
0.0
0.0
0.0
0.0
0.0
0.0
0.0
0.0
0.0
0.0
0.0
0.0
0.0
0.0
0.0
0.0
0.0
0.0
0.0
0.0
0.0
0.0
0.0
0.0
0.0
0.0
0.0
0.0
0.0
0.0
0.0
0.0
0.0
0.0
0.0
0.0
0.0
0.0
0.0
0.0
0.0
0.0
0.0
0.0
0.0
0.0
0.0
0.0
0.0
0.0
0.0
0.0
0.0
0.0
0.0
0.0
0.0
0.0
0.0
0.0
0.0
0.0
0.0
0.0
0.0
0.0
0.0
0.0
0.0
0.0
0.0
0.0
0.0
0.0
0.0
0.0
0.0
0.0
0.0
0.0
0.0
0.0
0.0
0.0
0.0
0.0
0.0
0.0
0.0
0.0
0.0
0.0
0.0
0.0
0.0
0.0
0.0
0.0
0.0
0.0
0.0
0.0
0.0
0.0
0.0
0.0
0.0
0.0
0.0
0.0
0.0
0.0
0.0
0.0
0.0
0.0
0.0
0.0
0.0
0.0
0.0
0.0
0.0
0.0
0.0
0.0
0.0
0.0
0.0
0.0
0.0
0.0
0.0
0.0
0.0
0.0
0.0
0.0
0.0
0.0
0.0
0.0
0.0
0.0
0.0
0.0
0.0
0.0
0.0
0.0
0.0
0.0
0.0
0.0
0.0
0.0
0.0
0.0
0.0
0.0
0.0
0.0
0.0
0.0
0.0
0.0
0.0
0.0
0.0
0.0
0.0
0.0
0.0
0.0
0.0
0.0
0.0
0.0
0.0
0.0
0.0
0.0
0.0
0.0
0.0
0.0
0.0
0.0
0.0
0.0
0.0
0.0
0.0
0.0
0.0
0.0
0.0
0.0
0.0
0.0
0.0
0.0
0.0
0.0
0.0
0.0
0.0
0.0
0.0
0.0
0.0
0.0
0.0
0.0
0.0
0.0
0.0
0.0
0.0
0.0
0.0
0.0
0.0
0.0
0.0
0.0
0.0
0.0
0.0
0.0
0.0
0.0
0.0
0.0
0.0
0.0
0.0
0.0
0.0
0.0
0.0
0.0
0.0
0.0
0.0
0.0
0.0
0.0
0.0
0.0
0.0
0.0
0.0
0.0
0.0
0.0
0.0
0.0
0.0
0.0
0.0
0.0
0.0
0.0
0.0
0.0
0.0
0.0
0.0
0.0
0.0
0.0
0.0
0.0
0.0
0.0
0.0
0.0
0.0
0.0
0.0
0.0
0.0
0.0
0.0
0.0
0.0
0.0
0.0
0.0
0.0
0.0
0.0
0.0
0.0
0.0
0.0
0.0
0.0
0.0
0.0
0.0
0.0
0.0
0.0
0.0
0.0
0.0
0.0
0.0
0.0
0.0
0.0
0.0
0.0
0.0
0.0
0.0
0.0
0.0
0.0
0.0
0.0
0.0
0.0
0.0
0.0
0.0
0.0
0.0
0.0
0.0
0.0
0.0
0.0
0.0
0.0
0.0
0.0
0.0
0.0
0.0
0.0
0.0
0.0
0.0
0.0
0.0
0.0
0.0
0.0
0.0
0.0
0.0
0.0
0.0
0.0
0.0
0.0
0.0
0.0
0.0
0.0
0.0
0.0
0.0
0.0
0.0
0.0
0.0
0.0
0.0
0.0
0.0
0.0
0.0
0.0
0.0
0.0
0.0
0.0
0.0
0.0
0.0
0.0
0.0
0.0
0.0
0.0
0.0
0.0
0.0
0.0
0.0
0.0
0.0
0.0
0.0
0.0
0.0
0.0
0.0
0.0
0.0
0.0
0.0
0.0
0.0
0.0
0.0
0.0
0.0
0.0
0.0
0.0
0.0
0.0
0.0
0.0
0.0
0.0
0.0
0.0
0.0
0.0
0.0
0.0
0.0
0.0
0.0
0.0
0.0
0.0
0.0
0.0
0.0
0.0
0.0
0.0
0.0
0.0
0.0
0.0
0.0
0.0
0.0
0.0
0.0
0.0
0.0
0.0
0.0
0.0
0.0
0.0
0.0
0.0
0.0
0.0
0.0
0.0
0.0
0.0
0.0
0.0
0.0
0.0
0.0
0.0
0.0
0.0
0.0
0.0
0.0
0.0
0.0
0.0
0.0
0.0
0.0
0.0
0.0
0.0
0.0
0.0
0.0
0.0
0.0
0.0
0.0
0.0
0.0
0.0
0.0
0.0
0.0
0.0
0.0
0.0
0.0
0.0
0.0
0.0
0.0
0.0
0.0
0.0
0.0
0.0
0.0
0.0
0.0
0.0
0.0
0.0
0.0
0.0
0.0
0.0
0.0
0.0
0.0
0.0
0.0
0.0
0.0
0.0
0.0
0.0
0.0
0.0
0.0
0.0
0.0
0.0
0.0
0.0
0.0
0.0
0.0
0.0
0.0
0.0
0.0
0.0
0.0
0.0
0.0
0.0
0.0
0.0
0.0
0.0
0.0
0.0
0.0
0.0
0.0
0.0
0.0
0.0
0.0
0.0
0.0
0.0
0.0
0.0
0.0
0.0
0.0
0.0
0.0
0.0
0.0
0.0
0.0
0.0
0.0
0.0
0.0
0.0
0.0
0.0
0.0
0.0
0.0
0.0
0.0
0.0
0.0
0.0
0.0
0.0
0.0
0.0
0.0
0.0
0.0
0.0
0.0
0.0
0.0
0.0
0.0
0.0
0.0
0.0
0.0
0.0
0.0
0.0
0.0
0.0
0.0
0.0
0.0
0.0
0.0
0.0
0.0
0.0
0.0
0.0
0.0
0.0
0.0
0.0
0.0
3.314086708239168e-6
2.885026337615465e-5
0.0
0.0
0.0
0.0
0.0
0.0
0.0
0.0
0.0
0.0
0.0
0.0
0.0
0.0
0.0
0.0
0.0
0.0
0.0
0.0
0.0
0.0
2.529553029925739e-6
2.1529993842150622e-5
0.0
0.0
0.0
0.0
0.0
0.0
0.0
0.0
0.0
0.0
0.0
0.0
0.0
0.0
0.0
0.0
0.0
0.0
0.0
0.0
0.0
0.0
0.0
0.0
0.0
0.0
0.0
0.0
0.0
0.0
0.0
0.0
0.0
0.0
0.0
0.0
0.0
0.0
0.0
0.0
0.0
0.0
0.0
0.0
0.0
0.0
0.0
0.0
0.0
0.0
0.0
0.0
0.0
0.0
0.0
0.0
0.0
0.0
0.0
0.0
0.0
0.0
0.0
0.0
0.0
0.0
0.0
0.0
0.0
0.0
0.0
0.0
0.0
0.0
0.0
0.0
0.0
0.0
0.0
0.0
0.0
0.0
0.0
0.0
0.0
0.0
0.0
0.0
0.0
0.0
0.0
0.0
0.0
0.0
0.0
0.0
0.0
0.0
0.0
0.0
0.0
0.0
0.0
0.0
0.0
0.0
0.0
0.0
0.0
0.0
0.0
0.0
0.0
0.0
0.0
0.0
0.0
0.0
3.274970085506381e-6
2.5183292878067975e-5
0.0
0.0
0.0
0.0
0.0
0.0
0.0
0.0
0.0
0.0
0.0
0.0
0.0
0.0
0.0
0.0
0.0
0.0
0.0
0.0
0.0
0.0
9.873254799893807e-7
4.283510070189447e-6
0.0
0.0
0.0
0.0
0.0
0.0
0.0
0.0
0.0
0.0
0.0
0.0
0.0
0.0
0.0
0.0
0.0
0.0
0.0
0.0
0.0
0.0
2.4465918567301726e-6
2.1108888974968683e-5
0.0
0.0
0.0
0.0
0.0
0.0
0.0
0.0
0.0
0.0
0.0
0.0
0.0
0.0
0.0
0.0
0.0
0.0
0.0
0.0
0.0
0.0
0.0
8.611993904206173e-7
0.0
0.0
0.0
0.0
0.0
0.0
0.0
0.0
0.0
0.0
0.0
0.0
0.0
0.0
0.0
0.0
0.0
0.0
0.0
0.0
0.0
0.0
0.0
0.0
0.0
0.0
0.0
0.0
0.0
0.0
0.0
0.0
0.0
0.0
0.0
0.0
0.0
0.0
0.0
0.0
0.0
0.0
0.0
0.0
0.0
0.0
0.0
0.0
0.0
0.0
0.0
0.0
0.0
0.0
0.0
0.0
0.0
0.0
0.0
0.0
0.0
0.0
0.0
0.0
0.0
0.0
0.0
0.0
0.0
0.0
1.6921550423673654e-6
7.370650337213533e-7
0.0
0.0
0.0
0.0
0.0
0.0
0.0
0.0
0.0
0.0
0.0
0.0
0.0
0.0
0.0
0.0
0.0
0.0
0.0
0.0
0.0
0.0
2.546706176900798e-6
2.7324590546142282e-5
0.0
0.0
0.0
0.0
0.0
0.0
0.0
0.0
0.0
0.0
0.0
0.0
0.0
0.0
0.0
0.0
0.0
0.0
0.0
0.0
0.0
0.0
4.268624364196291e-6
4.921538558064114e-5
1.1717866182569444e-6
0.0
0.0
0.0
0.0
0.0
0.0
0.0
0.0
0.0
0.0
0.0
0.0
0.0
0.0
0.0
0.0
0.0
0.0
0.0
0.0
0.0
1.6717728193015655e-6
6.695978837926704e-6
0.0
0.0
0.0
0.0
0.0
0.0
0.0
0.0
0.0
0.0
0.0
0.0
0.0
0.0
0.0
0.0
0.0
0.0
0.0
0.0
0.0
0.0
0.0
0.0
0.0
0.0
0.0
0.0
0.0
0.0
0.0
0.0
0.0
0.0
0.0
0.0
0.0
0.0
0.0
0.0
0.0
0.0
0.0
0.0
0.0
0.0
0.0
0.0
0.0
0.0
0.0
0.0
0.0
0.0
0.0
0.0
0.0
0.0
0.0
0.0
0.0
0.0
0.0
0.0
0.0
0.0
0.0
0.0
0.0
0.0
1.3868271165972399e-5
5.227544517819062e-5
2.727250620785731e-6
0.0
0.0
0.0
0.0
0.0
0.0
0.0
0.0
0.0
0.0
0.0
0.0
0.0
0.0
0.0
0.0
0.0
0.0
0.0
0.0
0.0
2.5003641752635018e-6
3.1587605487502273e-5
2.4750430894524543e-7
0.0
0.0
0.0
0.0
0.0
0.0
0.0
0.0
0.0
0.0
0.0
0.0
0.0
0.0
0.0
0.0
0.0
0.0
0.0
0.0
0.0
1.7633084337095564e-6
1.1675264398104795e-5
0.0
0.0
0.0
0.0
0.0
0.0
0.0
0.0
0.0
0.0
0.0
0.0
0.0
0.0
0.0
0.0
0.0
0.0
0.0
0.0
0.0
0.0
5.901620508905847e-7
7.287364995311917e-6
0.0
0.0
0.0
0.0
0.0
0.0
0.0
0.0
0.0
0.0
0.0
0.0
0.0
0.0
0.0
0.0
0.0
0.0
0.0
0.0
0.0
0.0
0.0
0.0
0.0
0.0
0.0
0.0
0.0
0.0
0.0
0.0
0.0
0.0
0.0
0.0
0.0
0.0
0.0
0.0
0.0
0.0
0.0
0.0
0.0
0.0
0.0
0.0
0.0
0.0
0.0
0.0
0.0
0.0
0.0
0.0
0.0
0.0
0.0
0.0
0.0
0.0
0.0
0.0
0.0
0.0
0.0
0.0
0.0
0.0
0.0
0.0
0.0
0.0
0.0
0.0
0.0
0.0
0.0
0.0
0.0
0.0
0.0
0.0
0.0
0.0
0.0
0.0
0.0
0.0
0.0
0.0
0.0
0.0
2.359457252148728e-6
1.9101969769649816e-5
0.0
0.0
0.0
0.0
0.0
0.0
0.0
0.0
0.0
0.0
0.0
0.0
0.0
0.0
0.0
0.0
0.0
0.0
0.0
0.0
0.0
0.0
2.3850347515280352e-6
2.4239740869659878e-5
0.0
0.0
0.0
0.0
0.0
0.0
0.0
0.0
0.0
0.0
0.0
0.0
0.0
0.0
0.0
0.0
0.0
0.0
0.0
0.0
0.0
0.0
2.4201218280203685e-6
1.6518426056155078e-5
0.0
0.0
0.0
0.0
0.0
0.0
0.0
0.0
0.0
0.0
0.0
0.0
0.0
0.0
0.0
0.0
0.0
0.0
0.0
0.0
0.0
0.0
5.494762499228655e-7
2.8513035817760722e-6
0.0
0.0
0.0
0.0
0.0
0.0
0.0
0.0
0.0
0.0
0.0
0.0
0.0
0.0
0.0
0.0
0.0
0.0
0.0
0.0
0.0
0.0
1.300251326516473e-5
5.136517566322124e-5
1.4633429324598598e-6
0.0
0.0
0.0
0.0
0.0
0.0
0.0
0.0
0.0
0.0
0.0
0.0
0.0
0.0
0.0
0.0
0.0
0.0
0.0
0.0
0.0
4.0941581082566274e-5
0.00010068394565048229
3.5099343977126514e-7
0.0
0.0
0.0
0.0
0.0
0.0
0.0
0.0
0.0
0.0
0.0
0.0
0.0
0.0
0.0
0.0
0.0
0.0
0.0
0.0
0.0
0.0
0.0
0.0
0.0
0.0
0.0
0.0
0.0
0.0
0.0
0.0
0.0
0.0
0.0
0.0
0.0
0.0
0.0
0.0
0.0
0.0
0.0
0.0
0.0
3.0101761070787764e-6
3.170796554416862e-5
4.5322090626286893e-7
0.0
0.0
0.0
0.0
0.0
0.0
0.0
0.0
0.0
0.0
0.0
0.0
0.0
0.0
0.0
0.0
0.0
0.0
0.0
0.0
0.0
2.2593890918409206e-6
1.7600166636396316e-5
0.0
0.0
0.0
0.0
0.0
0.0
0.0
0.0
0.0
0.0
0.0
0.0
0.0
0.0
0.0
0.0
0.0
0.0
0.0
0.0
0.0
0.0
0.0
0.0
0.0
0.0
0.0
0.0
0.0
0.0
0.0
0.0
0.0
0.0
0.0
0.0
0.0
0.0
0.0
0.0
0.0
0.0
0.0
0.0
0.0
0.0
2.2995716035602754e-6
2.1488567555196184e-5
0.0
0.0
0.0
0.0
0.0
0.0
0.0
0.0
0.0
0.0
0.0
0.0
0.0
0.0
0.0
0.0
0.0
0.0
0.0
0.0
0.0
0.0
3.272056768812007e-6
4.0725766481514686e-5
1.6390655445069408e-6
0.0
0.0
0.0
0.0
0.0
0.0
0.0
0.0
0.0
0.0
0.0
0.0
0.0
0.0
0.0
0.0
0.0
0.0
0.0
0.0
0.0
3.1952970946481902e-6
3.8260741551227565e-5
0.0
0.0
0.0
0.0
5.829056758336019e-6
0.0
0.0
0.0
0.0
0.0
0.0
0.0
0.0
0.0
0.0
0.0
0.0
0.0
0.0
0.0
0.0
0.0
0.0
0.0
0.0
0.0
0.0
0.0
0.0
0.0
0.0
0.0
0.0
0.0
0.0
0.0
0.0
0.0
0.0
0.0
0.0
0.0
0.0
0.0
0.0
0.0
0.0
1.2004161662283165e-5
0.0
0.0
0.0
0.0
0.0
0.0
0.0
0.0
0.0
0.0
0.0
0.0
0.0
0.0
0.0
0.0
0.0
0.0
0.0
0.0
0.0
0.0
0.0
1.3441335209186322e-6
0.0
0.0
0.0
0.0
0.0
0.0
0.0
0.0
0.0
0.0
0.0
0.0
0.0
0.0
0.0
0.0
0.0
0.0
0.0
0.0
0.0
0.0
0.0
1.4021894673842559e-5
0.0
0.0
0.0
0.0
0.0
0.0
0.0
0.0
0.0
0.0
0.0
0.0
0.0
0.0
0.0
0.0
0.0
0.0
0.0
0.0
0.0
0.0
3.289308058839866e-6
4.6100072850409166e-5
2.25046785195499e-6
0.0
0.0
0.0
0.0
0.0
0.0
0.0
0.0
0.0
0.0
0.0
0.0
0.0
0.0
0.0
0.0
0.0
0.0
0.0
0.0
0.0
5.4909132275645216e-5
0.00015293776055983225
1.327923992974898e-6
0.0
0.0
0.0
0.0
0.0
0.0
0.0
0.0
0.0
0.0
0.0
0.0
0.0
0.0
0.0
0.0
0.0
0.0
0.0
0.0
0.0
7.3067628275211514e-6
4.0001313032374705e-5
0.0
0.0
0.0
0.0
0.0
0.0
0.0
0.0
0.0
0.0
0.0
0.0
0.0
0.0
0.0
0.0
0.0
0.0
0.0
0.0
0.0
0.0
0.0
0.0
0.0
0.0
0.0
0.0
0.0
0.0
0.0
0.0
0.0
0.0
0.0
0.0
0.0
0.0
0.0
0.0
0.0
0.0
0.0
0.0
0.0
0.0
0.0
0.0
0.0
0.0
0.0
0.0
0.0
0.0
0.0
0.0
0.0
0.0
0.0
0.0
0.0
0.0
0.0
0.0
0.0
0.0
0.0
0.0
0.0
0.0
0.00016185769906915205
0.0002091020546741762
2.543202507500192e-6
0.0
0.0
0.0
0.0
0.0
0.0
0.0
0.0
0.0
0.0
0.0
0.0
0.0
0.0
0.0
0.0
0.0
0.0
0.0
0.0
0.0
9.065412653404996e-6
3.3213935493364585e-5
2.329840121646362e-6
0.0
0.0
0.0
0.0
0.0
0.0
0.0
0.0
0.0
0.0
0.0
0.0
0.0
0.0
0.0
0.0
0.0
0.0
0.0
0.0
0.0
2.973580401028348e-6
2.7642632569961853e-5
4.580431107996495e-7
0.0
0.0
0.0
0.0
0.0
0.0
0.0
0.0
0.0
0.0
0.0
0.0
0.0
0.0
0.0
0.0
0.0
0.0
0.0
0.0
0.0
3.1201834515142955e-6
3.450072883962778e-5
4.6258280924948363e-7
0.0
0.0
0.0
0.0
0.0
0.0
0.0
0.0
0.0
0.0
0.0
0.0
0.0
0.0
0.0
0.0
0.0
0.0
0.0
0.0
0.0
0.0
7.799949292051795e-6
0.0
0.0
0.0
0.0
0.0
0.0
0.0
0.0
0.0
0.0
0.0
0.0
0.0
0.0
0.0
0.0
0.0
0.0
0.0
0.0
0.0
0.0
0.0
0.0
0.0
0.0
0.0
0.0
0.0
0.0
0.0
0.0
0.0
0.0
0.0
0.0
0.0
0.0
0.0
0.0
0.0
0.0
0.0
0.0
0.0
0.0
0.0004796970571777242
0.0004810991361701983
7.226928923264383e-5
0.0
0.0
0.0
0.0
0.0
0.0
0.0
0.0
0.0
0.0
0.0
0.0
0.0
0.0
0.0
0.0
0.0
0.0
0.0
0.0
0.0
0.00010779806757605682
0.000177611495136016
5.619184649278485e-7
0.0
0.0
0.0
0.0
0.0
0.0
0.0
0.0
0.0
4.2652932533512073e-7
0.0
0.0
0.0
0.0
0.0
0.0
0.0
0.0
0.0
0.0
0.0
0.0003271664957271983
0.00042902256945898196
5.4099048140711176e-5
0.0
0.0
0.0
0.0
0.0
0.0
0.0
0.0
0.0
4.5453200434092345e-7
0.0
0.0
0.0
0.0
0.0
0.0
0.0
0.0
0.0
0.0
0.0
0.00010441501856733426
0.00015209709582648877
9.00765896397317e-7
0.0
0.0
0.0
0.0
0.0
0.0
0.0
0.0
0.0
0.0
0.0
0.0
0.0
0.0
0.0
0.0
0.0
0.0
0.0
0.0
0.0
3.318190389971499e-5
7.995264585074613e-5
2.6556247253662154e-6
0.0
0.0
0.0
0.0
0.0
0.0
0.0
0.0
0.0
0.0
0.0
0.0
0.0
0.0
0.0
0.0
0.0
0.0
0.0
0.0
0.0
2.3629998265856903e-6
2.4092178358266947e-5
0.0
0.0
0.0
0.0
0.0
0.0
0.0
0.0
0.0
0.0
0.0
0.0
0.0
0.0
0.0
0.0
0.0
0.0
0.0
0.0
0.0
0.0
0.0
0.0
0.0
0.0
0.0
0.0
0.0
0.0
0.0
0.0
0.0
0.0
0.0
0.0
0.0
0.0
0.0
0.0
0.0
0.0
0.0
0.0
0.0
0.0
0.0006974605582739481
0.0007212948236283359
0.0002242596778521499
6.30234105518672e-5
1.2630545319642936e-5
0.0
0.0
0.0
0.0
0.0
0.0
3.9153266359623994e-6
2.0271521781116438e-5
4.889048838220303e-5
0.00010994612436155307
0.00020263831949569462
0.0
0.0
0.0
0.0
0.0
0.0
1.9379967397474114e-5
6.118918867963917e-5
0.0009722344263203846
0.0010323851420101435
0.0004680775869606384
0.00017741674968902276
6.67692933022548e-5
2.19315859214407e-5
1.7215257558384092e-5
0.0
0.0
0.0
0.0
4.627967394823592e-6
2.302100905594169e-5
5.7547657136955836e-5
0.000120590471841491
0.000188903671606221
0.0
0.0
0.0
0.0
0.0
0.0
0.0
0.0
0.0007779220948627533
0.0007871273238449446
0.0003218513883978374
0.00017752914768969405
9.867394828743169e-5
1.8227394345273016e-5
2.630644492116005e-6
0.0
0.0
0.0
0.0
6.1926728907338835e-6
5.269021345982495e-6
2.5140872687375133e-5
9.40450187513834e-5
0.0001555018167313328
0.0
0.0
0.0
0.0
0.0
0.0
0.0
0.0
0.0007638953408567327
0.000701953681935802
0.00017445612418893257
1.6568708891505736e-5
0.0
0.0
0.0
0.0
0.0
0.0
0.0
0.0
4.3096090081618234e-7
0.0
0.0
0.0
0.0
0.0
0.0
0.0
0.0
0.0
0.0
0.0
9.245817117322506e-5
0.00012971530524761625
9.145992756618436e-7
0.0
0.0
0.0
0.0
0.0
0.0
0.0
0.0
2.3383807968450146e-6
4.843365275348937e-6
1.4491094248839705e-6
0.0
3.737109555380395e-6
0.0
0.0
0.0
0.0
0.0
0.0
0.0
0.0
0.00042312121285505757
0.0004955875774495401
0.0003152840309382814
0.00016919424826902506
8.469382381375771e-5
6.66311309346452e-5
9.60189138219339e-5
8.089001553412719e-5
5.84876669482678e-5
4.610491035970989e-5
4.2407821880063175e-5
7.10296092984324e-5
0.0
0.0
0.0
0.0
0.0
0.0
0.0
0.0
0.0
0.0
0.0
0.0
2.2883429185760813e-6
1.4934137853494961e-5
3.646382285865639e-6
0.0
0.0
0.0
0.0
0.0
0.0
0.0
0.0
0.0
0.0
0.0
0.0
0.0
0.0
2.221888753103484e-5
3.2304956169545804e-5
5.287258094501857e-5
5.9126137946116826e-5
0.00010663829920344169
0.00011902038473926915
0.00016561897380610558
0.0011730970947708163
0.0011102350893135782
0.00046729546081557814
0.0001468940589599786
4.0723505491263935e-5
2.4050355354341837e-6
0.0
0.0
0.0
0.0
0.0
1.1082037373051971e-6
3.1383634641462147e-6
1.0481080897163546e-5
4.12334329881972e-5
8.04877187409098e-5
0.0
0.0
0.0
0.0
0.0
0.0
0.0
0.0
0.0006014145528186926
0.0006123045857978749
0.00012824643821791385
1.6124312557448653e-5
0.0
0.0
0.0
0.0
0.0
0.0
0.0
3.4869801327756596e-7
6.771447307210817e-7
0.0
0.0
0.0
0.0
0.0
0.0
0.0
0.0
0.0
0.0
0.0
6.83685973500665e-5
9.329357956393249e-5
1.7826990635007754e-6
0.0
0.0
0.0
0.0
0.0
0.0
0.0
0.0
0.0
3.0245379337426114e-7
0.0
0.0
0.0
0.0
0.0
0.0
0.0
0.0
0.0
0.0
0.0
0.00018726361379162182
0.0002529913185266333
4.34120269779087e-6
0.0
0.0
0.0
0.0
0.0
0.0
0.0
0.0
0.0
1.290113933192631e-6
0.0
0.0
0.0
0.0
0.0
0.0
0.0
0.0
0.0
0.0
0.0
8.471956528569153e-6
3.0306174917944262e-5
0.0
0.0
0.0
0.0
0.0
0.0
0.0
0.0
0.0
0.0
0.0
0.0
0.0
0.0
0.0
0.0
0.0
0.0
0.0
0.0
0.0
0.0
0.0
2.2985637262324894e-5
0.0
0.0
0.0
0.0
0.0
0.0
0.0
0.0
0.0
0.0
0.0
0.0
0.0
0.0
0.0
0.0
0.0
0.0
0.0
0.0
0.0
0.0
0.0
0.0
0.0
0.0
0.0
0.0
0.0
0.0
0.0
0.0
0.0
0.0
0.0
0.0
0.0
0.0
0.0
0.0
0.0
0.0
0.0
0.0
0.0
0.0
0.0
1.5171995820243639e-5
3.342948408411256e-5
1.6016870314508548e-6
0.0
0.0
0.0
0.0
0.0
0.0
0.0
0.0
0.0
2.4725469439969618e-6
0.0
0.0
0.0
0.0
0.0
0.0
0.0
0.0
0.0
0.0
0.0
3.956423130035724e-5
8.000686113146384e-5
1.6626888257318716e-6
0.0
0.0
0.0
0.0
0.0
0.0
0.0
0.0
2.1298271106198416e-6
5.940216889455543e-6
9.500385789951558e-6
4.8475108449069555e-5
0.00012582824081908654
0.0
0.0
0.0
0.0
0.0
0.0
0.0
0.0
0.0008009084259829701
0.0007662125863346035
0.0001990234832437084
2.820334820951883e-5
1.6692289162743115e-7
0.0
6.087284991537637e-7
0.0
0.0
0.0
0.0
2.320233169638632e-5
8.374830973790725e-5
0.0001266256023093513
0.00020938938787857703
0.0002855273442282205
0.0
0.0
0.0
0.0
0.0
0.0
4.564507433242616e-6
9.480090692185592e-6
0.000943224988383057
0.0008733678543943489
0.0003665996798553313
0.0001566118244963118
8.760408199608051e-5
3.287629321944188e-5
2.5355289075979724e-5
0.0
0.0
0.0
2.548199974868365e-7
7.926616453765556e-5
0.00021160378672039062
0.000323118871866742
0.0004448780064681432
0.0005065541987856623
0.0
0.0
0.0
0.0
0.0
0.0
2.7425575274786577e-5
9.559628936434147e-5
0.001068530509312385
0.0009288926798037495
0.0002816245782139671
0.00011126352208468687
7.235928182856811e-5
3.390378656478651e-5
3.284823158063361e-5
2.566923683212145e-6
0.0
0.0
3.0389437505595536e-7
4.8441407346903115e-5
0.00012912903363208048
0.0002586164047503851
0.0004167498897908165
0.0004677010753929213
0.0
0.0
0.0
1.567452709272441e-5
7.110481976242885e-5
0.00015093401432661281
0.00020007742100800082
0.0002528441560564039
0.0002845385047929267
0.0002141073064936046
6.53378704608796e-5
1.4809345800133377e-5
0.0
0.0
0.0
0.0
0.0
0.0
0.0
0.0
0.0
0.0
7.63575335777197e-6
1.999568438455989e-5
5.63109963785124e-5
7.843415744019078e-5
9.931282461221056e-5
8.991202633721159e-5
0.00014107832166172828
0.0001630612325530032
0.0001899457210383742
0.0001631990462547012
0.0001988897039442678
8.635785236860175e-5
3.072493721738408e-5
2.6217408584735304e-7
0.0
0.0
0.0
0.0
0.0
0.0
0.0
0.0
0.0
0.0
0.0
0.0
0.0
0.0
0.0
0.0
0.0
0.0
0.0
0.0
0.0007148987269414143
0.00048318205479627616
3.881744310803076e-5
0.0
0.0
0.0
0.0
0.0
0.0
0.0
0.0
3.2763579645049837e-6
8.673986278032667e-6
0.0
0.0
0.0
0.0
0.0
0.0
0.0
0.0
0.0
0.0
0.0
7.326994037892721e-5
7.30159958325051e-5
0.0
0.0
0.0
0.0
0.0
0.0
0.0
0.0
0.0
5.46051374675868e-6
6.047374630894513e-6
0.0
0.0
0.0
0.0
0.0
0.0
0.0
0.0
0.0
0.0
0.0
5.612511328976607e-5
9.664199394128127e-5
1.5957867387384065e-6
0.0
1.23940434364367e-7
0.0
0.0
0.0
0.0
0.0
0.0
2.8888619651147433e-6
3.1270064278803146e-6
0.0
0.0
9.504660017755043e-7
0.0
0.0
0.0
0.0
0.0
0.0
0.0
0.0
0.00033879248151216546
0.0003201134498721508
1.2888061182791793e-5
0.0
0.0
0.0
0.0
0.0
0.0
0.0
0.0
1.1686202993350012e-5
8.76949909611892e-6
0.0
0.0
0.0
0.0
0.0
0.0
0.0
0.0
0.0
0.0
0.0
0.00015627314119596983
0.000137161404138904
1.3793787002193954e-6
0.0
0.0
0.0
0.0
0.0
0.0
0.0
0.0
9.27042720767949e-6
6.226511556089641e-6
1.1020103985681376e-5
3.874091446677296e-5
0.00011249730520011719
0.0
0.0
0.0
0.0
0.0
0.0
0.0
0.0
0.0006938643086028552
0.0007337265996193496
0.0004442918380523266
0.0002978030054878104
0.00023994796845125057
0.0001931560034599866
0.00022195711557403258
0.0002131957960214772
0.00018928911611887643
0.0002142565735373309
0.00029372933867208496
0.00043898372186006976
0.0
0.0
0.0
0.0
1.2064145793830632e-5
5.192965852677235e-5
5.5452503504348157e-5
0.00013711979651872261
0.00017235954642415738
0.00020631731491730742
0.00014848417293203677
0.00018346359393894574
0.0001745184652346602
0.00019994789248283497
0.0001585147257966761
0.0001517555691432842
8.477590498024686e-5
9.379629130115737e-5
7.499229155433092e-5
8.600450063271445e-5
6.263825260860048e-5
9.407787956645678e-5
9.016362822604853e-5
0.00012634094352297962
0.00010698520019320981
0.0001282551773114932
0.00011507420259414199
0.00013958372945163222
0.0001755762699936562
0.0002551542072021344
0.00022916110434520608
0.0002571627088281049
0.00023967864458613287
0.00028624143881836756
0.0002729777540481358
0.00027632625251858137
0.0014586430991014945
0.001279914422831738
0.0007043813198179432
0.0004919930539629561
0.0003713332019624435
0.0002653481794875537
0.00023975035970618487
9.376047481438007e-5
5.059507021906364e-5
6.394849903441582e-5
8.15039248640296e-5
0.00026317110444437744
0.0004034016282686619
0.0004601466037841498
0.0005262317263419557
0.0005665885121699147
0.0
0.0
0.0
0.0
2.4250925356354554e-5
5.677616420162216e-5
9.613569110239218e-5
0.0001294206768921966
0.001129301632305663
0.0009951919151255653
0.0004473087175816219
0.00017976511380539485
0.00013161022809562853
0.00011231708367611987
0.00010465484814136005
2.8859908357228973e-5
6.5327939719004034e-6
0.0
2.3290727406927612e-6
0.00014260543743105378
0.0003095530627309549
0.00042898150234957615
0.0004627335995821594
0.000493982786476899
0.0
0.0
0.0
1.7512033641913393e-5
5.335464451775371e-5
0.00010329500385859758
0.00014216439351561898
0.00021413504508674497
0.0011969463439997056
0.0011213277496707201
0.0004502217616023324
0.0001813536849626136
0.00011552379065870679
6.4144633694577e-5
3.957700882415753e-5
0.0
0.0
0.0
0.0
9.616735721450559e-5
0.00022221888318924805
0.000278197346982665
0.00035154802685686187
0.00040109072391341266
0.0
0.0
0.0
0.0
0.0
0.0
7.050483367984946e-6
4.766180772323426e-5
0.00011354519794951396
0.00011877265866472872
2.2356751664632766e-5
0.0
0.0
0.0
0.0
0.0
0.0
0.0
0.0
0.0
0.0
0.0
0.0
0.0
0.0
0.0
0.0
0.0
0.0
0.0
0.0
0.0
0.0008241742818981857
0.0005815654629165862
8.239753025973592e-5
6.396916937516562e-6
0.0
0.0
0.0
0.0
0.0
0.0
0.0
2.2160839515764124e-5
6.154202250027844e-5
9.771395681231246e-5
0.00014743543508894367
0.00022061697767596555
0.0
0.0
0.0
0.0
0.0
0.0
0.0
0.0
0.0008803699646294026
0.0008030937775178501
0.00044944958063393144
0.0002565367559621907
0.0001833607407143979
0.00012594376974530889
0.00013975586402281814
9.878130738062702e-5
6.599726090431439e-5
5.9676182836525246e-5
8.7408751071864e-5
0.00020175140820098813
0.0
0.0
0.0
0.0
0.0
0.0
0.0
0.0
1.5184849860376685e-6
5.306966708802368e-5
8.948291465722078e-5
0.00010332251363645792
0.0001332880739878109
0.00011822771918062874
3.8629734213804526e-5
1.4590598233711914e-6
0.0
0.0
0.0
0.0
0.0
0.0
0.0
0.0
0.0
0.0
0.0
0.0
0.0
0.0
0.0
0.0
0.0
7.265660875482409e-7
3.7165056011592386e-6
2.079300319937489e-6
0.0010553802454059736
0.0008912725970484818
0.00033930656645141604
0.00011658031593284919
1.8225040831652376e-5
0.0
0.0
0.0
0.0
0.0
0.0
1.7317209058165036e-5
6.095585574655841e-5
0.00016505468906145832
0.00028918686167612426
0.000383719948765451
0.0
0.0
0.0
0.0
0.0
5.51062849624043e-6
5.9529517348112814e-5
0.00010810716034842417
0.001050585675394131
0.001005320337620649
0.0004060616473015629
0.0002243466263109116
0.00014931920070265374
0.00010478606911496872
0.00010290429294088424
4.1559700607631487e-5
2.2451487389731485e-5
1.5614982022675485e-5
3.1461736704092494e-5
0.00018845240178453655
0.0003570076567681027
0.0004406971188576273
0.0005045709369180747
0.0005393957796594902
0.0
0.0
0.0
2.7162808140641943e-6
3.0590803786579576e-5
6.43429138966669e-5
0.00010949074119551605
0.000149549164835729
0.0011286172687280766
0.0010413971325128031
0.00040375737531016286
0.00018069408737104818
0.00013380371105563074
8.582027543278354e-5
8.098504986758363e-5
2.6741350145343475e-5
1.816075252761214e-5
1.9604080127431197e-5
2.9929217249525394e-5
0.00015870677415524338
0.0003282772732973959
0.00041870262628352403
0.0004694896542544369
0.0004990183753002747
0.0
0.0
0.0
0.0
5.178218852377547e-5
6.000935133074394e-5
7.761819340691715e-5
6.532112096076931e-5
0.0011037316108630643
0.000994517249506506
0.0003653921098728848
0.0001434577648407371
8.740405244494809e-5
4.263163475883366e-5
3.647740503180569e-5
1.8822415580999083e-6
0.0
0.0
0.0
4.621641662316695e-5
0.0001856043018622518
0.00033012028132598886
0.0004060026247587054
0.00048673610024439984
0.0
0.0
0.0
4.7577517361013915e-5
8.108676979689762e-5
0.00010999359653188597
0.00012885261932333832
0.00012071916186145098
0.001146782846576282
0.0010968970661559096
0.0006025280325684224
0.00044788338758414565
0.00037782049578606353
0.0003310021986946408
0.000369654891521786
0.0002764814939755382
0.00023491311798802514
0.00021019911949932203
0.00018271895870059976
0.00033304077363520055
0.0004261713611168307
0.00044247784393899967
0.0004638635873937707
0.000476516096982785
0.0
0.0
0.0
0.0
0.0
0.0
0.0
0.0
0.000904534804798936
0.0008032537018941624
0.0006078216407548774
0.0005282451468750322
0.0004479267449426895
0.0002885450491156884
0.0002562549802992583
0.00018129446536399498
0.0001419491852054311
0.00017092363957594403
0.00020927361986501904
0.0002894567629325905
0.0
0.0
0.0
0.0
0.0
0.0
0.0
0.0
0.0
0.0
0.0
0.0
0.0
0.0
1.9636875521788765e-6
0.0
0.0
0.0
0.0
0.0
0.0
0.0
0.0
1.330377007626077e-6
2.6889347826533398e-6
2.3343498625294054e-6
1.2039021116910688e-5
2.88079252720638e-5
3.827957413737149e-5
4.4870118741045183e-5
4.163696645605381e-5
3.873791911438767e-5
5.822120501860293e-5
7.656265610687168e-5
0.00010395523999468239
9.004786894224043e-5
0.001238716193331173
0.0010426552607744242
0.00039143966600477606
0.00013243893474867668
8.68017058110423e-5
4.688379116409221e-5
6.723133237102062e-5
3.262941420017108e-5
2.6090358814404823e-5
1.2499085477316718e-5
1.2907685173921472e-5
0.00018302507015107182
0.00028777953959286426
0.0003381594313446071
0.00038537915557845
0.0004047785049373582
0.0
0.0
0.0
0.0
0.0
0.0
0.0
0.0
0.0009055996036898045
0.0007805945060975777
0.0003392833808046825
0.000246868953554707
0.00018595670075267554
0.0001226430737382036
0.00012539774211210876
4.0648592602430094e-5
2.0231896023796575e-5
1.3601581900443101e-5
2.1163006117125754e-5
0.0002080350601688512
0.0003613684499994706
0.0004303540807769186
0.0004964321028885736
0.0005456265079303535
0.0
0.0
0.0
0.0
1.520798410191054e-6
1.6502939509776734e-5
4.1294416520380484e-5
5.096750824290036e-5
0.0010605254068157687
0.0009199216041265222
0.0003162779180557227
0.00014253962766487283
0.00010892764103151159
6.544927078440433e-5
6.272012484507183e-5
1.769101673933199e-5
7.042070882350506e-6
3.467828822414643e-7
1.0323959258716947e-6
0.00011376936337242112
0.00026257022018583175
0.00035115419324921064
0.00042199286902156233
0.0004577709136039852
0.0
0.0
0.0
0.0
0.0
1.1291869166537228e-6
1.052982571229898e-6
5.2662709327103065e-6
0.000980195952990102
0.0008884060757067813
0.0003879441730706087
0.0002398409231498888
0.00016034649221336697
9.455498838470813e-5
9.655314924008678e-5
1.629348858195298e-5
4.450338353489227e-6
3.07970243775151e-6
4.387735484144206e-6
0.00015517893921968115
0.00028774864705937765
0.0003748118202750766
0.0004506947264247765
0.0004858408401343326
0.0
0.0
0.0
0.0
0.0
0.0
0.0
0.0
0.0009494676555976458
0.0007730890107815709
0.00021394360915831664
4.566261379254645e-5
2.852053253166708e-6
0.0
9.758479165737108e-6
0.0
0.0
0.0
0.0
7.59429844232896e-5
0.00019196978003699583
0.00023869874887694353
0.00031491036155551947
0.00036719329760781803
0.0
0.0
0.0
0.0
0.0
0.0
5.550932456300315e-6
5.5822641366363375e-5
0.0010092029969095665
0.0010264710326341798
0.0007672820805731166
0.0006015969105559151
0.0005187112416111258
0.0004634940082656969
0.0005086103083947128
0.0005047055785610776
0.0005522928821663915
0.000553785645591213
0.0006243101441033463
0.0007505360825449931
0.0
0.0
2.9763745798460155e-5
6.397749285478566e-5
0.00014593286237507918
0.00017850900087317207
0.00023274798668020358
0.00023820203943424297
0.00028412094333572205
0.0002843021880672666
0.00033096287753521547
0.0003209726954963276
0.0003678064984503849
0.0003477363374398786
0.00036146161694508783
0.0002925651440167927
0.0002361567906522916
0.00018773908059333027
0.00015234665302222303
0.00010668607339616831
0.0001385147502683634
0.0001465311297001753
0.00020511868207247495
0.0002225904843849492
0.000256375272359708
0.00025564473649101506
0.0002937815632404005
0.0002906133772300948
0.00028597841684440545
0.00031334917396164656
0.0002763123937785699
0.00031380976814449985
0.00030765160356131625
0.0003618483538500486
0.00033161258655124443
0.0003538788822094898
0.001618106514072406
0.0014224019603035533
0.0008353746196025613
0.0006226691144863997
0.000502365653702072
0.00039519005026642315
0.00040160283215577726
0.00026421687727208923
0.00020910871354172574
0.0002010123005564266
0.0002126319429726956
0.00042630086718123346
0.00054838256139962
0.0005911012063693398
0.0006409839533887945
0.0006725603346041039
0.0
0.0
0.0
6.554166930239637e-6
5.050995499280754e-5
0.000111922752966861
0.000139486607210565
0.00017385088209314164
0.001205009874877128
0.0011158465207410468
0.0004880784680470216
0.00026333985110893547
0.0001852697991088654
0.00015376019179547752
0.00019261384017112002
0.0001035188067048939
6.304335349331898e-5
4.7156389344272216e-5
5.9395860100458625e-5
0.0002846139096173926
0.00046419202948459645
0.0005598613604567337
0.0006383759695051073
0.0006950352272619099
0.0
0.0
7.404654674654865e-5
0.00016565694192916534
0.00022308886850214211
0.0002683385780767005
0.00030942952853422947
0.000390191335726947
0.0014309100903057755
0.001438987808599042
0.0007902217642822193
0.0004791790257326688
0.0003083350929660052
0.00022316629389685123
0.00021246855754253704
0.00012092983158514656
6.558557462868916e-5
5.413340777747613e-5
6.493416904641082e-5
0.0002864773958723421
0.000503276500982736
0.0005771553310254767
0.0006388049720257897
0.000716879767739014
0.0
1.3290339719901005e-5
7.397134239187976e-5
0.00014629082810572726
0.00018673963728206634
0.00023061459452689681
0.00027468544780874196
0.0002494935712805487
0.0012827497776186428
0.001209725403966445
0.000667571239260746
0.00048296913529773756
0.00044372714092807
0.0004187479588415697
0.0004390242093320507
0.000345771187482392
0.0003436112389207729
0.0003262045226587467
0.0003133848921152033
0.0005360371217367058
0.0006686741127386912
0.0007054481283481503
0.0007362208089570679
0.0007450617540109413
0.0
0.0
4.154712283488385e-6
1.8896428167581028e-5
4.9145745700329534e-5
6.366890112214639e-5
0.0001141026425982016
9.815931424242007e-5
0.0011991462854473035
0.001095179211295842
0.0005805754905604045
0.00043664621392890596
0.0003820236075729164
0.00035000893271768506
0.00039684305401562386
0.00031805962332479416
0.000298865212406624
0.0002919553286101698
0.00029436866632343635
0.0005075861774106216
0.0006094228621133177
0.0006255468444975496
0.0006798623761358096
0.0007080237822095161
0.0
0.0
3.4053432746192902e-6
2.8903257599950405e-5
7.897885147307228e-5
0.00010210413177640179
0.0001416931409969322
0.0001441894916689296
0.0012178897525243297
0.0011862011654227424
0.000921575440571078
0.0007572066873406191
0.0006309533012475825
0.0005495177929009709
0.0005958537657699903
0.0005850262941017518
0.0005643011372608121
0.0005725601022322226
0.000657630916821564
0.0007927897491406524
0.0
5.916060409182013e-6
0.00010109780852378458
0.0002151395483587068
0.00025482367940485263
0.0002788613477822169
0.0002846797644248904
0.00032669878732225947
0.0003533946396881844
0.0004036467665338755
0.00041001897140767343
0.0004551272912275809
0.00043518490815036906
0.0004645951006051329
0.0004356556300410159
0.0003655704390476483
0.0002919402924769596
0.00025474178596542095
0.00023898364823306118
0.00023675545563771046
0.00021281363048074895
0.0002421648731655274
0.00027083519715481627
0.00020065526067340487
0.00023072168220423158
0.0001895980543312464
0.0002520367139361049
0.0002247557733673273
0.0002973858095420897
0.0002636070462926706
0.00031057306617549127
0.000241188968584192
0.0002790726490576477
0.0002245158921185727
0.0002682766792085279
0.0002183945616893921
0.0015721902771619303
0.0013587849893040929
0.0007771087067795237
0.0005801908404100686
0.0004497928052010834
0.00031930685991320157
0.0003151996735531442
0.0002422775845687124
0.0002132427256895135
0.00022339418978297037
0.0002443912972003963
0.0004945802050397075
0.0006545603204308566
0.000719409111999142
0.0007993531395802402
0.0008568635460058816
0.0
5.786966174848647e-5
0.00022197847740680718
0.00029446954704377394
0.0003072453564888859
0.00041686596686447394
0.00047283236129200154
0.0005471559807770739
0.0015330122931218996
0.0015592679787700032
0.0008726668282248311
0.0006105290870365854
0.00046794281818971677
0.00038259061546047467
0.00040126844619835873
0.00030916562340306455
0.00024125973855533526
0.00019501303089791596
0.00026767134951576115
0.0006171887422102288
0.0007866443458645982
0.0008528258238979427
0.0009399854893003579
0.0009924154380844656
2.7875547313582484e-6
0.000158808380657704
0.00028941990437122495
0.000375328627159331
0.00042826977467463846
0.0004695211065101384
0.0005078649229668813
0.0004919862866847903
0.001619148855195002
0.0015873372168030942
0.0009186122043816304
0.0006542019823157312
0.0005160519561467457
0.0004316487266455224
0.0004388996320574896
0.00033216120910634637
0.00029869177009494464
0.00030307677078802607
0.00034926114383846974
0.0006462514567780127
0.0008191486496315891
0.0008953691596173593
0.0009851421927483625
0.0010348688668134127
1.1283622072977514e-5
0.00019427009084822594
0.00032808430883917344
0.00041502741699786787
0.0004888851406615788
0.000561018508122491
0.0006041357358035996
0.0006622166749592125
0.0017738574245590626
0.0017770553775191494
0.0011035502473889527
0.0007781844828442439
0.0005893857059961928
0.0005036667410180392
0.0004951023164075
0.0004151157325684066
0.00038905235417659883
0.0003557005355927523
0.0003435815176412097
0.0005950403872700196
0.000703617223676068
0.0007089775376334631
0.0007336219071577855
0.0007477394164224265
0.0
0.0
1.3673130893204732e-6
3.8313722493225455e-5
7.289607247296762e-5
0.00013218370745310344
0.00017030642873848225
0.0002012268442676099
0.0012731577784895615
0.0011566575774481092
0.0006036586045096112
0.0004708119437820226
0.00040068544669673046
0.00030020874023278766
0.0002749239131309944
0.0001770503062332079
0.00015746480386707703
0.0001383633571636769
0.0001214928631839284
0.0003061879419482132
0.0004377416882325517
0.0004837317584627725
0.0005223087221320334
0.0005320842454606313
0.0
0.0
0.0
0.0
0.0
0.0
1.7067704405642434e-6
0.0
0.000900802971031223
0.0006674341989579887
0.00041903463035189133
0.0002459931555460764
0.00013483999060226175
6.532207778927485e-5
5.61370944896735e-5
6.012807840009415e-5
6.413479393376558e-5
8.556267213287894e-5
0.00014927628892072713
0.00029547257703941865
0.0
0.0
0.0
0.0
0.0
0.0
7.801450555976997e-6
3.693947258081907e-5
0.00010299782711997717
0.00013650802820864866
0.00014029019286277146
0.0002040496315089012
0.00025743936119098764
0.0002608011672143197
0.00015674223632841885
6.665152795785647e-5
1.4429011173959902e-5
4.544114092099111e-6
9.208723779590447e-7
0.0
0.0
0.0
8.958739192970105e-6
2.1483672726028188e-5
2.7391975605426028e-5
3.810953425694677e-5
5.2484489102014234e-5
6.222991244761005e-5
8.119844126675376e-5
0.00010048788746173236
0.00011375313843594472
0.00013630639796877734
0.00013791552309004563
0.0001535749241915339
0.0001513922008654065
0.00018802652265756267
0.00019221872600049856
0.00019397413600506262
0.00016451755503691344
0.00015461093512241276
0.00013639533417512048
0.00012736034305749322
9.454348815958049e-5
7.955527756286743e-5
5.4923463605084995e-5
6.378680013803248e-5
0.00010293283571918451
0.0001355717778798545
0.00021282386210700618
0.0002697784516454053
0.0003550036236360701
0.0003610746671120934
0.0004197805236924444
0.0004254343119263326
0.00045364623270533367
0.000458019700695024
0.0004592527676864594
0.00043849038542502435
0.0004452142370531611
0.0004355291078141139
0.0017349894873946654
0.0015725405288034074
0.0009563089267043775
0.0007072405370692411
0.0005460869441391733
0.0004545605856618931
0.0004419237249357047
0.00030680560664282685
0.00026322590705907484
0.000234465960881792
0.0002203618939346158
0.0004317850856384674
0.0005506611664289242
0.0005671209400656489
0.0005983648512266272
0.000615659423144866
0.0
0.0
0.0
0.0
6.361264519126334e-6
3.2646098983336134e-5
5.0453945231887424e-5
7.278399934477293e-5
0.0011512729852027278
0.0010420388728993202
0.0005424148607927787
0.0003894032711058771
0.0003075641663563508
0.00022349799848837796
0.00024278565361719008
0.0001464114876991295
8.901935285353766e-5
7.695146013575051e-5
8.182773611452234e-5
0.0002716448772655447
0.0004000407823680805
0.00046131381192515003
0.0005344889571927211
0.0006000564259457676
0.0
0.0
0.0
2.0533521311197218e-5
8.712155520754226e-5
0.00017674564829358143
0.00021177658785215438
0.00024343948942408177
0.0012626306247425763
0.0012380325724561513
0.0007116792287189878
0.0005361445936428271
0.00042063843604572707
0.00031092096048501803
0.000245265284572049
0.00010373113550033842
5.973400660353776e-5
4.9769106639110313e-5
5.731385251287736e-5
0.00025683777121526715
0.0003678006423305064
0.00038103287873823545
0.00041894563377101716
0.00042985527873979474
0.0
0.0
0.0
0.0
0.0
1.571162601420216e-6
2.11355741134009e-6
1.290271904231251e-6
0.0010037431437383408
0.000864398662576187
0.00037926633118997145
0.0002592363769140551
0.00018393029415510087
0.00010718731476200147
0.0001231180721281858
4.7228564131326765e-5
2.3302822018714556e-5
2.278921636219953e-5
3.324611336647695e-5
0.00020726923844142082
0.0003995816643065743
0.00048554403178217376
0.0005641891947644153
0.0006160551819393865
0.0
0.0
1.775268444133134e-5
8.703116384323092e-5
0.00017611817064133365
0.000212756937568234
0.0003391959936123495
0.00033844325093697623
0.0014270116334637805
0.001463426827303017
0.0010834534720213652
0.0008286939368122973
0.0006799323532420175
0.0005931759569143303
0.0006042741986213493
0.000559814864281424
0.0005076799214481106
0.00048682085144158245
0.0005612877044104747
0.000710063631274294
0.0
3.018862702367986e-7
4.543927857933664e-5
8.722128090560121e-5
0.00018827932363669531
0.00021160766105227674
0.0003325541013085494
0.00033256058543136243
0.00043586749957375166
0.00039011610504826385
0.0005321187890660194
0.0004651773425800929
0.0005164458051774543
0.0004223696749750138
0.00048353929008793637
0.0003416045820721402
0.00032544871603581787
0.00024600870153860757
0.0002733745960503888
0.00021825466572522183
0.00023978870172608005
0.00023601147400756904
0.00024492358958286004
0.000216719563762068
0.00022066341560302962
0.00018587640277611188
0.000186383320785353
0.00016233966960940667
0.00017516684981436185
0.00014251473718632912
