0.0010433214827421109
0.00070197629703424
0.0008568361498007294
0.0006435151297628644
0.0008135299132879836
0.0006309266569831794
0.0008312400931258919
0.000620450103169067
0.0007999734516922539
0.0006304051018821339
0.0008546467904998052
0.0006724327598754698
0.0008745550283095271
0.0006711423214486069
0.0008237074680837125
0.0006228013529821148
0.0007822034764216659
0.0006143233505235783
0.0008166959554340752
0.000663982726575892
0.0009327561736713253
0.0007804712377300547
0.0010520694302405013
0.000854862147395645
0.0011376321228450822
0.0009119759314324833
0.0012206036762298738
0.0010034457193832257
0.0013171985345856638
0.0010243354063589397
0.0005955144354849171
0.0054107383080066185
0.004737819200637494
0.003882081839224429
0.0028225993502444253
0.001776729293670436
0.0009274249125059204
0.00013084204444210342
0.0
0.0
0.0
0.0
4.771273181429893e-6
0.00034657994589639335
0.0008555627112643672
0.0010082980656839849
0.0
9.3449959418563e-5
0.00024356202210583093
0.00026352904615077827
0.00044032077779888374
0.000374056101261336
0.0005301140151073421
0.00040133411720375597
8.413633773518155e-5
0.0011083463337104025
0.0006224550446902021
0.00021455852975232686
4.045488302082902e-5
0.0
0.0
0.0
0.0
0.0
0.0
0.0
0.0
0.0
0.0
0.0
0.0
0.0
0.0
0.0
0.0
0.0
0.0
0.0
3.5477108020713345e-6
8.030023012000634e-5
0.0
0.0
0.0
0.0
0.0
0.0
0.0
0.0
0.0
0.0
0.0
0.0
0.0
2.0714632799901077e-5
0.0
0.0
0.0
5.8318885419369564e-5
0.00021744628270261074
0.000261212074624737
0.0003555092795206642
0.00034780811115416683
3.115346643762125e-5
0.0016315585623120884
0.0010936268358729816
0.0003911374673400593
1.155979335463834e-5
0.0
0.0
0.0
0.0
0.0
0.0
0.0
0.0
0.0
0.0
0.0
0.0
0.0
0.0
0.0
0.0
0.0
0.0
0.0
5.30644692440493e-6
1.6734801503263864e-5
0.0
0.0
0.0
0.0
0.0
0.0
0.0
0.0
0.0
0.0
0.0
0.0
0.0
0.0
0.0
0.0
0.0
0.0
0.0
0.0
0.0
0.0
0.0
0.0
0.0
0.0
0.0
0.0
0.0
0.0
0.0
0.0
0.0
0.0
0.0
0.0
0.0
0.0
0.0
0.0
0.0
0.0
0.0
0.0
0.0
0.0
1.802734942937799e-6
0.0
0.0
0.0
0.0
0.0
0.0
0.0
0.0
1.6842101680072868e-6
2.5466156387504344e-6
1.2490401489242723e-5
1.3050613660881472e-5
5.4370606145401155e-5
8.936852630756168e-5
0.00012532696109360554
0.00015296981239838118
0.00015738474867540633
0.0001782959893082096
0.00017045585383336444
0.0002069991505336357
0.00022471495735328664
0.00027871037657098446
0.0002365107157832532
1.6662169782967857e-5
0.0005446171215151588
0.0001668387208490119
2.5944712385558358e-5
0.0
0.0
0.0
0.0
0.0
0.0
0.0
0.0
0.0
0.0
4.609931428641668e-5
0.00033982799523461104
0.0
0.0
0.00023450418851855205
0.0002951730295683775
0.0005014513686533208
0.00045144333518830506
0.0006793730743989994
0.0005824085362623037
0.0001490202010533997
0.0034145838853514767
0.0030167970502014024
0.0025256851040339145
0.0019589227380592353
0.0013327761506201584
0.0006105972492410296
0.00016971607877540697
8.022549626346158e-5
6.803832383077343e-6
0.0
0.0001613027288555959
0.0006080453774338756
0.001133538762076174
0.0016790996394838386
0.00207310374031569
0.0
0.0003706214093217206
0.0003582459187873691
0.0005757271980903909
0.0005220278001977065
0.0007750455386596806
0.000685379376872059
0.0009392699531536919
0.00015496469290942656
0.004028960608843215
0.003171626967053679
0.002213630685368748
0.001195662783270212
0.0003050861796596827
1.858689523285026e-5
0.0
0.0
0.0
0.0
0.0
3.2513688006020345e-5
0.00033268155822337663
0.0011089973960378408
0.00141934520397925
3.559294330995809e-5
0.00019870309662838425
0.00029402539954393635
0.0004041566550718657
0.0003948601327481784
0.0004930590969189585
0.0004495892127919673
0.0005190861513068751
3.961223708947798e-5
0.0019210701570109637
0.0015175932511586787
0.001270810644213375
0.0010160662874656964
0.0007711651864394508
0.0006375432049879826
0.0005887025321506064
0.0004330674931192743
0.00029022144577582984
0.0002485332394112892
0.0003052796148450112
0.00045386581948796703
0.0005143078877968521
0.0005322230405115667
0.0007180111474013333
0.0
0.00013480157825977788
0.0002903970712757666
0.000452185187572268
0.0004798018898321904
0.0006443862636673119
0.0006216514113578321
0.0007968615398959304
0.00010394195497878187
0.003383275128007675
0.0031052700547426716
0.0034964318393316987
0.003664446259471547
0.0035314411311067914
0.0035685151580950357
0.0034939694342907323
0.0034857672003552513
0.0035298330451702196
0.003623388881006147
0.0038804402339297143
0.004248044773756793
0.004427566829934755
0.004573043961995382
0.004732980814450236
0.0005080791623051105
0.000945935378382151
0.0009274847936178781
0.0011997859134299503
0.001057709046485395
0.0013153829945545515
0.0011306643605877255
0.001379849334609004
0.000459890486337545
0.0055936111530956786
0.005337059246538127
0.0047518279733919635
0.004188663050143128
0.0033601278112058994
0.0026145863560414636
0.002122421001525536
0.0019021154651600444
0.0016692393169531006
0.0016729670548452427
0.002034015345151669
0.00010313281850313813
0.0003362023205097667
0.0005815451469522716
0.0006453818342481987
0.0009043837583251109
0.0008588106167693026
0.0011001342528469825
0.0009801301996533607
0.0012377360384987744
0.0010809441178216473
0.0013323377929990831
0.0011624380997596454
0.0014544419986663802
0.0012598736238497504
0.0014561235662848932
0.0010549250588769575
0.0010365184159778437
0.0006553149327189257
0.0005352815099066354
0.00027646018169481476
0.00014499499683491435
4.0185722671644195e-5
8.72824490632023e-6
5.5187634127377905e-5
0.000172964845347415
0.0003053763395937326
0.0004804154774359939
0.0004988276900683939
0.0006773855551691394
0.0006457581389906984
0.00084414496284596
0.000775810838734974
0.0009832519570237748
0.000858954321419521
0.0010347685772539724
0.0008699759033623195
0.001030860203654908
0.0008963341501287277
0.0010009820943312313
0.0007401906277917387
0.0007731056050818784
0.0005395880670223685
0.000534123899890275
0.00041550436406519
0.0004167254840880719
0.00033372044480453925
0.00038130787756015876
0.00038399646332339875
0.0005293793506925984
0.0005103892175986945
0.0006372614447176807
0.0005842307598573151
0.0007265903535266909
0.00062453807600722
0.0007267228020859476
0.0006262470913595603
0.0007388971493944684
0.0006201953887329543
0.0007048933588734106
0.0005917264288932939
0.00010311702228077764
0.0022397696691925967
0.0017230143133667721
0.00167429847929888
0.0014454728172152234
0.0010712473955204528
0.0007961765957657287
0.00042053792223216955
0.0002895123261639527
0.0003063562490470121
0.0003745193099345557
0.000494346837125491
0.0005965269195033991
0.0006184008648810231
0.0006942164027754848
0.0007151410981494338
3.543003758542405e-5
0.00010788297714054718
0.0002065730346053287
0.0002903832101866235
0.00028659623542106737
0.000352028613395681
0.00033187535431926206
0.000401411482303805
2.856469467360025e-5
0.001458264754490928
0.0010561440873971047
0.0008982676830969958
0.0006942314020645166
0.0002214276654904434
0.0
0.0
0.0
0.0
0.0
0.0
0.0
0.0
0.0
0.0
0.0
0.0
0.0
0.00020387814667669095
0.00019927636275168662
0.00034676596934066396
0.0003285532047221962
0.00046533466312090896
3.173109088979144e-5
0.0014875778047217301
0.0008537766441312337
0.0002951164963306884
4.152103940142663e-5
0.0
0.0
0.0
0.0
0.0
0.0
0.0
0.0
0.0
0.0
0.0
0.0
0.0
0.0
0.0
0.0
0.0
0.0
0.0
0.0
0.0
0.0
0.0
0.0
0.0
0.0
0.0
0.0
0.0
0.0
0.0
0.0
0.0
6.333311459267797e-5
0.0004162029899962942
0.0
0.0
0.0
0.00031215440560887784
0.0002914020482035653
0.00044437236324726344
0.00042616703222483877
0.0006450232509975228
6.794739353487089e-5
0.002655086554232826
0.0017742274554670794
0.0006151452784125584
4.515865300178087e-5
0.0
0.0
0.0
0.0
0.0
0.0
0.0
0.0
0.0
0.0
0.0
0.0
0.0
0.0
0.0
2.6532874750670512e-5
5.0360131103803926e-5
0.00011003159809163468
0.0002261561035025449
0.0002971554374394182
0.0003932023097006608
0.0003121851743334076
0.00010892822947931197
0.0
0.0
0.0
0.0
0.0
0.0
0.0
0.0
0.0
0.0
0.0
0.0
0.0
0.0
0.0
0.0
0.0
0.0
0.0
0.0
1.2736047210886575e-6
0.0
0.0
0.0
0.0
0.0
0.0
0.0
0.0
0.0
0.0
0.0
0.0
0.0
0.0
0.0
0.0
0.0
0.0
0.0
0.0
0.0
0.0
0.0
0.0
0.0
0.0
0.0
0.0
0.0
0.0
0.0
0.0
0.0
0.0
0.0
0.0
0.0
0.0
0.0
0.0
0.0
0.0
0.0
0.0
0.0
0.0
0.0
0.0
0.0
0.0
0.0
0.0
0.0
0.0
0.0
0.0
0.0
0.0
0.0
0.0
8.072354538032268e-5
0.00021044518192260726
0.00029090664191528466
0.0
0.0
0.0
0.00015417847163710414
0.00022962899447481497
0.0002832296761074354
0.0002726556422904699
0.00031700895771587793
1.8147204146297886e-5
0.001549160398637639
0.0007685985387282901
0.0001651501697504457
0.0
0.0
0.0
0.0
0.0
0.0
0.0
0.0
0.0
0.0
0.0
0.0
0.0
0.0
0.0
0.0
0.0
0.0
0.0
0.0
2.3383860461724343e-5
0.00041536013605577074
0.00020397410920863055
3.6030691931235716e-5
0.0
0.0
0.0
0.0
0.0
0.0
0.0
0.0
0.0
0.0
0.0
0.0
0.0
0.0
0.0
0.0
0.00015703393649655682
0.00021302400305388367
0.00023801898439400581
0.0002764688784316347
1.5924632478210984e-5
0.0015583283511784096
0.0013851801638966941
0.001050032648520345
0.0004814123676324864
0.00013970139706953027
4.250224622851274e-6
0.0
0.0
0.0
0.0
6.903032721391294e-5
0.0
0.0
0.0001720600736230689
0.0002584296499378454
0.0005073566562247405
0.00047710814667927724
0.0007265010217585536
0.0006308678908622765
0.0008783556299484124
0.0007007039406097515
0.0009559673907748427
0.000786178188603865
0.0010606474463329084
0.0008367759449959742
0.0010409283837270805
0.0006945849946423086
0.0006878641708947237
0.00038184340553956334
0.0003520988114144612
0.00012228312490689737
2.368343059148431e-5
0.0
0.0
0.0
5.737917217691103e-6
5.542470414433578e-5
0.0002220917918769925
0.0002446264641272422
0.000430787690540483
0.0004306183602432939
0.0006433620210866177
0.0005155876571228402
0.0007671039836371792
0.0006347677644193873
0.0008334967489545636
0.0006654438172364331
0.00023695089800547498
0.003292682541910964
0.002756758505692536
0.0012072257998406047
6.811614653166122e-5
0.0
0.0
0.0
0.0
0.0
0.0
0.0
0.0
0.0
0.0
0.0
0.0
0.0
0.0
0.0
0.0
5.122670975242933e-5
0.00010679433095521012
7.876627433953268e-5
1.772724209828171e-5
0.00021854593368526197
2.4561150582729158e-5
0.0
0.0
0.0
0.0
0.0
0.0
0.0
0.0
0.0
0.0
0.0
1.4394645019560568e-5
0.00015402162548763313
0.0
0.0
0.00013674330156745408
0.00037296394963309007
0.0004105286146547213
0.0006858619068993753
0.0006529564446508521
0.0009901444489717353
0.00018088090153988145
0.005171918093554977
0.004554088794943592
0.003995087519062826
0.0033844371730387584
0.0026973731750392924
0.0021249639837691426
0.001505153972111801
0.0010240458601051355
0.0008495272290982619
0.0007864319725591511
0.0008478052597353645
0.0014692304698697874
0.001745764106556385
0.002054422220886365
0.0024592571610872155
0.00014329622860816994
0.000363674191910813
0.0006834016879371405
0.0006217850087543595
0.0008919981406161524
0.0007545133265194244
0.0010224496189902752
0.000828107330319921
0.0002984523725990685
0.004277489819200966
0.003609926716901942
0.002913852829156923
0.0021073722196559785
0.0011725225354923831
0.00037203681996886165
0.00010319739188039976
1.2131059027328948e-5
0.0
0.0
0.0
0.0
3.8452894785107096e-5
0.00014876657836082667
0.0002133395453289639
0.0
0.0
7.597621603513256e-5
0.00015377155388200865
0.00025665558428605075
0.00022191508001022928
0.0003290659157103276
0.0002713035045329321
5.137486986048466e-5
0.0014269300104093835
0.0010186370135491676
0.0008687285610320326
0.0008049993157440314
0.0006665991493057611
0.0006747575131300605
0.0007139873307423143
0.0006578770272437187
0.0006057827372074214
0.0006822660185851723
0.0008690842679345793
0.001291912100192638
0.0015928484918327308
0.0018309072250292646
0.001897211613815428
0.00011973622675281593
0.00028420972191261324
0.00042630719288614354
0.00043907921969018807
0.0005736536263071954
0.0005233584682367702
0.0006452095121389324
0.0005722522643539369
8.246389308372023e-5
0.0024966059381175275
0.002095526173678892
0.0018993254521515513
0.0018327089010701297
0.0017709320557915726
0.0015879035094061291
0.0014448642734712148
0.0015909021667355207
0.0015491068355504487
0.001501842829884362
0.0014454912597281488
0.0
0.00018847195689047992
0.00020358236981805972
0.000318543893470016
0.0002666779870611284
0.00036741067063655907
0.00028184510922672003
0.00037837008597749666
0.00026837990012352727
0.00027210116526534347
0.00010550272819918013
0.00010788684692346454
4.039229757688152e-5
4.502332668252409e-5
3.3869943532864114e-5
2.374240441210854e-5
0.0
0.0
0.0
0.0
0.0
0.0
0.0
0.0
0.0
0.0
0.0
0.0
1.1740370675871442e-6
2.92674845595895e-5
7.81440309044787e-5
0.00014818459776528726
0.00022696123109699438
0.0002618798989521302
0.00039358743554064764
0.0003995495189963917
4.745884423157003e-5
0.002049034603450628
0.0008985081086277963
3.0479889530013437e-5
0.0
0.0
0.0
0.0
0.0
0.0
0.0
0.0
0.0
0.0
0.0
0.0
0.0
0.0
0.0
0.0
0.0
0.0
0.0
0.0
5.140425750468077e-6
8.092329091216289e-5
1.7390260189178152e-6
0.0
0.0
0.0
0.0
0.0
0.0
0.0
0.0
0.0
0.0
0.0
0.0
0.0
0.0
0.0
0.0
0.0
0.0
0.0
0.0
0.0
5.216045037558862e-6
0.0
0.0
0.0
0.0
0.0
0.00011698419699284592
0.0006838704885854453
0.000982563593265327
0.001420927643961121
0.0017720575958414576
0.0018306960022069366
0.00224046674264613
0.00242326602927069
0.0026865078222004382
0.002832382469363322
0.00016511199785278574
0.0004228527974203024
0.0007784033509506863
0.0007076111924089421
0.0010108421458988354
0.0008570644572258015
0.0011774045040012847
0.0009649330305579691
0.00041908975753817844
0.005489341051994538
0.005014770002959071
0.004571357041452772
0.003938369740200202
0.0033721389957713935
0.0029446511236749565
0.0024465389445444403
0.0021791593820962517
0.001977563541457886
0.0019552366085774254
0.0022612994327877002
0.002921409263754832
0.003430571480018766
0.00390981449629909
0.004319809589958304
0.0004098315458429548
0.0008950952964293848
0.0009173557435440231
0.0012198507723795
0.0011136978908075146
0.0014351293585197946
0.0012554828610236277
0.001556139591825838
0.0006171334442018454
0.005938067399415895
0.005481850816726761
0.004731811178196447
0.0037008418226227866
0.00280901654468832
0.0020645219355745806
0.0011920797543905689
0.0003527085653057432
1.8020002440966185e-5
0.0
5.180630591107071e-6
0.0005080443032170393
0.000988557692340194
0.001504224731410736
0.0017845689574644164
0.0
0.0002803135308237908
0.00047950591415121666
0.0005438485752976517
0.0007451097252126522
0.0006882528418840657
0.0008867062702570154
0.0008199811062820051
0.0002080905643143753
0.003963327023044851
0.0032238980803591423
0.001951752676389313
0.000791175522229721
0.00013438515302527753
0.0
0.0
0.0
0.0
0.0
0.0
0.0
0.0
0.0
0.0
0.0001032671945753784
0.00016795314816116526
0.00030730316791674424
0.0002771373419689907
0.00041993556712368
0.0003842999254005123
0.0005776436509042748
0.00047760310639091523
0.0006216939889303807
0.0004781017427686329
0.0006156334037028779
0.00042136424161930895
0.00044280256666439163
0.0001801093931209008
1.920795870952164e-5
0.0
0.0
0.0
0.0
0.0
0.0
0.0
0.0
0.0
0.0
0.0
4.241717374554516e-5
0.00018465606240949747
0.0004429895221367442
0.0004282574851466691
0.0006292324022556971
0.0005310044030602683
0.00012963837624373762
0.003071439295940972
0.0029598696143391
0.0029943301022950686
0.002989317584096325
0.0031364904502541803
0.003123582965672176
0.0030809304885467573
0.0031005744164214594
0.0030603627833304544
0.0030267328892485813
0.003084131791293744
0.0033472573447137274
0.0035060766221970316
0.0034999985690342137
0.0034589149259052865
0.0002544601632245651
0.0007457587503847082
0.0007354995970042472
0.0010791585490982185
0.0009415688502202298
0.0013228677388056704
0.0011094775032563207
0.0014633169102832052
0.0005178750607880912
0.005683272970189623
0.005096684868006993
0.004324404076445757
0.003489876529382
0.002576551968787421
0.0017584348674165712
0.0009154722991071262
0.00016021572912426578
0.0
0.0
0.0
4.3937478341436274e-5
0.0007530721411085559
0.001452379677365345
0.0019747478612199285
0.0
0.0003553394380489117
0.00037428865667661225
0.0005736826886022237
0.0005146469941942454
0.0007622269765967123
0.0005992034221675681
0.0007783703508901984
9.71637067356103e-5
0.00273722142161807
0.001789666297374679
0.0008341126448702907
7.800934058462947e-5
0.0
0.0
0.0
0.0
0.0
0.0
0.0
0.0
0.0
0.0
0.0
0.0
0.0
0.0
0.0
0.0
0.0
0.0
3.365069260087563e-5
8.40427372822968e-7
0.00033308244208785185
6.65866988543958e-5
0.0
0.0
0.0
0.0
0.0
0.0
0.0
0.0
0.0
0.0
0.0
0.0
0.0
0.0
0.0
0.0
0.0
0.0
0.0
0.0
0.0
0.0
0.0
0.0
0.0
0.0
0.0
0.0
0.0
0.0
0.0
0.0
0.0
0.0
0.0
0.0
0.0
0.0
0.0
0.0
0.0
0.0
0.0
0.0
0.0
2.0939356181480794e-6
0.0
0.0
0.0
0.0
0.0
0.0
0.0
0.0
0.0
0.0
0.0
0.0
0.0
0.0
0.0
0.0
0.0
0.0
0.0
0.0
0.0
0.0
0.0
0.0
0.0
0.0
0.0
0.0
0.0
0.0
0.0
0.0
0.0
0.0
0.0
0.0
0.0
0.0
0.0
0.0
0.0
0.0
0.0
0.0
0.0
0.0
0.0
0.0
0.0
0.0
0.0
0.0
0.0
0.0
0.0
0.0
0.0
0.0
0.0
0.0
0.0
0.0
0.0
0.0
0.0
0.0
0.0
0.0
0.0
0.0
0.0
0.0
0.0
0.0
0.0
0.0
0.0
0.0
0.0
0.0
0.0
0.0
0.0
0.0
0.0
0.0
0.0
0.0
0.0
0.0
0.0
0.0
0.0
0.0
0.0
0.0
0.0
0.0
0.0
0.0
0.0
0.0
0.0
0.0
0.0
0.0
0.0
0.0
0.0
0.0
0.0
0.0
0.0
0.0
0.0
0.0
0.0
0.0
5.724897500991294e-5
8.765171911148879e-6
0.001071897953249164
0.00037979275828190406
5.782497844108988e-5
0.0
0.0
0.0
0.0
0.0
0.0
0.0
0.0
0.0
0.0
0.0
5.219280010521411e-6
0.0
0.0
0.0
0.0
0.0001707083520386016
0.00035381432872157636
0.00029264774251324907
0.0004726041872149002
3.392928505877772e-5
0.0022357152716071943
0.0010280649972830495
0.00018200302265778559
0.0
0.0
0.0
0.0
0.0
0.0
0.0
0.0
0.0
0.0
0.0
0.0
0.0
0.0
0.0
0.0
0.0
0.0
9.06194560853034e-5
0.0001786064481137522
5.077066293849093e-6
0.0002986236116294266
6.608900883621492e-5
0.0
0.0
0.0
0.0
0.0
0.0
0.0
0.0
0.0
0.0
0.0
0.0
0.0
0.0
0.0
0.0
0.0
0.0
0.0
0.0
0.0
0.0
0.0
0.0
0.0
0.0
0.0
0.0
0.0
0.0
0.0
0.0
0.0
0.0
0.0
0.0
0.0
0.0
0.0
0.0
0.0
0.0
0.0
0.0
0.0
0.0
0.0
0.0
0.0
0.0
0.0
0.0
0.0
0.0
0.0
0.0
0.0
0.0
0.0
0.0
0.0
0.0
0.0
0.0
0.0
0.0
0.0
0.0
0.0
1.5281152134428365e-5
4.6349952206925335e-5
0.0
0.0
0.0
0.0
0.0
0.0
0.0
0.0
0.0
0.0
0.0
0.0
0.0
0.0
0.0
0.0
0.0
0.0
0.0
0.0
0.0
0.0
0.0
0.0
0.0
0.0
0.0
0.0
0.0
0.0
0.0
0.0
0.0
0.0
0.0
0.0
0.0
0.0
0.0
0.0
0.0
0.0
0.0
0.0
0.0
0.0
7.107279869570725e-6
0.00018174177222727517
4.356816379021107e-6
0.0
0.0
0.0
0.0
0.0
0.0
0.0
0.0
0.0
0.0
0.0
0.0
0.0
0.0
0.0
0.0
0.0
0.0
0.0
0.0
0.0
2.612607414216336e-5
0.0003563287905964231
1.773067524373937e-5
0.0
0.0
0.0
0.0
0.0
0.0
0.0
0.0
0.0
0.0
0.0
0.0
0.0
0.0
0.0
0.0
0.0
0.0
0.0
0.0
0.0
1.7911172451946507e-5
0.0006177341688897641
0.0001511928106743916
0.0
0.0
0.0
0.0
0.0
0.0
0.0
0.0
0.0
0.0
0.0
0.0
0.0
0.0
0.0
0.0
0.0
0.0
0.0
0.0
3.6154710906689636e-5
7.226035038980685e-5
0.00014952631792834538
6.962733446556712e-5
0.0
0.0
0.0
0.0
0.0
0.0
0.0
0.0
0.0
0.0
0.0
0.0
0.0
0.0
0.0
0.0
6.688056411743523e-6
2.4060968670749956e-5
5.458704223266972e-5
0.00014067286328447654
0.00020347507499282098
1.1292528115037063e-5
0.0007736910962649515
0.0001703453846972524
0.0
0.0
0.0
0.0
0.0
0.0
0.0
0.0
0.0
0.0
0.0
0.0
0.0
0.0
0.0
0.0
0.0
0.0
0.0
0.0
0.0
1.0210417724888674e-6
2.6797394300140137e-5
0.0
0.0
0.0
0.0
0.0
0.0
0.0
0.0
0.0
0.0
0.0
0.0
0.0
0.0
0.0
0.0
0.0
0.0
0.0
0.0
0.0
0.0
0.0
0.0
0.0
0.0
0.0
0.0
0.0
0.0
0.0
0.0
0.0
0.0
0.0
0.0
0.0
0.0
0.0
0.0
0.0
0.0
0.0
0.0
0.0
0.0
0.0
0.0
0.0
0.0
0.0
0.0
0.0
0.0
0.0
0.0
0.0
0.0
0.0
0.0
0.0
0.0
0.0
0.0
0.0
0.0
0.0
0.0
0.0
0.0
3.6257801935212e-6
0.0001621540713110192
3.7628885044399e-5
0.0
0.0
0.0
0.0
0.0
0.0
0.0
0.0
0.0
0.0
0.0
0.0
0.0
0.0
0.0
0.0
0.0
0.0
0.0
7.426191469683963e-5
0.00018857085833769656
8.685635522196875e-6
0.0011604643619352658
0.0009000405521400038
0.0006903799895193099
0.0004547881273235771
0.00027240879816328874
0.00010823692376909809
4.70811776333875e-6
0.0
0.0
5.469427487757471e-6
0.00010544397501720207
0.0
0.0
4.8824530397238274e-5
0.00012083289474274674
0.000262657759068028
0.0003076639424681401
0.0005273760908448752
0.00045266023217047915
0.0006391234202097316
0.0005051065510893946
0.0006702419076663145
0.0005149020925431496
0.000686087249395936
0.0005248000781758897
0.0006526416576299035
0.00045256208781476007
0.00046289946096057306
0.00023325971247923317
0.00019292188228306738
3.130059531917101e-5
4.710636503955506e-6
0.0
0.0
0.0
0.0
0.0
9.122668839482058e-6
4.477656204559855e-5
0.00011603064312369938
0.00017269318032023264
0.0002488528093860598
0.00036510966388703336
0.00038681573300090264
0.0005105183911981021
0.0004712457890678654
6.662381693561864e-5
0.0021756667059800246
0.0016259859360449294
0.0007248358130799158
3.383752551124532e-5
0.0
0.0
0.0
0.0
0.0
0.0
0.0
0.0
0.0
0.0
0.0
0.0
0.0
0.0
0.0
0.0
0.0
6.968774257277638e-5
0.00011150345370553386
5.458004343478623e-6
0.0004382990651876671
0.0002043293443916312
1.5523110618368598e-5
0.0
0.0
0.0
0.0
0.0
0.0
0.0
0.0
0.0
0.0
0.0
0.0
0.0
0.0
0.0
0.0
0.0
0.0
0.0
0.0
3.3790510661112846e-6
0.00010328549698431062
0.0
0.0
0.0
0.0
0.0
0.0
0.0
0.0
0.0
0.0
0.0
0.0
0.0
0.0
0.0
0.0
0.0
0.0
0.0
0.0
0.0
0.0
0.0
0.0
0.0
0.0
0.0
0.0
0.0
0.0
0.0
0.0
0.0
0.0
0.0
0.0
0.0
0.0
0.0
0.0
0.0
0.0
0.0
0.0
0.0
0.0
0.0
0.0
0.0
0.0
0.0
0.0
0.0
0.0
0.0
0.0
0.0
0.0
0.0
0.0
0.0
0.0
0.0
0.0
0.0
0.0
0.0
0.0
0.0
0.0
0.0
0.0
0.0
0.0
0.0
0.0
0.0
0.0
0.0
0.0
0.0
0.0
0.0
0.0
0.0
0.0
0.0
0.0
0.0
0.0
0.0
0.0
6.197074471792354e-6
3.1641095058898445e-6
8.490952788559641e-6
5.795826495528908e-6
1.4509736032452075e-5
7.982900822946138e-6
0.0
0.0
0.0
0.0
0.0
0.0
0.0
0.0
0.0
0.0
0.0
0.0
0.0
0.0
0.0
0.0
0.0
0.0
0.0
0.0
0.0
3.3020340115353673e-6
0.0
0.0
0.0
0.0
0.0
0.0
0.0
0.0
0.0
0.0
0.0
0.0
0.0
0.0
0.0
0.0
0.0
0.0
0.0
0.0
0.0
0.0
0.0
0.0
0.0
0.0
0.0
0.0
0.0
0.0
0.0
0.0
0.0
0.0
0.0
0.0
0.0
0.0
0.0
0.0
0.0
0.0
0.0
0.0
0.0
0.0
0.0
0.0
0.0
0.0
0.0
0.0
0.0
0.0
0.0
0.0
0.0
0.0
0.0
0.0
0.0
0.0
0.0
0.0
0.0
0.0
0.0
0.0
0.0
0.0
0.0
0.0
0.0
0.0
0.0
0.0
0.0
0.0
0.0
0.0
0.0
0.0
0.0
0.0
0.0
0.0
0.0
0.0
0.0
0.0
0.0
0.0
0.0
0.0
0.0
0.0
0.0
0.0
0.0
0.0
0.0
0.0
0.0
0.0
0.0
0.0
0.0
0.0
0.0
0.0
0.0
0.0
0.0
0.0
0.0
0.0
0.0
0.0
0.0
0.0
0.0
0.0
0.0
0.0
0.0
0.0
0.0
0.0
0.0
0.0
0.0
0.0
0.0
0.0
0.0
0.0
0.0
0.0
0.0
0.0
0.0
0.0
0.0
0.0
0.0
0.0
0.0
0.0
0.0
0.0
0.0
0.0
0.0
0.0
0.0
0.0
0.0
0.0
0.0
0.0
0.0
0.0
0.0
0.0
0.0
0.0
0.0
0.0
0.0
0.0
0.0
0.0
0.0
0.0
0.0
0.0
0.0
0.0
0.0
0.0
0.0
0.0
0.0
0.0
0.0
0.0
0.0
0.0
0.0
0.0
0.0
0.0
0.0
0.0
0.0
0.0
0.0
0.0
0.0
0.0
0.0
0.0
0.0
0.0
0.0
0.0
0.0
0.0
0.0
0.0
0.0
0.0
0.0
0.0
0.0
0.0
0.0
0.0
0.0
0.0
0.0
0.0
0.0
0.0
0.0
0.0
0.0
0.0
0.0
0.0
0.0
0.0
0.0
0.0
0.0
0.0
0.0
0.0
0.0
0.0
0.0
0.0
0.0
0.0
0.0
0.0
0.0
0.0
0.0
0.0
0.0
0.0
0.0
0.0
0.0
0.0
0.0
0.0
0.0
0.0
0.0
0.0002309466634395025
9.158026834313893e-6
0.0016353244417950214
0.0012646994188578859
0.00115370767531755
0.0008816192613722826
0.0005417960790695703
0.0003507676033831988
0.00019143308828207685
9.060656895486859e-5
9.012923130454227e-5
1.6985764598874043e-5
0.0
1.2779503543375542e-5
8.201530448652937e-5
0.0002935365174522298
0.0006054459155263039
0.0
0.0
7.00407470000398e-5
0.0002437475156150642
0.0002506765862322699
0.00030136900004623424
0.00028533992751830295
0.00034313164603732974
2.0466418423175353e-5
0.001351673142989493
0.0007800515175761084
0.0002908551442208914
5.499166606531879e-5
0.0
0.0
0.0
0.0
0.0
0.0
0.0
0.0
0.0
0.0
0.0
0.0
0.0
0.0
2.7343370393640745e-5
9.073765888833824e-5
0.0001402524216645923
0.00018828653008730293
0.0002767325118291503
0.0003857808338907853
0.0005618246695746194
0.0004463993167999546
0.0003190634143167834
9.820945831572975e-5
0.0
0.0
0.0
0.0
0.0
0.0
0.0
0.0
0.0
0.0
0.0
0.0
0.0
7.520127400458349e-6
1.652271298370051e-5
7.290440740154757e-5
0.00010027261857742381
0.00015643817436015198
0.00022209468427789858
1.1519431200656052e-5
3.9211261627472285e-5
0.0
0.0
0.0
0.0
0.0
0.0
0.0
0.0
0.0
0.0
0.0
0.0
0.0
0.0
0.0
0.0
0.0
0.0
0.0
0.0
0.0
0.0
0.0
0.0
0.0
0.0
0.0
0.0
0.0
0.0
0.0
0.0
0.0
0.0
0.0
0.0
0.0
0.0
0.0
0.0
0.0
0.0
0.0
0.0
0.0
9.906412176185568e-5
1.982041005137434e-5
0.0002493834693125853
1.250250722853098e-5
0.0
0.0
0.0
0.0
0.0
0.0
0.0
0.0
0.0
0.0
0.0
0.0
0.0
0.0
0.0
0.0
0.0
0.0
0.0
0.0
0.0
0.0
0.0
0.0
0.0
0.0
0.0
0.0
0.0
0.0
0.0
0.0
0.0
0.0
0.0
0.0
0.0
0.0
0.0
0.0
0.0
0.0
0.0
0.0
0.0
0.0
0.0
0.0
0.0
0.0
0.0
0.0
0.0
0.0
0.0
0.0
0.0
0.0
0.0
0.0
0.0
0.0
0.0
0.0
0.0
0.0
0.0
0.0
0.0
0.0
0.0
0.0
0.0
0.0
0.0
0.0
0.0
0.0
0.0
0.0
0.0
0.0
0.0
0.0
0.0
0.0
0.0
0.0
0.0
0.0
0.0
2.2554716636880397e-5
7.237562203318327e-5
0.0001790531777800632
0.00026960311899860783
0.0002625939575972362
0.00022665038261513305
0.00011367669899714146
7.337095586462521e-6
0.0
0.0
0.0
0.0
0.0
0.0
0.0
0.0
0.0
0.0
0.0
0.0
2.0639926078351123e-6
8.94761954912888e-6
1.4526990920343362e-5
0.00010372836222507671
0.00011290465246200958
0.0002194817005169704
1.1573445484980855e-5
0.0009382137475605644
0.0002613991921721119
0.0
0.0
0.0
0.0
0.0
0.0
0.0
0.0
0.0
0.0
0.0
0.0
0.0
0.0
0.0
0.0
0.0
0.0
0.0
0.0
0.0
0.0
0.0
0.0
0.0
0.0
0.0
0.0
0.0
0.0
0.0
0.0
0.0
0.0
0.0
0.0
0.0
0.0
0.0
0.0
0.0
0.0
0.0
0.0
0.0
0.0
0.0
0.0
0.0
0.0
0.0
0.0
0.0
0.0
0.0
0.0
0.0
0.0
0.0
0.0
0.0
0.0
0.0
0.0
0.0
0.0
0.0
0.0
0.0
0.0
0.0
0.0
0.0
0.0
0.0
0.0
0.0
0.0
0.0
0.0
0.0
0.0
0.0
0.0
0.0
0.0
0.0
0.0
0.0
0.0
0.0
0.0
0.0
0.0
0.0
0.0
0.0
0.0
0.0
0.0
0.0
0.0
0.0
0.0
0.0
0.0
0.0
0.0
0.0
0.0
0.0
0.0
0.0
0.0
0.0
0.0
0.0
0.0
0.0
0.0
0.0
0.0
0.0
0.0
0.0
0.0
0.0
0.0
0.0
0.0
0.0
0.0
0.0
0.0
0.0
0.0
0.0
0.0
0.0
0.0
0.0
0.0
0.0
0.0
0.0
0.0
0.0
0.0
0.0
0.0
0.0
0.0
0.0
0.0
0.0
0.0
0.0
0.0
0.0
0.0
0.0
0.0
0.0
0.0
0.0
0.0
0.0
0.0
0.0
0.0
0.0
0.0
0.0
0.0
0.0
0.0
0.0
0.0
0.0
0.0
0.0
0.0
0.0
0.0
0.0
0.0
0.0
0.0
0.0
0.0
0.0
0.0
0.0
0.0
0.0
0.0
0.0
0.0
0.0
0.0
0.0
0.0
0.0
0.0
0.0
0.0
0.0
0.0
0.0
0.0
0.0
0.0
0.0
0.0
0.0
0.0
0.0
0.0
0.0
0.0
0.0
0.0
0.0
0.0
0.0
0.0
0.0
0.0
0.0
0.0
0.0
0.0
0.0
0.0
0.0
0.0
0.0
0.0
0.0
0.0
0.0
0.0
0.0
0.0
0.0
0.0
0.0
0.0
0.0
0.0
0.0
0.0
0.0
0.0
0.0
0.0
0.0
0.0
0.0
0.0
0.0
0.0
0.0
0.0
0.0
0.0
0.0
0.0
0.0
0.0
0.0
0.0
0.0
0.0
0.0
0.0
0.0
0.0
0.0
0.0
0.0
0.0
0.0
0.0
0.0
0.0
0.0
0.0
0.0
0.0
0.0
0.0
0.0
0.0
0.0
0.0
0.0
0.0
0.0
0.0
0.0
0.0
0.0
0.0
0.0
0.0
0.0
0.0
0.0
0.0
0.0
0.0
0.0
0.0
0.0
0.0
0.0
0.0
0.0
0.0
0.0
0.0
0.0
0.0
0.0
0.0
0.0
0.0
0.0
0.0
0.0
0.0
0.0
0.0
0.0
0.0
0.0
0.0
0.0
0.0
0.0
0.0
0.0
0.0
0.0
0.0
0.0
0.0
0.0
0.0
0.0
0.0
0.0
0.0
0.0
0.0
0.0
0.0
0.0
0.0
0.0
0.0
0.0
0.0
0.0
0.0
0.0
0.0
0.0
0.0
0.0
0.0
0.0
0.0
0.0
0.0
0.0
0.0
0.0
0.0
0.0
0.0
2.6181720241523183e-5
0.0
0.0
0.0
0.0
0.0
0.0
0.0
0.0
0.0
0.0
0.0
0.0
0.0
0.0
0.0
0.0
0.0
0.0
0.0
0.0
0.0
0.0
0.0
0.0
0.0
0.0
0.0
0.0
0.0
0.0
0.0
0.0
0.0
0.0
0.0
0.0
0.0
0.0
0.0
0.0
0.0
0.0
0.0
0.0
0.0
0.0
0.0
0.0
0.0
0.0
0.0
0.0
0.0
0.0
0.0
0.0
0.0
0.0
0.0
0.0
0.0
0.0
0.0
0.0
0.0
0.0
0.0
0.0
0.0
0.0
0.0
0.0
0.0
0.0
0.0
0.0
0.0
0.0
0.0
0.0
0.0
0.0
0.0
0.0
0.0
0.0
0.0
0.0
0.0
0.0
0.0
0.0
0.0
0.0
0.0
0.0
0.0
0.0
0.0
0.0
0.0
0.0
0.0
0.0
0.0
0.0
0.0
0.0
0.0
0.0
0.0
0.0
0.0
0.0
0.0
0.0
0.0
0.0
0.0
0.0
0.0
0.0
0.0
0.0
0.0
0.0
0.0
0.0
0.0
0.0
0.0
0.0
0.0
0.0
0.0
0.0
0.0
0.0
0.0
0.0
0.0
0.0
0.0
0.0
0.0
0.0
0.0
0.0
0.0
0.0
0.0
0.0
0.0
0.0
0.0
0.0
0.0
0.0
0.0
0.0
0.0
0.0
0.0
0.0
0.0
0.0
0.0
0.0
0.0
0.0
0.0
0.0
0.0
0.0
0.0
0.0
0.0
0.0
0.0
0.0
0.0
0.0
0.0
0.0
0.0
0.0
0.0
0.0
0.0
0.0
0.0
0.0
0.0
0.0
0.0
0.0
0.0
0.0
0.0
0.0
0.0
0.0
0.0
0.0
0.0
0.0
0.0
0.0
0.0
0.0
0.0
0.0
0.0
0.0
0.0
0.0
0.0
0.0
0.0
0.0
0.0
0.0
0.0
0.0
0.0
0.0
0.0
0.0
0.0
0.0
0.0
0.0
0.0
0.0
0.0
0.0
0.0
0.0
0.0
0.0
0.0
0.0
0.0
0.0
0.0
0.0
0.0
0.0
0.0
0.0
0.0
0.0
0.0
0.0
0.0
0.0
0.0
0.0
0.0
0.0
0.0
0.0
0.0
0.0
0.0
0.0
0.0
0.0
0.0
0.0
0.0
0.0
0.0
0.0
0.0
0.0
0.0
0.0
0.0
0.0
0.0
0.0
0.0
0.0
0.0
0.0
0.0
0.0
0.0
0.0
0.0
0.0
0.0
0.0
0.0
0.0
0.0
0.0
0.0
0.0
0.0
0.0
0.0
0.0
0.0
0.0
0.0
0.0
0.0
0.0
0.0
0.0
0.0
0.0
0.0
0.0
0.0
0.0
0.0
0.0
0.0
0.0
0.0
0.0
0.0
0.0
0.0
0.0
0.0
0.0
0.0
0.0
0.0
0.0
0.0
0.0
0.0
0.0
0.0
0.0
0.0
0.0
0.0
0.0
0.0
0.0
0.0
0.0
0.0
0.0
0.0
0.0
0.0
0.0
0.0
0.0
0.0
0.0
0.0
0.0
0.0
0.0
0.0
0.0
0.0
0.0
0.0
0.0
0.0
0.0
0.0
0.0
0.0
0.0
0.0
0.0
0.0
0.0
0.0
0.0
0.0
0.0
0.0
0.0
0.0
0.0
0.0
0.0
0.0
0.0
0.0
0.0
0.0
0.0
0.0
0.0
0.0
0.0
0.0
0.0
0.0
0.0
0.0
0.0
0.0
0.0
0.0
0.0
0.0
0.0
0.0
0.0
0.0
0.0
0.0
0.0
0.0
0.0
0.0
0.0
0.0
0.0
0.0
0.0
0.0
0.0
0.0
0.0
0.0
0.0
0.0
0.0
0.0
0.0
0.0
0.0
0.0
0.0
0.0
0.0
0.0
0.0
0.0
0.0
0.0
0.0
0.0
0.0
0.0
0.0
0.0
0.0
0.0
0.0
0.0
0.0
0.0
0.0
0.0
0.0
0.0
0.0
0.0
0.0
0.0
0.0
0.0
0.0
0.0
0.0
0.0
0.0
0.0
0.0
0.0
0.0
0.0
0.0
0.0
0.0
0.0
0.0
0.0
0.0
0.0
0.0
0.0
0.0
0.0
0.0
0.0
0.0
0.0
0.0
0.0
0.0
0.0
0.0
0.0
0.0
0.0
0.0
0.0
0.0
0.0
0.0
0.0
0.0
0.0
0.0
0.0
0.0
0.0
0.0
0.0
0.0
0.0
0.0
0.0
0.0
0.0
0.0
0.0
0.0
0.0
0.0
0.0
0.0
0.0
0.0
0.0
0.0
0.0
0.0
0.0
0.0
0.0
0.0
0.0
0.0
0.0
0.0
0.0
0.0
0.0
0.0
0.0
0.0
0.0
0.0
0.0
0.0
0.0
0.0
0.0
0.0
0.0
0.0
0.0
0.0
0.0
0.0
0.0
0.0
0.0
0.0
0.0
0.0
0.0
0.0
0.0
0.0
0.0
0.0
0.0
0.0
0.0
0.0
0.0
0.0
0.0
0.0
0.0
0.0
0.0
0.0
0.0
0.0
0.0
0.0
0.0
0.0
0.0
0.0
0.0
0.0
0.0
0.0
0.0
0.0
0.0
0.0
0.0
0.0
0.0
0.0
0.0
0.0
0.0
0.0
0.0
0.0
0.0
0.0
0.0
0.0
0.0
0.0
0.0
0.0
0.0
0.0
0.0
0.0
0.0
0.0
0.0
0.0
0.0
0.0
0.0
0.0
0.0
0.0
0.0
0.0
0.0
0.0
0.0
0.0
0.0
0.0
0.0
0.0
0.0
0.0
0.0
0.0
0.0
0.0
0.0
0.0
0.0
0.0
0.0
0.0
0.0
0.0
0.0
0.0
0.0
0.0
0.0
0.0
0.0
0.0
0.0
0.0
0.0
0.0
0.0
0.0
0.0
0.0
0.0
0.0
0.0
0.0
0.0
0.0
0.0
0.0
0.0
0.0
0.0
0.0
0.0
0.0
0.0
0.0
0.0
0.0
0.0
0.0
0.0
0.0
0.0
0.0
0.0
0.0
0.0
0.0
0.0
0.0
0.0
0.0
0.0
0.0
0.0
0.0
0.0
0.0
0.0
0.0
0.0
0.0
0.0
0.0
0.0
0.0
0.0
0.0
0.0
0.0
0.0
0.0
0.0
0.0
0.0
0.0
0.0
0.0
0.0
0.0
0.0
0.0
0.0
0.0
0.0
0.0
0.0
0.0
0.0
0.0
0.0
0.0
0.0
0.0
0.0
0.0
0.0
0.0
0.0
0.0
0.0
0.0
0.0
0.0
0.0
0.0
0.0
0.0
0.0
0.0
0.0
0.0
0.0
0.0
0.0
0.0
0.0
0.0
0.0
0.0
0.0
0.0
0.0
0.0
0.0
0.0
0.0
0.0
0.0
0.0
0.0
0.0
0.0
0.0
0.0
0.0
0.0
0.0
0.0
0.0
0.0
0.0
0.0
0.0
0.0
0.0
0.0
0.0
0.0
0.0
0.0
0.0
0.0
0.0
0.0
0.0
0.0
0.0
0.0
0.0
0.0
0.0
0.0
0.0
0.0
0.0
0.0
0.0
0.0
0.0
0.0
0.0
0.0
0.0
0.0
0.0
0.0
0.0
0.0
0.0
0.0
0.0
0.0
0.0
0.0
0.0
0.0
0.0
0.0
0.0
0.0
0.0
0.0
0.0
0.0
0.0
0.0
0.0
0.0
0.0
0.0
0.0
0.0
0.0
0.0
0.0
0.0
0.0
0.0
0.0
0.0
0.0
0.0
0.0
0.0
0.0
0.0
0.0
0.0
0.0
0.0
0.0
0.0
0.0
0.0
0.0
0.0
0.0
0.0
0.0
0.0
0.0
0.0
0.0
0.0
0.0
0.0
0.0
0.0
0.0
0.0
0.0
0.0
0.0
0.0
0.0
0.0
0.0
0.0
0.0
0.0
0.0
0.0
0.0
0.0
0.0
0.0
0.0
0.0
0.0
0.0
0.0
0.0
0.0
0.0
0.0
0.0
0.0
0.0
0.0
0.0
0.0
0.0
0.0
0.0
0.0
0.0
0.0
0.0
0.0
0.0
0.0
0.0
0.0
0.0
0.0
0.0
0.0
0.0
0.0
0.0
0.0
0.0
0.0
0.0
0.0
0.0
0.0
0.0
0.0
0.0
0.0
0.0
0.0
0.0
0.0
0.0
0.0
0.0
0.0
0.0
0.0
0.0
0.0
0.0
0.0
0.0
0.0
0.0
0.0
0.0
0.0
0.0
0.0
0.0
0.0
0.0
0.0
0.0
0.0
0.0
0.0
0.0
0.0
0.0
0.0
0.0
0.0
0.0
0.0
0.0
0.0
0.0
0.0
0.0
0.0
0.0
0.0
0.0
0.0
0.0
0.0
0.0
0.0
0.0
0.0
0.0
0.0
0.0
0.0
0.0
0.0
0.0
0.0
0.0
0.0
0.0
0.0
0.0
0.0
0.0
0.0
0.0
0.0
0.0
0.0
0.0
0.0
0.0
0.0
0.0
0.0
0.0
0.0
0.0
0.0
0.0
0.0
0.0
0.0
0.0
0.0
0.0
0.0
0.0
0.0
0.0
0.0
0.0
0.0
0.0
0.0
0.0
0.0
0.0
0.0
0.0
0.0
0.0
0.0
0.0
0.0
0.0
0.0
0.0
0.0
0.0
0.0
0.0
0.0
0.0
0.0
0.0
0.0
0.0
0.0
0.0
0.0
0.0
0.0
0.0
0.0
0.0
0.0
0.0
0.0
0.0
0.0
0.0
0.0
0.0
0.0
0.0
0.0
0.0
0.0
0.0
0.0
0.0
0.0
0.0
0.0
0.0
0.0
0.0
0.0
0.0
0.0
0.0
0.0
0.0
0.0
0.0
0.0
0.0
0.0
0.0
0.0
0.0
0.0
0.0
0.0
0.0
0.0
0.0
0.0
0.0
0.0
0.0
0.0
0.0
0.0
0.0
0.0
0.0
0.0
0.0
0.0
0.0
0.0
0.0
0.0
0.0
0.0
0.0
0.0
0.0
0.0
0.0
0.0
0.0
0.0
0.0
0.0
0.0
0.0
0.0
0.0
0.0
0.0
0.0
0.0
0.0
0.0
0.0
0.0
0.0
0.0
0.0
0.0
0.0
0.0
0.0
0.0
0.0
0.0
0.0
0.0
0.0
0.0
0.0
0.0
0.0
0.0
0.0
0.0
0.0
0.0
0.0
0.0
0.0
0.0
0.0
0.0
0.0
0.0
0.0
0.0
0.0
0.0
0.0
0.0
0.0
0.0
0.0
0.0
0.0
0.0
0.0
0.0
0.0
0.0
0.0
0.0
0.0
0.0
0.0
0.0
0.0
0.0
0.0
0.0
0.0
0.0
0.0
0.0
0.0
0.0
0.0
0.0
0.0
0.0
0.0
0.0
0.0
0.0
0.0
0.0
0.0
0.0
0.0
0.0
0.0
0.0
0.0
0.0
0.0
0.0
0.0
0.0
0.0
0.0
0.0
0.0
0.0
0.0
0.0
0.0
0.0
0.0
0.0
0.0
0.0
0.0
0.0
0.0
0.0
0.0
0.0
0.0
0.0
0.0
0.0
0.0
0.0
0.0
0.0
0.0
0.0
0.0
0.0
0.0
0.0
0.0
0.0
0.0
0.0
0.0
0.0
0.0
0.0
0.0
0.0
0.0
0.0
0.0
0.0
0.0
0.0
0.0
0.0
0.0
0.0
0.0
0.0
0.0
0.0
0.0
0.0
0.0
0.0
0.0
0.0
0.0
0.0
0.0
0.0
0.0
0.0
0.0
0.0
0.0
0.0
0.0
0.0
0.0
0.0
0.0
0.0
0.0
0.0
0.0
0.0
0.0
0.0
0.0
0.0
0.0
0.0
0.0
0.0
0.0
0.0
0.0
0.0
0.0
0.0
0.0
0.0
0.0
0.0
0.0
0.0
0.0
0.0
0.0
0.0
0.0
0.0
0.0
0.0
0.0
0.0
0.0
0.0
0.0
0.0
0.0
0.0
0.0
0.0
0.0
0.0
0.0
0.0
0.0
0.0
0.0
0.0
0.0
0.0
0.0
0.0
0.0
0.0
0.0
0.0
0.0
0.0
0.0
0.0
0.0
0.0
0.0
0.0
0.0
0.0
0.0
0.0
0.0
0.0
0.0
0.0
0.0
0.0
0.0
0.0
0.0
0.0
0.0
0.0
0.0
0.0
0.0
0.0
0.0
0.0
0.0
0.0
0.0
0.0
0.0
0.0
0.0
0.0
0.0
0.0
0.0
0.0
0.0
0.0
0.0
0.0
0.0
0.0
0.0
0.0
0.0
0.0
0.0
0.0
0.0
0.0
0.0
0.0
0.0
0.0
0.0
0.0
0.0
0.0
0.0
0.0
0.0
0.0
0.0
0.0
0.0
0.0
0.0
0.0
0.0
0.0
0.0
0.0
0.0
0.0
0.0
0.0
0.0
0.0
0.0
0.0
0.0
0.0
0.0
0.0
0.0
0.0
0.0
0.0
0.0
0.0
0.0
0.0
0.0
0.0
0.0
0.0
0.0
0.0
0.0
0.0
0.0
0.0
0.0
0.0
0.0
0.0
0.0
0.0
0.0
0.0
0.0
0.0
0.0
0.0
0.0
0.0
0.0
0.0
0.0
0.0
0.0
0.0
0.0
0.0
0.0
0.0
0.0
0.0
0.0
0.0
0.0
0.0
0.0
0.0
0.0
0.0
0.0
0.0
0.0
0.0
0.0
0.0
0.0
0.0
0.0
0.0
0.0
0.0
0.0
0.0
0.0
0.0
0.0
0.0
0.0
0.0
0.0
0.0
0.0
0.0
0.0
0.0
0.0
0.0
0.0
0.0
0.0
0.0
0.0
0.0
0.0
0.0
0.0
0.0
0.0
0.0
0.0
0.0
0.0
0.0
0.0
0.0
0.0
0.0
0.0
0.0
0.0
0.0
0.0
0.0
0.0
0.0
0.0
0.0
0.0
0.0
0.0
0.0
0.0
0.0
0.0
0.0
0.0
0.0
0.0
0.0
0.0
0.0
0.0
0.0
0.0
0.0
0.0
0.0
0.0
0.0
0.0
0.0
0.0
0.0
0.0
0.0
0.0
0.0
0.0
0.0
0.0
0.0
0.0
0.0
0.0
0.0
0.0
0.0
0.0
0.0
0.0
0.0
0.0
0.0
0.0
0.0
0.0
0.0
0.0
0.0
0.0
0.0
0.0
0.0
0.0
0.0
0.0
0.0
0.0
0.0
0.0
0.0
0.0
0.0
0.0
0.0
0.0
0.0
0.0
0.0
0.0
0.0
0.0
0.0
0.0
0.0
0.0
0.0
0.0
0.0
0.0
0.0
0.0
0.0
0.0
0.0
0.0
0.0
0.0
0.0
0.0
0.0
0.0
0.0
0.0
0.0
0.0
0.0
0.0
0.0
0.0
0.0
0.0
0.0
0.0
0.0
0.0
0.0
0.0
0.0
0.0
0.0
0.0
0.0
0.0
0.0
0.0
0.0
0.0
0.0
0.0
0.0
0.0
0.0
0.0
0.0
0.0
0.0
0.0
0.0
0.0
0.0
0.0
0.0
0.0
0.0
0.0
0.0
0.0
0.0
0.0
0.0
0.0
0.0
0.0
0.0
0.0
0.0
0.0
0.0
0.0
0.0
0.0
0.0
0.0
0.0
0.0
0.0
0.0
0.0
0.0
0.0
0.0
0.0
0.0
0.0
0.0
0.0
0.0
0.0
0.0
0.0
0.0
0.0
0.0
0.0
0.0
0.0
0.0
0.0
0.0
0.0
0.0
0.0
0.0
0.0
0.0
0.0
0.0
0.0
0.0
0.0
0.0
0.0
0.0
0.0
0.0
0.0
0.0
0.0
0.0
0.0
0.0
0.0
0.0
0.0
0.0
0.0
0.0
0.0
0.0
0.0
0.0
0.0
0.0
0.0
0.0
0.0
0.0
0.0
0.0
0.0
0.0
0.0
0.0
0.0
0.0
0.0
0.0
0.0
0.0
0.0
0.0
0.0
0.0
0.0
0.0
0.0
0.0
0.0
0.0
0.0
0.0
0.0
0.0
0.0
0.0
0.0
0.0
0.0
0.0
0.0
0.0
0.0
0.0
0.0
0.0
0.0
0.0
0.0
0.0
0.0
0.0
0.0
0.0
0.0
0.0
0.0
0.0
0.0
0.0
0.0
0.0
0.0
0.0
0.0
0.0
0.0
0.0
0.0
0.0
0.0
0.0
0.0
0.0
0.0
0.0
0.0
0.0
0.0
0.0
0.0
0.0
0.0
0.0
0.0
0.0
0.0
0.0
0.0
0.0
0.0
0.0
0.0
0.0
0.0
0.0
0.0
0.0
0.0
0.0
0.0
0.0
0.0
0.0
0.0
0.0
0.0
0.0
0.0
0.0
0.0
0.0
0.0
0.0
0.0
0.0
0.0
0.0
0.0
0.0
0.0
0.0
0.0
0.0
0.0
0.0
0.0
0.0
0.0
0.0
0.0
0.0
0.0
0.0
0.0
0.0
0.0
0.0
0.0
0.0
0.0
0.0
0.0
0.0
0.0
0.0
0.0
0.0
0.0
0.0
0.0
0.0
0.0
0.0
0.0
0.0
0.0
0.0
0.0
0.0
0.0
0.0
0.0
0.0
0.0
0.0
0.0
0.0
0.0
0.0
0.0
0.0
0.0
0.0
0.0
0.0
0.0
0.0
0.0
0.0
0.0
0.0
0.0
0.0
0.0
0.0
0.0
0.0
0.0
0.0
0.0
0.0
0.0
0.0
0.0
0.0
0.0
0.0
0.0
0.0
0.0
0.0
0.0
0.0
0.0
0.0
0.0
0.0
0.0
0.0
0.0
0.0
0.0
0.0
0.0
0.0
0.0
0.0
0.0
0.0
0.0
0.0
0.0
0.0
0.0
0.0
0.0
0.0
0.0
0.0
0.0
0.0
0.0
0.0
0.0
0.0
0.0
0.0
0.0
0.0
0.0
0.0
0.0
0.0
0.0
0.0
0.0
0.0
0.0
0.0
0.0
0.0
0.0
0.0
0.0
0.0
0.0
0.0
0.0
0.0
0.0
0.0
0.0
0.0
0.0
0.0
0.0
0.0
0.0
0.0
0.0
0.0
0.0
0.0
0.0
0.0
0.0
0.0
0.0
0.0
0.0
0.0
0.0
0.0
0.0
0.0
0.0
0.0
0.0
0.0
0.0
0.0
0.0
0.0
0.0
0.0
0.0
0.0
0.0
0.0
0.0
0.0
0.0
0.0
0.0
0.0
0.0
0.0
0.0
0.0
0.0
0.0
0.0
0.0
0.0
0.0
0.0
0.0
0.0
0.0
0.0
0.0
0.0
0.0
0.0
0.0
0.0
0.0
0.0
0.0
0.0
0.0
0.0
0.0
0.0
0.0
0.0
0.0
0.0
0.0
0.0
0.0
0.0
0.0
0.0
0.0
0.0
0.0
0.0
0.0
0.0
0.0
0.0
0.0
0.0
0.0
0.0
0.0
0.0
0.0
0.0
0.0
0.0
0.0
0.0
0.0
0.0
0.0
0.0
0.0
0.0
0.0
0.0
0.0
0.0
0.0
0.0
0.0
0.0
0.0
0.0
0.0
0.0
0.0
0.0
0.0
0.0
0.0
0.0
0.0
0.0
0.0
0.0
0.0
0.0
0.0
0.0
0.0
0.0
0.0
0.0
0.0
0.0
0.0
0.0
0.0
0.0
0.0
0.0
0.0
0.0
0.0
0.0
0.0
0.0
0.0
0.0
0.0
0.0
0.0
0.0
0.0
0.0
0.0
0.0
0.0
0.0
0.0
0.0
0.0
0.0
0.0
0.0
0.0
0.0
0.0
0.0
0.0
0.0
0.0
0.0
0.0
0.0
0.0
0.0
0.0
0.0
0.0
0.0
0.0
0.0
0.0
0.0
0.0
0.0
0.0
0.0
0.0
0.0
0.0
0.0
0.0
0.0
0.0
0.0
0.0
0.0
0.0
0.0
0.0
0.0
0.0
0.0
0.0
0.0
0.0
0.0
0.0
0.0
0.0
0.0
0.0
0.0
0.0
0.0
0.0
0.0
0.0
0.0
0.0
0.0
0.0
0.0
0.0
0.0
0.0
0.0
0.0
0.0
0.0
0.0
0.0
0.0
0.0
0.0
0.0
0.0
0.0
0.0
0.0
0.0
0.0
0.0
0.0
0.0
0.0
0.0
0.0
0.0
0.0
0.0
0.0
0.0
0.0
0.0
0.0
0.0
0.0
0.0
0.0
0.0
0.0
0.0
0.0
0.0
0.0
0.0
0.0
0.0
0.0
0.0
0.0
0.0
0.0
0.0
0.0
0.0
0.0
0.0
0.0
0.0
0.0
0.0
0.0
0.0
0.0
0.0
0.0
0.0
0.0
0.0
0.0
0.0
0.0
0.0
0.0
0.0
0.0
0.0
0.0
0.0
0.0
0.0
0.0
0.0
0.0
0.0
0.0
0.0
0.0
0.0
0.0
0.0
0.0
0.0
0.0
0.0
0.0
0.0
0.0
0.0
0.0
0.0
0.0
0.0
0.0
0.0
0.0
0.0
0.0
0.0
0.0
0.0
0.0
0.0
0.0
0.0
0.0
0.0
0.0
0.0
0.0
0.0
0.0
0.0
0.0
0.0
0.0
0.0
0.0
0.0
0.0
0.0
0.0
0.0
0.0
0.0
0.0
0.0
0.0
0.0
0.0
0.0
0.0
0.0
0.0
0.0
0.0
0.0
0.0
0.0
0.0
0.0
0.0
0.0
0.0
0.0
0.0
0.0
0.0
0.0
0.0
0.0
0.0
0.0
0.0
0.0
0.0
0.0
0.0
0.0
0.0
0.0
0.0
0.0
0.0
0.0
0.0
0.0
0.0
0.0
0.0
0.0
0.0
0.0
0.0
0.0
0.0
0.0
0.0
0.0
0.0
0.0
0.0
0.0
0.0
0.0
0.0
0.0
0.0
0.0
0.0
0.0
0.0
0.0
0.0
0.0
0.0
0.0
0.0
0.0
0.0
0.0
0.0
0.0
0.0
0.0
0.0
0.0
0.0
0.0
0.0
0.0
0.0
0.0
0.0
0.0
0.0
0.0
0.0
0.0
0.0
0.0
0.0
0.0
0.0
0.0
0.0
0.0
0.0
0.0
0.0
0.0
0.0
0.0
0.0
0.0
0.0
0.0
0.0
0.0
0.0
0.0
0.0
0.0
0.0
0.0
0.0
0.0
0.0
0.0
0.0
0.0
0.0
0.0
0.0
0.0
0.0
0.0
0.0
0.0
0.0
0.0
0.0
0.0
0.0
0.0
0.0
0.0
0.0
0.0
0.0
0.0
0.0
0.0
0.0
0.0
0.0
0.0
0.0
0.0
0.0
0.0
0.0
0.0
0.0
0.0
0.0
0.0
0.0
0.0
0.0
0.0
0.0
0.0
0.0
0.0
0.0
0.0
0.0
0.0
0.0
0.0
0.0
0.0
0.0
0.0
0.0
0.0
0.0
0.0
0.0
0.0
0.0
0.0
0.0
0.0
0.0
0.0
0.0
0.0
0.0
0.0
0.0
0.0
0.0
0.0
0.0
0.0
0.0
0.0
0.0
0.0
0.0
0.0
0.0
0.0
0.0
0.0
0.0
0.0
0.0
0.0
0.0
0.0
0.0
0.0
0.0
0.0
0.0
0.0
0.0
0.0
0.0
0.0
0.0
0.0
0.0
0.0
0.0
0.0
0.0
0.0
0.0
0.0
0.0
0.0
0.0
0.0
0.0
0.0
0.0
0.0
0.0
0.0
0.0
0.0
0.0
0.0
0.0
0.0
0.0
0.0
0.0
0.0
0.0
0.0
0.0
0.0
0.0
0.0
0.0
0.0
0.0
0.0
0.0
0.0
0.0
0.0
0.0
0.0
0.0
0.0
0.0
0.0
0.0
0.0
0.0
0.0
0.0
0.0
0.0
0.0
0.0
0.0
0.0
0.0
0.0
0.0
0.0
0.0
0.0
0.0
0.0
0.0
0.0
0.0
0.0
0.0
0.0
0.0
0.0
0.0
0.0
0.0
0.0
0.0
0.0
0.0
0.0
0.0
0.0
0.0
0.0
0.0
0.0
0.0
0.0
0.0
0.0
0.0
0.0
0.0
0.0
0.0
0.0
0.0
0.0
0.0
0.0
0.0
0.0
0.0
0.0
0.0
0.0
0.0
0.0
0.0
0.0
0.0
0.0
0.0
0.0
0.0
0.0
0.0
0.0
0.0
0.0
0.0
0.0
0.0
0.0
0.0
0.0
0.0
0.0
0.0
0.0
0.0
0.0
0.0
0.0
0.0
0.0
0.0
0.0
0.0
0.0
0.0
0.0
0.0
0.0
0.0
0.0
0.0
0.0
0.0
0.0
0.0
0.0
0.0
0.0
0.0
0.0
0.0
0.0
0.0
0.0
0.0
0.0
0.0
0.0
0.0
0.0
0.0
0.0
0.0
0.0
0.0
0.0
0.0
0.0
0.0
0.0
0.0
0.0
0.0
0.0
0.0
0.0
0.0
0.0
0.0
0.0
0.0
0.0
0.0
0.0
0.0
0.0
0.0
0.0
0.0
0.0
0.0
0.0
0.0
0.0
0.0
0.0
0.0
0.0
0.0
0.0
0.0
0.0
0.0
0.0
0.0
0.0
0.0
0.0
0.0
0.0
0.0
0.0
0.0
0.0
0.0
0.0
0.0
0.0
0.0
0.0
0.0
0.0
0.0
0.0
0.0
0.0
0.0
0.0
0.0
0.0
0.0
0.0
0.0
0.0
0.0
0.0
0.0
0.0
0.0
0.0
0.0
0.0
0.0
0.0
0.0
0.0
0.0
0.0
0.0
0.0
0.0
0.0
0.0
0.0
0.0
0.0
0.0
0.0
0.0
0.0
0.0
0.0
0.0
0.0
0.0
0.0
0.0
0.0
0.0
0.0
0.0
0.0
0.0
0.0
0.0
0.0
0.0
0.0
0.0
0.0
0.0
0.0
0.0
0.0
0.0
0.0
0.0
0.0
0.0
0.0
0.0
0.0
0.0
0.0
0.0
0.0
0.0
0.0
0.0
0.0
0.0
0.0
0.0
0.0
0.0
0.0
0.0
0.0
0.0
0.0
0.0
0.0
0.0
0.0
0.0
0.0
0.0
0.0
0.0
0.0
0.0
0.0
0.0
0.0
0.0
0.0
0.0
0.0
0.0
0.0
0.0
0.0
0.0
0.0
0.0
0.0
0.0
0.0
0.0
0.0
0.0
0.0
0.0
0.0
0.0
0.0
0.0
0.0
0.0
0.0
0.0
0.0
0.0
0.0
0.0
0.0
0.0
0.0
0.0
0.0
0.0
0.0
0.0
0.0
0.0
0.0
0.0
0.0
0.0
0.0
0.0
0.0
0.0
0.0
0.0
0.0
0.0
0.0
0.0
0.0
0.0
0.0
0.0
0.0
0.0
0.0
0.0
0.0
0.0
0.0
0.0
0.0
0.0
0.0
0.0
0.0
0.0
0.0
0.0
0.0
0.0
0.0
0.0
0.0
0.0
0.0
0.0
0.0
0.0
0.0
0.0
0.0
0.0
0.0
0.0
0.0
0.0
0.0
0.0
0.0
0.0
0.0
0.0
0.0
0.0
0.0
0.0
0.0
0.0
0.0
0.0
0.0
0.0
0.0
0.0
0.0
0.0
0.0
0.0
0.0
0.0
0.0
0.0
0.0
0.0
0.0
0.0
0.0
0.0
0.0
0.0
0.0
0.0
0.0
0.0
0.0
0.0
0.0
0.0
0.0
0.0
0.0
0.0
0.0
0.0
0.0
0.0
0.0
0.0
0.0
0.0
0.0
0.0
0.0
0.0
0.0
0.0
0.0
0.0
0.0
0.0
0.0
0.0
0.0
0.0
0.0
0.0
0.0
0.0
0.0
0.0
0.0
0.0
0.0
0.0
0.0
0.0
0.0
0.0
0.0
0.0
0.0
0.0
0.0
0.0
0.0
0.0
0.0
0.0
0.0
0.0
0.0
0.0
0.0
0.0
0.0
0.0
0.0
0.0
0.0
0.0
0.0
0.0
0.0
0.0
0.0
0.0
0.0
0.0
0.0
0.0
0.0
0.0
0.0
0.0
0.0
0.0
0.0
0.0
0.0
0.0
0.0
0.0
0.0
0.0
0.0
0.0
0.0
0.0
0.0
0.0
0.0
0.0
0.0
0.0
0.0
0.0
0.0
0.0
0.0
0.0
0.0
0.0
0.0
0.0
0.0
0.0
0.0
0.0
0.0
0.0
0.0
0.0
0.0
0.0
0.0
0.0
0.0
0.0
0.0
0.0
0.0
0.0
0.0
0.0
0.0
0.0
0.0
0.0
0.0
0.0
0.0
0.0
0.0
0.0
0.0
0.0
0.0
0.0
0.0
0.0
0.0
0.0
0.0
0.0
0.0
0.0
0.0
0.0
0.0
0.0
0.0
0.0
0.0
0.0
0.0
0.0
0.0
0.0
0.0
0.0
0.0
0.0
0.0
0.0
0.0
0.0
0.0
0.0
0.0
0.0
0.0
0.0
0.0
0.0
0.0
0.0
0.0
0.0
0.0
0.0
0.0
0.0
0.0
0.0
0.0
0.0
0.0
0.0
0.0
0.0
0.0
0.0
0.0
0.0
0.0
0.0
0.0
0.0
0.0
0.0
0.0
0.0
0.0
0.0
0.0
0.0
0.0
0.0
0.0
0.0
0.0
0.0
0.0
0.0
0.0
0.0
0.0
0.0
0.0
0.0
0.0
0.0
0.0
0.0
0.0
0.0
0.0
0.0
0.0
0.0
0.0
0.0
0.0
0.0
0.0
0.0
0.0
0.0
0.0
0.0
0.0
0.0
0.0
0.0
0.0
0.0
0.0
0.0
0.0
0.0
0.0
0.0
0.0
0.0
0.0
0.0
0.0
0.0
0.0
0.0
0.0
0.0
0.0
0.0
0.0
0.0
0.0
0.0
0.0
0.0
0.0
0.0
0.0
0.0
0.0
0.0
0.0
0.0
0.0
0.0
0.0
0.0
0.0
0.0
0.0
0.0
0.0
0.0
0.0
0.0
0.0
0.0
0.0
0.0
0.0
0.0
0.0
0.0
0.0
0.0
0.0
0.0
0.0
0.0
0.0
0.0
0.0
0.0
0.0
0.0
0.0
0.0
0.0
0.0
0.0
0.0
0.0
0.0
0.0
0.0
0.0
0.0
0.0
0.0
0.0
0.0
0.0
0.0
0.0
0.0
0.0
0.0
0.0
0.0
0.0
0.0
0.0
0.0
0.0
0.0
0.0
0.0
0.0
0.0
0.0
0.0
0.0
0.0
0.0
0.0
0.0
0.0
0.0
0.0
0.0
0.0
0.0
0.0
0.0
0.0
0.0
0.0
0.0
0.0
0.0
0.0
0.0
0.0
0.0
0.0
0.0
0.0
0.0
0.0
0.0
0.0
0.0
0.0
0.0
0.0
0.0
0.0
0.0
0.0
0.0
0.0
0.0
0.0
0.0
0.0
0.0
0.0
0.0
0.0
0.0
0.0
0.0
0.0
0.0
0.0
0.0
0.0
0.0
0.0
0.0
0.0
0.0
0.0
0.0
0.0
0.0
0.0
0.0
0.0
0.0
0.0
0.0
0.0
0.0
0.0
0.0
0.0
0.0
0.0
0.0
0.0
0.0
0.0
0.0
0.0
0.0
0.0
0.0
0.0
0.0
0.0
0.0
0.0
0.0
0.0
0.0
0.0
0.0
0.0
0.0
0.0
0.0
0.0
0.0
0.0
0.0
0.0
0.0
0.0
0.0
0.0
0.0
0.0
0.0
0.0
0.0
0.0
0.0
0.0
0.0
0.0
0.0
0.0
0.0
0.0
0.0
0.0
0.0
0.0
0.0
0.0
0.0
0.0
0.0
0.0
0.0
0.0
0.0
0.0
0.0
0.0
0.0
0.0
0.0
0.0
0.0
0.0
0.0
0.0
0.0
0.0
0.0
0.0
0.0
0.0
0.0
0.0
0.0
0.0
0.0
0.0
0.0
0.0
0.0
0.0
0.0
0.0
0.0
0.0
0.0
0.0
0.0
0.0
0.0
0.0
0.0
0.0
0.0
0.0
0.0
0.0
0.0
0.0
0.0
0.0
0.0
0.0
0.0
0.0
0.0
0.0
0.0
0.0
0.0
0.0
0.0
0.0
0.0
0.0
0.0
0.0
0.0
0.0
0.0
0.0
0.0
0.0
0.0
0.0
0.0
0.0
0.0
0.0
0.0
0.0
0.0
0.0
0.0
0.0
0.0
0.0
0.0
0.0
0.0
0.0
0.0
0.0
0.0
0.0
0.0
0.0
0.0
0.0
0.0
0.0
0.0
0.0
0.0
0.0
0.0
0.0
0.0
0.0
0.0
0.0
0.0
0.0
0.0
0.0
0.0
0.0
0.0
0.0
0.0
0.0
0.0
0.0
0.0
0.0
0.0
0.0
0.0
0.0
0.0
0.0
0.0
0.0
0.0
0.0
0.0
0.0
0.0
0.0
0.0
0.0
0.0
0.0
0.0
0.0
0.0
0.0
0.0
0.0
0.0
0.0
0.0
0.0
0.0
0.0
0.0
0.0
0.0
0.0
0.0
0.0
0.0
0.0
0.0
0.0
0.0
0.0
0.0
0.0
0.0
0.0
0.0
0.0
0.0
0.0
0.0
0.0
0.0
0.0
0.0
0.0
0.0
0.0
0.0
0.0
0.0
0.0
0.0
0.0
0.0
0.0
0.0
0.0
0.0
0.0
0.0
0.0
0.0
0.0
0.0
0.0
0.0
0.0
0.0
0.0
0.0
0.0
0.0
0.0
0.0
0.0
0.0
0.0
0.0
0.0
0.0
0.0
0.0
0.0
0.0
0.0
0.0
0.0
0.0
0.0
0.0
0.0
0.0
0.0
0.0
0.0
0.0
0.0
0.0
0.0
0.0
0.0
0.0
0.0
0.0
0.0
0.0
0.0
0.0
0.0
0.0
0.0
0.0
0.0
0.0
0.0
0.0
0.0
0.0
0.0
0.0
0.0
0.0
0.0
0.0
0.0
0.0
0.0
0.0
0.0
0.0
0.0
0.0
0.0
0.0
0.0
0.0
0.0
0.0
0.0
0.0
0.0
0.0
0.0
0.0
0.0
0.0
0.0
0.0
0.0
0.0
0.0
0.0
0.0
0.0
0.0
0.0
0.0
0.0
0.0
0.0
0.0
0.0
0.0
0.0
0.0
0.0
0.0
0.0
0.0
0.0
0.0
0.0
0.0
0.0
0.0
0.0
0.0
0.0
0.0
0.0
0.0
0.0
0.0
0.0
0.0
0.0
0.0
0.0
0.0
0.0
0.0
0.0
0.0
0.0
0.0
0.0
0.0
0.0
0.0
0.0
0.0
0.0
0.0
0.0
0.0
0.0
0.0
0.0
0.0
0.0
0.0
0.0
0.0
0.0
0.0
0.0
0.0
0.0
0.0
0.0
0.0
0.0
0.0
0.0
0.0
0.0
0.0
0.0
0.0
0.0
0.0
0.0
0.0
0.0
0.0
0.0
0.0
0.0
0.0
0.0
0.0
0.0
0.0
0.0
0.0
0.0
0.0
0.0
0.0
0.0
0.0
0.0
0.0
0.0
0.0
0.0
0.0
0.0
0.0
0.0
0.0
0.0
0.0
0.0
0.0
0.0
0.0
0.0
0.0
0.0
0.0
0.0
0.0
0.0
0.0
0.0
0.0
0.0
0.0
0.0
0.0
0.0
0.0
0.0
0.0
0.0
0.0
0.0
0.0
0.0
0.0
0.0
0.0
0.0
0.0
0.0
0.0
0.0
0.0
0.0
0.0
0.0
0.0
0.0
0.0
0.0
0.0
0.0
0.0
0.0
0.0
0.0
0.0
0.0
0.0
0.0
0.0
0.0
0.0
0.0
0.0
0.0
0.0
0.0
0.0
0.0
0.0
0.0
0.0
0.0
0.0
0.0
0.0
0.0
0.0
0.0
0.0
0.0
0.0
0.0
0.0
0.0
0.0
0.0
0.0
0.0
0.0
0.0
0.0
0.0
0.0
0.0
0.0
0.0
0.0
0.0
8.079793905338673e-6
0.0004754717036094099
0.00024133816016584054
6.5499914384998685e-6
0.0
0.0
0.0
0.0
0.0
0.0
0.0
0.0
0.0
0.0
0.0
0.0
0.0
0.0
0.0
0.0
0.0
0.0
0.0
0.0
0.0
0.0
0.0
0.0
0.0
0.0
0.0
0.0
0.0
0.0
0.0
0.0
0.0
0.0
0.0
0.0
0.0
0.0
0.0
0.0
0.0
0.0
0.0
0.0
0.0
0.0
0.0
0.0
0.0
0.0
0.0
0.0
0.0
0.0
0.0
0.0
0.0
0.0
0.0
0.0
0.0
0.0
0.0
0.0
0.0
0.0
0.0
0.0
0.0
0.0
0.0
0.0
0.0
0.0
0.0
0.0
0.0
0.0
0.0
0.0
0.0
0.0
0.0
0.0
0.0
0.0
0.0
0.0
0.0
0.0
0.0
0.0
0.0
0.0
0.0
0.0
0.0
0.0
0.0
0.0
0.0
0.0
0.0
0.0
0.0
0.0
0.0
0.0
0.0
0.0
0.0
0.0
0.0
0.0
0.0
0.0
0.0
0.0
0.0
0.0
0.0
0.0
0.0
0.0
0.0
0.0
0.0
0.0
0.0
0.0
0.0
0.0
0.0
0.0
0.0
0.0
0.0
0.0
0.0
0.0
0.0
0.0
0.0
0.0
0.0
0.0
0.0
0.0
0.0
0.0
0.0
0.0
0.0
0.0
0.0
0.0
0.0
0.0
0.0
0.0
0.0
0.0
0.0
0.0
0.0
0.0
0.0
0.0
0.0
0.0
0.0
0.0
0.0
0.0
0.0
0.0
0.0
0.0
0.0
0.0
0.0
0.0
0.0
0.0
0.0
0.0
0.0
0.0
0.0
0.0
0.0
0.0
0.0
0.0
0.0
0.0
0.0
0.0
0.0
0.0
0.0
0.0
0.0
0.0
0.0
0.0
0.0
0.0
0.0
0.0
0.0
0.0
0.0
0.0
0.0
0.0
0.0
0.0
0.0
0.0
0.0
0.0
0.0
0.0
0.0
0.0
0.0
0.0
0.0
0.0
0.0
0.0
0.0
0.0
0.0
0.0
2.5449990622488494e-6
0.0001964259052367968
1.7659896922884527e-5
0.0
0.0
0.0
0.0
0.0
0.0
0.0
0.0
0.0
0.0
0.0
0.0
0.0
0.0
0.0
0.0
0.0
0.0
0.0
0.0
0.0
1.4426511050013747e-6
0.0002335379461672469
7.391285126493177e-5
0.0
0.0
0.0
0.0
0.0
0.0
0.0
0.0
0.0
0.0
0.0
0.0
0.0
0.0
0.0
0.0
0.0
0.0
0.0
0.0
0.0
0.0
2.9924370853746915e-6
0.0
0.0
0.0
0.0
0.0
0.0
0.0
0.0
0.0
0.0
0.0
0.0
0.0
0.0
0.0
0.0
0.0
0.0
0.0
0.0
0.0
0.0
0.0
0.0
0.0
0.0
0.0
0.0
0.0
0.0
0.0
0.0
0.0
0.0
0.0
0.0
0.0
0.0
0.0
0.0
0.0
0.0
0.0
0.0
0.0
0.0
0.0
0.0
0.0
0.0
0.0
0.0
0.0
0.0
0.0
0.0
0.0
0.0
0.0
0.0
0.0
0.0
0.0
0.0
0.0
0.0
0.0
0.0
0.0
0.0
0.0
0.0
0.0
0.0
0.0
0.0
0.0
0.0
0.0
0.0
0.0
0.0
0.0
0.0
0.0
0.0
0.0
0.0
0.0
0.0
0.0
0.0
0.0
0.0
0.0
0.0
0.0
0.0
0.0
0.0
0.0
0.0
0.0
0.0
0.0
0.0
0.0
0.0
0.0
0.0
0.0
0.0
0.0
0.0
0.0
0.0
0.0
0.0
0.0
0.0
0.0
0.0
0.0
0.0
0.0
0.0
0.0
0.0
0.0
0.0
0.0
0.0
0.0
0.0
0.0
0.0
0.0
0.0
0.0
0.0
0.0
0.0
0.0
0.0
0.0
0.0
0.0
0.0
0.0
0.0
0.0
0.0
0.0
0.0
0.0
0.0
0.0
0.0
0.0
0.0
0.0
0.0
0.0
0.0
0.00017437721519249883
0.000177653572967608
5.969469295743604e-6
0.0012534191427442073
0.0008324981654802423
0.00029628228301258584
1.7980710908550703e-5
0.0
0.0
0.0
0.0
0.0
0.0
0.0
0.0
0.0
0.0
2.2298390637374284e-5
0.0
0.0
0.0
0.0
0.00011769369581772582
0.000227521180765119
0.00040605520478480196
0.0004298946442090577
9.248070262656765e-5
0.0027546927899061583
0.001740756193763885
0.000528144271136437
2.973546877914497e-5
0.0
0.0
0.0
0.0
0.0
0.0
0.0
0.0
0.0
0.0
0.0
0.0
0.0
0.0
0.0
0.0
0.0
5.785571554358367e-5
0.00022273120665780664
1.3957908819830983e-5
0.0013836324205410582
0.0008118997950121268
0.00012103632481232959
0.0
0.0
0.0
0.0
0.0
0.0
0.0
0.0
0.0
0.0
0.0
0.0
0.0
0.0
0.0
0.0
0.0
0.0
0.0
0.0
0.0
0.0
0.0
0.0
0.0
0.0
0.0
0.0
0.0
0.0
0.0
0.0
0.0
0.0
0.0
0.0
0.0
0.0
0.0
0.0
0.0
0.0
0.0
0.0
0.0
0.0
0.0
0.0
0.0
0.0
0.0
0.0
0.0
0.0
0.0
0.0
0.0
0.0
0.0
0.0
0.0
0.0
0.0
0.0
0.0
0.0
0.0
0.0
0.0
0.0
0.0
0.0
0.0
0.0
0.0
0.0
0.0
0.0
0.0
0.0
0.0
0.0
0.0
0.0
0.0
0.0
0.0
0.0
0.0
0.0
0.0
0.0
0.0
9.74534477695517e-7
3.972664356555431e-6
0.0
0.0
0.0
0.0
0.0
0.0
0.0
0.0
0.0
0.0
0.0
0.0
0.0
0.0
0.0
0.0
0.0
0.0
0.0
0.0
0.0
0.0
1.2766143674140157e-5
1.9586758328154586e-5
0.0
0.0
0.0
0.0
0.0
0.0
0.0
0.0
0.0
0.0
0.0
0.0
0.0
0.0
0.0
0.0
0.0
0.0
0.0
0.0
0.0
0.0
0.0
0.0
0.0
0.0
0.0
0.0
0.0
0.0
0.0
0.0
0.0
0.0
0.0
0.0
0.0
0.0
0.0
0.0
0.0
0.0
0.0
0.0
0.0
0.0
0.0
0.0
0.0
0.0
0.0
0.0
0.0
0.0
0.0
0.0
0.0
0.0
0.0
0.0
0.0
0.0
0.0
0.0
0.0
0.0
0.0
0.0
0.0
0.0
1.5671391037149963e-5
5.038016632294531e-5
2.3635505529573565e-5
0.0
0.0
0.0
0.0
0.0
0.0
0.0
0.0
0.0
0.0
0.0
2.6414091475362875e-6
5.982250201280406e-6
9.338989551769892e-5
0.0001727218818919624
0.0003066369506076812
0.00024265601402757023
0.0003704520150068318
0.0003087369742723291
0.0003925234515068891
0.0002991365556729301
6.340041135251388e-5
0.001473259530177978
0.0004085749263615972
6.666445583560271e-6
0.0
0.0
0.0
0.0
0.0
0.0
0.0
2.697148846188546e-5
0.0002243104237062974
0.0006089606907072143
0.0011569494436332141
0.0015197563299367064
0.0
0.00018142341145208367
0.00040329555570009685
0.00036894449758866467
0.0005383611929493792
0.00043322444208387885
0.0005719067457425925
0.0004129232392637572
8.615206308619296e-5
0.0016104432624569004
0.00098927984951443
0.00035400788246536395
3.875529428444878e-5
0.0
0.0
0.0
0.0
0.0
0.0
0.0
3.963416835429254e-5
0.0003252949778620786
0.000775118461202136
0.0011680656064087165
0.0
0.00019935457787527173
0.0003793684775921258
0.0005446776337139875
0.0005326587716662893
0.0007125876210646119
0.0006556318524382891
0.0007555017054563601
9.759319189031273e-5
0.0029648127942129474
0.001855226338827251
0.0007132477942131457
0.00011015590369618541
0.0
0.0
0.0
0.0
0.0
0.0
0.0
0.0
0.0
0.0
2.535417624027098e-5
0.0
0.0
0.0
0.00015569484285787345
0.0002462003878209755
0.0003455293754081004
0.0003604758403604445
0.00046277056915508845
3.850889025477762e-5
0.0020323817971904055
0.0007703299215941564
2.60634748309377e-5
0.0
0.0
0.0
0.0
0.0
0.0
0.0
0.0
0.0
0.0
0.0
0.0
0.0
0.0
0.0
0.0
0.0
0.0
0.0
0.0
1.718947043968765e-5
0.0004277282697766375
0.0001288356355231137
0.0
0.0
0.0
0.0
0.0
0.0
0.0
0.0
0.0
0.0
0.0
0.0
0.0
0.0
0.0
0.0
0.0
0.0
0.0
0.0
0.0
1.3387656268821565e-6
0.0
0.0
0.0
0.0
0.0
0.0
0.0
0.0
0.0
0.0
0.0
0.0
0.0
0.0
0.0
0.0
0.0
0.0
0.0
0.0
0.0
0.0
0.0
0.0
0.0
0.0
0.0
0.0
0.0
0.0
0.0
0.0
0.0
0.0
0.0
0.0
0.0
0.0
0.0
0.0
0.0
0.0
0.0
0.0
0.0
0.0
0.0
0.0
0.0
0.0
0.0
0.0
0.0
0.0
0.0
0.0
0.0
0.0
0.0
0.0
0.0
0.0
0.0
0.0
0.0
0.0
0.0
0.0
0.0
0.0
0.0
0.0
0.0
0.0
0.0
0.0
0.0
0.0
0.0
0.0
0.0
0.0
0.0
0.0
0.0
0.0
0.0
0.0
0.0
0.0
0.0
0.0
0.0
0.0
0.0
0.0
0.0
0.0
0.0
0.0
0.0
0.0
0.0
0.0
0.0
0.0
0.0
0.0
0.0
0.0
0.0
0.0
0.0
0.0
0.0
0.0
0.0
0.0
0.0
0.0
0.0
0.0
0.0
0.0
0.0
0.0
0.0
0.0
0.0
0.0
0.0
0.0
0.0
0.0
0.0
0.0
0.0
0.0
0.0
0.0
5.4766858048858654e-5
0.00011108387009689264
0.0002488751229390476
1.4295073542983919e-5
0.001671188068727286
0.0009196703348107565
0.00015252733006469057
0.0
0.0
0.0
0.0
0.0
0.0
0.0
0.0
0.0
0.0
0.0
0.0
0.0
0.0
0.0
0.0
0.0
0.0
0.0
6.221941319482228e-5
1.7049403967566533e-5
0.0006173267819100721
0.00016981528052559163
0.0
0.0
0.0
0.0
0.0
0.0
0.0
0.0
0.0
0.0
0.0
0.0
0.0
0.0
0.0
0.0
0.0
0.0
0.0
0.0
1.0118349789977814e-5
1.810537469116455e-5
1.143428173592099e-5
2.159159881350018e-5
9.429416322353879e-6
1.1738162703472663e-5
0.0
0.0
0.0
0.0
0.0
0.0
0.0
7.689555054836952e-6
5.186782618559327e-6
9.850914468306542e-6
4.5093299478913434e-6
5.413823317089893e-6
1.972517163504771e-6
0.0
0.0
0.0
0.0
0.0
0.0
0.0
0.0
0.0
0.0
0.0
0.0
0.0
0.0
0.0
0.0
0.0
0.0
0.0
0.0
0.0
0.0
0.0
0.0
0.0
0.0
0.0
0.0
0.0
0.0
0.0
0.0
0.0
0.0
0.0
0.0
0.0
0.0
0.0
0.0
0.0
0.0
0.0
0.0
0.0
0.0
0.0
0.0
0.0
0.0
0.0
0.0
0.0
0.0
0.0
0.0
6.087125215490329e-6
0.00015431419219708357
0.0002610925299836382
0.00018602339912939992
0.00015120812486861578
0.0001873026278829686
0.00020879483598769603
0.00020526864515509193
0.0002065170798478207
0.00024771237390667404
0.00038708656171710157
0.0004624467492560445
0.0006347452139428883
0.000936496586487799
0.0
7.157685764336435e-5
0.0003032626550161327
0.0003471109177883259
0.00045023485624353895
0.00043200303020991256
0.0005180025231228239
0.0004689550085173036
5.859292608343389e-5
0.002534388670053153
0.0015631903728551453
0.0006944832279678621
0.00016633846093601064
0.0
0.0
0.0
0.0
0.0
0.0
0.0
0.0
0.00010758128231942021
0.0005900177993878148
0.000891158424703359
0.0
0.0
0.00013120621918434708
0.00020662311926856057
0.00014327690000131278
0.00017776034785694868
0.00011978402074283805
0.00016021851120584873
3.7555896511492924e-6
0.00023769939082358762
7.474385355647892e-6
0.0
0.0
0.0
0.0
0.0
0.0
0.0
0.0
0.0
0.0
0.0
0.0
0.0
0.0
0.0
0.0
0.0
0.0
0.0
0.0
0.0
5.3984154171994485e-6
0.00018081591098383318
2.374682149800709e-5
0.0
0.0
0.0
0.0
0.0
0.0
0.0
0.0
0.0
0.0
0.0
0.0
0.0
0.0
0.0
0.0
0.0
0.0
0.0
0.0
0.0
0.0
0.0
0.0
0.0
0.0
0.0
0.0
0.0
0.0
0.0
0.0
0.0
0.0
0.0
0.0
0.0
0.0
0.0
0.0
0.0
0.0
0.0
0.0
0.0
0.0
0.0
0.0
0.0
0.0
0.0
0.0
0.0
0.0
0.0
0.0
0.0
0.0
0.0
0.0
0.0
0.0
0.0
0.0
0.0
0.0
0.0
0.0
0.0
0.0
0.0
0.0
0.0
0.0
0.0
0.0
0.0
0.0
0.0
0.0
0.0
0.0
0.0
0.0
3.2555417257013964e-5
0.0
0.0
0.0
0.0
0.0001648439964947363
0.00027709329392341725
0.00038294579303712066
0.00038202066880953505
3.567915633303822e-5
0.002021228215779283
0.0009217226900451728
0.00017683907850060473
0.0
0.0
0.0
0.0
0.0
0.0
0.0
0.0
0.0
0.0
0.0
0.00016232983300812877
0.0
0.0
0.0
0.00014797204439986086
0.00024365608402769339
0.00034980282744337274
0.0003892819048355873
0.0005188736140909289
4.2590477801226864e-5
0.0023789778128832867
0.0018514305752631679
0.0011395534398437061
0.00042365662396621334
0.00010472799030966456
0.0
0.0
0.0
0.0
0.0
0.0
0.0
0.0
0.0
0.0001149540602905839
0.0
0.0
9.51987638020767e-5
0.00019870591011925552
0.00035042956729985534
0.0002990858012414377
0.0004017705954895183
0.0002489152860192584
4.2953996545784614e-5
0.0006036631366980986
0.000272835113687566
0.00010932211872349374
0.0
0.0
0.0
0.0
0.0
0.0
0.0
0.0
1.6317382066149958e-5
5.429162073996458e-5
0.00010955547842156284
0.00013828786606715334
0.0
0.0
0.0
0.0
0.00018992404087956702
0.00022846816133166746
0.00034990491730082926
0.00032372450087356404
6.595714038175782e-5
0.0021342102496842287
0.0012906457527286142
0.0003131678740687247
5.36276673365897e-6
0.0
0.0
0.0
0.0
0.0
0.0
0.0
0.0
0.0
0.0
3.4372990014489566e-5
0.00011778824116025459
0.00016895781714642143
0.00025324162866576297
0.0003238914803093013
0.0004882629082595958
0.00046295311804353973
0.0005773685976001125
0.0005629465298639136
0.0006967259851864429
0.0005894968069075807
0.0006339790593956991
0.00043752068558070733
0.00037081164536272374
0.00018870569702001555
0.00015182855138077896
0.0001723396498647523
0.00017714118139105115
0.00016204594145128283
0.00020294535521746924
0.000240374685661367
0.0003512692928829963
0.00038450838849910077
0.0005444079037426596
0.000543980104400278
0.0007189284558607467
0.0006807506474910713
0.0008638208160187407
0.0007953495097134478
0.001015851530131395
0.0009212575242870472
0.0011583769344783218
0.0009765351743209592
0.0003548545946810914
0.00471307868249786
0.0038120527188637223
0.002933373398212107
0.0022080045913640245
0.001595641570341348
0.0008567844472883783
0.00020319689700600823
5.728021038672663e-5
2.024049230180864e-5
7.12747509621418e-5
0.000586684476091147
0.0011957853063783088
0.0011062320934746412
0.001083552114004203
0.001103543901487947
0.0
0.00029824163503477263
0.00032505523989297775
0.0004556319709274531
0.0003671029744945418
0.0004964967905344055
0.0003780373109499503
0.000505069060312983
3.7902746458904e-5
0.0014305583092796973
0.0007973771997597967
0.00027878177332602786
5.5275585704853516e-5
0.0
0.0
0.0
0.0
0.0
0.0
0.0
0.0
0.0
0.0
0.0
0.0
0.0
0.0
0.0
0.0
0.0
0.0
0.0
0.0
0.0
0.0
0.0
0.0
0.0
0.0
0.0
0.0
0.0
0.0
0.0
0.0
0.0
0.0
0.0
0.0
0.0
0.0
0.0
0.0
0.0
0.0
0.0
1.7444899237900872e-5
0.0005402793599290424
0.0002380576472165217
4.990777283113199e-5
0.0
0.0
0.0
0.0
0.0
0.0
0.0
0.0
0.0
0.0
0.0
0.0
0.0
0.0
0.0
0.0
0.0
0.0
0.0
0.0
1.4855467971660039e-5
0.00020409962432221145
8.940052057455759e-5
5.725124607165812e-5
5.46853609254116e-6
0.0
0.0
0.0
0.0
0.0
0.0
0.0
0.0
0.0
0.0
0.0
0.0
0.0
0.0
0.0
0.0
8.029207792044829e-5
8.503936879699645e-5
0.00013794816662603563
8.410045130808442e-6
0.0010006295912147768
0.0007450881934105479
0.0007832202689667265
0.0007119558209087442
0.0005865066490399222
0.0005542004222458186
0.0005294327961883642
0.0008068168008688189
0.0009429955045802877
0.0009581370442286578
0.0011283476903897088
0.0
9.567460862153488e-5
0.00027456165228960806
0.0002885588308777707
0.0004875557977590935
0.00043528911482658693
0.0006320021052137757
0.0005271037790841997
0.0007545457502272074
0.0006207388707664987
0.0008522342925744919
0.0007034601058551039
0.0009513346657997182
0.0007513746346300582
0.0010013331803549784
0.000782294620799719
0.0009370658616587312
0.0006335505098277665
0.0006981065705917285
0.00043779978418459205
0.0004937646470122048
0.00036313578042722203
0.00046731124499445765
0.00038930915742180395
0.000607892052722068
0.0005465444391577486
0.000800159461598038
0.0006720051893335076
0.0009441959565564947
0.0007634018288424794
0.0010291120707803174
0.0008222370142060093
0.0011021168665030158
0.0008511331109692546
0.0010893753370735532
0.0008198003553045415
0.0003321387420899539
0.0038078197660499358
0.003073617609384287
0.0023628941297761355
0.0016188054588306415
0.0008935898275776101
0.00013762418289196607
0.0
0.0
0.0
0.0
0.0
0.00011189026373322318
0.0005631261544393124
0.0009798721162616224
0.0012462062116506524
0.0
0.0002100766507855653
0.00036318452942207157
0.00042351003078322784
0.0005591156726091313
0.0005509543688058166
0.0007069703415815398
0.0006375679405761791
0.00010720863791945418
0.0031690413811275866
0.0023452669509167385
0.001452321587008318
0.000770390144456191
0.00018969275709563265
4.56782253334778e-5
4.0992889046094423e-5
4.863541464664027e-5
5.6387107928605e-5
4.645941937900306e-5
0.00012037081864127336
0.0002467312703588981
0.00030771131982091504
0.00032394717551468524
0.00028926292364966455
0.0
0.0
3.866510017275279e-5
0.00011524499766254231
0.0001656836341744195
0.00021991355424920116
0.00024889312893249145
0.00031239202654552694
1.7006250922314803e-5
0.0014559912529170933
0.0010624537782592306
0.0008220973297126103
0.0004669624711507729
0.0001907568777907407
4.831856408960155e-5
0.0
0.0
0.0
0.0
0.0
0.0
0.0
1.3423915429788718e-5
0.0003045242127570914
0.0
0.00012254451486118001
0.00025560864540001874
0.0003389083544808128
0.00048580339001073333
0.0004992527519288348
0.0006614961711961528
0.0006240391294047579
9.797554112213329e-5
0.0034677654444576203
0.0032583463082486827
0.003184553480945289
0.0031159116898967346
0.002821569599433854
0.0023586087636794646
0.0018880049191552922
0.0015365576837571232
0.0012675549447952528
0.001248716708102846
0.0016481306958266383
0.002285517788915287
0.0024811212576028308
0.0028666336639246756
0.003101877549886977
0.0002415286242336352
0.0005228589139496777
0.0007723924198625491
0.0007661304289559871
0.0010086600410991204
0.0009174933984249108
0.0011694905141106278
0.0010419519569263278
0.00037232833994056924
0.0052710607056971875
0.004577525144890539
0.0036790098684078448
0.00275839227800586
0.0017087920858737955
0.0007605508851025224
0.00013426284104020518
0.0
0.0
0.0
8.596335068578484e-5
0.0009447121647290581
0.0012029813952080255
0.0015443767087088781
0.0019190636633990717
6.57403670507942e-5
0.0003729014644899858
0.00044259657898132953
0.0006197765977059857
0.0005800947907641536
0.0007224690400384145
0.0006388111051229843
0.0007336793743975188
8.888746752689817e-5
0.0027101588093759715
0.0022091134823636126
0.001484579740378041
0.00046577416899903397
7.735308883932745e-6
0.0
0.0
0.0
0.0
0.0
0.0
0.0
0.0
0.0
0.0
1.979867666120819e-5
5.469161829776024e-5
0.0001377689517639153
0.0001768396484515396
0.000235195269838025
0.00036121777165444227
0.00036184719290485067
0.000474039690716453
0.0004645048952878883
0.0005846192465298359
0.0004660847774628729
0.00035745651885251697
8.661789590488193e-5
0.0
0.0
0.0
0.0
0.0
0.0
0.0
0.0
0.0
0.0
0.0
0.0
0.0
0.0
0.0
0.0
0.0
0.0
0.0
2.518034996648922e-6
1.706388329555714e-5
1.2613104086723332e-5
2.871862312453644e-5
1.459549426296232e-5
2.40233170571206e-5
8.11458514045034e-6
1.766162885309206e-5
4.762487566381141e-6
0.0
0.0
0.0
0.0
0.0
0.0
0.0
0.0
0.0
0.0
0.0
0.0
0.0
0.0
0.0
0.0
0.0
0.0
0.0
0.0
0.0
0.0
0.0
0.0
0.0
0.0
0.0
0.0
0.0
0.0
0.0
0.0
0.0
0.0
0.0
0.0
0.0
0.0
6.364184931066484e-5
2.0990909364327463e-6
0.0008770732695495431
0.0002261881794646356
0.0
0.0
0.0
0.0
0.0
0.0
0.0
0.0
0.0
0.0
0.0
0.0
0.0
0.0
0.0
0.0
6.368351908902199e-5
0.00021669059475922179
0.00023484844669681686
0.00034408835903490417
0.00036214237929206984
3.397044124498468e-5
0.00212529142753417
0.0011386224936801742
0.0003705515534398313
1.7556349842713053e-5
0.0
0.0
0.0
0.0
0.0
0.0
0.0
0.0
0.0
0.0
0.0
0.0
0.0
0.0
0.0
0.0
0.0002412642988260599
0.00021347571600493318
0.0003014417471685879
1.3644748809688762e-5
0.0003008410982961929
1.3391807853398293e-5
0.0
0.0
0.0
0.0
0.0
0.0
0.0
0.0
0.0
0.0
0.0
0.0
0.0
0.0
0.0
0.0
0.0
0.0
0.0
0.0
0.0
0.0
0.0
0.0
0.0
0.0
0.0
0.0
0.0
0.0
0.0
0.0
0.0
0.0
0.0
0.0
0.0
0.0
0.0
0.0
0.0
0.0
0.0
0.0
0.0
0.0
0.0
0.0
0.0
0.0
0.0
0.0
0.0
0.0
0.0
0.0
0.0
0.0
0.0
0.0
0.0
0.0
0.0
