0.00026385200963634166
0.0002580793130545016
0.00039424195442746304
0.00031899409174743345
0.0004565643569424045
0.0004045667679130862
0.0005630572183439451
0.00030012411749194757
0.00020698893325441265
6.102291871020721e-5
2.8460882982251313e-5
0.0
0.0
0.0
0.0
0.0
0.0
0.0
0.0
0.0
0.0
0.00011720569101829048
0.00016299570586583058
0.0002729881571029364
0.0002861281410834898
0.0004312383337618312
0.00039551250632754493
0.0005583329344439136
0.00045101696929434313
0.0006191379881343939
0.004095195970700988
0.002467105596808093
0.0017254078682890765
0.001251278579499378
0.0009309898142508386
0.0006514761219148128
0.00048694630478939043
0.0005664269144822187
0.0004651611604553353
0.0004414690012640754
0.0004679814185040891
0.0007651966386249416
0.0009235336358106088
0.0009408784070936714
0.000975257237031842
0.0
0.0
0.0
0.0
0.0
4.742717866325513e-6
6.846257010111596e-6
1.3619390911108733e-5
1.6764762415191405e-5
0.0023371722256552044
0.0016656717780138275
0.0010753489687708626
0.0005324343474447478
0.00026921633848168655
0.00010087385719231667
8.103943614965656e-5
0.0001512473830278792
0.0001358279752270587
0.0001538973476680243
0.00020364541150846767
0.00029225290811288427
0.0003926706121295041
0.0004781451121406656
0.0005150060954027648
0.0
0.0
0.0
0.0
0.0
0.0
0.0
0.0
0.0
0.0016267180479801232
0.0011264129260504716
0.0005372147622882367
0.0003851714884055335
0.00028648471444304665
0.0001570112841501978
0.0001499496583150492
0.00020974927530492227
0.00021138900216165357
0.00022588417939689137
0.000262570262198693
0.0003621797776103345
0.00039510160483425226
0.00041586537782144494
0.00042961493332045346
0.0
0.0
0.0
0.0
0.0
0.0
0.0
0.0
0.0
0.0013120433335638462
0.0008341821979532008
0.00042431373478705537
0.00022470796762714566
0.00016331029517759524
8.113738451740775e-5
6.86795344921065e-5
0.00011844497054666751
0.00012150354537532521
0.00013197681560214229
0.00015091225699926793
0.00022846195241397715
0.00027352131325946024
0.0002947259665322531
0.00028783199841017957
0.0
0.0
0.0
0.0
0.0
0.0
0.0
0.0
0.0
0.0016052210219006135
0.0008202298311678626
0.0003521727265113259
0.0003663281813234952
0.00026858458266155734
6.330231031551681e-5
1.7169887214050295e-5
5.2643779478780205e-5
4.345663914014612e-5
5.129890014218391e-5
6.552695947563072e-5
9.017274373047803e-5
0.00012425386360453945
0.0001666951082512826
0.00028138192228417
0.0
0.0
0.0
0.0
0.0
0.0
0.0
0.0
0.0
0.0
0.0
0.0
0.0
0.0
0.0
0.0
0.0
0.0
0.0
0.0
0.0
0.0
0.0
0.0
0.0
0.0
0.0
0.0
0.0
0.0
0.0
0.0
0.0
0.0
0.0
0.0
0.0
0.0
0.0
0.0
0.0
0.0
0.0
0.0
0.0
0.0
0.0
0.0
0.0
0.0
0.0
0.0
0.0
2.5633364520755062e-5
5.52759543382586e-5
0.00010103156985493806
0.0001935744179469658
0.003301978136047478
0.001849321424597047
0.0010464805521426589
0.0005148670558315451
0.0005694429517820813
0.000636856239895646
0.0002943394990590436
0.00018457333189240193
0.0001641848813468622
0.00017348117225158405
0.00016826978800030395
0.00024357181490121477
0.0004105331852785961
0.0006131291602001516
0.0006240885339795502
0.0
0.0
0.0
0.0
0.0
8.80922391060803e-6
2.01983691948551e-5
4.420746538173125e-5
9.004293231396412e-5
0.0029305912373995507
0.0019184708864701785
0.0011876847498012949
0.0006968261696393198
0.0005263532408920018
0.0003208954263002301
0.0002322371696495314
0.0002434358749626191
0.00022748501152874143
0.00024665125485162566
0.00021709685783004602
0.00031013463972077066
0.00042152609064694555
0.0006022242763822328
0.0011780325357439794
0.0
0.0
0.0
0.0
0.0
0.0
1.111518916057457e-5
1.3847145355174116e-5
2.355568362252408e-5
0.002370626340007918
0.0016356873211560003
0.0010741052627845356
0.0008575035120142866
0.0007858457912335451
0.00043969761311553064
0.00021968286112586356
0.00020689264736844512
0.00019423314200733342
0.0001633460185652185
0.00019369539269985752
0.0003425726009473713
0.00042700830457475283
0.0008618063017120772
0.0006231557070825005
0.0
0.0
0.0
0.0
0.0
1.533045896699075e-5
1.6715491566424926e-5
6.382742935563046e-5
0.00012814057575385622
0.0029373759460780153
0.0019386305794249826
0.0011927900444403112
0.0005756644842728624
0.00032587893032894484
0.00018747497087794553
8.921080157805764e-5
0.00010943175129192093
0.00010057689876421329
0.00011219193649578383
0.00010333351022765625
0.0001747672721257595
0.0002480206164322778
0.000508859378994148
0.0009620065568506938
0.0
0.0
0.0
0.0
0.0
0.0
5.804079129626305e-7
6.1658409635142514e-6
1.3880862553712821e-5
0.0023762974826720676
0.001650902778041754
0.0008909044453915676
0.00048375925182180354
0.00037389628096674897
0.00024560132710534706
0.0001416511044928297
0.00014195487358692067
0.00012308450269707852
0.00014278494229911647
0.00016177204439442845
0.00022683464829819185
0.0002799269907796981
0.00032995371574009427
0.00043004450002806364
0.0
0.0
0.0
0.0
0.0
0.0
0.0
2.99897081275784e-6
2.422336149497311e-5
3.121240100722532e-5
8.236084337398729e-6
0.0
0.0
0.0
0.0
0.0
0.0
0.0
0.0
0.0
0.0
0.0
0.0
0.0
0.0
0.0
0.0
0.0
0.0
3.7297804972748365e-6
2.2054124888239486e-5
3.0278896727272055e-5
5.5552624397761935e-5
0.0001148505203572759
6.256939182551788e-5
6.699791844852766e-6
0.0
0.0
0.0
0.0
0.0
0.0
0.0
0.0
0.0
0.0
0.0
0.0
0.0
0.0
0.0
0.0
0.0
0.0
0.0
0.0
0.0
0.0
0.0
0.0
0.0
0.0
0.0
0.0
0.0
0.0
0.0
0.0
0.0
0.0
0.0
0.0
0.0
0.0
0.0
0.0
0.0
0.0
0.0
0.0
0.0
0.00248694832400434
0.0014277371548489185
0.000619472745445962
0.0002884474928008997
0.00014760503957590436
3.465730782324465e-5
1.382838181631172e-5
5.5282751196181014e-5
3.7851968003788726e-5
5.788250594645403e-5
8.296562298412226e-5
0.00011432478920980188
0.00030229103199218526
0.0006403512639183748
0.0007313848888963807
0.0
0.0
0.0
0.0
0.0
9.354375626852507e-6
1.0264811656121206e-5
2.4265545655455216e-5
0.00011573127346099391
0.0027787595050450748
0.0018980322207872386
0.001162151679548215
0.0007502797565913005
0.000482296156414618
0.00030627933327439236
0.00017357618123903845
0.00016066967727702467
0.00014184533937208158
0.000143759845683858
0.0001491624656145892
0.0002680672570116023
0.0004218557716411188
0.0005823132943674236
0.0008925457536887871
0.0
0.0
0.0
0.0
0.0
0.0
0.0
0.0
6.901719686073546e-6
0.0022282212822564277
0.001714882555904688
0.0010507159986785414
0.0005435518656204844
0.0004100242203426196
0.00024519771110404273
0.00016201625103234735
0.00017791174887416718
0.0001515601310712173
0.00014510997686940284
0.0001767029870233271
0.0003082272863806252
0.0004028467515590817
0.0005106837332359026
0.0006002189863277873
0.0
0.0
0.0
0.0
8.872244122927511e-6
1.7426719925942515e-5
6.140589675096533e-5
0.0001538468181422938
0.00019636043315240343
0.0032182191805232977
0.002116640086620661
0.001340302198134626
0.0007768307554420994
0.000311405061996482
0.0001410705326914546
8.456808420123584e-5
0.00010912905026094079
8.863126643571221e-5
0.00011043327001194578
0.00013336507535029258
0.00022476669302728435
0.0003350054114548585
0.0005393005094596732
0.0009943217576589233
0.0
0.0
0.0
0.0
3.106687327869538e-6
8.191548871923086e-6
8.673136954344961e-5
0.0001016073554820469
0.00019664130124599964
0.00019413603933724028
0.00012679175760874016
3.589138624036238e-5
9.62134126808153e-6
0.0
0.0
0.0
0.0
0.0
0.0
0.0
0.0
0.0
0.0
0.0
0.0
0.0
0.0
0.0
0.0
0.0
0.0
0.0
0.0
2.5450318807898977e-5
3.4807201448848112e-6
0.0
0.0
0.0
0.0
0.0
0.0
0.0
0.0
0.0
0.0
0.0
0.0
0.0
0.0
0.0
0.0
1.2616469247639949e-5
2.4413785649410785e-5
5.701511215740681e-5
0.000150124904208656
0.0002070187216066263
0.000262932139152691
0.0034386737696641087
0.002019490105369892
0.0013561023489694086
0.0008723992975947463
0.0005258248892934685
0.00034029047690898375
0.00027842720252433805
0.00028567449285531345
0.00033176387593951797
0.00033593572590957387
0.00032456965086034145
0.0005734438470159758
0.000708547105940695
0.0009265090629188314
0.0009578847152445784
0.0
0.0
0.0
0.0
0.0
3.168351994782337e-6
7.407001889428161e-6
1.7031310340438443e-5
5.835993348159493e-5
0.0025006179042785658
0.0017807379613403644
0.0011433636090130614
0.0007859278915334634
0.0005133088285312242
0.00035186552324021237
0.00019990014491622903
0.0001601026688878882
0.0001412466149460579
0.00015333929830374553
0.0001625292548273966
0.00026526282796350396
0.0004184107465993331
0.0005782810928208585
0.0008857213966338281
0.0
0.0
0.0
0.0
1.4882971070415495e-6
9.948643265835213e-6
1.3161578647724862e-5
9.454431378735311e-5
0.00014997558064068408
0.0029141438705768655
0.0020055842322630377
0.0012951302538318507
0.0008946117305373316
0.0007021224444159094
0.0004234046662184416
0.0003734705279262757
0.00035757309301678495
0.0003189905703432875
0.0002492053952261039
0.00023983565792514897
0.0004261690170097609
0.0005609499905956342
0.0006931876561878476
0.0007606026289548711
0.0
0.0
0.0
0.0
0.0
0.0
0.0
8.436620589760738e-6
2.0959309149166824e-5
0.0025145295821014228
0.0016760836627028432
0.0010644734480584513
0.0007983279143894852
0.0004214936595329902
0.00013104070338179296
3.5087866336840446e-5
6.0262718402515854e-5
4.9414709854589495e-5
6.928088767487958e-5
8.161498424792557e-5
0.00012044387587686852
0.00019525835748711418
0.0002478437987128591
0.0002974674861742801
0.0
0.0
0.0
0.0
0.0
0.0
0.0
0.0
0.0
0.002442817557629074
0.0015071864626309763
0.00045415764627635075
0.00022552529805167044
0.00015540797930895268
3.239701054799712e-5
5.5700514521756584e-6
4.82848026901396e-5
3.7589255639338984e-5
4.339877867860201e-5
6.724525633166284e-5
9.658797472899823e-5
0.0001276463174498794
0.00018245716979304114
0.0002948716710434031
0.0
0.0
0.0
0.0
0.0
0.0
3.625698341379422e-6
1.8569215817719552e-5
2.3183555674439772e-5
0.00010839989370416997
1.4669642498218607e-5
3.537951137048316e-6
0.0
0.0
0.0
0.0
0.0
0.0
0.0
0.0
0.0
0.0
0.0
0.0
0.0
0.0
0.0
0.0
0.0
0.0
0.0
0.0
0.0
0.0
0.0
0.0
0.0
0.0
0.0
0.0
0.0
0.0
0.0
0.0
0.0
0.0
0.0
0.0
0.0
1.5277645005761027e-5
2.5525102605602038e-5
4.268760242367947e-5
3.784938966037807e-5
5.011945825823151e-5
4.7311822634507505e-5
6.787093278039875e-5
5.1242083185782307e-5
0.0025348566735205608
0.0016813578177003452
0.000964502909777248
0.0005834174578075383
0.0003674799118106527
0.0001559114768534729
8.974401828387413e-5
0.00014765115480682944
0.00018379176157661337
0.00018864969468965795
0.00020657018328929197
0.0003359881392168176
0.0005559326950341909
0.000615559362068816
0.0006773803192513448
0.0
0.0
0.0
0.0
0.0
0.0
0.0
0.0
0.0
0.0022940317500852636
0.0014541488570807067
0.0008068764508374366
0.00043215990164128284
0.00028822933753378877
0.00024407092386729258
0.00024441583891058704
0.00024994686782408193
0.0002950772276094082
0.00024884225469513216
0.00021055769952738916
0.0003769400105035576
0.000622324863635908
0.0006683664001524207
0.000604760629489761
0.0
0.0
0.0
0.0
0.0
0.0
0.0
0.0
0.0
0.002035806604864513
0.0012285455636166906
0.0006737265624835934
0.00045965481809197506
0.0002972154091708727
9.518364735087755e-5
3.201061005317105e-5
7.340188551785605e-5
6.652669235641691e-5
7.558978007577224e-5
8.30920040115643e-5
0.00010438649446793902
0.00016598848676969462
0.00022715076611180544
0.00027390285431155327
0.0
0.0
0.0
0.0
0.0
0.0
0.0
0.0
0.0
0.0022725705357788954
0.0014321511577388727
0.0008392015677362513
0.0005799847705963648
0.00045466701062683087
0.0002965170253817427
0.00019674235381045012
0.00020713316417162402
0.0001888334601131611
0.00020268336468349932
0.00023723561395846323
0.00029942762906827827
0.0003795348807318516
0.0005265201812112193
0.0007522265284824251
0.0
0.0
0.0
0.0
0.0
0.0
0.0
0.0
0.0
0.001986018319705541
0.0013968001071423207
0.0008724821171419539
0.0006496418419677967
0.0004485908295684854
0.0002458346531732268
0.00013850113394156576
0.0001300146157466184
0.00010649401790808921
0.00010029589467507553
9.381640000278664e-5
0.00012337292792622773
0.00019193284518822897
0.0002698051630346512
0.00036556840886889814
0.0
0.0
0.0
0.0
0.0
0.0
0.0
0.0
0.0
6.130394251522333e-6
1.8860898059001057e-6
0.0
0.0
0.0
0.0
0.0
0.0
0.0
0.0
0.0
0.0
0.0
0.0
0.0
0.0
0.0
0.0
0.0
0.0
0.0
0.0
0.0
2.812605485801326e-6
1.3827191936410853e-5
2.202628201364254e-6
0.0
0.0
0.0
0.0
0.0
0.0
0.0
0.0
0.0
0.0
0.0
0.0
0.0
0.0
0.0
0.0
0.0
0.0
0.0
0.0
0.0
0.0
0.0011370704532076765
0.0007571076066697343
0.00042106148504715926
0.00038339546262367914
0.0002532848602044524
6.664716342769523e-5
2.5236634295752766e-5
6.165249692199934e-5
4.618911420986441e-5
5.018796655672921e-5
6.0639616921289376e-5
8.438854891094365e-5
0.00012907153068501898
0.00021825041151467232
0.000294637352462917
0.0
0.0
0.0
0.0
0.0
0.0
0.0
0.0
0.0
0.0020586764711840555
0.0011943429803093356
0.0007501163372128711
0.000590238117150673
0.00035792701110393696
0.00010403626447793493
3.060046583065522e-5
6.722415487421644e-5
6.007828168926552e-5
6.773158604923194e-5
7.24213450947497e-5
0.00010272122117307943
0.0001461419255185637
0.00017331225165657216
0.0001851991442208399
0.0
0.0
0.0
0.0
0.0
0.0
0.0
0.0
0.0
0.001156795739913359
0.0007004780074103581
0.00023518695117262067
0.0001621127131101537
0.00012666494211376994
4.425939977384093e-5
3.699902225828518e-5
0.00010008494853857219
0.0001087150408525018
0.00013306307107057588
0.00012417397236337514
0.00016581499317979906
0.00020952186307382863
0.0002590591886169515
0.00032937090001228367
0.0
0.0
0.0
0.0
0.0
0.0
0.0
0.0
0.0
0.002642234370915476
0.0010492116585110818
0.0004287021773497286
0.00020505692846349284
0.00012864956930218262
4.773512450014385e-5
3.261735250525974e-5
8.367821173924527e-5
7.193931120295679e-5
7.361981596371732e-5
7.542340630425036e-5
9.393072939261903e-5
0.00012646221770704522
0.00017572938486338813
0.00023073506553142299
0.0
0.0
0.0
0.0
0.0
0.0
0.0
0.0
0.0
0.0019074250945903372
0.0011874022810378579
0.0007322733087313772
0.0005551147265658477
0.00040587608051177883
0.00022706967257274873
0.00012998755610903559
0.00010914597235761738
6.187029570471538e-5
4.042121372973345e-5
4.5087863228952834e-5
7.391495227165901e-5
0.00011189311381670238
0.00015753211406005678
0.0001806370319922718
0.0
0.0
0.0
0.0
0.0
0.0
0.0
0.0
0.0
0.0
0.0
0.0
0.0
0.0
0.0
0.0
0.0
0.0
0.0
0.0
0.0
0.0
0.0
0.0
0.0
0.0
0.0
0.0
0.0
0.0
0.0
0.0
0.0
0.0
0.0
0.0
0.0
0.0
0.0
0.0
0.0
0.0
0.0
0.0
0.0
0.0
0.0
0.0
0.0
0.0
0.0
0.0
0.0
0.0
0.0
0.0
0.0
0.0016894841837910505
0.0011245359415341398
0.0006271048006415698
0.00045286671635950054
0.0002445759130767092
4.917138747728929e-5
7.505766686836146e-6
2.0375106880781752e-5
4.460708364697581e-6
1.8202624081322608e-6
5.347857053769253e-6
2.51021772645894e-5
4.7477666730038156e-5
7.901541013772707e-5
0.0001145230999704222
0.0
0.0
0.0
0.0
0.0
0.0
0.0
0.0
0.0
0.0016492768690965838
0.0008269067336089102
0.00020754172814018681
8.802597402739727e-5
3.111519213550316e-5
1.2246890405083252e-7
0.0
1.9659779923775062e-7
1.293846999206816e-7
6.45936344688462e-7
9.185951536040317e-7
1.4763254172027483e-5
3.281802640271739e-5
5.935581555710914e-5
0.00010376133157033969
0.0
0.0
0.0
0.0
0.0
0.0
0.0
0.0
0.0
0.0015320221954728882
0.0007464778521420699
0.00019041880056890151
9.725597017536304e-5
4.781845079871079e-5
0.0
0.0
2.9128365248165884e-7
3.597316399685151e-8
5.634508252355672e-8
3.263937068154526e-7
2.793549913310192e-7
1.5839624328423807e-6
1.797247003415373e-5
4.001565203071742e-5
0.0
0.0
0.0
0.0
0.0
0.0
0.0
0.0
0.0
0.0012612757750918456
0.0006700504273830504
0.00018477675967640787
0.00010467692229514915
5.873924984818899e-5
0.0
0.0
3.7312832306329635e-7
0.0
2.531446168294272e-7
1.6633824598807962e-5
4.6253095327990055e-5
7.665476119634566e-5
0.0001090338474740477
0.00013544407614664915
0.0
0.0
0.0
0.0
0.0
0.0
0.0
0.0
0.0
0.0023100934548665963
0.0009319459715653104
0.00033840216155458066
0.00015311312891435992
8.09534381294796e-5
2.462360488793482e-7
0.0
3.013753932403303e-7
0.0
1.0018994512431873e-7
3.1511493001498016e-7
9.454102632102329e-8
8.385714643662073e-6
3.230263717173219e-5
5.942392433684771e-5
0.0
0.0
0.0
0.0
0.0
0.0
0.0
0.0
0.0
0.0
0.0
0.0
0.0
0.0
0.0
0.0
0.0
0.0
0.0
0.0
0.0
0.0
0.0
0.0
0.0
0.0
0.0
0.0
0.0
0.0
0.0
0.0
0.0
0.0
0.0
0.0
0.0
0.0
0.0
0.0
0.0
0.0
0.0
0.0
0.0
0.0
0.0
0.0
0.0
0.0
0.0
0.0
0.0
0.0
0.0
0.0
0.0
0.0
0.0
0.0
0.0
0.0
0.0
0.0
0.0
0.0
0.0
0.0
0.0
0.0
0.0
0.0
0.0
0.0
0.0
0.0
0.0
0.0
0.0
0.0
0.0
0.0008397270206836464
0.0005239764656942926
0.00019153532732431254
0.0001912228053996262
0.00016807917715897126
7.162448794179205e-5
6.387666520929209e-5
0.00011713938647309893
0.00011202829055851276
0.00012302333980274466
0.00010546723793513518
0.0001467479766754281
0.00019745145553099884
0.00024024321351109754
0.00028188591678003026
0.0
0.0
0.0
0.0
0.0
0.0
0.0
0.0
0.0
0.002273223884308509
0.0010023869671106262
0.0004126354395749644
0.00022129513298489
0.00013919865936019924
4.531214226872707e-5
2.495916720275405e-5
7.585519188221792e-5
7.124853308611909e-5
8.261282127672539e-5
8.572375983333233e-5
9.982126992232462e-5
0.0001420206872044248
0.00018903526660790006
0.00023474529696349995
0.0
0.0
0.0
0.0
0.0
0.0
0.0
0.0
0.0
0.0010765693837251889
0.0005480502339354162
0.0002015354204095235
0.00016712472615993993
0.00012702557599438097
3.787156922421766e-5
1.748627346247515e-5
7.929157966645065e-5
8.998834120145623e-5
0.00011580294704992905
0.00013091737581336093
0.00021037360639401635
0.0003212342232817473
0.00042943275825707794
0.0005308732006421837
0.0
0.0
0.0
0.0
0.0
0.0
0.0
0.0
0.0
0.0023723322488516784
0.0011323954359514386
0.0005623930000173634
0.00036290842341928396
0.00024706946176129596
9.419606148992321e-5
3.7823738179015486e-5
8.679957719217855e-5
8.469127291289133e-5
9.612995701272467e-5
9.493808828710895e-5
0.00013201069308776007
0.00022211999065838365
0.0003074989820664427
0.0003768323400300029
0.0
0.0
0.0
0.0
0.0
0.0
0.0
0.0
0.0
6.652849006920158e-6
2.110741693553162e-6
0.0
0.0
0.0
0.0
0.0
0.0
0.0
0.0
0.0
0.0
0.0
0.0
0.0
0.0
0.0
0.0
0.0
0.0
0.0
0.0
0.0
1.5675829097239676e-5
2.5329568007460766e-5
0.0
0.0
0.0
0.0
0.0
0.0
0.0
0.0
0.0
0.0
0.0
0.0
0.0
0.0
0.0
0.0
0.0
0.0
0.0
0.0
0.0
0.0
0.0
0.0022463686779112127
0.0010859118226434067
0.0004858684259049431
0.0002703568195659222
0.00014049353766549364
1.877491073080749e-5
3.195215451266914e-7
1.7478492606147596e-5
1.3489895029735904e-5
2.1675434715085735e-5
3.6674912644663315e-5
6.53771988337425e-5
9.491017340669547e-5
0.0001239773265171674
0.0001485056047163086
0.0
0.0
0.0
0.0
0.0
0.0
0.0
0.0
0.0
0.0008525204404143253
0.0005970061216612623
0.0003822928539809736
0.0004265340163009197
0.0003260466829145483
0.00012069867939395676
4.3714454101267434e-5
9.62292311864146e-5
0.00010057713205332839
0.00011869149953434522
0.00014620610290350876
0.000267379723790088
0.0004400317831209696
0.000549604956164957
0.000587557511463952
0.0
0.0
0.0
0.0
0.0
0.0
0.0
0.0
0.0
0.0015214969039396044
0.0007544559153264017
0.0001750403192014828
9.01969817501725e-5
6.67901084224985e-5
0.0
0.0
4.897897098816802e-7
5.90837123645814e-7
3.415844913993265e-5
6.643030647781609e-5
0.00010516563715905547
0.00018474823849219167
0.0002794351342913587
0.00033640195777972446
0.0
0.0
0.0
0.0
0.0
0.0
0.0
0.0
0.0
0.001558503458149941
0.0008472042792436919
0.0003299433713909765
0.000169651728241833
0.00010916922362192727
1.88332445819428e-5
6.329006553875352e-6
6.278440320932597e-5
7.22243358601145e-5
0.0001000040955401816
0.00011394748226421372
0.0002255528197729119
0.0004267649541063803
0.0005306755736356379
0.0005421516440566521
0.0
0.0
0.0
0.0
0.0
0.0
0.0
0.0
0.0
0.0019728764693193956
0.001004688758490614
0.00040727643239501853
0.00018282637660554569
9.425274497608378e-5
2.1157386806015213e-6
0.0
3.481779236228457e-5
4.64335721499365e-5
6.149607941419207e-5
6.935434562030813e-5
8.18462864264492e-5
0.00013543860157314548
0.00022008337228176757
0.00038681176283545456
0.0
0.0
0.0
0.0
0.0
0.0
0.0
0.0
0.0
1.7070105582380093e-5
4.263749592053723e-6
0.0
0.0
0.0
0.0
0.0
0.0
0.0
0.0
0.0
0.0
0.0
0.0
0.0
0.0
0.0
0.0
0.0
0.0
0.0
0.0
0.0
0.0
0.0
0.0
0.0
0.0
0.0
0.0
0.0
0.0
0.0
0.0
0.0
0.0
0.0
0.0
0.0
0.0
0.0
0.0
0.0
0.0
8.687742980920577e-6
2.0368771840087167e-5
3.663997456758071e-5
4.415068413863925e-5
0.0027078006711442953
0.0012964948833700223
0.0006668200571711743
0.0005410589497669399
0.0003600002123970675
0.0002761611926833892
0.0003447934933986173
0.00040631363562530065
0.00033497379585079447
0.00023144159179296398
0.0002194052730269511
0.0003083585259009166
0.0003878812247079392
0.0004067209689153001
0.0004500900183545717
0.0
0.0
0.0
0.0
0.0
0.0
0.0
0.0
0.0
0.0014870311379827066
0.0007554437451221187
0.00027274808917771617
0.00015068728828602205
0.00010194421692497418
1.0110742567746197e-5
1.5847727809268184e-7
2.3981058771467896e-5
2.2108368401240136e-5
4.7289287177054395e-5
5.907665549337743e-5
8.487863125983117e-5
0.0001706040218465154
0.0002534671095209302
0.00028321182720596216
0.0
0.0
0.0
0.0
0.0
0.0
0.0
0.0
0.0
0.0018381249626311974
0.0009659824767466469
0.00032541446512660005
0.00012295689752441944
7.857036000177779e-5
3.2455278984581913e-6
1.3852175580042524e-6
8.327504031825517e-5
0.00012046643434004099
0.00019261637071148877
0.00019711077696891844
0.00024601737928497627
0.0003048088356090296
0.0003269211896179367
0.0003972398356274928
0.0
0.0
0.0
0.0
0.0
0.0
0.0
0.0
0.0
0.0021423810713522237
0.0008991116548080674
0.0004221050856414113
0.00034275058204261935
0.00019779861125722355
4.260897794507439e-5
1.3229317656281014e-5
7.163031804980689e-5
6.820400946972168e-5
8.48927214520742e-5
0.00010618979092372855
0.00018715094458765676
0.000239946346596178
0.0003077152247080115
0.0003635895165452853
0.0
0.0
0.0
0.0
0.0
0.0
0.0
0.0
0.0
0.0019556533185942876
0.0008170655920894866
0.00027762111107718253
0.00015189569937493728
9.948793347456698e-5
8.561450257908973e-6
0.0
4.010915493126096e-5
4.7269568391144106e-5
6.112064355411092e-5
7.631150724476114e-5
0.00010832477267459251
0.00020331673495836656
0.0002768188850774084
0.0003037946849998899
0.0
0.0
0.0
0.0
0.0
0.0
0.0
0.0
0.0
0.0
0.0
0.0
0.0
0.0
0.0
0.0
0.0
0.0
0.0
0.0
0.0
0.0
0.0
0.0
0.0
0.0
0.0
0.0
0.0
0.0
0.0
0.0
0.0
0.0
0.0
0.0
0.0
0.0
0.0
0.0
0.0
0.0
0.0
0.0
0.0
0.0
0.0
0.0
0.0
0.0
0.0
0.0
0.0
0.0
0.0
2.118303228689309e-5
0.0026364874321672185
0.0016930124363666683
0.0009791150459583598
0.0003430963703997023
0.00019968283203376734
5.603283499941448e-5
4.4029035061006085e-6
1.9763714215216506e-5
2.6756895672088694e-5
5.189472777050116e-5
7.30480067813731e-5
0.00010174082051029752
0.00019584670686655973
0.0003236201598758738
0.00038813122679470254
0.0
0.0
0.0
0.0
0.0
0.0
0.0
0.0
0.0
0.0015100682359577415
0.0011112810596236196
0.0006803550939516543
0.0003547591431223839
0.0002732297517924135
0.00017141148436967577
0.0001601371130602089
0.000328366017951074
0.0003456753431662121
0.0006713045619337923
0.0007454327742470159
0.0005931504378098803
0.0006979886731974855
0.0008793562395296384
0.0008922326474697979
0.0
0.0
0.0
0.0
0.0
0.0
0.0
0.0
2.6502850034753894e-6
0.002109178864993126
0.001504733298830254
0.000856804004929785
0.0004809716631688013
0.0003663632419934923
0.0001983904915396519
0.0001270165119031211
0.00015689213201557743
0.0001280851646368854
0.00015110451530958853
0.00019205680975792414
0.00026008703539036614
0.0003477841734377954
0.00045802140321229935
0.0006079011722138192
0.0
0.0
0.0
0.0
0.0
0.0
0.0
0.0
0.0
0.0020771422678484705
0.0014819016769127905
0.0010299419767939568
0.0008742207429914892
0.000799947548426231
0.0007396882545744777
0.0007273665550723505
0.0005700032790137611
0.00029145933103569803
0.00020847635703608177
0.00022211997536757317
0.000273327490537054
0.00038668343482448276
0.0005993141160133612
0.0006947526319483593
0.0
0.0
0.0
0.0
0.0
0.0
0.0
0.0
6.146848085662806e-6
0.0023811481077044266
0.0017218187501790525
0.0010057462097789983
0.0004255429984870606
0.0003486977760792298
0.0002826349283267639
0.0002349934499047525
0.00019205823076074192
0.00012965925823817237
0.00011819819540010922
0.00010536926626048194
0.0001429570358531389
0.00023094857134959784
0.0003441631875411743
0.0004598513037321914
0.0
0.0
0.0
0.0
0.0
0.0
0.0
0.0
0.0
0.0
0.0
0.0
0.0
0.0
0.0
0.0
0.0
0.0
0.0
0.0
0.0
0.0
0.0
0.0
0.0
0.0
0.0
0.0
0.0
0.0
0.0
0.0
5.794771922588826e-6
1.3176217733727738e-5
6.957518837478131e-6
0.0
0.0
0.0
0.0
0.0
0.0
0.0
0.0
0.0
0.0
0.0
0.0
0.0
0.0
0.0
0.0
0.0
0.0
0.0
0.0
0.0
0.0
0.00222118679123868
0.001261221815906832
0.0005436889078875072
0.00036331913852686416
0.00023795960394730568
8.201300516792227e-5
1.8916893331267355e-5
4.469275321591043e-5
9.134584661202584e-6
0.0
1.5784261864031732e-7
2.6789831429125106e-5
6.070609766990362e-5
0.00013383610135288127
0.0004711123142326582
0.0
0.0
0.0
0.0
0.0
0.0
0.0
0.0
0.0
0.0014832800508044579
0.0009418131877392762
0.0004957351030778402
0.00028023200572732345
0.0001592768328342038
3.6481792917268104e-5
1.0498983057923048e-5
6.380542476731516e-5
5.7048044068572705e-5
5.767750992765979e-5
5.476788937073337e-5
7.201116017285435e-5
9.467234659301148e-5
0.00013830895011602643
0.00019781598544061222
0.0
0.0
0.0
0.0
0.0
0.0
0.0
0.0
0.0
0.0009225546327510712
0.0005259141894800045
0.00019932334901832255
0.00012808402049040857
7.693425322125574e-5
1.4008877879194667e-5
1.9605722101449957e-5
0.00018967759347499608
0.0005163476189045742
0.0005083133435733143
0.0004120110571689837
0.0002882054995077953
0.00032685909247825144
0.0003390967027167054
0.0002998713308559273
0.0
0.0
0.0
0.0
0.0
0.0
0.0
0.0
0.0
0.0013115093715121073
0.0008716220682473768
0.0004040268487005983
0.0005011445544098247
0.0004022332659406664
0.00011870720910450395
5.055420261960763e-5
0.00010007890285329774
7.426557705417172e-5
7.637029546464615e-5
7.36508541659271e-5
7.998112548297238e-5
9.733653772212376e-5
0.0002164236458426041
0.00047147706412143124
0.0
0.0
0.0
0.0
0.0
0.0
0.0
0.0
0.0
0.0025586676544722634
0.0015988375301879626
0.0008382826039281575
0.0003933817081424236
0.0002343300601779226
7.78521202959692e-5
2.159098843415606e-5
4.448959684379015e-5
2.6319238689334092e-5
3.380832449434549e-5
3.4335390853923454e-5
4.766851397656776e-5
7.029084635466663e-5
0.00010142034915968218
0.00015391485715191767
0.0
0.0
0.0
0.0
0.0
0.0
0.0
0.0
0.0
0.0
0.0
0.0
0.0
0.0
0.0
0.0
0.0
0.0
0.0
0.0
0.0
0.0
0.0
0.0
0.0
0.0
0.0
0.0
0.0
0.0
0.0
0.0
0.0
0.0
0.0
0.0
0.0
0.0
0.0
0.0
0.0
0.0
0.0
0.0
0.0
0.0
0.0
0.0
0.0
0.0
0.0
0.0
0.0
0.0
0.0
0.0
0.0
0.0007166818930977446
0.0004981324119805696
0.0002005305607053322
0.00017858401120960778
0.00016408221490687102
8.812437437760502e-5
7.179348336910361e-5
0.00011527609454160256
0.00010719404103427604
0.00011913848340178865
0.00014068116019593608
0.00023776002099125482
0.00027692773722942925
0.00033914315144947376
0.00046534073793436353
0.0
0.0
0.0
0.0
0.0
0.0
0.0
0.0
0.0
0.0015862936072522649
0.0007675622005616445
0.00020213289805529706
0.00012871605061841028
9.451728452288018e-5
1.0964295107053476e-5
6.800210488211676e-7
1.823849985577291e-5
2.1966935586504045e-5
3.806556113017452e-5
5.0528102480381374e-5
5.539228853868587e-5
7.105607267066956e-5
9.431444696415806e-5
0.00012834323413208118
0.0
0.0
0.0
0.0
0.0
0.0
0.0
0.0
0.0
0.001505788660142863
0.0008131553459927936
0.0002505517185364855
0.00012989558987702384
9.615967250190968e-5
1.8718156177130116e-5
6.998870526853207e-6
3.73252276744081e-5
3.293101846058348e-5
3.907147532109041e-5
3.951976734053681e-5
4.931367585920658e-5
6.649931636123277e-5
9.408129713445289e-5
0.0001223709942112901
0.0
0.0
0.0
0.0
0.0
0.0
0.0
0.0
0.0
0.001599369160391106
0.0007689022965736256
0.00023712724902726667
0.0001486424656945557
8.941820494961613e-5
1.165488576898045e-6
0.0
3.583606274436909e-6
6.518794011707685e-6
1.5214324867669497e-5
1.7197575836804724e-5
3.794172275600145e-5
6.314263171802777e-5
8.557178430596459e-5
0.00010795699223985734
0.0
0.0
0.0
0.0
0.0
0.0
0.0
0.0
0.0
0.0009882330541218453
0.0005990595299269642
0.0002224561621382406
0.00013360835040716797
0.00019025278661795133
0.00021991761225094263
0.0002452582693163265
0.00019335184664745736
0.00011891816483251565
0.00012684475474692886
0.00010591026355619519
0.0001315025981062273
0.0003066970076700044
0.0005213289684349268
0.0005580239833868282
0.0
0.0
0.0
0.0
0.0
0.0
0.0
0.0
0.0
0.0
0.0
0.0
0.0
0.0
0.0
0.0
0.0
0.0
0.0
0.0
0.0
0.0
0.0
0.0
0.0
0.0
0.0
0.0
0.0
0.0
0.0
0.0
0.0
0.0
0.0
0.0
0.0
0.0
0.0
0.0
0.0
0.0
0.0
0.0
0.0
0.0
0.0
0.0
0.0
0.0
0.0
0.0
0.0
0.0
0.0
0.0
0.0
0.002025697850067375
0.0010705762821578287
0.00043990902432435107
0.00022036948825101844
0.00012886766178429903
1.799992022452046e-5
8.49971795232777e-7
3.819659988907492e-5
3.298232450463865e-5
4.2508848933991945e-5
5.5048359057629405e-5
7.581969165933975e-5
0.00010536077304931391
0.00019706712726534105
0.00032065220383447555
0.0
0.0
0.0
0.0
0.0
0.0
0.0
0.0
0.0
0.0023466980576888584
0.0011607445554576927
0.00039024435378402593
0.00021301205960235116
0.00013029196973395548
1.9762234574457364e-5
4.542257057895613e-7
1.610835546863839e-5
9.914988331013357e-7
0.0
1.4154742862766902e-7
0.0
0.0
7.0348593478870165e-6
2.9747278490346342e-5
0.0
0.0
0.0
0.0
0.0
0.0
0.0
0.0
0.0
0.0005919820278286551
0.00033905972976868467
0.00011784062802203283
6.492415377011917e-5
2.1884484849011375e-5
1.958167815920888e-6
1.894226194422033e-5
8.91544134941377e-5
8.093437151980346e-5
9.609838598369001e-5
8.321137565040243e-5
0.0001256022584722204
0.0001950196321413884
0.00025842094509128603
0.00029329650187260746
0.0
0.0
0.0
0.0
0.0
0.0
0.0
0.0
0.0
0.0016963463682259847
0.0009336696746263892
0.00033165954720308633
0.0001370725416689928
7.292444461483994e-5
0.0
0.0
1.4317180571164536e-5
9.227172685913036e-6
2.686205216264403e-5
3.7751553344149294e-5
5.101066216754315e-5
7.502030217441022e-5
0.00011245995427335453
0.0002030595991293248
0.0
0.0
0.0
0.0
0.0
0.0
0.0
0.0
0.0
0.0020490235423971897
0.0007747202584721757
0.0002087960633248963
9.742673718207412e-5
5.3432599723838725e-5
0.0
0.0
3.339495889853069e-7
0.0
0.0
8.923669876652686e-8
0.0
5.292931275231293e-6
3.767252457419879e-5
6.333914812520814e-5
0.0
0.0
0.0
0.0
0.0
0.0
0.0
0.0
0.0
0.0
0.0
0.0
0.0
0.0
0.0
0.0
0.0
0.0
0.0
0.0
0.0
0.0
0.0
0.0
0.0
0.0
0.0
0.0
0.0
0.0
0.0
0.0
0.0
0.0
0.0
0.0
0.0
0.0
0.0
0.0
0.0
0.0
0.0
0.0
0.0
0.0
0.0
0.0
0.0
0.0
0.0
0.0
0.0
0.0
0.0
0.0
0.0
0.002426700217465551
0.0011476380026332667
0.00040396651463769505
0.00021567450316558676
0.00011739728869609543
1.0076957092263588e-5
2.393513812768993e-7
4.020995676117167e-5
4.123372327448582e-5
4.9092660955692274e-5
5.245327924097652e-5
6.903256307111165e-5
9.091476477044194e-5
0.00014660646856503443
0.00020759419554446456
0.0
0.0
0.0
0.0
0.0
0.0
0.0
0.0
0.0
0.0013302787336248198
0.0007038176971865295
0.0001947458231894498
0.00010265636871043634
4.9306471651776634e-5
0.0
0.0
3.66343743545844e-7
2.74080073762265e-6
2.292958808974201e-5
2.5963858395263672e-5
2.9118439623991943e-5
4.9009594519815564e-5
6.52279862515699e-5
8.388798961149345e-5
0.0
0.0
0.0
0.0
0.0
0.0
0.0
0.0
0.0
0.0012493788978600246
0.0006532377445640872
0.00013236070043429665
6.164816182664174e-5
2.0537603667310723e-5
1.280865471809981e-7
0.0
1.805408232553934e-7
0.0
2.5806342520739364e-7
3.584548283349802e-7
3.417681032196882e-7
1.2728473669741438e-5
3.853006780305071e-5
6.275972142019358e-5
0.0
0.0
0.0
0.0
0.0
0.0
0.0
0.0
0.0
0.0010624101155934011
0.000447695332173355
6.485396228932396e-5
1.4482165195723743e-5
3.162586607439576e-7
1.3912741843169652e-7
0.0
1.9442515682308132e-7
0.0
1.1716208324860245e-7
3.4137468282961793e-7
4.281391867368808e-7
4.991906380033508e-7
4.724364512720949e-6
1.881699157406344e-5
0.0
0.0
0.0
0.0
0.0
0.0
0.0
0.0
0.0
0.0014886561561223276
0.0005425241002822196
8.583987020872946e-5
3.655912664295904e-5
1.5662136234389728e-6
1.481208955704629e-7
0.0
1.9189306568145138e-7
2.0632574230811872e-8
3.529891843170991e-7
2.718048698581673e-6
1.984445772213703e-5
3.727284425374844e-5
4.839880671005967e-5
8.157213558588937e-5
0.0
0.0
0.0
0.0
0.0
0.0
0.0
0.0
0.0
0.0
0.0
0.0
0.0
0.0
0.0
0.0
0.0
0.0
0.0
0.0
0.0
0.0
0.0
0.0
0.0
0.0
0.0
0.0
0.0
0.0
0.0
0.0
0.0
0.0
0.0
0.0
0.0
0.0
0.0
0.0
0.0
0.0
0.0
0.0
0.0
0.0
0.0
0.0
0.0
0.0
0.0
0.0
0.0
0.0
0.0
0.0
0.0
0.0015668558791806326
0.0007810146466937161
0.00028940333711711475
0.0002095837233217912
0.00016061565206351122
6.535660914350476e-5
4.025576587470484e-5
7.645177265245416e-5
9.757840205114263e-5
0.00014358846257332472
0.00018182884757073724
0.00018183525801134494
0.00021246277824363876
0.000318443057621652
0.00038008989417521663
0.0
0.0
0.0
0.0
0.0
0.0
0.0
0.0
0.0
0.0017755505365148457
0.0008329221916154014
0.0003964178430116899
0.0002689263120034992
0.00014527793530175025
7.355702303423624e-5
0.00014261659823716275
0.0001924376355012701
0.00013936476621440697
0.00011842601793461696
8.969568601285533e-5
9.582625571947736e-5
0.0001408031920998603
0.00025320813543528814
0.0003627351138983113
0.0
0.0
0.0
0.0
0.0
0.0
0.0
0.0
0.0
0.0019269719978902812
0.0009127060420584834
0.0003467447739937179
0.00020893469027591241
0.00010425959816335228
2.112168815011944e-6
0.0
3.999338879602635e-5
3.832891253466215e-5
5.6608118659334065e-5
7.22837651240603e-5
7.803973048950773e-5
8.989593864848472e-5
0.0001553673451385418
0.00026000025216390405
0.0
0.0
0.0
0.0
0.0
0.0
0.0
0.0
0.0
0.001381444462484489
0.0007500418844032947
0.0002274904567948584
0.00010102444576208778
4.663339105941032e-5
0.0
0.0
3.6991087312290355e-6
7.712378710300604e-6
3.281286460737532e-5
4.877691842722001e-5
6.644774643485765e-5
8.27714816799968e-5
0.00011224762281259114
0.0001986817950321918
0.0
0.0
0.0
0.0
0.0
0.0
0.0
0.0
0.0
0.0017696146404178963
0.0008072478731957057
0.00022441825275714124
0.0001064726635035691
6.583127347860367e-5
5.3873873527713364e-8
0.0
2.484553590792297e-5
2.8016154115497014e-5
4.752820116736231e-5
6.416289087852405e-5
8.535994013552917e-5
0.0001506346178151478
0.00030017826978136306
0.00046109744350585053
0.0
0.0
0.0
0.0
0.0
0.0
0.0
0.0
0.0
0.0
0.0
0.0
0.0
0.0
0.0
0.0
0.0
0.0
0.0
0.0
0.0
0.0
0.0
0.0
0.0
0.0
0.0
0.0
0.0
0.0
0.0
0.0
0.0
0.0
0.0
0.0
0.0
0.0
0.0
0.0
0.0
0.0
0.0
0.0
0.0
0.0
0.0
0.0
0.0
0.0
0.0
0.0
0.0
0.0
0.0
0.0
1.3269646508592371e-5
0.002557188591752091
0.001583584146300287
0.0008853970239835144
0.0005166407374858198
0.0003039380649603311
8.919417693398034e-5
4.524283148069479e-5
9.03702053993437e-5
6.971849948023964e-5
7.080922402396554e-5
7.892055773048861e-5
9.447247477965025e-5
0.00014168826127809443
0.000222296559091256
0.00032597876020775557
0.0
0.0
0.0
0.0
0.0
0.0
0.0
0.0
0.0
0.002297683082101162
0.0011064476810037104
0.0003524773761012528
0.00024293688728046974
0.00016409002040225455
4.808504874344235e-5
1.0285764125470757e-5
4.080868411793404e-5
4.000954745265478e-5
5.692360089651004e-5
6.739393169669451e-5
8.570120578364376e-5
0.00011568020535121671
0.00017616143609601958
0.0002262675426038979
0.0
0.0
0.0
0.0
0.0
0.0
0.0
0.0
0.0
0.0012062861191931762
0.000708313777092668
0.0002237475635217468
0.00022029067211600493
0.00029055027300847633
0.00016015789176571508
5.6451825018675486e-5
8.299348882968675e-5
6.19952293411076e-5
7.143603751821857e-5
7.055048436266541e-5
8.077130611205238e-5
9.784527570540438e-5
0.0001736700036827688
0.0002695386936717349
0.0
0.0
0.0
0.0
0.0
0.0
0.0
0.0
0.0
0.0017292281915620654
0.0007712178976405719
0.00022294418155986953
0.00011508890383754838
6.576110677587178e-5
8.02953111173408e-8
0.0
6.212542422102965e-6
1.3531449892279824e-5
2.8251955128473583e-5
4.203774748515436e-5
6.393079398329454e-5
8.096750707676327e-5
0.00011025462151915677
0.00019066340245110303
0.0
0.0
0.0
0.0
0.0
0.0
0.0
0.0
0.0
0.0016790410027515592
0.000725957283317995
0.00017004579003506635
7.338004845658689e-5
2.6070049112219736e-5
1.215824277705174e-7
0.0
1.9232103762703395e-7
0.0
2.900377279377409e-7
1.0668463123997058e-7
0.0
3.5823023540498545e-6
2.40585238707054e-5
5.5594228746928805e-5
0.0
0.0
0.0
0.0
0.0
0.0
0.0
0.0
0.0
0.0
0.0
0.0
0.0
0.0
0.0
0.0
0.0
0.0
0.0
0.0
0.0
0.0
0.0
0.0
0.0
0.0
0.0
0.0
0.0
0.0
0.0
0.0
0.0
0.0
0.0
0.0
0.0
0.0
0.0
0.0
0.0
0.0
0.0
0.0
0.0
0.0
0.0
0.0
0.0
0.0
0.0
0.0
0.0
0.0
0.0
0.0
0.0
0.0012550880300794115
0.0005999957053956659
0.00016245752273952755
0.0001222348967310109
9.200838122344851e-5
9.35894235134554e-6
4.95410129568179e-7
3.4424152803931075e-7
0.0
1.5796312412750308e-5
2.976549838297704e-5
3.751680769827731e-5
5.658936125996375e-5
8.309471038076073e-5
0.00010387242427786731
0.0
0.0
0.0
0.0
0.0
0.0
0.0
0.0
0.0
0.0007429076392657518
0.000356027344292036
8.130810487556299e-5
3.7532436493571355e-5
3.3088555000869807e-6
1.3349373489383676e-7
0.0
5.442777729842875e-7
1.2946461282382742e-7
8.615142034449114e-6
2.544859080730928e-5
3.72476834799783e-5
4.390379690580669e-5
6.52589636728081e-5
9.433632529903151e-5
0.0
0.0
0.0
0.0
0.0
0.0
0.0
0.0
0.0
0.0009301037880068769
0.00044550770823961614
0.00011681670009799673
0.00010058444230021209
7.103841992809969e-5
1.6367993279710063e-6
0.0
2.4979900302259614e-6
9.18208230765853e-7
1.0018968360512404e-5
1.5699784387531917e-5
3.0739495717694925e-5
5.248471037067943e-5
8.139557677927726e-5
0.0001194543769501821
0.0
0.0
0.0
0.0
0.0
0.0
0.0
0.0
0.0
0.0011786915256559382
0.00048700189626842095
0.00011038242546076791
8.41206974556886e-5
5.283782893378735e-5
2.504001999263359e-7
0.0
3.5265626074439185e-7
0.0
7.081450223797818e-7
8.760084808391215e-6
2.5807205849165268e-5
4.814913170763283e-5
7.62717603815471e-5
0.0001028254236676532
0.0
0.0
0.0
0.0
0.0
0.0
0.0
0.0
0.0
0.0010971307362684344
0.0005071744315347432
0.00015080770955791086
0.00011549958872261005
9.108526385203545e-5
3.6778613484814408e-6
0.0
2.3658058899999342e-5
3.779058706481444e-5
5.624243159447101e-5
6.400520060767283e-5
9.038077525316394e-5
0.0001113087209228802
0.0001622137281426148
0.00034575754505734846
0.0
0.0
0.0
0.0
0.0
0.0
0.0
0.0
0.0
0.0
0.0
0.0
0.0
0.0
0.0
0.0
0.0
0.0
0.0
0.0
0.0
0.0
0.0
0.0
0.0
0.0
0.0
0.0
0.0
0.0
0.0
0.0
0.0
0.0
0.0
0.0
0.0
0.0
0.0
0.0
0.0
0.0
0.0
0.0
0.0
0.0
0.0
0.0
0.0
0.0
0.0
0.0
0.0
0.0
0.0
0.0
0.0
0.002032152306199706
0.0007750443539186302
0.00017242125057059413
8.683786116502127e-5
3.4409807243569355e-5
1.943049753389021e-7
0.0
1.804472132612569e-7
0.0
5.029876037524808e-7
2.17463961692754e-7
2.2158111353779663e-6
1.8957092397032938e-5
5.0629666696201046e-5
8.29181528483828e-5
0.0
0.0
0.0
0.0
0.0
0.0
0.0
0.0
0.0
0.0012570390320805792
0.0004260033040097621
4.441589365461288e-5
1.2665699992780802e-5
7.135440373861068e-7
0.0
0.0
0.0
1.0266017112956038e-7
3.0258387163197934e-7
5.957668071493644e-7
7.353465643598324e-8
2.979195829643918e-5
7.321001749388855e-5
8.925768162752058e-5
0.0
0.0
0.0
0.0
0.0
0.0
0.0
0.0
0.0
0.0012587228885638253
0.0005156306597925579
9.425793137572995e-5
4.899934204298403e-5
3.414166366433076e-5
0.0
0.0
1.3553303622849174e-5
2.630487560246008e-5
4.723095918739643e-5
5.436269174359768e-5
6.782186417576854e-5
8.992222495332838e-5
0.00017102764680002646
0.00030590765236241914
0.0
0.0
0.0
0.0
0.0
0.0
0.0
0.0
0.0
0.0021383629718714475
0.0007343428774144675
0.00017299364480019778
8.444111781376782e-5
4.9003788205228535e-5
1.2828057575014824e-7
0.0
2.911593303155099e-7
2.2886369042574186e-7
7.185736772651728e-6
2.964653508986591e-5
5.194400497885471e-5
7.43908114098364e-5
0.00010564371585104313
0.00020638223258562198
0.0
0.0
0.0
0.0
0.0
0.0
0.0
0.0
0.0
0.0014805433652594871
0.0005958602270509254
0.00010885602016728424
5.487436680196955e-5
1.2623411449349391e-5
1.5405387413444004e-7
0.0
1.9445056343138152e-7
0.0
1.4357095610125766e-7
2.0130093826370118e-7
6.508818414384997e-7
1.2836407782353183e-5
4.823148405107697e-5
9.504712182057694e-5
0.0
0.0
0.0
0.0
0.0
0.0
0.0
0.0
0.0
0.0
0.0
0.0
0.0
0.0
0.0
0.0
0.0
0.0
0.0
0.0
0.0
0.0
0.0
0.0
0.0
0.0
0.0
0.0
0.0
0.0
0.0
0.0
0.0
0.0
0.0
0.0
0.0
0.0
0.0
0.0
0.0
0.0
0.0
0.0
0.0
0.0
0.0
0.0
0.0
0.0
0.0
0.0
0.0
0.0
0.0
0.0
0.0
0.001305310849953481
0.0006666047857277489
0.0001575441303202913
6.824011298457631e-5
4.789867437173977e-5
6.777066888583371e-7
0.0
9.828424168579013e-7
0.0
1.1873364459900512e-5
1.5994165595867523e-5
1.8009444569175276e-5
4.228223157019554e-5
7.698538643281688e-5
0.00012114507491271573
0.0
0.0
0.0
0.0
0.0
0.0
0.0
0.0
0.0
0.0014733667287825643
0.0005212305729963126
9.186794790643906e-5
4.057437391264183e-5
4.872442220208134e-6
1.57116976548908e-7
0.0
1.472460442446418e-7
0.0
2.565483204252074e-7
1.082429356777968e-7
0.0
2.6934645771843257e-7
3.397851384435554e-5
7.549701493366564e-5
0.0
0.0
0.0
0.0
0.0
0.0
0.0
0.0
0.0
0.001204387390912687
0.00042348490497802553
5.004118455313526e-5
9.794603467471001e-6
6.329265472473884e-7
9.47234320439578e-9
1.2707854394102243e-7
2.945917754221845e-7
8.289824573065698e-8
2.0281373285927327e-7
1.661838596559313e-7
6.226987752686167e-7
1.0305844330537444e-5
4.7708074894259405e-5
8.484478238656327e-5
0.0
0.0
0.0
0.0
0.0
0.0
0.0
0.0
0.0
0.0015254267719688245
0.0006522254714811292
0.00018045736693860173
9.832389478853455e-5
6.166421561379509e-5
6.77566991434749e-7
0.0
3.542344645618671e-7
6.4063053180548835e-6
3.489082023050095e-5
5.014927497953214e-5
6.137258221043548e-5
7.798119548312719e-5
0.00011148820678446917
0.000199221438662573
0.0
0.0
0.0
0.0
0.0
0.0
0.0
0.0
0.0
0.001423517773857896
0.0007292979223986492
0.000329109235439037
0.0001489119249901149
6.761895031358542e-5
9.037980244485189e-7
0.0
1.589231716790034e-5
1.593604980095657e-5
3.672498299430596e-5
3.6351791686193414e-5
6.251204968769663e-5
8.967573560591837e-5
0.00010460448293779243
0.00013329696869041635
0.0
0.0
0.0
0.0
0.0
0.0
0.0
0.0
0.0
0.0
0.0
0.0
0.0
0.0
0.0
0.0
0.0
0.0
0.0
0.0
0.0
0.0
0.0
0.0
0.0
0.0
0.0
0.0
0.0
0.0
0.0
0.0
0.0
0.0
0.0
0.0
0.0
0.0
0.0
0.0
0.0
0.0
0.0
0.0
0.0
0.0
0.0
0.0
0.0
0.0
0.0
0.0
0.0
0.0
0.0
0.0
0.0
0.0017143921935138739
0.0006095789789805771
0.00011807053578289773
4.568377561701264e-5
5.1462613845546785e-6
2.0867022018646414e-7
0.0
1.8491723426702165e-7
0.0
5.834578062019689e-7
1.550145998102165e-6
2.4254629916551942e-5
4.87980124130204e-5
6.932487583822976e-5
0.00011293039498542091
0.0
0.0
0.0
0.0
0.0
0.0
0.0
0.0
0.0
0.0012654551821974546
0.0006557452066119612
0.00020765479267881128
0.00011791101718288908
8.177053906442404e-5
4.6981937218415846e-6
7.227975845677713e-7
1.7988275067622306e-5
1.744702096738092e-5
2.3826409043525422e-5
2.473921964414585e-5
3.384063091869187e-5
4.5155456465115906e-5
6.932034600513374e-5
0.00010172126249799209
0.0
0.0
0.0
0.0
0.0
0.0
0.0
0.0
0.0
0.0009667305830078973
0.00038938165865252293
7.572482779557736e-5
3.753480075405157e-5
6.069367166228449e-6
1.514252262741542e-7
0.0
1.9447693359241984e-7
2.844953694604087e-8
1.6721358441888554e-7
1.2615914909424872e-7
0.0
3.3798582139802105e-7
1.7107635706683028e-5
5.1904684219558916e-5
0.0
0.0
0.0
0.0
0.0
0.0
0.0
0.0
0.0
0.0007837175220558028
0.00037703035729973384
7.715447960547595e-5
3.719331625042026e-5
5.325940464068163e-6
1.4801824847566376e-7
0.0
3.143079064075839e-7
1.3517646147886126e-7
2.7845712721961164e-7
2.959518547858487e-7
0.0
0.0
2.2511502220737258e-7
7.550799211382552e-6
0.0
0.0
0.0
0.0
0.0
0.0
0.0
0.0
0.0
0.0006870012272276689
0.0003126475186540906
5.435374065374391e-5
1.5892813250444343e-5
2.438986236556499e-7
0.0
1.1673430336486645e-8
2.5025387451560953e-7
1.1473345169983667e-7
6.634058666278847e-7
4.930349778606867e-7
0.0
0.0
5.82227438320105e-6
3.06709375734719e-5
0.0
0.0
0.0
0.0
0.0
0.0
0.0
0.0
0.0
0.0
0.0
0.0
0.0
0.0
0.0
0.0
0.0
0.0
0.0
0.0
0.0
0.0
0.0
0.0
0.0
0.0
0.0
0.0
0.0
0.0
0.0
0.0
0.0
0.0
0.0
0.0
0.0
0.0
0.0
0.0
0.0
0.0
0.0
0.0
0.0
0.0
0.0
0.0
0.0
0.0
0.0
0.0
0.0
0.0
0.0
0.0
0.0
0.0
0.0
0.0
0.0
0.0
0.0
0.0
0.0
0.0
0.0
0.0
0.0
0.0
0.0
0.0
0.0
0.0
0.0
0.0
0.0
0.0
0.0
0.0
0.0
0.000956852714815173
0.00043701106961325267
0.00011567662387271993
5.6201002915865255e-5
1.5518869935639644e-5
1.2608585560612027e-7
0.0
1.7039949405087188e-7
8.268697898524366e-8
4.4356773253454505e-7
4.3686382130944337e-7
3.303842721801635e-7
1.0815489328784487e-5
4.252188592532855e-5
7.219805325055006e-5
0.0
0.0
0.0
0.0
0.0
0.0
0.0
0.0
0.0
0.0007752315911669846
0.0003754276076770839
0.00011011256862730455
7.70529022766279e-5
4.35256114220698e-5
2.52763199609731e-7
0.0
4.5718244231462185e-7
0.0
1.5690492729626924e-7
5.1446965380710195e-6
2.044729520241608e-5
3.374107006547366e-5
6.181399093254457e-5
9.532122693929666e-5
0.0
0.0
0.0
0.0
0.0
0.0
0.0
0.0
0.0
0.0013401406484052942
0.0008212214993045243
0.00042170753638499773
0.00026525674905546854
0.00015638055432028278
3.898212016872445e-5
1.7905763468070416e-5
6.726564457705667e-5
6.1033326493020475e-5
6.908852337144098e-5
6.639699679096018e-5
7.670532501056022e-5
0.00010852555050322553
0.00023560486466090534
0.00035301162798335366
0.0
0.0
0.0
0.0
0.0
0.0
0.0
0.0
0.0
0.0013168559505066517
0.0008025653094611464
0.00033511326090039927
0.00015036039357869778
7.838593802330844e-5
5.72263772578996e-7
0.0
4.4836463388353943e-7
7.105147990198778e-6
3.671114258671899e-5
5.356679515471974e-5
7.038109517381652e-5
9.159399248707057e-5
0.00016320696335567
0.00023536592003105673
0.0
0.0
0.0
0.0
0.0
0.0
0.0
0.0
0.0
0.0
0.0
0.0
0.0
0.0
0.0
0.0
0.0
0.0
0.0
0.0
0.0
0.0
0.0
0.0
0.0
0.0
0.0
0.0
0.0
0.0
0.0
0.0
0.0
0.0
0.0
0.0
0.0
0.0
0.0
0.0
0.0
0.0
0.0
0.0
0.0
0.0
0.0
0.0
0.0
0.0
0.0
0.0
0.0
0.0
0.0
0.0
0.0
0.0008902980841324333
0.0003926622355455177
8.630541209264188e-5
3.417314217237819e-5
2.1555324553270145e-6
1.3849994218506543e-7
0.0
2.1950323464673804e-7
1.2149571590117076e-7
2.279350852982931e-6
1.8543427738450157e-5
3.731548591064602e-5
5.712267545628088e-5
7.760390396735687e-5
9.8368152046981e-5
0.0
0.0
0.0
0.0
0.0
0.0
0.0
0.0
0.0
0.001258327706834565
0.0006067765318300258
0.00017566240937596776
8.947014675545209e-5
5.127294842807466e-5
6.500404908883293e-7
0.0
3.254822299441908e-7
9.784847631529721e-8
3.874638492940076e-6
1.599599811841389e-5
2.9596119109987057e-5
4.514778057093502e-5
6.156920390411306e-5
8.123659661272399e-5
0.0
0.0
0.0
0.0
0.0
0.0
0.0
0.0
0.0
0.0011461327837075633
0.0006061691019517513
0.0002453870997230936
0.00016690990139352316
0.00012089951978748924
1.9897024319755668e-5
1.7554161139411212e-6
2.831587036869082e-5
2.2915938342343998e-5
3.532692663240302e-5
3.575714025713525e-5
4.669740431140583e-5
6.690503402651552e-5
8.962466981293062e-5
0.00011739454654408571
0.0
0.0
0.0
0.0
0.0
0.0
0.0
0.0
0.0
0.0010836207569560824
0.0005924736820612743
0.00024706621478086204
0.0001659968845523046
0.00012175382489762692
2.842169906412522e-5
8.189472484117726e-6
4.911078774813835e-5
4.3161032836709794e-5
5.489256846146717e-5
5.502396413336845e-5
6.295055125605037e-5
7.760320818914501e-5
9.597600697836826e-5
0.0001283243395556067
0.0
0.0
0.0
0.0
0.0
0.0
0.0
0.0
0.0
0.0008961660170946137
0.0004461846108726743
0.0001505194908705424
0.0001298632980021153
0.00010754722247505003
1.0880868669895529e-5
1.27564007828033e-7
3.931705133217392e-6
0.0
6.376124283927816e-7
1.0054570498959099e-7
3.239401508981136e-6
2.1497367203590642e-5
4.3074569732631876e-5
5.960987641575073e-5
0.0
0.0
0.0
0.0
0.0
0.0
0.0
0.0
0.0
0.0
0.0
0.0
0.0
0.0
0.0
0.0
0.0
0.0
0.0
0.0
0.0
0.0
0.0
0.0
0.0
0.0
0.0
0.0
0.0
0.0
0.0
0.0
0.0
0.0
0.0
0.0
0.0
0.0
0.0
0.0
0.0
0.0
0.0
0.0
0.0
0.0
0.0
0.0
0.0
0.0
0.0
0.0
0.0
0.0
0.0
0.0
0.0
0.0010280063451849704
0.0005202388436964092
0.00016298675193790973
0.00012156256280677586
8.565015071739123e-5
4.1364043654893135e-6
1.1107313152545328e-7
1.543791283231448e-5
1.60313176896336e-5
3.067967271537972e-5
3.38757919635925e-5
4.420054420488618e-5
5.7648060788175526e-5
7.338551540785321e-5
9.111264671650034e-5
0.0
0.0
0.0
0.0
0.0
0.0
0.0
0.0
0.0
0.0008681709473849926
0.00036243946723640244
7.34339760753441e-5
3.6972219297807084e-5
5.808838285493831e-6
1.332319416229353e-7
0.0
2.995230065410969e-7
0.0
1.6304267784549948e-7
1.0311168976486133e-7
7.83750846871294e-7
2.596480039027583e-5
6.739374497504766e-5
9.318553425841774e-5
0.0
0.0
0.0
0.0
0.0
0.0
0.0
0.0
0.0
0.0008344122914047411
0.0003550212543726393
6.742213748477707e-5
2.5363340727858974e-5
8.085392574349697e-7
0.0
3.09430759811995e-8
2.3535523824155354e-7
2.9037795530507322e-8
1.409500384406977e-7
3.441919361182764e-7
0.0
0.0
3.0836484934607993e-7
1.0000984359909758e-5
0.0
0.0
0.0
0.0
0.0
0.0
0.0
0.0
0.0
0.0007050569715021301
0.00023290870069037761
9.056351437368628e-6
1.818106711989966e-6
0.0
5.8694201139709764e-8
1.0081229819648811e-7
6.168198901476026e-8
7.299846526209354e-8
2.5117883707082336e-7
5.019749526853218e-7
0.0
9.294788041623513e-8
3.463800398591133e-7
2.255895430868679e-6
0.0
0.0
0.0
0.0
0.0
0.0
0.0
0.0
0.0
0.0005286273351697856
0.00015350657073473264
4.217094594360924e-6
4.655560959098755e-7
1.2092100372370827e-7
5.015722762579847e-8
6.023774020333943e-8
7.61089133775388e-8
1.0377253752187518e-7
2.35260806945552e-7
3.454862429874495e-7
0.0
0.0
3.2056061315403597e-7
7.335501509465331e-7
0.0
0.0
0.0
0.0
0.0
0.0
0.0
0.0
0.0
0.0
0.0
0.0
0.0
0.0
0.0
0.0
0.0
0.0
0.0
0.0
0.0
0.0
0.0
0.0
0.0
0.0
0.0
0.0
0.0
0.0
0.0
0.0
0.0
0.0
0.0
0.0
0.0
0.0
0.0
0.0
0.0
0.0
0.0
0.0
0.0
0.0
0.0
0.0
0.0
0.0
0.0
0.0
0.0
0.0
0.0
0.0
0.0
0.0007640861211580424
0.000358717344096676
6.736003313987655e-5
3.0859650825226127e-5
2.3153343419257884e-6
1.4039401012770794e-7
0.0
2.8317238664548314e-7
0.0
1.515306909324601e-7
1.0387464445721076e-7
0.0
0.0
1.072190313618453e-5
3.37937933591477e-5
0.0
0.0
0.0
0.0
0.0
0.0
0.0
0.0
0.0
0.0009643696951939383
0.0004537821617752748
0.00012354531420659894
7.353946556963307e-5
4.1407358304378204e-5
2.0550839925709137e-7
0.0
3.32300208646076e-7
0.0
9.906412008498486e-8
2.8810588277361514e-7
9.682636185821411e-8
3.577410491323429e-6
3.6784663641492534e-5
6.256491336722825e-5
0.0
0.0
0.0
0.0
0.0
0.0
0.0
0.0
0.0
0.0007193908798029192
0.0002600436912713191
2.0599976006832487e-5
3.83314591264732e-6
2.399385855831522e-7
0.0
0.0
2.470834388362934e-7
9.44559357061918e-8
1.679482188969208e-7
1.0447936486179098e-7
9.301576778040464e-8
3.336447165202337e-7
1.740015800424027e-5
4.365679817748116e-5
0.0
0.0
0.0
0.0
0.0
0.0
0.0
0.0
0.0
0.0008051706677953443
0.00039465870338152353
0.00010588199417224184
7.051848959283774e-5
3.884859733657669e-5
6.240193032134261e-8
0.0
3.428016677136607e-7
0.0
1.5420625192596248e-7
1.3522795548404565e-6
9.575426960722745e-6
2.2660662211789022e-5
3.689189275507036e-5
4.7562237283554685e-5
0.0
0.0
0.0
0.0
0.0
0.0
0.0
0.0
0.0
0.0007188533494320477
0.00035132072660670505
0.00010699038087628679
8.854470477541049e-5
6.324166802694341e-5
7.73289067225182e-7
0.0
3.4018741024361266e-7
0.0
4.756210222631288e-8
1.5817279392152276e-7
1.1446207505248486e-6
1.702837686795479e-5
3.920267874580196e-5
6.129813077934895e-5
0.0
0.0
0.0
0.0
0.0
0.0
0.0
0.0
0.0
0.0
0.0
0.0
0.0
0.0
0.0
0.0
0.0
0.0
0.0
0.0
0.0
0.0
0.0
0.0
0.0
0.0
0.0
0.0
0.0
0.0
0.0
0.0
0.0
0.0
0.0
0.0
0.0
0.0
0.0
0.0
0.0
0.0
0.0
0.0
0.0
0.0
0.0
0.0
0.0
0.0
0.0
0.0
0.0
0.0
0.0
0.0
0.0
0.0005514383344175137
0.00021153020584591166
2.577188926660397e-5
1.7065398051532196e-5
7.994498035857898e-7
1.3913455935602224e-7
0.0
3.07549278986511e-7
0.0
4.770824741398684e-8
3.3782674646319473e-7
0.0
2.54736421011933e-6
3.097830652978405e-5
5.510721726772412e-5
0.0
0.0
0.0
0.0
0.0
0.0
0.0
0.0
0.0
0.0008707973454110298
0.00040638345230748033
9.397058888655287e-5
5.179123958845497e-5
1.4869583548832971e-5
1.2648052242892215e-7
0.0
3.253498538069883e-7
9.885892879559061e-8
2.667013116528544e-7
2.4151264420091826e-6
1.7695782343882575e-5
3.727515030489338e-5
5.7490306145329045e-5
7.593540338477378e-5
0.0
0.0
0.0
0.0
0.0
0.0
0.0
0.0
0.0
0.0009241303402278988
0.0004003620966817292
7.978986499070606e-5
3.661704357624634e-5
3.504415863243885e-6
1.3578146614192478e-7
0.0
3.2683799301324395e-7
1.0067550237794469e-7
2.544498207178447e-7
1.0752612879043228e-7
1.1801511991650852e-5
3.8069348814517544e-5
6.510335649686774e-5
8.501267594880571e-5
0.0
0.0
0.0
0.0
0.0
0.0
0.0
0.0
0.0
0.001061069488573275
0.0004098756345562525
7.940889897734199e-5
3.837574664219003e-5
4.769964596241505e-6
1.377675993593286e-7
0.0
1.8162261797739282e-7
9.92611434172839e-8
4.864546550745107e-7
4.0379718906788495e-7
0.0
1.0133103496815398e-5
2.8251487820454737e-5
4.7492740341488966e-5
0.0
0.0
0.0
0.0
0.0
0.0
0.0
0.0
0.0
0.000908878301931544
0.00038316600883770964
7.506455493828507e-5
3.431672998358617e-5
2.5311705016247017e-6
1.3772881966304424e-7
0.0
3.097603173212899e-7
1.024119257368242e-7
3.741309410420021e-7
1.1535469275939906e-7
6.63247508044361e-6
2.926510238243219e-5
5.3696995780279654e-5
7.348207299530518e-5
0.0
0.0
0.0
0.0
0.0
0.0
0.0
0.0
0.0
0.0
0.0
0.0
0.0
0.0
0.0
0.0
0.0
0.0
0.0
0.0
0.0
0.0
0.0
0.0
0.0
0.0
0.0
0.0
0.0
0.0
0.0
0.0
0.0
0.0
0.0
0.0
0.0
0.0
0.0
6.377729676543887e-10
2.4486836291667596e-9
3.177272303771284e-9
7.011326955076398e-9
1.4251433167503308e-8
9.398643007352103e-9
2.7559926339179485e-9
0.0
0.0
0.0
0.0
0.0
0.0
0.0
0.0
0.0
0.0
0.0
1.2001203859974404e-7
0.00019327402198249504
1.4757907554805912e-5
8.632962243828621e-8
0.0
9.003751759471627e-9
7.149495062463965e-9
1.6006638078283304e-7
4.474715683064699e-8
1.577437052834185e-7
7.530705757755314e-8
1.4062408029551426e-8
1.1293298042979127e-7
7.462858658228323e-7
4.604927381719858e-7
0.0
0.0
0.0
0.0
0.0
0.0
0.0
0.0
0.0
0.0
0.0
0.0
0.0
0.0
0.0
0.0
0.0
0.0
0.0
0.0
0.0
0.0
0.0
0.0
0.0
0.0
0.0
0.0
0.0
0.0
0.0
0.0
0.0
3.357731281805279e-5
0.0010146964670944723
0.0004274572606092275
0.00029406642476104415
0.000198983751701885
0.00011410235461245581
5.0840875799892495e-5
1.7646305474613e-5
7.556842577550766e-6
3.228044785420896e-5
3.8759814952486e-5
5.3900067763343706e-5
6.398430031705559e-7
4.2511220666118194e-7
2.868144949433274e-7
0.0
0.0
0.0
0.0
0.0
0.0
0.0
0.0
0.0
0.00012801045651711018
0.0013495971991668138
0.0007111022012957905
0.0005292772424561687
0.0004170057576619809
0.00031157944187418707
0.00020232918375658263
0.00010811461282168148
4.4680635654056605e-5
4.61059632922599e-5
4.05505134601263e-5
6.546799590953513e-5
6.894535270975998e-7
1.4224263841523312e-6
1.3786255390223062e-5
0.0
0.0
0.0
0.0
0.0
0.0
0.0
0.0
0.0
8.69641079229299e-5
0.0012455561153150196
0.0005154856709376735
0.0003133305695830287
0.0001830799290563233
7.75914495790668e-5
1.1865888817416958e-5
1.4466909855307366e-8
0.0
2.056107030036919e-7
0.0
0.0
0.0
9.510269929461523e-8
5.257295597781918e-7
0.0
0.0
0.0
0.0
0.0
0.0
0.0
0.0
0.0
0.0
0.0
0.0
0.0
0.0
0.0
0.0
0.0
0.0
0.0
0.0
0.0
0.0
0.0
0.0
0.0
0.0
0.0
0.0
0.0
0.0
0.0
0.0
0.0
0.0
0.0
0.0
0.0
0.0
0.0
0.0
0.0
0.0
0.0
0.0
0.0
0.0
0.0
0.0
0.0
0.0
0.0
0.0
0.0
0.0
0.0
0.0
0.0
7.709943276889651e-7
0.0009624909934732559
0.00039902364906545186
0.00024390306389849735
0.000129419292367528
4.0735276342581334e-5
2.567308309596973e-6
0.0
0.0
2.2604947884997088e-7
0.0
0.0
0.0
3.1883051146797586e-7
2.3491358241068022e-7
0.0
0.0
0.0
0.0
0.0
0.0
0.0
0.0
0.0
6.900806160928719e-7
0.0009478984674090444
0.0003781634089035161
0.0002336938835759775
0.00013549132695193003
5.7081629858813006e-5
9.444938131187076e-6
2.970162335064096e-7
0.0
2.3564778133229623e-7
2.2292565106685936e-6
1.8787566598693302e-5
2.083954963343662e-7
3.5068909021707274e-7
8.21347408471456e-8
0.0
0.0
0.0
0.0
0.0
0.0
0.0
0.0
0.0
1.2888195116251624e-5
0.0011289687760997348
0.0004547858553234893
0.00027436716660579337
0.00016696265526881812
6.942276420113384e-5
1.1327982847479116e-5
1.8596352697063103e-7
0.0
4.503528491996346e-7
9.332662406088971e-6
2.492185687226757e-5
2.2309554540848298e-7
1.0385325350533687e-7
2.784012688464348e-7
0.0
0.0
0.0
0.0
0.0
0.0
0.0
0.0
0.0
1.9420601263438774e-5
0.0011517136530177626
0.00045282224396398445
0.00025567833864332146
0.00014167402924041646
4.9705555051421565e-5
2.2379218210667806e-6
0.0
0.0
1.5906699576798488e-7
0.0
7.413685982256989e-7
3.2529255415908583e-7
7.246425277699748e-7
1.4072022520484293e-7
0.0
0.0
0.0
0.0
0.0
0.0
0.0
0.0
0.0
6.464351381078147e-7
0.001003071013563997
0.0003587021165345653
0.00020404396069121402
0.00011187632232903183
3.379409775053144e-5
1.2098742051734937e-6
9.481886601168757e-8
0.0
1.5960562012684136e-7
0.0
0.0
0.0
9.686549364857726e-8
7.463451822359633e-8
0.0
0.0
0.0
0.0
0.0
0.0
0.0
0.0
0.0
0.0
0.0
0.0
0.0
0.0
0.0
0.0
0.0
0.0
0.0
0.0
0.0
0.0
0.0
0.0
0.0
0.0
0.0
0.0
0.0
0.0
0.0
0.0
0.0
0.0
0.0
0.0
0.0
0.0
0.0
0.0
0.0
0.0
0.0
0.0
0.0
0.0
0.0
0.0
0.0
0.0
0.0
0.0
0.0
0.0
0.0
0.0
0.0
7.909209819736227e-7
0.0009107970044123977
0.00037749019378840835
0.00022234102245129313
0.00011346854668447486
3.17604001619767e-5
1.1165341099433378e-6
0.0
0.0
1.5710559728993662e-7
0.0
4.7105708706877093e-7
3.4269523197305094e-7
5.801571492313309e-7
5.23215022139455e-7
0.0
0.0
0.0
0.0
0.0
0.0
0.0
0.0
0.0
8.005996622228999e-5
0.0011528930628836845
0.0004468967280105501
0.00026653341160360147
0.00015430980975069997
6.380663630919752e-5
9.076281515636434e-6
0.0
0.0
2.6710864737548285e-7
4.6545231544167046e-7
1.90794096946673e-5
4.322655709879379e-7
5.62425256445393e-7
3.255930632987218e-7
0.0
0.0
0.0
0.0
0.0
0.0
0.0
0.0
0.0
6.015580919122724e-6
0.0011210666419832257
0.00042068670635599353
0.00022650622705828964
0.00012133102645875718
3.232776561470536e-5
1.767115071324208e-7
0.0
0.0
3.2869228793611937e-7
9.545804504535475e-8
2.147993264466854e-7
3.5430544102885246e-7
7.056566155777318e-7
3.3997384882249067e-7
0.0
0.0
0.0
0.0
0.0
0.0
0.0
0.0
0.0
8.877227547490348e-7
0.0010418860974173326
0.0004158738403583204
0.0002666915383923396
0.00017471893115519627
9.153413438539496e-5
3.202554492368481e-5
7.545428147398553e-6
3.7603519069514207e-8
7.067321066631178e-6
1.4770103146128892e-5
2.801962085499557e-5
2.3532701476478344e-8
0.0
2.7003549152448275e-7
0.0
0.0
0.0
0.0
0.0
0.0
0.0
0.0
0.0
6.121850796141193e-7
0.0010325970112644862
0.00039251167782379835
0.0002521285161785955
0.00016917287786202668
7.992238732890769e-5
2.02836560417542e-5
1.9816336832804387e-6
0.0
2.1764413238572466e-7
0.0
0.0
0.0
0.0
6.22464226978455e-8
0.0
0.0
0.0
0.0
0.0
0.0
0.0
0.0
0.0
0.0
0.0
0.0
0.0
0.0
0.0
0.0
0.0
0.0
0.0
0.0
0.0
0.0
0.0
0.0
0.0
0.0
0.0
0.0
0.0
0.0
0.0
0.0
0.0
0.0
0.0
0.0
0.0
0.0
0.0
0.0
0.0
0.0
0.0
0.0
0.0
0.0
0.0
0.0
0.0
0.0
0.0
0.0
0.0
0.0
0.0
0.0
0.0
6.333933880856498e-7
0.0009268389177880541
0.00036078489392942734
0.00020515406148352794
9.372567728435188e-5
1.778248817799265e-5
0.0
0.0
0.0
0.0
0.0
3.2425852526466515e-7
7.531506243267004e-7
8.654432463495638e-7
5.846020562393046e-7
0.0
0.0
0.0
0.0
0.0
0.0
0.0
0.0
0.0
6.313072419630675e-7
0.0009314889088528218
0.00034778956738702564
0.0002048621127651223
0.00010796866094692038
2.858978213974582e-5
5.017741002444841e-7
0.0
0.0
1.5462674909785752e-7
0.0
0.0
0.0
9.381690703216088e-8
2.385247534604156e-7
0.0
0.0
0.0
0.0
0.0
0.0
0.0
0.0
0.0
6.313395115967972e-7
0.0009374846366168789
0.00037457854534566395
0.0002177864337648308
0.0001165768279414862
2.9895947715885923e-5
1.6111759006120368e-7
0.0
0.0
0.0
0.0
0.0
9.423560318984626e-8
3.562819577165487e-7
3.8230887608603106e-7
0.0
0.0
0.0
0.0
0.0
0.0
0.0
0.0
0.0
5.981274383788904e-7
0.0008546321496443361
0.0003252683432458281
0.00018959272449582868
0.00010002692334171326
2.4644730161976918e-5
1.8439491315562405e-7
0.0
0.0
9.53946320040057e-8
0.0
0.0
1.8631486450183845e-7
3.332901616634974e-7
2.426898650483151e-7
0.0
0.0
0.0
0.0
0.0
0.0
0.0
0.0
0.0
5.144810268107417e-7
0.000771145177094478
0.00025099365029698404
0.00014352898746011544
6.594555218866654e-5
5.141646601739397e-6
0.0
1.2159327949652775e-7
0.0
2.958286189622794e-7
0.0
0.0
0.0
0.0
2.321721482581845e-7
0.0
0.0
0.0
0.0
0.0
0.0
0.0
0.0
0.0
0.0
0.0
0.0
0.0
0.0
0.0
0.0
0.0
0.0
0.0
0.0
0.0
0.0
0.0
0.0
0.0
0.0
0.0
0.0
0.0
0.0
0.0
0.0
0.0
0.0
0.0
0.0
0.0
0.0
0.0
0.0
0.0
0.0
0.0
0.0
0.0
0.0
0.0
0.0
0.0
0.0
0.0
0.0
0.0
0.0
0.0
0.0
0.0
7.881628955493353e-7
0.0010350074050465906
0.0004951924838789108
0.00037706638244918496
0.0003004521022487147
0.00020979546224048125
0.00011161780578614104
4.323467647281389e-5
3.215659238212964e-6
1.5554762541565407e-5
1.2182622074567747e-5
2.3347023635944193e-5
2.2921134901111976e-7
3.275227357776882e-7
2.404190478692282e-7
0.0
0.0
0.0
0.0
0.0
0.0
0.0
0.0
0.0
0.00014599076925428622
0.0011237698297643715
0.0003925127705375491
0.000216150889639798
0.00012683474355213605
2.865463517000233e-5
0.0
1.0444155722086207e-7
0.0
2.377533027651668e-7
0.0
0.0
2.8769377770819593e-7
5.167882790951753e-7
5.0508033198977e-7
0.0
0.0
0.0
0.0
0.0
0.0
0.0
0.0
0.0
1.0290388703671896e-6
0.0010736528789442093
0.00044894317652486237
0.00031267648894794443
0.00023254792896079346
0.00012024526064377682
2.815906837808803e-5
2.481663905629512e-6
0.0
1.8949619349353583e-5
3.385909486192472e-5
4.951800174664834e-5
3.2509560075907667e-7
1.1047897066498019e-7
2.833491881473756e-7
0.0
0.0
0.0
0.0
0.0
0.0
0.0
0.0
0.0
6.64461623648134e-7
0.0011856471242004593
0.0005905303445788513
0.0004769366731344373
0.0003587147997984865
0.00024246912146401494
8.325972112712115e-5
1.0985813510149375e-5
1.5462410575691844e-7
2.3309395013337194e-7
2.8115258572774755e-6
2.3481477215091263e-5
3.3541098942932045e-7
4.864431516356241e-7
2.8996606778618466e-7
0.0
0.0
0.0
0.0
0.0
0.0
0.0
0.0
0.0
2.4326273873749838e-6
0.001116407439711067
0.0004867966916227355
0.0003283882360778743
0.00020722653264045892
9.128946472551771e-5
1.0077398432547736e-5
0.0
0.0
2.3394321390963575e-7
9.298954617190676e-8
1.59735258977292e-5
2.5059990428215467e-7
5.728403994671111e-7
1.4855978376464243e-6
0.0
0.0
0.0
0.0
0.0
0.0
0.0
0.0
0.0
0.0
0.0
0.0
0.0
0.0
0.0
0.0
0.0
0.0
0.0
0.0
0.0
0.0
0.0
0.0
0.0
0.0
0.0
0.0
0.0
0.0
0.0
0.0
0.0
0.0
0.0
0.0
0.0
0.0
0.0
0.0
0.0
0.0
0.0
0.0
0.0
0.0
0.0
0.0
0.0
0.0
0.0
0.0
0.0
0.0
0.0
0.0
0.0
0.00017491121726699046
0.0011978531781446596
0.0005020619989832276
0.00033414104221128876
0.00018291549295483764
6.006249273431582e-5
2.6119205569506424e-6
0.0
0.0
4.924602616288427e-7
9.27150606595249e-8
0.0
0.0
3.5802275845219354e-7
5.710876969206313e-7
0.0
0.0
0.0
0.0
0.0
0.0
0.0
0.0
0.0
6.444952229867882e-7
0.0009119295623083452
0.00038535037582881996
0.0002732756085854738
0.0002458536635891745
0.00018920413171580433
9.980704285416003e-5
3.463035122487324e-5
4.773648147848481e-6
3.44232288451249e-6
6.169393687178584e-6
9.320764168901736e-5
2.023593401308026e-7
1.0988422542911661e-7
0.0
0.0
0.0
0.0
0.0
0.0
0.0
0.0
0.0
0.0
4.851662767537368e-7
0.0008940026908378981
0.00028336895858610696
0.00015800589982225513
8.60287329860757e-5
1.553697345593556e-5
0.0
1.2709548314718923e-7
0.0
9.50223678518688e-8
3.195103874686323e-7
4.48637312358059e-7
3.649899366579749e-7
5.747585057221963e-7
5.043911076277865e-7
0.0
0.0
0.0
0.0
0.0
0.0
0.0
0.0
0.0
3.621711805838305e-5
0.0010772242656219091
0.00038100088104550667
0.0002172987483084031
0.00011169539767168197
1.6513728708415464e-5
0.0
1.1356041825246908e-7
0.0
1.0651513363695872e-7
0.0
0.0
2.963911466805923e-7
6.497338636869162e-7
7.163595293355752e-7
0.0
0.0
0.0
0.0
0.0
0.0
0.0
0.0
0.0
1.4842946875918665e-5
0.00111210751449177
0.00047336188112374357
0.000286959033877698
0.00017172711403574929
6.307487173094302e-5
9.13206263778541e-6
1.0636052875047633e-6
0.0
2.2806398520874417e-7
6.513100976541495e-7
1.1635080555239208e-5
2.2322484241664823e-7
3.6019182223801715e-7
3.111452501597697e-7
0.0
0.0
0.0
0.0
0.0
0.0
0.0
0.0
0.0
0.0
0.0
0.0
0.0
0.0
0.0
0.0
0.0
0.0
0.0
0.0
0.0
0.0
0.0
0.0
0.0
0.0
0.0
0.0
0.0
0.0
0.0
0.0
0.0
0.0
0.0
0.0
0.0
0.0
0.0
0.0
0.0
0.0
0.0
0.0
0.0
0.0
0.0
0.0
0.0
0.0
0.0
0.0
0.0
0.0
0.0
0.0
0.0
7.146307391840307e-5
0.0010601501123766563
0.0003339117926503106
0.00017605488996039182
7.612339719231179e-5
2.8557120447319064e-6
0.0
1.410047518565214e-8
3.409559431742104e-8
1.4877287093896107e-7
0.0
0.0
0.0
3.0726256713900997e-7
8.245846977750668e-7
0.0
0.0
0.0
0.0
0.0
0.0
0.0
0.0
0.0
1.3808802871813486e-6
0.0009613441250004679
0.0002593016845375301
0.0001374564129479288
3.953210673498182e-5
0.0
0.0
1.3551024376958339e-7
1.923999735400627e-8
1.2274963695976352e-7
3.1373394347983405e-7
3.304215470058514e-7
3.664188737846595e-7
6.606754127832148e-7
5.795158229856044e-7
0.0
0.0
0.0
0.0
0.0
0.0
0.0
0.0
0.0
7.482298047438e-5
0.0011100299947030782
0.000403467543173072
0.00025003979007926603
0.00015645110496136463
4.441916759089224e-5
5.9912069977166655e-6
6.872815784455356e-7
0.0
3.0937717976957715e-7
1.2887620413457158e-6
1.683466442472703e-5
3.164199129975223e-7
3.399062405040282e-7
3.113436769220385e-7
0.0
0.0
0.0
0.0
0.0
0.0
0.0
0.0
0.0
7.949181625831298e-5
0.0011698881392392699
0.0004642307529815228
0.00027168993370117425
0.0001564273387558445
4.358534199606933e-5
4.993197244153537e-6
4.5490361448844437e-7
0.0
2.2358446015340031e-7
0.0
0.0
0.0
9.261195620731765e-8
3.296622091809578e-7
0.0
0.0
0.0
0.0
0.0
0.0
0.0
0.0
0.0
6.84960606018056e-7
0.0010272083611108655
0.0003475661927407706
0.00018798006028850653
0.00010178460181910037
1.8220263189586497e-5
8.693318389210491e-7
0.0
0.0
2.2252630212838997e-7
0.0
0.0
1.0045101161836528e-7
2.1773042155683353e-7
3.2325896011943613e-7
0.0
0.0
0.0
0.0
0.0
0.0
0.0
0.0
0.0
0.0
0.0
0.0
0.0
0.0
0.0
0.0
0.0
0.0
0.0
0.0
0.0
0.0
0.0
0.0
0.0
0.0
0.0
0.0
0.0
0.0
0.0
0.0
0.0
0.0
0.0
0.0
0.0
0.0
0.0
0.0
0.0
0.0
0.0
0.0
0.0
0.0
0.0
0.0
0.0
0.0
0.0
0.0
0.0
0.0
0.0
0.0
0.0
4.137234706308433e-5
0.0009891998307883442
0.0003377649750641081
0.00018431765436648835
8.07719198295814e-5
5.4241641973063076e-6
0.0
1.0168357304807771e-7
0.0
9.964667460636725e-8
4.973792953145845e-7
5.834345092621546e-7
3.1485044903662145e-7
4.6246445817877557e-7
3.3378084817315743e-7
0.0
0.0
0.0
0.0
0.0
0.0
0.0
0.0
0.0
6.47742658206499e-7
0.0009814186265948506
0.00042134201361525953
0.0002997605847285196
0.00019062019351672122
6.773280784290766e-5
7.767362927536006e-6
7.472499042758636e-7
0.0
1.9386738419930406e-7
2.7140480630598774e-5
5.317046052151844e-5
2.488181959949422e-7
0.0
4.8413503368280724e-8
0.0
0.0
0.0
0.0
0.0
0.0
0.0
0.0
0.0
5.732820791609158e-7
0.0009924036832596932
0.0004381285764864465
0.0003128437441188501
0.00018585139934166583
8.504939803486331e-5
4.610638374321185e-5
7.622967836831248e-6
8.334830280774057e-8
1.0573353622631743e-7
0.0
3.7522293033268043e-6
0.0
2.175695562071094e-7
1.8259406807159862e-7
0.0
0.0
0.0
0.0
0.0
0.0
0.0
0.0
0.0
3.820765652352945e-5
0.0011534277076932786
0.0004990702704809776
0.00032912064458459243
0.0002253920992225292
0.00010557081804738728
1.57596137494342e-5
3.5280657311810703e-6
0.0
1.0611122201331876e-7
3.778770824539424e-6
2.0367494848902445e-5
2.026394550361441e-7
3.395584306322983e-7
3.015666076053183e-7
0.0
0.0
0.0
0.0
0.0
0.0
0.0
0.0
0.0
0.00013711328658194008
0.0012145871804766326
0.0005159438846311677
0.0003048655262888214
0.00016830614062794574
3.205743182379503e-5
1.7069339327432735e-6
0.0
0.0
5.53345625088504e-7
3.936480814744166e-7
0.0
0.0
2.3449832292056614e-7
3.1203462949312287e-7
0.0
0.0
0.0
0.0
0.0
0.0
0.0
0.0
0.0
0.0
0.0
0.0
0.0
0.0
0.0
0.0
0.0
0.0
0.0
0.0
0.0
0.0
0.0
0.0
0.0
0.0
0.0
0.0
0.0
0.0
0.0
0.0
0.0
0.0
0.0
0.0
0.0
0.0
0.0
0.0
0.0
0.0
0.0
0.0
0.0
0.0
0.0
0.0
0.0
0.0
0.0
0.0
0.0
0.0
0.0
0.0
0.0
2.128548911535749e-6
0.0009151185459724319
0.00034166969376449774
0.0001950719116540406
8.172284682966261e-5
9.94810525403549e-6
7.218231950469328e-7
1.1960823713944312e-7
0.0
2.8530311104086e-7
9.640053692776374e-8
0.0
0.0
0.0
2.9655254048999315e-7
0.0
0.0
0.0
0.0
0.0
0.0
0.0
0.0
0.0
6.429441017431115e-7
0.0010245444140671073
0.00040768325645469385
0.00022895017142701842
9.845073476038549e-5
8.01528092201065e-6
4.0525029517393803e-8
2.577283544342111e-7
0.0
3.5585097892576023e-6
1.57701629838282e-5
3.2123104522579994e-5
0.0
0.0
6.254752210910123e-8
0.0
0.0
0.0
0.0
0.0
0.0
0.0
0.0
0.0
4.968647155235023e-7
0.0008492800594710144
0.0003597102894793692
0.00027422847791233807
0.00022749193397982067
0.00011950297543189426
5.162962837153076e-5
5.808795777040744e-6
1.8543400099151848e-8
2.047818992585435e-7
0.0
0.0
0.0
0.0
1.6103851120226497e-7
0.0
0.0
0.0
0.0
0.0
0.0
0.0
0.0
0.0
5.622374386095989e-7
0.000944994973138498
0.00042216481757073273
0.00028781216947251423
0.00019393659388264412
4.486594849599462e-5
3.5873628894748184e-6
0.0
0.0
1.556777978227183e-7
0.0
0.0
0.0
2.75009041235586e-7
3.1737462150770257e-7
0.0
0.0
0.0
0.0
0.0
0.0
0.0
0.0
0.0
6.788372631191452e-7
0.0010370013723717277
0.0004363814909960224
0.0002661063360238626
0.00011638219469028593
1.2279879170262603e-5
2.5108642856370293e-7
9.732503758466213e-8
0.0
3.012833609798187e-7
3.086114824734441e-7
9.958698881590806e-8
9.989279378874064e-8
5.667871391019709e-7
5.534628176825957e-7
0.0
0.0
0.0
0.0
0.0
0.0
0.0
0.0
0.0
0.0
0.0
0.0
0.0
0.0
0.0
0.0
0.0
0.0
0.0
0.0
0.0
0.0
0.0
0.0
0.0
0.0
0.0
0.0
0.0
0.0
0.0
0.0
0.0
0.0
0.0
0.0
0.0
0.0
0.0
0.0
0.0
0.0
0.0
0.0
0.0
0.0
0.0
0.0
0.0
0.0
0.0
0.0
0.0
0.0
0.0
0.0
0.0
0.0
0.0
0.0
0.0
0.0
0.0
0.0
0.0
0.0
0.0
0.0
0.0
0.0
0.0
0.0
0.0
0.0
0.0
0.0
0.0
0.0
0.0
0.0
0.0
0.0010648017908750302
0.0005104841615162806
0.0001216563758675089
4.091507315206823e-5
7.386509174205419e-7
1.385285546507866e-7
0.0
3.5137553559009415e-7
1.4964705282846656e-7
4.877688901557776e-7
2.2368928607285097e-7
5.181529704916257e-6
2.7519615129219895e-5
5.1843510505818254e-5
6.956563603172582e-5
0.0
0.0
0.0
0.0
0.0
0.0
0.0
0.0
0.0
0.0008818365637482852
0.000428393058788765
0.00010625055834210089
6.0139089477694285e-5
2.7947571471225405e-5
1.2105621561121483e-7
0.0
1.3903996901242401e-7
1.0592530381746166e-7
5.25661570695381e-7
2.1578635347485306e-7
9.411944542452064e-8
3.6236377656621553e-6
2.6855236677734326e-5
4.131462222639544e-5
0.0
0.0
0.0
0.0
0.0
0.0
0.0
0.0
0.0
0.0005271592020197499
0.00023040004804439807
3.843626682437472e-5
3.766411020337623e-5
7.982454776917367e-6
1.5119395125998705e-7
0.0
1.9241118726442686e-7
0.0
5.4398539867165714e-8
1.0424894456917687e-7
0.0
2.1373434559254275e-7
4.413585390592164e-6
1.9205137792918606e-5
0.0
0.0
0.0
0.0
0.0
0.0
0.0
0.0
0.0
0.0008136665387535187
0.0003600103648001781
3.3248220890768646e-5
5.772939104519573e-6
0.0
1.3260433227674951e-7
0.0
1.7007849534105482e-7
1.0368721614322911e-7
2.5378751130994187e-7
1.0973401742676681e-7
0.0
7.243069696601284e-7
1.8183286094512588e-5
3.716495340717994e-5
0.0
0.0
0.0
0.0
0.0
0.0
0.0
0.0
0.0
0.0
0.0
0.0
0.0
0.0
0.0
0.0
0.0
0.0
0.0
0.0
0.0
0.0
0.0
0.0
0.0
0.0
0.0
0.0
0.0
0.0
0.0
0.0
0.0
0.0
0.0
0.0
0.0
0.0
0.0
0.0
0.0
0.0
0.0
0.0
0.0
0.0
0.0
0.0
0.0
0.0
0.0
0.0
0.0
0.0
0.0
0.0
0.0
0.0008146779294872094
0.0004016492841727186
9.048808408746719e-5
5.113287370373848e-5
1.6944032687936792e-5
1.197295200253336e-7
0.0
3.652590997520011e-7
9.41156013379381e-8
2.536535070489435e-7
3.851566067400898e-6
1.595933151946396e-5
3.935040277915993e-5
6.540660897007612e-5
8.650393704044816e-5
0.0
0.0
0.0
0.0
0.0
0.0
0.0
0.0
0.0
0.0010495508267581105
0.0004943716131684059
0.00011553613065511891
6.143885370662533e-5
3.0087046554167387e-5
0.0
0.0
4.7309530843201724e-7
1.0026973397497266e-7
5.930793654278111e-6
1.3228055573636497e-5
2.7329396925781633e-5
4.5016276450118925e-5
6.427380127788875e-5
7.743449427492122e-5
0.0
0.0
0.0
0.0
0.0
0.0
0.0
0.0
0.0
0.0008211536627822996
0.00040280448833815907
7.839025614818322e-5
2.72897389230275e-5
6.267393330114208e-6
1.1902253654539187e-7
0.0
2.1013921031692264e-7
9.448859297355067e-8
2.5483905849205583e-7
1.0399116455682463e-7
0.0
8.63747389476091e-6
3.790514146123959e-5
6.019340873812646e-5
0.0
0.0
0.0
0.0
0.0
0.0
0.0
0.0
0.0
0.001221789879676632
0.0005018472731437209
9.147652575886562e-5
3.579326550347505e-5
3.398609509768682e-6
1.3806152731097344e-7
0.0
1.8038445757416644e-7
0.0
1.324527262077976e-7
3.3989198020151876e-7
2.766994171643841e-7
4.7422279858269075e-7
3.196421577653899e-5
6.344672438651926e-5
0.0
0.0
0.0
0.0
0.0
0.0
0.0
0.0
0.0
0.0012613194268805334
0.00046287412679255486
6.265821976927339e-5
1.388354759686224e-5
0.0
9.931482829442504e-9
1.0610838234764052e-7
1.6255436025306652e-7
0.0
1.4272538598243648e-7
9.966281485610342e-8
4.783915912015304e-7
4.5098743555729157e-7
2.630574867298568e-6
2.3561769110241542e-5
0.0
0.0
0.0
0.0
0.0
0.0
0.0
0.0
0.0
0.0
0.0
0.0
0.0
0.0
0.0
0.0
0.0
0.0
0.0
0.0
0.0
0.0
0.0
0.0
0.0
0.0
0.0
0.0
0.0
0.0
0.0
0.0
0.0
0.0
0.0
0.0
0.0
0.0
0.0
0.0
0.0
0.0
0.0
0.0
0.0
0.0
0.0
0.0
0.0
0.0
0.0
0.0
0.0
0.0
0.0
0.0
0.0
0.0004152515366916864
0.00021988543216112572
5.7641374475862394e-5
5.417728085512953e-5
2.9448153655582984e-5
1.0352223370803596e-7
0.0
3.976361851344825e-7
0.0
1.6318951677261058e-7
4.169940703858504e-6
2.7022155219130795e-5
4.7836026091008884e-5
6.743994560283235e-5
9.62653255847027e-5
0.0
0.0
0.0
0.0
0.0
0.0
0.0
0.0
0.0
0.0007911651384530497
0.0003834236159017284
9.065229619016355e-5
5.607383573225437e-5
2.9719988505971056e-5
1.1078004098894419e-7
0.0
3.054898117371631e-7
1.200362093167046e-7
2.940203733576688e-7
3.8023149472550985e-7
1.9318360626183214e-7
3.222139296027268e-7
3.9417188579442913e-7
4.99858025118722e-6
0.0
0.0
0.0
0.0
0.0
0.0
0.0
0.0
0.0
0.0007592158379354018
0.00036478849749020534
4.483054658607736e-5
1.555657416667081e-6
0.0
1.406627830743884e-7
4.433685021938507e-8
3.176285477724603e-7
1.4029609669714187e-7
1.6276797635041982e-7
3.414932005114435e-7
1.0173284290062473e-7
7.166644050441537e-7
7.105667504751419e-6
2.0649733207627223e-5
0.0
0.0
0.0
0.0
0.0
0.0
0.0
0.0
0.0
0.0008348899436568762
0.0003775388438186861
4.9288858572642384e-5
5.390752307599971e-6
0.0
0.0
5.7731466761132145e-8
3.0265316205543223e-7
1.4988734050116746e-7
2.7830210794058177e-7
7.357400711661493e-7
2.0564543538462197e-7
0.0
1.0111221955505318e-5
3.494652412015635e-5
0.0
0.0
0.0
0.0
0.0
0.0
0.0
0.0
0.0
0.00083096910589379
0.0003691116268618987
3.6840020128567805e-5
1.3840715801053339e-6
0.0
0.0
1.2207302010268568e-7
3.3349449786065224e-7
1.08197582102992e-7
2.5352476085747333e-7
2.074262410506592e-7
1.0776708686091646e-7
0.0
0.0
9.265089821787187e-6
0.0
0.0
0.0
0.0
0.0
0.0
0.0
0.0
0.0
0.0
0.0
0.0
0.0
0.0
0.0
0.0
0.0
0.0
0.0
0.0
0.0
0.0
0.0
0.0
0.0
0.0
0.0
0.0
0.0
0.0
0.0
0.0
0.0
0.0
0.0
0.0
0.0
0.0
0.0
0.0
0.0
0.0
0.0
0.0
0.0
0.0
0.0
0.0
0.0
0.0
0.0
0.0
0.0
0.0
0.0
0.0
0.0
0.0005679384969335431
0.0002529044168472075
3.6608295773084104e-5
1.7584978551585065e-5
3.848243241071877e-7
1.389090350766629e-7
4.928723884720829e-9
4.204128468980446e-7
1.1341144197123788e-7
5.047371204817686e-7
2.0627003151443076e-7
9.93056795129263e-6
3.2775477069879956e-5
4.707361328413115e-5
6.965310639477509e-5
0.0
0.0
0.0
0.0
0.0
0.0
0.0
0.0
0.0
0.0007917249576128002
0.0004130970291782263
0.00010547674251757584
5.4874578950380783e-5
1.728365422640818e-5
1.2713131310712788e-7
1.0677307273165954e-8
3.8278694964633e-7
2.2261448087298583e-7
3.092964960705767e-7
1.0204617622290117e-7
9.741529908823433e-8
1.0120576247813468e-5
2.9446667701572552e-5
4.360801084267584e-5
0.0
0.0
0.0
0.0
0.0
0.0
0.0
0.0
0.0
0.0006591740890756374
0.00019186581884727985
4.33713770597264e-6
0.0
0.0
0.0
3.999602347217282e-8
2.4609291716289804e-8
0.0
0.0
3.442525433306573e-7
0.0
0.0
0.0
9.760507075367129e-8
0.0
0.0
0.0
0.0
0.0
0.0
0.0
0.0
0.0
0.0005073292118369399
0.0001973697306668132
4.986426842808408e-6
0.0
0.0
0.0
0.0
0.0
0.0
0.0
0.0
0.0
0.0
0.0
0.0
0.0
0.0
0.0
0.0
0.0
0.0
0.0
0.0
0.0
0.000327304415439328
9.786198465745028e-5
1.1163853500502426e-6
0.0
6.573490987593354e-9
5.134448654274587e-8
7.72227760914969e-8
5.4290786973825856e-8
5.076722481956579e-8
1.021132691367955e-7
9.849897915557988e-8
0.0
0.0
0.0
0.0
0.0
0.0
0.0
0.0
0.0
0.0
0.0
0.0
0.0
0.0
0.0
0.0
0.0
0.0
0.0
0.0
0.0
0.0
0.0
0.0
0.0
0.0
0.0
0.0
0.0
0.0
0.0
0.0
0.0
0.0
0.0
0.0
0.0
0.0
0.0
0.0
0.0
0.0
0.0
0.0
0.0
0.0
0.0
0.0
0.0
0.0
0.0
0.0
0.0
0.0
0.0
0.0
0.0
0.0
0.0
0.0
0.0
0.0011476018068522717
0.0005934224144130318
0.00018086879492230007
0.0001226172929100951
7.645911324927985e-5
0.0
0.0
3.314650646590407e-7
0.0
1.554998725620963e-7
1.7813568372011466e-7
1.423616991525091e-5
4.0267671577746125e-5
6.597939112290763e-5
9.502896699497834e-5
0.0
0.0
0.0
0.0
0.0
0.0
0.0
0.0
0.0
0.0014927557058118984
0.000822413936245924
0.00022990653609414712
9.09229253601466e-5
2.872749157263047e-5
1.2406382431516755e-7
0.0
1.677223528911155e-7
0.0
1.3187604163162484e-7
3.4777367154699405e-7
4.920079308429951e-7
3.6095444781883917e-6
3.998452214156459e-5
6.744344986273628e-5
0.0
0.0
0.0
0.0
0.0
0.0
0.0
0.0
0.0
0.001188236964678827
0.0007091885619266314
0.00019406250189118126
6.812305939785253e-5
1.5995100605759443e-5
1.4298337520087735e-7
0.0
1.7367909522798384e-7
0.0
2.3897973349501534e-7
7.138750141606273e-7
3.664850002845808e-6
3.263524913625651e-5
6.682502833595168e-5
9.139798136008837e-5
0.0
0.0
0.0
0.0
0.0
0.0
0.0
0.0
0.0
0.00107420816159851
0.0005588359377014016
0.0001325058206511438
5.324822123150762e-5
8.604344831761984e-6
1.4582266092566045e-7
0.0
2.2878898369604034e-7
1.0621356131105366e-7
5.096751942383632e-7
4.7478878920621566e-7
1.022778777811765e-5
4.384901278156854e-5
7.702097083624023e-5
0.00010652356486242464
0.0
0.0
0.0
0.0
0.0
0.0
0.0
0.0
0.0
0.0007838653340344889
0.00039291321276896656
0.00010420203346315116
7.14879219371795e-5
3.996008195882147e-5
5.278992078583181e-7
0.0
3.745718687059469e-7
1.0746355116019609e-7
4.9942541183296665e-6
1.9610217750317418e-5
3.27930582004875e-5
4.891815329546429e-5
7.27798763499147e-5
9.662817475623144e-5
0.0
0.0
0.0
0.0
0.0
0.0
0.0
0.0
0.0
0.0
0.0
0.0
0.0
0.0
0.0
0.0
0.0
0.0
0.0
0.0
0.0
0.0
0.0
0.0
0.0
0.0
0.0
0.0
0.0
0.0
0.0
0.0
0.0
0.0
0.0
0.0
0.0
0.0
0.0
0.0
0.0
0.0
0.0
0.0
0.0
0.0
0.0
0.0
0.0
0.0
0.0
0.0
0.0
0.0
0.0
0.0
0.0
0.0
0.0
0.0
0.0
0.0
0.0
0.0
0.0
0.0
0.0
0.0
0.0
0.0
0.0
0.0
0.0
0.0
0.0
0.0
0.0
0.0
0.0
0.0
0.0
0.0017552235053322337
0.0009653935883661324
0.0003095299971719004
0.0001169108576653231
4.226611257700274e-5
1.0043656282186506e-7
0.0
1.6614619850560025e-7
0.0
6.355280286660974e-7
1.2457505101685842e-6
2.1221016525098885e-5
4.923509336082659e-5
7.687000970355538e-5
0.00010673246988424219
0.0
0.0
0.0
0.0
0.0
0.0
0.0
0.0
0.0
0.0013368438129788772
0.000851286874899643
0.0003285504574444717
0.00014456739751925218
7.923435517519837e-5
0.0
0.0
3.436981591273107e-7
0.0
1.2105165049341527e-5
2.4032616059756502e-5
4.628727309269028e-5
7.452809063808546e-5
0.00011819657932361853
0.0001797144945364295
0.0
0.0
0.0
0.0
0.0
0.0
0.0
0.0
0.0
0.0012750319361051346
0.0007489067774597396
0.00023534445764097973
0.0001019170615113149
4.9754544433436056e-5
0.0
0.0
1.7187947537806651e-7
0.0
2.9218886220574126e-7
1.1360649181593564e-7
0.0
0.0
1.0510554081033534e-5
3.0878853789546175e-5
0.0
0.0
0.0
0.0
0.0
0.0
0.0
0.0
0.0
0.0008233326494932374
0.0004473048355715885
0.00010668497340660652
4.319741530459984e-5
6.258603215425985e-6
1.4804759269933714e-7
4.552347630529037e-8
2.9897789007480414e-7
1.1770602626103165e-7
2.441457989117487e-7
4.82399195626034e-7
4.388664954769051e-8
9.489022771442506e-8
5.706400523048327e-7
3.245780209573174e-7
0.0
0.0
0.0
0.0
0.0
0.0
0.0
0.0
0.0
0.0
0.0
0.0
0.0
0.0
0.0
0.0
0.0
0.0
0.0
0.0
0.0
0.0
0.0
0.0
0.0
0.0
0.0
0.0
0.0
0.0
0.0
0.0
0.0
0.0
0.0
0.0
0.0
0.0
0.0
0.0
0.0
0.0
0.0
0.0
0.0
0.0
0.0
0.0
0.0
0.0
0.0
0.0
0.0
0.0
0.0
0.0
0.0
0.0014048244603593427
0.0006954231987414305
0.00021475258417669188
0.00014918946571068284
0.00011150566579710406
6.8488686237773475e-6
0.0
2.956813632447437e-7
9.55371412686305e-8
9.13709614438609e-8
4.152484194514624e-7
2.7290258231385877e-8
0.0
0.0
2.247247531143315e-7
0.0
0.0
0.0
0.0
0.0
0.0
0.0
0.0
0.0
0.0007360011119438328
0.00038444522703630043
7.163434732895521e-5
2.7103618946392025e-5
9.539369271963722e-7
1.4787949166859818e-7
6.941838914115799e-8
3.005506804820175e-7
1.6227345763930725e-7
7.60605634757522e-7
6.296510752841384e-7
1.884719629967957e-5
5.0160670096927376e-5
7.954389657340706e-5
0.0001060357041177061
0.0
0.0
0.0
0.0
0.0
0.0
0.0
0.0
0.0
0.0008108652498818601
0.00042533471088963533
0.00013030492047122035
9.120378897075524e-5
5.554887702555559e-5
0.0
0.0
1.1434475928628138e-5
1.6660848627336717e-5
3.709914174736292e-5
4.6294146810103165e-5
5.95789030488941e-5
7.635489673812985e-5
9.926947809054891e-5
0.00013185897210605074
0.0
0.0
0.0
0.0
0.0
0.0
0.0
0.0
0.0
0.0010149484668329513
0.0004902318758695934
0.00014618444752486937
0.00011236801899365002
7.853801983339288e-5
5.258032578936001e-7
0.0
3.338009162034955e-7
0.0
1.4237216293212374e-7
1.6948282467522373e-7
1.804272041932107e-6
2.5498484652346605e-5
5.8192228436511184e-5
8.507806661322526e-5
0.0
0.0
0.0
0.0
0.0
0.0
0.0
0.0
0.0
0.0005921515777795248
0.00028737383093663504
4.577741114216905e-5
2.0862736409911774e-5
1.2072430308542973e-8
1.4728541113121585e-7
0.0
2.118564262516624e-7
5.860375928566174e-9
1.592504938339838e-7
1.0450438647760194e-7
0.0
0.0
6.999798164721055e-6
1.7329452219351917e-5
0.0
0.0
0.0
0.0
0.0
0.0
0.0
0.0
0.0
0.0
0.0
0.0
0.0
0.0
0.0
0.0
0.0
0.0
0.0
0.0
0.0
0.0
0.0
0.0
0.0
0.0
0.0
0.0
0.0
0.0
0.0
0.0
0.0
0.0
0.0
0.0
0.0
0.0
0.0
0.0
0.0
0.0
0.0
0.0
0.0
0.0
0.0
0.0
0.0
0.0
0.0
0.0
0.0
0.0
0.0
0.0
0.0
0.0009355469701717062
0.0004561202667450018
0.00010264651036582846
5.819963985759079e-5
3.604651988770417e-5
0.0
0.0
3.919859099088755e-6
6.403169663988272e-6
2.06974827365921e-5
2.3231447628036957e-5
3.466533057556015e-5
5.3964253361307446e-5
7.273545007009293e-5
9.751931762972465e-5
0.0
0.0
0.0
0.0
0.0
0.0
0.0
0.0
0.0
0.0013021522295529134
0.000778096605186285
0.0002812172915723694
0.0001318228146679213
7.80013653131943e-5
0.0
0.0
1.4801959812136608e-6
0.0
1.162886755142964e-5
1.4560119241793697e-5
2.5006401269231056e-5
4.141949210692618e-5
5.8212047817420004e-5
8.191000836533747e-5
0.0
0.0
0.0
0.0
0.0
0.0
0.0
0.0
0.0
0.0007659597289537301
0.0004156671404567148
0.0001381916326469827
0.00011477342672047712
8.540099116586834e-5
2.3300112147648224e-6
0.0
1.2821528572706302e-5
1.3779933578396311e-5
3.253208237399663e-5
4.016501528529281e-5
5.309575798520584e-5
6.878206359281823e-5
8.763605134071682e-5
0.00011757687324133161
0.0
0.0
0.0
0.0
0.0
0.0
0.0
0.0
0.0
0.0013499244259859077
0.0007829405101391244
0.00024293512211857705
0.00010463694155203872
5.215431436894172e-5
0.0
0.0
3.417179506356034e-7
0.0
1.572061753759049e-7
1.1188249936468496e-7
1.2553991969139405e-5
3.987726279388427e-5
6.588758326662368e-5
9.205618179128529e-5
0.0
0.0
0.0
0.0
0.0
0.0
0.0
0.0
0.0
0.00144157737014236
0.0007954757532230947
0.00023586721998493075
9.927059385635481e-5
4.49410729080847e-5
0.0
0.0
1.941050905051841e-7
6.320572344384602e-8
6.807157329292022e-8
4.53735995690821e-7
9.743769912934325e-8
2.2742606128418524e-7
1.0939230101251016e-5
3.1402091874629705e-5
0.0
0.0
0.0
0.0
0.0
0.0
0.0
0.0
0.0
0.0
0.0
0.0
0.0
0.0
0.0
0.0
0.0
0.0
0.0
0.0
0.0
0.0
0.0
0.0
0.0
0.0
0.0
0.0
0.0
0.0
0.0
0.0
0.0
0.0
0.0
0.0
0.0
0.0
0.0
0.0
0.0
0.0
0.0
0.0
0.0
0.0
0.0
0.0
0.0
0.0
0.0
0.0
0.0
0.0
0.0
0.0
0.0
0.0005963549073581032
0.00025996364596365544
1.0352749847308576e-5
3.965796010203946e-7
0.0
0.0
0.0
1.8740980607733085e-7
0.0
1.3116653250364883e-7
9.601634374251564e-8
0.0
9.58194534634355e-8
3.4037915109900653e-7
5.074303245220769e-7
0.0
0.0
0.0
0.0
0.0
0.0
0.0
0.0
0.0
0.0008188913501898169
0.00045011330255204383
0.00011020486202474047
4.248306580106805e-5
4.6677809659075025e-6
1.5609349877706477e-7
6.553535900741678e-8
2.4331142653144436e-7
9.854609994263605e-8
2.6882248705293656e-7
9.975516268650776e-8
3.2274448632147194e-7
1.6521306810913067e-5
6.803142277547786e-5
0.00010406295713606665
0.0
0.0
0.0
0.0
0.0
0.0
0.0
0.0
0.0
0.0012444898187561402
0.0006224516207477836
0.00021639413365169457
0.00016563611317023887
0.00012940082651294383
3.2052190794253285e-5
6.946944680221469e-6
3.682422818495969e-5
3.329251594763518e-5
4.951285952817723e-5
5.4474005855110444e-5
6.408611262627503e-5
8.572234876954131e-5
0.00011685426429068873
0.0001470250127992507
0.0
0.0
0.0
0.0
0.0
0.0
0.0
0.0
0.0
0.001463958496982108
0.0008265291697892903
0.00031120483265617067
0.00016767173671745905
0.0001151389874971465
1.8913065450627133e-5
1.0120740802418738e-5
3.936938904257745e-5
3.193354070790981e-5
3.903590688034647e-5
3.4921276767963934e-5
4.2853909124146364e-5
5.819613123053873e-5
7.303248679409623e-5
9.071845999039517e-5
0.0
0.0
0.0
0.0
0.0
0.0
0.0
0.0
0.0
0.0006612006840943159
0.000370356350266319
0.00011371618832187665
0.00010622646103261449
0.0001049914575330477
3.618108865762338e-5
3.119618509114528e-5
9.661728140909834e-5
9.320830082720385e-5
0.00010061569066997813
9.447130517165717e-5
0.00012483954809690392
0.00015646954567878315
0.00018320634548430836
0.0002017324533912507
0.0
0.0
0.0
0.0
0.0
0.0
0.0
0.0
0.0
0.0
0.0
0.0
0.0
0.0
0.0
0.0
0.0
0.0
0.0
0.0
0.0
0.0
0.0
0.0
0.0
0.0
0.0
0.0
0.0
0.0
0.0
0.0
0.0
0.0
0.0
0.0
0.0
0.0
0.0
0.0
0.0
0.0
0.0
0.0
0.0
0.0
0.0
0.0
0.0
0.0
0.0
0.0
0.0
0.0
0.0
0.0
0.0
0.0
0.001398776893851829
0.000635318450501101
0.00015267452464272924
8.678403805663678e-5
4.4099777312160594e-5
0.0
0.0
2.3590799362606736e-6
2.193967275490128e-5
6.46236138287672e-5
8.120917696922634e-5
0.00010864626164022811
0.0001487577830792551
0.00017554212815400208
0.00018505128509548825
0.0
0.0
0.0
0.0
0.0
0.0
0.0
0.0
0.0
0.000973672464884557
0.0004687168194919186
0.00012977767954155627
9.961778328028229e-5
7.474160173854028e-5
2.2380075816623733e-6
0.0
2.052778122135556e-5
3.072342836573927e-5
5.499088151504792e-5
7.191655333371512e-5
0.00011372529393000375
0.00015481241683718962
0.00018347635490152583
0.0001936814152773416
0.0
0.0
0.0
0.0
0.0
0.0
0.0
0.0
0.0
0.0014587037995409204
0.0005665773056267756
0.00011153864599016239
5.418857109146573e-5
3.03175804621368e-5
0.0
0.0
4.89574015740017e-7
1.052013518703022e-7
1.179596979106272e-5
2.5937293774501703e-5
4.582854947383492e-5
6.5601042641448e-5
9.609877804238707e-5
0.00012668850502101458
0.0
0.0
0.0
0.0
0.0
0.0
0.0
0.0
0.0
0.0010909522592247331
0.0005035939543543836
0.0001374895294840471
9.974161339510093e-5
6.638654193098499e-5
6.520335546655756e-8
0.0
6.748244621358737e-6
2.4475216538365914e-5
5.489441223202638e-5
6.98715057819918e-5
8.320105246515642e-5
0.00010351591668037945
0.00013160563326326168
0.0001596116784154505
0.0
0.0
0.0
0.0
0.0
0.0
0.0
0.0
0.0
0.0014952131220796819
0.000638194572367487
0.00016190481531255566
0.00010641912475792345
8.046466799856062e-5
4.989499461667279e-6
2.117478172466958e-7
3.653706656753607e-5
3.8481765580791273e-5
5.275768601978356e-5
6.244790083401378e-5
7.814448049935159e-5
0.0001004100858915843
0.0001293484674185736
0.00015534032210623252
0.0
0.0
0.0
0.0
0.0
0.0
0.0
0.0
0.0
0.0
0.0
0.0
0.0
0.0
0.0
0.0
0.0
0.0
0.0
0.0
0.0
0.0
0.0
0.0
0.0
0.0
0.0
0.0
0.0
0.0
0.0
0.0
0.0
0.0
0.0
0.0
0.0
0.0
0.0
0.0
0.0
0.0
0.0
0.0
0.0
0.0
0.0
0.0
0.0
0.0
0.0
0.0
0.0
0.0
0.0
0.0
0.0
0.002531234581704489
0.0009247869392131305
0.0002703881540275847
0.00012146805841606674
6.421407731832314e-5
0.0
0.0
4.7475827094948134e-7
0.0
2.99906518485987e-6
1.9229565511334414e-5
4.196946909325913e-5
6.625066427927408e-5
0.00010064062839484262
0.00014518009751436018
0.0
0.0
0.0
0.0
0.0
0.0
0.0
0.0
0.0
0.0022324102773952337
0.0009215570605081391
0.0002939885638383267
0.00012230262158398342
6.781097236930042e-5
0.0
0.0
4.783396172734084e-7
1.028128976674008e-7
1.2274166303378598e-5
2.7779759286212896e-5
4.744586377879416e-5
6.810757744067473e-5
9.151475438360802e-5
0.00011374480075284596
0.0
0.0
0.0
0.0
0.0
0.0
0.0
0.0
0.0
0.0012624125622869597
0.0007118082699914123
0.00020404306305113617
0.00011137188628785158
7.725238484619126e-5
1.6408702583603267e-6
0.0
1.755202575456215e-5
2.1987012131043377e-5
3.7536393905910515e-5
4.270303381692722e-5
5.115752973017203e-5
6.680607049954088e-5
7.619388344981446e-5
8.377425186018648e-5
0.0
0.0
0.0
0.0
0.0
0.0
0.0
0.0
0.0
0.0006891562615790529
0.00036801374840824216
0.0001091086803876874
8.862627215583235e-5
6.24907262934035e-5
3.3118732967567626e-6
1.1001184969212087e-6
8.621707402243463e-6
1.3128974863450765e-5
3.101421865466105e-5
4.365764192903609e-5
7.52120694643718e-5
0.00011559169470336226
0.00014386137376934594
0.0001500581825255214
0.0
0.0
0.0
0.0
0.0
0.0
0.0
0.0
0.0
0.0009828070225702216
0.0004707097286234681
0.0001157513310194436
7.994182484499307e-5
5.398431498572263e-5
0.0
0.0
2.210088537978214e-5
3.5280740727815356e-5
6.0109712772632634e-5
7.218384238832778e-5
8.473357098991139e-5
0.00011398174659575227
0.00013828491307781794
0.00016960701756452056
0.0
0.0
0.0
0.0
0.0
0.0
0.0
0.0
0.0
0.0
0.0
0.0
0.0
0.0
0.0
0.0
0.0
0.0
0.0
0.0
0.0
0.0
0.0
0.0
0.0
0.0
0.0
0.0
0.0
0.0
0.0
0.0
0.0
0.0
0.0
0.0
0.0
0.0
0.0
0.0
0.0
0.0
0.0
0.0
0.0
0.0
0.0
0.0
0.0
0.0
0.0
0.0
0.0
0.0
0.0
0.0
0.0
0.002104574764894063
0.0009804763562322662
0.00033724472678424406
0.00018403248167806778
0.00012662594267000494
3.880093935554749e-5
1.558691478357295e-5
6.459440551954774e-5
6.0187497461392756e-5
7.056080042378379e-5
8.01245554397302e-5
0.00010479509307250432
0.00020268159847905133
0.00044547385623868244
0.0008414396851696446
0.0
0.0
0.0
0.0
0.0
0.0
1.2509961095775463e-5
2.684784343186806e-5
4.8023424784837226e-5
0.0028510410566042256
0.0017585929107134292
0.0009254211275463574
0.00039064190443051323
0.0002511026569788621
0.00010706270945635528
5.2930974388468426e-5
0.00010280037074043262
0.00010532098017466112
0.0001240152262968133
0.00013004201641561033
0.00020257724715392242
0.00030480332443025244
0.00035612814004037436
0.0003550878528025744
0.0
0.0
0.0
0.0
0.0
0.0
0.0
0.0
0.0
0.002106882751716596
0.0010894965751112038
0.0005473383357341448
0.0003455827174600794
0.00028382391359938055
0.0002101444958404061
0.0002146632479640798
0.00025084819263975145
0.00021442691945289404
0.0002027348059817234
0.0001835865002854255
0.00022437950167320678
0.0002532286799133795
0.0002779093086817669
0.000294602991695017
0.0
0.0
0.0
0.0
0.0
0.0
0.0
0.0
0.0
0.0
0.0
0.0
0.0
0.0
0.0
0.0
0.0
0.0
0.0
0.0
0.0
0.0
0.0
0.0
0.0
0.0
0.0
0.0
0.0
0.0
0.0
0.0
0.0
0.0011525825160220162
0.0005767619348155048
0.000183980764566058
0.0001554537230426872
0.00011599957667861053
2.013715609569354e-5
8.87088583096692e-6
3.483772662119897e-5
3.869571185539508e-5
5.7961069331320934e-5
7.505138977057137e-5
0.0001246146115870316
0.00016511423815665258
0.0001930257124262747
0.00021663946323746672
0.0
0.0
0.0
0.0
0.0
0.0
0.0
0.0
0.0
0.0
0.0
0.0
0.0
0.0
0.0
0.0
0.0
0.0
0.0
0.0
0.0
0.0
0.0
0.0
0.0
0.0
0.0
0.0
0.0
0.0
0.0
0.0
0.0
0.0
0.0
0.0
0.0
0.0
0.0
0.0
0.0
0.0
0.0
0.0
0.0
0.0
0.0
0.0
0.0
0.0
0.0
0.0
0.0
0.0
2.4126074003000487e-5
3.972521851578918e-5
3.822429139623223e-5
0.0031143094250406706
0.001339492568254922
0.0005704729112358083
0.0003144720891681416
0.00019822808297646573
7.238069891178543e-5
4.326344850740937e-5
9.396786218752888e-5
9.136952132753003e-5
0.00010293896515214071
9.48751758576273e-5
0.0001162924591790097
0.00015989435279395242
0.0002585268018662087
0.0004271167217495518
0.0
0.0
0.0
0.0
0.0
0.0
0.0
0.0
0.0
0.002049946361342952
0.0009817492420660543
0.00036251719865058884
0.00016884278725947616
0.00010807675520760384
1.376705843797167e-5
1.6393783003899979e-6
3.209668199051585e-5
3.817270922562478e-5
5.614534162038415e-5
6.715768200268638e-5
9.099252724119112e-5
0.00011807484883400358
0.00015682063450264154
0.00021402108686326994
0.0
0.0
0.0
0.0
0.0
0.0
0.0
0.0
0.0
0.0023230065802128984
0.0009719670700205394
0.0003679727486484538
0.00016665107871007259
0.0001057997076024506
1.2556338784194962e-5
8.15278216703566e-7
2.8344864247461423e-5
3.077084778695736e-5
4.5009229089335706e-5
5.664609025945333e-5
7.543221842148812e-5
9.988532846755414e-5
0.00012825706091628498
0.00017573524958423752
0.0
0.0
0.0
0.0
0.0
0.0
0.0
0.0
0.0
0.002237091626205398
0.0010619342373069589
0.0003618674105630237
0.00015785240151550842
9.80077904470517e-5
8.686878338875047e-6
2.8555821747817065e-7
3.192859775650052e-5
5.2525925696143426e-5
9.350547060442605e-5
9.751164712207927e-5
0.00011153756863672581
0.00014966260369854697
0.00022159184861345749
0.000311186985036855
0.0
0.0
0.0
0.0
0.0
0.0
0.0
0.0
0.0
0.0023394467730970077
0.0014719863960454048
0.0007153731124339129
0.00030748712172613916
0.00019278302004194952
7.361554364177025e-5
4.527518530655362e-5
6.171512250977743e-5
5.93513516135055e-5
9.965128652331398e-5
9.976367152442072e-5
0.00012150893619688978
0.00013853783107580083
0.0001530342915807228
0.0001929020876137544
0.0
0.0
0.0
0.0
0.0
0.0
0.0
0.0
0.0
0.0
0.0
0.0
0.0
0.0
0.0
0.0
0.0
0.0
0.0
0.0
0.0
0.0
0.0
0.0
0.0
0.0
0.0
0.0
0.0
0.0
0.0
0.0
0.0
0.0
0.0
0.0
0.0
0.0
0.0
0.0
0.0
0.0
0.0
0.0
0.0
0.0
0.0
0.0
0.0
0.0
0.0
0.0
0.0
0.0
0.0
0.0
0.0
0.0011777888187595137
0.0007909581525437848
0.00029523880479269524
0.00015263722699666507
0.00011476153762881628
2.8481930597510574e-5
1.0906238628903176e-5
6.845092263901229e-5
7.33160590791068e-5
9.626607675735064e-5
0.00011662872031861893
0.00022281605846892578
0.0002848848362492584
0.0003277491860777963
0.0004111957546302768
0.0
0.0
0.0
0.0
0.0
0.0
0.0
0.0
0.0
0.002346540752317825
0.0010258559402422935
0.0005218494005520348
0.0003595886112333567
0.0002682488916838353
0.00012840062656740173
9.727562426492756e-5
0.00013613883948888352
0.00010520821044749598
0.00011622034783270533
0.00010791672897585571
0.0001495074238660072
0.00017277950777273347
0.0002123977313676078
0.0002698956681833874
0.0
0.0
0.0
0.0
0.0
0.0
0.0
0.0
0.0
0.00156225657715255
0.0009165601134243984
0.0005163285852048924
0.0003635175132772095
0.0002019959812424239
6.250418918014729e-5
4.5958094841830694e-5
9.651475563297948e-5
7.56972558347564e-5
8.529983449648329e-5
9.262807353242205e-5
0.00012052632983469854
0.0001645594032219158
0.00023189987081992117
0.00022763867652849008
0.0
0.0
0.0
0.0
0.0
0.0
0.0
0.0
0.0
0.0026504295549204227
0.0014391593207611505
0.0004976289453651889
0.00022283928868520339
0.00016307204141436486
5.3174630256028034e-5
1.403894315725295e-5
7.244849672045818e-5
4.6594376278499056e-5
5.0077128174765007e-5
0.00011988194438432421
0.00019905723516674953
0.0003096766162356913
0.0004387007942925325
0.0005442988642246923
0.0
0.0
0.0
0.0
0.0
0.0
0.0
0.0
0.0
0.001382783990767212
0.001154154892303113
0.0008343202258983009
0.0005093263108822352
0.00030683299799877086
0.00013867911943871383
7.771478819858457e-5
0.00011835400204003849
0.00010387873408872465
0.00011952604451546463
0.00014782329643423325
0.00019995239766996292
0.00029108406581874487
0.00044630226265443773
0.0005287546092732303
0.0
0.0
0.0
0.0
0.0
0.0
0.0
0.0
0.0
0.0
0.0
0.0
0.0
0.0
0.0
0.0
0.0
0.0
0.0
0.0
0.0
0.0
0.0
0.0
0.0
0.0
2.8145679130497357e-6
1.939958852744489e-5
1.838639862139226e-5
3.304609919682304e-5
9.600521549609878e-5
0.00011434233623726852
5.2431334947107024e-5
9.45801090649535e-5
1.3844917901111749e-5
0.0
0.0
0.0
0.0
0.0
0.0
0.0
0.0
0.0
0.0
0.0
0.0
0.0
0.0
0.0
0.0
0.0
0.0
0.0
0.0
0.0
0.0
0.0018032497018197302
0.001164761585740131
0.0007451674325813714
0.0006356120998588128
0.0005692456220196238
0.0003881798250447358
0.00031734421862708367
0.00036564914376894576
0.0003571181744929454
0.0003658685282087068
0.000372380386275195
0.0004472880723255815
0.0004970043869990483
0.0005337747283059935
0.0005625197933869942
0.0
0.0
0.0
0.0
0.0
0.0
0.0
0.0
0.0
0.0016722957964918517
0.0010359466545473927
0.0006549573634728593
0.0005925473582830221
0.00047672302066348944
0.00033538177425082024
0.0003089243471671317
0.0003083041120459706
0.0002804957938697929
0.00026705150353167184
0.00021980799683263285
0.00023003239104820553
0.00030828457757224614
0.000498635318396258
0.0005382472962742557
0.0
0.0
0.0
0.0
0.0
0.0
0.0
0.0
0.0
0.0026221228127369725
0.0016001122289095065
0.0009146677830738541
0.0004478433328545429
0.00032004948595845266
0.00017714962997520087
0.00010433290587656803
0.0001343322829396317
0.00011782168444546119
0.00013539876460998918
0.00013572972007004668
0.0001753274695013899
0.00021493950912182663
0.00025059641033196384
0.0003668033031781774
0.0
0.0
0.0
0.0
0.0
0.0
0.0
0.0
0.0
0.0015644018014064668
0.0011667329488455037
0.0005902764046450357
0.0003191716822319779
0.00019262569115550282
8.954901721917854e-5
8.089643276017484e-5
0.0001013362354075443
8.571596271314273e-5
0.0001107294420637853
0.00011552714458174423
0.00016490346997274802
0.00021260937680384298
0.0002682591745221927
0.0002922033164235288
0.0
0.0
0.0
0.0
0.0
0.0
0.0
0.0
0.0
0.0012768695868649814
0.0008525716681045609
0.00036807189020911484
0.0002268338462256794
0.00018394474833624644
0.00010663120036404236
7.880917703444664e-5
0.00019072555241358809
0.00014839713274943884
0.00012583434285678684
0.00017027906501773836
0.0002836309585146286
0.00029539602606427125
0.00034613116350035053
0.0004814212431146787
0.0
0.0
0.0
0.0
0.0
0.0
0.0
0.0
0.0
0.0
0.0
0.0
0.0
0.0
0.0
0.0
0.0
0.0
0.0
0.0
0.0
0.0
0.0
0.0
0.0
0.0
0.0
0.0
0.0
0.0
0.0
0.0
0.0
0.0
0.0
0.0
0.0
0.0
0.0
0.0
0.0
0.0
0.0
0.0
0.0
0.0
0.0
0.0
0.0
0.0
0.0
0.0
0.0
0.0
8.269065712019688e-6
2.3247035740508005e-5
4.037357673881679e-5
0.002874217480505658
0.001699686715275327
0.0008916102380417247
0.0005136320104675927
0.0003874764822835975
0.00022023029044307836
0.00019080464783757147
0.00019373367220129655
0.00014117726046337632
0.0001840336670633971
0.00028535110680979304
0.0006110916910984442
0.000687464168677583
0.0007502028469423371
0.0008217758782950945
0.0
0.0
0.0
0.0
0.0
0.0
0.0
0.0
1.0560005962570343e-5
0.0019588078440694774
0.0016574095055779737
0.0008075645880459641
0.00041918740439474193
0.00032003775385244587
0.00022822319474903832
0.0001857775741503554
0.00013716073836870696
0.00012358478847636462
0.000142824255204496
0.0001546149317339985
0.00027871091795218567
0.00037801968385728417
0.0004308840851846622
0.000963377924307664
0.0
0.0
0.0
0.0
0.0
0.0
0.0
0.0
0.0
0.0020953852982555443
0.001440154011149668
0.0009242998437271398
0.0007793569963428141
0.0005710336547945548
0.0003935563962689669
0.00030830422348354387
0.0003267282380083689
0.00029974251481325483
0.00029575091940394816
0.0003359375996130529
0.00042336889939101585
0.0006318095353562637
0.0006701170056569172
0.000993227716271977
0.0
0.0
0.0
0.0
0.0
0.0
0.0
0.0
0.0
0.0018850289885483091
0.0013826712639006518
0.0008979199764993777
0.0006433660763316477
0.0005217302757555302
0.000344123417185715
0.00020861373118319517
0.000166593571941192
0.0001102111406979474
0.0001534915469342553
0.00022121441696667642
0.00029259442118252963
0.0005162699140176272
0.000793230310101416
0.000733050901119656
0.0
0.0
0.0
0.0
0.0
0.0
0.0
1.9922665676748302e-5
2.3346192244461052e-5
0.002669461198451577
0.0018036261488309888
0.0010768154885087157
0.00054877721640537
0.00030615777526975306
0.00013673216579545585
8.512475189019796e-5
0.00013307843277479654
0.00014452084684774734
0.0001990588612054349
0.0003332164407277129
0.0005337254404635763
0.000704784172438719
0.0008898013758235981
0.0008857530973799049
0.0
0.0
0.0
0.0
0.0
3.2158516892801684e-6
4.864415755237516e-6
8.383063504409672e-6
1.1642887394360605e-5
1.4220048234582326e-5
2.37964107322666e-6
0.0
0.0
0.0
0.0
0.0
0.0
0.0
0.0
0.0
0.0
0.0
0.0
0.0
0.0
0.0
0.0
1.1116144247763987e-5
5.5074843088869864e-5
0.00010194503645449525
6.618229315788055e-5
9.232738165601702e-5
0.00011456246831657358
0.00021829252854617973
5.962404614337607e-5
4.314207171045795e-5
4.919793866067238e-6
0.0
0.0
0.0
0.0
0.0
0.0
0.0
0.0
0.0
0.0
0.0
0.0
1.1852440086256792e-5
3.93407312604544e-5
0.00012096850775407758
0.0001886742530054959
0.0001826685025785381
0.0003010486152991949
0.0002974191902652719
0.00041072906218238064
0.0004023204813642031
0.00033121458299685823
8.959536254204921e-5
5.502545173229941e-5
7.49374791404346e-6
0.0
0.0
0.0
0.0
0.0
0.0
0.0
0.0
0.0
0.0
1.692678070360841e-5
8.046332174695486e-5
0.0001420250301421147
0.00020052094695577195
0.0002613381840628467
0.00033701576705362783
0.0003887367852862875
0.0004557497938070551
0.0004466145256779015
0.003818557902584971
0.002116070122819045
0.0013172891553845968
0.0008520361481277469
0.000521974214804266
0.00030661356282132054
0.00020189041649881315
0.000202890122620681
0.00021214495967487957
0.00024555092396048183
0.0002738868494665773
0.00030706629545430066
0.00026810046343915176
0.00029779441076818844
0.0003604748590782307
0.0
0.0
0.0
0.0
0.0
0.0
0.0
0.0
0.0
0.0020899514944544657
0.0010962952880869425
0.0006162782529198876
0.0003911183924959425
0.00028832370002114326
0.00021194916999821832
0.0001691227565545998
0.00024066086717144383
0.0003611199115322917
0.0004317840118178901
0.00043775505303181246
0.0005181902768256504
0.0005722379904191236
0.000765637546132818
0.0008555393584102076
0.0
0.0
0.0
0.0
0.0
0.0
0.0
0.0
0.0
0.0024142368678338358
0.0015448681455086785
0.0010924341985865435
0.0009259131484109093
0.000758828296977794
0.0005280581347502977
0.00034727067095381394
0.00030428945207083304
0.0002741439840213849
0.0002646174611211126
0.0002736358746757575
0.0004763762099072159
0.0006304893948944924
0.0007743093464374912
0.0009368777676333337
0.0
0.0
0.0
0.0
0.0
0.0
0.0
1.8040130063357045e-6
9.542084585125885e-6
0.0022582205213894308
0.0016471792861428118
0.000983843658779505
0.0005252236304156107
0.00039997461433889496
0.0002417601669754366
0.0001973210351116225
0.00018805311549483858
0.00015653786096555058
0.00016839914860434
0.00020308471590726302
0.00037009019332246194
0.0006768666055920036
0.0010701298255916675
0.001135155970642992
0.0
0.0
0.0
0.0
2.5695670032484735e-6
7.277061721973379e-6
9.071864739549493e-6
1.57659712166508e-5
1.831914868709198e-5
3.21296381468835e-5
0.0
4.066989426186676e-6
0.0
0.0
0.0
0.0
0.0
0.0
0.0
0.0
0.0
0.0
0.0
0.0
0.0
0.0
0.0
0.0
0.0
0.0
0.0
0.0
0.0
1.0298055818379106e-5
3.7852337230525616e-6
0.0
0.0
0.0
0.0
0.0
0.0
0.0
0.0
0.0
0.0
0.0
0.0
0.0
0.0
0.0
1.4806206973750093e-5
