0.0009403360026813465
0.0007046059194667415
0.0006671857301441375
0.0007232331569148993
0.0007697473150843941
0.0005594629114312001
0.0007709361858368305
0.0005725474134237627
0.0006232160440581509
0.0006812689677699281
0.0008730007135263926
0.0006415672204293436
0.0007443181917333046
0.0005109796358163556
0.0005891871511131011
0.0005030103930772823
0.000789886981003305
0.000591681551031439
0.0006952172968151508
0.0005341581513362676
0.0006723830536217096
0.0006335736013417694
0.0009044273684661757
0.0006711912605721025
0.0007920145015889643
0.0007341186799522618
0.000880115745743374
0.00084144046415288
0.0009638204567735456
0.0008688982865532876
0.0033642541379614427
0.003081266562621726
0.0020281815069413873
0.0015479428243325357
0.001200255353721304
0.0009127369574986391
0.000763279984315535
0.0004569227860853258
0.0002958654607230945
0.00019123541519992576
0.0001441780544236731
0.00034593568959476336
0.0005893199069938795
0.000720792744108708
0.0008450929356295963
0.0009109106332931663
0.0
0.0
6.940228701505367e-6
5.405806988987352e-5
0.00012586417589887855
0.00014752912351820736
0.00020754505649776982
0.0001982865493050821
0.0018692424898336206
0.001649062507051906
0.0007886123448199064
0.00045541481711100626
0.00032604852522850295
0.00021447083691418468
0.00015413619157569555
3.2766473161123886e-5
0.0
0.0
0.0
2.515373367079107e-5
8.424478150197095e-5
0.00012124518241473269
0.00018371228917180384
0.0002611252236641198
0.0
0.0
0.0
0.0
0.0
0.0
0.0
0.0
0.0009481071773064871
0.0008986794469523329
0.0003079633911998326
0.00016865114364355012
0.00010131045653123659
6.147449978852846e-5
7.62051087404188e-5
1.716547365273864e-5
1.1198162069003346e-6
0.0
0.0
0.000160114950154421
0.0003354205153973729
0.0004077620692164562
0.000528289094839925
0.0006034629969463129
0.0
0.0
0.0
0.0
2.85760763516749e-6
2.9684286181319987e-5
9.782138982395046e-5
0.00012896094919907848
0.0017160678537791862
0.0016338349783391896
0.0008356426305572168
0.0004781923646352268
0.000226246117181128
0.00012202965719273204
9.250152797389805e-5
2.7462244004535633e-6
0.0
0.0
0.0
1.895031803605322e-5
9.876919008355992e-5
0.00015897187891592858
0.00022385880770282526
0.00027956502745503646
0.0
0.0
0.0
0.0
0.0
0.0
0.0
0.0
0.0009633028800301376
0.0008981508337700805
0.0003215755988661255
0.00018822038054708897
8.985594143720739e-5
3.828361261933501e-5
8.826518566867985e-5
2.1959536228864817e-5
1.2653161391683524e-6
0.0
0.0
0.0001458968946767421
0.0003106122349670859
0.00035375484909330165
0.00040849166083681905
0.00042168183934763705
0.0
0.0
0.0
0.0
0.0
0.0
0.0
0.0
0.0008498035378752299
0.0008128641329538328
0.0006476316595416424
0.0005796276177562769
0.0004901772733842504
0.0004556710533505719
0.0005051006435096327
0.0004558591739028535
0.0004209904515523119
0.000395702328374542
0.0004106293012621949
0.0005105464759901472
0.0
0.0
0.0
0.0
0.0
0.0
0.0
0.0
0.0
0.0
0.0
0.0
0.0
0.0
0.0
0.0
0.0
0.0
1.2701518230497208e-6
1.3463956260422724e-6
2.6387181228523643e-6
8.880235397567432e-6
1.8598426079124836e-5
3.398981611144755e-5
8.70111591745413e-5
0.00010879545704656366
0.00017753785038173044
0.00016994632242310384
0.00022192787213202642
0.00018879579910772718
0.00020985452859543222
0.00019604408701142615
0.00024203126476015328
0.0002544534560359612
0.00030827031377476336
0.00026634162876663947
0.0022323547306915426
0.0018814057502812807
0.0010559456318506018
0.0007335986558404038
0.0006509652700391139
0.0005289027827888235
0.00041622266141441353
0.000195979852347638
3.760997573947855e-5
0.0
0.0
0.00018379982492063634
0.000400114710193906
0.0005261964349536024
0.0007072450954856236
0.0008200012752978143
0.0
0.0
4.860151976253831e-6
7.879885534387261e-5
0.00019342254297628278
0.00025939818062488477
0.0003775260663443956
0.0004177486060638863
0.002065661673420172
0.0020832861862329468
0.0012969616684014463
0.0009646108049032418
0.0007331326152931391
0.000553814355559712
0.0004927570167964097
0.0003339916892368539
0.0002533133918589952
0.0001909431257065802
0.00016391380521684742
0.0004350422962122827
0.0007072566789128686
0.0008390413575072358
0.0009830357956629235
0.0010957647925683744
0.0
1.0687783165248894e-5
6.913273811547644e-5
0.000196461208148848
0.00022998888364942114
0.0004420855255035923
0.0004176394474001783
0.000635006802744327
0.002205749072096597
0.0022508445372486146
0.0013432655362484167
0.0009467823567665391
0.00066897768720365
0.000463373631151489
0.0004905369848851435
0.0003358310475972187
0.0002631181176997118
0.00022924646163676867
0.00021928362723571356
0.0005062905778629438
0.0007098478130757749
0.0009118977396026764
0.0011341856915159905
0.0012263456567847579
0.0
2.5900620501207283e-5
0.00014976575829012297
0.0002392465297400207
0.00031340546859499934
0.00037444846149551427
0.00042809200240094184
0.00045203167567199035
0.002254442479280948
0.002114209629581931
0.0013817428120288856
0.0011638066550430028
0.0010262833750229238
0.000848993771546451
0.000908706612155875
0.0008093594071016369
0.0006880044060008732
0.0005817406452556798
0.0006386142395817995
0.0009967851105060475
0.0011979402079105167
0.0012475681497660658
0.001295983261136488
0.0013134626807861274
0.0
3.872982338479773e-5
0.00021894553545689785
0.000330047876040046
0.00044399030296715994
0.000507694656733902
0.0006144709524838565
0.0006475456442298826
0.0024051174096073867
0.0023152779771093506
0.0015775208229960316
0.0014464704252225478
0.0013528306033452095
0.0011948870967011227
0.0012842478176777888
0.0011380332990536968
0.001056348694233173
0.0010200720671969781
0.0010337151164062485
0.0014769908642801493
0.0017474737530922282
0.0018376866711326697
0.0019325861817985842
0.002008795688596245
0.00019218828542340424
0.0005535855197362583
0.0006601764884105666
0.0008488081948117292
0.0009233164898590228
0.0009865707174033654
0.0009283300957416136
0.0010878799414701821
0.0031144557257145027
0.003152326847884477
0.002615337712295214
0.0022876672398555726
0.0020621105034413943
0.0018328598284197144
0.0017568014671331305
0.001597047035769739
0.0014139438679586296
0.0012730456655157582
0.0012284236100664496
0.0013892079864429973
2.6214336175416233e-5
0.00015829159203623207
0.0003505999745388518
0.0003808030106616844
0.0006094589474347691
0.0005713474423765196
0.0007902875858182099
0.0007002781317205285
0.0008228072198098097
0.0007412883702124396
0.0008414010869745323
0.0010387609265357935
0.0012498952523841008
0.0010997096296778022
0.0012140188918148987
0.000822881952349481
0.0007611617523334702
0.0004578169706616369
0.0005032922513000611
0.0002964875652425999
0.00028792946055553157
0.00015629215005947885
0.00019534877324953705
0.00016806393434551104
0.0002944494401219909
0.0002555675922532274
0.0003882359626476306
0.0003323960154284347
0.0005051367573822326
0.0003811499401057039
0.0005124585381330428
0.0005088208657190698
0.0006315538862498915
0.0005970015030115219
0.0007014421234804815
0.0007352600440858524
0.0008275525727806223
0.0006724603002681806
0.0008056469662290135
0.0006296395667543785
0.000690008014091388
0.00046295741399720794
0.0005252795571211896
0.00033163668222839195
0.0003500047673480319
0.00030025474220459625
0.00040012328596097496
0.0003994563443566097
0.000612067138234758
0.00046919436620029815
0.0005333304882654
0.00047010277380535786
0.0005606379181229546
0.0005064877109748152
0.0005543815831963162
0.0005041614154251943
0.000575178955551022
0.0005127328287591044
0.0005682826142631815
0.0005055576876830202
0.0027653735331263124
0.0023405083902393294
0.0015628367502075631
0.0013656547397459676
0.0011934796813561264
0.0010384671323476436
0.0010352861427000482
0.0008077963069291767
0.000742053478829531
0.0007181445446658536
0.0007084285699657882
0.0010125872679387937
0.0011523866156944143
0.0011850739647107375
0.0012346215848561238
0.0012495587123938616
0.0
2.8172553252769106e-5
0.00016516300455497968
0.00023331624247079053
0.0002926295658121702
0.00032663975760738214
0.0003822087402536166
0.00040231612720522834
0.0022178265103524387
0.0019582163321449227
0.001144139538323363
0.000908845344112195
0.0007419461245402067
0.0005231025996041529
0.00040324277433473045
0.00021954084801005587
0.0001006382245934152
3.50777121177919e-5
1.0781538779714932e-6
0.00011425675331265277
0.00029393408747288634
0.00039572701269502864
0.0005017153538052688
0.0006062224195072726
0.0
0.0
0.0
1.9052207090883784e-6
1.3085345115206365e-5
5.516305845227926e-5
0.00012447252379731388
0.00014319083441507422
0.001748207555215115
0.0016263522473046784
0.0008883846596363637
0.0006027682609256785
0.0004367512892994637
0.00028112668909456465
0.00018782773012309046
1.2514115501270792e-5
0.0
0.0
0.0
2.3086732551376607e-5
0.00012629164052709106
0.00021760816220940833
0.0002809188680909772
0.00029698868909818155
0.0
0.0
0.0
0.0
0.0
0.0
0.0
0.0
0.0008818413367246294
0.0008622593980941308
0.00028466879263528387
0.00011047105916363827
4.0809218636113834e-5
4.2273447961239375e-6
1.4855874563748108e-6
0.0
0.0
0.0
0.0
1.7658152756835412e-5
8.211716063140957e-5
0.00016439418876668457
0.00028512725028700703
0.0004427493896053225
0.0
0.0
0.0
0.0
8.05494115009884e-6
5.415173470249127e-5
0.0001471341996445678
0.0001955897875136415
0.001723728985512916
0.0017802297991511603
0.0012924198656232874
0.00094703588755314
0.0006397519166987247
0.0004357861838079623
0.0003983929807246024
0.0002779746603431638
0.00014788584746911807
8.451989988311798e-5
6.111668339069896e-5
8.816851122255943e-5
0.0
0.0
0.0
0.0
0.0
0.0
0.0
0.0
0.0
0.0
0.0
3.117356921593717e-5
6.582870543374776e-5
0.00011856920443091097
5.2675689319301996e-5
6.533612149277282e-6
0.0
0.0
0.0
0.0
0.0
0.0
0.0
0.0
0.0
0.0
0.0
0.0
0.0
0.0
0.0
0.0
0.0
0.0
0.0
0.0
0.0009132601014620515
0.0007699293945965611
0.00014852471471090098
3.166814725888966e-5
0.0
0.0
0.0
0.0
0.0
0.0
0.0
0.0
2.5227397532151914e-7
0.0
0.0
0.0
0.0
0.0
0.0
0.0
0.0
0.0
0.0
0.0
0.00023737680387851082
0.000247412129785366
4.537116686181667e-6
0.0
0.0
0.0
0.0
0.0
0.0
0.0
0.0
1.2832389220731456e-5
8.75787120996264e-6
0.0
0.0
0.0
0.0
0.0
0.0
0.0
0.0
0.0
0.0
0.0
0.0002700150064193971
0.0004058336805673265
6.112579104689403e-5
6.433324823707185e-6
0.0
0.0
4.0468338568959795e-6
0.0
0.0
0.0
0.0
9.007487685929885e-5
0.0003139791787204032
0.0004103356531889037
0.0005270873511245574
0.0006040951031276599
0.0
0.0
0.0
0.0
2.0363323924001067e-6
1.0105479235684017e-5
4.12458558850943e-5
7.367688077121489e-5
0.0017052663352559322
0.001606259111318799
0.0007372062367972361
0.0003700241018053038
0.00018067351271692074
8.100975305880945e-5
3.238290050518247e-5
0.0
0.0
0.0
0.0
4.2411943783531635e-6
1.925241548373488e-5
4.3651237820243376e-5
8.852510267234804e-5
0.00015128889276728687
0.0
0.0
0.0
0.0
0.0
0.0
0.0
0.0
0.001048925945676172
0.0010362123122401646
0.00043184323355353595
0.00027294363065170636
0.00011022745658235011
3.2117306662107604e-5
1.8041787687860764e-5
0.0
0.0
0.0
0.0
2.8056185273072116e-5
0.00011957842519100205
0.0002233567872031042
0.0003263114818646728
0.00042433922695397805
0.0
0.0
0.0
0.0
0.0
6.265900638503078e-6
2.2246467284596478e-5
6.109663370492626e-5
0.0016309293540046352
0.0016419084861136822
0.0012656757579894108
0.0010512150728429243
0.0008654785073123689
0.0007186479114621164
0.0007217685627682437
0.0006219006400554443
0.0005212084718961014
0.0004692829710043688
0.00048711290224014376
0.0006558699640346849
0.0
0.0
0.0
3.162674305283367e-5
0.00010460274601278091
0.0001642180706964016
0.0002612207512970645
0.000331218145639308
0.00042516584527034875
0.00046877736104570264
0.0005437870808254564
0.0005623208440089621
0.0006805785289451562
0.0006408536360354026
0.0006016483357663159
0.00044850378318702673
0.000274651039534541
0.0002731642991201844
0.00019352811619421554
0.00013819586358696567
4.4678052139634625e-5
3.961643912274788e-5
2.1208224599305203e-5
3.953805721482216e-5
4.507914729294573e-5
9.421876377939377e-5
0.00010911513216715756
0.00016968989942702027
0.00018456470472052897
0.00031570005899409496
0.0002840231155098604
0.000377586147709959
0.0003927765969503652
0.0005156584080819262
0.00045051855298936774
0.0005402866007295974
0.0024167636418520938
0.0022606725263929314
0.0013675390711068347
0.0008427191760317712
0.0004557614931266748
0.00026772311903432334
0.00022092899098258937
8.067879886888606e-5
1.8166223265329884e-5
0.0
0.0
4.3531523322497343e-5
0.0001378272251555546
0.00021884308714578338
0.00029661850544116794
0.0003458508500752566
0.0
0.0
0.0
0.0
0.0
0.0
0.0
0.0
0.0012484558092829352
0.0011074740282540935
0.0004558091633764244
0.00026622626166263735
0.00014845327073112385
0.00012999277350651296
0.00016582957816718905
7.580998039466612e-5
7.859081556709715e-5
9.399021894401336e-5
6.751763087566659e-5
0.00033562453830152675
0.0005125058467540607
0.000637603984820733
0.0008176636617222922
0.0008868458755039955
0.0
0.0
7.801547618341797e-6
0.00010484306673018201
0.0002616312493517082
0.0003860297369275802
0.000549475672389905
0.0006551121786765655
0.0023447369764175354
0.002458505579432851
0.0015757814127419566
0.0012457670043213443
0.0010388718698406188
0.0008599634225971274
0.0008119208307259564
0.000531963216813745
0.0003983579229143261
0.00031713461866618724
0.00026601432106258317
0.0005674416529664107
0.0009035344991453134
0.0010019655633713722
0.0011139093782718671
0.0012330379456794067
0.0
9.748914317160921e-5
0.00027495168338327456
0.0003744735007930699
0.0005057969027610381
0.0005740176470718246
0.00065486666469564
0.0007059192574629962
0.0024409065635520293
0.002395073709257122
0.0014730382292047503
0.0011055557401548584
0.000844459556985164
0.000612393402292928
0.0005273579367744639
0.000356820382726336
0.00030209805032230534
0.00021321855938607892
0.0001707927897445819
0.00042734668336743723
0.000610648184250379
0.0006933816491957154
0.0007878372742292276
0.0008435858209504968
0.0
0.0
0.0
1.6199088390191984e-5
4.69339240523729e-5
8.803235654166288e-5
0.00013327965809079625
0.00018581005857721666
0.0018383916770988767
0.0016984972642225956
0.0009709913902294926
0.0007742428475660913
0.0007964394005073019
0.0007868498027434321
0.0007675219376752153
0.000546846445928173
0.0005251519325547832
0.0005134114866022476
0.000518498623290772
0.000871680322328674
0.0011962754612405426
0.001287471170878587
0.0013959216606551277
0.001507498694889275
1.005724119556715e-5
0.00014330953998861347
0.00033657687925219975
0.00028088864559608015
0.000458816548617092
0.00038771122317204514
0.0005695708938937805
0.0005120594119827686
0.002436384457234179
0.0023001893763552835
0.00191210771565443
0.0017347178796022226
0.001618422801242151
0.0015184021734250804
0.0015544978331071212
0.001614377456621595
0.0016360886587951165
0.0016005312993335214
0.0015957060277433086
0.0016168744172083715
0.0
8.328858416112643e-5
0.00016751014149344668
0.00023150230898269917
0.0002614492532070479
0.00030292928844018196
0.0002981917773363142
0.0003278297134677361
0.00033779946218353695
0.0003108306791195384
0.0002387002557279856
0.0002293663846863143
0.00017716648658671068
0.00017530214841682748
0.00016494817742152823
8.030763189656726e-5
2.4427526239060647e-5
2.862751450230912e-6
3.3133726361593803e-7
0.0
0.0
0.0
0.0
0.0
0.0
0.0
0.0
0.0
0.0
4.72813584906288e-6
6.44725673356634e-6
1.8931224639879922e-5
5.925099976681792e-5
6.367108622932418e-5
0.0001430061526172319
0.00015239062633852306
0.0019287336815194769
0.0017384431916640007
0.0007637044996408259
0.00029686308708069717
0.00013842016222256488
4.9195970127169914e-5
1.5554551293248252e-5
0.0
0.0
0.0
0.0
1.1568976347990614e-6
1.8807798474406195e-6
0.0
2.1343481383332446e-5
5.170815408625704e-5
0.0
0.0
0.0
0.0
0.0
0.0
0.0
0.0
0.0007912450002137889
0.0008676620834555696
0.00034899101181685706
0.00024758581312535837
0.00018640107739337702
0.00013100747332990483
0.00016036679177343718
5.4405350918614064e-5
3.382400865056898e-5
1.4080542467382674e-5
8.459810042237256e-6
0.0002009231125286614
0.0003585949964621013
0.00039740150715504894
0.0004644484099236736
0.0005138412312430752
0.0
0.0
0.0
0.0
0.0
0.0
0.0
0.0
0.0013779492587851197
0.0011593562277081746
0.00047784537133524485
0.0002596426629329168
0.00016767693109450335
0.00024746451672917575
0.0005023559710108339
0.0004617246181028756
0.0004157753184694331
0.00047799942450983446
0.0005427511417772689
0.0009126434690437732
0.0011759163228221173
0.0012791747993651857
0.001393810598722069
0.001462946969465782
8.183608366859369e-6
0.00016749133105678978
0.0004299671761959708
0.00042507706353204876
0.0006721206308923369
0.000709107194994062
0.0007947595578887039
0.0006898611870614941
0.0028032954673480773
0.0027930025181082496
0.001857564952868486
0.0015109370730661473
0.0012801292941242589
0.001112390082402763
0.0010606338709843286
0.0007737437218700015
0.000622443311748653
0.0005072826569555302
0.0004648222557644783
0.0008809876277379091
0.0012142185640881661
0.0013645414906387912
0.0015137048882517279
0.0016392665964381178
8.229502137081795e-5
0.00040805698021878267
0.0006225777097032436
0.0007714563602762668
0.000875199984933032
0.0010215643415730253
0.0010757144686794895
0.0009206067130916512
0.002995889535551087
0.0029693886814414093
0.001982902298696347
0.0015755769359726808
0.0012768978591532123
0.001038236020768639
0.000929580700354364
0.0005905362590909912
0.00040327139244857084
0.0002738000076203579
0.00020175452884458326
0.0003785310230560771
0.0007074334149226216
0.0008344361705912333
0.0009639968661866573
0.001056063864490919
0.0
3.11147084748338e-5
0.00014015016267974992
0.000250922986696846
0.00035503899715444106
0.00043639789687818857
0.0005320005805337767
0.000653706667924338
0.002316460722567277
0.0023556311339783215
0.001819023705608352
0.0014406649291331122
0.0011573463016466522
0.0009294518235015829
0.0008405893947676634
0.0006567686834929408
0.0004706208288033179
0.00031707450426403204
0.00023701529221595397
0.0003124912139566553
0.0
0.0
0.0
0.0
0.0
2.432775211809603e-5
3.4584745373625356e-5
7.428491221262249e-5
9.118812534565361e-5
0.0001690489249163041
0.00023634787479597964
0.00028164618816850897
0.0003091352022110772
0.00029577830842044767
0.00031102538415278194
0.0002497128833934491
0.00020386803967597413
7.607989280761293e-5
1.6764555132114784e-5
0.0
0.0
0.0
0.0
0.0
0.0
0.0
0.0
0.0
0.0
0.0
5.337029891399957e-5
0.000195197338368958
0.00027489233303544796
0.0003527494367427214
0.00037754673527779864
0.00045571739637187967
0.0021876873605679885
0.002130109705255217
0.0014037721180007083
0.0011988021977739237
0.0010711658071501414
0.0009908700205124375
0.0010323520204250274
0.000872406211855269
0.000827849497462987
0.0007903424334337952
0.0007772060067879841
0.0011560647133670634
0.0014139426172243095
0.0015079128535756554
0.0015741586444939124
0.001616323213649068
3.308240687662315e-5
0.00032547520001265063
0.00041047495519272193
0.0006836599130470932
0.0006026757773153329
0.0010196519891959115
0.0008445607660249905
0.0008867216976075073
0.002985845218813406
0.0029203161791457287
0.001932991251431253
0.001529318973911053
0.0012521125593308582
0.0010089397027285261
0.0008891045546844834
0.0005428420365271042
0.00035999548077450636
0.00024041439964108256
0.00017773856714342818
0.00040770575934367525
0.0006596984515895219
0.0008335164879743586
0.0009927293560332785
0.0011215920899950759
0.0
2.7388356957717128e-5
0.00010154686272293375
0.00020012351767867434
0.0002809433623956311
0.00041002041226625264
0.0004089019105627198
0.00047453332065054156
0.0021823350686470313
0.0020675521076816174
0.0012227221198193071
0.0007908618560136178
0.0005217558434324911
0.00028599101703125817
0.00020464745222820545
6.826019900317761e-5
7.98046200995457e-6
0.0
0.0
0.00011034813732280025
0.0003029161463066312
0.0003780269800074341
0.00048573461962596277
0.000571327300919973
0.0
0.0
0.0
0.0
0.0
0.0
0.0
0.0
0.0014689588196454453
0.001298873154510347
0.0004912772801394907
0.00017311352288556768
5.9796294055445766e-5
3.319043848259381e-6
0.0
0.0
0.0
0.0
0.0
1.3324157825275235e-6
8.002763347869505e-7
0.0
1.7045486866960476e-6
2.536513005397074e-5
0.0
0.0
0.0
0.0
0.0
0.0
0.0
0.0
0.0005138391204487605
0.0005132065074107116
4.847209966845989e-5
0.0
0.0
0.0
0.0
0.0
0.0
0.0
0.0
0.0
8.129801701019965e-7
0.0
0.0
0.0
0.0
0.0
0.0
0.0
0.0
0.0
0.0
0.0
0.000581266950861804
0.0006216386973544006
0.00024838670591429904
8.786456065489231e-5
1.6154471590664863e-5
0.0
0.0
0.0
0.0
0.0
0.0
0.0
0.0
0.0
0.0
0.0
0.0
0.0
0.0
0.0
0.0
0.0
0.0
0.0
0.0
0.0
0.0
0.0
0.0
0.0
0.0
0.0
0.0
0.0
0.0
0.0
0.0
0.0
0.0
0.0
0.0
0.0
0.0
0.0
0.0
0.0
0.0
0.0
0.0
0.0
0.0
0.0
0.0
0.0
0.0
0.0
0.0
0.0
0.0
0.0
0.0
0.0
0.0
0.0
0.0
0.0
0.0
0.0
0.0
0.0
0.0
0.0
0.00015276433322609294
0.00013214939662443888
0.0
0.0
0.0
0.0
0.0
0.0
0.0
0.0
0.0
6.07185797118512e-6
5.0250411218756615e-6
0.0
0.0
0.0
0.0
0.0
0.0
0.0
0.0
0.0
0.0
0.0
2.3879387411199732e-5
2.4358159750939788e-5
0.0
0.0
0.0
0.0
0.0
0.0
0.0
0.0
0.0
0.0
1.7384008828761543e-6
0.0
0.0
0.0
0.0
0.0
0.0
0.0
0.0
0.0
0.0
0.0
0.0009390645165037071
0.001002172675529432
0.00029716018980590155
0.00012080805935047678
4.785619735885783e-5
3.6607957510680427e-6
0.0
0.0
0.0
0.0
0.0
5.995914658166169e-6
3.61464229327997e-5
8.636260425157102e-5
0.00015790541716113177
0.00025016469159963735
0.0
0.0
0.0
0.0
0.0
0.0
9.692295689715393e-6
6.079724604487635e-5
0.0015263804661947767
0.0014886139631504025
0.0006182385261066753
0.0002656190384647712
0.0001400747163501482
5.6205677543650154e-5
2.655691410166089e-5
0.0
0.0
0.0
0.0
2.8013754515903023e-6
1.0092469503480437e-5
4.662971225173718e-5
9.574932306424774e-5
0.0001471282370053847
0.0
0.0
0.0
0.0
0.0
0.0
0.0
0.0
0.0012113847648514925
0.0011167731303893742
0.0007308471647221142
0.00045800892767127393
0.00021342006301730847
9.31333360498926e-5
6.772907621508414e-5
2.994640708040902e-5
1.3276439007301418e-6
0.0
0.0
0.0
0.0
0.0
0.0
0.0
0.0
0.0
0.0
0.0
0.0
0.0
0.0
0.0
0.0
0.0
0.0
0.0
0.0
0.0
0.0
0.0
0.0
0.0
0.0
0.0
0.0
0.0
0.0
0.0
0.0
0.0
0.0
0.0
0.0
0.0
0.0
0.0
0.0008278170391225158
0.0005824878997013242
3.498390473786908e-5
0.0
0.0
0.0
0.0
0.0
0.0
0.0
0.0
0.0
5.505532211361831e-7
0.0
0.0
0.0
0.0
0.0
0.0
0.0
0.0
0.0
0.0
0.0
0.0006222308902333817
0.000585901506864372
4.969346077803769e-5
1.5912581894573474e-6
0.0
0.0
0.0
0.0
0.0
0.0
0.0
3.691118590732213e-6
4.8862408973234865e-6
0.0
0.0
6.127854402096477e-6
0.0
0.0
0.0
0.0
0.0
0.0
0.0
0.0
0.0006357216904207241
0.0005989384678711646
6.245397198469386e-5
1.4411087560091597e-6
0.0
0.0
0.0
0.0
0.0
0.0
0.0
4.282510203766124e-6
5.195176052550961e-6
1.104061039695682e-6
2.9435389852055435e-5
5.492882824119161e-5
0.0
0.0
0.0
0.0
0.0
0.0
0.0
0.0
0.0008235892997009782
0.0008211234136870976
0.00018608588631385215
6.8655572906147e-5
1.6217270386620592e-5
0.0
0.0
0.0
0.0
0.0
0.0
1.1156433150943824e-6
1.2716189623442687e-6
0.0
1.3313368914757009e-5
4.359339930667231e-5
0.0
0.0
0.0
0.0
0.0
0.0
0.0
0.0
0.0008996883183892681
0.0008774335693854411
0.00015975916111688284
2.8755989905070768e-5
0.0
0.0
0.0
0.0
0.0
0.0
0.0
0.0
3.4369939126394987e-7
0.0
0.0
0.0
0.0
0.0
0.0
0.0
0.0
0.0
0.0
0.0
0.000690565222106661
0.0008458744884873526
0.0005100807724604621
0.0002614871073763467
0.0001267729536467983
6.487792236900876e-5
5.619701146917324e-5
2.2789405798170523e-5
0.0
0.0
0.0
0.0
0.0
0.0
0.0
0.0
0.0
0.0
0.0
0.0
0.0
0.0
0.0
0.0
0.0
0.0
0.0
0.0
0.0
0.0
0.0
0.0
0.0
0.0
0.0
0.0
0.0
0.0
0.0
0.0
0.0
0.0
0.0
0.0
0.0
0.0
0.0
4.813157659604594e-6
0.0014230987234657216
0.0012232782214413418
0.00041468005257596084
0.00016578524935805262
6.43865990955037e-5
8.591391931145744e-6
0.0
0.0
0.0
0.0
0.0
8.283402289824013e-7
8.322747819560427e-7
0.0
0.0
1.5398888897408687e-5
0.0
0.0
0.0
0.0
0.0
0.0
0.0
0.0
0.0006089880074944405
0.0006457323218078765
8.077750242690234e-5
9.20879225728258e-6
0.0
0.0
0.0
0.0
0.0
0.0
0.0
2.4674746149760866e-6
2.004904473422678e-6
0.0
2.6925118467732683e-6
0.0
0.0
0.0
0.0
0.0
0.0
0.0
0.0
0.0
0.00046441397360042066
0.00044184536588946316
2.8520746246645663e-5
0.0
0.0
0.0
2.1045409530819455e-6
0.0
0.0
0.0
0.0
1.1575824146108829e-5
1.8543198768891824e-5
4.842337892161128e-5
9.976060999636719e-5
0.00012064185565004784
0.0
0.0
0.0
0.0
0.0
0.0
0.0
0.0
0.0006781812803306417
0.0005736199015850162
5.3069632649162546e-5
0.0
0.0
0.0
0.0
0.0
0.0
0.0
0.0
7.404023416832776e-6
7.618363382503963e-6
0.0
0.0
1.3965497352636784e-5
0.0
0.0
0.0
0.0
0.0
0.0
0.0
0.0
0.0007944786422065378
0.0008967428381783697
0.00033354818496644984
0.00011813361880981219
3.669694835508517e-5
4.7659545051342575e-6
1.0245480659623822e-6
0.0
0.0
0.0
0.0
1.547207226482426e-5
6.50433063850363e-5
0.00019314158725110674
0.00030366342868925935
0.0003343910085070703
0.0
0.0
0.0
0.0
0.0
0.0
0.0
7.5768881477758395e-6
0.0014643708567667047
0.0014476552264877103
0.0011967931031702456
0.0010854720433218735
0.0010004687898106368
0.0008944384310336568
0.0009213873788393178
0.0008937025449448282
0.0008383703444200977
0.0007886465667378964
0.0007857127508828062
0.0008917505752643411
0.0
0.0
1.4876829760326743e-6
1.658493824952949e-5
6.910813137554978e-5
0.00018664939281076086
0.00029425427479368464
0.0003507357170162074
0.0004112940183288125
0.00042805224031304263
0.00046400962101699714
0.00047034248221502995
0.000512963293574767
0.000488598818956929
0.00046217259295581775
0.0003659491646023137
0.0002776059613372772
0.00020215991032937423
0.00013646562236176106
4.6932346677067e-5
9.084365945579679e-6
0.0
0.0
0.0
0.0
0.0
4.563001884558881e-6
2.5830919833549578e-5
4.327252302881796e-5
7.443622858274344e-5
0.00012121925155047345
0.00019506767382627328
0.0002538248528419435
0.0003101018757212121
0.0003352468353832119
0.0021369217595550035
0.0019665456854846544
0.0011078299571760995
0.0007018883094795866
0.00038615446912929817
0.00018678010221880346
0.00013439782098080043
2.9189105675099494e-5
0.0
0.0
0.0
2.202091152908084e-6
6.081488279563999e-7
1.7151889059450272e-5
5.1879800177152724e-5
8.718022218089463e-5
0.0
0.0
0.0
0.0
0.0
0.0
0.0
0.0
0.0010363979461791863
0.0010498297869147497
0.00039204777337532854
0.00019716354030183274
7.37931005740379e-5
1.6574815425433526e-5
4.021842943535184e-6
0.0
0.0
0.0
0.0
1.0527224351856004e-6
0.0
0.0
0.0
0.0
0.0
0.0
0.0
0.0
0.0
0.0
0.0
0.0
0.0004879995464915549
0.0006056974053180152
9.394812591393458e-5
1.3175119501094314e-5
0.0
0.0
0.0
0.0
0.0
0.0
0.0
0.0
0.0
0.0
0.0
0.0
0.0
0.0
0.0
0.0
0.0
0.0
0.0
0.0
2.9177192391898466e-5
7.16813888400448e-5
0.0
0.0
0.0
0.0
0.0
0.0
0.0
0.0
0.0
0.0
0.0
0.0
0.0
0.0
0.0
0.0
0.0
0.0
0.0
0.0
0.0
0.0
5.969640953905159e-5
0.00026202618783683365
2.674568766984742e-6
0.0
0.0
0.0
0.0
0.0
0.0
0.0
0.0
0.0
5.043716456610319e-7
0.0
0.0
0.0
0.0
0.0
0.0
0.0
0.0
0.0
0.0
0.0
0.00024348720198945424
0.00035501706196617146
0.0003199254991575399
0.0004170095402585383
0.00047031784246068383
0.0005033515779236238
0.0006340407944004676
0.0006770069753893078
0.000718475275093842
0.000735165854545732
0.0007143409052841291
0.0007198054688469639
0.0
0.0
0.0
0.0
0.0
0.0
0.0
0.0
0.0
0.0
1.752448338990761e-6
7.452554396177406e-6
1.0540954853801356e-5
2.95467075124607e-5
2.8584948539008416e-5
1.0635742888364257e-5
4.678962979827877e-6
0.0
0.0
0.0
0.0
0.0
0.0
0.0
0.0
0.0
0.0
0.0
0.0
0.0
0.0
0.0
0.0
0.0
0.0
0.0
0.0014115892114927948
0.0011925500682502014
0.00044647553379011107
0.0001847424794095935
2.4937213112690874e-5
0.0
0.0
0.0
0.0
0.0
0.0
0.0
0.0
0.0
0.0
0.0
0.0
0.0
0.0
0.0
0.0
0.0
0.0
0.0
0.00030071220099829555
0.00041435807019310695
1.8309083833336964e-5
0.0
0.0
0.0
0.0
0.0
0.0
0.0
0.0
0.0
0.0
0.0
0.0
0.0
0.0
0.0
0.0
0.0
0.0
0.0
0.0
0.0
0.00012340731275466499
0.00029640013046600805
5.000937753179694e-6
0.0
0.0
0.0
0.0
0.0
0.0
0.0
0.0
0.0
0.0
0.0
0.0
0.0
0.0
0.0
0.0
0.0
0.0
0.0
0.0
0.0
4.0829399182265156e-5
0.00017022661934542837
2.4109765156596908e-6
0.0
0.0
0.0
0.0
0.0
0.0
0.0
0.0
0.0
0.0
0.0
0.0
0.0
0.0
0.0
0.0
0.0
0.0
0.0
0.0
0.0
1.7692637668267452e-5
8.661897609636803e-5
3.1611751402281487e-6
0.0
0.0
0.0
4.474866027146989e-6
0.0
0.0
0.0
0.0
9.333102306789395e-6
1.8242698777885923e-5
0.0
1.1165488081625445e-5
2.5889055255173855e-5
0.0
0.0
0.0
0.0
0.0
0.0
0.0
0.0
0.0004592493641088918
0.0004366154714365969
0.00027030714789107413
0.00017508883444796415
9.667564379665849e-5
2.447409980699949e-5
1.0911417024803425e-5
0.0
0.0
0.0
0.0
0.0
0.0
0.0
0.0
0.0
0.0
0.0
0.0
0.0
0.0
0.0
0.0
0.0
0.0
0.0
0.0
0.0
0.0
0.0
0.0
0.0
0.0
0.0
0.0
0.0
0.0
0.0
0.0
0.0
0.0
0.0
0.0
0.0
0.0
0.0
0.0
0.0
1.9235925960767278e-5
4.94908631256625e-5
0.0
0.0
0.0
0.0
0.0
0.0
0.0
0.0
0.0
0.0
3.8689114676599485e-6
0.0
0.0
0.0
0.0
0.0
0.0
0.0
0.0
0.0
0.0
0.0
4.0279593159478923e-5
4.4448454656450914e-5
0.0
0.0
0.0
0.0
0.0
0.0
0.0
0.0
0.0
0.0
0.0
0.0
0.0
0.0
0.0
0.0
0.0
0.0
0.0
0.0
0.0
0.0
0.0
4.853112286533995e-5
2.0623663348164203e-6
0.0
0.0
0.0
0.0
0.0
0.0
0.0
0.0
0.0
0.0
0.0
0.0
0.0
0.0
0.0
0.0
0.0
0.0
0.0
0.0
0.0
9.349917096065755e-6
4.519857590222653e-5
0.0
0.0
0.0
0.0
0.0
0.0
0.0
0.0
0.0
0.0
9.20062263852432e-6
1.0779752340431395e-5
6.281775696385851e-6
5.485223880117311e-6
0.0
0.0
0.0
0.0
0.0
0.0
0.0
0.0
0.0011928330038206245
0.001285806213572626
0.0006936869567469291
0.0005513776840920988
0.0004612556215566821
0.00038727417167968046
0.0004106899910331784
0.00024498466577106145
0.00020461350710807493
0.00017368292652495356
0.00013790468534257227
0.00032699075875589653
0.0005029794781442924
0.0006046314728138517
0.0007480141515593959
0.0008414042713472156
0.0
0.0
0.0
3.2010563771451452e-6
6.873971116302156e-5
0.0001277388192903194
0.00011282040667136113
0.00018310425156652208
0.0018080116708277623
0.0017343205764509878
0.0013659710267534483
0.0011510332555302466
0.0009849522006764324
0.000828786252680935
0.0007871500284243005
0.0005761756615402213
0.00030171746612540684
0.00018514447036450019
0.00012458627115491836
0.0001125936571419307
0.0
0.0
0.0
0.0
0.0
0.0
0.0
0.0
0.0
0.0
6.238217107669321e-6
5.342897786515982e-5
0.00016776111393969058
0.000257112694356603
0.00019569266357101565
3.564510762019177e-5
2.242223620910144e-7
0.0
0.0
0.0
0.0
0.0
0.0
0.0
0.0
0.0
0.0
0.0
0.0
0.0
0.0
0.0
0.0
0.0
0.0
0.0
0.0014916286268621794
0.0012237643582138464
0.0004674134744035018
0.00014664839079903713
1.5330350623338093e-5
0.0
0.0
0.0
0.0
0.0
0.0
0.0
0.0
0.0
0.0
0.0
0.0
0.0
0.0
0.0
0.0
0.0
0.0
0.0
4.882546934104832e-5
0.00011713858930569386
3.1227078694353527e-6
0.0
0.0
0.0
0.0
0.0
0.0
0.0
0.0
0.0
4.014734140822096e-6
2.9367858025555874e-7
1.2531672343392518e-6
0.0
0.0
0.0
0.0
0.0
0.0
0.0
0.0
0.0
0.0008106997038435965
0.000824022170623301
0.0002053705242434905
4.704363799688775e-5
0.0
0.0
0.0
0.0
0.0
0.0
0.0
0.0
0.0
0.0
0.0
0.0
0.0
0.0
0.0
0.0
0.0
0.0
0.0
0.0
0.00011585590895611374
0.000244943536988188
2.7476578559496384e-6
0.0
0.0
0.0
0.0
0.0
0.0
0.0
0.0
0.0
0.0
0.0
0.0
0.0
0.0
0.0
0.0
0.0
0.0
0.0
0.0
0.0
4.855130097254827e-6
4.4508876720180735e-5
3.334381848674033e-6
0.0
0.0
0.0
0.0
0.0
0.0
0.0
0.0
0.0
0.0
0.0
0.0
0.0
0.0
0.0
0.0
0.0
0.0
0.0
0.0
0.0
6.349995171781105e-6
9.400063338587341e-5
5.602296590179945e-5
7.693206876344561e-5
5.8703235361053526e-5
2.9375947999521514e-5
6.306694736313348e-5
4.2215991718726876e-5
1.5165404488486994e-5
2.1715401082198107e-6
0.0
8.811739727396791e-6
0.0
0.0
0.0
0.0
0.0
0.0
0.0
0.0
0.0
0.0
0.0
0.0
0.0
6.7266193522540514e-6
3.743089136018961e-6
0.0
0.0
0.0
0.0
0.0
0.0
0.0
0.0
0.0
0.0
0.0
0.0
0.0
0.0
0.0
0.0
0.0
0.0
0.0
0.0
0.0
0.0014027949024919943
0.0012726897040006048
0.0004856103310901505
0.00019330394225512077
3.980907863732805e-5
0.0
0.0
0.0
0.0
0.0
0.0
0.0
0.0
0.0
0.0
0.0
0.0
0.0
0.0
0.0
0.0
0.0
0.0
0.0
0.00016543231599019654
0.00015784109520535603
2.6499538056029025e-6
0.0
0.0
0.0
0.0
0.0
0.0
0.0
0.0
0.0
0.0
0.0
0.0
0.0
0.0
0.0
0.0
0.0
0.0
0.0
0.0
0.0
0.0
3.065558288530891e-5
0.0
0.0
0.0
0.0
0.0
0.0
0.0
0.0
0.0
0.0
0.0
0.0
0.0
0.0
0.0
0.0
0.0
0.0
0.0
0.0
0.0
0.0
0.0
1.9583826394560847e-5
0.0
0.0
0.0
0.0
0.0
0.0
0.0
0.0
0.0
0.0
0.0
0.0
0.0
0.0
0.0
0.0
0.0
0.0
0.0
0.0
0.0
0.0
0.0
1.6962370959565384e-5
0.0
0.0
0.0
0.0
0.0
0.0
0.0
0.0
0.0
0.0
0.0
0.0
0.0
0.0
0.0
0.0
0.0
0.0
0.0
0.0
0.0
0.0
3.7909145579745412e-6
1.3538319107329812e-5
0.0
0.0
0.0
0.0
0.0
0.0
0.0
0.0
0.0
0.0
0.0
0.0
0.0
0.0
0.0
0.0
0.0
0.0
0.0
0.0
0.0
0.0
0.0
0.0
0.0
0.0
0.0
0.0
0.0
0.0
0.0
0.0
0.0
0.0
0.0
0.0
0.0
0.0
0.0
0.0
0.0
0.0
0.0
0.0
0.0
0.0
6.474340153603492e-6
5.3990583006441975e-5
2.3241650198230166e-6
0.0
0.0
0.0
0.0
0.0
0.0
0.0
0.0
0.0
0.0
0.0
0.0
0.0
0.0
0.0
0.0
0.0
0.0
0.0
0.0
0.0
6.411937204750021e-6
6.99164357131994e-5
2.390418166149949e-6
0.0
0.0
0.0
0.0
0.0
0.0
0.0
0.0
0.0
0.0
0.0
0.0
0.0
0.0
0.0
0.0
0.0
0.0
0.0
0.0
0.0
5.13491362872728e-6
6.402673524936135e-5
1.3911926111314514e-6
0.0
0.0
0.0
0.0
0.0
0.0
0.0
0.0
0.0
0.0
0.0
0.0
0.0
0.0
0.0
0.0
0.0
0.0
0.0
0.0
0.0
0.0
4.0441223398319084e-5
5.418433122017027e-7
0.0
0.0
0.0
0.0
0.0
0.0
0.0
0.0
0.0
0.0
0.0
0.0
0.0
0.0
0.0
0.0
0.0
0.0
0.0
0.0
0.0
0.0
2.236936019070152e-5
0.0
0.0
0.0
0.0
0.0
0.0
0.0
0.0
0.0
0.0
0.0
0.0
0.0
0.0
0.0
0.0
0.0
0.0
0.0
0.0
0.0
0.0
3.321504923569035e-5
0.00011494239713112186
2.613714868439936e-5
1.05567976444681e-5
0.0
0.0
0.0
0.0
0.0
0.0
0.0
0.0
0.0
0.0
0.0
0.0
0.0
0.0
0.0
0.0
0.0
0.0
0.0
0.0
0.0
0.0
0.0
0.0
0.0
0.0
0.0
0.0
0.0
0.0
0.0
0.0
0.0
0.0
0.0
0.0
0.0
0.0
0.0
0.0
0.0
0.0
0.0
0.0
1.703929679855887e-5
5.332299654554479e-5
2.366881649936805e-6
0.0
0.0
0.0
0.0
0.0
0.0
0.0
0.0
0.0
0.0
0.0
0.0
0.0
0.0
0.0
0.0
0.0
0.0
0.0
0.0
0.0
3.89946441272827e-5
0.00015990565050837523
1.8892998890961789e-6
0.0
0.0
0.0
0.0
0.0
0.0
0.0
0.0
0.0
0.0
0.0
0.0
0.0
0.0
0.0
0.0
0.0
0.0
0.0
0.0
0.0
0.00023667305152901103
0.00034892121237200743
1.2794693030640293e-5
0.0
0.0
0.0
0.0
0.0
0.0
0.0
0.0
0.0
0.0
0.0
0.0
0.0
0.0
0.0
0.0
0.0
0.0
0.0
0.0
0.0
0.00014931193292285955
0.000216462884525691
2.6155576894342096e-6
0.0
0.0
0.0
0.0
0.0
0.0
0.0
0.0
0.0
0.0
0.0
0.0
0.0
0.0
0.0
0.0
0.0
0.0
0.0
0.0
0.0
3.335808581556283e-5
9.231847257411616e-5
2.543727471990259e-6
0.0
0.0
0.0
0.0
0.0
0.0
0.0
0.0
0.0
0.0
0.0
0.0
0.0
0.0
0.0
0.0
0.0
0.0
0.0
0.0
0.0
5.248609351691002e-6
6.0027115466748725e-5
0.0
0.0
0.0
0.0
0.0
0.0
0.0
0.0
0.0
0.0
0.0
0.0
0.0
0.0
0.0
0.0
0.0
0.0
0.0
0.0
0.0
0.0
0.0
0.0
0.0
0.0
0.0
0.0
0.0
0.0
0.0
0.0
0.0
0.0
0.0
0.0
0.0
0.0
0.0
0.0
0.0
0.0
0.0
0.0
0.0
0.0
4.738886687680709e-6
4.721731909748693e-5
1.0362143906630538e-6
0.0
0.0
0.0
0.0
0.0
0.0
0.0
0.0
0.0
0.0
0.0
0.0
0.0
0.0
0.0
0.0
0.0
0.0
0.0
0.0
0.0
3.687403827764122e-6
3.0274663533296354e-5
0.0
0.0
0.0
0.0
0.0
0.0
0.0
0.0
0.0
0.0
0.0
0.0
0.0
0.0
0.0
0.0
0.0
0.0
0.0
0.0
0.0
0.0
0.0
3.411056813555023e-5
0.0
0.0
0.0
0.0
0.0
0.0
0.0
0.0
0.0
0.0
0.0
0.0
0.0
0.0
0.0
0.0
0.0
0.0
0.0
0.0
0.0
0.0
4.153409110130139e-6
5.9641913596876353e-5
0.0
0.0
0.0
0.0
0.0
0.0
0.0
0.0
0.0
0.0
0.0
0.0
0.0
0.0
0.0
0.0
0.0
0.0
0.0
0.0
0.0
0.0
6.590268325359069e-6
5.780483054861823e-5
1.2303051947340429e-6
0.0
0.0
0.0
0.0
0.0
0.0
0.0
0.0
0.0
0.0
0.0
0.0
0.0
0.0
0.0
0.0
0.0
0.0
0.0
0.0
0.0
2.9678646502535893e-6
2.5557587290819206e-5
0.0
0.0
0.0
0.0
0.0
0.0
0.0
0.0
0.0
0.0
0.0
0.0
0.0
0.0
0.0
0.0
0.0
0.0
0.0
0.0
0.0
0.0
0.0
0.0
0.0
0.0
0.0
0.0
0.0
0.0
0.0
0.0
0.0
0.0
0.0
0.0
0.0
0.0
0.0
0.0
0.0
0.0
0.0
0.0
0.0
0.0
0.0
4.340003955004893e-6
0.0
0.0
0.0
0.0
0.0
0.0
0.0
0.0
0.0
0.0
0.0
0.0
0.0
0.0
0.0
0.0
0.0
0.0
0.0
0.0
0.0
0.0
2.878942331278549e-5
6.7793039291482e-5
0.0
0.0
0.0
0.0
0.0
0.0
0.0
0.0
0.0
1.310350646930822e-5
1.1015483805196355e-5
0.0
0.0
0.0
0.0
0.0
0.0
0.0
0.0
0.0
0.0
0.0
1.4814437702462424e-5
4.0726011057719874e-5
2.642595514540392e-6
0.0
0.0
0.0
0.0
0.0
0.0
0.0
0.0
0.0
0.0
0.0
0.0
0.0
0.0
0.0
0.0
0.0
0.0
0.0
0.0
0.0
3.807421911832772e-6
3.1517842584501645e-5
0.0
0.0
0.0
0.0
0.0
0.0
0.0
0.0
0.0
0.0
0.0
0.0
0.0
0.0
0.0
0.0
0.0
0.0
0.0
0.0
0.0
0.0
0.0
0.0
0.0
0.0
0.0
0.0
0.0
0.0
0.0
0.0
0.0
0.0
0.0
0.0
0.0
0.0
0.0
0.0
0.0
0.0
0.0
0.0
0.0
0.0
0.0
0.0
0.0
0.0
0.0
0.0
0.0
0.0
0.0
0.0
0.0
0.0
0.0
0.0
0.0
0.0
0.0
0.0
0.0
0.0
0.0
0.0
0.0
0.0
0.0
0.0
0.0
0.0
0.0
0.0
0.0
0.0
0.0
0.0
0.0
0.0
0.0
0.0
0.0
0.0
0.0
0.0
0.0
0.0
0.0
0.0
0.0
0.0
0.0
0.0
0.0
0.0
0.0
0.0
0.0
0.0
0.0
0.0
0.0
0.0
0.0
0.0
0.0
0.0
0.0
0.0
0.0
0.0
0.0
0.0
0.0
0.0
0.0
0.0
0.0
0.0
0.0
0.0
0.0
0.0
0.0
0.0
0.0
0.0
0.0
0.0
0.0
0.0
0.0
0.0
0.0
0.0
0.0
0.0
0.0
0.0
0.0
1.744106913548294e-6
0.0
0.0
0.0
0.0
0.0
0.0
0.0
0.0
0.0
0.0
0.0
0.0
0.0
0.0
0.0
0.0
0.0
0.0
0.0
0.0
0.0
0.0
5.055913189333575e-6
4.630819439883782e-5
0.0
0.0
0.0
0.0
0.0
0.0
0.0
0.0
0.0
0.0
0.0
0.0
0.0
0.0
0.0
0.0
0.0
0.0
0.0
0.0
0.0
0.0
4.044666882637851e-6
4.995632850364873e-5
1.0964946815180622e-6
0.0
0.0
0.0
0.0
0.0
0.0
0.0
0.0
0.0
0.0
0.0
0.0
0.0
0.0
0.0
0.0
0.0
0.0
0.0
0.0
0.0
2.0717215936145168e-6
1.3555915247475103e-5
0.0
0.0
0.0
0.0
0.0
0.0
0.0
0.0
0.0
0.0
0.0
0.0
0.0
0.0
0.0
0.0
0.0
0.0
0.0
0.0
0.0
0.0
0.0
0.0
0.0
0.0
0.0
0.0
0.0
0.0
0.0
0.0
0.0
0.0
0.0
0.0
0.0
0.0
0.0
0.0
0.0
0.0
0.0
0.0
0.0
0.0
0.0
0.0
0.0
0.0
0.0
0.0
0.0
0.0
0.0
0.0
0.0
0.0
0.0
0.0
0.0
0.0
0.0
0.0
0.0
0.0
0.0
0.0
0.0
0.0
0.0
0.0
0.0
0.0
0.0
0.0
0.0
0.0
0.0
0.0
0.0
0.0
0.0
0.0
0.0
0.0
0.0
0.0
0.0
0.0
0.0
0.0
0.0
0.0
4.1748409205174326e-6
3.5375543865234396e-5
5.179682039603593e-7
0.0
0.0
0.0
0.0
0.0
0.0
0.0
0.0
0.0
0.0
0.0
0.0
0.0
0.0
0.0
0.0
0.0
0.0
0.0
0.0
0.0
3.74963505729189e-6
3.509867015463053e-5
5.298491024326478e-7
0.0
0.0
0.0
0.0
0.0
0.0
0.0
0.0
0.0
0.0
0.0
0.0
0.0
0.0
0.0
0.0
0.0
0.0
0.0
0.0
0.0
0.0
3.504983812546402e-6
0.0
0.0
0.0
0.0
0.0
0.0
0.0
0.0
0.0
0.0
0.0
0.0
0.0
0.0
0.0
0.0
0.0
0.0
0.0
0.0
0.0
0.0
0.0
0.0
0.0
0.0
0.0
0.0
0.0
0.0
0.0
0.0
0.0
0.0
0.0
0.0
0.0
0.0
0.0
0.0
0.0
0.0
0.0
0.0
0.0
0.0
0.0
0.0
0.0
0.0
0.0
0.0
0.0
0.0
0.0
0.0
0.0
0.0
0.0
0.0
0.0
0.0
0.0
0.0
0.0
0.0
0.0
0.0
0.0
0.0
0.0
0.0
0.0
0.0
0.0
0.0
0.0
0.0
0.0
0.0
0.0
0.0
0.0
0.0
0.0
0.0
0.0
0.0
0.0
0.0
0.0
0.0
0.0
0.0
0.0
0.0
0.0
0.0
0.0
0.0
0.0
0.0
0.0
0.0
0.0
0.0
0.0
0.0
0.0
0.0
0.0
0.0
0.0
0.0
0.0
0.0
0.0
0.0
0.0
0.0
0.0
0.0
0.0
0.0
0.0
0.0
0.0
0.0
0.0
0.0
0.0
0.0
0.0
0.0
0.0
0.0
0.0
0.0
0.0
0.0
0.0
0.0
0.0
0.0
0.0
0.0
0.0
0.0
0.0
0.0
0.0
0.0
0.0
0.0
0.0
0.0
0.0
0.0
0.0
0.0
0.0
0.0
0.0
0.0
0.0
0.0
0.0
0.0
0.0
0.0
0.0
0.0
0.0
0.0
0.0
0.0
0.0
0.0
0.0
0.0
0.0
0.0
0.0
0.0
0.0
0.0
0.0
0.0
0.0
0.0
0.0
0.0
0.0
0.0
0.0
0.0
0.0
0.0
0.0
0.0
0.0
0.0
0.0
0.0
0.0
0.0
0.0
0.0
0.0
0.0
0.0
0.0
0.0
0.0
0.0
0.0
0.0
0.0
0.0
0.0
0.0
0.0
0.0
0.0
0.0
0.0
0.0
0.0
0.0
0.0
0.0
0.0
0.0
0.0
0.0
0.0
0.0
0.0
0.0
0.0
0.0
0.0
0.0
0.0
0.0
0.0
0.0
0.0
0.0
0.0
0.0
0.0
0.0
0.0
0.0
0.0
0.0
0.0
0.0
0.0
0.0
0.0
0.0
0.0
0.0
0.0
0.0
0.0
0.0
0.0
0.0
0.0
0.0
0.0
0.0
0.0
0.0
0.0
0.0
0.0
0.0
0.0
0.0
0.0
0.0
0.0
0.0
0.0
0.0
0.0
0.0
0.0
0.0
0.0
0.0
0.0
0.0
0.0
0.0
0.0
0.0
0.0
0.0
0.0
0.0
0.0
0.0
0.0
0.0
0.0
0.0
0.0
0.0
0.0
0.0
0.0
0.0
0.0
0.0
0.0
0.0
0.0
0.0
0.0
0.0
0.0
0.0
0.0
0.0
0.0
0.0
0.0
0.0
0.0
0.0
0.0
0.0
0.0
0.0
0.0
0.0
0.0
0.0
0.0
0.0
0.0
0.0
0.0
0.0
0.0
0.0
0.0
0.0
0.0
0.0
0.0
0.0
0.0
0.0
0.0
0.0
0.0
0.0
0.0
0.0
0.0
0.0
0.0
0.0
0.0
0.0
0.0
0.0
0.0
0.0
0.0
0.0
0.0
0.0
0.0
0.0
0.0
0.0
0.0
0.0
0.0
0.0
0.0
0.0
0.0
0.0
0.0
0.0
0.0
0.0
0.0
0.0
0.0
0.0
0.0
0.0
0.0
0.0
0.0
0.0
0.0
0.0
0.0
0.0
0.0
0.0
0.0
0.0
0.0
0.0
0.0
0.0
0.0
0.0
0.0
0.0
0.0
0.0
0.0
0.0
0.0
0.0
0.0
0.0
0.0
0.0
0.0
0.0
0.0
0.0
0.0
0.0
0.0
0.0
0.0
0.0
0.0
0.0
0.0
0.0
0.0
0.0
0.0
0.0
0.0
0.0
0.0
0.0
0.0
0.0
0.0
0.0
0.0
0.0
0.0
0.0
0.0
0.0
0.0
0.0
0.0
0.0
0.0
0.0
0.0
0.0
0.0
0.0
0.0
0.0
0.0
0.0
0.0
0.0
0.0
0.0
0.0
0.0
0.0
0.0
0.0
0.0
0.0
0.0
0.0
0.0
0.0
0.0
0.0
0.0
0.0
0.0
0.0
0.0
0.0
0.0
0.0
0.0
0.0
0.0
0.0
0.0
0.0
0.0
0.0
0.0
0.0
0.0
0.0
0.0
0.0
0.0
0.0
0.0
0.0
0.0
0.0
0.0
0.0
0.0
0.0
0.0
0.0
0.0
0.0
0.0
0.0
0.0
0.0
0.0
0.0
0.0
0.0
0.0
0.0
0.0
0.0
0.0
0.0
0.0
0.0
0.0
0.0
0.0
0.0
0.0
0.0
0.0
0.0
0.0
0.0
0.0
0.0
0.0
0.0
0.0
0.0
0.0
0.0
0.0
0.0
0.0
0.0
0.0
0.0
0.0
0.0
0.0
0.0
0.0
0.0
0.0
0.0
0.0
0.0
0.0
0.0
0.0
0.0
0.0
0.0
0.0
0.0
0.0
0.0
0.0
0.0
0.0
0.0
0.0
0.0
0.0
0.0
0.0
0.0
0.0
0.0
0.0
0.0
0.0
0.0
0.0
0.0
0.0
0.0
0.0
0.0
0.0
0.0
0.0
0.0
0.0
0.0
0.0
0.0
0.0
0.0
0.0
0.0
0.0
0.0
0.0
0.0
0.0
0.0
0.0
0.0
0.0
0.0
0.0
0.0
0.0
0.0
0.0
0.0
0.0
0.0
0.0
0.0
0.0
0.0
0.0
0.0
0.0
0.0
0.0
0.0
0.0
0.0
0.0
0.0
0.0
0.0
0.0
0.0
0.0
0.0
0.0
0.0
0.0
0.0
0.0
0.0
0.0
0.0
0.0
0.0
0.0
0.0
0.0
0.0
0.0
0.0
0.0
0.0
0.0
0.0
0.0
0.0
0.0
0.0
0.0
0.0
0.0
0.0
0.0
0.0
0.0
0.0
0.0
0.0
0.0
0.0
0.0
0.0
0.0
0.0
0.0
0.0
0.0
0.0
0.0
0.0
0.0
0.0
0.0
0.0
0.0
0.0
0.0
0.0
0.0
0.0
0.0
0.0
0.0
0.0
0.0
0.0
0.0
0.0
0.0
0.0
0.0
0.0
0.0
0.0
0.0
0.0
0.0
0.0
0.0
0.0
0.0
0.0
0.0
0.0
0.0
0.0
0.0
0.0
0.0
0.0
0.0
0.0
0.0
0.0
0.0
0.0
0.0
0.0
0.0
0.0
0.0
0.0
0.0
0.0
0.0
0.0
0.0
0.0
0.0
0.0
0.0
0.0
0.0
0.0
0.0
0.0
0.0
0.0
0.0
0.0
0.0
0.0
0.0
0.0
0.0
0.0
0.0
0.0
0.0
0.0
0.0
0.0
0.0
0.0
0.0
0.0
0.0
0.0
0.0
0.0
0.0
0.0
0.0
0.0
0.0
0.0
0.0
0.0
0.0
0.0
0.0
0.0
0.0
0.0
0.0
0.0
0.0
0.0
0.0
0.0
0.0
0.0
0.0
0.0
0.0
0.0
0.0
0.0
0.0
0.0
0.0
0.0
0.0
0.0
0.0
0.0
0.0
0.0
0.0
0.0
0.0
0.0
0.0
0.0
0.0
0.0
0.0
0.0
0.0
0.0
0.0
0.0
0.0
0.0
0.0
0.0
0.0
0.0
0.0
0.0
0.0
0.0
0.0
0.0
0.0
0.0
0.0
0.0
0.0
0.0
0.0
0.0
0.0
0.0
0.0
0.0
0.0
0.0
0.0
0.0
0.0
0.0
0.0
0.0
0.0
0.0
0.0
0.0
0.0
0.0
0.0
0.0
0.0
0.0
0.0
0.0
0.0
0.0
0.0
0.0
0.0
0.0
0.0
0.0
0.0
0.0
0.0
0.0
0.0
0.0
0.0
0.0
0.0
0.0
0.0
0.0
0.0
0.0
0.0
0.0
0.0
0.0
0.0
0.0
0.0
0.0
0.0
0.0
0.0
0.0
0.0
0.0
0.0
0.0
0.0
0.0
0.0
0.0
0.0
0.0
0.0
0.0
0.0
0.0
0.0
0.0
0.0
0.0
0.0
0.0
0.0
0.0
0.0
0.0
0.0
0.0
0.0
0.0
0.0
0.0
0.0
0.0
0.0
0.0
0.0
0.0
0.0
0.0
0.0
0.0
0.0
0.0
0.0
0.0
0.0
0.0
0.0
0.0
0.0
0.0
0.0
0.0
0.0
0.0
0.0
4.700658211580844e-6
0.0
0.0
0.0
0.0
0.0
0.0
0.0
0.0
0.0
0.0
0.0
0.0
0.0
0.0
0.0
0.0
0.0
0.0
0.0
0.0
0.0
0.0
0.0
0.0
0.0
0.0
0.0
0.0
0.0
0.0
0.0
0.0
0.0
0.0
0.0
0.0
0.0
0.0
0.0
0.0
0.0
0.0
0.0
0.0
0.0
0.0
0.0
0.0
0.0
0.0
0.0
0.0
0.0
0.0
0.0
0.0
0.0
0.0
0.0
0.0
0.0
0.0
0.0
0.0
0.0
0.0
0.0
0.0
0.0
0.0
0.0
0.0
0.0
0.0
0.0
0.0
0.0
0.0
0.0
0.0
0.0
0.0
0.0
0.0
0.0
0.0
0.0
0.0
0.0
0.0
0.0
0.0
0.0
0.0
0.0
0.0
0.0
0.0
0.0
0.0
0.0
0.0
0.0
0.0
0.0
0.0
0.0
0.0
0.0
0.0
0.0
0.0
0.0
0.0
0.0
0.0
0.0
0.0
0.0
0.0
0.0
0.0
0.0
0.0
0.0
0.0
0.0
0.0
0.0
0.0
0.0
0.0
0.0
0.0
0.0
0.0
0.0
0.0
0.0
0.0
0.0
0.0
0.0
0.0
0.0
0.0
0.0
0.0
0.0
0.0
0.0
0.0
0.0
0.0
0.0
0.0
0.0
0.0
0.0
0.0
0.0
0.0
0.0
0.0
0.0
0.0
0.0
0.0
0.0
0.0
0.0
0.0
0.0
0.0
0.0
0.0
0.0
0.0
0.0
0.0
0.0
0.0
0.0
0.0
0.0
0.0
0.0
0.0
0.0
0.0
0.0
0.0
0.0
0.0
0.0
0.0
0.0
0.0
0.0
0.0
0.0
0.0
0.0
0.0
0.0
0.0
0.0
0.0
0.0
0.0
0.0
0.0
0.0
0.0
0.0
0.0
0.0
0.0
0.0
0.0
0.0
0.0
0.0
0.0
0.0
0.0
0.0
0.0
0.0
0.0
0.0
0.0
0.0
0.0
0.0
0.0
0.0
0.0
0.0
0.0
0.0
0.0
0.0
0.0
0.0
0.0
0.0
0.0
0.0
0.0
0.0
0.0
0.0
0.0
0.0
0.0
0.0
0.0
0.0
0.0
0.0
0.0
0.0
0.0
0.0
0.0
0.0
0.0
0.0
0.0
0.0
0.0
0.0
0.0
0.0
0.0
0.0
0.0
0.0
0.0
0.0
0.0
0.0
0.0
0.0
0.0
0.0
0.0
0.0
0.0
0.0
0.0
0.0
0.0
0.0
0.0
0.0
0.0
0.0
0.0
0.0
0.0
0.0
0.0
0.0
0.0
0.0
0.0
0.0
0.0
0.0
0.0
0.0
0.0
0.0
0.0
0.0
0.0
0.0
0.0
0.0
0.0
0.0
0.0
0.0
0.0
0.0
0.0
0.0
0.0
0.0
0.0
0.0
0.0
0.0
0.0
0.0
0.0
0.0
0.0
0.0
0.0
0.0
0.0
0.0
0.0
0.0
0.0
0.0
0.0
0.0
0.0
0.0
0.0
0.0
0.0
0.0
0.0
0.0
0.0
0.0
0.0
0.0
0.0
0.0
0.0
0.0
0.0
0.0
0.0
0.0
0.0
0.0
0.0
0.0
0.0
0.0
0.0
0.0
0.0
0.0
0.0
0.0
0.0
0.0
0.0
0.0
0.0
0.0
0.0
0.0
0.0
0.0
0.0
0.0
0.0
0.0
0.0
0.0
0.0
0.0
0.0
0.0
0.0
0.0
0.0
0.0
0.0
0.0
0.0
0.0
0.0
0.0
0.0
0.0
0.0
0.0
0.0
0.0
0.0
0.0
0.0
0.0
0.0
0.0
0.0
0.0
0.0
0.0
0.0
0.0
0.0
0.0
0.0
0.0
0.0
0.0
0.0
0.0
0.0
0.0
0.0
0.0
0.0
0.0
0.0
0.0
0.0
0.0
0.0
0.0
0.0
0.0
0.0
0.0
0.0
0.0
0.0
0.0
0.0
0.0
0.0
0.0
0.0
0.0
0.0
0.0
0.0
0.0
0.0
0.0
0.0
0.0
0.0
0.0
0.0
0.0
0.0
0.0
0.0
0.0
0.0
0.0
0.0
0.0
0.0
0.0
0.0
0.0
0.0
0.0
0.0
0.0
0.0
0.0
0.0
0.0
0.0
0.0
0.0
0.0
0.0
0.0
0.0
0.0
0.0
0.0
0.0
0.0
0.0
0.0
0.0
0.0
0.0
0.0
0.0
0.0
0.0
0.0
0.0
0.0
0.0
0.0
0.0
0.0
0.0
0.0
0.0
0.0
0.0
0.0
0.0
0.0
0.0
0.0
0.0
0.0
0.0
0.0
0.0
0.0
0.0
0.0
0.0
0.0
0.0
0.0
0.0
0.0
0.0
0.0
0.0
0.0
0.0
0.0
0.0
0.0
0.0
0.0
0.0
0.0
0.0
0.0
0.0
0.0
0.0
0.0
0.0
0.0
0.0
0.0
0.0
0.0
0.0
0.0
0.0
0.0
0.0
0.0
0.0
0.0
0.0
0.0
0.0
0.0
0.0
0.0
0.0
0.0
0.0
0.0
0.0
0.0
0.0
0.0
0.0
0.0
0.0
0.0
0.0
0.0
0.0
0.0
0.0
0.0
0.0
0.0
0.0
0.0
0.0
0.0
0.0
0.0
0.0
0.0
0.0
0.0
0.0
0.0
0.0
0.0
0.0
0.0
0.0
0.0
0.0
0.0
0.0
0.0
0.0
0.0
0.0
0.0
0.0
0.0
0.0
0.0
0.0
0.0
0.0
0.0
0.0
0.0
0.0
0.0
0.0
0.0
0.0
0.0
0.0
0.0
0.0
0.0
0.0
0.0
0.0
0.0
0.0
0.0
0.0
0.0
0.0
0.0
0.0
0.0
0.0
0.0
0.0
0.0
0.0
0.0
0.0
0.0
0.0
0.0
0.0
0.0
0.0
0.0
0.0
0.0
0.0
0.0
0.0
0.0
0.0
0.0
0.0
0.0
0.0
0.0
0.0
0.0
0.0
0.0
0.0
0.0
0.0
0.0
0.0
0.0
0.0
0.0
0.0
0.0
0.0
0.0
0.0
0.0
0.0
0.0
0.0
0.0
0.0
0.0
0.0
0.0
0.0
0.0
0.0
0.0
0.0
0.0
0.0
0.0
0.0
0.0
0.0
0.0
0.0
0.0
0.0
0.0
0.0
0.0
0.0
0.0
0.0
0.0
0.0
0.0
0.0
0.0
0.0
0.0
0.0
0.0
0.0
0.0
0.0
0.0
0.0
0.0
0.0
0.0
0.0
0.0
0.0
0.0
0.0
0.0
0.0
0.0
0.0
0.0
0.0
0.0
0.0
0.0
0.0
0.0
0.0
0.0
0.0
0.0
0.0
0.0
0.0
0.0
0.0
0.0
0.0
0.0
0.0
0.0
0.0
0.0
0.0
0.0
0.0
0.0
0.0
0.0
0.0
0.0
0.0
0.0
0.0
0.0
0.0
0.0
0.0
0.0
0.0
0.0
0.0
0.0
0.0
0.0
0.0
0.0
0.0
0.0
0.0
0.0
0.0
0.0
0.0
0.0
0.0
0.0
0.0
0.0
0.0
0.0
0.0
0.0
0.0
0.0
0.0
0.0
0.0
0.0
0.0
0.0
0.0
0.0
0.0
0.0
0.0
0.0
0.0
0.0
0.0
0.0
0.0
0.0
0.0
0.0
0.0
0.0
0.0
0.0
0.0
0.0
0.0
0.0
0.0
0.0
0.0
0.0
0.0
0.0
0.0
0.0
0.0
0.0
0.0
0.0
0.0
0.0
0.0
0.0
0.0
0.0
0.0
0.0
0.0
0.0
0.0
0.0
0.0
0.0
0.0
0.0
0.0
0.0
0.0
0.0
0.0
0.0
0.0
0.0
0.0
0.0
0.0
0.0
0.0
0.0
0.0
0.0
0.0
0.0
0.0
0.0
0.0
0.0
0.0
0.0
0.0
0.0
0.0
0.0
0.0
0.0
0.0
0.0
0.0
0.0
0.0
0.0
0.0
0.0
0.0
0.0
0.0
0.0
0.0
0.0
0.0
0.0
0.0
0.0
0.0
0.0
0.0
0.0
0.0
0.0
0.0
0.0
0.0
0.0
0.0
0.0
0.0
0.0
0.0
0.0
0.0
0.0
0.0
0.0
0.0
0.0
0.0
0.0
0.0
0.0
0.0
0.0
0.0
0.0
0.0
0.0
0.0
0.0
0.0
0.0
0.0
0.0
0.0
0.0
0.0
0.0
0.0
0.0
0.0
0.0
0.0
0.0
0.0
0.0
0.0
0.0
0.0
0.0
0.0
0.0
0.0
0.0
0.0
0.0
0.0
0.0
0.0
0.0
0.0
0.0
0.0
0.0
0.0
0.0
0.0
0.0
0.0
0.0
0.0
0.0
0.0
0.0
0.0
0.0
0.0
0.0
0.0
0.0
0.0
0.0
0.0
0.0
0.0
0.0
0.0
0.0
0.0
0.0
0.0
0.0
0.0
0.0
0.0
0.0
0.0
0.0
0.0
0.0
0.0
0.0
0.0
0.0
0.0
0.0
0.0
0.0
0.0
0.0
0.0
0.0
0.0
0.0
0.0
0.0
0.0
0.0
0.0
0.0
0.0
0.0
0.0
0.0
0.0
0.0
0.0
0.0
0.0
0.0
0.0
0.0
0.0
0.0
0.0
0.0
0.0
0.0
0.0
0.0
0.0
0.0
0.0
0.0
0.0
0.0
0.0
0.0
0.0
0.0
0.0
0.0
0.0
0.0
0.0
0.0
0.0
0.0
0.0
0.0
0.0
0.0
0.0
0.0
0.0
0.0
0.0
0.0
0.0
0.0
0.0
0.0
0.0
0.0
0.0
0.0
0.0
0.0
0.0
0.0
0.0
0.0
0.0
0.0
0.0
0.0
0.0
0.0
0.0
0.0
0.0
0.0
0.0
0.0
0.0
0.0
0.0
0.0
0.0
0.0
0.0
0.0
0.0
0.0
0.0
0.0
0.0
0.0
0.0
0.0
0.0
0.0
0.0
0.0
0.0
0.0
0.0
0.0
0.0
0.0
0.0
0.0
0.0
0.0
0.0
0.0
0.0
0.0
0.0
0.0
0.0
0.0
0.0
0.0
0.0
0.0
0.0
0.0
0.0
0.0
0.0
0.0
0.0
0.0
0.0
0.0
0.0
0.0
0.0
0.0
0.0
0.0
0.0
0.0
0.0
0.0
0.0
0.0
0.0
0.0
0.0
0.0
0.0
0.0
0.0
0.0
0.0
0.0
0.0
0.0
0.0
0.0
0.0
0.0
0.0
0.0
0.0
0.0
0.0
0.0
0.0
0.0
0.0
0.0
0.0
0.0
0.0
0.0
0.0
0.0
0.0
0.0
0.0
0.0
0.0
0.0
0.0
0.0
0.0
0.0
0.0
0.0
0.0
0.0
0.0
0.0
0.0
0.0
0.0
0.0
0.0
0.0
0.0
0.0
0.0
0.0
0.0
0.0
0.0
0.0
0.0
0.0
0.0
0.0
0.0
0.0
0.0
0.0
0.0
0.0
0.0
0.0
0.0
0.0
0.0
0.0
0.0
0.0
0.0
0.0
0.0
0.0
0.0
0.0
0.0
0.0
0.0
0.0
0.0
0.0
0.0
0.0
0.0
0.0
0.0
0.0
0.0
0.0
0.0
0.0
0.0
0.0
0.0
0.0
0.0
0.0
0.0
0.0
0.0
0.0
0.0
0.0
0.0
0.0
0.0
0.0
0.0
0.0
0.0
0.0
0.0
0.0
0.0
0.0
0.0
0.0
0.0
0.0
0.0
0.0
0.0
0.0
0.0
0.0
0.0
0.0
0.0
0.0
0.0
0.0
0.0
0.0
0.0
0.0
0.0
0.0
0.0
0.0
0.0
0.0
0.0
0.0
0.0
0.0
0.0
0.0
0.0
0.0
0.0
0.0
0.0
0.0
0.0
0.0
0.0
0.0
0.0
0.0
0.0
0.0
0.0
0.0
0.0
0.0
0.0
0.0
0.0
0.0
0.0
0.0
0.0
0.0
0.0
0.0
0.0
0.0
0.0
0.0
0.0
0.0
0.0
0.0
0.0
0.0
0.0
0.0
0.0
0.0
0.0
0.0
0.0
0.0
0.0
0.0
0.0
0.0
0.0
0.0
0.0
0.0
0.0
0.0
0.0
0.0
0.0
0.0
0.0
0.0
0.0
0.0
0.0
0.0
0.0
0.0
0.0
0.0
0.0
0.0
0.0
0.0
0.0
0.0
0.0
0.0
0.0
0.0
0.0
0.0
0.0
0.0
0.0
0.0
0.0
0.0
0.0
0.0
0.0
0.0
0.0
0.0
0.0
0.0
0.0
0.0
0.0
0.0
0.0
0.0
0.0
0.0
0.0
0.0
0.0
0.0
0.0
0.0
0.0
0.0
0.0
0.0
0.0
0.0
0.0
0.0
0.0
0.0
0.0
0.0
0.0
0.0
0.0
0.0
0.0
0.0
0.0
0.0
0.0
0.0
0.0
0.0
0.0
0.0
0.0
0.0
0.0
0.0
0.0
0.0
0.0
0.0
0.0
0.0
0.0
0.0
0.0
0.0
0.0
0.0
0.0
0.0
0.0
0.0
0.0
0.0
0.0
0.0
0.0
0.0
0.0
0.0
0.0
0.0
0.0
0.0
0.0
0.0
0.0
0.0
0.0
0.0
0.0
0.0
0.0
0.0
0.0
0.0
0.0
0.0
0.0
0.0
0.0
0.0
0.0
0.0
0.0
0.0
0.0
0.0
0.0
0.0
0.0
0.0
0.0
0.0
0.0
0.0
0.0
0.0
0.0
0.0
0.0
0.0
0.0
0.0
0.0
0.0
0.0
0.0
0.0
0.0
0.0
0.0
0.0
0.0
0.0
0.0
0.0
0.0
0.0
0.0
0.0
0.0
0.0
0.0
0.0
0.0
0.0
0.0
0.0
0.0
0.0
0.0
0.0
0.0
0.0
0.0
0.0
0.0
0.0
0.0
0.0
0.0
0.0
0.0
0.0
0.0
0.0
0.0
0.0
0.0
0.0
0.0
0.0
0.0
0.0
0.0
0.0
0.0
0.0
0.0
0.0
0.0
0.0
0.0
0.0
0.0
0.0
0.0
0.0
0.0
0.0
0.0
0.0
0.0
0.0
0.0
0.0
0.0
0.0
0.0
0.0
0.0
0.0
0.0
0.0
0.0
0.0
0.0
0.0
0.0
0.0
0.0
0.0
0.0
0.0
0.0
0.0
0.0
8.650617764280008e-6
0.0
0.0
0.0
0.0
0.0
0.0
0.0
0.0
0.0
0.0
0.0
0.0
0.0
0.0
0.0
0.0
0.0
0.0
0.0
0.0
0.0
0.0
4.1314312248372494e-6
3.820085744269726e-5
0.0
0.0
0.0
0.0
0.0
0.0
0.0
0.0
0.0
0.0
0.0
0.0
0.0
0.0
0.0
0.0
0.0
0.0
0.0
0.0
0.0
0.0
0.0
0.0
0.0
0.0
0.0
0.0
0.0
0.0
0.0
0.0
0.0
0.0
0.0
0.0
0.0
0.0
0.0
0.0
0.0
0.0
0.0
0.0
0.0
0.0
0.0
0.0
0.0
0.0
0.0
0.0
0.0
0.0
0.0
0.0
0.0
0.0
0.0
0.0
0.0
0.0
0.0
0.0
0.0
0.0
0.0
0.0
0.0
0.0
0.0
0.0
0.0
0.0
0.0
0.0
0.0
0.0
0.0
0.0
0.0
0.0
0.0
0.0
0.0
0.0
0.0
0.0
0.0
0.0
0.0
0.0
0.0
0.0
0.0
7.613762054882691e-6
0.0
0.0
0.0
0.0
0.0
0.0
0.0
0.0
0.0
0.0
0.0
0.0
0.0
0.0
0.0
0.0
0.0
0.0
0.0
0.0
0.0
0.0
0.0
0.0
0.0
0.0
0.0
0.0
0.0
0.0
0.0
0.0
0.0
0.0
0.0
0.0
0.0
0.0
0.0
0.0
0.0
0.0
0.0
0.0
0.0
0.0
0.0
0.0
0.0
0.0
0.0
0.0
0.0
0.0
0.0
0.0
0.0
0.0
0.0
0.0
0.0
0.0
0.0
0.0
0.0
0.0
0.0
0.0
0.0
0.0
0.0
0.0
0.0
0.0
0.0
0.0
0.0
0.0
0.0
0.0
0.0
0.0
0.0
0.0
0.0
0.0
0.0
0.0
0.0
0.0
0.0
0.0
0.0
0.0
0.0
0.0
0.0
0.0
0.0
0.0
0.0
0.0
0.0
0.0
0.0
0.0
0.0
0.0
0.0
0.0
0.0
0.0
0.0
0.0
0.0
0.0
0.0
0.0
0.0
0.0
0.0
0.0
0.0
0.0
0.0
0.0
0.0
0.0
0.0
0.0
0.0
0.0
0.0
0.0
0.0
0.0
0.0
0.0
0.0
0.0
0.0
0.0
0.0
0.0
0.0
0.0
0.0
0.0
0.0
0.0
0.0
0.0
0.0
0.0
0.0
0.0
0.0
0.0
0.0
0.0
0.0
0.0
0.0
0.0
0.0
0.0
0.0
0.0
0.0
0.0
0.0
0.0
0.0
0.0
0.0
0.0
0.0
0.0
0.0
0.0
0.0
0.0
0.0
0.0
0.0
0.0
0.0
0.0
0.0
0.0
2.268097125664233e-6
2.845831775318999e-6
0.0
0.0
0.0
0.0
0.0
0.0
0.0
0.0
0.0
0.0
0.0
0.0
0.0
0.0
0.0
0.0
0.0
0.0
0.0
0.0
0.0
0.0
0.0
0.0
0.0
0.0
0.0
0.0
0.0
0.0
0.0
0.0
0.0
0.0
0.0
0.0
0.0
0.0
0.0
0.0
0.0
0.0
0.0
0.0
0.0
0.0
0.0
0.0
0.0
0.0
0.0
0.0
0.0
0.0
0.0
0.0
0.0
0.0
0.0
0.0
0.0
0.0
0.0
0.0
0.0
0.0
0.0
0.0
0.0
0.0
0.0
0.0
0.0
0.0
0.0
0.0
0.0
0.0
0.0
0.0
0.0
0.0
0.0
0.0
0.0
0.0
0.0
0.0
0.0
0.0
0.0
0.0
0.0
0.0
0.0
0.0
0.0
0.0
0.0
0.0
0.0
0.0
0.0
0.0
0.0
0.0
0.0
0.0
0.0
0.0
0.0
0.0
0.0
0.0
0.0
0.0
0.0
0.0
0.0
0.0
0.0
0.0
0.0
0.0
0.0
0.0
0.0
0.0
0.0
0.0
0.0
0.0
0.0
0.0
0.0
0.0
0.0
0.0
0.0
0.0
0.0
0.0
0.0
2.844068392915797e-6
0.0
0.0
0.0
0.0
0.0
0.0
0.0
0.0
0.0
0.0
0.0
0.0
0.0
0.0
0.0
0.0
0.0
0.0
0.0
0.0
0.0
0.0
6.623101950425886e-6
7.427829966164372e-5
3.517164667750661e-6
0.0
0.0
0.0
0.0
0.0
0.0
0.0
0.0
0.0
0.0
0.0
0.0
0.0
0.0
0.0
0.0
0.0
0.0
0.0
0.0
0.0
5.1028576562049e-6
5.661058343455404e-5
0.0
0.0
0.0
0.0
0.0
0.0
0.0
0.0
0.0
0.0
7.863586359835517e-6
0.0
0.0
0.0
0.0
0.0
0.0
0.0
0.0
0.0
0.0
0.0
0.000309834957576427
0.00041582010012377
1.4492344742366762e-5
0.0
0.0
0.0
0.0
0.0
0.0
0.0
0.0
0.0
0.0
0.0
0.0
0.0
0.0
0.0
0.0
0.0
0.0
0.0
0.0
0.0
0.0001700661269621914
0.00032119936108739375
4.056330588800617e-6
0.0
0.0
0.0
0.0
0.0
0.0
0.0
0.0
0.0
0.0
0.0
0.0
0.0
0.0
0.0
0.0
0.0
0.0
0.0
0.0
0.0
2.598641672936812e-5
9.117245586849443e-5
0.0
0.0
0.0
0.0
0.0
0.0
0.0
0.0
0.0
0.0
0.0
0.0
0.0
0.0
0.0
0.0
0.0
0.0
0.0
0.0
0.0
0.0
0.0
0.0
0.0
0.0
0.0
0.0
0.0
0.0
0.0
0.0
0.0
0.0
0.0
0.0
0.0
0.0
0.0
0.0
0.0
0.0
0.0
0.0
0.0
0.0
0.0
0.0
0.0
0.0
0.0
0.0
0.0
0.0
0.0
0.0
0.0
0.0
0.0
0.0
0.0
0.0
0.0
0.0
0.0
0.0
0.0
0.0
0.0
0.0
1.0559767682839615e-5
9.58904597740317e-5
0.0
0.0
0.0
0.0
0.0
0.0
0.0
0.0
0.0
0.0
0.0
0.0
0.0
0.0
0.0
0.0
0.0
0.0
0.0
0.0
0.0
0.0
0.00021460240839989262
0.00038079947530292974
1.3081239855290095e-5
0.0
0.0
0.0
0.0
0.0
0.0
0.0
0.0
0.0
0.0
0.0
0.0
0.0
0.0
0.0
0.0
0.0
0.0
0.0
0.0
0.0
3.542989202963542e-5
0.00011150962688243013
3.089978792986508e-6
0.0
0.0
0.0
0.0
0.0
0.0
0.0
0.0
0.0
0.0
0.0
0.0
0.0
0.0
0.0
0.0
0.0
0.0
0.0
0.0
0.0
0.0
5.170073300349811e-5
0.0
0.0
0.0
0.0
0.0
0.0
0.0
0.0
0.0
0.0
0.0
0.0
0.0
0.0
0.0
0.0
0.0
0.0
0.0
0.0
0.0
0.0
0.00031647715856363614
0.000602629211906767
0.00038923827909264226
0.0001749968575391151
7.120163535787606e-5
3.5326892340022864e-5
3.475985924238213e-5
6.760384101462851e-6
0.0
0.0
0.0
0.0
0.0
0.0
0.0
0.0
0.0
0.0
0.0
0.0
0.0
0.0
0.0
0.0
0.0
0.0
0.0
0.0
0.0
0.0
0.0
0.0
0.0
0.0
0.0
0.0
0.0
0.0
0.0
0.0
0.0
0.0
0.0
0.0
0.0
0.0
0.0
0.0
0.00018645272633520393
0.00025361672209259375
7.157762973009542e-6
0.0
0.0
0.0
0.0
0.0
0.0
0.0
0.0
0.0
0.0
0.0
0.0
0.0
0.0
0.0
0.0
0.0
0.0
0.0
0.0
0.0
4.850821074736135e-6
4.6627867191349775e-5
0.0
0.0
0.0
0.0
0.0
0.0
0.0
0.0
0.0
0.0
0.0
0.0
0.0
0.0
0.0
0.0
0.0
0.0
0.0
0.0
0.0
0.0
4.896656904541516e-6
5.559202839611778e-5
0.0
0.0
0.0
0.0
0.0
0.0
0.0
0.0
0.0
0.0
0.0
0.0
0.0
0.0
0.0
0.0
0.0
0.0
0.0
0.0
0.0
0.0
4.03895096692969e-6
2.2295088766464566e-5
0.0
0.0
0.0
0.0
0.0
0.0
0.0
0.0
0.0
0.0
0.0
0.0
0.0
0.0
0.0
0.0
0.0
0.0
0.0
0.0
0.0
0.0
0.0
1.0723087124739925e-5
0.0
0.0
0.0
0.0
0.0
0.0
0.0
0.0
0.0
0.0
0.0
0.0
0.0
0.0
0.0
0.0
0.0
0.0
0.0
0.0
0.0
0.0
0.0
1.105154791227267e-5
0.0
0.0
0.0
0.0
0.0
0.0
0.0
0.0
0.0
0.0
0.0
0.0
0.0
0.0
0.0
0.0
0.0
0.0
0.0
0.0
0.0
0.0
0.0
0.0
0.0
0.0
0.0
0.0
0.0
0.0
0.0
0.0
0.0
0.0
0.0
0.0
0.0
0.0
0.0
0.0
0.0
0.0
0.0
0.0
0.0
0.0
5.0695015785041505e-6
6.203936952154671e-5
0.0
0.0
0.0
0.0
0.0
0.0
0.0
0.0
0.0
0.0
0.0
0.0
0.0
0.0
0.0
0.0
0.0
0.0
0.0
0.0
0.0
0.0
0.00029610958916266795
0.00048212548949687464
4.702798738827857e-5
1.264574178559373e-6
0.0
0.0
0.0
0.0
0.0
0.0
0.0
0.0
0.0
0.0
0.0
0.0
0.0
0.0
0.0
0.0
0.0
0.0
0.0
0.0
0.0003219234209632868
0.0005239140745233716
9.226977158270591e-5
1.947395250859782e-5
0.0
0.0
0.0
0.0
0.0
0.0
0.0
0.0
0.0
0.0
0.0
0.0
0.0
0.0
0.0
0.0
0.0
0.0
0.0
0.0
0.0002787326926996935
0.00040873517865375154
2.4394106023810385e-5
0.0
0.0
0.0
0.0
0.0
0.0
0.0
0.0
0.0
0.0
0.0
0.0
0.0
0.0
0.0
0.0
0.0
0.0
0.0
0.0
0.0
0.00017363634045188873
0.00030772711770880737
1.0788544754373478e-5
0.0
0.0
0.0
0.0
0.0
0.0
0.0
0.0
0.0
0.0
0.0
0.0
0.0
0.0
0.0
0.0
0.0
0.0
0.0
0.0
0.0
8.335248899113075e-5
0.00022984280071886755
6.664200625656524e-5
2.1271272692929354e-5
0.0
0.0
0.0
0.0
0.0
0.0
0.0
0.0
0.0
0.0
0.0
0.0
0.0
0.0
0.0
0.0
0.0
0.0
0.0
0.0
0.0
0.0
0.0
0.0
0.0
0.0
0.0
0.0
0.0
0.0
0.0
0.0
0.0
0.0
0.0
0.0
0.0
0.0
0.0
0.0
0.0
0.0
0.0
0.0
0.00012553995241563668
9.478566905424853e-5
0.0
0.0
0.0
0.0
0.0
0.0
0.0
0.0
0.0
0.0
0.0
0.0
0.0
0.0
0.0
0.0
0.0
0.0
0.0
0.0
0.0
0.0
0.0
3.7862526048816924e-5
0.0
0.0
0.0
0.0
0.0
0.0
0.0
0.0
0.0
0.0
0.0
0.0
0.0
0.0
0.0
0.0
0.0
0.0
0.0
0.0
0.0
0.0
2.4896494648720577e-5
5.693956562819244e-5
0.0
0.0
0.0
0.0
0.0
0.0
0.0
0.0
0.0
2.1351147641946106e-5
1.6569111360771174e-5
1.37316800213425e-5
0.00011847289846473498
0.0002273887393658678
0.0
0.0
0.0
0.0
0.0
0.0
0.0
0.0
0.0013526396416460428
0.001358771758544494
0.0006512997114297536
0.0003403946970965324
0.00016254200965894124
9.306749786976392e-5
6.387590764341969e-5
0.0
0.0
0.0
0.0
3.7503968123623425e-6
4.516899050358822e-5
9.545308062075967e-5
0.00019028962216824168
0.00030289119436757977
0.0
0.0
0.0
0.0
0.0
0.0
3.3965670243061014e-5
0.00011205602827380703
0.001534138591366201
0.0016265551726844776
0.0008301089670827322
0.0004178039272778597
0.00017898473044095664
9.828183246487322e-5
6.287401546363078e-5
7.181988302159359e-7
0.0
0.0
0.0
1.968399506555349e-6
9.317945839120231e-7
1.2978603769953194e-5
4.96119640073045e-5
8.086941457072839e-5
0.0
0.0
0.0
0.0
0.0
0.0
0.0
0.0
0.0011394695655424522
0.0012656792656329044
0.0009756313442781089
0.0006670967497428432
0.00043605673775160974
0.00021912993564551138
0.00019783496878530987
0.00010755756959263047
4.7944853846348064e-5
1.5642620008776288e-5
0.0
3.4974481083348696e-6
0.0
0.0
0.0
0.0
0.0
0.0
0.0
0.0
0.0
0.0
0.0
0.0
0.0
0.0
0.0
0.0
0.0
0.0
0.0
0.0
0.0
0.0
0.0
0.0
0.0
0.0
0.0
0.0
0.0
0.0
0.0
0.0
0.0
0.0
0.0
0.0
0.0
0.0004889834484733935
0.00039648039886512344
2.8654662598680474e-6
0.0
0.0
0.0
0.0
0.0
0.0
0.0
0.0
0.0
1.6338220794347738e-6
0.0
0.0
0.0
0.0
0.0
0.0
0.0
0.0
0.0
0.0
0.0
0.00030599151996610216
0.00031244853821874697
3.4061395363872945e-6
0.0
0.0
0.0
0.0
0.0
0.0
0.0
0.0
0.0
1.2752955261434863e-6
0.0
0.0
0.0
0.0
0.0
0.0
0.0
0.0
0.0
0.0
0.0
0.0004218581405603679
0.00047987268506493284
3.609546212765704e-5
0.0
0.0
0.0
0.0
0.0
0.0
0.0
0.0
0.0
1.6752435461121773e-6
0.0
0.0
2.0276619508848656e-6
0.0
0.0
0.0
0.0
0.0
0.0
0.0
0.0
0.000584405813090224
0.0005509557999428719
6.726289933090515e-5
9.638254129274651e-6
0.0
0.0
0.0
0.0
0.0
0.0
0.0
9.468911267514203e-6
1.8496862853777137e-5
1.919942143823102e-6
7.161273239475091e-6
1.9514118680575062e-5
0.0
0.0
0.0
0.0
0.0
0.0
0.0
0.0
0.000351647578608014
0.0002900411823335353
8.873006226365116e-7
0.0
0.0
0.0
0.0
0.0
0.0
0.0
0.0
0.0
6.223492760836644e-7
0.0
0.0
0.0
0.0
0.0
0.0
0.0
0.0
0.0
0.0
0.0
0.0
0.0
0.0
0.0
0.0
0.0
0.0
0.0
0.0
0.0
0.0
0.0
0.0
0.0
0.0
0.0
0.0
0.0
0.0
0.0
0.0
0.0
0.0
0.0
0.0
0.0
0.0
0.0
0.0
0.0
0.0
0.0
0.0
0.0
0.0
0.0
0.0
0.0
0.0
0.0
0.0
0.0
3.0545087170870376e-6
1.0567504061064825e-5
3.0651338481476675e-5
4.785876232870528e-5
4.968140337547696e-5
6.465654693964081e-5
0.0017123040066395654
0.0015059739074073997
0.0005690258309278112
0.00026003016685458014
0.00016448667851873212
9.64246517723539e-5
8.396598397529264e-5
3.3523575238272825e-5
3.459297618546375e-5
4.113369676717823e-5
4.621494520428125e-5
0.0002353985570260291
0.00042171901881661036
0.0005666071941134277
0.0007325640690752547
0.0008492963310740582
0.0
0.0
1.2610455745682166e-6
4.399546316380275e-5
9.184167823932977e-5
0.00013520780563932325
0.0001521954418534281
0.0001796334644045161
0.0017971495330411503
0.0016428644497816136
0.0008294742363769839
0.0004720790914539182
0.00028869840917753186
0.00023351424606359462
0.0001959001844072351
6.50696590534031e-5
3.6019960722287716e-5
2.3816773535903056e-5
2.547325012705606e-5
0.0001915835215004644
0.0003911000214067907
0.0005303025203412231
0.0006734177521347931
0.0007894814790125571
0.0
0.0
2.875693590454789e-5
8.537370826785196e-5
0.00015433794253791853
0.00018606038217593095
0.0003313152787619198
0.0003484927100400606
0.001953803223520541
0.0018708356349015824
0.000938480088775827
0.0005479926894998391
0.0003281186342043068
0.00023639595833570848
0.00017999847621635943
3.576930383092497e-5
1.0239934405660353e-6
0.0
0.0
3.094529845123451e-5
0.00011732659429642118
0.00019181712975891216
0.000238510561392296
0.00032653375271870876
0.0
0.0
0.0
0.0
0.0
1.0342096790616878e-5
4.0136506381724845e-5
8.126423261641352e-5
0.001574724316971764
0.0014763915492441335
0.000563313371201896
0.00021454035670095986
8.737201547093901e-5
2.032255712683197e-5
3.2899251214111295e-6
0.0
0.0
0.0
0.0
2.9434646462225856e-6
3.42471441105935e-6
3.3456929235874655e-5
6.683053655127259e-5
9.499604385288996e-5
0.0
0.0
0.0
0.0
0.0
0.0
0.0
0.0
0.0008657054678103697
0.0008977403654261971
0.00022842713199072368
4.989145718704601e-5
0.0
0.0
0.0
0.0
0.0
0.0
0.0
6.511706727198454e-7
8.995513404764167e-7
0.0
0.0
1.6983744825101196e-5
0.0
0.0
0.0
0.0
0.0
0.0
0.0
0.0
0.0005139144234793744
0.000560963772882143
0.0001971091941994472
8.856115164689156e-5
3.078695686097742e-5
0.0
0.0
0.0
0.0
0.0
0.0
2.424967707354545e-7
0.0
0.0
0.0
0.0
0.0
0.0
0.0
0.0
0.0
0.0
0.0
0.0
0.0
0.0
0.0
0.0
0.0
0.0
0.0
0.0
0.0
0.0
0.0
0.0
0.0
0.0
0.0
0.0
0.0
0.0
0.0
0.0
0.0
0.0
0.0
0.0
0.0003342089050489176
0.00034857325635470263
2.131990614557318e-5
0.0
0.0
0.0
0.0
0.0
0.0
0.0
0.0
0.0
5.784233541693353e-7
0.0
0.0
0.0
0.0
0.0
0.0
0.0
0.0
0.0
0.0
0.0
4.774213404727246e-5
8.655012118762973e-5
0.0
0.0
0.0
0.0
0.0
0.0
0.0
0.0
0.0
0.0
0.0
0.0
0.0
0.0
0.0
0.0
0.0
0.0
0.0
0.0
0.0
0.0
2.2459613055080916e-5
4.4651996135426726e-5
0.0
0.0
0.0
0.0
0.0
0.0
0.0
0.0
0.0
0.0
0.0
0.0
0.0
0.0
0.0
0.0
0.0
0.0
0.0
0.0
0.0
0.0
0.0
0.0
0.0
0.0
0.0
0.0
0.0
0.0
0.0
0.0
0.0
0.0
0.0
0.0
0.0
0.0
0.0
0.0
0.0
0.0
0.0
0.0
0.0
4.207274266257377e-6
0.0014351673269830914
0.001367771335418995
0.0005525722085361554
0.00021776555405308496
8.156419291811006e-5
9.936202923809439e-6
0.0
0.0
0.0
0.0
0.0
3.702159342071252e-6
2.343950452772202e-6
3.4209645938285364e-6
4.249250985361203e-5
9.026263533940443e-5
0.0
0.0
0.0
0.0
0.0
0.0
0.0
0.0
0.0009881062781399621
0.001058464584608226
0.0006656617490655101
0.0004124614900169974
0.000272186388512712
0.00018968610379132504
0.00018675244888430138
0.00015639582473765567
0.00014388688119019899
0.00013218426628134803
0.00013981950852416124
0.0001997943326980107
0.0
0.0
0.0
0.0
0.0
0.0
0.0
0.0
0.0
0.0
0.0
0.0
0.0
0.0
0.0
0.0
0.0
0.0
0.0
0.0
0.0
0.0
0.0
5.46823669748009e-7
2.230737099522644e-6
2.2669878012598047e-6
7.6262016819403595e-6
1.169441301622502e-6
3.6897699350673905e-6
3.4477755817142013e-6
1.8734038299185875e-6
0.0
0.0
1.1184043710819928e-6
0.0
0.0
0.0016837844354091456
0.0012887135753214922
0.0005022609885925131
0.0002403833330501818
9.410842005544919e-5
1.0563851626393976e-5
4.967331834591396e-6
0.0
0.0
0.0
0.0
1.0027300099262973e-5
2.7982638769214497e-6
2.7274314598869437e-6
4.362560348710977e-5
6.751236424430207e-5
0.0
0.0
0.0
0.0
0.0
0.0
0.0
0.0
0.0003790639946294891
0.0002959001132253869
0.0
0.0
0.0
0.0
0.0
0.0
0.0
0.0
0.0
1.546071344871001e-5
1.1025019892772298e-5
0.0
0.0
0.0
0.0
0.0
0.0
0.0
0.0
0.0
0.0
0.0
0.00035293882554536846
0.0005404279605361503
0.00020736433864748576
0.00017567823595666983
0.0001796312164085712
0.0001537171217449806
0.0002178852920312005
0.00015817559235910186
0.00016743601733702315
0.0001720110531082977
0.00018640460483665297
0.000465884490609316
0.000639566619999005
0.0007328362912559212
0.0008373370946391625
0.000937952032116025
0.0
0.0
1.2140218283022832e-5
0.00010726667249184955
0.00015864942435370776
0.00025671461983421033
0.00026484426542513985
0.0003553938775526746
0.001993228318007898
0.0019115664166426917
0.000980193464560155
0.0006148466865099957
0.00038162788823791193
0.00027326674071311957
0.00021907802728883693
7.967618549364898e-5
4.099310371996349e-5
3.677389980076304e-5
3.632396889335428e-5
0.0002292679019413293
0.00042272718384696106
0.0005631308147655097
0.0007351514840717923
0.0008257930678533625
0.0
0.0
0.0
0.0
4.634375815675554e-6
1.3953588778812988e-5
2.883885008929121e-5
3.975028441285224e-5
0.0016449806960206238
0.0013825185808224313
0.0004900420286729911
0.00016765548868358284
4.3757356873621876e-5
0.0
0.0
0.0
0.0
0.0
0.0
2.633342661416252e-6
4.342265808580571e-6
0.0
2.3545798741553088e-5
8.42381506367474e-5
0.0
0.0
0.0
0.0
0.0
0.0
0.0
0.0
0.0008118280974565354
0.0009030185261177959
0.0005599658569554883
0.00033149473308451903
0.0002124810778959383
0.0001351014530904098
0.00012249429831884178
6.221238882604611e-5
3.768235312491801e-5
2.1881101934660463e-5
1.775342523643126e-5
5.3752015002177014e-5
0.0
0.0
0.0
0.0
0.0
0.0
0.0
0.0
0.0
0.0
0.0
0.0
0.0
0.0
0.0
0.0
0.0
0.0
0.0
0.0
0.0
0.0
0.0
0.0
0.0
0.0
0.0
0.0
0.0
0.0
0.0
0.0
0.0
0.0
0.0
0.0
0.000626180637156812
0.0004745376187332922
1.654716460304276e-5
0.0
0.0
0.0
0.0
0.0
0.0
0.0
0.0
5.804883187491639e-6
1.628731399848944e-5
0.0
0.0
0.0
0.0
0.0
0.0
0.0
0.0
0.0
0.0
0.0
8.675263791144139e-5
0.00014463859094172954
0.0
0.0
0.0
0.0
0.0
0.0
0.0
0.0
0.0
6.321056997666696e-6
8.296531186565862e-6
1.8143994920544807e-5
9.041682560476342e-5
0.00016737707371620186
0.0
0.0
0.0
0.0
0.0
0.0
0.0
2.163643798745633e-5
0.0013690437262227691
0.0013816464901874076
0.0005421907671270801
0.0002366393426759416
0.00012106560658842715
5.076961890552788e-5
2.4036676331481296e-5
0.0
0.0
0.0
0.0
1.907810394740859e-5
8.803815781150753e-5
0.0001762647438590435
0.0002597839710782222
0.0003832425427877268
0.0
0.0
0.0
0.0
0.0
2.532894851178848e-5
9.142098025894987e-5
0.00012951074972315685
0.0016181487163741907
0.0016126716399251018
0.0008762830221879719
0.0006117763521502285
0.00042895509178420227
0.00031093545566782295
0.0002392366586724912
0.0001010182512257693
5.9490378852667114e-5
4.2895156462916504e-5
2.444740251598531e-5
0.00023495459024334143
0.0004283079530667494
0.0005157253198182515
0.0006223358701008244
0.0007261741547919889
0.0
0.0
0.0
8.104980318587826e-6
5.155232123712491e-5
0.00010282702896571426
0.0001231685042262748
9.716128721533641e-5
0.00175325517459693
0.001546571729061684
0.000803813775512078
0.0005833645449515589
0.0004580750917607054
0.00035808597397871936
0.00035295128898759595
0.00022483400864461314
0.00020603537886649387
0.0001767330064607684
0.00015920566523938833
0.0004545661835646908
0.0006569679568881649
0.0007222624777734527
0.0007932893856576616
0.0008351834880059519
0.0
0.0
0.0
0.0
4.23829832420926e-5
0.00010949217741340351
0.00019192590743754968
0.00023246674930792492
0.0019016579785197316
0.00186892366743402
0.0013413695292239147
0.0010019423084932117
0.0007439370771771623
0.0005677515778801873
0.0005589629751191424
0.00046464904158843243
0.0003536522476387383
0.00028718502796695007
0.0003371188352264959
0.0005058096433558805
0.0
0.0
0.0
0.0
0.0
5.354793362990752e-6
4.682359323265408e-5
0.00011430765846555037
0.00019346521292724458
0.0002457174537371006
0.00029493245438227576
0.00038688028726137976
0.00042377464113609845
0.0004278447984542323
0.0002923237420919267
0.00020728336760200458
0.00014060971486257954
0.00010727155842638239
9.821004388462087e-5
0.00012644708423177974
0.00010492140897202548
9.834704399185367e-5
0.0001214535590760545
0.0001732411900669601
0.00022539589477430226
0.00029122281652033767
0.0003634634216013303
0.0004464418340276474
0.0004892146547277314
0.0005567077987042618
0.0005934403903489791
0.000661937114808167
0.0007246395447997221
0.0008014112386039505
0.0008484036327009287
0.0008652393387959902
0.0028760804644639894
0.0027055139473024462
0.001681673766811078
0.0012687099350190485
0.0010181373306443584
0.000812884350904501
0.0007356798362871424
0.0004717341938711486
0.00039112677727678145
0.0003198998787263814
0.000305888979263392
0.000682473065508745
0.0009588646161475469
0.0009873661301090836
0.0010432061826462732
0.0010835447504233219
0.0
1.108839248998121e-5
6.11338460996302e-5
0.00012307306661249936
0.00014039049195562376
0.00021636015562526923
0.00020337955681767124
0.000274125294549269
0.001970910516119032
0.001782378616587187
0.0010044794342586507
0.0007191307372586232
0.0005281544456742043
0.0004136522531674878
0.00038754071932685006
0.00016846006503032438
6.181113387762339e-5
1.972181496992024e-5
8.195431515595614e-6
0.00019737680376240353
0.00035608621697921805
0.0004006797372387485
0.00046043854283331375
0.0004852402095153227
0.0
0.0
0.0
0.0
0.0
0.0
0.0
0.0
0.0009502985817915851
0.0007575512929804413
0.00014865798897793
7.954603549044413e-6
0.0
0.0
0.0
0.0
0.0
0.0
0.0
3.3277086810925866e-6
4.888280552104807e-6
0.0
0.0
1.7954690467633194e-5
0.0
0.0
0.0
0.0
0.0
0.0
0.0
0.0
0.0009415650024717443
0.0010014545872946388
0.0003667726530896356
0.00017093573517450237
8.3590961632724e-5
2.582842302107316e-5
1.1365125092211377e-5
0.0
0.0
0.0
0.0
8.865634261701202e-6
5.57174598206247e-5
0.00010765754257613927
0.00017397584921224906
0.00023389581182419378
0.0
0.0
0.0
0.0
0.0
0.0
0.0
0.0
0.0010253330916532633
0.0010387433049508208
0.0004967188595468392
0.00036320819353211634
0.00029577749935653447
0.00020478762413647886
0.000259222198248522
0.00015304453675907235
0.00016845000667414385
0.00020933238938785132
0.0002136488900827396
0.0004918494883194443
0.0006546536172589033
0.000699563882825478
0.0007408850610531804
0.0007924096194472619
0.0
0.0
0.0
0.0
1.9900931414658107e-6
7.046402710921553e-6
4.861441403296255e-5
9.869673977372442e-5
0.0017213867840638693
0.0016669293530204767
0.0013677542335506056
0.0012620304545662023
0.0011844544079997897
0.0011088140846493056
0.0011941683288881181
0.0011776157091345023
0.0011829324352798708
0.001188442627253711
0.0011867220875451524
0.0012861572852287657
0.0
6.432251757516438e-6
8.18989575573875e-5
0.00019881534651667064
0.00027306292201501227
0.00037851949417246674
0.00041041231892349403
0.0005060438599310595
0.0005336623186566861
0.0006250916109664488
0.000630524978009237
0.0006640907841887297
0.0007189988718137659
0.0006894704109651991
0.0007669525373838331
0.0007360527890313614
0.0005916075918584241
0.0004951747968766302
0.0003811401016313219
0.0003340726526107507
0.0003048394295828738
0.0003022736398071214
0.00028107631671768154
0.00038877894962965393
0.0004546155094133004
0.00044240355480327056
0.0005536846370498701
0.0005394825765595536
0.0006620208918354096
0.0006350907686787916
0.0007254147377809954
0.0006870905236339213
0.0007952700104795783
0.0007215577270093734
0.0008624006982574409
0.0007148756466432783
0.0029189688737684453
0.0026363316858504927
0.001676122960671339
0.001218560756231799
0.0009527462626479474
0.0007173651950605241
0.0005752364376685027
0.0003452016149754252
0.00022464461695957888
0.00014023961812062596
0.00011509967481009337
0.0003494827475156252
0.0006122577103682093
0.0007360835707093742
0.0008562173045776936
0.0009455971765783218
0.0
0.0
5.7845157296168826e-5
0.0001360590056631964
0.00012486884385496587
0.0002851656026658463
0.0003696636462050705
0.0004254628905695314
0.0020935615770785983
0.002052464219764076
0.0011511820911405705
0.0007787047960242567
0.0006168988761280575
0.0005045007344801328
0.0005153286399278165
0.0003942836275967919
0.0003468078004064973
0.00032768398329703066
0.00031460620657895825
0.0006070641517317568
0.0008220328001951929
0.0008804944634837031
0.0009349485995150891
0.000962515868596202
0.0
0.0
0.0
3.392957140321901e-6
4.231342707072215e-5
7.932677165359021e-5
0.00018293389172982567
0.00022664930284118222
0.0019405114648071151
0.0018314511860646615
0.0011350538853852497
0.0009360447374415486
0.0007339425720811949
0.0005592450200319225
0.0005490764136498197
0.00039103918064306256
0.0003923118266489647
0.00033864079286931287
0.000325398579509367
0.0006219244574425518
0.0007751710640445596
0.0008054626739303699
0.0009381180103916033
0.0010977810015688134
0.0
8.000882259859399e-6
0.0001041549805763545
0.00023726859196813508
0.0003201598569696913
0.00043506300527738434
0.0004831245448533593
0.0005898614860406195
0.0022293558462758768
0.00224092601232253
0.0014980378110124488
0.0012724688209051417
0.0011251607434259625
0.0009808391228392007
0.0009392627737465842
0.0006638580309793569
0.0005148337367072442
0.0004406970387952998
0.00044090887540769295
0.0009041024513697138
0.0011952448499525006
0.0012825234727746894
0.0014112532548533794
0.0014952555750220135
2.6216379743592472e-5
0.00022252489034889266
0.00044231200020848984
0.0005341150782723705
0.0007008480996204659
0.0007248179392907223
0.0008921708716616682
0.0008766741191161339
0.002710000003825381
0.0027028337950454895
0.001746578573648891
0.001327260149011439
0.0010377011922727078
0.0007807636472825685
0.000665495264154952
0.00043549403701495515
0.00029721503210015655
0.0001951625221914174
0.00016089592425100086
0.000444945356909349
0.000782430855289484
0.0008727721313530119
0.0009850620167461428
0.001094033310209416
0.0
4.171771269061708e-5
0.00016039647071662604
0.00020167152307763736
0.00034129427905372556
0.00033508768503945254
0.00045542182463771945
0.0004326707684690343
0.0021968642732105
0.0021362799958245015
0.001752495216140588
0.0015290872692254526
0.0012417638159438354
0.0008453254757640387
0.0007131230565628972
0.0005513534498674587
0.0004697968416630114
0.0004410084760754651
0.0004409711493830228
0.0005509950970795446
0.0
0.0
0.0
0.0
0.0
0.0
1.822395811938856e-5
2.744876305745633e-5
7.877841161359826e-5
0.00014368927563289423
0.00022693617952178804
0.000244956187342139
0.00035999367130051476
0.0003348918011098467
0.0002607991556082791
0.00011310559560340375
4.485270923870997e-5
0.0
0.0
0.0
0.0
0.0
0.0
0.0
0.0
0.0
0.0
0.0
0.0
0.0
0.0
0.0
0.0
0.0
0.0
0.0
0.0
0.0
0.0
0.0
0.0
0.0
2.9828373989974393e-6
0.0
0.0
0.0
0.0
0.0
0.0
0.0
0.0
0.0
0.0
0.0
0.0
0.0
0.0
0.0
0.0
0.0
0.001089649270459888
0.0006755104645692513
6.234926902597163e-5
0.0
0.0
0.0
0.0
0.0
0.0
0.0
0.0
7.848530502999977e-6
5.377815211232611e-6
0.0
0.0
3.5593741617926246e-5
0.0
0.0
0.0
0.0
0.0
0.0
0.0
0.0
0.0009980998555506968
0.001061871501750596
0.00032774046810854214
7.903792295452716e-5
7.826690837041931e-6
0.0
0.0
0.0
0.0
0.0
0.0
9.11315234648777e-6
3.2285795652137315e-5
6.945653981678298e-5
0.00014825981006877647
0.00022251759524862636
0.0
0.0
0.0
0.0
0.0
0.0
8.797320818266195e-6
3.7727235662806665e-5
0.0014315623714375488
0.001440623313448525
0.0005910523804505882
0.00029247682567580866
0.00016909360593098344
7.791963363858618e-5
4.498787155803997e-5
0.0
0.0
0.0
0.0
1.5185427667383618e-5
8.713446949465649e-5
0.00013284731036609373
0.00020905003608181363
0.0002634813519212003
0.0
0.0
0.0
0.0
0.0
0.0
2.288101309629246e-6
1.0341963207490975e-5
0.0012996424501274212
0.0011306564343315513
0.00042523546534202597
0.0002222691310335466
8.649310943139477e-5
1.240202880000714e-5
2.778784799603806e-6
0.0
0.0
0.0
0.0
1.1022387763303216e-5
1.1619668607770052e-5
0.0
0.0
8.125482760872105e-6
0.0
0.0
0.0
0.0
0.0
0.0
0.0
0.0
0.0005899463672438795
0.0007182122987244059
0.0005490300888097235
0.0003932172749292642
0.00019194317821382852
0.00013758701175164598
0.00023271686247020178
0.0002207664502641512
0.0002714125169951061
0.000309339137978449
0.000286162411090652
0.00035774261492554503
0.0
0.0
0.0
0.0
0.0
0.0
0.0
0.0
0.0
0.0
0.0
0.0
0.0
0.0
0.0
0.0
0.0
0.0
0.0
0.0
0.0
0.0
0.0
0.0
0.0
0.0
0.0
0.0
0.0
0.0
