0.00015706972579867826
8.64572955198785e-5
0.00011034600999620662
6.683318212875571e-5
0.00011605545617668371
8.844601908126852e-5
0.00014578064810647222
0.00011395237047294499
0.00015382423682370114
8.413623999232962e-5
8.954679435084428e-5
4.284462127721971e-5
9.98757261531408e-5
6.897574884555896e-5
0.00010374038723366914
7.332959351790217e-5
0.00010813316883275914
8.352763088069083e-5
0.00012807665785894408
7.711095403123669e-5
0.00012438277833495614
0.00011011901160847017
0.0001637078780298867
0.0001254088842783542
0.0002438981542048507
0.00023055695812415757
0.0003175153456075657
0.0002399687411847366
0.0003268685677934299
0.000281323514844409
5.9610817817562376e-5
0.001618769841443401
0.0011649143248522054
0.0009219141234178891
0.0003515800992204171
3.836649975016714e-6
0.0
0.0
0.0
0.0
0.0
1.0771255973466213e-5
0.0003916505819035969
0.000857257705376673
0.0013166289510474864
0.0013059726867343969
0.0
0.00013797909603701885
0.0002782289575054637
0.00032917102502052315
0.00046099061722426686
0.00046099587987188413
0.0006208373898634268
0.0005807161337068471
9.641126020693351e-5
0.002954679845339128
0.0021615225819340417
0.0014572473462091055
0.0008628981035249313
0.0003615521247473173
0.00017642209468667793
5.689384480810384e-5
5.2858618404584317e-5
0.00013550166220278835
0.00026503484673794336
0.0006631538021130131
0.0014005356630887574
0.0018350432902091254
0.0023410118325689
0.0027554493816959744
0.00020384443116840034
0.0004629057312134184
0.0007290091630403671
0.0007443794777836787
0.0009619368191851812
0.0008865035399778064
0.0011575740899270046
0.001006193387404314
0.00039579355523954355
0.004692491502318712
0.003382026415618167
0.0021453760905294182
0.0012180034218771012
0.0005102903618955212
0.00022354595080172995
1.0682631634509777e-5
0.0
0.0
0.0
6.209219133326229e-5
0.0003133427860937933
0.0008443667259058817
0.001529143520324667
0.001651613494767219
0.0
5.1634271558899086e-5
0.00017874426963944545
0.00019319155165375244
0.0002766265956593187
0.00026470311613454765
0.0002985657727034336
0.00025991209334616093
1.897505383563856e-5
0.001189300587736087
0.0006803469451207216
0.00026242971143644703
1.8427666361019594e-5
0.0
0.0
0.0
0.0
0.0
0.0
0.0
0.0
0.0
0.0
6.7816043697269775e-6
0.0
0.0
0.0
0.0
0.0001319277190765779
9.463321781216693e-5
0.00019516859088014422
0.0002509520296537909
3.763342477154906e-5
0.0008656016980339806
0.00024779223843488326
6.177622983335805e-6
0.0
0.0
0.0
0.0
0.0
0.0
0.0
0.0
0.0
0.0
0.0
6.562673303472329e-5
0.0
0.0
0.0
0.0
0.00013185473002577425
0.00020050981866729428
0.0002452480191277275
0.0003271156100832254
1.9779606108164616e-5
0.0018461127889087586
0.0017394951418302782
0.0015161635053179377
0.0009221315190603014
0.0005131883362956836
0.00035358856224059957
0.00012321160121356973
3.6792063104844093e-6
2.3427717601203158e-5
0.00018778795556512336
0.0008231886520390237
0.0
0.00015152007874561876
0.0003206191833272277
0.0003990557493588206
0.0005665316225931762
0.000561403932849903
0.0007774860892641913
0.0007432117280089508
0.0009575732580927287
0.000849319526912467
0.0010841015243429901
0.0009657721585374233
0.0012182096833377458
0.0010473860783027367
0.0012264946349561307
0.0008858270889920707
0.0008691260157103187
0.000580694735266746
0.0005365013144284915
0.00032404416249281207
0.0002350375545524476
0.0001243410874689022
0.00014695407407672764
0.0002446086802850923
0.00040807665859749897
0.0004420192098206841
0.0006168092172836677
0.0005958944801568388
0.0007670547611273617
0.0006756311099404945
0.0008718809059661397
0.0007776115121068191
0.0009385476031099545
0.0008453292483890949
0.0011009138240912512
0.0009358033540992455
0.0003548150167796491
0.004239042922299465
0.003275725290350909
0.0021777141560878786
0.001119836212436876
0.0002212306450908958
0.0
0.0
0.0
0.0
0.0
0.0
4.520740425191124e-5
0.0004208047564303467
0.000877836944028016
0.0009035036743364109
0.0
9.141551461876164e-5
0.00020449417815897577
0.000317986978020115
0.0003444372405227469
0.00043406488159412936
0.00042141464939251204
0.0006208889857627208
7.876077023066088e-5
0.0029472390842651013
0.0018744012483231276
0.000909677896739349
0.00032092743278325887
3.083788499075928e-5
0.0
0.0
0.0
0.0
0.0
0.0
4.455724381321028e-5
0.00025243401896298125
0.0008750702634059234
0.0015413573303595359
0.0
0.000254461315755668
0.00046532180455216923
0.000517225328250623
0.0007191589543348664
0.0006834782905019054
0.0008726686891902175
0.0007287749568610038
0.00014797740087519112
0.0031347601130544836
0.002803425451548059
0.0022933883401502243
0.0016092363790648058
0.0007252848962865522
0.0002767318084981958
0.00020360440773778952
0.00016095427669365753
0.00013061358160380853
0.00018380442512504338
0.00022855034351664983
0.00025763380598076396
0.00038410361014321135
0.0006376923924946576
0.0007518243088780131
0.0
4.386357532840685e-5
9.526959947391997e-5
0.00022433119151042493
0.00021479395108169513
0.0003403833370486915
0.0002815353746285637
0.000369074661817285
2.1904862985094195e-5
0.001410519881513603
0.0007853722192054856
0.00022826764614064632
1.1562016030034447e-5
0.0
1.077496013499026e-5
1.966216784350964e-5
2.2794464331003208e-5
0.00017392309084245022
0.00035480169112524245
0.00045513004143481764
0.0008239476832857704
0.0009014313011807349
0.0010562991785029608
0.001205365707672139
0.0
0.00021363359934819487
0.00035903065336919673
0.00039216630859764397
0.0005209916784236911
0.0004854475416797015
0.0006136096297119343
0.0005513037206424207
8.414388891237105e-5
0.0031531950080022717
0.002539141095679838
0.002003183682568172
0.0013651955350649381
0.001025810167434683
0.00045582849176440787
6.434487111835473e-5
0.0
0.0
0.0
9.647023189545641e-5
0.0005915987627146519
0.0009175619048577586
0.0012140767253969707
0.0015797230568776897
0.0
0.00014946225604226213
0.0003891019572993799
0.0003947645807041627
0.0006302927197863753
0.0005367100886686639
0.0007830449574856978
0.0006798928251310418
0.00018808805767629608
0.003768079434770621
0.0030180645402928803
0.002049262177795857
0.001337967894891765
0.000650514415914811
0.00024575202849793867
1.3844180625618339e-5
0.0
0.0
0.0
0.0003173953314974264
0.0
1.8257096184498264e-5
0.00010530162852350971
0.0002935021168287415
0.00031842100215979604
0.00048686910553637317
0.00044546009407641463
0.000702817028513911
0.0005772711349268116
0.000827018470301151
0.0007098464928216339
0.0009302935522336673
0.0007372006564632067
0.0009704650581932886
0.0006315388830106009
0.0005680183375084694
0.0003085369414784862
0.0002164093990988512
3.743289794038048e-5
5.241327123052115e-6
0.0
0.0
0.0
0.0
1.337854950930171e-5
7.056694062734075e-5
0.00016755593361116465
0.00022726241059641922
0.0004338270759793309
0.00040212992346769233
0.0006001700195263943
0.0005195277539457359
0.0008040009480222447
0.0006891843370359702
0.0009188215651665881
0.0007499942035115033
0.000989305703671509
0.0007849151517739148
0.0009445807923442645
0.0005854853738838523
0.0005556926947149618
0.0002935396488660622
0.00019428258938876633
2.817941765509284e-5
1.2058900056764827e-5
0.0
0.0
1.397773924206532e-5
0.000171214603587845
0.000208541170341805
0.00033767917256916075
0.00034151078136880874
0.000523067712482207
0.00044310100660991373
0.0007043265673942171
0.0005830067225359958
0.00078624166906142
0.0006145501193236175
0.0008358219928780444
0.000684093614548343
0.00024113358003879156
0.0030940704332796517
0.0018461056718613816
0.0005996319636001152
1.7573146211292296e-5
0.0
0.0
0.0
0.0
0.0
0.0
0.0
0.0
1.215911754941232e-5
0.00019411044257730176
0.00036369153010368667
0.0
0.0
6.0778348904036217e-5
0.00018741032010593164
0.00023223280405324184
0.0003847289799193838
0.000311456449826438
0.00041348815532317505
2.898293386058318e-5
0.0016618652808054154
0.0004259103179078707
0.0
0.0
0.0
0.0
0.0
0.0
0.0
0.0
0.0
0.0
0.0
0.0
0.0
0.0
0.0
0.0
0.0
0.00012024124359572347
0.00029326409527974807
0.0002857490428641694
0.0004234449952079633
2.364436489791834e-5
0.0015073215648147295
0.0005573422850815439
7.996598810064284e-5
0.0
0.0
0.0
0.0
0.0
0.0
0.0
0.0
0.0
0.0
0.0
0.0
0.0
0.0
0.0
0.0
0.0
0.0
3.82040120823663e-5
8.95876678001984e-5
1.3106295124076815e-6
0.0008012042856755848
0.00017190452012620422
0.0
0.0
0.0
0.0
0.0
0.0
0.0
0.0
0.0
0.0
0.0
0.0
6.640109676681727e-5
0.0
0.0
0.0
0.0
4.413528802015225e-5
0.00017716407140280739
0.00018970592934524293
0.00020527763471637388
1.123826120559263e-5
0.0016835814411326853
0.000598671791845999
3.097530617103091e-5
0.0
0.0
0.0
0.0
0.0
0.0
0.0
0.0
0.0
0.0
0.0
0.0
0.0
2.6596865436375152e-5
8.071650812746834e-5
0.0001408434661869881
0.00024458510134867453
0.00030584059473483385
0.00045001335036562424
0.00044853320926953896
0.0005841379297389655
0.0005261621626523327
0.0005851433301275966
0.00042379894108940847
0.00041053949047052327
0.0002983454320139644
0.00029734870531478137
0.0002028315758612352
0.00019371216113483767
0.00017653530385617567
0.00023151809519592737
0.0002789411130706426
0.0004437088364226265
0.0004881362608772054
0.0006988081345470635
0.0006661591959919733
0.0008689545442021158
0.000783209875730351
0.0010117338072220137
0.0009259118798102873
0.0012026917843575206
0.0009997301466607162
0.0011675669233678664
0.0009970661080232496
0.00045498163477200994
0.0044842481768772495
0.003323108638798998
0.002309868092656711
0.0012872494980827901
0.0005440185639046549
0.00020815404942428218
8.168442467481203e-6
0.0
0.0
0.0
0.0
8.938969817272755e-5
0.00024433194744262455
0.0005147164497077187
0.0006468357535848725
0.0
3.814375125472513e-5
0.00010819393950059252
0.00028027609350177716
0.0003556247135326979
0.000610349414723352
0.000537798520145798
0.0007199995442463722
7.933205002767331e-5
0.002534217728180414
0.001542414081775689
0.000498971153061066
6.557042140801651e-5
0.0
0.0
0.0
0.0
0.0
0.0
0.0
0.0
0.0
0.0
0.0
0.0
0.0
0.0
0.0
0.0
2.9853191194656682e-5
0.00011473182448448235
0.00014243316684536445
6.637594246870968e-6
0.0012808331292289397
0.000543964126734442
3.220026605429485e-5
0.0
0.0
0.0
0.0
0.0
0.0
0.0
0.0
0.0
0.0
0.0
2.2071172209179597e-5
0.0
0.0
0.0
0.0
5.735399790339846e-5
0.00020618109181318558
0.0002499640423024201
0.0003726357026757752
2.4260451140176162e-5
0.0016055441464082581
0.0005736912523130371
7.351089965122699e-5
0.0
0.0
0.0
0.0
0.0
0.0
0.0
0.0
0.0
0.0
0.0
0.0
0.0
0.0
0.0
0.0
0.0
0.0
0.0
0.0
1.1967402675425831e-5
0.0007032602563996222
0.00010814827468698661
0.0
0.0
0.0
0.0
0.0
0.0
0.0
0.0
0.0
0.0
0.0
0.0
8.088925031461123e-6
0.0
0.0
0.0
0.0
0.0001301699046867307
0.0002917235351173682
0.0002555576410046585
0.0003642963899231555
2.0926975885844772e-5
0.0017692457812856354
0.0010973269313993498
0.0004078274388049294
3.2800609616062536e-5
0.0
0.0
0.0
0.0
0.0
0.0
0.0
0.0
0.0
0.0
0.0
0.0
0.0
4.5920791120968303e-5
9.719137435445068e-5
0.0001581556038838919
0.0002574171589235322
0.0003894938201877042
0.0003662336942441696
0.0004399074157024051
0.0003342116080670401
0.00036713736647689827
0.000363675167201116
0.00043273734630262355
0.0003001342470503993
0.00022360638024563852
8.423455612851075e-5
1.2244165477266369e-5
1.2864333853700049e-5
3.924620865567127e-6
3.933000874531431e-5
0.0001856855241100644
0.00025335042692268547
0.000361550709600019
0.00039247541819820413
0.0005102592274575432
0.0004357292109662909
0.0005291591209282541
0.00046802243705075454
0.000544802182113345
0.0004930211348134758
0.0006129117092393566
0.0005648979027912175
0.00010088272399580492
0.0035519394117838957
0.002900432888804601
0.0021982600273181495
0.0013338389227529701
0.00027387938942781355
0.0
0.0
0.0
0.0
0.0
0.0
0.0
0.0
6.38524624635228e-5
0.00027012046044603476
0.0
6.773736144761752e-5
0.00021944143490685826
0.00044897549857990913
0.00041858839068998206
0.0006320371447793187
0.0005451813130665142
0.0007456539876595886
9.155889610169574e-5
0.003377969195698222
0.0020252973777484203
0.0007485338585120336
0.00021648118883676684
1.8728973229336128e-5
0.0
0.0
0.0
0.0
0.0
0.0
0.0002887959491940539
0.0010280722922652835
0.001345347178382889
0.001453428418254822
0.0
0.00016164959679565539
0.00031372422925914653
0.00048162127675245586
0.0004704594352511919
0.0006286622547633315
0.0005706544404078447
0.0006785398501171347
8.276783536260127e-5
0.0027523597485347804
0.0020677052111877036
0.0013115785180489105
0.0006041590038415829
0.0001985269833440216
0.0
0.0
0.0
0.0
0.0
9.19460986231856e-6
0.00012009453744463672
0.00016532558074329798
0.000359449932715783
0.000767493601876836
0.0
0.0
0.00013937980573947652
0.0003781279278571061
0.0003397302412819682
0.0004595039188732419
0.0004183785910617377
0.0006202217858209859
6.636954692493278e-5
0.0026128024043145432
0.0015932680870552438
0.0005075862493040595
0.00014210827770382817
0.0
0.0
0.0
0.0
0.0
0.0
0.0
6.611727351950042e-5
0.00021414850321720887
0.00045706101381485327
0.000686647113637507
0.0
0.0
0.00015208260500542778
0.000264882862991484
0.00036013166790264164
0.00036942655053636244
0.0005044455267509533
0.0004585349812285704
5.280399962612984e-5
0.0020039653703411244
0.0013021816053106394
0.0004578465534786536
0.00015550605103822765
1.955889498378346e-5
0.0
0.0
0.0
0.0
0.0
5.3602292878375706e-5
0.00035890638084514544
0.0006980643326481487
0.001040017991857772
0.001241013964811583
0.0
0.00016291325292485358
0.00029636839719805844
0.00043577613234927333
0.00043747666223107625
0.0006086878877060575
0.0006030449556239045
0.0007935655855880478
0.00011035594574319221
0.003582601197349617
0.0028080700723492284
0.001988984549795786
0.0010846571717216592
0.00035514769334245717
7.075132561906966e-5
0.0
0.0
0.0
0.0
0.00010445014197780754
0.0
0.0
5.508263821388333e-5
0.00013783364956859273
0.0002501186920977804
0.00022519231412955704
0.00041519254887042637
0.00039036114442893364
0.0005744541875382702
0.0004649832658349769
0.0006563726425717193
0.0006039289399266848
0.0008975503440334601
0.0007449123035921685
0.0009622389334757571
0.0006712676332659391
0.0006972732535338396
0.000409033742412799
0.0003974333413554812
0.0002501104887936353
0.00027068114436008177
0.0001885448816729952
0.0001976986655994653
0.00017002157270855155
0.00038076829835059024
0.0003785416713454347
0.0005704311526756237
0.0005031446948558991
0.0007372224620250802
0.0006206087736256547
0.0008465916904971332
0.0006851647198009476
0.0009226712068663519
0.0007202526364854479
0.0009257298800133074
0.0007167487649035747
0.0002656844149142502
0.0036062961694595884
0.0026022305694734164
0.0019111784736953624
0.0013040171940486291
0.0004802496264242245
4.22802044955723e-5
0.0
0.0
0.0
0.0
0.0
0.00030709218505194167
0.0008082841827915775
0.001209699717710997
0.0014489396803889305
0.0
0.00017061608217540627
0.0003392995806865777
0.00040131608125706643
0.0005596582004771894
0.0005129335896254838
0.000661302737359294
0.0005968172402140405
9.006143632480825e-5
0.0024471605525989227
0.0014054543111687331
0.0007760677710062379
0.00032578701487812474
6.25595905973979e-5
0.0
0.0
0.0
0.0
0.0
0.0
0.0
2.0492772233401824e-5
0.00014350336469538333
0.0002786601920627255
0.0
0.0
0.0
4.512746249921091e-5
9.562084885215905e-5
0.00021459339192026814
0.0001934969245749348
0.00028250854893407197
1.4726537882200534e-5
0.001107715454673197
0.00029335883211705627
2.1642574563672316e-5
0.0
0.0
0.0
0.0
0.0
0.0
0.0
0.0
0.0
0.0
0.0
7.305064719028015e-5
0.0
0.0
0.0
0.0001287973727802064
0.00021097516502132318
0.00030637495942370947
0.0003485433575636874
0.0005264270071399063
5.451832768303577e-5
0.0022278079257187773
0.0009201710956109892
0.0003058297162015908
2.469710436848748e-5
0.0
0.0
0.0
0.0
0.0
0.0
0.0
0.0
0.0
0.0
0.0
0.0
0.0
0.0
0.0
0.0
0.00018169004187194724
0.00017976197915529674
0.00030128546149451165
1.7167526813984472e-5
0.001414144050394731
0.00040054228266587203
4.464159830691404e-5
0.0
0.0
0.0
0.0
0.0
0.0
0.0
0.0
0.0
0.0
0.0
0.0
0.0
0.0
0.0
0.0
0.00012742451144431464
0.0002428383677357979
0.00037570225702170893
0.0004113346270322614
4.241600221790548e-5
0.0022188349219402674
0.0010479002667151064
0.0003286299102925744
3.683218096412827e-5
0.0
0.0
0.0
0.0
0.0
0.0
0.0
0.0
0.0
0.0
0.0
0.0
0.0
8.535139155373135e-5
9.543823242534936e-5
0.00018890157628498374
0.0001991802601801489
0.00033418263855895797
0.0002675924112573163
0.0004277227901119659
0.00034774624147211543
0.00034727059052818874
0.0001229804934105073
1.2689699260782736e-5
0.0
0.0
0.0
0.0
0.0
0.0
0.0
0.0
0.0
0.0
0.0
0.0
1.00738270325752e-6
2.186764800383227e-5
7.216747080469181e-5
0.00015345414305586048
0.0002328472342279055
0.0002688746943651068
0.0003243863152140127
1.7854239904698746e-5
0.0015259405432646086
0.00021360442328568406
0.0
0.0
0.0
0.0
0.0
0.0
0.0
0.0
0.0
0.0
0.0
0.0
0.0
0.0
0.0
0.0
0.0
0.0
0.0
0.00015636110993778434
0.0002465264429605986
1.475972746090731e-5
0.0007277469109224892
8.077835722894577e-5
0.0
0.0
0.0
0.0
0.0
0.0
0.0
0.0
0.0
0.0
0.0
0.0
0.0
0.0
0.0
0.0
0.0
0.0
0.0
0.0
0.0
0.0
0.0
0.0
0.0
0.0
0.0
0.0
0.0
0.0
0.0
0.0
0.0
0.0
0.0
0.0
0.0
0.0
0.0
0.0
0.0
0.0
0.0
0.0
0.0
1.4549410169346452e-5
0.0005364900625007209
0.0004086380517815358
0.00041010398352948473
0.0003050268894288824
0.0002246149368258535
0.0001732751156099059
0.00012952072096110155
0.00013784869639016316
0.00014667911832079658
0.00013714598507221445
0.0001673323276254679
0.00022898282418584652
0.0002610078206849405
0.0003339912120968204
0.0004571318526041191
0.0
0.0
0.0
0.0
0.00011017227880251097
0.0001474681361017354
0.00011642660466931227
0.00015258991840830572
4.18784861470708e-6
0.0005944897495880406
0.00034900438445406465
0.00015168665561235566
0.0
0.0
0.0
0.0
0.0
0.0
0.0
0.0
0.0
0.0
0.0
4.097456255656153e-6
0.0
0.0
0.0
0.0
0.0001676564715146341
0.0002418567729945324
0.0002823847851126668
0.0003937336986835363
2.6965132085606365e-5
0.0018731468017673884
0.0008851936578056649
0.0002871557579520388
1.8456700858908226e-5
0.0
0.0
0.0
0.0
0.0
0.0
0.0
0.0
0.0
0.0
0.0
0.0
0.0
9.458947836523349e-5
9.947290390592748e-5
0.00022105192062848894
0.00019982257655975496
0.0003048370431580165
0.00028011615950529397
0.00044558216055925397
0.0003366402902065669
0.00026165323083079196
2.8166130856867166e-5
0.0
0.0
0.0
0.0
0.0
0.0
0.0
0.0
0.0
0.0
0.0
0.0
0.0
0.0
0.0
0.0
0.0
2.6109914208988903e-6
1.6007739365230703e-5
1.4470015296936823e-5
7.882029101469587e-5
5.9096050374256115e-5
6.33913654045107e-5
1.1199615602413733e-5
0.0
0.0
0.0
0.0
0.0
0.0
0.0
0.0
0.0
0.0
0.0
1.5706226351602975e-6
3.142782136252029e-5
0.00011685396709937919
0.00014885646347488152
0.00016852215788900753
0.00022532463788579735
0.00022451209846484325
0.0002883310863783884
0.0002540205190255607
1.7519109040216583e-5
0.000365854697401702
0.00014832373812967626
9.745215508819888e-6
0.0
0.0
0.0
0.0
0.0
0.0
0.0
0.0
0.0
0.0
9.383471848445922e-6
0.0003027774532268563
0.0
0.0
0.0
0.00013430140515151748
0.00013962132260849893
0.00023265044633124997
0.00020662630262141185
0.00029690586259819803
1.5770963535020203e-5
0.0012146034471728468
0.0007051920827375323
0.0004246661715329747
0.00027783344489019116
8.035005586431269e-5
0.0
0.0
0.0
0.0
0.0
0.0
0.0
0.0
9.117749636266489e-5
0.0001388939286549902
0.0
0.0
0.0
9.461535051481925e-5
0.0001938464181008316
0.00025670684179255324
0.00025072076832191495
0.0003943414438787825
3.0388637071235437e-5
0.001908159820618638
0.0008168012255518039
0.00034041123985781605
9.994510874366303e-5
0.0
0.0
0.0
0.0
0.0
0.0
0.0
5.479728536616212e-5
0.00030367692152814547
0.00048599758095595506
0.0005572644312249139
0.0
0.0
0.0
0.00012486759179385505
0.0002539248306408943
0.00023373322839508284
0.00036463596121292163
0.00029889456544427437
5.016639863837361e-5
0.0016301136753575736
0.0007900450387773423
0.0003594626566681583
8.118322709910498e-5
0.0
0.0
0.0
0.0
0.0
0.0
0.0
0.0
3.338046950442918e-5
0.00019287381811641972
0.00029872186039701476
0.0
0.0
0.00013642054636093173
0.0002461718227338254
0.0003236395313476843
0.00030615273519733424
0.00038751102140560623
0.00037563376337359405
3.600466141772937e-5
0.0018619090518129445
0.0010494026799665475
0.0004426714819640962
6.586356029998008e-5
0.0
0.0
0.0
0.0
0.0
0.0
0.0
0.0
0.0
0.0
0.0
0.0
0.0
9.894944660804405e-5
0.00014343685185434698
0.00028926234410474246
0.0002780585471082725
0.0004355593699408727
0.000358125584149994
0.0004891390387230856
0.0003750083586727597
0.00044803187133660524
0.0003150970111464218
0.0002830767536245869
1.3618395440806806e-5
0.0
0.0
0.0
0.0
0.0
0.0
0.0
0.0
0.0
0.0
7.90805350062838e-6
0.00011716647269423
0.0002156014852996822
0.00036484211750044176
0.0002667880054907532
0.0003707792405650288
0.0003190007559370615
0.00043452753198235897
3.738186370947677e-5
0.0011752406159708838
0.0002126731689520115
0.0
0.0
0.0
0.0
0.0
0.0
0.0
0.0
0.0
0.0
0.0
0.0
0.0
0.0
0.0
0.0
0.00012949742838695404
0.00023759202235194656
0.0002874265378360015
0.00043713179755999044
0.0004185121804877235
3.8818808327357015e-5
0.0013011765950803737
0.00027918109898218804
0.0
0.0
0.0
0.0
0.0
0.0
0.0
0.0
0.0
0.0
0.0
0.0
0.0
0.0
0.0
0.0
0.0
0.0
0.0
0.00010958096719735098
0.0001039642616802523
3.55178508469241e-6
0.0002663929985845843
0.0
0.0
0.0
0.0
0.0
0.0
0.0
0.0
0.0
0.0
0.0
0.0
0.0
0.0
0.0
0.0
0.0
0.0
0.0
0.0
0.0
0.0
1.4952792318760099e-5
0.0002871194259260993
0.0
0.0
0.0
0.0
0.0
0.0
0.0
0.0
0.0
0.0
0.0
0.0
0.0
0.0
0.0
0.0
0.0
0.0
0.0
0.0
0.0
0.0
2.343203349113003e-5
0.0003054048600850001
0.0
0.0
0.0
0.0
0.0
0.0
0.0
0.0
0.0
0.0
0.0
0.0
0.0
0.0
0.0
0.0
0.0
0.0
0.0
0.0
5.7133693355965026e-5
0.00025093485649906527
1.6169426659566662e-5
0.0012168277901051172
0.0003352460274569884
7.426338190521091e-5
0.0
0.0
0.0
0.0
0.0
0.0
0.0
0.0
0.0
0.0
0.0
0.0
0.0
0.0
0.0
5.729882793395218e-5
0.00012492665119317155
0.00016889521019480296
0.00015351883841749407
0.0001476764396971647
0.00016243244426695076
0.00012601386026722683
9.02983731537185e-6
0.0
0.0
0.0
0.0
0.0
0.0
0.0
0.0
0.0
0.0
0.0
0.0
0.0
0.0
0.0
0.0
0.0
0.0
0.0
0.0
0.0
7.77276410375492e-7
2.7141579519931348e-5
0.0
0.0
0.0
0.0
0.0
0.0
0.0
0.0
0.0
0.0
0.0
0.0
0.0
0.0
0.0
0.0
0.0
0.0
0.0
0.0
0.0
0.00014393619377300667
3.691020964363712e-6
0.00024751445785255996
0.0
0.0
0.0
0.0
0.0
0.0
0.0
0.0
0.0
0.0
0.0
0.0
0.0
0.0
0.0
0.0
0.0
0.0
0.0
0.0
0.0
0.0
0.0
0.0
0.0
0.0
0.0
0.0
0.0
0.0
0.0
0.0
0.0
0.0
0.0
0.0
0.0
0.0
0.0
0.0
0.0
0.0
0.0
0.0
0.0
0.0
5.992032639745953e-6
0.00019872230464436277
1.4777909443428139e-5
0.0
0.0
0.0
0.0
0.0
0.0
0.0
0.0
0.0
0.0
0.0
0.0
0.0
0.0
0.0
0.0
0.0
0.0
0.0
0.0
7.675932636901736e-5
1.8196261149515278e-5
0.00032293940144121323
1.0252329140636364e-6
0.0
0.0
0.0
0.0
0.0
0.0
0.0
0.0
0.0
0.0
0.0
0.0
0.0
0.0
0.0
0.0
0.0
0.0
0.0
0.0
0.0
9.961231200010424e-6
0.0003297281675738584
3.477106406688104e-5
0.0
0.0
0.0
0.0
0.0
0.0
0.0
0.0
0.0
0.0
0.0
0.0
0.0
0.0
0.0
7.676090298799504e-5
8.082160130447551e-5
0.0002023676238807508
0.00023082579978917235
0.0003246700082422333
0.0002635338665950551
0.0003888904972529263
0.0002716036343997551
0.00030789736494858097
0.00015845490021326635
0.0001229721705243199
5.135225525371557e-5
0.0
0.0
0.0
0.0
1.2248065284750418e-5
3.1857704235583704e-5
0.00016407040484087802
0.00017748337541237727
0.0002766320985886095
0.00024914355642326256
0.0004220369130690443
0.00036901358037983204
0.0005298149472048257
0.00043172033575897614
0.0005888148001724581
0.0004826973600665761
0.0006215528355313215
6.528459250721883e-5
0.0021094215762362243
0.0015468329228203372
0.0007226650592989725
7.419931373063334e-5
0.0
0.0
0.0
0.0
0.0
0.0
0.0
0.0
0.0
0.0
0.0
0.0
0.0
0.0
0.0
0.00015791427133725629
0.00017905321954449468
0.00039859572171291135
0.0003691547500539956
7.037206660215472e-5
0.0017850464710403883
0.0007464797938619478
0.0002713941728422374
2.5225926094431325e-5
0.0
0.0
0.0
0.0
0.0
0.0
0.0
0.0
0.0
0.0
0.0
0.0
0.0
0.0
0.0
0.0
0.0
4.4087138506446634e-5
0.00016628506571890662
7.348971285457658e-6
0.0017142001655881915
0.0014344164220079433
0.0012072218758170173
0.0011775647236943521
0.0011000837814276244
0.0008735722969619988
0.0003660915195380227
6.400435606444065e-5
0.0
0.0
0.0
0.0
0.0
6.213437832908407e-5
0.0001221660056324747
0.0
0.0
0.0
0.00011301120174622292
0.0002522055865287153
0.0002591765186997309
0.00038612318279811344
0.0003375460944402245
7.311547915723394e-5
0.0017461645821679767
0.0006122945904644389
0.0001232372094524536
0.0
0.0
0.0
0.0
0.0
0.0
0.0
0.0
0.0
0.0
0.0
0.0
0.0
0.0
0.0
0.0
0.0
0.0
0.0
0.0
1.6326386575622732e-6
0.00030808437513733496
0.00018203390208980125
7.963207899662559e-5
0.0
0.0
0.0
0.0
0.0
0.0
0.0
0.0
0.0
0.0
0.0
0.0
0.0
0.0
0.0
0.0
0.0
0.00011237098709285321
0.00021342841775809474
0.00015231277123960675
2.4337579761256714e-5
0.0007702731964414643
0.00033471906599814735
3.8535099153964224e-5
0.0
0.0
0.0
0.0
0.0
0.0
0.0
0.0
0.0
0.0
0.0
0.0
0.0
0.0
0.0
0.0
0.0
0.0
6.720098569692772e-5
0.00011194298522216323
0.0001431396479712273
0.0001580236428452111
7.10492381734707e-5
0.0
0.0
0.0
0.0
0.0
0.0
0.0
0.0
0.0
0.0
0.0
0.0
0.0
0.0
0.0
0.0
0.0
0.0
0.0
0.0
0.0
0.0
0.00013190975616548454
0.0
0.0
0.0
0.0
0.0
0.0
0.0
0.0
0.0
0.0
0.0
0.0
0.0
0.0
0.0
0.0
0.0
0.0
0.0
0.0
0.0
0.0
0.0
0.0
0.0
0.0
0.0
0.0
0.0
0.0
0.0
0.0
0.0
0.0
0.0
0.0
0.0
0.0
0.0
0.0
0.0
0.0
0.0
0.0
0.0
0.0
7.898113826115108e-6
0.00022234391798108108
0.0
0.0
0.0
0.0
0.0
0.0
0.0
0.0
0.0
0.0
0.0
0.0
0.0
0.0
0.0
0.0
0.0
0.0
0.0
0.0
0.0
0.0
2.3790497725756136e-5
0.000911814864354321
0.00035387710979681747
4.5635650635148087e-5
0.0
0.0
0.0
0.0
0.0
0.0
0.0
0.0
0.0
0.0
3.130759227611952e-5
0.00011420251830358622
0.0
0.0
0.0
0.0
0.00023195873506441062
0.00034968408063937957
0.0003819946652786309
0.0005535782187817915
5.467968399136213e-5
0.0020903749508899188
0.0006548573165751593
0.00016505730250288516
0.0
0.0
0.0
0.0
0.0
0.0
0.0
0.0
0.0
0.0
0.0
0.0
0.0
0.0
0.0
0.0
0.0
0.0
0.0
4.057980766675254e-5
5.956177135871262e-6
0.0007726096287787457
0.00017223578764854068
0.0
0.0
0.0
0.0
0.0
0.0
0.0
0.0
0.0
0.0
0.0
0.0
0.0
0.0
0.0
0.0
0.0
0.0
0.0
0.0
0.0
0.0
0.0
0.0
0.0
0.0
0.0
0.0
0.0
0.0
0.0
0.0
0.0
0.0
0.0
8.134572861702887e-6
4.000562704728367e-5
9.839536491194433e-5
0.000263881450001389
0.00029722232274244576
0.00046176202517246513
0.00038238261081731243
0.0005221392664904863
0.00042256885897562485
0.0005797854050392278
6.1675694923431e-5
0.002674503077974796
0.0021707325206056375
0.0013282337767601066
0.0006892594799405626
0.0006153600162448711
0.0004097657673165985
9.382426034436013e-5
0.0
0.0
0.0
0.0
0.00017281860581542177
0.0006721567257495464
0.0011400246686691477
0.001266393754098205
0.0
0.00019581236711061566
0.0003210084893311655
0.0003506000681061551
0.00046123841109278535
0.0004394523591330791
0.0005664518648435516
0.0005018681124507703
6.563697216725714e-5
0.002397301143414609
0.0019777948755342906
0.0015072298756031994
0.0009831477503734784
0.0005369258701929903
0.0001918550108086832
7.575269856811328e-6
0.0
0.0
0.0
0.0
0.0
0.0
0.0002159472665934645
0.00046177305278412187
0.0
0.0
0.0
0.0001949678866117365
0.0002453102862075579
0.00042577588989086156
0.0003811087760850085
0.0005512001793976446
4.944917773993848e-5
0.0027862858404633286
0.0022753510135830905
0.0016550219811104902
0.001172407069988197
0.0007061308015690748
0.00024305757047999926
0.0001493810884139739
4.2746044463362503e-5
0.0
0.0
0.0
0.0
0.00011512752299874067
0.0003756928668777693
0.00043968919623711195
0.0
0.0
0.00011147305853009876
0.00021527153585404094
0.0003417241391216026
0.00044370188362094504
0.0006955027422133269
0.0006201237039993502
9.483385296965809e-5
0.002814243353582422
0.0016617292917558062
0.0007843818362218812
0.0003499444876992029
9.490244203194915e-5
0.0
0.0
0.0
0.0
0.0
0.0
0.0
0.0
0.0
0.0
0.0
0.0
0.0
0.0
0.00022414089680690088
0.0002371245741134566
0.000423350180738121
0.00039106346101837564
7.602605964402723e-5
0.0021187325529524047
0.0006101727855410868
3.896192097022262e-5
0.0
0.0
0.0
0.0
0.0
0.0
0.0
0.0
0.0
0.0
0.0
0.0
0.0
0.0
0.0
0.0
0.0
0.0
0.0
0.0
0.0
0.0
0.0
0.0
0.0
0.0
0.0
0.0
0.0
0.0
0.0
0.0
0.0
0.0
0.0
0.0
0.0
0.0
0.0
0.0
0.0
0.0
0.0
0.0
0.0
0.0
0.0
0.0
0.0
0.0
0.0
0.0
0.0
0.0
0.0
0.0
0.0
0.0
0.0
0.0
0.0
0.0
0.0
0.0
0.0
0.0
0.0
0.0
0.0
0.0
0.0
0.0
0.0
0.0
0.0
0.0
0.0
0.0
0.0
0.0
0.0
0.0
0.0
0.0
0.0
0.0
0.0
0.0
0.0
0.0
0.0
0.0
0.0
0.0
0.0
0.0
0.0
0.0
0.0
0.0
0.0
0.0
0.0
0.0
0.0
0.0
0.0
0.0
0.0
0.0
0.0
0.0
0.0
0.0
0.0
0.0
1.7028512897502644e-5
0.0003853796125993839
0.00011976593273817542
0.0
0.0
0.0
0.0
0.0
0.0
0.0
0.0
0.0
0.0
0.0
0.0
0.0
0.0
0.0
0.0
0.0
0.0
0.0
0.0
0.0
1.4790486897823266e-5
0.0002074437755998839
1.419766407859663e-6
0.0
0.0
0.0
0.0
0.0
0.0
0.0
0.0
0.0
0.0
0.0
0.0
0.0
0.0
0.0
0.0
0.0
0.0
0.0
0.0
0.0
0.0
0.0
0.0
0.0
0.0
0.0
0.0
0.0
0.0
0.0
0.0
0.0
0.0
0.0
0.0
0.0
0.0
0.0
0.0
0.0
0.0
0.0
0.0
0.0
0.0
7.172866166702591e-5
0.0
0.0
0.0
0.0
0.0
0.0
0.0
0.0
0.0
0.0
0.0
0.0
0.0
0.0
0.0
0.0
0.0
0.0
0.0
0.0
0.0
0.0
0.0
0.0
0.0
0.0
0.0
0.0
0.0
0.0
0.0
0.0
0.0
0.0
0.0
0.0
0.0
0.0
0.0
0.0
0.0
0.0
0.0
0.0
0.0
4.247025275072538e-5
2.235553632974532e-6
0.00022758327184676868
7.0658880518115265e-6
0.0
0.0
0.0
0.0
0.0
0.0
0.0
0.0
0.0
0.0
0.0
0.0
0.0
0.0
0.0
0.0
0.0
0.0
0.00011457275598099063
0.00025564817989761203
0.00025876289615051713
4.5929572597901216e-5
0.0014766308588350218
0.0007259485899918068
0.0002926318698922388
2.009522718242208e-5
0.0
0.0
0.0
0.0
0.0
0.0
0.0
0.0
0.0
0.0
0.0
0.0
0.0
0.0
0.0
0.0
0.0
0.0
6.975267057962864e-5
5.128620687076796e-6
9.7803289574279e-5
0.0
0.0
0.0
0.0
0.0
0.0
0.0
0.0
0.0
0.0
0.0
0.0
0.0
0.0
0.0
0.0
0.0
0.0
0.0
0.0
0.0
0.0
0.0
0.0
0.0
0.0
0.0
0.0
0.0
0.0
0.0
0.0
0.0
0.0
0.0
0.0
0.0
0.0
0.0
0.0
0.0
0.0
0.0
0.0
0.0
0.0
0.0
0.0
0.0
0.0
0.0
0.0
0.0
0.0
0.0
0.0
0.0
0.0
0.0
0.0
0.0
0.0
0.0
0.0
0.0
0.0
0.0
0.0
0.0
0.0
1.1148610285138643e-5
0.00035134079863052186
6.32472486676384e-5
0.0
0.0
0.0
0.0
0.0
0.0
0.0
0.0
0.0
0.0
0.0
0.0
0.0
0.0
0.0
0.0
0.0
0.0
0.0
0.0
0.0
0.0
0.0
0.0
0.0
0.0
0.0
0.0
0.0
0.0
0.0
0.0
0.0
0.0
0.0
0.0
0.0
0.0
0.0
0.0
0.0
0.0
0.0
0.0
0.0
0.0
0.0
0.0
0.0
0.0
0.0
0.0
0.0
0.0
0.0
0.0
0.0
0.0
0.0
0.0
0.0
0.0
0.0
0.0
0.0
0.0
0.0
0.0
0.0
0.0
0.0
0.0
0.0
0.0
0.0
0.0
0.0
0.0
0.0
0.0
0.0
0.0
0.0
0.0
0.0
0.0
0.0
0.0
0.0
0.0
0.0
0.0
0.0
0.0
0.0
0.0
0.0
0.0
0.0
0.0
0.0
0.0
0.0
0.0
0.0
0.0
0.0
0.0
0.0
0.0
0.0
0.0
0.0
0.0
0.0
0.0
0.0
0.0
0.0
0.0
0.0
0.0
0.0
0.0
0.0
0.0
0.0
0.0
0.0
0.0
0.0
0.0
0.0
0.0
0.0
0.0
0.0
0.0
0.0
0.0
0.0
0.0
0.0
0.0
0.0
0.0
0.0
0.0
0.0
0.0
0.0
0.0
0.0
0.0
0.0
0.0
0.0
0.0
0.0
0.0
0.0
0.0
0.0
0.0
0.0
0.0
0.0
0.0
0.0
0.0
0.0
0.0
0.0
0.0
0.0
0.0
0.0
0.0
0.0
0.0
0.0
0.0
0.0
0.0
0.0
0.0
0.0
0.0
0.0
0.0
0.0
0.0
0.0
0.0
0.0
0.0
0.0
0.0
0.0
0.0
0.0
0.0
0.0
0.0
0.0
0.0
0.0
0.0
0.0
0.0
0.0
0.0
0.0
0.0
0.0
0.0
0.0
0.0
0.0
0.0
0.0
0.0
0.0
0.0
0.0
0.0
0.0
0.0
0.0
0.0
0.0
0.0
0.0
0.0
0.0
0.0
0.0
0.0
0.0
0.0
0.0
0.0
0.0
0.0
0.0
0.0
0.0
0.0
0.0
0.0
0.0
0.0
0.0
0.0
0.0
0.0
0.0
0.0
0.0
0.0
0.0
0.0
0.00015102829280748612
1.5138594271873959e-5
0.0
0.0
0.0
0.0
0.0
0.0
0.0
0.0
0.0
0.0
0.0
0.0
0.0
0.0
0.0
0.0
0.0
0.0
0.0
0.0
0.0
9.017401427594616e-6
0.0001472260447519609
1.65055187245837e-6
0.0
0.0
0.0
0.0
0.0
0.0
0.0
0.0
0.0
0.0
0.0
0.0
0.0
0.0
0.0
0.0
0.0
0.0
0.0
0.0
0.0
6.45531146034518e-6
8.978457050918511e-5
0.0
0.0
0.0
0.0
0.0
0.0
0.0
0.0
0.0
0.0
0.0
0.0
0.0
0.0
0.0
0.0
0.0
0.0
0.0
0.0
0.0
0.0
0.0
0.0
0.0
0.0
0.0
0.0
0.0
0.0
0.0
0.0
0.0
0.0
0.0
0.0
0.0
0.0
0.0
0.0
0.0
0.0
0.0
0.0
0.0
0.0
0.0
0.0
0.0
0.0
0.0
0.0
0.0
0.0
0.0
0.0
0.0
0.0
0.0
0.0
0.0
0.0
0.0
0.0
0.0
0.0
0.0
0.0
0.0
0.0
0.0
0.0
0.0
0.0
0.0
0.0
0.0
0.0
0.0
0.0
0.0
0.0
0.0
0.0
0.0
0.0
0.0
0.0
0.0
0.0
0.0
0.0
0.0
0.0
0.0
0.0
0.0
0.0
0.0
0.0
0.0
0.0
0.0
0.0
0.0
0.0
0.0
0.0
0.0
0.0
0.0
0.0
0.0
0.0
0.0
0.0
0.0
0.0
0.0
0.0
0.0
0.0
0.0
0.0
0.0
0.0
0.0
0.0
0.0
0.0
0.0
0.0
0.0
0.0
0.0
0.0
0.0
0.0
0.0
0.0
0.0
0.0
0.0
0.0
0.0
0.0
0.0
0.0
0.0
0.0
0.0
0.0
0.0
0.0
0.0
0.0
0.0
0.0
0.0
0.0
0.0
0.0
0.0
0.0
0.0
0.0
0.0
0.0
0.0
0.0
0.0
0.0
0.0
0.0
0.0
0.0
0.0
0.0
0.0
0.0
0.0
0.0
0.0
0.0
0.0
0.0
0.0
0.0
0.0
0.0
0.0
8.91750035837058e-5
0.0
0.0
0.0
0.0
0.0
0.0
0.0
0.0
0.0
0.0
0.0
0.0
0.0
0.0
0.0
0.0
0.0
0.0
0.0
0.0
0.0
0.0
0.0
0.0
0.0
0.0
0.0
0.0
0.0
0.0
0.0
0.0
0.0
0.0
0.0
0.0
0.0
0.0
0.0
0.0
0.0
0.0
0.0
0.0
0.0
0.0
1.2296703570096496e-6
2.792448293055653e-6
0.0
0.0
0.0
0.0
0.0
0.0
0.0
0.0
0.0
0.0
0.0
0.0
0.0
0.0
0.0
0.0
0.0
0.0
0.0
0.0
0.0
0.0
0.0
0.0
0.0
0.0
0.0
0.0
0.0
0.0
0.0
0.0
0.0
0.0
0.0
0.0
0.0
0.0
0.0
0.0
0.0
0.0
0.0
0.0
0.0
0.0
0.0
0.0
0.0
0.0
0.0
0.0
0.0
0.0
0.0
0.0
0.0
0.0
0.0
0.0
0.0
0.0
0.0
0.0
0.0
0.0
0.0
0.0
0.0
0.0
0.0
0.0
0.0
0.0
0.0
0.0
0.0
0.0
0.0
0.0
0.0
0.0
0.0
0.0
0.0
0.0
0.0
0.0
0.0
0.0
0.0
0.0
0.0
0.0
0.0
0.0
0.0
0.0
0.0
0.0
0.0
0.0
0.0
0.0
0.0
0.0
0.0
0.0
0.0
0.0
0.0
0.0
0.0
0.0
0.0
0.0
0.0
0.0
0.0
0.0
0.0
0.0
0.0
0.0
0.0
0.0
0.0
0.0
0.0
0.0
0.0
0.0
0.0
0.0
0.0
0.0
0.0
0.0
0.0
0.0
0.0
0.0
0.0
0.0
0.0
0.0
0.0
0.0
0.0
0.0
0.0
0.0
0.0
0.0
0.0
0.0
0.0
0.0
0.0
0.0
0.0
0.0
0.0
0.0
0.0
0.0
0.0
0.0
0.0
0.0
0.0
0.0
0.0
0.0
0.0
0.0
0.0
0.0
0.0
0.0
0.0
0.0
0.0
0.0
0.0
0.0
0.0
0.0
0.0
0.0
0.0
0.0
0.0
0.0
0.0
0.0
0.0
0.0
0.0
0.0
0.0
0.0
0.0
0.0
0.0
0.0
0.0
0.0
0.0
0.0
0.0
0.0
0.0
0.0
0.0
0.0
0.0
0.0
0.0
0.0
0.0
0.0
0.0
0.0
0.0
0.0
0.0
0.0
0.0
0.0
0.0
0.0
0.0
0.0
0.0
0.0
0.0
0.0
0.0
0.0
0.0
0.0
0.0
0.0
0.0
0.0
0.0
0.0
0.0
0.0
0.0
0.0
0.0
0.0
0.0
0.0
0.0
0.0
0.0
0.0
0.0
0.0
0.0
0.0
0.0
0.0
0.0
0.0
0.0
0.0
0.0
0.0
0.0
0.0
0.0
0.0
0.0
0.0
0.0
0.0
0.0
0.0
0.0
0.0
0.0
0.0
0.0
0.0
0.0
0.0
0.0
0.0
0.0
0.0
0.0
0.0
0.0
0.0
0.0
0.0
0.0
0.0
0.0
0.0
0.0
0.0
0.0
0.0
0.0
0.0
0.0
0.0
0.0
0.0
0.0
0.0
0.0
0.0
0.0
0.0
0.0
0.0
0.0
0.0
0.0
0.0
0.0
0.0
0.0
0.0
0.0
0.0
0.0
0.0
0.0
0.0
0.0
0.0
0.0
0.0
0.0
0.0
0.0
0.0
0.0
0.0
0.0
0.0
0.0
0.0
0.0
0.0
0.0
0.0
0.0
0.0
0.0
0.0
0.0
0.0
0.0
0.0
0.0
0.0
0.0
0.0
0.0
0.0
0.0
0.0
0.0
0.0
0.0
0.0
0.0
0.0
0.0
0.0
0.0
0.0
0.0
0.0
0.0
0.0
0.0
0.0
0.0
0.0
0.0
0.0
0.0
0.0
0.0
0.0
0.0
0.0
0.0
0.0
0.0
0.0
0.0
0.0
0.0
0.0
0.0
0.0
0.0
0.0
0.0
0.0
0.0
0.0
0.0
0.0
0.0
0.0
0.0
0.0
0.0
0.0
0.0
0.0
0.0
0.0
0.0
0.0
0.0
0.0
0.0
0.0
0.0
0.0
0.0
0.0
0.0
0.0
0.0
0.0
0.0
0.0
0.0
0.0
0.0
0.0
0.0
0.0
0.0
0.0
0.0
0.0
0.0
0.0
0.0
0.0
0.0
0.0
0.0
0.0
0.0
0.0
0.0
0.0
0.0
0.0
0.0
0.0
0.0
0.0
0.0
0.0
0.0
0.0
0.0
0.0
0.0
0.0
0.0
0.0
0.0
0.0
0.0
0.0
0.0
0.0
0.0
0.0
0.0
0.0
0.0
0.0
0.0
0.0
0.0
0.0
0.0
0.0
0.0
0.0
0.0
0.0
0.0
0.0
0.0
0.0
0.0
0.0
0.0
0.0
0.0
0.0
0.0
0.0
0.0
0.0
0.0
0.0
0.0
0.0
0.0
0.0
0.0
0.0
0.0
0.0
0.0
0.0
0.0
0.0
0.0
0.0
0.0
0.0
0.0
0.0
0.0
0.0
0.0
0.0
0.0
0.0
0.0
0.0
0.0
0.0
0.0
0.0
0.0
0.0
0.0
0.0
0.0
0.0
0.0
0.0
0.0
0.0
0.0
0.0
0.0
0.0
0.0
0.0
0.0
0.0
0.0
0.0
0.0
0.0
0.0
0.0
0.0
0.0
0.0
0.0
0.0
0.0
0.0
0.0
0.0
0.0
0.0
0.0
0.0
0.0
0.0
0.0
0.0
0.0
0.0
0.0
0.0
0.0
0.0
0.0
0.0
0.0
0.0
0.0
0.0
0.0
0.0
0.0
0.0
0.0
0.0
0.0
0.0
0.0
0.0
0.0
0.0
0.0
0.0
0.0
0.0
0.0
0.0
0.0
0.0
0.0
0.0
0.0
0.0
0.0
0.0
0.0
0.0
0.0
0.0
0.0
0.0
0.0
0.0
0.0
0.0
0.0
0.0
0.0
0.0
0.0
0.0
0.0
0.0
0.0
0.0
0.0
0.0
0.0
0.0
0.0
0.0
0.0
0.0
0.0
0.0
0.0
0.0
0.0
0.0
0.0
0.0
0.0
0.0
0.0
0.0
0.0
0.0
0.0
0.0
0.0
0.0
0.0
0.0
0.0
0.0
0.0
0.0
0.0
0.0
0.0
0.0
0.0
0.0
0.0
0.0
0.0
0.0
0.0
0.0
0.0
0.0
0.0
0.0
0.0
0.0
0.0
0.0
0.0
0.0
0.0
0.0
0.0
0.0
0.0
0.0
0.0
0.0
0.0
0.0
0.0
0.0
0.0
0.0
0.0
0.0
0.0
0.0
0.0
0.0
0.0
0.0
0.0
0.0
0.0
0.0
0.0
0.0
0.0
0.0
0.0
0.0
0.0
0.0
0.0
0.0
0.0
0.0
0.0
0.0
0.0
0.0
0.0
0.0
0.0
0.0
0.0
0.0
0.0
0.0
0.0
0.0
0.0
0.0
0.0
0.0
0.0
0.0
0.0
0.0
0.0
0.0
0.0
0.0
0.0
0.0
0.0
0.0
0.0
0.0
0.0
0.0
0.0
0.0
0.0
0.0
0.0
0.0
0.0
0.0
0.0
0.0
0.0
0.0
0.0
0.0
0.0
0.0
0.0
0.0
0.0
0.0
0.0
0.0
0.0
0.0
0.0
0.0
0.0
0.0
0.0
0.0
0.0
0.0
0.0
0.0
0.0
0.0
0.0
0.0
0.0
0.0
0.0
0.0
0.0
0.0
0.0
0.0
0.0
0.0
0.0
0.0
0.0
0.0
0.0
0.0
0.0
0.0
0.0
0.0
0.0
0.0
0.0
0.0
0.0
0.0
0.0
0.0
0.0
0.0
0.0
0.0
0.0
0.0
0.0
0.0
0.0
0.0
0.0
0.0
0.0
0.0
0.0
0.0
0.0
0.0
0.0
0.0
0.0
0.0
0.0
0.0
0.0
0.0
0.0
0.0
0.0
0.0
0.0
0.0
0.0
0.0
0.0
0.0
0.0
0.0
0.0
0.0
0.0
0.0
0.0
0.0
0.0
0.0
0.0
0.0
0.0
0.0
0.0
0.0
0.0
0.0
0.0
0.0
0.0
0.0
0.0
0.0
0.0
0.0
0.0
0.0
0.0
0.0
0.0
0.0
0.0
0.0
0.0
0.0
0.0
0.0
0.0
0.0
0.0
0.0
0.0
0.0
0.0
0.0
0.0
0.0
0.0
0.0
0.0
0.0
0.0
0.0
0.0
0.0
0.0
0.0
0.0
0.0
0.0
0.0
0.0
0.0
0.0
0.0
0.0
0.0
0.0
0.0
0.0
0.0
0.0
0.0
0.0
0.0
0.0
0.0
0.0
0.0
0.0
0.0
0.0
0.0
0.0
0.0
0.0
0.0
0.0
0.0
0.0
0.0
0.0
0.0
0.0
0.0
0.0
0.0
0.0
0.0
0.0
0.0
0.0
0.0
0.0
0.0
0.0
0.0
0.0
0.0
0.0
0.0
0.0
0.0
0.0
0.0
0.0
0.0
0.0
0.0
0.0
0.0
0.0
0.0
0.0
0.0
0.0
0.0
0.0
0.0
0.0
0.0
0.0
0.0
0.0
0.0
0.0
0.0
0.0
0.0
0.0
0.0
0.0
0.0
0.0
0.0
0.0
0.0
0.0
0.0
0.0
0.0
0.0
0.0
0.0
0.0
0.0
0.0
0.0
0.0
0.0
0.0
0.0
0.0
0.0
0.0
0.0
0.0
0.0
0.0
0.0
0.0
0.0
0.0
0.0
0.0
0.0
0.0
0.0
0.0
0.0
0.0
0.0
0.0
0.0
0.0
0.0
0.0
0.0
0.0
0.0
0.0
0.0
0.0
0.0
0.0
0.0
0.0
0.0
0.0
0.0
0.0
0.0
0.0
0.0
0.0
0.0
0.0
0.0
0.0
0.0
0.0
0.0
0.0
0.0
0.0
0.0
0.0
0.0
0.0
0.0
0.0
0.0
0.0
0.0
0.0
0.0
0.0
0.0
0.0
0.0
0.0
0.0
0.0
0.0
0.0
0.0
0.0
0.0
0.0
0.0
0.0
0.0
0.0
0.0
0.0
0.0
0.0
0.0
0.0
0.0
0.0
0.0
0.0
0.0
0.0
0.0
0.0
0.0
0.0
0.0
0.0
0.0
0.0
0.0
0.0
0.0
0.0
0.0
0.0
0.0
0.0
0.0
0.0
0.0
0.0
0.0
0.0
0.0
0.0
0.0
0.0
0.0
0.0
0.0
0.0
0.0
0.0
0.0
0.0
0.0
0.0
0.0
0.0
0.0
0.0
0.0
0.0
0.0
0.0
0.0
0.0
0.0
0.0
0.0
0.0
0.0
0.0
0.0
0.0
0.0
0.0
0.0
0.0
0.0
0.0
0.0
0.0
0.0
0.0
0.0
0.0
0.0
0.0
0.0
0.0
0.0
0.0
0.0
0.0
0.0
0.0
0.0
0.0
0.0
0.0
0.0
0.0
0.0
0.0
0.0
0.0
0.0
0.0
0.0
0.0
0.0
0.0
0.0
0.0
0.0
0.0
0.0
0.0
0.0
0.0
0.0
0.0
0.0
0.0
0.0
0.0
0.0
0.0
0.0
0.0
0.0
0.0
0.0
0.0
0.0
0.0
0.0
0.0
0.0
0.0
0.0
0.0
0.0
0.0
0.0
0.0
0.0
0.0
0.0
0.0
0.0
0.0
0.0
0.0
0.0
0.0
0.0
0.0
0.0
0.0
0.0
0.0
0.0
0.0
0.0
0.0
0.0
0.0
0.0
0.0
0.0
0.0
0.0
0.0
0.0
0.0
0.0
0.0
0.0
0.0
0.0
0.0
0.0
0.0
0.0
0.0
0.0
0.0
0.0
0.0
0.0
0.0
0.0
0.0
0.0
0.0
0.0
0.0
0.0
0.0
0.0
0.0
0.0
0.0
0.0
0.0
0.0
0.0
0.0
0.0
0.0
0.0
0.0
0.0
0.0
0.0
0.0
0.0
0.0
0.0
0.0
0.0
0.0
0.0
0.0
0.0
0.0
0.0
0.0
0.0
0.0
0.0
0.0
0.0
0.0
0.0
0.0
0.0
0.0
0.0
0.0
0.0
0.0
0.0
0.0
0.0
0.0
0.0
0.0
0.0
0.0
0.0
0.0
0.0
0.0
0.0
0.0
0.0
0.0
0.0
0.0
0.0
0.0
0.0
0.0
0.0
0.0
0.0
0.0
0.0
0.0
0.0
0.0
0.0
0.0
0.0
0.0
0.0
0.0
0.0
0.0
0.0
0.0
0.0
0.0
0.0
0.0
0.0
0.0
0.0
0.0
0.0
0.0
0.0
0.0
0.0
0.0
0.0
0.0
0.0
0.0
0.0
0.0
0.0
0.0
0.0
0.0
0.0
0.0
0.0
0.0
0.0
0.0
0.0
0.0
0.0
0.0
0.0
0.0
0.0
0.0
0.0
0.0
0.0
0.0
0.0
0.0
0.0
0.0
0.0
0.0
0.0
0.0
0.0
0.0
0.0
0.0
0.0
0.0
0.0
0.0
0.0
0.0
0.0
0.0
0.0
0.0
0.0
0.0
0.0
0.0
0.0
0.0
0.0
0.0
0.0
0.0
0.0
0.0
0.0
0.0
0.0
0.0
0.0
0.0
0.0
0.0
0.0
0.0
0.0
0.0
0.0
0.0
0.0
0.0
0.0
0.0
0.0
0.0
0.0
0.0
0.0
0.0
0.0
0.0
0.0
0.0
0.0
0.0
0.0
0.0
0.0
0.0
0.0
0.0
0.0
0.0
0.0
0.0
0.0
0.0
0.0
0.0
0.0
0.0
0.0
0.0
0.0
0.0
0.0
0.0
0.0
0.0
0.0
0.0
0.0
0.0
0.0
0.0
0.0
0.0
0.0
0.0
0.0
0.0
0.0
0.0
0.0
0.0
0.0
0.0
0.0
0.0
0.0
0.0
0.0
0.0
0.0
0.0
0.0
0.0
0.0
0.0
0.0
0.0
0.0
0.0
0.0
0.0
0.0
0.0
0.0
0.0
0.0
0.0
0.0
0.0
0.0
0.0
0.0
0.0
0.0
0.0
0.0
0.0
0.0
0.0
0.0
0.0
0.0
0.0
0.0
0.0
0.0
0.0
0.0
0.0
0.0
0.0
0.0
0.0
0.0
0.0
0.0
0.0
0.0
0.0
0.0
0.0
0.0
0.0
0.0
0.0
0.0
0.0
0.0
0.0
0.0
0.0
0.0
0.0
0.0
0.0
0.0
0.0
0.0
0.0
0.0
0.0
0.0
0.0
0.0
0.0
0.0
0.0
0.0
0.0
0.0
0.0
0.0
0.0
0.0
0.0
0.0
0.0
0.0
0.0
0.0
0.0
0.0
0.0
0.0
0.0
0.0
0.0
0.0
0.0
0.0
0.0
0.0
0.0
0.0
0.0
0.0
0.0
0.0
0.0
0.0
0.0
0.0
0.0
0.0
0.0
0.0
0.0
0.0
0.0
0.0
0.0
0.0
0.0
0.0
0.0
0.0
0.0
0.0
0.0
0.0
0.0
0.0
0.0
0.0
0.0
0.0
0.0
0.0
0.0
0.0
0.0
0.0
0.0
0.0
0.0
0.0
0.0
0.0
0.0
0.0
0.0
0.0
0.0
0.0
0.0
0.0
0.0
0.0
0.0
0.0
0.0
0.0
0.0
0.0
0.0
0.0
0.0
0.0
0.0
0.0
0.0
0.0
0.0
0.0
0.0
0.0
0.0
0.0
0.0
0.0
0.0
0.0
0.0
0.0
0.0
0.0
0.0
0.0
0.0
0.0
0.0
0.0
0.0
0.0
0.0
0.0
0.0
0.0
0.0
0.0
0.0
0.0
0.0
0.0
0.0
0.0
0.0
0.0
0.0
0.0
0.0
0.0
0.0
0.0
0.0
0.0
0.0
0.0
0.0
0.0
0.0
0.0
0.0
0.0
0.0
0.0
0.0
0.0
0.0
0.0
0.0
0.0
0.0
0.0
0.0
0.0
0.0
0.0
0.0
0.0
0.0
0.0
0.0
0.0
0.0
0.0
0.0
0.0
0.0
0.0
0.0
0.0
0.0
0.0
0.0
0.0
0.0
0.0
0.0
0.0
0.0
0.0
0.0
0.0
0.0
0.0
0.0
0.0
0.0
0.0
0.0
0.0
0.0
0.0
0.0
0.0
0.0
0.0
0.0
0.0
0.0
0.0
0.0
0.0
0.0
0.0
0.0
0.0
0.0
0.0
0.0
0.0
0.0
0.0
0.0
0.0
0.0
0.0
0.0
0.0
0.0
0.0
0.0
0.0
0.0
0.0
0.0
0.0
0.0
0.0
0.0
0.0
0.0
0.0
0.0
0.0
0.0
0.0
0.0
0.0
0.0
0.0
0.0
0.0
0.0
0.0
0.0
0.0
0.0
0.0
0.0
0.0
0.0
0.0
0.0
0.0
0.0
0.0
0.0
0.0
0.0
0.0
0.0
0.0
0.0
0.0
0.0
0.0
0.0
0.0
0.0
0.0
0.0
0.0
0.0
0.0
0.0
0.0
0.0
0.0
0.0
0.0
0.0
0.0
0.0
0.0
0.0
0.0
0.0
0.0
0.0
0.0
0.0
0.0
0.0
0.0
0.0
0.0
0.0
0.0
0.0
0.0
0.0
0.0
0.0
0.0
0.0
0.0
0.0
0.0
0.0
0.0
0.0
0.0
0.0
0.0
0.0
0.0
0.0
0.0
0.0
0.0
0.0
0.0
0.0
0.0
0.0
0.0
0.0
0.0
0.0
0.0
0.0
0.0
0.0
0.0
0.0
0.0
0.0
0.0
0.0
0.0
0.0
0.0
0.0
0.0
0.0
0.0
0.0
0.0
0.0
0.0
0.0
0.0
0.0
0.0
0.0
0.0
0.0
0.0
0.0
0.0
0.0
0.0
0.0
0.0
0.0
0.0
0.0
0.0
0.0
0.0
0.0
0.0
0.0
0.0
0.0
0.0
0.0
0.0
0.0
0.0
0.0
0.0
0.0
0.0
0.0
0.0
0.0
0.0
0.0
0.0
0.0
0.0
0.0
0.0
0.0
0.0
0.0
0.0
0.0
0.0
0.0
0.0
0.0
0.0
0.0
0.0
0.0
0.0
0.0
0.0
0.0
0.0
0.0
0.0
0.0
0.0
0.0
0.0
0.0
0.0
0.0
0.0
0.0
0.0
0.0
0.0
0.0
0.0
0.0
0.0
0.0
0.0
0.0
0.0
0.0
0.0
0.0
0.0
0.0
0.0
0.0
0.0
0.0
0.0
0.0
0.0
0.0
0.0
0.0
0.0
0.0
0.0
0.0
0.0
0.0
0.0
0.0
0.0
0.0
0.0
0.0
0.0
0.0
0.0
0.0
0.0
0.0
0.0
0.0
0.0
0.0
0.0
0.0
0.0
0.0
0.0
0.0
0.0
0.0
0.0
0.0
0.0
0.0
0.0
0.0
0.0
0.0
0.0
0.0
0.0
0.0
0.0
0.0
0.0
0.0
0.0
0.0
0.0
0.0
0.0
0.0
0.0
0.0
0.0
0.0
0.0
0.0
0.0
0.0
0.0
0.0
0.0
0.0
0.0
0.0
0.0
0.0
0.0
0.0
0.0
0.0
0.0
0.0
0.0
0.0
0.0
0.0
0.0
0.0
0.0
0.0
0.0
0.0
0.0
0.0
0.0
0.0
0.0
0.0
0.0
0.0
0.0
0.0
0.0
0.0
0.0
0.0
0.0
0.0
0.0
0.0
0.0
0.0
0.0
0.0
0.0
0.0
0.0
0.0
0.0
0.0
0.0
0.0
0.0
0.0
0.0
0.0
0.0
0.0
0.0
0.0
0.0
0.0
0.0
0.0
0.0
0.0
0.0
0.0
0.0
0.0
0.0
0.0
0.0
0.0
0.0
0.0
0.0
0.0
0.0
0.0
0.0
0.0
0.0
0.0
0.0
0.0
0.0
0.0
0.0
0.0
0.0
0.0
0.0
0.0
0.0
0.0
0.0
0.0
0.0
0.0
0.0
0.0
0.0
0.0
0.0
0.0
0.0
0.0
0.0
0.0
0.0
0.0
0.0
0.0
0.0
0.0
0.0
0.0
0.0
0.0
0.0
0.0
0.0
0.0
0.0
0.0
0.0
0.0
0.0
0.0
0.0
0.0
0.0
0.0
0.0
0.0
0.0
0.0
0.0
0.0
0.0
0.0
0.0
0.0
0.0
0.0
0.0
0.0
0.0
0.0
0.0
0.0
0.0
0.0
0.0
0.0
0.0
0.0
0.0
0.0
0.0
0.0
0.0
0.0
0.0
0.0
0.0
0.0
0.0
0.0
0.0
0.0
0.0
0.0
0.0
0.0
0.0
0.0
0.0
0.0
0.0
0.0
0.0
0.0
0.0
0.0
0.0
0.0
0.0
0.0
0.0
0.0
0.0
0.0
0.0
0.0
0.0
0.0
0.0
0.0
0.0
0.0
0.0
0.0
0.0
0.0
0.0
0.0
0.0
0.0
0.0
0.0
0.0
0.0
0.0
0.0
0.0
0.0
0.0
0.0
0.0
0.0
0.0
0.0
0.0
0.0
0.0
0.0
0.0
0.0
0.0
0.0
0.0
0.0
0.0
0.0
0.0
0.0
0.0
0.0
0.0
0.0
0.0
0.0
0.0
0.0
0.0
0.0
0.0
0.0
0.0
0.0
0.0
0.0
0.0
0.0
0.0
0.0
0.0
0.0
0.0
0.0
0.0
0.0
0.0
0.0
0.0
0.0
0.0
0.0
0.0
0.0
0.0
0.0
0.0
0.0
0.0
0.0
0.0
0.0
0.0
0.0
0.0
0.0
0.0
0.0
0.0
0.0
0.0
0.0
0.0
0.0
0.0
0.0
0.0
0.0
0.0
0.0
0.0
0.0
0.0
0.0
0.0
0.0
0.0
0.0
0.0
0.0
0.0
0.0
0.0
0.0
0.0
0.0
0.0
0.0
0.0
0.0
0.0
0.0
0.0
0.0
0.0
0.0
0.0
0.0
0.0
0.0
0.0
0.0
0.0
0.0
0.0
0.0
0.0
0.0
0.0
0.0
0.0
0.0
0.0
0.0
0.0
0.0
0.0
0.0
0.0
0.0
0.0
0.0
0.0
0.0
0.0
0.0
0.0
0.0
0.0
0.0
0.0
0.0
0.0
0.0
0.0
0.0
0.0
0.0
0.0
0.0
0.0
0.0
0.0
0.0
0.0
0.0
0.0
0.0
0.0
0.0
0.0
0.0
0.0
0.0
0.0
0.0
0.0
0.0
0.0
0.0
0.0
0.0
0.0
0.0
0.0
0.0
0.0
0.0
0.0
0.0
0.0
0.0
0.0
0.0
0.0
0.0
0.0
0.0
0.0
0.0
0.0
0.0
0.0
0.0
0.0
0.0
0.0
0.0
0.0
0.0
0.0
0.0
0.0
0.0
0.0
0.0
0.0
0.0
0.0
0.0
0.0
0.0
0.0
0.0
0.0
0.0
0.0
0.0
0.0
0.0
0.0
0.0
0.0
0.0
0.0
0.0
0.0
0.0
0.0
0.0
0.0
0.0
0.0
0.0
0.0
0.0
0.0
0.0
0.0
0.0
0.0
0.0
0.0
0.0
0.0
0.0
0.0
0.0
0.0
0.0
0.0
0.0
0.0
0.0
0.0
0.0
0.0
0.0
0.0
0.0
0.0
0.0
0.0
0.0
0.0
0.0
0.0
0.0
0.0
0.0
0.0
0.0
0.0
0.0
0.0
0.0
0.0
0.0
0.0
0.0
0.0
0.0
0.0
0.0
0.0
0.0
0.0
0.0
0.0
0.0
0.0
0.0
0.0
0.0
0.0
0.0
0.0
0.0
0.0
0.0
0.0
0.0
0.0
0.0
0.0
0.0
0.0
0.0
0.0
0.0
0.0
0.0
0.0
0.0
0.0
0.0
0.0
0.0
0.0
0.0
0.0
0.0
0.0
0.0
0.0
0.0
0.0
0.0
0.0
0.0
0.0
0.0
0.0
0.0
0.0
0.0
0.0
0.0
0.0
0.0
0.0
0.0
0.0
0.0
0.0
0.0
0.0
0.0
0.0
0.0
0.0
0.0
0.0
0.0
0.0
0.0
0.0
0.0
0.0
0.0
0.0
0.0
0.0
0.0
0.0
0.0
0.0
0.0
0.0
0.0
0.0
0.0
0.0
0.0
0.0
0.0
0.0
0.0
0.0
0.0
0.0
0.0
0.0
0.0
0.0
0.0
0.0
0.0
0.0
0.0
0.0
0.0
0.0
0.0
0.0
0.0
0.0
0.0
0.0
0.0
0.0
0.0
0.0
0.0
0.0
0.0
0.0
0.0
0.0
0.0
0.0
0.0
0.0
0.0
0.0
0.0
0.0
0.0
0.0
0.0
0.0
0.0
0.0
0.0
0.0
0.0
0.0
0.0
0.0
0.0
0.0
0.0
0.0
0.0
0.0
0.0
0.0
0.0
0.0
0.0
0.0
0.0
0.0
0.0
0.0
0.0
0.0
0.0
0.0
0.0
0.0
0.0
0.0
0.0
0.0
0.0
0.0
0.0
0.0
0.0
0.0
0.0
0.0
0.0
0.0
0.0
0.0
0.0
0.0
0.0
0.0
0.0
0.0
0.0
0.0
0.0
0.0
0.0
0.0
0.0
0.0
0.0
0.0
0.0
0.0
0.0
0.0
0.0
0.0
0.0
0.0
0.0
0.0
0.0
0.0
0.0
0.0
0.0
0.0
0.0
0.0
0.0
0.0
0.0
0.0
0.0
0.0
0.0
0.0
0.0
0.0
0.0
0.0
0.0
0.0
0.0
0.0
0.0
0.0
0.0
0.0
0.0
0.0
0.0
0.0
0.0
0.0
0.0
0.0
0.0
0.0
0.0
0.0
0.0
0.0
0.0
0.0
0.0
0.0
0.0
0.0
0.0
0.0
0.0
0.0
0.0
0.0
0.0
0.0
0.0
0.0
0.0
0.0
0.0
0.0
0.0
0.0
0.0
0.0
0.0
0.0
0.0
0.0
0.0
0.0
0.0
0.0
0.0
0.0
0.0
0.0
0.0
0.0
0.0
0.0
0.0
0.0
0.0
0.0
0.0
0.0
0.0
0.0
0.0
0.0
0.0
0.0
0.0
0.0
0.0
0.0
0.0
0.0
0.0
0.0
0.0
0.0
0.0
0.0
0.0
0.0
0.0
0.0
0.0
0.0
0.0
0.0
0.0
0.0
0.0
0.0
0.0
0.0
0.0
0.0
0.0
0.0
0.0
0.0
0.0
0.0
0.0
0.0
0.0
0.0
0.0
0.0
0.0
0.0
0.0
0.0
0.0
0.0
0.0
0.0
0.0
0.0
0.0
0.0
0.0
0.0
0.0
0.0
0.0
0.0
0.0
0.0
0.0
0.0
0.0
0.0
0.0
0.0
0.0
0.0
0.0
0.0
0.0
0.0
0.0
0.0
0.0
0.0
0.0
0.0
0.0
0.0
0.0
0.0
0.0
0.0
0.0
0.0
0.0
0.0
0.0
0.0
0.0
0.0
0.0
0.0
0.0
0.0
0.0
0.0
0.0
0.0
0.0
0.0
0.0
0.0
0.0
0.0
0.0
0.0
0.0
0.0
0.0
0.0
0.0
0.0
0.0
0.0
0.0
0.0
0.0
0.0
0.0
0.0
0.0
0.0
0.0
0.0
0.0
0.0
0.0
0.0
0.0
0.0
0.0
0.0
0.0
0.0
0.0
0.0
0.0
0.0
0.0
0.0
0.0
0.0
0.0
0.0
0.0
0.0
0.0
0.0
0.0
0.0
0.0
0.0
0.0
0.0
0.0
0.0
0.0
0.0
0.0
0.0
0.0
0.0
0.0
0.0
0.0
0.0
0.0
0.0
0.0
0.0
0.0
0.0
0.0
0.0
0.0
0.0
0.0
0.0
0.0
0.0
0.0
0.0
0.0
0.0
0.0
0.0
0.0
0.0
0.0
0.0
0.0
0.0
0.0
0.0
0.0
0.0
0.0
0.0
0.0
0.0
0.0
0.0
0.0
0.0
0.0
0.0
0.0
0.0
0.0
0.0
0.0
0.0
0.0
0.0
0.0
0.0
0.0
0.0
0.0
0.0
0.0
0.0
0.0
0.0
0.0
0.0
0.0
0.0
0.0
0.0
0.0
0.0
0.0
0.0
0.0
0.0
0.0
0.0
0.0
0.0
0.0
0.0
0.0
0.0
0.0
0.0
0.0
0.0
0.0
0.0
0.0
0.0
0.0
0.0
0.0
0.0
0.0
0.0
0.0
0.0
0.0
0.0
0.0
0.0
0.0
0.0
0.0
0.0
0.0
0.0
0.0
0.0
0.0
0.0
0.0
0.0
0.0
0.0
0.0
0.0
0.0
0.0
0.0
0.0
0.0
0.0
0.0
0.0
0.0
0.0
0.0
0.0
0.0
0.0
0.0
0.0
0.0
0.0
0.0
0.0
0.0
0.0
0.0
0.0
0.0
0.0
0.0
0.0
0.0
0.0
0.0
0.0
0.0
0.0
0.0
0.0
0.0
0.0
0.0
0.0
0.0
0.0
0.0
0.0
0.0
0.0
0.0
0.0
0.0
0.0
0.0
0.0
0.0
0.0
0.0
0.0
0.0
0.0
0.0
0.0
0.0
0.0
0.0
0.0
0.0
0.0
0.0
0.0
0.0
0.0
0.0
0.0
0.0
0.0
0.0
0.0
0.0
0.0
0.0
0.0
0.0
0.0
0.0
0.0
0.0
0.0
0.0
0.0
0.0
0.0
0.0
0.0
0.0
0.0
0.0
0.0
0.0
0.0
0.0
0.0
0.0
0.0
0.0
0.0
0.0
0.0
0.0
0.0
0.0
0.0
0.0
0.0
0.0
0.0
0.0
0.0
0.0
0.0
0.0
0.0
0.0
0.0
0.0
0.0
0.0
0.0
0.0
0.0
0.0
0.0
0.0
0.0
0.0
0.0
0.0
0.0
0.0
0.0
0.0
0.0
0.0
0.0
0.0
0.0
0.0
0.0
0.0
0.0
0.0
0.0
0.0
0.0
0.0
0.0
0.0
0.0
0.0
0.0
0.0
0.0
0.0
0.0
0.0
0.0
0.0
0.0
0.0
0.0
0.0
0.0
0.0
0.0
0.0
0.0
0.0
0.0
0.0
0.0
0.0
0.0
0.0
0.0
0.0
0.0
0.0
0.0
0.0
0.0
0.0
0.0
0.0
0.0
0.0
0.0
0.0
0.0
0.0
0.0
0.0
0.0
0.0
0.0
0.0
0.0
0.0
0.0
0.0
0.0
0.0
0.0
0.0
0.0
0.0
0.0
0.0
0.0
0.0
0.0
0.0
0.0
0.0
0.0
0.0
0.0
0.0
0.0
0.0
0.0
0.0
0.0
0.0
0.0
0.0
0.0
0.0
0.0
0.0
0.0
0.0
0.0
0.0
0.0
0.0
0.0
0.0
0.0
0.0
0.0
0.0
0.0
0.0
0.0
0.0
0.0
0.0
0.0
0.0
0.0
0.0
0.0
0.0
0.0
0.0
0.0
0.0
0.0
0.0
0.0
0.0
0.0
0.0
0.0
0.0
0.0
0.0
0.0
0.0
0.0
0.0
0.0
0.0
0.0
0.0
0.0
0.0
0.0
0.0
0.0
0.0
0.0
0.0
0.0
0.0
0.0
0.0
0.0
0.0
0.0
0.0
0.0
0.0
0.0
0.0
0.0
0.0
0.0
0.0
0.0
0.0
0.0
0.0
0.0
0.0
0.0
0.0
0.0
0.0
0.0
0.0
0.0
0.0
0.0
0.0
0.0
0.0
0.0
0.0
0.0
0.0
0.0
0.0
0.0
0.0
0.0
0.0
0.0
0.0
0.0
0.0
0.0
0.0
0.0
0.0
0.0
0.0
0.0
0.0
0.0
0.0
0.0
0.0
0.0
0.0
0.0
0.0
0.0
0.0
0.0
0.0
0.0
0.0
0.0
0.0
0.0
0.0
0.0
0.0
0.0
0.0
0.0
0.0
0.0
0.0
0.0
0.0
0.0
0.0
0.0
0.0
0.0
0.0
0.0
0.0
0.0
0.0
0.0
0.0
0.0
0.0
0.0
0.0
0.0
0.0
0.0
0.0
0.0
0.0
0.0
0.0
0.0
0.0
0.0
0.0
0.0
0.0
0.0
0.0
0.0
0.0
0.0
0.0
0.0
0.0
0.0
0.0
0.0
0.0
0.0
0.0
0.0
0.0
0.0
0.0
0.0
0.0
0.0
0.0
0.0
0.0
0.0
0.0
0.0
0.0
0.0
0.0
0.0
0.0
0.0
0.0
0.0
0.0
0.0
0.0
0.0
0.0
0.0
0.0
0.0
0.0
0.0
0.0
0.0
0.0
0.0
0.0
0.0
0.0
0.0
0.0
0.0
0.0
0.0
0.0
0.0
0.0
0.0
0.0
0.0
0.0
0.0
0.0
0.0
0.0
0.0
0.0
0.0
0.0
0.0
0.0
0.0
0.0
0.0
0.0
0.0
0.0
0.0
0.0
0.0
0.0
0.0
0.0
0.0
0.0
0.0
0.0
0.0
0.0
0.0
0.0
0.0
0.0
0.0
0.0
0.0
0.0
0.0
0.0
0.0
0.0
0.0
0.0
0.0
0.0
0.0
0.0
0.0
0.0
0.0
0.0
0.0
0.0
0.0
0.0
0.0
0.0
0.0
0.0
0.0
0.0
0.0
0.0
0.0
0.0
0.0
0.0
0.0
0.0
0.0
0.0
0.0
0.0
0.0
0.0
0.0
0.0
0.0
0.0
0.0
0.0
0.0
0.0
0.0
0.0
0.0
0.0
0.0
0.0
0.0
0.0
0.0
0.0
0.0
0.0
0.0
0.0
0.0
0.0
0.0
0.0
0.0
0.0
0.0
0.0
0.0
0.0
0.0
0.0
0.0
0.0
0.0
0.0
0.0
0.0
0.0
0.0
0.0
0.0
0.0
0.0
0.0
0.0
0.0
0.0
0.0
0.0
0.0
0.0
0.0
0.0
0.0
0.0
0.0
0.0
0.0
0.0
0.0
0.0
0.0
0.0
0.0
0.0
0.0
0.0
0.0
0.0
0.0
0.0
0.0
0.0
0.0
0.0
0.0
0.0
0.0
0.0
0.0
0.0
0.0
0.0
0.0
0.0
0.0
0.0
0.0
0.0
0.0
0.0
0.0
0.0
0.0
0.0
0.0
0.0
0.0
0.0
0.0
0.0
0.0
0.0
0.0
0.0
0.0
0.0
0.0
0.0
0.0
0.0
0.0
0.0
0.0
0.0
0.0
0.0
0.0
0.0
0.0
0.0
0.0
0.0
0.0
0.0
0.0
0.0
0.0
0.0
0.0
0.0
0.0
0.0
0.0
0.0
0.0
0.0
7.93072433197574e-6
0.0002352197371550863
2.4308956506250627e-5
0.0
0.0
0.0
0.0
0.0
0.0
0.0
0.0
0.0
0.0
0.0
0.0
0.0
0.0
0.0
0.0
0.0
0.0
0.0
0.0
0.0
1.988471914034097e-5
0.0006271894057370714
0.0002087946920544367
0.0
0.0
0.0
0.0
0.0
0.0
0.0
0.0
0.0
0.0
0.0
0.0
0.0
0.0
0.0
0.0
0.0
0.0
0.0
0.0
0.0
6.1502046571033264e-6
0.0002996367388560994
3.503127979942829e-5
0.0
0.0
0.0
0.0
0.0
0.0
0.0
0.0
0.0
0.0
0.0
0.0
0.0
0.0
0.0
0.0
0.0
0.0
0.0
0.0
0.0
0.0
0.0
0.0
0.0
0.0
0.0
0.0
0.0
0.0
0.0
0.0
0.0
0.0
0.0
0.0
0.0
0.0
0.0
0.0
0.0
0.0
0.0
0.0
0.0
0.0
0.0
0.0
0.0
0.0
0.0
0.0
0.0
0.0
0.0
0.0
0.0
0.0
0.0
0.0
0.0
0.0
0.0
0.0
0.0
0.0
0.0
0.0
0.0
0.0
0.0
0.0
0.0
0.0
0.0
0.0
0.0
0.0
0.0
0.0
0.0
0.0
0.0
0.0
0.0
0.0
0.0
0.0
0.0
0.0
0.0
0.0
0.0
0.0
0.0
0.0
0.0
0.0
0.0
0.0
0.0
0.0
0.0
0.0
0.0
0.0
0.0
0.0
0.0
0.0
0.0
0.0
0.0
0.0
0.0
0.0
0.0
0.0
0.0
0.0
0.0
0.0
0.0
0.0
0.0
0.0
0.0
0.0
0.0
0.0
0.0
0.0
0.0
0.0
0.0
0.0
0.0
0.0
0.0
0.0
0.0
0.0
0.0
0.0
0.0
0.0
0.0
0.0
0.0
0.0
0.0
0.0
0.0
0.0
0.0
0.0
0.0
0.0
0.0
0.0
0.0
0.0
0.0
0.0
0.0
4.512653589803962e-6
0.0003889062243270818
7.914134678543338e-5
0.0
0.0
0.0
0.0
0.0
0.0
0.0
0.0
0.0
0.0
0.0
0.0
0.0
0.0
0.0
0.0
0.0
0.0
0.0
0.0
0.0
3.773139978359018e-6
0.00029790256455076357
3.535134001773355e-5
0.0
0.0
0.0
0.0
0.0
0.0
0.0
0.0
0.0
0.0
0.0
0.0
0.0
0.0
0.0
0.0
0.0
0.0
0.0
0.0
0.0001255613505239847
0.0001768324745708451
0.00017964449175463605
0.0001447582741126549
0.0
0.0
0.0
0.0
0.0
0.0
0.0
0.0
0.0
0.0
0.0
0.0
0.0
2.2432839474350383e-6
8.000018986190801e-6
7.647932721251764e-5
0.00012274778575857776
0.00024636976733528144
0.0002531508043409046
0.0004074961955502436
0.00034576802061469304
6.77391800645664e-5
0.0016786458416196944
0.0009433710419716244
0.0003192355604257747
5.2325520682655904e-5
0.0
0.0
0.0
0.0
0.0
0.0
0.0
0.0
0.0
0.0
0.0
0.0
0.0
0.0
0.0
0.0
0.00018081213386162068
0.00034040426849617147
0.0003805007578786913
3.559295395735896e-5
0.0016671174348590258
0.0009077069338253677
0.00023961493420366075
0.0
0.0
0.0
0.0
0.0
0.0
0.0
0.0
0.0
0.0
0.0
0.0
0.0
0.0
0.0
0.0
0.0
0.0
0.0
0.0
0.0
0.00031587156191504776
0.00016811365327956926
0.0
0.0
0.0
0.0
0.0
0.0
0.0
0.0
0.0
0.0
0.0
0.0
0.0
0.0
0.0
0.0
0.0
0.0
0.0
0.0
0.0
0.0
0.00013345444861385472
1.914288700832018e-6
0.0
0.0
0.0
0.0
0.0
0.0
0.0
0.0
0.0
0.0
0.0
0.0
0.0
0.0
0.0
0.0
0.0
0.0
0.0
0.0
0.0
0.0
0.0001621854096805378
1.5282688473358754e-5
0.0
0.0
0.0
0.0
0.0
0.0
0.0
0.0
0.0
0.0
0.0
0.0
0.0
0.0
0.0
0.0
0.0
0.0
0.0
0.0
0.0
1.2277107515957027e-5
0.0011592412905055095
0.0007870946650110936
0.00025958553638238724
2.3750421835937023e-6
0.0
0.0
0.0
0.0
0.0
0.0
0.0
0.0
0.0
0.0
0.0
0.0
0.0
0.0
0.0
0.0
0.0
3.789020794867395e-5
9.499473442232498e-5
0.00011990803434201582
0.00024113568210429597
0.0002001788476254015
0.00014964333334920252
0.0
0.0
0.0
0.0
0.0
0.0
0.0
0.0
0.0
0.0
0.0
0.0
0.0
2.5020950340309647e-6
9.148234110321838e-6
4.365027559046555e-5
7.801487971722566e-5
0.00018408974262900678
0.0001673431149554511
0.00022339236311522896
0.0001551557711885585
3.100078736397343e-5
0.00048104234500194557
8.400980760744773e-5
0.0
0.0
0.0
0.0
0.0
0.0
0.0
0.0
0.0
0.0
0.0
0.0
0.0
0.0
0.0
0.0
0.0
0.0
0.0
0.0
6.116694481974922e-5
3.971761804930847e-6
0.0005244742559403096
9.06774977406207e-5
0.0
0.0
0.0
0.0
0.0
0.0
0.0
0.0
0.0
0.0
0.0
0.0
0.0
0.0
0.0
0.0
0.0
0.0
0.0
0.0
0.0
5.527288296516246e-6
0.00010369736302385347
1.3144082781982527e-5
0.0
0.0
0.0
0.0
0.0
0.0
0.0
0.0
0.0
0.0
0.0
0.0
0.0
0.0
0.0
0.0
0.0
0.0
0.0
0.0
0.0
0.0
8.387565383884028e-5
0.0
0.0
0.0
0.0
0.0
0.0
0.0
0.0
0.0
0.0
0.0
0.0
0.0
0.0
0.0
0.0
0.0
0.0
0.0
0.0
0.0
0.0
0.0
0.0
0.0
0.0
0.0
0.0
0.0
0.0
0.0
0.0
0.0
0.0
0.0
0.0
0.0
0.0
0.0
0.0
0.0
0.0
0.0
0.0
0.0
0.0
0.0
0.0
0.0
0.0
0.0
0.0
0.0
0.0
0.0
0.0
0.0
0.0
0.0
0.0
0.0
3.132495613945585e-5
5.0883864528322385e-5
0.00014575234284550152
0.00022794671883279356
0.00025369166501688467
0.00039607398271209626
0.0004102879223436907
0.0005272034031280949
0.00046572937415856043
0.0005847063040635524
0.0004953994893178574
0.0004527413530223483
0.00024048103648086446
0.00011532196597377162
7.710127922136751e-6
0.0
0.0
0.0
0.0
0.0
0.0
0.0
0.0
0.0
2.0203218886836492e-5
9.22259115613883e-5
0.000251679253913357
0.00026775055431713975
0.00048086751374127245
0.0004130043286156937
0.0005495298587496348
0.00045547773041341506
0.0006520830802519371
7.380412629389807e-5
0.001570410015016362
0.000405160905947898
2.404179439815973e-5
0.0
0.0
0.0
0.0
0.0
0.0
0.0
0.0
0.0
0.0
0.0
0.0
0.0
0.0
0.0
0.0
0.0
0.0
0.0
0.0
7.33475896373597e-6
0.0001532266755001952
0.0
0.0
0.0
0.0
0.0
0.0
0.0
0.0
0.0
0.0
0.0
0.0
0.0
0.0
0.0
0.0
0.0
0.0
0.0
0.0
0.0
0.0
1.4585471798575392e-5
0.00020445468335565905
1.0915546054407316e-5
0.0
0.0
0.0
0.0
0.0
0.0
0.0
0.0
0.0
0.0
0.0
0.0
0.0
0.0
0.0
0.0
0.0
0.0
0.0
0.0
0.0
0.0
3.508141955984962e-6
0.0
0.0
0.0
0.0
0.0
0.0
0.0
0.0
0.0
0.0
0.0
0.0
0.0
0.0
0.0
0.0
0.0
0.0
0.0
0.0
0.0
0.00011347179056159881
6.155387820181638e-6
0.0008845888345074139
0.000278758494209085
8.198861201348777e-6
0.0
0.0
0.0
0.0
0.0
0.0
0.0
0.0
0.0
0.0
0.0
0.0
0.0
0.0
0.0
0.0
0.0
0.0
0.0
0.0
0.0
3.899389467776031e-6
0.0
0.0
0.0
0.0
0.0
0.0
8.888977175492713e-5
0.00016096815936648525
0.00019889213439410448
0.00027737946040819927
0.0
0.0
3.62940320783778e-5
0.00013468824467605052
0.0001884001288682243
0.0002776229645303949
0.00030138169689916753
0.0003966459365151685
0.00038019036624368705
0.0004988276695781622
0.00047331547590922347
0.0005875315948540253
0.0005204650474519357
0.0006371264449351457
0.000540631424712124
0.0006085893191344204
0.0004624729086816745
0.0004801176349511955
0.00035723807105938034
0.0003671734191055429
0.0002684477746999244
0.0002738015331763495
0.0002515392008305252
0.00032047276497531164
0.00033245757599811447
0.000432137320854633
0.0004105229736998708
0.0005357712293401961
0.0005045957959958698
0.0006353552564753322
0.0005868103632672939
0.0007465732131414414
0.0006467701051990662
0.0007869442496813056
0.0006861239388102886
0.0008493364124875484
0.00016409274133743964
0.003152175425406956
0.002216219523777424
0.001312354409325843
0.0005368874213334036
0.00010403349575115539
0.0
0.0
0.0
0.0
0.0
0.0
0.00012625897403715182
0.0003997365513587145
0.000819858370794696
0.00112885097433636
0.0
0.00010968482741405311
0.00021831525106767965
0.00030483572540063246
0.0003489373460667167
0.0005203709797711488
0.0005178276565310314
0.0006401774955251903
6.860456510895736e-5
0.00295933264250256
0.002128785770534899
0.0012418887561450858
0.0004949255552703073
0.00010666756577577063
0.0
0.0
0.0
0.0
0.0
0.0
0.00019013111568947917
0.0006015316897832549
0.0011471405735106483
0.0014727612124885191
0.0
0.00016477097831051158
0.0003816434692652751
0.00041159205112682365
0.0007221784539853942
0.0006338588344997393
0.000898349752180697
0.0007185050255650655
0.0002028778608170939
0.0034835439618396812
0.0027681409359592165
0.001967861084928477
0.0008149804598381513
0.0001885006845932498
0.0
0.0
0.0
0.0
0.0
0.0
0.0001983431461106892
0.0005828993112395474
0.0009552005557956211
0.0011253742569784307
0.0
0.0
0.0002487518482012979
0.0003901451681247789
0.0004189993418019184
0.0005523817655251201
0.0005482081552779497
0.0007264201747072466
0.000664839446704796
0.0008256668759090192
0.0006247113131838045
0.0005769206342135808
0.0003455746190132507
0.0002178594790417094
3.431507323291504e-5
0.0
0.0
0.0
0.0
0.0
0.0
9.199549706275597e-6
3.464735724252395e-5
0.00015375724138370886
0.00021341993884847516
0.00043676825438146834
0.0004407703456228957
0.0006729429096236809
0.0005515821342591862
0.0007229293667450313
0.0005955062540234455
0.0008990613631207206
0.00018469214808293936
0.003339236596184501
0.001956928053247396
0.0008719701372797536
0.00023642573162980607
1.6958625070856528e-5
0.0
0.0
0.0
0.0
0.0
0.0
0.0
0.0
0.0
3.0143144079353594e-5
0.0
0.0
0.00012258247837336375
0.00024301365142051913
0.0003165434148195888
0.0002998523964477685
0.0004044471193012259
0.0004415417537706634
6.375547322500863e-5
0.0025716601548058785
0.00158666520693638
0.0006792800739345503
0.00011915373027797107
0.0
0.0
0.0
0.0
0.0
0.0
0.0
0.0
0.0
0.0
0.0
0.0
0.0
6.203786460480872e-5
0.0001109119334676802
0.00023316050744686683
0.0002050971873705055
0.0003685635202324152
0.00034563555097315095
0.000532273012360431
0.00040890101532660666
0.0004558815445210249
0.00025914459276913065
0.0002451166523072219
6.354274263931384e-5
0.0
0.0
0.0
0.0
0.0
0.0
0.0
0.0
0.0
2.668982133545531e-5
5.9214542367847234e-5
5.267846466535889e-5
1.527322064499696e-5
3.6127072497217866e-5
1.711708746183101e-5
3.6172332763497826e-5
4.4575258213233685e-5
4.4758006395824836e-5
2.792816854010021e-6
2.5761954733896216e-5
0.0
0.0
0.0
0.0
0.0
0.0
0.0
0.0
0.0
0.0
0.0
0.0
2.91490130009963e-5
7.663945688689198e-5
0.0
0.0
0.0
0.00017699441148670702
0.000225813892484439
0.0004098316454068948
0.00037573810149936894
0.0005299145543361214
5.054184813304461e-5
0.002242519059422284
0.0010233154269936047
0.0001599058840063733
0.0
0.0
0.0
0.0
0.0
0.0
0.0
0.0
0.0
0.0
0.0
0.0
0.0
0.0
0.0
0.0
0.0
5.542147159543689e-5
9.856841341830706e-5
0.00022624790864134015
1.2889983000339266e-5
0.0010300040978479662
0.00021770143915931554
0.0
0.0
0.0
0.0
0.0
0.0
0.0
0.0
0.0
0.0
0.0
0.0
0.0
0.0
0.0
0.0
0.0
0.0
0.0
0.00018810692878825315
0.00018873459968054578
3.1880479365941215e-5
0.001389388547022347
0.0007222887420761316
0.00027897895703508593
1.1984028558704588e-5
0.0
0.0
0.0
0.0
0.0
0.0
0.0
0.0
0.0
0.00022227675426408954
0.0005592635214637028
0.0
0.0
7.266845324448185e-5
0.00032650137887934954
0.0003935147923000369
0.0005525671356517536
0.0005607105615639935
0.0007432179318263125
9.670342228604053e-5
0.004030382883775569
0.0031350491495559674
0.0019144718461579068
0.000868010639557212
0.00038597400040867367
7.39754539723651e-5
0.0
0.0
0.0
0.0
0.0
4.795020754127523e-5
0.00020460211691760284
0.0005255122212810679
0.0008487672159366369
0.0
0.0
0.000192183044407117
0.00027005449454515996
0.0003714120504915927
0.0005528453273472392
0.0005246896965999362
0.0006825588648518478
8.392510482505904e-5
0.0028091638488961816
0.0015781737773244472
0.000725712825773386
0.0001270232263212757
0.0
0.0
0.0
0.0
0.0
0.0
0.0
0.0
0.0
0.0
0.0
3.951318644137538e-5
8.597309739360753e-5
0.00014252798289180566
0.00022018858218923943
0.00026272973803052234
0.000367369962729135
0.00038287679079112256
0.0005223737574555207
0.0004867071107852711
0.0005634710834714304
0.0004092910058539167
0.00035409148375748644
0.00013153450069227783
2.417377018502631e-6
0.0
0.0
0.0
0.0
0.0
0.0
0.0
3.189423349605636e-6
5.2301287677171004e-5
0.00014681668698292598
0.00019236952709377841
0.0002835125932479757
0.0002967101380078188
0.0003777420935641259
0.0003847140710801631
0.0005969066521380486
0.0005905839232875546
0.0007563589379491469
0.00010614027728239596
0.0027244816780450775
0.0013540620182627137
0.0002974872304935495
9.260824574467166e-6
0.0
0.0
0.0
0.0
0.0
0.0
0.0
0.0
0.0
1.502974928812119e-5
0.0004562139442809416
0.0
0.0
3.87120637526819e-5
0.00015987013314676399
0.00020532896099727845
0.00032728670640077537
0.0003951799419028282
0.0005410136434045398
5.754897376889845e-5
0.0019482746382641276
0.0006750769806869838
6.341787298337266e-5
0.0
0.0
0.0
0.0
0.0
0.0
0.0
0.0
0.0
0.0
0.0
5.176766822070844e-5
0.0
0.0
0.0
0.0
9.53772982901416e-5
0.00016441117528387652
0.0002093790856229215
0.00024169427433045235
2.0040407896494695e-5
0.001441967409705303
0.0005591561702376729
0.00011610746175223979
0.0
0.0
0.0
0.0
0.0
0.0
0.0
0.0
0.0
0.0
7.059578167253814e-5
0.0002478849065347928
0.0
0.0
0.0
0.0
0.00016321780707226352
0.00022588479653293012
0.00023674498674484937
0.0002876032045373321
1.5256504885595547e-5
0.0014851569844021636
0.000539637203607967
0.00011088044074258553
0.0
0.0
0.0
0.0
0.0
0.0
0.0
0.0
0.0
0.0
0.0
0.0
0.0
0.0
0.0
0.0
0.0
0.0
0.00011368255383111305
0.00014984205104297328
5.923535646846329e-6
0.0007452168849608577
0.00026220105049510776
7.487022045623552e-6
0.0
0.0
0.0
0.0
0.0
0.0
0.0
0.0
0.0
0.0
0.0
0.0
0.0
0.0
0.0
0.0
0.0
0.00010301240213535542
0.00021547514583435774
0.00022812936024570418
4.093935803840529e-5
0.002026968925948402
0.000971781475468156
0.00020767775806184187
0.0
0.0
0.0
0.0
0.0
0.0
0.0
0.0
0.0
0.0
0.0
0.0
0.0
4.1704438835293014e-5
6.804408210152228e-5
0.00013716897923009416
0.00017788397200069707
0.00032672228714446624
0.0002868617992684983
0.0004120466456927658
0.00038405992458004183
0.0005480528658623536
0.00038260114280843667
0.000306157702482097
6.216958378521695e-5
2.6631730187463965e-6
0.0
0.0
0.0
0.0
0.0
0.0
0.0
0.0
1.7394716377324217e-6
1.6217338579799858e-5
0.00014392720356633758
0.00017862326939655407
0.00029978465198354277
0.00029161170914409235
0.00044234245752307024
0.000366026356305662
0.0005323818178493804
0.0004485592722474771
0.00010082244101594966
0.001752923814410004
0.00047394117497506495
1.1900232087256515e-5
0.0
0.0
0.0
0.0
0.0
0.0
0.0
0.0
0.0
0.0
9.06623068498309e-6
0.0004473379350694516
0.0
0.0
0.00011326347585014853
0.00027092684893554355
0.00024099458846611052
0.00039968388756304575
0.00037555510764672787
0.0005703828321109029
5.61048332337764e-5
0.002304342779651172
0.0009701918872671906
0.00022858349600137433
0.0
0.0
0.0
0.0
0.0
0.0
0.0
0.0
0.0
0.0
0.0
0.0
0.0
0.0
0.0
0.0
0.0
0.0
0.0
9.006806833848131e-5
1.5484633130048197e-6
0.00029872223698465425
1.9453954158129763e-5
0.0
0.0
0.0
0.0
0.0
0.0
0.0
0.0
0.0
0.0
0.0
9.839758284749835e-5
0.00028661259424407143
0.0
0.0
0.0001422920752028739
0.0003154376607101764
0.0002815673372799513
0.00042566307944126043
0.00036446901853529805
0.0005328487434153596
4.783574122364949e-5
0.001981759075114165
0.0008850740717720952
0.0003974296712724444
0.0003115965126881751
0.00020687465269011657
0.00010761314608599305
4.961035263959269e-5
1.3784363945878264e-5
0.0
5.469401984660201e-5
0.000242047415747258
0.0008336426460818254
0.0014140343310770575
0.0018184968144355255
0.0020689959129351256
6.608375446552513e-5
0.0003532786709263224
0.0003554847634277262
0.0005134880693230298
0.0005303377236913295
0.0007182623716089241
0.0006724274232113072
0.0008979843703684056
0.00017124544278271017
0.004027265366764353
0.0028130321762878836
0.002016279261285273
0.0010553107117856598
0.0004086984395154196
7.543796895083881e-5
0.0
0.0
0.0
0.0
6.301244034719085e-5
0.0002901875965853835
0.0006007126835123429
0.0011404242283542358
0.001573316580484201
0.0
0.00016147296316299035
0.0004131507601391966
0.00046268256521859004
0.0007369099824940058
0.0006277492055582499
0.0008970081464414244
0.0007525305835292751
0.00023755271853663777
0.00408601390266358
0.0032395897226192866
0.00221396073235612
0.001242569412658817
0.0004130773866177583
4.432214655604604e-5
0.0
0.0
0.0
9.91156919100198e-6
0.0006567542092705906
0.0
6.74475408974536e-5
0.00020841462112893995
0.0003704094119452209
0.00042790053408943744
0.0006214434991875119
0.0005758022641188906
0.0006892422141855907
0.000616731369214553
0.000754816575873785
0.0006458858319196555
0.0008673583849759154
0.0007933478828081807
0.0009265027905202432
0.0006511313662530739
0.0005836822233713596
0.00034751527470481603
0.0001950878117138805
2.6687031194241513e-5
0.0
0.0
0.0
0.0
1.327233194777394e-6
8.815637004112971e-5
0.0002355481614906368
0.0003178444085655044
0.0004998791058599206
0.0005181566642082197
0.0006930456657250061
0.0006754639609080116
0.000888008759775074
0.0007975651241360481
0.0009986219154947157
0.0008886774920114015
0.0011204686735159603
0.0003200034725151063
0.004637686830865535
0.003547369224417759
0.0023672607254583804
0.001149675876252279
0.00025460003351900014
1.5107389250156538e-5
0.0
0.0
0.0
0.0
2.8191588161340986e-5
0.0007997201843224153
0.001137362466869325
0.0013407326704234462
0.0016372523848058463
0.0
0.00026350329135080573
0.00034236656829788795
0.0005596904355409394
0.0004925564959147852
0.0007042838239986397
0.0006154127987843902
0.0009035136717703277
0.00016235980979127112
0.0035720010954850357
0.002343196356197853
0.0012521364474163573
0.0005630237460506514
0.00013058030418857934
0.0
0.0
0.0
0.0
0.0
0.0
0.0
0.00010987794401029781
0.0005409762281153746
0.0011424313979645126
0.0
5.473652272102252e-5
0.00027164907417879695
0.00035380946890916027
0.0004595817122603146
0.00043910935225443414
0.0005808387675657644
0.0005454271691152237
8.456102340575286e-5
0.0027782700318598978
0.0018786105134569366
0.0010877890980496466
0.0004463139904836555
6.008239872122469e-5
0.0
0.0
0.0
0.0
0.0
0.0
1.4316106074041836e-5
0.00011272940666382606
0.00027053432587132554
0.0009141862181603421
0.0
6.166105699980152e-5
0.00025984510465161764
0.00026191192977529656
0.00032095881847923267
0.0003057357469085654
0.0003643790292567373
0.00036115371617908404
3.569327271356457e-5
0.0018811141531009938
0.001572792945449724
0.0012454374757824443
0.0010034876958189979
0.0007583178612345557
0.0005152382167717102
0.0004200771613706565
0.0003892666236873287
0.00036803977004633905
0.0003336519148159727
0.00034425855058586294
0.0004894221845317474
0.0005436592094902905
0.0006914487215919772
0.0007459180288799395
0.0
0.0
0.00012260017232464696
0.00025376008462471637
0.00024016806760538494
0.00035529085671588874
0.0002992106346318788
0.0004103011282563996
2.6170701500961292e-5
0.0012937813067143554
0.0006878892493497278
0.0003201656414903786
0.00010168907153365311
0.0
0.0
0.0
0.0
0.0
0.0
0.0
1.108822417375479e-5
9.749141930891962e-5
0.0002905764345988524
0.0003817788777672196
0.0
0.0
0.0
0.0
0.0001393247983992128
0.00011646714836998764
0.00015697738321657413
0.00015689687368865683
3.3352369800039666e-5
0.0010851345858620856
0.0005467532689033427
0.00035606941943009865
0.0002881416989177946
0.00026122966812410674
0.0004058126264812223
0.0004037314056114977
0.0002743763412223578
0.0003285892246580732
0.0004964873805603649
0.0009277679252199255
0.0
6.830571140476874e-5
0.0001607451833418605
0.0002641101726097026
0.00028560270813187224
0.00038405108504834245
0.0003909697160414641
0.00047910020092107686
0.00042447236999426186
0.0005191728293754808
0.0004758449318633214
0.0005819032071971927
0.000510854156898446
0.0006039443796207656
0.0004942862212173399
0.0005568141002616906
0.000403103810036733
0.0003789313677073072
0.000263357227833454
0.00022973348069825052
0.00017731231459824071
0.00020604228863410902
0.00021881690192558366
0.0003362387302364176
0.0003631061849878436
0.00047800133136057817
0.0004481449059027507
0.0005695699025315835
0.0005185100479023938
0.0006606870031975416
0.0005761090541231954
0.0006844799190270565
0.0006108370879333051
0.0007900809443232682
0.0006806599086078247
0.0008079143713347463
0.0007215959367693135
0.0008832518881171713
0.0006579424015475325
0.0006267754321451137
0.0004353780271266744
0.000422714389442852
0.0003015621947361184
0.0001970410835902931
4.1348820960607815e-5
4.889679673517227e-6
2.5521467164507892e-5
0.00013734728088456613
0.00024483618272550553
0.00040510216406365005
0.0004208184718439796
0.0005819478985906235
0.000565232223008397
0.0007109240351883415
0.0006668930529437488
0.0008820118365092
0.0007664417878100212
0.0009637452608837291
0.0008153820355742907
0.00097625730398161
0.00025077826748690947
0.003966046864981318
0.0028713920186619565
0.0018972947291794589
0.0010991411308774355
0.0003837174104384834
3.0208805976014688e-5
0.0
0.0
0.0
0.0
4.785818111716712e-5
0.000315036243831356
0.0003703499935203806
0.0005080773225795207
0.0006641879602664908
0.0
9.860799385689466e-5
0.00027892981424404033
0.0002799302627147598
0.0004406695754005756
0.0003861870436399413
0.0005651471361545127
0.0005078702424848024
0.0001174519874327266
0.0024377400421647013
0.0015883508720838208
0.0008464872499922067
0.00024218645880886907
0.0
0.0
0.0
0.0
0.0
0.0
0.0
0.00013269002913040689
0.0003902863529662242
0.0005772996156891973
0.00047772783892802183
0.0
0.0
8.530479724519645e-5
0.00014440149091176691
0.00014304720219173662
0.00025529945655031536
0.00025464640848070166
0.00043253322163257576
3.001760474801067e-5
0.0022993912129819216
0.0016774057261494842
0.0010438998935674727
0.0008385357185325729
0.000859751488283308
0.001214112647906304
0.0013591390886002384
0.0010435966461212966
0.0010685874555005379
0.0012937128665508654
0.0015237446992555478
0.0022649680573003424
0.002462030320103645
0.0025391695183675004
0.0027995558509029714
0.0001437992764458423
0.0003683811304766394
0.0006919878382301291
0.0006320672007437387
0.0008931527932622465
0.0007353302464403643
0.0010089919163244728
0.000808632561881493
0.00029875378952072697
0.00407214720537405
0.0030810849510665714
0.0022734284229223296
0.0016128301571038985
0.0007832378537771755
0.00038909579159979185
0.00013456137848695453
0.0
0.0
5.858796840929096e-5
0.00042512410389874234
0.0014490511547207536
0.0015409924983612068
0.0015009420558481366
0.001979423602506591
6.19935304806902e-5
0.00034432795566786734
0.0003957271029878063
0.0005590157952492436
0.0005695450677043255
0.0007912753238533037
0.0007404730318199067
0.000963752640963702
0.00018900477283332595
0.0039025045759834265
0.002766327260351059
0.0014573397037788787
0.000680639595626214
0.00034650378106032407
0.00013718821084438937
0.0
0.0
0.0
2.0550493658944335e-5
0.0004795402428793492
0.0
0.00011104338045525244
0.00022680413936164686
0.0002872226390786236
0.0003628385231776909
0.0003506092632706969
0.00048636156179038254
0.00047925574319122464
0.0006469206512468744
0.0006216338387941726
0.000775083098304631
0.0006964512547183306
0.0008469530583681454
0.0006945972503059311
0.000755371098079634
0.0005172615048119249
0.00047882497323175016
0.00035768974971541205
0.00040249834911394125
0.0002822239007662422
0.00026731902719099644
0.0003186843043743022
0.0004649411780251948
0.00042653858802753293
0.0005503027932049101
0.0005233359594301228
0.0007110947840553984
0.0006584925555762466
0.0008287762119678737
0.0007526159757244886
