0.0010394065284328857
0.0
0.0
0.0
0.0
0.0010054169384687212
0.0008313732365405638
0.0007418959782571501
0.000760152326616443
0.0007841927599512808
0.0007567014770699149
0.0007073413713687197
0.0006996251576406168
0.000702108545843742
0.0007649783296043022
0.0007712107256651839
0.0007657314192272244
0.0007271876777054369
0.0006899279597644136
0.000706857498670624
0.0007994080116481144
0.0008363342420719778
0.0008891856338621372
0.0009535885279920262
0.0011603342456437255
0.0
0.0
0.00038980585884437595
0.0005940584201890982
0.0013224060134227908
0.0011664966271831565
0.001082042762752738
0.0010461015684561797
0.0009418891408095436
0.0007443309332143327
0.000530402548909617
0.00037888977748441467
0.00028118215358958484
0.00026995454755058147
0.00028063639089729973
0.0002752857476295226
0.00026141581434407235
0.00032569486404040467
0.0004048082273471607
0.0004943682408739243
0.0005276562151170969
0.000580795253356649
0.0006296750937178905
0.0007897391758253527
0.0
0.0
0.0
0.0
0.0008803428594764181
0.00063956980764455
0.000547411082334984
0.0005345951164242457
0.0004892350021234473
0.00037011397286616413
0.0001591608617161017
2.322606101248366e-5
1.4973764909040136e-6
7.04061192077274e-6
1.3814160727341009e-6
1.7196004560844797e-5
3.689871124935602e-5
7.665735650130825e-5
0.00010122630771731376
0.0001587379530337864
0.0002591764492113901
0.0002696063002912467
0.0003362348680971309
0.0005056472357112953
0.0
0.0
0.0
0.0
0.0005234208854760647
0.0004332703192968408
0.0003642488259050293
0.00035595809862692815
0.0003296264772542787
0.00026067680251208456
0.0001983433543717147
0.00013699681806138262
0.00013952017804942668
0.00017968313936454956
0.0002104431922146696
0.00026336869994540875
0.00024596639637697277
0.0002671554519068957
0.00029415002733893485
0.00035376472034958056
0.0003815874715032826
0.00045085588339532657
0.0005252732935223371
0.0006878918250271512
0.0
0.0
0.0
0.0
0.0009048924664168314
0.0007417650591127744
0.0006504830203520304
0.0006400693301917409
0.0005385202071461313
0.00027555088143585454
9.669228113135629e-5
9.472979819466268e-6
0.0
2.4065819845498924e-6
2.077112537234738e-5
3.190266344462282e-5
5.167194681869808e-5
0.0001215666227773179
0.00017278483329889478
0.0002406131504334169
0.00027635509062450133
0.0002985093727995245
0.0003250121329459469
0.0004636387239792696
0.0
0.0
0.0
0.0
0.0005595280179103394
0.0004227956738219926
0.0003360546739899126
0.0003612231527476248
0.00035848917367957764
0.00024128926107696994
0.0001523132767563505
0.00010463079266320789
0.00010248108772666415
0.0001549806867622266
0.00017331338997067064
0.00016268980091085756
0.00012255244886328733
0.00012032801250103034
0.0001192145036199578
0.00013785677895327488
0.00013511893311840255
0.00014891381269611202
0.0001792021521600091
0.0002792956988413352
0.0
0.0
0.0
0.0
0.0003195144924161762
0.00020365245312276936
0.0001642574054495111
0.00022901174349920867
0.00024755354879980835
0.00019839594618416558
0.00016992185985286826
0.00011035697774419026
9.92244863885106e-5
0.000136048660799541
0.00014480563344768343
0.00015907878556100963
0.00015967327773373663
0.00015472833572434275
0.00018173734822357076
0.00021230490242840145
0.00024652602129443963
0.0002941899532599942
0.00036260431542113256
0.0005249089880739891
0.0
0.0
0.0
0.0
0.00046936567139955435
0.000305813977757157
0.0002262392888634318
0.00025426060751200356
0.0002692839653826673
0.00022019643539018233
0.00019092773271464218
0.00017956976805835704
0.00019053067878660769
0.0002446082259241887
0.00028186142288892034
0.0002940308410342906
0.00026941839987678175
0.0002590538388356304
0.00028571129109936246
0.00035076201976497954
0.00037346122594678137
0.00040469417313540015
0.0004554907434443875
0.000608578214665173
0.0
0.0
0.0
0.0
0.0007065204756505729
0.0005371461264812413
0.0004462891802972072
0.0004646709777637652
0.00045128595599001816
0.0003932206661338814
0.0003089202003701199
0.00019611024631568794
0.00010935901839387652
8.542152809126189e-5
7.74986563038609e-5
0.00010272465878266965
9.756077814636921e-5
0.0001528430913441122
0.0002451713199907136
0.00036936359347734924
0.0004498921119874674
0.0005147160959636338
0.0006334187848484505
0.0008775939049320326
0.0
0.0
0.0
0.0
0.0011140018984740442
0.000968099769447769
0.0008865685067574081
0.0008976719534347628
0.0008422570132954237
0.00070941314069673
0.0005461235556984652
0.0004064246999682986
0.0003635145617964699
0.00042916932821193574
0.00045240193399714927
0.0004590968676971267
0.0004411075239629867
0.00047910800509546437
0.0005456317573661969
0.0006480447819467037
0.0007147518808615132
0.0007716996944724011
0.0008071518329495244
0.0009767658719808492
0.0
0.0
0.0
0.0002355023055964261
0.0012159877738458322
0.0010667840004560166
0.0009844431188309449
0.0009190041668546684
0.0008007827962699153
0.0006041010391677995
0.00039870220833674474
0.0002843399388569403
0.00026243283184012374
0.00033254899540646987
0.00038941959549795873
0.00041285839890749536
0.00036630928078173374
0.00036696814386346066
0.00044568094895141555
0.0005893925331549785
0.0006385008552502241
0.0006915615119857287
0.0007554393699020401
0.0009312740162421482
0.0
0.0
0.0
0.0
0.0009765468863673452
0.000791989577307065
0.0006981660548114853
0.0007198248385579146
0.0007173057843273691
0.0006378205914854437
0.000525075976814065
0.00046251030563887046
0.00047783786192824243
0.0005479769694375655
0.0005678022813540813
0.0005670621818132332
0.0004936169942259134
0.0004780511993822054
0.00047379650183194006
0.0005015354902530832
0.0005355491642448263
0.0006159400888191307
0.0007212289064399281
0.0009525174822521492
0.0
0.0
0.0
0.0
0.0011833188311856178
0.0009966436851609726
0.0008924763663321876
0.0009314566223280456
0.0010230112692446365
0.000993604905268985
0.0008956844641409812
0.0008552883503882727
0.0008628883124250871
0.000960970495231882
0.0010109004248613535
0.0010275316999189357
0.0009838940986819072
0.0010045584124925072
0.0010191575256222843
0.001067706361963475
0.0011004691672292662
0.001143779068103677
0.001195178879411282
0.0014021805072935347
0.0
0.000498607988939243
0.0008394520520739259
0.0005696412267577312
0.0014730851642946942
0.0013027747423448865
0.001248008693855517
0.0012243649228375964
0.001119688296797379
0.0009846992384521898
0.0007938370869584298
0.0006609813082814858
0.0006095609368288519
0.0006318764141336636
0.0006109798506793414
0.0006176948271665412
0.0006354909229959907
0.0006874663133883727
0.000746151686328018
0.0008278531247072424
0.0008942340165013665
0.000972006040381257
0.001051719727868677
0.0012605841542910278
0.0
0.00027552981257810414
0.00040057323059803295
0.0008135084251978711
0.0014412188599438411
0.0013083521559005475
0.0012500926027913428
0.0011668306030914745
0.0009987013074250952
0.0007772698433499238
0.000565257336217082
0.0004303217634963004
0.00037002530359884486
0.0003860497470284681
0.00038787900117970243
0.0003914343746301101
0.00041913726796939356
0.0004612268306280373
0.0005399904546124013
0.0006032399185433853
0.000651404497141712
0.0007113895092676987
0.0008010238992664637
0.0010212172232681458
0.0
0.0
0.0
0.00011235207235490913
0.0011359849475652776
0.0009768432555951
0.000920335663178764
0.0008706418375535821
0.0007842973542508514
0.0006588814828462195
0.0005053264664051316
0.000457179103819685
0.00045857198849849954
0.000510684236029689
0.0005284161250944773
0.0005487312830136402
0.0005700653119575059
0.000591738361778082
0.000610739771058749
0.0006539075321422632
0.0006803470051589618
0.0007230376625335614
0.0007552782417997276
0.0009173118572474181
0.0
0.0
0.0
0.0
0.0009422536254469236
0.0007576554689219914
0.0006361986887966784
0.0006560523333508923
0.0006939416610344057
0.0006214361481965604
0.0005048188170852022
0.000423059965125508
0.00038995111412176773
0.0004786396440935167
0.0005294113716283854
0.0005432428591548077
0.00046959377746532484
0.00044422298985578537
0.0004370113749115269
0.00047924795650101324
0.0004917557128420734
0.000565224410232471
0.0006408001149343237
0.0008252077422092099
0.0
0.0
0.0
0.0
0.0008819197863918203
0.0007098946511534527
0.0006012180291096112
0.0006147642163728559
0.0006227250046043157
0.0005445078738219086
0.0003977596506198761
0.00025649606304539463
0.0001703277281747098
0.00014179944883774205
0.0001357167269276339
0.00011120584160304769
7.930610878605962e-5
0.0001419937731116362
0.00021963581235837106
0.00028423607360748165
0.0003505788719578547
0.0004631212567620451
0.0005869480467110397
0.0007591196190211285
0.0
0.0
0.0
0.0
0.0009014319815302547
0.0007195363526370987
0.0006172273885502399
0.0006040876050427297
0.0005408323530028759
0.0004002655361968215
0.00022722103385183553
7.612498280001364e-5
1.4000055931210926e-5
2.716633830234819e-5
3.994328947835898e-5
5.913861896502151e-5
3.537190073301161e-5
5.158273319733017e-5
8.06866473293491e-5
0.00012099865793524744
0.00013307621234216434
0.00015479751829671707
0.00021541384908515274
0.0003923344761667607
0.0
0.0
0.0
0.0
0.0003661575904736667
0.00020504360580935298
0.0002488132158644096
0.0003527900065658868
0.00030874257671609137
0.0001662126798449811
6.728553497558906e-5
1.609824600271756e-6
1.2325916737369346e-6
5.191801881916544e-5
7.015501536367863e-5
8.244320288482725e-5
0.00010004391749455147
0.0001610697995232581
0.0002654535593353383
0.00039768039517633976
0.0004886521677915336
0.0005503762823939276
0.000624396909004422
0.0008280421955202431
0.0
0.0
0.0
0.0
0.00106288225921018
0.0008805422757614389
0.0008121663431357602
0.0007212030475315156
0.000539930941174498
0.0002702796441146822
7.074420046475852e-5
6.397898879278918e-7
0.0
6.177144885595649e-7
0.0
0.0
1.9068099441390619e-7
2.2763532097064593e-5
5.5703058919119094e-5
8.708274755942452e-5
0.0001159146091563241
0.0001672946846894934
0.0002925867255263865
0.0005000484390434351
0.0
0.0
0.0
0.0
0.0007940434748868939
0.0006779283972713557
0.0006317345359407897
0.0005453713624697978
0.00027672132252335287
8.50043166882881e-5
1.4111137592288708e-6
0.0
0.0
0.0
0.0
0.0
0.0
5.086873987045886e-7
1.0009670011637558e-5
5.097958055821637e-5
6.610539011714313e-5
0.00011037529235649202
0.00016110735045986495
0.00035193654514984786
0.0
0.0
0.0
0.0
0.00041845141599929704
0.00028925080081902975
0.00018878713453295752
0.00018193797880619461
9.825507759939803e-5
1.3028699600955858e-5
0.0
0.0
0.0
0.0
0.0
0.0
0.0
0.0
0.0
2.9764887602464393e-6
4.351356967668028e-5
8.450879659084526e-5
0.00015519644124719137
0.0003352586926204507
0.0
0.0
0.0
0.0
0.0003246647022541742
0.00018509026136475512
0.00010721702577122939
9.61412639115764e-5
9.604756814491006e-5
8.779418056020557e-5
4.4723653137681606e-5
0.0
0.0
2.857518546234996e-6
1.0606735932791113e-5
0.0
0.0
0.0
0.0
0.0
0.0
1.0050550305157286e-6
5.064975567160491e-7
2.9952405191239184e-5
0.0
0.0
0.0
0.0
0.0003265688309241174
0.0002914633394112998
0.0002714906131355138
0.00034476154466618435
0.00037422851231476054
0.0003257747219453101
0.00027618005252449257
0.00024394856115118215
0.0002654881388327734
0.00031090609778940993
0.00029855329443390224
0.000285196657505184
0.00029182897569748586
0.0003578791456156924
0.00040126313767430377
0.0004499762586965233
0.0004703861008972845
0.000506281002280049
0.0005759306410829291
0.0007898267235893889
0.0
0.0
0.0
0.0
0.0008666475040805492
0.0007317163200876264
0.0006483983019218937
0.0005980165341247311
0.00047206179476368435
0.00026368538270872614
7.967637664839748e-5
0.0
0.0
6.213084383996012e-7
6.192948729475468e-7
0.0
1.749672663935619e-7
1.8896698182631636e-5
5.793521052000599e-5
0.00012154665835722841
0.00018903743264386884
0.00025872216914404406
0.00033062855492093263
0.00046748140638393855
0.0
0.0
0.0
0.0
0.0006980013305784135
0.0005621875311364171
0.00046843297143719036
0.0004842781592003993
0.000443355253720515
0.0002520463475935164
0.0001248236999319609
4.0499525337304135e-5
1.994719160296572e-5
6.993752473235124e-5
0.00011678185336381043
0.00013342659723907603
0.00011069525402086325
0.00012762343783808834
0.0001888688914935523
0.00025769964517802446
0.0003200576340197745
0.000416413146768125
0.0004955964325879288
0.0006588803354076819
0.0
0.0
0.0
0.0
0.0008291005498264324
0.0007034813185185181
0.0006555788212817837
0.0006763488684099546
0.0006155882248829259
0.00047072366159670514
0.0003366263974791105
0.00025324879570433117
0.00022034055563529469
0.00023123122319644053
0.000268636474741679
0.00030822731786895636
0.00035491143253162295
0.0004231366713356084
0.0004963841342676967
0.0005974478346188573
0.0006757269746863978
0.0007546606936347418
0.0008360048553564408
0.0010522716923988935
0.0
0.0
0.0
0.00011226945554519107
0.001189887631076381
0.0010289791301993823
0.0009493132814679779
0.0008976317369490327
0.0007705915057428768
0.0005631774708232258
0.00041651844878577997
0.00032406737718818107
0.00026293291014277084
0.0002495263378004079
0.00022904520065130708
0.0002453831796965327
0.0002723853341172959
0.00030095022746576326
0.0003588643918634694
0.00043416893460867324
0.00048188011347875104
0.000563560584495767
0.0006944673871706657
0.0008679373164999629
0.0
0.0
0.0
0.0
0.001045502953027064
0.0008614070675126693
0.0008168259001713722
0.0007981026695126029
0.0005936432916340725
0.00033904131414002383
0.00012826933424683453
2.9302940024093452e-5
2.001608725956873e-5
4.411530205185079e-5
4.927753638892067e-5
6.073857043601033e-5
5.0314884149335e-5
0.00011090050815206009
0.00020225414629163247
0.0002571151184304047
0.00025635628549587077
0.000319722021832665
0.0003621295233742306
0.0005489770896661389
0.0
0.0
0.0
0.0
0.0006692310747545039
0.0004981007376300393
0.00039784324926423316
0.00040634962610740536
0.0003559931632595805
0.0002526880762293005
0.00016205221226026282
9.756089822322988e-5
0.00012102628336009345
0.00022473491273528916
0.000294980982567658
0.0002963290698762246
0.00021913860456072309
0.00023863149876126354
0.0002894321551640021
0.0003790800230746304
0.0004406456120820799
0.0005169432198245476
0.0006179380706636491
0.0008703966831558957
0.0
0.0
0.0
0.0002501165402707939
0.0013214913527772986
0.0012201058066946338
0.0011524046268728142
0.00112047681611131
0.001058122907581209
0.0009199818591507852
0.0007507187460078198
0.0006239312566647481
0.0005553855091982941
0.000589812474327706
0.0006108962134127869
0.0006006944822083819
0.0005459867493635655
0.0005994166117948439
0.0006319539796315184
0.0007068920475734405
0.000775088278637191
0.0008333322891188077
0.0009227790156570246
0.0011522830629452823
0.0
0.0
0.0002488499576996641
0.0005395177360385827
0.0012837248627679129
0.00111637941414005
0.0010185824860132581
0.0009797641979279572
0.0008973256824193751
0.0007297811829578064
0.0005264111261356145
0.0003803165127789631
0.0003651498662754422
0.0004288642075198551
0.0004278655329291105
0.0004055850532294748
0.00035357211077774757
0.000360009169118334
0.00037714444336137446
0.00042554930047338245
0.0004428697384001566
0.0004959469748927495
0.0005599278904167269
0.0007617725822481295
0.0
0.0
0.0
0.0
0.0008594101079213684
0.0007063641949708495
0.0006144326902794976
0.0006341038135145553
0.0006443403849723644
0.0006069676308625297
0.000527617655961501
0.00047582061187365115
0.0004834995772431179
0.0005695831598558473
0.000607835087099143
0.0006216914409210513
0.0005727939679548853
0.0005995313837170596
0.0006295283276838489
0.0006917733362130177
0.0007128316587485743
0.0007620898473196634
0.0008073794743139146
0.0009687042837438871
0.0
0.0
0.0
0.0
0.0010468174325681898
0.0008630006665303844
0.0007748180602298053
0.0007753027070559554
0.0007467329515208904
0.0006845818690320123
0.0006083352939553249
0.0005564924406293386
0.0005694545193088418
0.0006493411023186449
0.0006613682886647151
0.0006580264929342657
0.0005920309243616475
0.0005299780003557479
0.0005240779558254189
0.0005505669532212725
0.0005532089182723454
0.0005844510256581662
0.0006134391089910287
0.0007637883853176059
0.0
0.0
0.0
0.0
0.0005840464042494751
0.0003931497495483472
0.0003278222441118673
0.00034878945446998536
0.00028924477367917706
0.00015654938933893272
8.036820832265367e-5
1.3529098922549953e-5
0.0
2.4695533065163837e-6
0.0
0.0
5.012549034136791e-6
1.3571893771161074e-5
8.158715086244625e-5
0.0001936559688640361
0.00025516173786989084
0.00030083376408216914
0.00039682114267617464
0.0005790344937637618
0.0
0.0
0.0
0.0
0.0008409537106140252
0.0007306432702598928
0.0006444214236611349
0.0005366071815611163
0.0003240450525476476
0.00012117031535797581
7.5111372309455595e-6
0.0
0.0
6.587409805691261e-7
0.0
0.0
0.0
0.0
0.0
3.369328144848267e-5
9.216677798157676e-5
0.00015738813558550705
0.00024192603574230072
0.00046645307320156935
0.0
0.0
0.0
0.0
0.0005282574165493277
0.0004096494881800393
0.00036432608119029293
0.00038486942230734727
0.0003900945507876691
0.00030661128513668237
0.00020856000345598351
0.00018329144268390874
0.00020357024925619625
0.00024821125237356104
0.0002743544684363342
0.00026878698797091745
0.0002195008096464055
0.00022514998549022153
0.0002257610189101132
0.0002537204378528093
0.0002685567917593999
0.0003016686155495978
0.00035452542180132207
0.0005045237862176319
0.0
0.0
0.0
0.0
0.0005736591141574565
0.0004127486757148451
0.00031962122216398417
0.00033833287688569865
0.00030943416217383944
0.00021456869144154432
0.00024532178078807363
0.0003961760673820807
0.0005165409149617809
0.0006372940934666057
0.0007443859036039986
0.0007905683371428279
0.0007259763042742715
0.0007337164839740216
0.000745674451820092
0.0008092751286674805
0.0008353080918296757
0.0008872517356740256
0.0009856704693894185
0.0012389712776293771
0.0
0.00013328946547848147
0.0004140718694453853
0.0006545467850839696
0.0014317206354324014
0.0012981588744245514
0.0012213206089685526
0.0011877290785691135
0.001141091655897568
0.000996641796153791
0.0008495847331890754
0.0007412166042624685
0.0006905681855588528
0.0007548578975639519
0.0007696251800492595
0.0007689190472714219
0.0007433309888065763
0.0008058455376092007
0.000874994274019525
0.0009723758540959547
0.0010410457089412742
0.0011152627594024115
0.0011989831366591706
0.0014233910203732053
0.0
0.0007102857446884262
0.0007843360224804725
0.0007837543587155053
0.001610897103887309
0.0014223789021141154
0.00131908720800441
0.001260843234011788
0.0011472301214272057
0.0009498291785918337
0.0007552689129672336
0.0006054137161525928
0.0005066477596204228
0.0004919179238254714
0.0004709477666161503
0.000429065081063046
0.0003863275422913752
0.0004716978935572595
0.0005292884708563658
0.000624966122724435
0.000671940063183799
0.0007260841618126967
0.000810481190985141
0.0010238559484894575
0.0
0.0
0.0
0.00023471226194071156
0.0012185799121643274
0.0010580506458990604
0.0009774880150067748
0.0009079471336170636
0.0007094169153428779
0.0004918923979773742
0.0003048489678566846
0.00017997725879317195
9.219089198626797e-5
7.6164693379868e-5
5.73702417612129e-5
5.43821945449471e-5
8.676747478699508e-5
0.00017038547689256076
0.00026411138077387107
0.0003307299670433535
0.00043320209582365504
0.0005517864898018969
0.0006305178676758247
0.000804352100320267
0.0
0.0
0.0
0.0
0.0009485891635453913
0.0007623083147894446
0.0006766562898734865
0.0006770150760526496
0.0006208500967703358
0.00048441271523093425
0.00024568656160381576
0.00011237069650615884
3.656930886039239e-5
4.488108831235278e-5
5.645074890623559e-5
7.687815017256285e-5
0.0001067478194034824
0.00010527349881108858
0.0001177430629635647
0.0001388873761935531
0.00014398820249991525
0.00018152073714542376
0.0002449381804646185
0.0005567445521310073
0.0
0.0
0.0
0.0
0.0010031359401229912
0.0008490997001409517
0.0007929968537572574
0.0008545098374793965
0.0008923853122564558
0.0008465814340726894
0.0007989521692342938
0.0007456403172077063
0.0007626969523343975
0.0008676968888304992
0.0009115907511537981
0.000910709183780923
0.0008370159900967843
0.0008478313679505997
0.0008618651273346225
0.0008914894849844946
0.0008966844669311287
0.0009670882271534244
0.0010771661843342693
0.0012995392334419877
0.0
0.0002868667481777115
0.0007835741839193859
0.0008935701991685019
0.0015131288398305598
0.001347969092644678
0.001239218866123687
0.0011762138844631086
0.0010814562886155457
0.0009127732202489257
0.0007120242179261559
0.0005528097658903005
0.0004557587014989007
0.00043930325972072447
0.0004067525155238655
0.00037949149313078455
0.00033293945683978327
0.00038184597273313624
0.000492338763974752
0.0006081622648270846
0.0006970546118250125
0.0007673972091945758
0.000822984697930165
0.0009870530272898055
0.0
0.0
0.0
0.0
0.0010707946995238075
0.0009062645727464294
0.0007926821064263501
0.0007267176640888558
0.0006080203793364116
0.0003504245290121548
0.0001346809826620526
3.274724942918722e-5
1.6673774637249285e-5
4.069442967955213e-5
4.9748158451066076e-5
7.145745813981675e-5
7.823616798907572e-5
0.00011729960985455671
0.000140755627536729
0.0002035392296812103
0.0002399574945097668
0.00029464013853236726
0.0003605476605644616
0.0005079054918701201
0.0
0.0
0.0
0.0
0.0006540036879408078
0.0004964970483948554
0.0004476412414818324
0.00038866129182225706
0.00023539359107186019
0.00010100593035741898
4.255943304188682e-6
0.0
0.0
7.668238452724549e-7
0.0
0.0
0.0
0.0
9.059199527177046e-7
4.3291410503042714e-5
8.840037868308171e-5
0.000142121333640539
0.00016089870818517812
0.00034265842129945016
0.0
0.0
0.0
0.0
0.000449962513292261
0.0003222470421822368
0.00021815024810332108
0.0001947317120286659
9.40625911464743e-5
2.5951792192398923e-6
0.0
0.0
0.0
0.0
0.0
0.0
0.0
0.0
0.0
3.7612236944500036e-5
8.518273945129814e-5
0.00014430059140675992
0.00016298022804618582
0.00024898111868186843
0.0
0.0
0.0
0.0
0.0005472845555112295
0.0004279201581328875
0.0002941159906293285
0.00018858535909409418
5.3059809287025796e-5
0.0
0.0
0.0
0.0
0.0
0.0
0.0
0.0
0.0
5.211259845427112e-7
4.4726465512905436e-7
8.4428858185604e-6
5.930708365686016e-5
0.00011358826110924185
0.00023183011959081455
0.0
0.0
0.0
0.0
0.0004353568878874139
0.0003329771313337395
0.00023787347795947537
0.00020171545685060651
0.00011312327309381717
2.5131503914965572e-5
0.0
0.0
0.0
0.0
0.0
0.0
0.0
0.0
0.0
5.269428285516823e-7
0.0
5.329018044362453e-7
1.5955063317059581e-6
7.244553806677666e-5
0.0
0.0
0.0
0.0
0.00024672914923999016
0.0001436436844158276
9.513199712707132e-5
0.00010228669693052601
7.918096377246182e-5
1.8922087376637338e-5
0.0
0.0
0.0
0.0
0.0
0.0
0.0
0.0
0.0
3.946745701794743e-7
5.387884091716759e-7
6.359559505318033e-6
1.9616658251648982e-5
9.563218444760684e-5
0.0
0.0
0.0
0.0
0.00011780948107357194
6.125292879089574e-5
1.6942710271223386e-5
3.1686850043966024e-5
2.315324185708939e-5
1.3341002068179204e-5
0.0
0.0
0.0
2.7184426525700117e-7
6.201571808677081e-7
0.0
0.0
0.0
3.1415937273467972e-6
1.4036565702073514e-5
3.2653591263026374e-5
6.701680694715311e-5
7.17183256529011e-5
0.0001200926139693486
0.0
0.0
0.0
0.0
2.903197090897405e-5
0.0
0.0
3.338137681234681e-5
4.8447300403190406e-5
7.151433056042838e-6
0.0
0.0
0.0
0.0
0.0
0.0
0.0
0.0
1.0406140491875915e-5
6.401740193626974e-5
9.423604309795662e-5
0.0001553139293540274
0.00027741023075549947
0.0004890928863030132
0.0
0.0
0.0
0.0
0.0007866720832804087
0.000673190653863612
0.0005754702470880603
0.000521818674494257
0.00043262598326977714
0.00026687296067879555
0.00012069767139011695
3.816428772908594e-5
1.7470708268423617e-5
4.3458797062978726e-5
6.131147010584612e-5
7.221306735588397e-5
7.466877977935077e-5
0.00016077556299303153
0.00025363967597516555
0.0003111450509666708
0.0003689852490848118
0.00044830243228072964
0.0005511018874956598
0.0007624970543946483
0.0
0.0
0.0
0.0
0.000983654073514122
0.0008457511528237648
0.000743299389337261
0.000629849599246989
0.0004696649878714708
0.0002615642433219398
9.0415466063032e-5
2.2663890235409454e-6
0.0
7.088206902235926e-7
2.523229290079157e-6
1.0086722715616968e-5
0.0
3.0356011515396562e-5
0.00011187718173158487
0.00020778150750045551
0.0002418905176917879
0.0003277413386921325
0.00043774858003305025
0.000614068613757488
0.0
0.0
0.0
0.0
0.0007485912243029211
0.0005552019609665563
0.0004370535398534313
0.0004001290301382788
0.00024435146218798365
5.2798506982309275e-5
0.0
0.0
0.0
0.0
0.0
0.0
0.0
0.0
0.0
2.061614636733485e-6
5.1163795483181237e-5
0.0001185764795153153
0.00015909287968778635
0.0003233608504976127
0.0
0.0
0.0
0.0
0.00043883941600017024
0.0003015052739125996
0.0002220844601756637
0.00026604943258844204
0.00027063093494912425
0.0002023924375040644
0.0001427879770179663
0.00011397584698523383
0.00012460816393186836
0.00016304081021867209
0.0001613338643704592
0.00014767554900913617
0.00012422694673271836
4.2353104124547464e-5
0.0
0.0
0.0
6.704716259084823e-6
2.2396676853911566e-5
8.358412319682675e-5
0.0
0.0
0.0
0.0
0.00012223506730765513
6.350095220062516e-5
3.348451420179619e-5
3.3908364530333275e-5
2.5256511718716324e-5
1.4711933435310372e-6
0.0
0.0
0.0
0.0
0.0
0.0
0.0
5.586110247760392e-7
1.4296588915959973e-6
5.594678791072058e-5
9.832300382762016e-5
0.00014398989985566976
0.00020385252261693023
0.00040814793893851297
0.0
0.0
0.0
0.0
0.0006434724465196534
0.0004956033464103499
0.00028214544536364427
0.0002222208037739751
0.00011722340606984328
3.373076178730552e-5
0.0
0.0
2.776714825819022e-6
1.6392778958308804e-5
8.05728981094465e-6
0.0
0.0
3.084658968375435e-6
2.5960048922094846e-5
7.850275748174409e-5
0.00011264562985301483
0.0001537230819994627
0.00023055921734023123
0.0004099647145272402
0.0
0.0
0.0
0.0
0.0004847634784345144
0.00035517377919627415
0.00025069524618172274
0.00021830033789181153
0.00015858581149719858
8.439394815401485e-5
2.9457085766425514e-6
0.0
0.0
4.010726764060615e-6
3.222291432076518e-5
6.048671345911322e-5
4.266508262002206e-5
7.04868958493798e-5
9.926304099701636e-5
0.00013975894692919646
0.00017786845336020013
0.00023587849219823423
0.00030325188784502237
0.00047627029881863183
0.0
0.0
0.0
0.0
0.000624868550591531
0.0004976740347659295
0.0003978946720254343
0.00036222310664251974
0.00030343629480314525
0.0001721179075527862
7.28661781440929e-5
1.8604865670869893e-6
0.0
5.838229091576087e-7
5.214552674610927e-7
0.0
0.0
0.0
3.526674448608322e-5
0.00011435257384870951
0.00015056313899751477
0.0002118245020230309
0.00031168606223049103
0.0005198464390036369
0.0
0.0
0.0
0.0
0.0007540285358376911
0.0005851312052175744
0.0004468851161429709
0.00031158701757017616
0.00014692222613733308
2.7176605227597174e-5
0.0
0.0
0.0
0.0
0.0
0.0
0.0
0.0
0.0
4.6779042033946817e-7
2.7857939921914034e-5
9.696644220267601e-5
0.00016527405519263394
0.000371324231137518
0.0
0.0
0.0
0.0
0.0007202362598310899
0.000611063054568914
0.0005123317638727539
0.00043676106445049434
0.0002459702056595973
8.884308348701606e-5
2.3928376311707182e-6
0.0
0.0
5.343462129227075e-7
0.0
0.0
0.0
0.0
0.0
4.7910644690312155e-5
9.745293475444644e-5
0.00014743234823222037
0.00019318592364237194
0.0003647262415106422
0.0
0.0
0.0
0.0
0.0006558191063634841
0.0005579200773704643
0.0004772916461549184
0.00043073367310449715
0.0003489564102576923
0.00022248552430034063
0.00010927280528498855
2.182817378232982e-5
0.0
1.1066929715353447e-6
0.0
0.0
0.0
2.415676105234995e-6
3.5659855929821864e-5
9.44425265714497e-5
0.00013971008434812967
0.00019802463114381986
0.00030343516443022975
0.0004825271622099464
0.0
0.0
0.0
0.0
0.00074228982025547
0.0006033181941732116
0.0004890811576174135
0.00043271271272600704
0.00031191627994244696
0.00014224917502242624
2.523268825624111e-5
0.0
0.0
6.702574248442226e-7
6.358085411687185e-7
0.0
0.0
0.0
0.0
3.759954898007367e-5
7.65358299609617e-5
0.00011838959888404379
0.0001797914358375113
0.00036714814424218604
0.0
0.0
0.0
0.0
0.0005138541816193819
0.00041167786339225965
0.000320304177076321
0.0002479815082326179
0.0001740198518792394
8.80500733321782e-5
1.8043300319193929e-6
0.0
0.0
7.387674180360263e-7
5.113106331688215e-7
0.0
0.0
0.0
0.0
5.846272203470297e-7
0.0
4.469001860415998e-5
0.0001114033450226982
0.00022624335766701324
0.0
0.0
0.0
0.0
0.00031438939149740973
0.0001773906116192672
0.00011953445096941577
0.000123222943120793
0.00012810811088017775
0.00011109707453432954
6.295987553729923e-5
9.021353175669993e-6
1.2015214862700558e-5
6.13086415912593e-5
8.48518270466919e-5
7.037503002296719e-5
9.81920925424126e-6
7.202223558400435e-6
1.6654122007198053e-5
2.7391591810091322e-5
3.7635274624897274e-5
7.027116656988976e-5
9.722966151566711e-5
0.00019315895288622579
0.0
0.0
0.0
0.0
0.00034565491858656
0.00020813328464899003
0.00013276951560620194
0.00013067782805878313
0.00012208771065713332
9.405621994347115e-5
4.05107215305852e-5
0.0
0.0
2.0456451642548964e-5
7.065995136197015e-5
3.7868732082409075e-5
0.0
1.9984387827249307e-6
2.2242961131573904e-5
6.158558475193734e-5
8.891324334693935e-5
0.00011882164160375879
0.00015238149371765415
0.00029591768722524674
0.0
0.0
0.0
0.0
0.0005965289625820202
0.00047288872351605987
0.0004127896868747405
0.000446520479430689
0.000412748858159818
0.0003106995535196382
0.00017449895226593801
5.846335632570277e-5
4.7225803852710466e-5
0.00011463186005193557
0.00015197434087092917
0.00016083405249360958
0.00012804767410230067
0.00013062499395940822
0.0001596310113524273
0.0002119472690769197
0.00023348119320982597
0.000282673968521682
0.0003632226200871816
0.0005465177063936794
0.0
0.0
0.0
0.0
0.0008089907008842319
0.0006734441906254093
0.000596104879066353
0.0006207915633706905
0.0005901851005018327
0.000506391920234656
0.0004132436099113086
0.00034143606232316256
0.0003306422801159056
0.00035774724222279044
0.00036381849064571337
0.00038475212646944427
0.0003795460784773522
0.00037653233806323247
0.0004172846866284653
0.0005095107583841978
0.0005447499314266923
0.0006069677257339157
0.0007319458650547959
0.0
0.0
0.0
0.0
0.0009813455849212367
0.0008071987763217498
0.0007321971075008874
0.0007366406193745899
0.0006994114241968568
0.0005820379966571484
0.00041704446879878884
0.00034715207876340626
0.00030207207716962997
0.00027393010232743806
0.00020398880463304614
0.0001606637593663205
0.00014169300538819944
0.00013167290932561434
0.00016624507039569915
0.00022129962422925712
0.00028412625739596364
0.0003608728046203922
0.0004284964675027886
0.0006070775424506659
0.0
0.0
0.0
0.0
0.0008827460089418081
0.0007354899742964368
0.0006619858418820232
0.0006512286263628468
0.0005421563236121795
0.00033279944435727114
0.00014376129619228685
3.649108510107535e-5
8.743148798155542e-6
1.9749727742999028e-5
2.3368857942104516e-5
3.7880027200161327e-6
0.0
0.0
5.934132071911522e-6
7.684843673517254e-5
0.00013320701404811428
0.00020834470087318258
0.00032287759401443015
0.0005068507715871073
0.0
0.0
0.0
0.0
0.0006872776158858551
0.0005168948014548873
0.0004648023608797413
0.00046904110880978666
0.00041218906466319616
0.00022273420258057662
7.589544496223228e-5
0.0
0.0
4.829471846689265e-7
0.0
0.0
0.0
0.0
0.0
2.7405926096203003e-7
2.2132126304510295e-6
6.0636866682317344e-5
0.00011794817147560469
0.00029274953537839117
0.0
0.0
0.0
0.0
0.0005646594511292272
0.00045310029119478737
0.00036498653367648726
0.00032498398662666886
0.00020637620505541265
7.50686212420243e-5
0.0
0.0
0.0
5.33513134820416e-7
0.0
0.0
0.0
0.0
0.0
2.6686624670379094e-7
0.0
1.8519863289277192e-5
6.749467995634755e-5
0.00012905533924449091
0.0
0.0
0.0
0.0
0.00016357423306276653
8.859080464120457e-5
5.217772384901907e-5
5.899842998804941e-5
2.3719615021147357e-5
0.0
0.0
0.0
0.0
0.0
0.0
0.0
0.0
0.0
0.0
0.0
0.0
0.0
6.688734674505507e-7
2.5369738202896128e-6
0.0
0.0
0.0
0.0
0.00048765949507902995
0.00038958264932099484
0.00034070199609722765
0.00036391553683186306
0.0003291562668778113
0.00020190944514506584
8.401791446916255e-5
2.326146505453633e-6
0.0
6.535109624512553e-7
4.860344717953103e-7
0.0
0.0
0.0
0.0
1.6049555992140406e-6
4.484496204643702e-5
9.941411071149074e-5
0.00015245838226045374
0.0003090315046589742
0.0
0.0
0.0
0.0
0.0003656090155465001
0.00023585046337351874
0.0001689535008240616
0.00026158266801873137
0.0003447027302451437
0.0003454384366794539
0.0003103242793672425
0.00026928540641726905
0.0002698651174035197
0.000326139996148396
0.0003311593984983418
0.0002893193230528758
0.00020043660566903092
0.0001364957478194518
0.00013003667808231636
0.00013881204443967342
0.0001442946376378549
0.00018566693500709605
0.000281597474750365
0.0004459846810969098
0.0
0.0
0.0
0.0
0.0005817701056862483
0.00043732216150241374
0.0003670174380251281
0.0003930362971243129
0.00038464966413762227
0.0003023218855982339
0.00020439760672618973
0.00011208922988902679
8.693612590952762e-5
9.547559142208976e-5
8.170565072489688e-5
6.699678094486816e-5
1.2283239838029815e-5
0.0
0.0
3.874792086684185e-5
8.809245591690107e-5
0.00014052749778118044
0.0001828075954719723
0.0003084810615514215
0.0
0.0
0.0
0.0
0.0004761887785312697
0.000368565607739346
0.0003050606974371353
0.0002948110752132471
0.0002273231833326317
0.00010711163404678466
5.1193185145302006e-6
0.0
0.0
0.0
0.0
0.0
0.0
0.0
0.0
0.0
1.418498211649943e-6
2.6084542012087898e-5
8.099996131641204e-5
0.0001992680277657332
0.0
0.0
0.0
0.0
0.0004624420988383484
0.0003225249955828328
0.00026630510620189953
0.0002203460038351454
0.00010396266884306466
1.936401789533385e-5
0.0
0.0
0.0
0.0
0.0
0.0
0.0
0.0
0.0
0.0
1.3700599476283753e-6
1.7471105336049056e-6
4.318956246063772e-5
0.0001596078466791015
0.0
0.0
0.0
0.0
0.0004167499744317128
0.0003410463317924793
0.0002812079997549177
0.0001681250674339599
9.557536737799316e-5
2.4054527826504367e-5
0.0
0.0
0.0
0.0
0.0
0.0
0.0
0.0
0.0
0.0
0.0
3.678026836587386e-7
2.3938416168749677e-6
8.777975269947068e-5
0.0
0.0
0.0
0.0
0.00036323351547641857
0.0002870554297373453
0.0002237122306877175
0.00022159787432434095
0.00016275053768440706
6.733853383680881e-5
0.0
0.0
0.0
0.0
0.0
0.0
0.0
0.0
0.0
0.0
0.0
6.34319160333245e-7
2.308152051520006e-6
8.406579139828008e-5
0.0
0.0
0.0
0.0
0.00022665547268018102
0.00014162819520784152
0.00010421246048673105
0.00010857190699376726
0.00013138480917767648
0.00014232717395339968
0.00010564346808117686
6.287882113019264e-5
5.776261836151002e-5
0.00010206328857019288
0.00011911146560407493
9.520388785648723e-5
3.854618687947637e-5
3.232141723739795e-5
3.01450441002238e-5
4.75672805622579e-5
4.667966387544874e-5
6.520502782452352e-5
8.82870742920916e-5
0.000156760562097326
0.0
0.0
0.0
0.0
0.0002204205885751004
0.00012078792871461765
8.288532515599717e-5
0.00010447624661415041
9.309286024374487e-5
6.416159515937129e-5
3.2365788051299117e-6
0.0
0.0
0.0
0.0
0.0
0.0
0.0
0.0
0.0
0.0
6.156147798890814e-7
2.3740928366388845e-6
9.087171378537705e-5
0.0
0.0
0.0
0.0
0.00031416493287153845
0.00022688338984523342
0.0001768953168554002
0.00012017650110131064
2.7612485090687477e-5
0.0
0.0
0.0
0.0
0.0
0.0
0.0
0.0
0.0
0.0
0.0
0.0
5.140751836147271e-7
1.3048784075451217e-6
5.120126028891977e-5
0.0
0.0
0.0
0.0
0.00011487867009564859
5.2190764656409446e-5
2.0843475475750423e-5
5.076686393923462e-5
5.4509956925354246e-5
1.7946325730065357e-5
0.0
0.0
0.0
0.0
8.886731307761474e-7
0.0
0.0
0.0
0.0
7.072234277108204e-7
0.0
5.167158750314781e-7
6.093858525281623e-6
0.00010058761440451047
0.0
0.0
0.0
0.0
0.0001339630448524113
7.301894757207225e-5
2.734974787029291e-5
3.1644238100650555e-5
3.480045581202585e-5
3.484315159020981e-6
0.0
0.0
0.0
0.0
0.0
0.0
0.0
0.0
0.0
0.0
0.0
0.0
1.2765410655735704e-6
9.620784880435739e-7
0.0
0.0
0.0
0.0
9.570138582584763e-5
4.335347658189253e-5
0.0
0.0
0.0
0.0
0.0
0.0
0.0
0.0
0.0
0.0
0.0
0.0
0.0
0.0
0.0
5.04804779993531e-7
7.184029859399377e-7
5.5137413906982416e-5
0.0
0.0
0.0
0.0
0.0001138850258215613
5.3678696553203534e-5
8.153245908028825e-6
1.1490818806430175e-5
1.4444867458123247e-5
0.0
0.0
0.0
0.0
0.0
0.0
0.0
0.0
1.1436134720643193e-6
5.1856624665503094e-5
0.00014288625928284194
0.0002309241070054511
0.0003200305999411885
0.0004376885513144066
0.0006671187970288069
0.0
0.0
0.0
0.0
0.0008623435687862157
0.0007347371271849861
0.0006757639593699454
0.0007117361176659442
0.0007244323426393206
0.0006359362812796116
0.000520477968965433
0.0004467912178343161
0.00040744489363485
0.0004631794604695901
0.0005153740790430849
0.00046954763005841387
0.00035943886898060976
0.00036925571146322907
0.0003904589479637358
0.0004672185009885748
0.0005263513062462935
0.0005924942879993067
0.0006591684081608053
0.0008317850732269082
0.0
0.0
0.0
0.0
0.0008536568561462526
0.0007090719034784881
0.0006165699034613594
0.0005933700081511412
0.0005022311738178822
0.0003727383951313763
0.0002597631389143353
0.00015567688706732592
7.094277245058139e-5
1.5469223923906026e-5
2.8433807763753164e-6
0.0
0.0
0.0
9.93351549268053e-6
8.31312353811036e-5
0.00015130500303386744
0.000273052275974699
0.00040646799213945125
0.0005966652214697272
0.0
0.0
0.0
0.0
0.000803129280010814
0.0007620836542952277
0.0007504967750331889
0.0006590454834744599
0.0004656185362692741
0.0002733383453136087
0.00012598715478041807
3.8238313356597345e-5
7.819375155379327e-6
1.0193789453324123e-5
0.0
0.0
0.0
0.0
1.916018723911182e-7
7.589330092504706e-5
0.00016551732361453202
0.00022373469561440092
0.0002958614405628238
0.0005222483379631141
0.0
0.0
0.0
0.0
0.0006809915237432723
0.0004351208056642474
0.00030589145427800175
0.00030134601550637
0.00017821022073546478
8.124649426831383e-5
1.1577458488505986e-6
0.0
0.0
0.0
0.0
0.0
0.0
0.0
0.0
0.0
0.0
0.0
6.793296521325709e-7
4.474262734189064e-5
0.0
0.0
0.0
0.0
0.0002457099209599619
0.00014973577445427004
0.0001031853717474881
9.518577354069732e-5
7.26959421080461e-5
1.2142181103768958e-5
0.0
0.0
0.0
9.805821189509913e-7
3.1757490682882036e-5
3.518694336366696e-6
0.0
0.0
2.7104790165128664e-5
0.00010818961482883664
0.00017946907718301698
0.00024558353195233316
0.0003434058345259632
0.0005472364570658463
0.0
0.0
0.0
0.0
0.0007031013423381427
0.0005100923560760164
0.00040074476249861993
0.000355084770076073
0.0002555037418061143
0.00011054822717471562
4.64621767133827e-6
0.0
0.0
2.060019339574098e-7
0.0
0.0
0.0
0.0
0.0
1.9319212643463077e-7
0.0
4.024038881159992e-5
8.380699309187356e-5
0.00016323269214381603
0.0
0.0
0.0
0.0
0.00034064517139299364
0.00022905553175227698
0.0001919186570429358
0.0001374464979331121
3.391837916505997e-5
0.0
0.0
0.0
0.0
0.0
0.0
0.0
0.0
0.0
0.0
2.573923201577121e-7
0.0
6.849296821284483e-7
0.0
5.067174786932914e-5
0.0
0.0
0.0
0.0
0.00011134623132562696
3.550541986420776e-5
0.0
0.0
0.0
0.0
0.0
0.0
0.0
0.0
0.0
0.0
0.0
0.0
0.0
0.0
0.0
0.0
1.9089505597793272e-6
6.448746899519374e-5
0.0
0.0
0.0
0.0
0.0001062299318330402
8.26155887962984e-5
0.00011933210630223684
0.0002503466358288233
0.00029208379294230877
0.0002563993742268443
0.00019015345359573972
0.00011468892749218906
6.937064007679449e-5
6.774724728976397e-5
5.8567842505575576e-5
5.5486010343540644e-5
4.6603122421579385e-5
4.2989569071292196e-5
0.00011393896868113957
0.00023752678485062557
0.0003198705658912077
0.0003910865117963675
0.00046283020010735474
0.0005742911349804351
0.0
0.0
0.0
0.0
0.0007148527229697017
0.0006390827851041672
0.0005959605942839434
0.0005927790357629693
0.0005089846779678687
0.00036998387730646483
0.0002267563755285112
0.00010878397575345689
6.90298343830165e-5
6.918421926299172e-5
2.9726787804014613e-5
7.909784043936195e-6
0.0
0.0
1.0906513086684896e-5
8.82216550262086e-5
0.00016541541047014702
0.00020806760569373934
0.0003021094044567685
0.0005157693374880379
0.0
0.0
0.0
0.0
0.000697879482036724
0.0005804633943713862
0.0005043122443590242
0.00044903875156173816
0.0003006705643592915
0.00012134774567646991
6.826368630325785e-6
0.0
0.0
5.114528051823072e-7
0.0
0.0
0.0
0.0
0.0
6.806260606394683e-7
6.801507471367651e-7
6.28358432134888e-5
0.0001227991745893544
0.00024072029340505428
0.0
0.0
0.0
0.0
0.0003498507112230782
0.00016876347366258116
8.34050334149956e-5
6.837048740108437e-5
2.5319367307135248e-5
0.0
0.0
0.0
0.0
7.43309308168729e-7
0.0
0.0
0.0
0.0
0.0
0.0
0.0
4.987923394797665e-7
5.077205065333644e-7
1.5060616317103636e-5
0.0
0.0
0.0
0.0
1.5821429178166174e-5
0.0
0.0
0.0
0.0
0.0
0.0
0.0
0.0
0.0
0.0
0.0
0.0
0.0
0.0
0.0
0.0
0.0
6.715979440546265e-7
8.169619283363596e-7
0.0
0.0
0.0
0.0
5.644921878235012e-7
0.0
0.0
0.0
0.0
0.0
0.0
0.0
0.0
0.0
0.0
0.0
0.0
0.0
0.0
0.0
0.0
0.0
0.0
7.702668597897907e-7
0.0
0.0
0.0
0.0
1.0210516592268292e-6
0.0
0.0
0.0
0.0
0.0
0.0
0.0
0.0
0.0
0.0
0.0
0.0
0.0
0.0
0.0
0.0
0.0
0.0
6.079804053621533e-7
0.0
0.0
0.0
0.0
6.121563181769126e-7
0.0
0.0
0.0
0.0
0.0
0.0
0.0
0.0
0.0
0.0
0.0
0.0
0.0
0.0
0.0
0.0
0.0
0.0
6.414644447972202e-7
0.0
0.0
0.0
0.0
5.312024347137739e-7
0.0
0.0
0.0
0.0
0.0
0.0
0.0
0.0
0.0
0.0
0.0
0.0
0.0
0.0
0.0
0.0
0.0
0.0
2.681905966863643e-6
0.0
0.0
0.0
0.0
0.00013988487611935643
7.016095330197369e-5
2.143808585597878e-5
1.5563183393729436e-5
1.0136417352420568e-6
0.0
0.0
0.0
0.0
0.0
0.0
0.0
0.0
0.0
0.0
0.0
0.0
0.0
6.195422980834348e-7
8.207434304858525e-7
0.0
0.0
0.0
0.0
0.0001434882578031253
0.00010295161830809323
5.189189324356676e-5
1.3472953233595655e-5
0.0
0.0
0.0
0.0
0.0
0.0
0.0
0.0
0.0
0.0
0.0
0.0
0.0
0.0
1.290449104652893e-6
6.27717179596278e-6
0.0
0.0
0.0
0.0
0.00012932119777839227
8.78495664191776e-5
2.669600946576332e-5
1.9095084562973254e-6
0.0
0.0
0.0
0.0
0.0
0.0
0.0
0.0
0.0
0.0
0.0
0.0
0.0
0.0
0.0
9.43532794868669e-7
0.0
0.0
0.0
0.0
6.758678300646849e-5
2.1243044017585485e-5
0.0
0.0
0.0
0.0
0.0
0.0
0.0
0.0
0.0
0.0
0.0
0.0
0.0
0.0
0.0
0.0
0.0
1.1683217775013745e-6
0.0
0.0
0.0
0.0
1.6442271053123973e-5
0.0
0.0
0.0
0.0
0.0
0.0
0.0
0.0
0.0
0.0
0.0
0.0
0.0
0.0
2.564824499558405e-7
0.0
4.039534108421365e-6
6.096127691649829e-5
0.00015707003688078885
0.0
0.0
0.0
0.0
0.00029448433114297217
0.00016793421180389155
0.0001223763553331443
0.0001381792079473234
0.00011851961770458055
8.741452756004831e-5
9.409523296602278e-6
0.0
0.0
0.0
0.0
0.0
0.0
0.0
0.0
2.323709414486844e-7
2.602813959218135e-7
1.3438123977413158e-5
6.227832477761118e-5
0.0001531464509089032
0.0
0.0
0.0
0.0
0.00030248313686493734
0.00015751514047122758
7.7805594260146e-5
2.560906749187219e-5
0.0
0.0
0.0
0.0
0.0
0.0
0.0
0.0
0.0
0.0
0.0
0.0
0.0
0.0
4.5765470653977285e-7
4.9754095440647286e-5
0.0
0.0
0.0
0.0
0.00017394587184613015
0.00010138547052237758
3.626735075367824e-5
5.364014709245287e-6
0.0
0.0
0.0
0.0
0.0
0.0
0.0
0.0
0.0
0.0
0.0
0.0
0.0
6.375442462951817e-7
3.93689506545081e-6
0.0001107655553458117
0.0
0.0
0.0
0.0
0.00041289182905773775
0.0003273267399011714
0.0002373345855835026
0.00016179757650608537
7.865753133440166e-5
7.073173509442653e-6
0.0
0.0
0.0
6.529852492264856e-7
5.459559218891018e-7
0.0
0.0
0.0
0.0
2.746693799115803e-7
1.9181501201859368e-5
8.651992861991888e-5
0.00014404541342612285
0.0003044929249201348
0.0
0.0
0.0
0.0
0.0004997127778487991
0.0004279358362749879
0.0003243274005704782
0.00025017995168764693
0.00014889645168158122
8.488488843354126e-5
3.9357231366227966e-6
0.0
0.0
3.074764068074219e-7
0.0
0.0
0.0
0.0
0.0
0.0
0.0
5.028378237867851e-7
6.543849126061676e-5
0.00020360814594006107
0.0
0.0
0.0
0.0
0.0004704377498341151
0.0003399244407718433
0.00020721320336687226
9.82732062862381e-5
1.778409115232202e-5
0.0
0.0
0.0
0.0
0.0
0.0
0.0
0.0
0.0
0.0
0.0
0.0
3.2717950080134905e-6
6.054127949458217e-5
0.00016418601849276822
0.0
0.0
0.0
0.0
0.00029007228558182305
0.00022553644918928758
0.00011806268404527411
7.628524409222537e-5
2.4246206289014446e-5
0.0
0.0
0.0
0.0
0.0
0.0
0.0
0.0
0.0
0.0
0.0
0.0
6.205160198155711e-7
5.573933699609343e-7
5.456897977714568e-5
0.0
0.0
0.0
0.0
0.00011993263504581807
7.904350563184486e-5
4.628974150808669e-5
4.047912609751405e-5
1.3719438244572253e-6
0.0
0.0
0.0
0.0
0.0
0.0
0.0
0.0
0.0
0.0
0.0
0.0
6.986593214608959e-7
6.612281074907741e-7
5.0422892965518185e-5
0.0
0.0
0.0
0.0
0.0001222458729901024
7.065081580887374e-5
2.30103517008942e-5
3.107126051839078e-5
1.6907496651199254e-5
0.0
0.0
0.0
0.0
0.0
0.0
0.0
0.0
0.0
0.0
0.0
0.0
3.8634251018923e-7
5.874795818952386e-7
2.2270674107552173e-5
0.0
0.0
0.0
0.0
4.9051885897757464e-5
0.0
0.0
0.0
0.0
0.0
0.0
0.0
0.0
0.0
0.0
0.0
0.0
0.0
0.0
0.0
0.0
0.0
0.0
0.0
0.0
0.0
0.0
0.0
1.6938158634038173e-5
0.0
0.0
0.0
0.0
0.0
0.0
0.0
0.0
0.0
5.346059743140236e-7
0.0
0.0
0.0
0.0
0.0
0.0
0.0
6.425937696365187e-7
9.169700755011033e-7
0.0
0.0
0.0
0.0
1.4189634710312135e-5
0.0
0.0
0.0
0.0
0.0
0.0
0.0
0.0
0.0
0.0
0.0
0.0
0.0
0.0
0.0
0.0
0.0
0.0
6.225225726442343e-7
0.0
0.0
0.0
0.0
0.00011345401781745906
7.963434839988056e-5
3.9342320986256e-5
2.9672148818624944e-5
3.5904346839698863e-6
0.0
0.0
0.0
0.0
0.0
0.0
0.0
0.0
0.0
0.0
0.0
0.0
0.0
7.053548863643428e-7
1.9183897389224588e-5
0.0
0.0
0.0
0.0
0.00015719916913103091
0.0001089035032021321
3.873310151849084e-5
9.048742797405584e-6
0.0
0.0
0.0
0.0
0.0
0.0
0.0
0.0
0.0
0.0
0.0
0.0
0.0
0.0
0.0
1.7372891676096954e-6
0.0
0.0
0.0
0.0
4.691169332212301e-5
7.351958713159303e-6
0.0
0.0
0.0
0.0
0.0
0.0
0.0
0.0
0.0
0.0
0.0
0.0
0.0
0.0
0.0
0.0
0.0
0.0
0.0
0.0
0.0
0.0
1.4723602615780395e-6
0.0
0.0
0.0
0.0
0.0
0.0
0.0
0.0
0.0
0.0
0.0
0.0
0.0
0.0
0.0
0.0
0.0
0.0
5.955559779275747e-7
0.0
0.0
0.0
0.0
7.182038924421768e-7
0.0
0.0
5.13348480587216e-7
0.0
0.0
0.0
0.0
0.0
0.0
5.806019588021821e-7
0.0
0.0
0.0
0.0
6.233264156517862e-7
0.0
2.1463871601150305e-5
5.6336259970207244e-5
0.00013641127725653473
0.0
0.0
0.0
0.0
0.00017019615610187866
0.00011057547867157246
6.497238786083283e-5
7.989089123732607e-5
9.232684784690917e-5
8.3919659150006e-5
2.963945256311023e-5
0.0
0.0
8.52539014674236e-6
2.35602842488209e-5
1.1968365946448149e-5
0.0
0.0
0.0
0.0
0.0
4.736637358392058e-6
1.4022036772437304e-5
7.717768860984034e-5
0.0
0.0
0.0
0.0
6.734183412602722e-5
6.033271699045118e-6
0.0
0.0
0.0
0.0
0.0
0.0
0.0
0.0
0.0
0.0
0.0
0.0
0.0
0.0
0.0
0.0
0.0
6.166760853128794e-7
0.0
0.0
0.0
0.0
1.561106737925716e-5
0.0
0.0
0.0
0.0
0.0
0.0
0.0
0.0
0.0
0.0
0.0
0.0
0.0
0.0
0.0
0.0
0.0
0.0
0.0
0.0
0.0
0.0
0.0
1.0239179438526357e-6
0.0
0.0
0.0
0.0
0.0
0.0
0.0
0.0
0.0
0.0
0.0
0.0
0.0
0.0
0.0
0.0
0.0
0.0
1.2254836944982903e-6
0.0
0.0
0.0
0.0
1.596621934437814e-6
0.0
0.0
0.0
0.0
0.0
0.0
0.0
0.0
0.0
0.0
0.0
0.0
0.0
0.0
0.0
0.0
0.0
0.0
0.0
0.0
0.0
0.0
0.0
0.0
0.0
0.0
0.0
0.0
0.0
0.0
0.0
0.0
0.0
0.0
0.0
0.0
0.0
0.0
0.0
0.0
0.0
0.0
0.0
0.0
0.0
0.0
0.0
0.0
0.0
0.0
0.0
0.0
0.0
0.0
0.0
0.0
0.0
0.0
0.0
0.0
0.0
0.0
0.0
0.0
0.0
0.0
0.0
0.0
0.0
0.0
0.0
3.222670942881871e-5
0.0
0.0
0.0
0.0
0.0
0.0
0.0
0.0
0.0
0.0
0.0
0.0
0.0
0.0
0.0
0.0
0.0
0.0
1.8165926441358225e-6
0.0
0.0
0.0
0.0
9.522103021773507e-6
0.0
0.0
0.0
0.0
0.0
0.0
0.0
0.0
0.0
0.0
0.0
0.0
0.0
0.0
0.0
0.0
5.893958452329491e-7
6.307986291571705e-7
5.237793012638643e-5
0.0
0.0
0.0
0.0
9.89868941384741e-5
4.538724788206567e-5
0.0
0.0
0.0
0.0
0.0
0.0
0.0
0.0
0.0
0.0
0.0
0.0
0.0
0.0
0.0
0.0
7.072082140455528e-7
2.2329926323549915e-5
0.0
0.0
0.0
0.0
0.00011342875205168782
6.325987356749781e-5
1.591937783258479e-5
0.0
0.0
0.0
0.0
0.0
0.0
0.0
0.0
0.0
0.0
0.0
0.0
0.0
0.0
0.0
0.0
5.332146387333717e-7
0.0
0.0
0.0
0.0
1.3202099968227235e-5
0.0
0.0
0.0
0.0
0.0
0.0
0.0
0.0
0.0
0.0
0.0
0.0
0.0
0.0
0.0
0.0
0.0
0.0
0.0
0.0
0.0
0.0
0.0
6.683208635208752e-7
0.0
0.0
0.0
0.0
0.0
0.0
0.0
0.0
0.0
0.0
0.0
0.0
0.0
0.0
0.0
0.0
0.0
0.0
0.0
0.0
0.0
0.0
0.0
6.75497938881045e-7
0.0
0.0
0.0
0.0
0.0
0.0
0.0
0.0
0.0
0.0
0.0
0.0
0.0
0.0
0.0
0.0
0.0
0.0
5.22358877218094e-7
0.0
0.0
0.0
0.0
5.662345990658008e-7
0.0
0.0
0.0
0.0
0.0
0.0
0.0
0.0
0.0
0.0
0.0
0.0
0.0
0.0
0.0
0.0
5.776612102430613e-7
6.183364861364141e-7
2.8354239974423084e-5
0.0
0.0
0.0
0.0
0.00011887679685228501
5.0209947302310555e-5
0.0
0.0
0.0
0.0
0.0
0.0
0.0
0.0
0.0
0.0
0.0
0.0
0.0
0.0
0.0
0.0
5.610474794308995e-7
1.738599299908143e-6
0.0
0.0
0.0
0.0
0.00010732091892073473
5.701416272862689e-5
1.2617336216167095e-6
0.0
0.0
0.0
0.0
0.0
0.0
0.0
0.0
0.0
0.0
0.0
0.0
0.0
0.0
0.0
0.0
0.0
0.0
0.0
0.0
0.0
1.096358434424859e-5
0.0
0.0
0.0
0.0
0.0
0.0
0.0
0.0
0.0
0.0
0.0
0.0
0.0
0.0
0.0
0.0
0.0
0.0
0.0
0.0
0.0
0.0
0.0
1.0988375051378709e-6
0.0
0.0
0.0
0.0
0.0
0.0
0.0
0.0
0.0
0.0
0.0
0.0
0.0
0.0
0.0
0.0
0.0
0.0
0.0
0.0
0.0
0.0
0.0
5.057777652093457e-7
0.0
0.0
0.0
0.0
0.0
0.0
0.0
0.0
0.0
0.0
0.0
0.0
0.0
0.0
0.0
0.0
0.0
0.0
0.0
0.0
0.0
0.0
0.0
6.123951650308569e-7
0.0
0.0
0.0
0.0
0.0
0.0
0.0
0.0
0.0
0.0
0.0
0.0
0.0
0.0
0.0
0.0
0.0
0.0
0.0
0.0
0.0
0.0
0.0
1.0584489513434724e-6
0.0
0.0
0.0
0.0
0.0
0.0
0.0
0.0
0.0
0.0
0.0
0.0
0.0
0.0
0.0
0.0
0.0
0.0
0.0
0.0
0.0
0.0
0.0
4.7506396041962455e-7
0.0
0.0
0.0
0.0
0.0
0.0
0.0
0.0
0.0
0.0
0.0
0.0
0.0
0.0
0.0
0.0
0.0
0.0
0.0
0.0
0.0
0.0
0.0
6.350381602533136e-7
0.0
0.0
0.0
0.0
0.0
0.0
0.0
0.0
0.0
0.0
0.0
0.0
0.0
0.0
0.0
0.0
0.0
0.0
0.0
0.0
0.0
0.0
0.0
5.49824612975472e-7
0.0
0.0
0.0
0.0
0.0
0.0
0.0
0.0
0.0
0.0
0.0
0.0
0.0
0.0
0.0
0.0
0.0
0.0
0.0
0.0
0.0
0.0
0.0
0.0
0.0
0.0
0.0
0.0
0.0
0.0
0.0
0.0
0.0
0.0
0.0
0.0
0.0
0.0
0.0
0.0
0.0
0.0
0.0
0.0
0.0
0.0
0.0
1.4261844645452721e-6
0.0
0.0
0.0
0.0
0.0
0.0
0.0
0.0
0.0
0.0
0.0
0.0
0.0
0.0
0.0
0.0
0.0
0.0
5.90409465715878e-7
0.0
0.0
0.0
0.0
1.457243282602806e-6
0.0
0.0
0.0
0.0
0.0
0.0
0.0
0.0
0.0
0.0
0.0
0.0
0.0
0.0
0.0
0.0
0.0
0.0
0.0
0.0
0.0
0.0
0.0
0.0
0.0
0.0
0.0
0.0
0.0
0.0
0.0
0.0
0.0
0.0
0.0
0.0
0.0
0.0
0.0
0.0
0.0
0.0
0.0
0.0
0.0
0.0
0.0
5.365598627452053e-7
0.0
0.0
0.0
0.0
0.0
0.0
0.0
0.0
0.0
0.0
0.0
0.0
0.0
0.0
0.0
0.0
0.0
0.0
0.0
0.0
0.0
0.0
0.0
0.0
0.0
0.0
0.0
0.0
0.0
0.0
0.0
0.0
0.0
0.0
0.0
0.0
0.0
0.0
0.0
0.0
0.0
0.0
0.0
0.0
0.0
0.0
0.0
0.0
0.0
0.0
0.0
0.0
0.0
0.0
0.0
0.0
0.0
0.0
0.0
0.0
0.0
0.0
0.0
0.0
0.0
0.0
0.0
0.0
0.0
0.0
0.0
6.244291259797996e-7
0.0
0.0
0.0
0.0
0.0
0.0
0.0
0.0
0.0
0.0
0.0
0.0
0.0
0.0
0.0
0.0
0.0
0.0
0.0
0.0
0.0
0.0
0.0
2.547431792370999e-6
0.0
0.0
0.0
0.0
0.0
0.0
0.0
0.0
0.0
0.0
0.0
0.0
0.0
0.0
0.0
0.0
0.0
0.0
5.00335096977896e-7
0.0
0.0
0.0
0.0
4.112509257074355e-5
0.0
0.0
0.0
0.0
0.0
0.0
0.0
0.0
0.0
0.0
0.0
0.0
0.0
0.0
0.0
0.0
0.0
0.0
0.0
0.0
0.0
0.0
0.0
1.4834120701529881e-6
0.0
0.0
0.0
0.0
0.0
0.0
0.0
0.0
0.0
0.0
0.0
0.0
0.0
0.0
0.0
0.0
0.0
0.0
0.0
0.0
0.0
0.0
0.0
1.5117721436454312e-6
0.0
0.0
0.0
0.0
0.0
0.0
0.0
0.0
0.0
0.0
0.0
0.0
0.0
0.0
0.0
0.0
0.0
0.0
0.0
0.0
0.0
0.0
0.0
1.7472059506416522e-6
0.0
0.0
0.0
0.0
0.0
0.0
0.0
0.0
0.0
0.0
0.0
0.0
0.0
0.0
0.0
0.0
0.0
0.0
6.876879441733001e-7
0.0
0.0
0.0
0.0
1.0197425637771975e-6
0.0
0.0
0.0
0.0
0.0
0.0
0.0
0.0
0.0
0.0
0.0
0.0
0.0
0.0
0.0
0.0
0.0
0.0
0.0
0.0
0.0
0.0
0.0
1.537755773125571e-6
0.0
0.0
0.0
0.0
0.0
0.0
0.0
0.0
0.0
0.0
0.0
0.0
0.0
0.0
0.0
0.0
0.0
0.0
0.0
0.0
0.0
0.0
0.0
6.006581992362685e-7
0.0
0.0
0.0
0.0
0.0
0.0
0.0
0.0
0.0
0.0
0.0
0.0
0.0
0.0
0.0
0.0
0.0
0.0
0.0
0.0
0.0
0.0
0.0
0.0
0.0
0.0
0.0
0.0
0.0
0.0
0.0
0.0
0.0
0.0
0.0
0.0
0.0
0.0
0.0
0.0
0.0
0.0
0.0
0.0
0.0
0.0
0.0
0.0
0.0
0.0
0.0
0.0
0.0
0.0
0.0
0.0
0.0
0.0
0.0
0.0
0.0
0.0
0.0
0.0
0.0
0.0
0.0
0.0
0.0
0.0
0.0
3.1741443019540363e-7
0.0
0.0
0.0
0.0
0.0
0.0
0.0
0.0
0.0
0.0
0.0
0.0
0.0
0.0
0.0
0.0
0.0
0.0
0.0
0.0
0.0
0.0
0.0
0.0
0.0
0.0
0.0
0.0
0.0
0.0
0.0
0.0
0.0
0.0
0.0
0.0
0.0
0.0
0.0
0.0
0.0
0.0
0.0
0.0
0.0
0.0
0.0
0.0
0.0
0.0
0.0
0.0
0.0
0.0
0.0
0.0
0.0
0.0
0.0
0.0
0.0
0.0
0.0
0.0
0.0
0.0
0.0
0.0
0.0
0.0
0.0
0.0
0.0
0.0
0.0
0.0
0.0
0.0
0.0
0.0
0.0
0.0
0.0
0.0
0.0
0.0
0.0
0.0
0.0
0.0
0.0
0.0
0.0
0.0
0.0
1.412028263252371e-6
0.0
0.0
0.0
0.0
0.0
0.0
0.0
0.0
0.0
0.0
0.0
0.0
0.0
0.0
0.0
0.0
0.0
0.0
5.100933715928044e-7
0.0
0.0
0.0
0.0
1.0664181157639827e-6
0.0
0.0
0.0
0.0
0.0
0.0
0.0
0.0
0.0
0.0
0.0
0.0
0.0
0.0
0.0
0.0
0.0
0.0
0.0
0.0
0.0
0.0
0.0
7.183931642253323e-7
0.0
0.0
0.0
0.0
0.0
0.0
0.0
0.0
0.0
0.0
0.0
0.0
0.0
0.0
0.0
0.0
0.0
0.0
0.0
0.0
0.0
0.0
0.0
6.389190859311591e-7
0.0
0.0
0.0
0.0
0.0
0.0
0.0
0.0
0.0
0.0
0.0
0.0
0.0
0.0
0.0
0.0
0.0
0.0
0.0
0.0
0.0
0.0
0.0
6.68926335512759e-7
0.0
0.0
0.0
0.0
0.0
0.0
0.0
0.0
0.0
0.0
0.0
0.0
0.0
0.0
0.0
0.0
0.0
0.0
0.0
0.0
0.0
0.0
0.0
0.0
0.0
0.0
0.0
0.0
0.0
0.0
0.0
0.0
0.0
0.0
0.0
0.0
0.0
0.0
0.0
0.0
0.0
0.0
0.0
0.0
0.0
0.0
0.0
0.0
0.0
0.0
0.0
0.0
0.0
0.0
0.0
0.0
0.0
0.0
0.0
0.0
0.0
0.0
0.0
0.0
0.0
0.0
0.0
0.0
0.0
0.0
0.0
0.0
0.0
0.0
0.0
0.0
0.0
0.0
0.0
0.0
0.0
0.0
0.0
0.0
0.0
0.0
0.0
0.0
0.0
0.0
0.0
0.0
0.0
0.0
0.0
0.0
0.0
0.0
0.0
0.0
0.0
0.0
0.0
0.0
0.0
0.0
0.0
0.0
0.0
0.0
0.0
0.0
0.0
0.0
0.0
0.0
0.0
0.0
0.0
0.0
0.0
0.0
0.0
0.0
0.0
0.0
0.0
0.0
0.0
0.0
0.0
0.0
0.0
0.0
0.0
0.0
0.0
0.0
0.0
0.0
0.0
0.0
0.0
1.0627138759730048e-6
0.0
0.0
0.0
0.0
0.0
0.0
0.0
0.0
0.0
0.0
0.0
0.0
0.0
0.0
0.0
0.0
0.0
0.0
6.320438733572222e-7
0.0
0.0
0.0
0.0
5.32230397897738e-5
7.8705695516112e-6
0.0
0.0
0.0
0.0
0.0
0.0
0.0
0.0
0.0
0.0
0.0
0.0
0.0
0.0
0.0
0.0
0.0
0.0
0.0
0.0
0.0
0.0
1.5137261057282448e-6
0.0
0.0
0.0
0.0
0.0
0.0
0.0
0.0
0.0
0.0
0.0
0.0
0.0
0.0
0.0
0.0
0.0
0.0
0.0
0.0
0.0
0.0
0.0
0.0
0.0
0.0
0.0
0.0
0.0
0.0
0.0
0.0
0.0
0.0
0.0
0.0
0.0
0.0
0.0
0.0
0.0
0.0
0.0
0.0
0.0
0.0
0.0
5.819776315099746e-7
0.0
0.0
0.0
0.0
0.0
0.0
0.0
0.0
0.0
0.0
0.0
0.0
0.0
0.0
0.0
0.0
0.0
0.0
0.0
0.0
0.0
0.0
0.0
0.0
0.0
0.0
0.0
0.0
0.0
0.0
0.0
0.0
0.0
0.0
0.0
0.0
0.0
0.0
0.0
0.0
0.0
0.0
0.0
0.0
0.0
0.0
0.0
1.4794889210947103e-6
0.0
0.0
0.0
0.0
0.0
0.0
0.0
0.0
0.0
0.0
0.0
0.0
0.0
0.0
0.0
0.0
0.0
0.0
0.0
0.0
0.0
0.0
0.0
1.1214169247429988e-6
0.0
0.0
0.0
0.0
0.0
0.0
0.0
0.0
0.0
0.0
0.0
0.0
0.0
0.0
0.0
0.0
0.0
0.0
0.0
0.0
0.0
0.0
0.0
0.0
0.0
0.0
0.0
0.0
0.0
0.0
0.0
0.0
0.0
0.0
0.0
0.0
0.0
0.0
0.0
0.0
0.0
0.0
0.0
0.0
0.0
0.0
0.0
5.561338713070772e-7
0.0
0.0
0.0
0.0
0.0
0.0
0.0
0.0
0.0
0.0
0.0
0.0
0.0
0.0
0.0
0.0
0.0
0.0
0.0
0.0
0.0
0.0
0.0
0.0
0.0
0.0
0.0
0.0
0.0
0.0
0.0
0.0
0.0
0.0
0.0
0.0
0.0
0.0
0.0
0.0
0.0
0.0
0.0
0.0
0.0
0.0
0.0
0.0
0.0
0.0
0.0
0.0
0.0
0.0
0.0
0.0
0.0
0.0
0.0
0.0
0.0
0.0
0.0
0.0
0.0
0.0
0.0
0.0
0.0
0.0
0.0
6.485221472536411e-7
0.0
0.0
0.0
0.0
0.0
0.0
0.0
0.0
0.0
0.0
0.0
0.0
0.0
0.0
0.0
0.0
0.0
0.0
0.0
0.0
0.0
0.0
0.0
1.1745565217694003e-6
0.0
0.0
0.0
0.0
0.0
0.0
0.0
0.0
0.0
0.0
0.0
0.0
0.0
0.0
0.0
0.0
0.0
0.0
0.0
0.0
0.0
0.0
0.0
5.517617872577915e-7
0.0
0.0
0.0
0.0
0.0
0.0
0.0
0.0
0.0
0.0
0.0
0.0
0.0
0.0
0.0
0.0
0.0
0.0
0.0
0.0
0.0
0.0
0.0
0.0
0.0
0.0
0.0
0.0
0.0
0.0
0.0
0.0
0.0
0.0
0.0
0.0
0.0
0.0
0.0
0.0
0.0
0.0
0.0
0.0
0.0
0.0
0.0
5.635240533984905e-7
0.0
0.0
0.0
0.0
0.0
0.0
0.0
0.0
0.0
0.0
0.0
0.0
0.0
0.0
0.0
0.0
0.0
0.0
0.0
0.0
0.0
0.0
0.0
6.298480846730289e-7
0.0
0.0
0.0
0.0
0.0
0.0
0.0
0.0
0.0
0.0
0.0
0.0
0.0
0.0
0.0
0.0
0.0
0.0
0.0
0.0
0.0
0.0
0.0
0.0
0.0
0.0
0.0
0.0
0.0
0.0
0.0
0.0
0.0
0.0
0.0
0.0
0.0
0.0
0.0
0.0
0.0
0.0
0.0
0.0
0.0
0.0
0.0
0.0
0.0
0.0
0.0
0.0
0.0
0.0
0.0
0.0
0.0
0.0
0.0
0.0
0.0
0.0
0.0
0.0
0.0
0.0
0.0
0.0
0.0
0.0
0.0
0.0
0.0
0.0
0.0
0.0
0.0
0.0
0.0
0.0
0.0
0.0
0.0
0.0
0.0
0.0
0.0
0.0
0.0
0.0
0.0
0.0
0.0
0.0
0.0
0.0
0.0
0.0
0.0
0.0
0.0
0.0
0.0
0.0
0.0
0.0
0.0
0.0
0.0
0.0
0.0
0.0
0.0
0.0
0.0
0.0
0.0
0.0
0.0
0.0
0.0
0.0
0.0
0.0
0.0
0.0
0.0
0.0
0.0
0.0
0.0
0.0
0.0
0.0
0.0
0.0
0.0
0.0
0.0
0.0
0.0
0.0
0.0
0.0
0.0
0.0
0.0
0.0
0.0
0.0
0.0
0.0
0.0
0.0
0.0
0.0
0.0
0.0
0.0
0.0
0.0
0.0
0.0
0.0
0.0
0.0
0.0
0.0
0.0
0.0
0.0
0.0
0.0
0.0
0.0
0.0
0.0
0.0
0.0
0.0
0.0
0.0
0.0
0.0
0.0
0.0
0.0
0.0
0.0
0.0
0.0
0.0
0.0
0.0
0.0
0.0
0.0
0.0
0.0
0.0
0.0
0.0
0.0
0.0
0.0
0.0
0.0
0.0
0.0
0.0
0.0
0.0
0.0
0.0
0.0
0.0
0.0
0.0
0.0
0.0
0.0
0.0
0.0
0.0
0.0
0.0
0.0
0.0
0.0
0.0
0.0
0.0
0.0
0.0
0.0
0.0
0.0
0.0
0.0
6.09666278872127e-7
0.0
0.0
0.0
0.0
0.0
0.0
0.0
0.0
0.0
0.0
0.0
0.0
0.0
0.0
0.0
0.0
0.0
0.0
0.0
0.0
0.0
0.0
0.0
1.522023370206206e-6
0.0
0.0
0.0
0.0
0.0
0.0
0.0
0.0
0.0
0.0
0.0
0.0
0.0
0.0
0.0
0.0
0.0
0.0
0.0
0.0
0.0
0.0
0.0
1.5394032248469792e-6
0.0
0.0
0.0
0.0
0.0
0.0
0.0
0.0
0.0
0.0
0.0
0.0
0.0
0.0
0.0
0.0
0.0
0.0
0.0
0.0
0.0
0.0
0.0
0.0
0.0
0.0
0.0
0.0
0.0
0.0
0.0
0.0
0.0
0.0
0.0
0.0
0.0
0.0
0.0
0.0
0.0
0.0
0.0
0.0
0.0
0.0
0.0
0.0
0.0
0.0
0.0
0.0
0.0
0.0
0.0
0.0
0.0
0.0
0.0
0.0
0.0
0.0
0.0
0.0
0.0
0.0
0.0
0.0
0.0
0.0
0.0
5.599704878935593e-7
0.0
0.0
0.0
0.0
0.0
0.0
0.0
0.0
0.0
0.0
0.0
0.0
0.0
0.0
0.0
0.0
0.0
0.0
0.0
0.0
0.0
0.0
0.0
5.016666941800273e-7
0.0
0.0
0.0
0.0
0.0
0.0
0.0
0.0
0.0
0.0
0.0
0.0
0.0
0.0
0.0
0.0
0.0
0.0
0.0
0.0
0.0
0.0
0.0
7.255936890975333e-7
0.0
0.0
0.0
0.0
0.0
0.0
0.0
0.0
0.0
0.0
0.0
0.0
0.0
0.0
0.0
0.0
0.0
0.0
0.0
0.0
0.0
0.0
0.0
6.411166754875777e-7
0.0
0.0
0.0
0.0
0.0
0.0
0.0
0.0
0.0
0.0
0.0
0.0
0.0
0.0
0.0
0.0
0.0
0.0
0.0
0.0
0.0
0.0
0.0
5.637159473369341e-7
0.0
0.0
0.0
0.0
0.0
0.0
0.0
0.0
0.0
0.0
0.0
0.0
0.0
0.0
0.0
0.0
0.0
0.0
0.0
0.0
0.0
0.0
0.0
1.132091648188682e-6
0.0
0.0
0.0
0.0
0.0
0.0
0.0
0.0
0.0
0.0
0.0
0.0
0.0
0.0
0.0
0.0
0.0
0.0
0.0
0.0
0.0
0.0
0.0
4.0508816771385433e-7
0.0
0.0
0.0
0.0
0.0
0.0
0.0
0.0
0.0
0.0
0.0
0.0
0.0
0.0
0.0
0.0
0.0
0.0
0.0
0.0
0.0
0.0
0.0
4.759666253362136e-7
0.0
0.0
0.0
0.0
0.0
0.0
0.0
0.0
0.0
0.0
0.0
0.0
0.0
0.0
0.0
0.0
0.0
0.0
0.0
0.0
0.0
0.0
0.0
0.0
0.0
0.0
0.0
0.0
0.0
0.0
0.0
0.0
0.0
0.0
0.0
0.0
0.0
0.0
0.0
0.0
0.0
0.0
0.0
0.0
0.0
0.0
0.0
0.0
0.0
0.0
0.0
0.0
0.0
0.0
0.0
0.0
0.0
0.0
0.0
0.0
0.0
0.0
0.0
0.0
0.0
0.0
0.0
0.0
0.0
0.0
0.0
0.0
0.0
0.0
0.0
0.0
0.0
0.0
0.0
0.0
0.0
0.0
0.0
0.0
0.0
0.0
0.0
0.0
0.0
0.0
0.0
0.0
0.0
0.0
0.0
0.0
0.0
0.0
0.0
0.0
0.0
0.0
0.0
0.0
0.0
0.0
0.0
0.0
0.0
0.0
0.0
0.0
0.0
0.0
0.0
0.0
0.0
0.0
0.0
0.0
0.0
0.0
0.0
0.0
0.0
0.0
0.0
0.0
0.0
0.0
0.0
0.0
0.0
0.0
0.0
0.0
0.0
0.0
0.0
0.0
0.0
0.0
0.0
0.0
0.0
0.0
0.0
0.0
0.0
0.0
0.0
0.0
0.0
0.0
0.0
0.0
0.0
0.0
0.0
0.0
0.0
0.0
0.0
0.0
0.0
0.0
0.0
0.0
0.0
0.0
0.0
0.0
0.0
0.0
0.0
0.0
0.0
0.0
0.0
0.0
0.0
0.0
0.0
0.0
0.0
0.0
0.0
0.0
0.0
0.0
0.0
0.0
0.0
0.0
0.0
0.0
0.0
0.0
0.0
0.0
0.0
0.0
0.0
0.0
0.0
0.0
0.0
0.0
0.0
0.0
0.0
0.0
0.0
0.0
0.0
0.0
0.0
0.0
0.0
0.0
0.0
0.0
0.0
0.0
0.0
0.0
0.0
0.0
0.0
0.0
0.0
0.0
0.0
0.0
0.0
0.0
0.0
0.0
0.0
0.0
0.0
0.0
0.0
0.0
0.0
0.0
0.0
0.0
0.0
0.0
0.0
0.0
0.0
0.0
0.0
0.0
0.0
0.0
0.0
0.0
0.0
0.0
0.0
6.167102777462871e-7
0.0
0.0
0.0
0.0
0.0
0.0
0.0
0.0
0.0
0.0
0.0
0.0
0.0
0.0
0.0
0.0
0.0
0.0
0.0
0.0
0.0
0.0
0.0
0.0
0.0
0.0
0.0
0.0
0.0
0.0
0.0
0.0
0.0
0.0
0.0
0.0
0.0
0.0
0.0
0.0
0.0
0.0
0.0
0.0
0.0
0.0
0.0
5.597043852202158e-7
0.0
0.0
0.0
0.0
0.0
0.0
0.0
0.0
0.0
0.0
0.0
0.0
0.0
0.0
0.0
0.0
0.0
0.0
0.0
0.0
0.0
0.0
0.0
0.0
0.0
0.0
0.0
0.0
0.0
0.0
0.0
0.0
0.0
0.0
0.0
0.0
0.0
0.0
0.0
0.0
0.0
0.0
0.0
0.0
0.0
0.0
0.0
1.1141750746810012e-6
0.0
0.0
0.0
0.0
0.0
0.0
0.0
0.0
0.0
0.0
0.0
0.0
0.0
0.0
0.0
0.0
0.0
0.0
0.0
0.0
0.0
0.0
0.0
1.0436391277427947e-6
0.0
0.0
0.0
0.0
0.0
0.0
0.0
0.0
0.0
0.0
0.0
0.0
0.0
0.0
0.0
0.0
0.0
0.0
4.002840067574724e-7
0.0
0.0
0.0
0.0
1.5422162226291932e-5
0.0
0.0
0.0
0.0
0.0
0.0
0.0
0.0
0.0
0.0
0.0
0.0
0.0
0.0
0.0
0.0
0.0
0.0
0.0
0.0
0.0
0.0
0.0
2.7059773417431557e-6
0.0
0.0
0.0
0.0
0.0
0.0
0.0
0.0
0.0
0.0
0.0
0.0
0.0
0.0
0.0
0.0
0.0
0.0
0.0
0.0
0.0
0.0
0.0
5.466287518352198e-7
0.0
0.0
0.0
0.0
0.0
0.0
0.0
0.0
0.0
0.0
0.0
0.0
0.0
0.0
0.0
0.0
0.0
0.0
0.0
0.0
0.0
0.0
0.0
0.0
0.0
0.0
0.0
0.0
0.0
0.0
0.0
0.0
0.0
0.0
0.0
0.0
0.0
0.0
0.0
0.0
0.0
0.0
0.0
0.0
0.0
0.0
0.0
5.355276877769379e-7
0.0
0.0
0.0
0.0
0.0
0.0
0.0
0.0
0.0
0.0
0.0
0.0
0.0
0.0
0.0
0.0
0.0
0.0
0.0
0.0
0.0
0.0
0.0
6.13171272472936e-7
0.0
0.0
0.0
0.0
0.0
0.0
0.0
0.0
0.0
0.0
0.0
0.0
0.0
0.0
0.0
0.0
0.0
0.0
0.0
0.0
0.0
0.0
0.0
0.0
0.0
0.0
0.0
0.0
0.0
0.0
0.0
0.0
0.0
0.0
0.0
0.0
0.0
0.0
0.0
0.0
0.0
0.0
0.0
0.0
0.0
0.0
0.0
0.0
0.0
0.0
0.0
0.0
0.0
0.0
0.0
0.0
0.0
0.0
0.0
0.0
0.0
0.0
0.0
0.0
0.0
0.0
0.0
0.0
0.0
0.0
0.0
9.817150887601646e-7
0.0
0.0
0.0
0.0
0.0
0.0
0.0
0.0
0.0
0.0
0.0
0.0
0.0
0.0
0.0
0.0
0.0
0.0
0.0
0.0
0.0
0.0
0.0
6.263175790899407e-7
0.0
0.0
0.0
0.0
0.0
0.0
0.0
0.0
0.0
0.0
0.0
0.0
0.0
0.0
0.0
0.0
0.0
0.0
0.0
0.0
0.0
0.0
0.0
7.16116331238677e-7
0.0
0.0
0.0
0.0
0.0
0.0
0.0
0.0
0.0
0.0
0.0
0.0
0.0
0.0
0.0
0.0
0.0
0.0
0.0
0.0
0.0
0.0
0.0
5.041118874999967e-7
0.0
0.0
0.0
0.0
0.0
0.0
0.0
0.0
0.0
0.0
0.0
0.0
0.0
0.0
0.0
0.0
0.0
0.0
0.0
0.0
0.0
0.0
0.0
0.0
0.0
0.0
0.0
0.0
0.0
0.0
0.0
0.0
0.0
0.0
0.0
0.0
0.0
0.0
0.0
0.0
0.0
0.0
0.0
0.0
0.0
0.0
0.0
9.640413596161282e-7
0.0
0.0
0.0
0.0
0.0
0.0
0.0
0.0
0.0
0.0
0.0
0.0
0.0
0.0
0.0
0.0
0.0
0.0
8.535058719844362e-7
0.0
0.0
0.0
0.0
3.154464794109391e-5
0.0
0.0
0.0
0.0
0.0
0.0
0.0
0.0
0.0
0.0
0.0
0.0
0.0
0.0
0.0
0.0
5.861237103613876e-7
6.047019573331585e-7
3.0111718173777348e-5
0.0
0.0
0.0
0.0
9.583310980517006e-5
3.9069923955731824e-5
0.0
0.0
0.0
0.0
0.0
0.0
0.0
0.0
0.0
0.0
0.0
0.0
0.0
0.0
0.0
0.0
0.0
0.0
0.0
0.0
0.0
0.0
1.6475909622889756e-6
0.0
0.0
0.0
0.0
0.0
0.0
0.0
0.0
0.0
0.0
0.0
0.0
0.0
0.0
0.0
0.0
0.0
0.0
0.0
0.0
0.0
0.0
0.0
5.993858992887817e-7
0.0
0.0
0.0
0.0
0.0
0.0
0.0
0.0
0.0
0.0
0.0
0.0
0.0
0.0
0.0
0.0
0.0
0.0
0.0
0.0
0.0
0.0
0.0
1.5650639598457737e-6
0.0
0.0
0.0
0.0
0.0
0.0
0.0
0.0
0.0
0.0
0.0
0.0
0.0
0.0
0.0
0.0
0.0
0.0
0.0
0.0
0.0
0.0
0.0
6.091672783982433e-7
0.0
0.0
0.0
0.0
0.0
0.0
0.0
0.0
0.0
0.0
0.0
0.0
0.0
0.0
0.0
0.0
0.0
0.0
5.489499658807631e-7
0.0
0.0
0.0
0.0
1.5656296492902782e-6
0.0
0.0
0.0
0.0
0.0
0.0
0.0
0.0
0.0
0.0
0.0
0.0
0.0
0.0
0.0
0.0
0.0
0.0
0.0
0.0
0.0
0.0
0.0
1.479452175554419e-6
0.0
0.0
0.0
0.0
0.0
0.0
0.0
0.0
0.0
0.0
0.0
0.0
0.0
0.0
0.0
0.0
0.0
0.0
0.0
0.0
0.0
0.0
0.0
9.833437812087698e-7
0.0
0.0
0.0
0.0
0.0
0.0
0.0
0.0
0.0
0.0
0.0
0.0
0.0
0.0
0.0
0.0
0.0
0.0
0.0
0.0
0.0
0.0
0.0
5.693234890133749e-7
0.0
0.0
0.0
0.0
0.0
0.0
0.0
0.0
0.0
0.0
0.0
0.0
0.0
0.0
0.0
0.0
0.0
0.0
6.619881013928421e-7
0.0
0.0
0.0
0.0
1.0838643259221033e-6
0.0
0.0
9.96490353353381e-7
0.0
0.0
0.0
0.0
0.0
0.0
0.0
0.0
0.0
0.0
0.0
0.0
0.0
0.0
0.0
6.42581511579813e-7
0.0
0.0
0.0
0.0
1.417645794492792e-6
0.0
0.0
0.0
0.0
0.0
0.0
0.0
0.0
0.0
0.0
0.0
0.0
0.0
0.0
0.0
0.0
0.0
0.0
0.0
0.0
0.0
0.0
0.0
6.917549957215983e-7
0.0
0.0
0.0
0.0
0.0
0.0
0.0
0.0
0.0
0.0
0.0
0.0
0.0
0.0
0.0
0.0
0.0
1.0052685427800442e-6
5.910271834143461e-7
0.0
0.0
0.0
0.0
4.450818463100168e-6
0.0
0.0
0.0
0.0
0.0
0.0
0.0
0.0
0.0
0.0
0.0
0.0
0.0
0.0
0.0
0.0
0.0
1.0121165261434796e-6
8.254833407785056e-7
0.0
0.0
0.0
0.0
1.0943251216903016e-6
0.0
0.0
0.0
0.0
0.0
0.0
0.0
0.0
0.0
0.0
0.0
0.0
0.0
0.0
0.0
0.0
0.0
0.0
0.0
0.0
0.0
0.0
0.0
6.837563291069078e-7
0.0
0.0
0.0
0.0
0.0
0.0
0.0
0.0
0.0
0.0
0.0
0.0
0.0
0.0
0.0
0.0
0.0
0.0
0.0
0.0
0.0
0.0
0.0
6.972807880159278e-7
0.0
0.0
0.0
0.0
0.0
0.0
0.0
0.0
0.0
0.0
0.0
0.0
0.0
0.0
0.0
0.0
0.0
0.0
0.0
0.0
0.0
0.0
0.0
1.1147315486895799e-6
0.0
0.0
0.0
0.0
0.0
0.0
0.0
0.0
0.0
0.0
0.0
0.0
0.0
0.0
0.0
0.0
0.0
0.0
0.0
0.0
0.0
0.0
0.0
1.0301182391415535e-6
0.0
0.0
0.0
0.0
0.0
0.0
0.0
0.0
0.0
0.0
0.0
0.0
0.0
0.0
0.0
0.0
0.0
0.0
6.497230623775878e-7
0.0
0.0
0.0
0.0
1.0426529761749937e-6
0.0
0.0
0.0
0.0
0.0
0.0
0.0
0.0
0.0
0.0
0.0
0.0
0.0
0.0
0.0
0.0
6.610367984989822e-7
7.156207163821221e-6
9.375059098776429e-5
0.0
0.0
0.0
0.0
0.00020879016104530379
0.0001238227989511771
6.897256282894097e-5
3.8770764218081276e-5
0.0
0.0
0.0
0.0
0.0
0.0
0.0
0.0
0.0
0.0
0.0
0.0
0.0
0.0
6.807945892712528e-7
4.458581468630826e-6
0.0
0.0
0.0
0.0
0.00011836448182495975
5.473283766043928e-5
9.844714421499149e-6
2.134347543371926e-5
3.0417875024189483e-5
1.8114293598981044e-6
0.0
0.0
0.0
7.475946161120085e-7
6.278831618576093e-7
0.0
0.0
0.0
0.0
5.902772048992397e-7
1.0929399708258222e-5
3.9554627553143925e-5
8.407370979079078e-5
0.0002023985573259633
0.0
0.0
0.0
0.0
0.0004468613634916
0.000323028153051391
0.00025877208872707885
0.00022504406911017156
0.0001282517737217087
2.715170449211414e-5
0.0
0.0
0.0
0.0
0.0
0.0
0.0
0.0
2.454667702010372e-7
1.452264976797003e-6
4.038443762248826e-6
5.62820500111886e-5
9.758213981426692e-5
0.00021364392306386603
0.0
0.0
0.0
0.0
0.0004532834311988811
0.00032016995427451203
0.0002556840212975798
0.0002038398342146359
0.00011891063932816624
1.7531734590565733e-5
0.0
0.0
0.0
0.0
0.0
0.0
0.0
0.0
0.0
0.0
0.0
9.94611921243893e-7
6.971132737781926e-7
2.7695765191735507e-5
0.0
0.0
0.0
0.0
0.0002246222736790127
0.00013572999151922123
0.0001011640735477001
9.526338209556555e-5
2.450126517518688e-5
0.0
0.0
0.0
0.0
0.0
0.0
0.0
0.0
0.0
0.0
0.0
0.0
7.419137410997167e-7
1.5434789961422463e-5
9.911233886705975e-5
0.0
0.0
0.0
0.0
0.0002270549403271392
0.00013214093378675803
8.425808127038351e-5
3.533343378229825e-5
0.0
0.0
0.0
0.0
0.0
0.0
0.0
0.0
0.0
0.0
0.0
0.0
0.0
0.0
4.935238598283947e-7
6.388302138973038e-7
0.0
0.0
0.0
0.0
8.699843008187399e-5
5.269051459740103e-5
2.0144391406112788e-5
4.070038140507346e-6
0.0
0.0
0.0
0.0
0.0
0.0
0.0
0.0
0.0
0.0
0.0
0.0
0.0
0.0
0.0
6.235060172900061e-7
0.0
0.0
0.0
0.0
0.0002319657528887436
0.00017733732522477006
0.00016439736898063355
0.00020011816621324014
0.00021793245618517218
0.00016239094246002853
5.504782567836864e-5
0.0
0.0
6.281188212575339e-7
5.184790209484746e-7
0.0
0.0
0.0
2.19835833743196e-5
9.247518902664194e-5
0.00011645389842028422
0.00013324526804344152
0.00015344564292527974
0.0003126713035943564
0.0
0.0
0.0
0.0
0.0004957088770175217
0.00038158683434930015
0.0003171548561329721
0.00024841941327420386
0.00011621078493627085
4.151562889070119e-5
0.0
0.0
0.0
0.0
0.0
0.0
0.0
0.0
0.0
3.244726140258685e-7
0.0
6.371794922006109e-6
4.437362454738154e-5
0.0001317630062669496
0.0
0.0
0.0
0.0
0.0002775255416482336
0.00016382202870229192
0.00011385750183612024
8.028623220354372e-5
1.4612896527503396e-5
0.0
0.0
0.0
0.0
0.0
0.0
0.0
0.0
0.0
0.0
0.0
0.0
0.0
5.850879073765935e-7
9.97529043459701e-7
0.0
0.0
0.0
0.0
4.642034895785682e-5
1.881771206717117e-5
0.0
2.7190063154718938e-6
0.0
0.0
0.0
0.0
0.0
0.0
0.0
0.0
0.0
0.0
0.0
2.399179063083866e-5
8.976940635200081e-5
0.00014380659037423034
0.0002172565640826283
0.0003988299927396636
0.0
0.0
0.0
0.0
0.0006327681608132914
0.0005291370264279854
0.0004901364077767646
0.0004707462669779492
0.00029202235782553967
0.00011762901077273316
2.485660053399467e-5
0.0
0.0
0.0
0.0
0.0
0.0
0.0
0.0
3.517624857408109e-7
0.0
4.921396788975281e-5
0.00010678485208409226
0.0002461921143783897
0.0
0.0
0.0
0.0
0.00045668505877581415
0.00034880317208647475
0.0003442522397002282
0.0003287496066325133
0.00018205406405153089
5.631649107499187e-5
0.0
0.0
0.0
0.0
0.0
0.0
0.0
0.0
0.0
0.0
5.41061425465634e-7
6.494241108517541e-6
4.45205445425256e-5
0.00013195117305107504
0.0
0.0
0.0
0.0
0.000289344046872872
0.00016447418370339027
0.00013565624198428396
0.00013740776065508575
8.916096039478407e-5
1.0708631186341412e-5
0.0
0.0
0.0
0.0
0.0
0.0
0.0
0.0
0.0
0.0
0.0
5.890563100859626e-7
5.345628735697503e-7
6.971705328698731e-6
0.0
0.0
0.0
0.0
7.521070669238756e-5
2.3239179266361628e-5
0.0
0.0
0.0
0.0
0.0
0.0
0.0
0.0
0.0
0.0
0.0
0.0
0.0
0.0
0.0
0.0
1.0069339532618516e-6
6.817129779692539e-7
0.0
0.0
0.0
0.0
7.263581548662305e-5
3.2377017752704605e-5
0.0
0.0
0.0
0.0
0.0
0.0
0.0
0.0
0.0
0.0
0.0
0.0
0.0
0.0
0.0
0.0
0.0
1.7964518777878208e-6
0.0
0.0
0.0
0.0
3.827537152336648e-5
0.0
0.0
0.0
0.0
0.0
0.0
0.0
0.0
0.0
0.0
0.0
0.0
0.0
0.0
0.0
0.0
0.0
0.0
7.37556801891841e-7
0.0
0.0
0.0
0.0
1.0124999558668508e-6
0.0
0.0
9.73848250707869e-7
0.0
0.0
0.0
0.0
0.0
0.0
0.0
0.0
0.0
0.0
0.0
0.0
0.0
0.0
0.0
6.237653361540231e-7
0.0
0.0
0.0
0.0
6.641433070172519e-7
0.0
0.0
0.0
0.0
0.0
0.0
0.0
0.0
0.0
0.0
0.0
0.0
0.0
0.0
0.0
0.0
0.0
0.0
0.0
0.0
0.0
0.0
0.0
1.0865901531803482e-6
0.0
0.0
5.405445302274339e-7
0.0
0.0
0.0
0.0
0.0
0.0
0.0
0.0
0.0
0.0
0.0
0.0
0.0
0.0
0.0
9.07907722134691e-7
0.0
0.0
0.0
0.0
0.00010002010511350324
6.433171908999933e-5
2.0398367893977066e-5
3.4630453698502824e-5
7.401930043202036e-5
9.183610427113205e-5
4.656730750222025e-5
0.0
0.0
0.0
0.0
0.0
0.0
2.2290695029446338e-7
0.0
5.764997374767903e-6
4.896505796053803e-5
0.00010951605967265793
0.00017104991246126773
0.0003618990966084041
0.0
0.0
0.0
0.0
0.0005726373077896181
0.00046376310687811265
0.0003913378039236283
0.0003735119713038322
0.0002610209324094067
9.972314117127334e-5
1.3245686504519757e-6
0.0
0.0
7.22203383774937e-7
0.0
0.0
0.0
1.6520004563150756e-7
0.0
1.1217621431912349e-5
6.206043332871246e-5
0.00011465470906738971
0.0001612326885844495
0.00033417258540248195
0.0
0.0
0.0
0.0
0.0005547162716778991
0.0004522007867303621
0.00040868009342515544
0.0004236764372581117
0.0003254588651805565
0.00013150233686103738
8.992147350717658e-6
0.0
0.0
0.0
0.0
0.0
0.0
0.0
0.0
4.654610031749825e-7
2.8836907766621603e-5
9.014368149186151e-5
0.0001223996642222041
0.00023470155898881832
0.0
0.0
0.0
0.0
0.000535594994983401
0.00039355221720816674
0.0002990890497668048
0.00024870237043869643
0.00011830248427244175
3.5607531244879874e-5
0.0
0.0
0.0
0.0
0.0
0.0
0.0
0.0
5.307002343234754e-7
4.3700793893938554e-7
1.90754490715221e-5
7.529423067464804e-5
0.00010587715325808338
0.00024039924779299603
0.0
0.0
0.0
0.0
0.0004293696156295997
0.00031192332473229024
0.0002388573562629136
0.0002264979143804147
0.00012993434031830813
4.4252337329929976e-5
0.0
0.0
0.0
0.0
0.0
0.0
0.0
0.0
0.0
0.0
2.2324627852078198e-6
7.936503514410829e-7
2.362766083489697e-5
0.00012221371810215248
0.0
0.0
0.0
0.0
0.000381862141231187
0.000284186221781703
0.00022226482864413913
0.0001915678182790683
7.66590284831773e-5
0.0
0.0
0.0
0.0
0.0
0.0
0.0
0.0
0.0
0.0
0.0
0.0
6.744118501321212e-7
7.527615441968634e-7
3.9751506393480885e-5
0.0
0.0
0.0
0.0
0.00010264525901112542
4.0468348365636644e-5
0.0
2.0708638996416797e-5
1.3478904313542473e-5
1.1893156301585504e-5
0.0
0.0
0.0
3.7775667305891947e-7
0.0
0.0
0.0
0.0
0.0
6.177170804009191e-7
0.0
6.222730429354122e-6
3.2928398470234924e-5
0.00010278971489885112
0.0
0.0
0.0
0.0
0.00010910585236026426
4.972056871245676e-5
0.0
3.116442796371131e-6
1.4431859097869608e-6
0.0
0.0
0.0
0.0
0.0
0.0
0.0
0.0
0.0
0.0
0.0
0.0
9.977706539339588e-7
0.0
9.375226386782397e-7
0.0
0.0
0.0
0.0
1.5756875728760497e-5
0.0
0.0
0.0
0.0
0.0
0.0
0.0
0.0
0.0
0.0
0.0
0.0
0.0
0.0
5.744243136356297e-7
0.0
5.931249098903697e-7
5.495473400104198e-7
5.012610345190978e-5
0.0
0.0
0.0
0.0
0.00013540661841454036
9.472556912018964e-5
4.750049189809008e-5
3.639082665400332e-5
2.2340171703451024e-5
0.0
0.0
0.0
0.0
0.0
3.55693382535379e-6
8.741706618360732e-5
0.00014889930360526148
0.00020150596803124519
0.00022740120982683024
0.00025892656376293914
0.00030374091408030335
0.0003765219460537101
0.00046606235247184674
0.0006595645259496495
0.0
0.0
0.0
0.0
0.0007905923721628802
0.0006540619069737307
0.0006119824256629232
0.0006274776478719737
0.0005283742828836957
0.0003533491206374294
0.00020054998107321817
5.842244598770627e-5
2.4248597732810373e-5
5.2023354928768714e-5
6.41916441271011e-5
5.776892321067994e-5
2.0932940871181006e-5
8.713486692360081e-5
0.00017693143877070506
0.0002936948799562559
0.0003845228938480684
0.0004317670763484593
0.0005328882457433617
0.0007177153935009362
0.0
0.0
0.0
0.0
0.001021027604558857
0.0008822362026732033
0.0008153788594811141
0.0007420987476000891
0.0005648679138780607
0.00031129549031972943
0.00013848678064370363
2.5734456757186074e-5
0.0
5.808765805891613e-7
4.995144434343994e-7
0.0
0.0
5.295670397982319e-6
4.315872321987678e-5
0.00011327725704394722
0.000166118746843713
0.0002188871966230071
0.00034089234295843767
0.000537745739519469
0.0
0.0
0.0
0.0
0.0008038724771866181
0.0006915418590132423
0.0006229885376665235
0.0005973099904246776
0.000389870884927308
0.00016127382779264747
3.1396131692778795e-5
0.0
0.0
7.299324848545603e-7
0.0
0.0
0.0
2.446789816213252e-7
0.0
4.850786770500795e-6
2.7246119209861444e-5
6.51533150600208e-5
9.773326589020374e-5
0.00017952061895447731
0.0
0.0
0.0
0.0
0.000247374271464545
0.00014345691117447404
0.00011454256586848129
0.00012496677080972574
9.646248854425578e-5
3.588127226612125e-5
0.0
0.0
0.0
5.750637748452899e-7
0.0
0.0
4.892629667836692e-7
0.0
0.0
5.020788036917775e-7
0.0
1.139344430914828e-5
3.628041500384421e-5
0.00011517728148791582
0.00013923034613380557
0.0
0.0
0.0
0.0
0.00022021729906750924
0.0001320711617767788
8.061662629601601e-5
7.996739047062182e-5
8.300555392314842e-5
4.149641715436475e-5
0.0
0.0
0.0
0.0
0.0
0.0
0.0
0.0
0.0
7.481287998358457e-7
1.5902242769135864e-5
6.529514469446354e-5
0.0001178144994330664
0.0002552227441567681
0.0
0.0
0.0
0.0
0.00037816087360916065
0.0002714360623131488
0.00017414607545138038
0.00012772290852144932
6.413245033279052e-5
3.579730416788706e-6
0.0
0.0
0.0
0.0
0.0
0.0
0.0
0.0
0.0
1.8804754696077203e-5
6.498214159363453e-5
0.0001042149703120528
0.00015094000889784927
0.00032622423812179617
0.0
0.0
0.0
0.0
0.0005468462659879143
0.00040654242794817134
0.0003153163800339296
0.0002415081506963499
0.00011023218931227497
1.998679622439349e-5
0.0
0.0
0.0
0.0
0.0
0.0
2.1704270579037018e-7
1.4647745201444706e-6
1.4928971889403095e-5
6.627945165938281e-5
0.00013817699031464295
0.0002155904095621527
0.0003114035337836164
0.00047955256297895475
0.0
0.0
0.0
0.0
0.0006448880645718776
0.0004675114746066302
0.00030761071420756136
0.00028093230412489623
0.00021439240407063466
0.00011933278612027451
2.2707176961281347e-5
0.0
0.0
8.084187953991564e-7
6.867111803817534e-7
2.2902028489919935e-5
7.600915741245574e-6
1.834840122862584e-5
3.586264190612877e-5
6.883140240265902e-5
7.961235625829323e-5
0.00011139236980676837
0.0001401086367949666
0.00024066572063315557
0.0
0.0
0.0
0.0
0.00024308014755562458
0.00011452724178190236
6.20570773516746e-5
5.454111807202546e-5
1.627528785937523e-5
0.0
0.0
0.0
0.0
0.0
0.0
0.0
0.0
0.0
0.0
3.3858752381112217e-7
1.4852483282825284e-5
3.5042438878214174e-5
8.007792495396411e-5
0.00024730185265517195
0.0
0.0
0.0
0.0
0.00043227568729373834
0.0002572403721250694
0.00019892058068198137
0.00015636663724091993
7.362197923613476e-5
9.59599618300717e-6
0.0
0.0
0.0
0.0
0.0
0.0
0.0
0.0
0.0
4.725260007357496e-5
8.044611850116489e-5
0.00012595851007761086
0.00014478210843150183
0.0003079107198162434
0.0
0.0
0.0
0.0
0.0005550772629712105
0.0004772547954140492
0.00042627077266317663
0.00038969650475194025
0.0002704594226964574
0.00011681723230704852
1.778176491155258e-5
0.0
0.0
9.376469027913712e-7
0.0
4.0588751432294514e-6
5.5928924308005674e-5
0.0001379255498736533
0.00023789319863308102
0.0003175957457497679
0.00037110056426669237
0.0004743147316130146
0.0005837932503414365
0.0007473457493801497
0.0
0.0
0.0
0.0
0.0007675955790875054
0.0006621991599126138
0.0005769615584720321
0.00046661647153685133
0.00038018534376918
0.00023447174001736787
0.00011946636345983757
4.968250942801835e-5
0.00012093454643493053
0.00027889307422270204
0.000392410403421032
0.00043486875849548304
0.0004023209749033712
0.0004255190788846397
0.00047144774359166627
0.0005673549683830886
0.0006279539033521063
0.0006946639359820809
0.0007605560997963521
0.0009397139206909165
0.0
0.0
0.0
0.0
0.0009191582896313889
0.0007426384793352114
0.0006265026035541259
0.0006081870442226263
0.0005235063045282935
0.0003730501138757326
0.00026673575549111643
0.00014389671369991557
0.00012384752119933966
0.000191161599438331
0.000241078062439459
0.0002843965702817769
0.00031418174554068596
0.0003831778690888862
0.00044333444640465053
0.0005178726452645371
0.0005837704037398696
0.0006800340951892744
0.0007746066452406248
0.0010047092933624002
0.0
0.0
0.0
0.0
0.0010877050081684997
0.0009155496745837419
0.000819860625294007
0.0007156603119935751
0.0005765548577520186
0.0003755770189660804
0.00021492569852960504
7.66388082471673e-5
1.5915326184444532e-5
3.740967437065909e-5
2.872872219213493e-5
3.299502315847476e-5
8.180973951155014e-5
0.00017504793721712997
0.0002538275574153533
0.0002758895148555792
0.00035826494920077783
0.0004361860197891458
0.0005365549543579267
0.0007754649752990066
0.0
0.0
0.0
0.0
0.0009325111200281913
0.0007919479242776862
0.0006910938157009887
0.0005551671213867951
0.0003208255339642319
9.888866009520825e-5
1.1058822416510909e-6
0.0
0.0
8.868908348172837e-7
6.086837402761594e-7
0.0
3.577275945833109e-7
1.2730450364766784e-5
7.165103034746392e-5
0.00012810570518883286
0.0001505341196930754
0.0002105453958114516
0.00027376255132002396
0.0004193895491168186
0.0
0.0
0.0
0.0
0.000604498113529671
0.0004715757970026806
0.00045836357913587195
0.0004013556859462956
0.00014009236438748668
4.812881681255726e-6
0.0
0.0
0.0
0.0
0.0
0.0
0.0
0.0
3.7686579055095764e-6
6.252576417227552e-5
0.00011264218023960316
0.00014281227099760625
0.00019956298902352928
0.00041158277279167236
0.0
0.0
0.0
0.0
0.00047275447775425286
0.000353157960745283
0.00023802325051826054
0.0001249066681587653
3.589685869734391e-5
0.0
0.0
0.0
0.0
0.0
0.0
0.0
0.0
0.0
0.0
6.392699422097441e-7
1.247076090729331e-5
5.1679626084792996e-5
8.962757559481977e-5
0.0001753650006448663
0.0
0.0
0.0
0.0
0.0004330556356235249
0.0003178077093650162
0.00019288274096499928
8.402769076900395e-5
2.2298052024741037e-6
0.0
0.0
0.0
0.0
0.0
0.0
0.0
0.0
0.0
0.0
3.768213100735934e-7
0.0
6.15782109997736e-6
4.112131267579392e-5
0.00012730893464662327
0.0
0.0
0.0
0.0
0.00041631226744116216
0.0003218467190086978
0.00019388555514797482
0.00014211014566570222
5.760375471006493e-5
0.0
0.0
0.0
0.0
0.0
0.0
0.0
0.0
0.0
0.0
6.202781413234063e-7
5.22489220622272e-7
2.83092625899306e-5
7.024419766626179e-5
0.00015114379078231977
0.0
0.0
0.0
0.0
0.00020804408836831505
0.00011925286113175584
7.394840512237689e-5
7.707697320266851e-5
5.235393133148537e-5
6.5733335416808635e-6
0.0
0.0
0.0
0.0
0.0
0.0
0.0
0.0
0.0
7.331860883691921e-7
7.047332216793982e-6
4.761676384357745e-5
8.009064928388386e-5
0.00012467955072020053
0.0
0.0
0.0
0.0
0.00013313517120348665
7.187794299856369e-5
2.553869325629884e-5
1.8941858365759632e-5
6.123473077496595e-6
0.0
0.0
0.0
0.0
0.0
0.0
0.0
0.0
0.0
0.0
0.0
0.0
5.936674125436042e-7
5.37500844586603e-7
2.617733120126311e-5
0.0
0.0
0.0
0.0
4.328511406879632e-5
1.2305446854885736e-6
0.0
0.0
0.0
0.0
0.0
0.0
0.0
9.236515595822223e-7
0.0
0.0
0.0
0.0
2.0227045664766674e-5
9.059004080894638e-5
0.00013080276154848612
0.0002022709315098287
0.0003386144648147035
0.0005503052324270838
0.0
0.0
0.0
0.0
0.000841188484173435
0.0007277757337808873
0.0006443740850850298
0.000601706185615672
0.00044476158824273556
0.00020178828063168258
3.8727930954979396e-5
0.0
0.0
6.011804572339352e-7
0.0
0.0
6.362617861274934e-7
6.437849416375407e-6
4.597937185167942e-5
0.00011620009366085586
0.00018456243565174627
0.00023151817332354272
0.0003094142520942834
0.0004798412960144695
0.0
0.0
0.0
0.0
0.0007046421687264046
0.0005918857930345635
0.0005091748639968179
0.00044012837586825956
0.00028365275004235577
0.00011972845790133081
2.2269183139164745e-5
0.0
4.91801652935358e-7
4.30180881958211e-5
5.880260062733378e-5
7.618300013300168e-5
7.663705902090354e-5
5.0468676341377955e-5
5.074642597058704e-5
8.165500467404833e-5
0.00011611772811996826
0.0001497803934214029
0.00020248993025937092
0.0003595811424335005
0.0
0.0
0.0
0.0
0.0005758940740580273
0.0004489416564803357
0.0003790210364816722
0.00038736703801855874
0.0003719719943793643
0.00029449430139585404
0.00021855437618080526
0.0001462483555812264
0.00015283040019110908
0.0002130294518754518
0.0002559922132402667
0.0002748363468143964
0.00025910508005004914
0.00023780566681192849
0.00021860298058820114
0.0002350652000006432
0.000231225379736573
0.00025251412965546216
0.00028419674391659387
0.00041434386155472964
0.0
0.0
0.0
0.0
0.00038579921258114565
0.00024494007205409806
0.00016055681596141504
0.0001637489432670562
0.00014407204376801794
0.00011303833923294262
5.845618011934204e-5
1.661696407951771e-6
0.0
2.955586594889394e-5
4.6905413465107555e-5
3.8096172038776524e-5
1.303040434994205e-6
0.0
1.3332824530828921e-6
2.6628447027203577e-5
3.679347514766639e-5
5.6598900006374985e-5
7.674167936800261e-5
0.0001461633449811894
0.0
0.0
0.0
0.0
0.0001928318842323097
0.00010810524856830715
5.9666323759115994e-5
6.288775442198518e-5
6.592133839341684e-5
4.313788751557448e-5
0.0
0.0
0.0
7.65355746502734e-7
4.1812293151625396e-7
0.0
0.0
0.0
0.0
0.0
0.0
4.967361879466733e-7
1.4022926637968918e-6
9.136694292519072e-5
0.0
0.0
0.0
0.0
0.00032205161201112197
0.00031108552916436733
0.0003281702090586578
0.0004436599568100868
0.0005446191801316918
0.0005270113360776568
0.00045536499338712255
0.00040080243560004677
0.00042932907776003257
0.0005138639999096354
0.0005599725115731993
0.0005606615800762375
0.00048637675394608336
0.00047568536243994513
0.0004761020321216916
0.0005192710508966439
0.0005700607811471161
0.0006406627321855833
0.0007230164517616905
0.000930793079504694
0.0
0.0
0.0
0.0
0.0009941446835977465
0.000870377420896336
0.0007726666090422541
0.0006925281127502284
0.0005913499128531624
0.00042024600122699104
0.0002380401794469585
0.00010051178881419178
6.20585703129225e-5
0.0001402022069833546
0.0002443641122487652
0.0002878404614331736
0.00027848196361121303
0.0003272427701356708
0.00040107500395482104
0.0005038638651234725
0.00055147352032708
0.0005979498311198814
0.0006563455881026168
0.0007921662895782825
0.0
0.0
0.0
0.0
0.000698236300617025
0.0005143053440108931
0.00040917756961339285
0.0002979538777626023
0.00013704651646497318
2.1337613117462053e-5
0.0
0.0
0.0
0.0
0.0
0.0
0.0
9.296172654408107e-7
0.0
6.024491644188778e-5
0.00015606288920867885
0.00016909371938518777
0.00019347549440906555
0.0002982852663205195
0.0
0.0
0.0
0.0
0.0005365627713110325
0.00043428839851036095
0.00039725034632756296
0.000369272556804061
0.00022718346264980244
0.00010079095140393154
6.129993806785885e-6
0.0
0.0
7.846953464512791e-7
0.0
0.0
2.499939529111692e-7
1.1207950877177259e-5
3.5772957262363916e-5
8.121438064099627e-5
0.00012638355645364
0.0001907018058839024
0.00026700736222054104
0.00042041061621762654
0.0
0.0
0.0
0.0
0.000468817146939474
0.0003335569552674626
0.0002454190654999741
0.0002443829208659168
0.00017732828734990535
0.00010762346180568988
3.640762687759681e-5
0.0
0.0
5.135980593035647e-7
0.0
0.0
0.0
0.0
0.0
7.255735454884119e-6
3.420679435336342e-5
6.450155183845053e-5
8.945776485203916e-5
0.0001635133427547552
0.0
0.0
0.0
0.0
0.0002674221828084523
0.00014346271354211996
7.53318741248904e-5
4.5689140039132365e-5
7.925987464761545e-6
0.0
0.0
0.0
0.0
8.406828443866432e-7
6.700029253343372e-7
0.0
0.0
0.0
0.0
0.0
0.0
4.922348782353193e-7
5.162280225629478e-7
3.324689667330697e-5
0.0
0.0
0.0
0.0
0.0001321159262507947
9.79899523820141e-5
7.442489721960527e-5
9.414029030632294e-5
7.770580881710399e-5
3.857393855624367e-5
0.0
0.0
0.0
7.9867514029641e-7
5.11604853363206e-7
2.684244444919129e-5
6.167359620688949e-5
0.00013524418726216264
0.00024196165899339182
0.0003272061703829475
0.00038758423701861405
0.0004849567215675673
0.000549926068491728
0.0007271935406448139
0.0
0.0
0.0
0.0
0.0009761673547913343
0.0008253420239547793
0.0007124001511259307
0.0006173687581426662
0.00046949592902652645
0.0002602360838883311
9.915589841833736e-5
3.719392713297002e-6
0.0
2.2756584345492148e-6
2.8856170565095704e-5
5.626919263678087e-5
8.424659004393327e-5
0.00015423909223920168
0.00026799211328459296
0.000345493516872925
0.0004365467408393498
0.0005184905934611774
0.000611333133756751
0.0007894872198790749
0.0
0.0
0.0
0.0
0.0010141954602259197
0.0008561499178625283
0.0007643061461870315
0.0007614459366981399
0.0006839008519098358
0.0005316926762009855
0.00037293159458990955
0.0002237044060999914
0.00015739545847762604
0.0002182540507039829
0.0002710453490496358
0.00026839195923821966
0.00023580997838492534
0.000284184491192895
0.0003056681950173142
0.00035866376172994085
0.0004215547057952855
0.0005118226867665347
0.000621219414234707
0.0008135099077737896
0.0
0.0
0.0
0.0
0.0008062821037292327
0.0006125386869125949
0.0005064578904843573
0.0005080112012733653
0.0004889655933787831
0.0003881300895860996
0.0002956097697359361
0.00023069169074736568
0.00024420206911474225
0.0003265066157849178
0.0003698276760604758
0.00036809751209659436
0.00034530516343355804
0.00036778309670326394
0.00036793861010363645
0.0004058611774087034
0.00042049603818897484
0.00043417803866896047
0.00047387442918834713
0.000630584748634694
0.0
0.0
0.0
0.0
0.0009176461312427536
0.0007922072813148053
0.0007253802554248982
0.0006421567285981879
0.000472306549747222
0.0002614467257432235
0.000119677476825375
5.376800879028959e-5
3.806497811937447e-5
6.129363220822446e-5
6.914749730020505e-5
0.00012079883942923243
0.0001647716183536504
0.00022640539282959432
0.000304799451224424
0.00037283937909754825
0.00045606734916106155
0.0005251547659843875
0.0005796178899139184
0.0007845912169653627
0.0
0.0
0.0
0.0
0.0010171670953155387
0.0008501970954258763
0.0007448185412627362
0.0006881436771201369
0.0005853106451814799
0.00042677579331593563
0.00028184525225766687
0.00028236212683748233
0.0003447921497823286
0.0003919150298409367
0.0004193359908512433
0.0004532520371906738
0.0004610065504972788
0.0004642168037390512
0.0005127763498808385
0.0006176090819588378
0.0006744227867258537
0.0007548765512993558
0.0008455056458862539
0.0010587860512710969
0.0
0.0
0.0002549596641194625
0.00028621527815924703
0.0012814160143374042
0.0011031833247456717
0.0010164552118721536
0.0009437734948021693
0.0008447732488914793
0.0006980159362808944
0.0005446482670249765
0.0004054675683785798
0.0003438752158724735
0.0004218619816957974
0.00045442341155437995
0.0004751934580089079
0.00047521998831482086
0.0005322882119028208
0.0005053343657672281
0.0005396958958001471
0.0005492894200783184
0.0006238446441417118
0.00074576845196111
0.0009062379217461497
0.0
0.0
0.0
0.0
0.0008778277780553298
0.0006959083908971112
0.0005936249202673499
0.0005789181640421618
0.0005313947222842639
0.0004135127676678271
0.00028468279837588154
0.00020260689640517356
0.0001430947596995452
0.00013367935089091254
0.00014455827258856284
0.0001461629305784847
0.00012708972173475122
0.00013648327565655315
0.00015684717950427405
0.00017229345167094453
0.00017618208955041286
0.00019343667337476237
0.0002171476932728917
0.0003663651823144047
0.0
0.0
0.0
0.0
0.00037106484446010796
0.00024156791579604193
0.0001330754630827631
0.00011010126343146961
7.78510671820261e-5
1.0038895394690995e-5
0.0
0.0
0.0
0.0
0.0
0.0
0.0
0.0
0.0
3.3875633015222403e-5
9.300879330524487e-5
0.00016175985614826977
0.0002768849489990565
0.0005081893748446108
0.0
0.0
0.0
0.0
0.0006825336362282512
0.0005516937878270326
0.0004936858528882896
0.0004896256672214874
0.0004515737294211122
0.0003170922070554215
0.00015352143056704406
2.8021282939880277e-5
4.117286974456357e-6
3.0356580328298995e-5
4.612893473347429e-5
5.70912369723405e-5
7.071183422132457e-5
0.00012756982629858097
0.00018950708810693383
0.0002501186070074475
0.0003108354805820421
0.0003547674875459585
0.0004172961582069954
0.0006047049589739905
0.0
0.0
0.0
0.0
0.0006367397206627463
0.0004695735161932301
0.00041349124382038266
0.0004632638000089481
0.0004938583621325624
0.00040326161150274316
0.0002836097768411528
0.00023152770649440633
0.00023795025675460663
0.0003349615668916324
0.0003938694316442037
0.000392207473301969
0.0003139872153565885
0.00029944539281130086
0.00029419718509803743
0.0003260954177121156
0.0003534825552769552
0.0003931088658753852
0.00044328906425616157
0.0005973426278655467
0.0
0.0
0.0
0.0
0.0007563632931384665
0.0006352458286648032
0.0005714698918081821
0.0005969563699644102
0.0006037445680750009
0.0005396070578975359
0.00046286034585512557
0.0004370263656009692
0.0004463268311575224
0.000525971239910033
0.0005596365000280783
0.0005652139833619245
0.0005421462226164231
0.0005114157640250234
0.0005290988763982243
0.0006014245708532218
0.0006452102000821358
0.0007094553522884104
0.0007871235009826083
0.0009747936659621095
0.0
0.0
0.0
0.0
0.0011509167954161879
0.000989918688234489
0.0009131294303050707
0.0009520150540582506
0.0009284202479028554
0.0007866281858971781
0.0006370284389903895
0.0005393807727448693
0.0004878687140482421
0.0005500848943068925
0.0005759168353314836
0.0005778668987055677
0.000587630117523106
0.0006017314882072592
0.0006556606559920054
0.0007287246053849691
0.0007810873651893998
0.0008370913651322251
0.0009066204319468574
0.001102822674820939
0.0
0.0
0.0
0.00022858501020889117
0.0011572572831064294
0.000980673770323496
0.000878711236680863
0.0008437779116403167
0.0007607589965700877
0.0006106679640856099
0.0004408601275691991
0.0002851795529802167
0.0002073267014863552
0.00023005118140537008
0.00023580379400557454
0.0002573214159222991
0.0003036636847302943
0.0003837741115544784
0.00044427067563870815
0.0005222302325730936
0.0005721085772056804
0.0006553487407684475
0.0007125492030551413
0.0009179926234375856
0.0
0.0
0.0
0.0
0.001091404082801951
0.0009442769093216603
0.0008426740061573883
0.0007845338119177038
0.0006783998715704588
0.0005433481045864526
0.00038320990996276234
0.0003190935083318464
0.0003407140127090631
0.0004359870189734311
0.00048746390334587455
0.0004851655412349048
0.0004283385115852552
0.00042573497842739226
0.00042505026345436705
0.00045059553009638126
0.00045371597140393466
0.00048498960140763443
0.0005356969496691029
0.0006959851513916083
0.0
0.0
0.0
0.0
0.0008517097640990664
0.0007074222859949085
0.0006267897259092824
0.0006513794078704008
0.0006503210524414732
0.0005481272953940563
0.00042212039989915405
0.00032673119572266185
0.000295088314776835
0.0003518512138396169
0.0003864483419148126
0.0003865083927514007
0.000311227709149295
0.0003094819379442366
0.00031316324726509716
0.0003756814915046829
0.0004742493224517762
0.0005852261950523998
0.0007090533294575032
0.0009315502289492912
0.0
0.0
0.0
0.0
0.0011456632132669797
0.0009798526674601338
0.0009054050885130803
0.0009486488651542327
0.0009631444511471889
0.0009028110061732273
0.0007836224156338046
0.0006650282207116156
0.0006120706465085673
0.000659544401427079
0.0006667114754345163
0.0006703918643345224
0.0006714011027698856
0.0007201990180404726
0.0007382628403596619
0.0008243705364718504
0.0008635154818958928
0.0009143791856675922
0.0009956968445904665
0.0012222548103127016
0.0
0.00013342648126021014
0.00040748526202707134
0.0006578298194988998
0.0014286930705732436
0.0012537850392346245
0.0011650081321881978
0.0011132728764305846
0.0009997717249928962
0.000817346397715392
0.0005951761521941307
0.00043060052369663527
0.0003522760690694513
0.0003575633522295155
0.0003504717625560923
0.0003547702692423584
0.0004172744675206403
0.0005354943458177885
0.0005556883520227848
0.0006337646404506692
0.0006934739692406188
0.0007741056592040661
0.0008501801213069618
0.0010359169999907224
0.0
0.0
0.0
0.0
0.0010493418680833837
0.0008799488350331253
0.0008012913866129465
0.0007846079884300147
0.000677546704424127
0.0004616606858964559
0.00018137753704048113
4.235141135517888e-5
5.0952872326352065e-6
3.277127853240855e-5
6.417208771010805e-5
9.870446516621242e-5
0.00011653068282910693
0.00011915122485463438
0.000187604546932803
0.0002574357757995605
0.00033831366604755286
0.00040889886785158626
0.0004984229859754962
0.0006837049076929926
0.0
0.0
0.0
0.0
0.000885146658069015
0.0007593871327519614
0.0006938106531937047
0.00063209773616556
0.0004482087285426214
0.0001984162547796794
5.4459072388050735e-5
0.0
0.0
7.329096488689132e-7
0.0
1.5821242904655629e-6
2.8286202909476476e-5
3.3826423429430744e-5
4.4677782395941416e-5
5.9437624157745745e-5
7.374162384255106e-5
0.0001014984439301183
0.0001249044796050067
0.00025415149761514705
0.0
0.0
0.0
0.0
0.00043938421027453885
0.0003704767646948795
0.000315744681396687
0.00034479162770902137
0.0003420486772322166
0.00028323012125869746
0.00022883990688744843
0.00020014876565955603
0.0002123412903765453
0.00020804854541479892
0.00015888948593394443
0.00015562523801822145
0.00014377790609489824
0.00011601564184933812
0.0001174652715741047
0.0001234871924900329
0.0001171798774500057
0.00012332256363357946
0.00011886948636642418
0.00019420962580995847
0.0
0.0
0.0
0.0
0.00010230732472053713
3.4591361101874525e-5
0.0
0.0
0.0
0.0
0.0
0.0
0.0
2.952267402687671e-7
0.0
0.0
0.0
0.0
0.0
4.0418696106589985e-5
8.105967471400557e-5
0.00013152671953700263
0.00017143532106702093
0.00037584735290323675
0.0
0.0
0.0
0.0
0.0006709404303359195
0.0005718002345353773
0.0005228844120397486
0.0004587551524169189
0.00029957623386922804
0.00012438889347965868
1.6773023467523155e-5
0.0
0.0
6.410769844433696e-7
6.860977004589798e-7
4.419994688059235e-6
3.8684656045928056e-5
0.00014649627309399374
0.00018791595136657363
0.00027018615336002857
0.0003436726490715229
0.0003611322173453308
0.0004526067749045167
0.0007039331797023443
0.0
0.0
0.0
0.0
0.0009416237889112981
0.0008452758185504032
0.0007145126011919561
0.0006392678376368099
0.0005257771896965566
0.00031420255431611024
0.00011091122205065175
3.7961242630394217e-6
0.0
2.218066607586249e-6
7.891632122027097e-6
2.8484403886429737e-5
6.635531794896472e-5
0.0001650440893670145
0.00020668236169811823
0.00028180915667057506
0.00032965006385265576
0.00042364769785232934
0.0005140813105660141
0.0006805263614788643
0.0
0.0
0.0
0.0
0.0008161934094824169
0.000595327733091351
0.00041992992333893015
0.0003729637214655389
0.00030675297538316576
0.00015318118742128884
4.638680962692893e-5
0.0
0.0
9.976481457835208e-7
4.903018741959862e-7
0.0
0.0
0.0
0.0
0.0
1.0958851379215033e-5
4.196734761026505e-5
5.9559248264050136e-5
0.00012767920716832504
0.0
0.0
0.0
0.0
0.00042407132693967166
0.000352153502536622
0.0003088699951063259
0.0003560817319856854
0.0002983068232326067
0.0001358128066045222
5.8161836816703606e-5
4.167808260450497e-5
5.0577772192778436e-5
0.00010570587049312407
0.00012912528926462685
0.00012985356575372157
0.00011755245989347582
9.001350683524938e-5
9.340235568559236e-5
0.00010629053067819017
0.00010702698227390676
0.00012861257229699192
0.00013268031623799668
0.0002213122499266176
0.0
0.0
0.0
0.0
7.67437480133113e-5
1.2466103648502989e-5
0.0
0.0
0.0
0.0
0.0
0.0
4.526513992607933e-7
3.9185809718541545e-7
0.0
1.7331725842160328e-6
0.0
0.0
0.0
9.999201487500307e-7
1.3081821491837974e-6
3.5447728035506225e-5
6.41310040213188e-5
