3.483779616552401e-5
2.8767072554468497e-5
4.123111905235257e-5
5.829328098733275e-5
4.504174185150158e-5
0.00011611356092263467
0.00010169707139060266
0.00014860680706673578
0.00010657145345552442
8.903766439788722e-6
0.0
0.0
0.0
0.0
0.0
0.0
0.0
0.0
0.0
0.0
0.0
0.0
0.0
1.3068829201578077e-5
7.306670622832811e-6
1.4664242434071132e-5
6.12557637101497e-5
0.00011486658946626742
7.327760611335866e-5
3.1503887543331393e-6
0.003289362319839131
0.0024193542948103817
0.0005559624055299297
0.00021434024679725823
7.430388846387358e-5
2.618651364431099e-6
0.0
0.0
0.0
0.0
0.0
1.3937626001816657e-5
4.066571593545806e-5
8.628945329731367e-5
0.00019358224005159525
0.000225635365108645
0.0
0.0
0.0
0.0
0.0
0.0
0.0
0.0
0.0024313395052135093
0.0020501819529862427
0.0004789318580092444
0.00014871264279719992
2.037299895897855e-5
0.0
0.0
0.0
0.0
0.0
0.0
1.3891651439275781e-5
0.00014534052612728842
0.0002104981507841552
0.0003105963269884026
0.00043085949183811875
0.0
0.0
0.0
0.0
0.0
0.0
0.0
0.0
0.002647100820418346
0.002181553715340382
0.0005051659353063336
0.00017446058246800038
5.925990009398018e-5
5.490978510619037e-7
0.0
0.0
0.0
0.0
0.0
7.517433147569583e-6
0.00010756779707848982
0.00019064400533786252
0.00029122343484566627
0.0004324998112527803
0.0
0.0
0.0
0.0
0.0
0.0
0.0
0.0
0.0025709969392108062
0.0021010098639384694
0.00046553873585355386
0.0001764136573041045
5.7567570627536115e-5
0.0
0.0
0.0
0.0
0.0
0.0
8.452427361301095e-6
9.699865190784483e-5
0.00014061364177532558
0.00027181887886026934
0.00038292219279764054
0.0
0.0
0.0
0.0
0.0
0.0
0.0
0.0
0.0018653394813773637
0.0015036861125486615
0.00029740434062259754
5.7362402611685395e-5
0.0
0.0
0.0
0.0
0.0
0.0
0.0
8.484631356550218e-6
7.774101584376338e-5
0.00015775770438484815
0.0002281373170781173
0.00033445169385899515
0.0
0.0
0.0
0.0
0.0
0.0
0.0
0.0
0.0026040676936419788
0.002302484317774823
0.001352511198446607
0.0008188361025111448
0.0005612732979540018
0.000417287265104721
0.00040941800036123924
0.0002735986877225119
0.00019922728255917238
0.00017859289117511557
0.0001983773182103342
0.00034882306252281104
0.0
0.0
0.0
0.0
0.0
0.0
0.0
0.0
0.0
0.0
0.0
0.0
0.0
0.0
0.0
0.0
0.0
0.0
0.0
0.0
0.0
0.0
0.0
0.0
0.0
0.0
0.0
1.634989135403917e-5
4.5515490422089265e-5
9.878040192645e-5
0.0001280624891067535
4.498425416974356e-5
1.5181854095349718e-5
1.5548131352842202e-5
1.5067142591006704e-5
2.4686987091491495e-5
0.003971315031715686
0.003167958318496472
0.0014851725598965203
0.0010119723898457022
0.0007547913837943251
0.0005674050121074166
0.0004995937328773163
0.0001372764511314022
5.505959279868294e-5
1.7027284874385564e-5
8.086169551478031e-6
0.0004883420689785866
0.0008268460005634759
0.0009039863193957634
0.001095289330032449
0.001162106430750797
0.0
0.0
0.0
0.0
0.0
0.0
0.0
0.0
0.003358725158568864
0.002862461597220502
0.0010594390164601008
0.0003418289654570249
0.00016254211748520158
7.171481078701584e-5
7.270983669683599e-5
0.0
4.3076042619155686e-7
0.0
1.0805732820438843e-6
5.084750858434755e-5
0.00016388258742072907
0.00021471421860528228
0.0003010242161989913
0.00036486340910636786
0.0
0.0
0.0
0.0
0.0
0.0
0.0
0.0
0.0014992025685946673
0.00140691545666934
0.0005858558198118793
0.0004439423456186769
0.000445190742957195
0.0003797114574092268
0.00039541820370656553
0.00011762211659015073
8.311175703613824e-5
5.975906444388124e-5
7.205984211853796e-5
0.0006360536208342707
0.0009917886849946556
0.0012027480802893206
0.0014741911905094642
0.001690939615898391
0.0
0.0
0.0
0.0
3.252973737609567e-6
4.267665743062795e-6
4.713264717776271e-5
0.00013559386711368572
0.0036126535879073963
0.003014928399426827
0.0010803555739907567
0.0005848931117047533
0.0004320078859169792
0.0003104431175364811
0.00028018837658627053
8.227137170314976e-5
4.812346926511635e-5
1.0447213298619532e-5
0.0
0.0002159089112937227
0.0005189841592801672
0.000736623592107529
0.0009572809743200516
0.0011729245782026994
0.0
0.0
0.0
0.0
0.0
2.648544672374063e-5
6.148834537250482e-5
0.0001330181312205986
0.0034415524705397453
0.0029595416184343957
0.00101183449192179
0.0005237822084512522
0.0003510112383649562
0.00022602456579702936
0.00020184824907220104
7.399388925002552e-5
3.2817810870985504e-5
1.7073149383495033e-6
1.2575128702098403e-6
0.00020545770243877705
0.00039296547219578557
0.0005258172992333594
0.0007372784369800837
0.0009916526052201023
0.0
0.0
0.0
0.0
0.0
0.0
1.1560415375431202e-5
6.223539875813097e-5
0.00296090933167621
0.0025268286210083876
0.0016040615022725252
0.0012441116266243067
0.001095852846037916
0.0009732530064144483
0.0010623466977574853
0.0008613170950157358
0.0006814890234488493
0.0006070693583893499
0.0006407218093303779
0.0008430580560708408
0.0
0.0
0.0
0.0
0.0
0.0
0.0
8.191088303555757e-6
6.492839672828685e-6
4.496133142139957e-5
6.56066381066788e-5
8.515818953880132e-5
6.0361871121917304e-5
0.00010839464061149422
9.117496094261997e-5
4.980603578388718e-5
4.797113986475021e-5
2.991746718125171e-5
1.339173366034864e-5
6.440888305328451e-6
7.755951591857381e-6
8.798297133686011e-6
2.8192915468820932e-5
3.626360846902146e-5
5.743960862278638e-5
3.05179135393728e-5
6.159090190540383e-5
4.979010481891993e-5
0.00011455139883258788
0.00013488643123226552
0.00020619685933861038
0.0002096992070399307
0.0003388979085259203
0.0003537451346058482
0.00047542164181648756
0.00046820496652039964
0.0006177027970011483
0.00033729316029340123
0.0002937161523376033
0.0001869095991125377
0.00017835357227029394
0.00012603071308394667
0.0001205876147403878
5.737596310754702e-5
5.770908016962919e-5
3.266420862263416e-5
6.951698940532987e-5
6.688140776099947e-5
0.00012625773722359885
0.00010859776805639557
0.00019906027574748074
0.0001710079980488005
0.00027823915052901596
0.0002712304670681842
0.0003950675794389852
0.00034073610960911894
0.00048508607497587503
0.0004344605908182827
0.0005827225846226075
0.0005326770447062232
0.0046765943822426725
0.003660165252791822
0.0016148538860138442
0.0009432185287690067
0.0007361607880245058
0.0005853747783454748
0.0005316646446382872
0.00022027532888887048
0.00014022271978024947
0.00011403113410758514
0.00011389808553818996
0.0004540398188756948
0.000687863561934661
0.0008032062905411631
0.0010607718727715378
0.0012479963678351143
0.0
0.0
0.0
0.0
0.0
9.67922686104953e-5
0.0001995330817787574
0.0003239081552645342
0.003612656263693041
0.0031720541356698865
0.0012342251229414502
0.0005915240775049577
0.0004181568057684229
0.00031937140858047543
0.0002817614251670936
0.00010055977514507035
4.0030638332909745e-5
9.270845186582914e-7
1.121669103412776e-6
0.00019850298339190863
0.00040546512538808754
0.0006188892591510003
0.0009093342034435296
0.0011265285032543246
0.0
0.0
0.0
0.0
9.53651499597591e-6
4.9450895433117725e-5
0.00013668533303685604
0.00018775074340912553
0.0033569735868125574
0.002850698299959145
0.0009791847627171816
0.0004739738028906993
0.00027121455559045443
0.00015257247832939035
0.0001658999627707657
4.840890086434855e-5
2.7870439081347606e-6
0.0
5.038447827131441e-7
0.00014686448314216196
0.0003199815835610343
0.00045062179185715185
0.0006012838651792193
0.0007591544199581013
0.0
0.0
0.0
0.0
0.0
0.0
3.790777332892911e-5
6.0059749549604535e-5
0.003213524153543552
0.002754666996791771
0.0008329730026633157
0.00040522572670429645
0.00023006445771504082
0.00010861795633975818
9.401209077426116e-5
0.0
0.0
0.0
1.7255871123848565e-6
7.939202054594793e-5
0.0002825521432692689
0.0004065946184788347
0.0004907295747767968
0.0006528220028424559
0.0
0.0
0.0
0.0
0.0
0.0
2.659016312014719e-5
0.00012592114614103737
0.0031450482497163944
0.0027716562310248667
0.0017503432284331122
0.001160560073453274
0.0009001438531251495
0.000743726489832546
0.0007883301158238343
0.0005788562593457576
0.0004156677293728231
0.0004869082610615776
0.0005325024672511756
0.0007547545806132057
0.0
0.0
0.0
0.0
0.0
0.0
0.0
0.0
0.0
0.0
0.0
7.491221349229782e-6
7.416662090757795e-6
3.908226649669637e-6
0.0
0.0
0.0
0.0
0.0
0.0
0.0
0.0
0.0
0.0
0.0
0.0
0.0
0.0
0.0
9.64464462652981e-6
1.4155741892158229e-5
4.4496610610304624e-5
6.124518327781288e-5
0.00011175017542292478
0.000165651588235745
0.0001738957145725329
0.0038935606408510366
0.0030698060699119764
0.0009438409545942609
0.00038911804113103015
0.0001948880431315003
9.208471248206915e-5
8.039842848621859e-5
0.0
0.0
0.0
0.0
1.5520232810454092e-5
0.00014177943508851862
0.00027962710566882597
0.00045077268826302004
0.0005432189907383554
0.0
0.0
0.0
0.0
0.0
0.0
0.0
0.0
0.002519021812118923
0.0019341846000987565
0.00040535256151579577
0.00017268148706616314
7.91953942709644e-5
6.327210752256314e-6
0.0
0.0
0.0
9.487577492959976e-7
0.0
0.000146607627998826
0.00025440600445075643
0.0003494038303223699
0.00045532496825369885
0.0006023094606788053
0.0
0.0
0.0
0.0
0.0
0.0
0.0
0.0
0.0028381152725505
0.0022925449408643783
0.0006176249425200733
0.0003268553980774123
0.00016869205131532026
7.161352873922784e-5
6.924398507953558e-5
0.0
0.0
0.0
1.0057671603364367e-6
5.8064435285582154e-5
0.0001838533634388942
0.0002695642545555965
0.0004503752999673215
0.0005623280827633167
0.0
0.0
0.0
0.0
0.0
0.0
0.0
0.0
0.0024925824602196976
0.0021461327738630906
0.0006293755958287073
0.0002914298814518075
0.00014439235856579394
8.827310420244283e-5
9.373975460351825e-5
2.4874990600246557e-6
0.0
0.0
0.0
0.0003278199740906506
0.0009320838685188799
0.0014836546618792231
0.0014363256107095795
0.0014895747663967015
0.0
0.0
0.0
0.0
0.0
4.3963968136155415e-6
0.00011827031769962662
0.0001409626391553417
0.0035527373893116544
0.0033552021420308843
0.0017849921290887909
0.0012816325919414943
0.0010438897916358314
0.0008797537621080737
0.0009083724558494763
0.0005728632750333445
0.0005122632222896947
0.000462300667685725
0.0006384987374350006
0.001259381202172663
0.0016336072919365765
0.0018241164365403442
0.002038267173613775
0.0021219277019883555
0.0
0.0
0.0
5.585421754790018e-6
1.6366629802859325e-5
0.00015274612494736142
0.00020326366242196962
0.0003038893277746216
0.003912190167790397
0.0036416764830585935
0.0024498298814073245
0.0017683450022113255
0.0013903921143066577
0.0012478664730327406
0.0013431830501135016
0.001415587800606018
0.001101373834622125
0.0008931419477607389
0.0011532348763039382
0.0014675784512114425
0.0
0.0
0.0
0.0
0.0
0.0
6.92465047199814e-5
0.00013463723536459376
0.0002653707263459202
0.0003427659404693037
0.0004834274175762054
0.0006333559085848401
0.0006650329234310494
0.0005420900401742762
0.00028650084530277393
0.00017912159323093933
0.0001225914515547999
5.724843120690023e-5
2.965633458435699e-5
0.0
0.0
0.0
0.0
0.0
1.0442162162167411e-5
5.2717432070839194e-5
4.53429673076532e-5
5.645068558155689e-5
3.30383002722223e-5
6.317724740978344e-5
4.4743634066468494e-5
7.402727167907838e-5
6.89173263550169e-5
8.254112507303519e-5
0.00012435778217314997
0.00018564920000985123
0.00400536541896914
0.0030530551077134816
0.0011412431505358751
0.0006496998635081126
0.0005340167779351485
0.000426387833170008
0.0003985708682650606
0.00014904569017015133
9.820747244773163e-5
5.9885223532950085e-5
5.6952231529062096e-5
0.000329279749048276
0.0005953319395857608
0.0007928829067362454
0.0011090097953400473
0.0012600400162096912
0.0
0.0
0.0
0.0
0.0
0.0
0.0
4.615169915984957e-5
0.003156821819323789
0.0026669967210297607
0.0008264470992865781
0.00047537919900907626
0.00037298440864736484
0.0002996749301680131
0.00025373886936335164
6.970615073296337e-5
8.087887346510218e-6
0.0
1.0982292849647539e-6
0.0001557486159577925
0.0003412610081914472
0.00042784217697521356
0.0005256448624068279
0.000609380954770187
0.0
0.0
0.0
0.0
0.0
0.0
0.0
0.0
0.0023543132243096982
0.002083189678074774
0.0008046414825466286
0.0004981311059080892
0.0003821329674969873
0.0003376426448048928
0.0002927774360367954
5.1527851963000734e-5
1.7614830854447492e-5
2.479398620013732e-6
0.0
0.0004200498181690525
0.0008580604937432248
0.0009002923666474538
0.0010194268719556923
0.0011603596155620587
0.0
0.0
0.0
0.0
0.0
0.0
0.0
2.8709776757701034e-6
0.003288383804812701
0.0024685917697189314
0.0006943972018435728
0.0003600054968235819
0.0002291038783165724
0.00013296135609412808
0.00012988879352826985
1.7737364427077148e-5
0.0
0.0
0.0
0.00016430073635083432
0.0003603360322223865
0.00045048225161415767
0.0006195283747564411
0.0008448862957629806
0.0
0.0
0.0
0.0
2.0939958809382605e-5
0.00010380594263412517
0.0002530755298853034
0.0003231280357465133
0.0035524907422163636
0.0029252027508232
0.0008581916987408244
0.0004505679998112658
0.0003177557491271834
0.00020910999186917213
0.00019743182371418527
5.06384658726107e-5
1.7538129102817647e-5
1.1481144182088108e-6
0.0
0.00024746620891824886
0.0005081845321228087
0.0006955775725006326
0.001107293679969238
0.0014172999255445567
0.0
0.0
0.0
0.0
9.658172162251794e-5
0.00020519814964847883
0.00030447734156213946
0.00042582929719236075
0.003739719582834964
0.003546055779940366
0.0027045126641792143
0.002254723478884043
0.0018779682785693384
0.0015656884431559418
0.001401003379014197
0.001299885608142988
0.0014870178741675957
0.001539751244721321
0.0015515350639231564
0.001775324548691101
0.0
0.0
0.0
0.0
0.0
0.0
1.8869134908168283e-6
8.776701278262044e-5
0.00021375558921651522
0.00031604295168111374
0.00043994435798766805
0.0005447689957103944
0.0005924360723024093
0.00032444922019193845
0.0001466176058600627
4.3532593821428074e-5
0.0
0.0
0.0
0.0
0.0
0.0
0.0
0.0
0.0
0.0
4.0585401774287287e-5
3.682839563588765e-5
7.245404622931879e-5
9.608872537893886e-5
0.00017448720866194924
0.00024892480954724996
0.0003883350380459316
0.00038791611996346834
0.0005672973757858914
0.0005273638108460618
0.004320143823881977
0.003454065353785692
0.0015759608005694269
0.0006465599358871282
0.0003895113277589326
0.0002438155674948352
0.00016303518302223144
1.4129989394155515e-5
0.0
0.0
0.0
8.108250030755731e-5
0.00026655500107810226
0.00042528562488248237
0.0006527881820989412
0.0008726122727285746
0.0
0.0
0.0
0.0
0.0
0.0
0.0
0.0
0.002047334323045294
0.001824738752564413
0.0003981447241764757
6.34680683627949e-5
2.5895690554627814e-6
0.0
4.3072798142505965e-6
0.0
0.0
0.0
0.0
0.0001752776679894389
0.0006291921388210372
0.0008409012833182712
0.0010350139173531455
0.001227780229593369
0.0
0.0
0.0
0.0
0.0
0.0
1.8769822386995064e-5
0.00010718202787499034
0.003458293991814693
0.0028732444228180888
0.0009980123675328737
0.0005246894422297352
0.00036895515300202275
0.0002942473135443009
0.00027727192256984934
8.11269131559673e-5
2.0595315372805055e-5
0.0
0.0
0.00020439351963718846
0.00046407955733398945
0.000695061709715046
0.001093079648935696
0.0012618176677259398
0.0
0.0
0.0
0.0
5.423271508882308e-5
0.00016061276934985078
0.0002835532961841565
0.0003294032022800237
0.003609234558532626
0.0029372878105664853
0.0009352308511133287
0.00046460073914619056
0.0002974028660718131
0.00017176512346749086
0.00013623054928744923
1.45018043013256e-5
0.0
0.0
0.0
8.001534698822266e-5
0.00021915833221168604
0.0003714520626240838
0.0005502945405491993
0.0007500826776715914
0.0
0.0
0.0
0.0
0.0
0.0
2.05807485540249e-5
9.191712243813486e-5
0.00301373737657098
0.0023959327557867356
0.0005736519512291506
0.00023347963930016105
7.827522348929702e-5
4.41537932515229e-6
0.0
0.0
0.0
0.0
0.0
4.844871309254867e-6
6.544403432252324e-6
3.6951231458537225e-5
7.998131297321624e-5
0.00013549902643868343
0.0
0.0
0.0
0.0
0.0
0.0
0.0
0.0
0.0015410659358609672
0.0012635820975967422
0.0004745678467416975
0.00021416088176322553
0.00010501556605808549
3.224438117367748e-5
2.7167105856923314e-5
0.0
0.0
0.0
0.0
4.392301667614238e-5
0.0
0.0
0.0
0.0
0.0
0.0
0.0
0.0
0.0
0.0
0.0
0.0
0.0
0.0
0.0
0.0
0.0
0.0
0.0
0.0
0.0
0.0
0.0
0.0
0.0
0.0
0.0
0.0
0.0
0.0
0.0
0.0
0.0
0.0
0.0
0.0
0.0012312010558497006
0.0007859671547452091
3.689039625517916e-5
0.0
0.0
0.0
0.0
0.0
0.0
0.0
0.0
1.3491547517907372e-5
1.581005063566259e-5
4.051687505229527e-5
0.00014501974226079065
0.0002495477817075917
0.0
0.0
0.0
0.0
0.0
0.0
0.0
7.473029305824402e-6
0.002891774082117094
0.002749872625465798
0.0010372279039423276
0.000582343872915032
0.000521639267680448
0.0004884142410504752
0.0005003290081074045
0.0003345649597169739
0.00027335587437023374
0.0002626840774562024
0.00029446653373780814
0.0009769797264084126
0.0014657133855865867
0.0016707376682233634
0.001934237967431679
0.002144287619842394
0.0
0.0
7.498524765187206e-5
0.0002905849991172954
0.0003846554959613107
0.0006864041201890115
0.0006687765424209724
0.0009590115142033483
0.004454371396365381
0.0038486669933286105
0.001930143789362447
0.0012542617664156
0.0009414314996380015
0.0008174471328479493
0.0008161984267801522
0.0004924997934452313
0.0002969939400456047
0.00021982854811262233
0.00022497672724811326
0.0007365620524998902
0.0013189098693547994
0.0015540391862960607
0.0018582652689647422
0.0021302476034091742
0.0
0.0
0.00013993576877496477
0.00028997901542604065
0.000572209867468199
0.0006867794359734372
0.0009532464400569098
0.0009558717587031411
0.00442641631279657
0.004137577308277262
0.002104099915112868
0.0011781013415543594
0.0007296336758455282
0.0005219564323613858
0.00045726365671097094
0.00020539714723338785
0.00012924722930693382
8.702917666245189e-5
6.931342433840657e-5
0.00038767038164609803
0.0006597892120214679
0.0007467302773377851
0.000925580044083214
0.0010749231895225968
0.0
0.0
0.0
0.0
0.0
0.0
0.0
0.0
0.002870579382356525
0.0022679816495465503
0.0007429731483506537
0.00032960262883145584
0.00020046678684248993
0.00012710978364032083
0.00018244541103021618
6.0938638300446724e-5
4.7718138001123197e-5
5.1614825333606373e-5
6.231659925722219e-5
0.0005554740731658921
0.0008631662127603067
0.00103252096453056
0.001217017672206494
0.0012498181619009087
0.0
0.0
0.0
0.0
0.0
0.0
0.0
0.0
0.0031637796746288417
0.0027185151404774126
0.0017408219101388246
0.0012025317279346132
0.0011432958911166415
0.001175842446280333
0.0015263403638560657
0.0016271524249808179
0.001384296139944503
0.001402797015011126
0.0015189946744422473
0.001827580671854519
0.0
0.0
0.0
0.0
0.0
4.724069969524083e-5
7.354244652317566e-5
0.00017284656488865063
0.00030352725346909976
0.0006345359068081493
0.0005796162185747722
0.0007403779730974246
0.0005861096480036168
0.0007692561260508177
0.000562382830524656
0.00046191840969661986
0.00020697134892449796
0.00016121274815276187
5.504454692029832e-5
3.0894311117721124e-5
0.0
0.0
0.0
1.0532145217887901e-5
3.929030974066978e-5
0.00013116316463396337
0.00022091384350593095
0.00031157420180467725
0.0003990227912484469
0.0005178650388897844
0.0005343152680063628
0.0005434187462976638
0.0006062410380304014
0.0007294856569231585
0.0008757085716893448
0.0010111847414285596
0.0008697508206978591
0.0005800932161921131
0.00024240619998628485
0.00012064359108796424
4.312988857148865e-5
0.0
0.0
0.0
0.0
0.0
0.0
0.0
0.0
0.0
0.0
0.0
0.0
0.0
4.960230448192593e-6
2.2745199377056457e-5
5.529319106174325e-5
7.356346444846826e-5
8.501669043276688e-5
6.302246305275087e-5
0.0036498916282133058
0.0026679428442118866
0.0008232230624737483
0.00029663963105797293
7.22208541317246e-5
0.0
0.0
0.0
0.0
0.0
0.0
9.707007738113243e-6
1.0808599610686651e-5
4.2261196389028196e-5
9.161608567185822e-5
0.00011355312498391847
0.0
0.0
0.0
0.0
0.0
0.0
0.0
0.0
0.0016634174427925688
0.0010368956376415927
7.356797134199057e-5
0.0
0.0
0.0
0.0
0.0
0.0
0.0
0.0
1.5659692280333042e-6
1.6455675453216132e-6
0.0
5.78020022914859e-6
2.2086763342973932e-5
0.0
0.0
0.0
0.0
0.0
0.0
0.0
0.0
0.0012241406309048506
0.0007745130314082495
5.178987295535163e-5
0.0
0.0
0.0
0.0
0.0
0.0
0.0
0.0
0.0
1.4631242127981617e-6
0.0
0.0
8.666223069595611e-6
0.0
0.0
0.0
0.0
0.0
0.0
0.0
0.0
0.0009036381962211314
0.0006509402415022142
2.8604384351996128e-5
0.0
0.0
0.0
0.0
0.0
0.0
0.0
0.0
0.0
1.2877535866305306e-6
0.0
0.0
0.0
0.0
0.0
0.0
0.0
0.0
0.0
0.0
0.0
0.0005491531067773757
0.0006158384574489962
0.0001364534662692461
1.283906603178716e-5
0.0
0.0
0.0
0.0
0.0
0.0
0.0
0.0
0.0
0.0
0.0
0.0
0.0
0.0
0.0
0.0
0.0
0.0
0.0
0.0
0.0
0.0
0.0
0.0
0.0
0.0
0.0
0.0
0.0
0.0
0.0
0.0
0.0
0.0
0.0
0.0
0.0
0.0
0.0
0.0
0.0
0.0
0.0
0.0
0.001355112308404449
0.0007411392573596636
1.1355932429949633e-5
0.0
0.0
0.0
0.0
0.0
0.0
0.0
0.0
0.0
0.0
0.0
0.0
0.0
0.0
0.0
0.0
0.0
0.0
0.0
0.0
0.0
0.00029788661285147885
0.0001317611555902781
5.177851793005754e-6
0.0
0.0
0.0
0.0
0.0
0.0
0.0
0.0
0.0
0.0
0.0
0.0
0.0
0.0
0.0
0.0
0.0
0.0
0.0
0.0
0.0
0.0001396742543518667
9.961625954325894e-5
6.342581721285823e-6
0.0
0.0
0.0
0.0
0.0
0.0
0.0
0.0
0.0
1.5075726041486369e-5
0.0
0.0
0.0
0.0
0.0
0.0
0.0
0.0
0.0
0.0
0.0
0.0007244616636208381
0.0006981852062316094
5.460735040265912e-6
0.0
0.0
0.0
0.0
0.0
0.0
0.0
0.0
2.629470345283891e-6
9.701095755421286e-6
0.0
0.0
0.0
0.0
0.0
0.0
0.0
0.0
0.0
0.0
0.0
0.0012772177538535878
0.000840797633472217
3.1513803663658315e-5
0.0
0.0
0.0
0.0
0.0
0.0
0.0
0.0
2.4047826690134644e-6
1.488805293043349e-6
0.0
0.0
2.2492899276546377e-5
0.0
0.0
0.0
0.0
0.0
0.0
0.0
0.0
0.0015175917521149025
0.0012566723263081128
0.0005009459226055896
0.0002850500523294174
0.00015623469527074887
9.747217377360658e-5
0.00012114489374176171
9.486848368574673e-5
5.825950149345257e-5
2.707712316720678e-5
1.8447369389152632e-5
8.498165569371318e-5
0.0
0.0
0.0
0.0
0.0
0.0
0.0
0.0
0.0
0.0
0.0
0.0
0.0
0.0
0.0
0.0
0.0
0.0
0.0
0.0
0.0
0.0
0.0
0.0
0.0
0.0
0.0
0.0
0.0
0.0
0.0
0.0
0.0
1.1370468197745906e-5
3.105897307563773e-5
3.4523563388915416e-5
0.002933554927857338
0.002070466307934741
0.00041110460394316265
0.00017343548597028818
7.141055323542634e-5
4.434613805679623e-6
0.0
0.0
0.0
0.0
0.0
4.024465297586524e-6
1.441065903962524e-5
6.522231397580768e-5
0.0001360751416850393
0.0001910862081960378
0.0
0.0
0.0
0.0
0.0
0.0
0.0
0.0
0.0020107840936867682
0.0018074527108890798
0.00033806355464129187
7.379695053626347e-5
1.4211130753932587e-6
0.0
0.0
0.0
0.0
0.0
0.0
6.2151799152597896e-6
7.914799359381066e-6
0.0
1.264431942450236e-5
5.921415845338642e-5
0.0
0.0
0.0
0.0
0.0
0.0
0.0
0.0
0.0007228044348236191
0.0005299883361539985
2.9528647127084842e-6
0.0
0.0
0.0
0.0
0.0
0.0
0.0
0.0
0.0
2.241792498443143e-6
0.0
0.0
0.0
0.0
0.0
0.0
0.0
0.0
0.0
0.0
0.0
0.0008423426578229166
0.0005238639490040118
5.801669605477331e-6
0.0
0.0
0.0
0.0
0.0
0.0
0.0
0.0
0.0
0.0
0.0
0.0
0.0
0.0
0.0
0.0
0.0
0.0
0.0
0.0
0.0
0.0
4.6105198031380526e-5
2.589474927160065e-6
0.0
0.0
0.0
0.0
0.0
0.0
0.0
0.0
0.0
0.0
0.0
0.0
0.0
0.0
0.0
0.0
0.0
0.0
0.0
0.0
0.0
1.0171130251451534e-5
6.475639425941774e-5
0.0
0.0
0.0
0.0
4.914221122200728e-6
0.0
0.0
0.0
0.0
0.0
0.0
0.0
0.0
0.0
0.0
0.0
0.0
0.0
0.0
0.0
0.0
0.0
0.0
0.0
0.0
0.0
0.0
0.0
0.0
0.0
0.0
0.0
0.0
0.0
0.0
0.0
0.0
0.0
0.0
0.0
0.0
0.0
0.0
0.0
0.0
0.0006250263985710957
0.0005668735466722994
6.991854475493579e-6
0.0
0.0
0.0
0.0
0.0
0.0
0.0
0.0
0.0
0.0
0.0
0.0
0.0
0.0
0.0
0.0
0.0
0.0
0.0
0.0
0.0
2.3840954243341966e-5
0.00010198977345554468
0.0
0.0
0.0
0.0
0.0
0.0
0.0
0.0
0.0
1.439299964078122e-6
2.790037929764294e-5
1.9392420476460402e-6
0.0
3.2176330598096314e-5
0.0
0.0
0.0
0.0
0.0
0.0
0.0
0.0
0.0011308992413282795
0.0009963307247882922
5.1492907587355036e-5
0.0
0.0
0.0
0.0
0.0
0.0
0.0
0.0
3.399674536316177e-6
2.958860584495314e-6
0.0
0.0
0.0
0.0
0.0
0.0
0.0
0.0
0.0
0.0
0.0
0.0008309277300469589
0.0007682366264954233
3.662385891750122e-5
0.0
0.0
0.0
0.0
0.0
0.0
0.0
0.0
2.8303039811018295e-5
4.1007582445649886e-5
9.090223329602898e-5
0.000176865525436358
0.00029258036061561145
0.0
0.0
0.0
0.0
0.0
0.0
0.0
0.0
0.0018589702964412421
0.001730138443732861
0.00041272761720719935
6.317752903498609e-5
0.0
0.0
0.0
0.0
0.0
0.0
0.0
3.358716100465665e-5
3.4803761458077675e-5
6.465527493500813e-5
0.0002225134156512164
0.00033554964492704534
0.0
0.0
0.0
0.0
0.0
0.0
0.0
0.0
0.002553974472808118
0.0024415221941318857
0.0018191932887024497
0.0015105698980513373
0.0012156047490684753
0.0009072380725997176
0.0009237347040929422
0.0007093110517217051
0.0004927500783230385
0.0004821123693354065
0.0006542040169467738
0.0009145394765246086
0.0
0.0
0.0
0.0
0.0
0.0
0.0
0.0
0.0
2.691212250725509e-6
1.935636790020168e-5
0.00013591478066428628
0.0001749675900847413
5.611536052644753e-5
5.780719193075765e-5
0.0
0.0
0.0
0.0
0.0
0.0
0.0
0.0
0.0
0.0
0.0
0.0
0.0
0.0
0.0
0.0
5.320744285975419e-6
2.920362834756867e-5
0.00010197015010422712
0.00018772417686392878
0.0002514200348586943
0.003748156050579124
0.003126354248213384
0.0010907743112224286
0.0004678416176308468
0.00024825705596262705
9.639208755626712e-5
5.545314779650986e-5
0.0
0.0
0.0
0.0
5.588134867892207e-6
3.519650722611392e-5
8.764787458908049e-5
0.00012878241873089677
0.00014808475465973015
0.0
0.0
0.0
0.0
0.0
0.0
0.0
0.0
0.0020771483594783707
0.0018144355429962197
0.0003882658875839623
0.00012561447474392797
3.5863922276865656e-5
0.0
0.0
0.0
0.0
0.0
0.0
2.197974643367646e-6
3.4495326228574215e-6
2.4935143067747164e-5
7.134516751977776e-5
0.00011903175410080528
0.0
0.0
0.0
0.0
0.0
0.0
0.0
0.0
0.0018305622884230988
0.0016965160046212527
0.00031908110819389485
8.46839669733125e-5
3.0981107564984222e-6
0.0
0.0
0.0
0.0
0.0
0.0
2.150608941353663e-6
3.9985061453446135e-7
0.0
0.0
2.3114573789662196e-5
0.0
0.0
0.0
0.0
0.0
0.0
0.0
0.0
0.001327917095531265
0.001197201495663906
0.00011231920636604018
1.1293224127179978e-6
0.0
0.0
0.0
0.0
0.0
0.0
0.0
0.0
0.0
0.0
0.0
0.0
0.0
0.0
0.0
0.0
0.0
0.0
0.0
0.0
0.0009164714353067934
0.0008254596023253394
3.3784000185127935e-5
0.0
0.0
0.0
0.0
0.0
0.0
0.0
0.0
0.0
0.0
0.0
0.0
0.0
0.0
0.0
0.0
0.0
0.0
0.0
0.0
0.0
0.000373405710206912
0.0005498017246367564
0.00010622380549250935
7.516057076578079e-6
0.0
0.0
0.0
0.0
0.0
0.0
0.0
0.0
0.0
0.0
0.0
0.0
0.0
0.0
0.0
0.0
0.0
0.0
0.0
0.0
0.0
0.0
0.0
0.0
0.0
0.0
0.0
0.0
0.0
0.0
0.0
0.0
0.0
0.0
0.0
0.0
0.0
0.0
0.0
0.0
0.0
0.0
0.0
0.0
0.0013927291524135211
0.0010137698817437196
1.8748088770651366e-5
0.0
0.0
0.0
0.0
0.0
0.0
0.0
0.0
0.0
0.0
0.0
0.0
0.0
0.0
0.0
0.0
0.0
0.0
0.0
0.0
0.0
0.00012291976565583903
9.609058433279231e-5
6.748050370302763e-6
0.0
0.0
0.0
0.0
0.0
0.0
0.0
0.0
0.0
0.0
0.0
0.0
0.0
0.0
0.0
0.0
0.0
0.0
0.0
0.0
0.0
0.0007448464668700152
0.0007572903326519155
2.4420351674646554e-5
0.0
0.0
0.0
0.0
0.0
0.0
0.0
0.0
4.105191457040458e-6
7.906842344448322e-6
0.0
0.0
3.526019800219328e-5
0.0
0.0
0.0
0.0
0.0
0.0
0.0
0.0
0.0012356020505800427
0.0010489981290649662
9.621597248894339e-5
0.0
0.0
0.0
0.0
0.0
0.0
0.0
0.0
3.060726748376072e-6
0.0
0.0
0.0
0.0
0.0
0.0
0.0
0.0
0.0
0.0
0.0
0.0
0.0006671498823726993
0.000547237074607679
4.609764674666598e-6
0.0
0.0
0.0
0.0
0.0
0.0
0.0
0.0
0.0
0.0
0.0
0.0
0.0
0.0
0.0
0.0
0.0
0.0
0.0
0.0
0.0
0.0
4.235041013906471e-5
0.0
0.0
0.0
0.0
0.0
0.0
0.0
0.0
0.0
0.0
0.0
0.0
0.0
0.0
0.0
0.0
0.0
0.0
0.0
0.0
0.0
0.0
0.0
0.0
0.0
0.0
0.0
0.0
0.0
0.0
0.0
0.0
0.0
0.0
0.0
0.0
0.0
0.0
0.0
0.0
0.0
0.0
0.0
0.0
0.0
0.0
0.0002486302764238908
0.00016261660557074297
4.237947204479654e-6
0.0
0.0
0.0
0.0
0.0
0.0
0.0
0.0
0.0
0.0
0.0
0.0
0.0
0.0
0.0
0.0
0.0
0.0
0.0
0.0
0.0
6.911457112721838e-5
5.8391359808105596e-5
6.659690492647008e-6
0.0
0.0
0.0
0.0
0.0
0.0
0.0
0.0
0.0
0.0
0.0
0.0
0.0
0.0
0.0
0.0
0.0
0.0
0.0
0.0
0.0
2.9936673030872637e-5
1.3448521967907402e-5
3.6222265246292382e-6
0.0
0.0
0.0
0.0
0.0
0.0
0.0
0.0
0.0
0.0
0.0
0.0
0.0
0.0
0.0
0.0
0.0
0.0
0.0
0.0
0.0
1.570633378615547e-5
9.266552078936263e-6
5.0501881754504415e-6
0.0
0.0
0.0
0.0
0.0
0.0
0.0
0.0
0.0
0.0
0.0
0.0
0.0
0.0
0.0
0.0
0.0
0.0
0.0
0.0
0.0
0.0002821293737865764
0.00031836826781899146
5.44357687394142e-6
0.0
0.0
0.0
0.0
0.0
0.0
0.0
0.0
0.0
0.0
0.0
0.0
0.0
0.0
0.0
0.0
0.0
0.0
0.0
0.0
0.0
5.2413801820346496e-5
1.5681946161401744e-5
0.0
0.0
0.0
0.0
0.0
0.0
0.0
0.0
0.0
0.0
0.0
0.0
0.0
0.0
0.0
0.0
0.0
0.0
0.0
0.0
0.0
0.0
0.0
0.0
0.0
0.0
0.0
0.0
0.0
0.0
0.0
0.0
0.0
0.0
0.0
0.0
0.0
0.0
0.0
0.0
0.0
0.0
0.0
0.0
0.0
0.0
1.047165730776578e-5
6.328894657300996e-6
9.724110474623086e-7
0.0
0.0
0.0
0.0
0.0
0.0
0.0
0.0
0.0
0.0
0.0
0.0
0.0
0.0
0.0
0.0
0.0
0.0
0.0
0.0
0.0
1.0637721693904399e-5
7.631170240581826e-6
1.9572661778358893e-6
0.0
0.0
0.0
0.0
0.0
0.0
0.0
0.0
0.0
0.0
0.0
0.0
0.0
0.0
0.0
0.0
0.0
0.0
0.0
0.0
0.0
1.860927471906482e-6
8.003988003524911e-6
0.0
0.0
0.0
0.0
0.0
0.0
0.0
0.0
0.0
0.0
0.0
0.0
0.0
0.0
0.0
0.0
0.0
0.0
0.0
0.0
0.0
0.0
1.95457259994731e-5
1.5565966428636923e-5
5.804595159143346e-6
0.0
0.0
0.0
0.0
0.0
0.0
0.0
0.0
0.0
0.0
0.0
0.0
0.0
0.0
0.0
0.0
0.0
0.0
0.0
0.0
0.0
8.806680335490236e-5
1.4372703119168934e-5
5.963825836044249e-6
0.0
0.0
0.0
0.0
0.0
0.0
0.0
0.0
0.0
0.0
0.0
0.0
0.0
0.0
0.0
0.0
0.0
0.0
0.0
0.0
0.0
7.591192944599596e-5
1.680545212488892e-5
7.799922371791999e-7
0.0
0.0
0.0
0.0
0.0
0.0
0.0
0.0
0.0
0.0
0.0
0.0
0.0
0.0
0.0
0.0
0.0
0.0
0.0
0.0
0.0
0.0
0.0
0.0
0.0
0.0
0.0
0.0
0.0
0.0
0.0
0.0
0.0
0.0
0.0
0.0
0.0
0.0
0.0
0.0
0.0
0.0
0.0
0.0
0.0
0.00031157763254766225
0.00025946489845554834
4.413404772907555e-6
0.0
0.0
0.0
0.0
0.0
0.0
0.0
0.0
0.0
0.0
0.0
0.0
0.0
0.0
0.0
0.0
0.0
0.0
0.0
0.0
0.0
3.409349236974523e-5
8.42924884049302e-6
4.350683611528805e-6
0.0
0.0
0.0
0.0
0.0
0.0
0.0
0.0
0.0
0.0
0.0
0.0
0.0
0.0
0.0
0.0
0.0
0.0
0.0
0.0
0.0
8.292136148382841e-5
1.0019903358853174e-5
5.401253878418274e-6
0.0
0.0
0.0
0.0
0.0
0.0
0.0
0.0
0.0
0.0
0.0
0.0
0.0
0.0
0.0
0.0
0.0
0.0
0.0
0.0
0.0
1.3647659579003865e-5
9.735037779785911e-6
2.5551612450721287e-6
0.0
0.0
0.0
0.0
0.0
0.0
0.0
0.0
0.0
0.0
0.0
0.0
0.0
0.0
0.0
0.0
0.0
0.0
0.0
0.0
0.0
5.288768721706003e-6
0.0
0.0
0.0
0.0
0.0
0.0
0.0
0.0
0.0
0.0
0.0
0.0
0.0
0.0
0.0
0.0
0.0
0.0
0.0
0.0
0.0
0.0
0.0
0.0
0.0
0.0
0.0
0.0
0.0
0.0
0.0
0.0
0.0
0.0
0.0
0.0
0.0
0.0
0.0
0.0
0.0
0.0
0.0
0.0
0.0
0.0
0.0
0.0
0.0
0.0
0.0
0.0
0.0
0.0
0.0
0.0
0.0
0.0
0.0
0.0
0.0
0.0
0.0
0.0
0.0
0.0
0.0
0.0
0.0
0.0
0.0
0.0
0.0
0.0
0.0
0.0
0.0
0.0
0.0
0.0
0.0
0.0
0.0
0.0
0.0
0.0
0.0
0.0
0.0
0.0
0.0
0.0
0.0
0.0
0.0
7.602405421246602e-6
2.6463748060774295e-6
0.0
0.0
0.0
0.0
0.0
0.0
0.0
0.0
0.0
0.0
0.0
0.0
0.0
0.0
0.0
0.0
0.0
0.0
0.0
0.0
0.0
0.0
1.3695074030765784e-5
9.699291133370614e-6
1.9806213138507415e-6
0.0
0.0
0.0
0.0
0.0
0.0
0.0
0.0
0.0
0.0
0.0
0.0
0.0
0.0
0.0
0.0
0.0
0.0
0.0
0.0
0.0
9.400831925192134e-5
9.00996047328332e-6
5.243161839810366e-6
0.0
0.0
0.0
0.0
0.0
0.0
0.0
0.0
0.0
0.0
0.0
0.0
0.0
0.0
0.0
0.0
0.0
0.0
0.0
0.0
0.0
1.3936002433017975e-5
1.0592725722063743e-6
0.0
0.0
0.0
0.0
0.0
0.0
0.0
0.0
0.0
0.0
0.0
0.0
0.0
0.0
0.0
0.0
0.0
0.0
0.0
0.0
0.0
0.0
0.0
0.0
0.0
0.0
0.0
0.0
0.0
0.0
0.0
0.0
0.0
0.0
0.0
0.0
0.0
0.0
0.0
0.0
0.0
0.0
0.0
0.0
0.0
0.0
0.0
0.0
0.0
0.0
0.0
0.0
0.0
0.0
0.0
0.0
0.0
0.0
0.0
0.0
0.0
0.0
0.0
0.0
0.0
0.0
0.0
0.0
0.0
0.0
0.0
0.0
0.0
0.0
0.0
0.0
0.0
0.0
0.0
0.0
0.0
0.0
0.0
0.0
0.0
0.0
0.0
0.0
0.0
0.0
0.0
0.0
0.0
0.0
0.0
0.0
0.0
0.0
0.0
0.0
0.0
0.0
0.0
0.0
0.0
0.0
0.0
0.0
0.0
0.0
0.0
0.0
0.0
0.0
0.0
0.0
0.0
0.0
0.0
0.0
0.0
0.0
0.0
0.0
0.0
0.0
0.0
0.0
0.0
0.0
0.0
0.0
0.0
0.0
0.0
0.0
0.0
0.0
0.0
0.0
0.0
0.0
0.0
0.0
0.0
0.0
0.0
0.0
0.0
0.0
0.0
0.0
0.0
0.0
0.0
0.0
0.0
0.0
0.0
0.0
0.0
0.0
0.0
0.0
0.0
0.0
0.0
0.0
0.0
0.0
0.0
0.0
0.0
0.0
0.0
0.0
0.0
0.0
0.0
0.0
0.0
0.0
0.0
0.0
0.0
0.0
0.0
0.0
0.0
0.0
0.0
0.0
0.0
0.0
0.0
0.0
0.0
0.0
0.0
0.0
0.0
0.0
0.0
0.0
0.0
0.0
0.0
0.0
0.0
0.0
0.0
0.0
0.0
0.0
0.0
0.0
0.0
0.0
0.0
0.0
0.0
0.0
0.0
0.0
0.0
0.0
0.0
0.0
0.0
0.0
0.0
0.0
0.0
0.0
0.0
0.0
0.0
0.0
0.0
0.0
0.0
0.0
0.0
0.0
0.0
0.0
0.0
0.0
0.0
0.0
0.0
0.0
0.0
0.0
0.0
0.0
0.0
0.0
0.0
0.0
0.0
0.0
0.0
0.0
0.0
0.0
0.0
0.0
0.0
0.0
0.0
0.0
0.0
0.0
0.0
0.0
0.0
0.0
0.0
0.0
0.0
0.0
0.0
0.0
0.0
0.0
0.0
0.0
0.0
0.0
0.0
0.0
0.0
0.0
0.0
0.0
0.0
0.0
0.0
0.0
0.0
0.0
0.0
0.0
0.0
0.0
0.0
0.0
0.0
0.0
1.4718532784445168e-5
1.605359804348745e-5
4.026099444888603e-6
0.0
0.0
0.0
0.0
0.0
0.0
0.0
0.0
0.0
0.0
0.0
0.0
0.0
0.0
0.0
0.0
0.0
0.0
0.0
0.0
0.0
6.091922584654119e-5
7.280884576116543e-6
5.222221512301462e-6
0.0
0.0
0.0
0.0
0.0
0.0
0.0
0.0
0.0
0.0
0.0
0.0
0.0
0.0
0.0
0.0
0.0
0.0
0.0
0.0
0.0
1.0696301081367629e-5
9.824110722167101e-6
0.0
0.0
0.0
0.0
0.0
0.0
0.0
0.0
0.0
0.0
0.0
0.0
0.0
0.0
0.0
0.0
0.0
0.0
0.0
0.0
0.0
0.0
0.0
0.0
0.0
0.0
0.0
0.0
0.0
0.0
0.0
0.0
0.0
0.0
0.0
0.0
0.0
0.0
0.0
0.0
0.0
0.0
0.0
0.0
0.0
0.0
1.0206263168592223e-5
5.451887285473296e-6
1.7902409952188894e-6
0.0
0.0
0.0
0.0
0.0
0.0
0.0
0.0
0.0
0.0
0.0
0.0
0.0
0.0
0.0
0.0
0.0
0.0
0.0
0.0
0.0
5.187488335773759e-6
0.0
0.0
0.0
0.0
0.0
0.0
0.0
0.0
0.0
0.0
0.0
0.0
0.0
0.0
0.0
0.0
0.0
0.0
0.0
0.0
0.0
0.0
0.0
0.0
0.0
0.0
0.0
0.0
0.0
0.0
0.0
0.0
0.0
0.0
0.0
0.0
0.0
0.0
0.0
0.0
0.0
0.0
0.0
0.0
0.0
0.0
0.0
0.0
0.0
0.0
0.0
0.0
0.0
0.0
0.0
0.0
0.0
0.0
0.0
0.0
0.0
0.0
0.0
0.0
0.0
0.0
0.0
0.0
0.0
0.0
0.0
0.0
0.0
0.0
0.0
0.0
0.0
0.0
0.0
0.0
0.0
0.0
0.0
0.0
0.0
0.0
0.0
0.0
0.0
0.0
0.0
0.0
0.0
0.0
0.0
0.0
0.0
0.0
0.0
0.0
0.0
0.0
0.0
0.0
0.0
0.0
0.0
0.0
0.0
0.0
0.0
0.0
0.0
0.0
0.0
0.0
0.0
0.0
0.0
0.0
0.0
0.0
0.0
0.0
0.0
0.0
0.0
0.0
0.0
0.0
0.0
0.0
0.0
0.0
0.0
0.0
0.0
0.0
0.0
0.0
0.0
0.0
0.0
0.0
0.0
0.0
0.0
0.0
0.0
0.0
0.0
0.0
0.0
0.0
0.0
0.0
0.0
0.0
0.0
0.0
0.0
0.0
0.0
0.0
0.0
0.0
0.0
0.0
0.0
0.0
0.0
0.0
0.0
0.0
0.0
0.0
0.0
0.0
0.0
0.0
0.0
0.0
0.0
0.0
0.0
0.0
0.0
0.0
0.0
0.0
0.0
0.0
0.0
0.0
0.0
0.0
0.0
0.0
0.0
0.0
0.0
0.0
0.0
0.0
0.0
0.0
0.0
0.0
0.0
0.0
0.0
0.0
0.0
0.0
0.0
0.0
0.0
0.0
0.0
0.0
0.0
0.0
0.0
0.0
0.0
0.0
0.0
0.0
0.0
0.0
0.0
0.0
0.0
0.0
0.0
0.0
0.0
0.0
0.0
0.0
0.0
0.0
0.0
0.0
0.0
0.0
0.0
0.0
0.0
0.0
0.0
0.0
0.0
0.0
0.0
0.0
0.0
0.0
0.0
0.0
0.0
0.0
0.0
0.0
0.0
0.0
0.0
0.0
0.0
0.0
0.0
0.0
0.0
0.0
0.0
0.0
0.0
0.0
0.0
0.0
0.0
0.0
0.0
0.0
0.0
0.0
0.0
0.0
0.0
0.0
0.0
0.0
0.0
0.0
0.0
0.0
0.0
0.0
0.0
0.0
0.0
0.0
0.0
0.0
0.0
0.0
0.0
0.0
0.0
0.0
0.0
0.0
0.0
0.0
0.0
0.0
0.0
0.0
0.0
0.0
0.0
0.0
0.0
0.0
0.0
0.0
0.0
0.0
0.0
0.0
0.0
0.0
0.0
0.0
0.0
2.48829928809653e-6
0.0
0.0
0.0
0.0
0.0
0.0
0.0
0.0
0.0
0.0
0.0
0.0
0.0
0.0
0.0
0.0
0.0
0.0
0.0
0.0
0.0
0.0
0.0
5.442324240255543e-6
0.0
0.0
0.0
0.0
0.0
0.0
0.0
0.0
0.0
0.0
0.0
0.0
0.0
0.0
0.0
0.0
0.0
0.0
0.0
0.0
0.0
0.0
0.0
2.1508405516217472e-6
0.0
0.0
0.0
0.0
0.0
0.0
0.0
0.0
0.0
0.0
0.0
0.0
0.0
0.0
0.0
0.0
0.0
0.0
0.0
0.0
0.0
0.0
0.0
0.0
0.0
0.0
0.0
0.0
0.0
0.0
0.0
0.0
0.0
0.0
0.0
0.0
0.0
0.0
0.0
0.0
0.0
0.0
0.0
0.0
0.0
0.0
0.0
0.0
0.0
0.0
0.0
0.0
0.0
0.0
0.0
0.0
0.0
0.0
0.0
0.0
0.0
0.0
0.0
0.0
0.0
0.0
0.0
0.0
0.0
0.0
0.0
0.0
0.0
0.0
0.0
0.0
0.0
0.0
0.0
0.0
0.0
0.0
0.0
0.0
0.0
0.0
0.0
0.0
0.0
0.0
0.0
0.0
0.0
0.0
0.0
0.0
0.0
0.0
0.0
0.0
0.0
0.0
0.0
0.0
0.0
0.0
0.0
0.0
0.0
0.0
0.0
0.0
0.0
0.0
0.0
0.0
0.0
0.0
0.0
2.5753065818278635e-6
0.0
0.0
0.0
0.0
0.0
0.0
0.0
0.0
0.0
0.0
0.0
0.0
0.0
0.0
0.0
0.0
0.0
0.0
0.0
0.0
0.0
0.0
0.0
5.5410336561607475e-6
0.0
0.0
0.0
0.0
0.0
0.0
0.0
0.0
0.0
0.0
0.0
0.0
0.0
0.0
0.0
0.0
0.0
0.0
0.0
0.0
0.0
0.0
0.0
2.4902179040562837e-6
0.0
0.0
0.0
0.0
0.0
0.0
0.0
0.0
0.0
0.0
0.0
0.0
0.0
0.0
0.0
0.0
0.0
0.0
0.0
0.0
0.0
0.0
0.0
2.6217205340908676e-6
0.0
0.0
0.0
0.0
0.0
0.0
0.0
0.0
0.0
0.0
0.0
0.0
0.0
0.0
0.0
0.0
0.0
0.0
0.0
0.0
0.0
0.0
0.0
0.0
0.0
0.0
0.0
0.0
0.0
0.0
0.0
0.0
0.0
0.0
0.0
0.0
0.0
0.0
0.0
0.0
0.0
0.0
0.0
0.0
0.0
0.0
0.0
0.0
0.0
0.0
0.0
0.0
0.0
0.0
0.0
0.0
0.0
0.0
0.0
0.0
0.0
0.0
0.0
0.0
0.0
0.0
0.0
0.0
0.0
0.0
0.0
0.0
0.0
0.0
0.0
0.0
0.0
0.0
0.0
0.0
0.0
0.0
0.0
0.0
0.0
0.0
0.0
0.0
0.0
0.0
0.0
0.0
0.0
0.0
0.0
0.0
0.0
0.0
0.0
0.0
0.0
0.0
0.0
0.0
0.0
0.0
0.0
0.0
0.0
0.0
0.0
0.0
0.0
0.0
0.0
0.0
0.0
0.0
0.0
0.0
0.0
0.0
0.0
0.0
0.0
0.0
0.0
0.0
0.0
0.0
0.0
0.0
0.0
0.0
0.0
0.0
0.0
0.0
0.0
0.0
0.0
0.0
0.0
0.0
0.0
0.0
0.0
0.0
0.0
0.0
0.0
0.0
0.0
0.0
0.0
0.0
0.0
0.0
0.0
0.0
0.0
0.0
0.0
0.0
0.0
0.0
0.0
0.0
0.0
0.0
0.0
0.0
0.0
0.0
0.0
0.0
0.0
0.0
0.0
0.0
0.0
0.0
0.0
0.0
0.0
0.0
0.0
0.0
0.0
0.0
0.0
0.0
0.0
0.0
0.0
0.0
0.0
0.0
0.0
0.0
0.0
0.0
0.0
0.0
0.0
0.0
0.0
0.0
0.0
0.0
0.0
0.0
0.0
0.0
0.0
0.0
0.0
0.0
0.0
0.0
0.0
0.0
0.0
0.0
0.0
0.0
0.0
0.0
0.0
0.0
0.0
0.0
0.0
0.0
0.0
0.0
0.0
0.0
0.0
0.0
0.0
0.0
0.0
0.0
0.0
0.0
0.0
0.0
0.0
0.0
0.0
0.0
0.0
0.0
0.0
0.0
0.0
0.0
0.0
0.0
0.0
0.0
0.0
0.0
0.0
0.0
0.0
0.0
0.0
0.0
0.0
0.0
0.0
0.0
0.0
0.0
0.0
0.0
0.0
0.0
0.0
0.0
0.0
0.0
0.0
0.0
0.0
0.0
0.0
0.0
0.0
0.0
0.0
0.0
0.0
0.0
0.0
0.0
0.0
0.0
0.0
0.0
0.0
0.0
0.0
0.0
0.0
0.0
0.0
0.0
0.0
0.0
0.0
0.0
0.0
0.0
0.0
0.0
0.0
0.0
0.0
0.0
0.0
0.0
0.0
0.0
0.0
0.0
0.0
0.0
0.0
0.0
0.0
0.0
0.0
0.0
0.0
0.0
0.0
0.0
0.0
0.0
0.0
0.0
0.0
0.0
0.0
0.0
0.0
0.0
0.0
0.0
0.0
0.0
0.0
0.0
0.0
0.0
0.0
0.0
0.0
0.0
0.0
0.0
0.0
0.0
0.0
0.0
0.0
0.0
0.0
0.0
0.0
0.0
0.0
0.0
0.0
0.0
0.0
0.0
0.0
0.0
0.0
0.0
0.0
0.0
0.0
0.0
0.0
0.0
0.0
0.0
0.0
0.0
0.0
0.0
0.0
0.0
0.0
0.0
0.0
0.0
0.0
0.0
0.0
0.0
0.0
0.0
0.0
0.0
0.0
0.0
0.0
0.0
0.0
0.0
0.0
0.0
0.0
0.0
0.0
0.0
0.0
0.0
0.0
0.0
0.0
0.0
0.0
0.0
0.0
0.0
0.0
0.0
0.0
0.0
0.0
0.0
0.0
0.0
0.0
0.0
0.0
0.0
0.0
0.0
0.0
0.0
0.0
0.0
0.0
0.0
0.0
0.0
0.0
0.0
0.0
0.0
0.0
0.0
0.0
0.0
0.0
0.0
0.0
0.0
0.0
0.0
0.0
0.0
0.0
0.0
0.0
0.0
0.0
0.0
0.0
0.0
0.0
0.0
0.0
0.0
0.0
0.0
0.0
0.0
0.0
0.0
0.0
0.0
0.0
0.0
0.0
0.0
0.0
0.0
0.0
0.0
0.0
0.0
0.0
0.0
0.0
0.0
0.0
0.0
0.0
0.0
0.0
0.0
0.0
0.0
0.0
0.0
0.0
0.0
0.0
0.0
0.0
0.0
0.0
0.0
0.0
0.0
0.0
0.0
0.0
0.0
0.0
0.0
0.0
0.0
0.0
0.0
0.0
0.0
0.0
0.0
0.0
0.0
0.0
0.0
0.0
0.0
0.0
0.0
0.0
0.0
0.0
0.0
0.0
0.0
0.0
0.0
0.0
0.0
0.0
0.0
0.0
0.0
0.0
0.0
0.0
0.0
0.0
0.0
0.0
0.0
0.0
0.0
0.0
0.0
0.0
0.0
0.0
0.0
0.0
0.0
0.0
0.0
0.0
0.0
0.0
0.0
0.0
0.0
0.0
0.0
0.0
0.0
0.0
0.0
0.0
0.0
0.0
0.0
0.0
0.0
0.0
0.0
0.0
0.0
0.0
0.0
0.0
0.0
0.0
0.0
0.0
0.0
0.0
0.0
0.0
0.0
0.0
0.0
0.0
0.0
0.0
0.0
0.0
0.0
0.0
0.0
0.0
0.0
0.0
0.0
0.0
0.0
0.0
0.0
0.0
0.0
0.0
0.0
0.0
0.0
0.0
0.0
0.0
0.0
0.0
0.0
0.0
0.0
0.0
0.0
0.0
0.0
0.0
0.0
0.0
0.0
0.0
0.0
0.0
0.0
0.0
0.0
0.0
0.0
0.0
0.0
0.0
0.0
0.0
0.0
0.0
0.0
0.0
0.0
0.0
0.0
0.0
0.0
0.0
0.0
0.0
0.0
0.0
0.0
0.0
0.0
0.0
0.0
0.0
0.0
0.0
0.0
0.0
0.0
0.0
0.0
0.0
0.0
0.0
0.0
0.0
0.0
0.0
0.0
0.0
0.0
0.0
0.0
0.0
0.0
0.0
0.0
0.0
0.0
0.0
0.0
0.0
0.0
0.0
0.0
0.0
0.0
0.0
0.0
0.0
0.0
0.0
0.0
0.0
0.0
0.0
0.0
0.0
0.0
0.0
0.0
0.0
0.0
0.0
0.0
0.0
0.0
0.0
0.0
0.0
0.0
0.0
0.0
0.0
0.0
0.0
0.0
0.0
0.0
0.0
0.0
0.0
0.0
0.0
0.0
0.0
0.0
0.0
0.0
0.0
0.0
0.0
0.0
0.0
0.0
0.0
0.0
0.0
0.0
0.0
0.0
0.0
0.0
0.0
0.0
0.0
0.0
0.0
0.0
0.0
0.0
0.0
0.0
0.0
0.0
0.0
0.0
0.0
0.0
0.0
0.0
0.0
0.0
0.0
0.0
0.0
0.0
0.0
0.0
0.0
0.0
0.0
0.0
0.0
0.0
0.0
0.0
0.0
0.0
0.0
0.0
0.0
0.0
0.0
0.0
0.0
0.0
0.0
0.0
0.0
0.0
0.0
0.0
0.0
0.0
0.0
0.0
0.0
0.0
0.0
0.0
0.0
0.0
0.0
0.0
0.0
0.0
0.0
0.0
0.0
0.0
0.0
0.0
0.0
0.0
0.0
0.0
0.0
0.0
0.0
0.0
0.0
0.0
0.0
0.0
0.0
0.0
0.0
0.0
0.0
0.0
0.0
0.0
0.0
0.0
0.0
0.0
0.0
0.0
0.0
0.0
0.0
0.0
0.0
0.0
0.0
0.0
0.0
0.0
0.0
0.0
0.0
0.0
0.0
0.0
0.0
0.0
0.0
0.0
0.0
0.0
0.0
0.0
0.0
0.0
0.0
0.0
0.0
0.0
0.0
0.0
0.0
0.0
0.0
0.0
0.0
0.0
0.0
0.0
0.0
0.0
0.0
0.0
0.0
0.0
0.0
0.0
0.0
0.0
0.0
0.0
0.0
0.0
0.0
0.0
0.0
0.0
0.0
0.0
0.0
0.0
0.0
0.0
0.0
0.0
0.0
0.0
0.0
0.0
0.0
0.0
0.0
0.0
0.0
0.0
0.0
0.0
0.0
0.0
0.0
0.0
0.0
0.0
0.0
0.0
0.0
0.0
0.0
0.0
0.0
0.0
0.0
0.0
0.0
0.0
0.0
0.0
0.0
0.0
0.0
0.0
0.0
0.0
0.0
0.0
0.0
0.0
0.0
0.0
0.0
0.0
0.0
0.0
0.0
0.0
0.0
0.0
0.0
0.0
0.0
0.0
0.0
0.0
0.0
0.0
0.0
0.0
0.0
0.0
0.0
0.0
0.0
0.0
0.0
0.0
0.0
0.0
0.0
0.0
0.0
0.0
0.0
0.0
0.0
0.0
0.0
0.0
0.0
0.0
0.0
0.0
0.0
0.0
0.0
0.0
0.0
0.0
0.0
0.0
0.0
0.0
0.0
0.0
0.0
0.0
0.0
0.0
0.0
0.0
0.0
0.0
0.0
0.0
0.0
0.0
0.0
0.0
0.0
0.0
0.0
0.0
0.0
0.0
0.0
0.0
0.0
0.0
0.0
0.0
0.0
0.0
0.0
0.0
0.0
0.0
0.0
0.0
0.0
0.0
0.0
0.0
0.0
0.0
0.0
0.0
0.0
0.0
0.0
0.0
0.0
0.0
0.0
0.0
0.0
0.0
0.0
0.0
0.0
0.0
0.0
0.0
0.0
0.0
0.0
0.0
0.0
0.0
0.0
0.0
0.0
0.0
0.0
0.0
0.0
0.0
0.0
0.0
0.0
0.0
0.0
0.0
0.0
0.0
0.0
0.0
0.0
0.0
0.0
0.0
0.0
0.0
0.0
0.0
0.0
0.0
0.0
0.0
0.0
0.0
0.0
0.0
0.0
0.0
0.0
0.0
0.0
0.0
0.0
0.0
0.0
0.0
0.0
0.0
0.0
0.0
0.0
0.0
0.0
0.0
0.0
0.0
0.0
0.0
0.0
0.0
0.0
0.0
0.0
0.0
0.0
0.0
0.0
0.0
0.0
0.0
0.0
0.0
0.0
0.0
0.0
0.0
0.0
0.0
0.0
0.0
0.0
0.0
0.0
0.0
0.0
0.0
0.0
0.0
0.0
0.0
0.0
0.0
0.0
0.0
0.0
0.0
0.0
0.0
0.0
0.0
0.0
0.0
0.0
0.0
0.0
0.0
0.0
0.0
0.0
0.0
0.0
0.0
0.0
0.0
0.0
0.0
0.0
0.0
0.0
0.0
0.0
0.0
0.0
0.0
0.0
0.0
0.0
0.0
0.0
0.0
0.0
0.0
0.0
0.0
0.0
0.0
0.0
0.0
0.0
0.0
0.0
0.0
0.0
0.0
0.0
0.0
0.0
0.0
0.0
0.0
0.0
0.0
0.0
0.0
0.0
0.0
0.0
0.0
0.0
0.0
0.0
0.0
0.0
0.0
0.0
0.0
0.0
0.0
0.0
0.0
0.0
0.0
0.0
0.0
0.0
0.0
0.0
0.0
0.0
0.0
0.0
0.0
0.0
0.0
0.0
0.0
0.0
0.0
0.0
0.0
0.0
0.0
0.0
0.0
0.0
0.0
0.0
0.0
0.0
0.0
0.0
0.0
0.0
0.0
0.0
0.0
0.0
0.0
0.0
0.0
0.0
0.0
0.0
0.0
0.0
0.0
0.0
0.0
0.0
0.0
0.0
0.0
0.0
0.0
0.0
0.0
0.0
0.0
0.0
0.0
0.0
0.0
0.0
0.0
0.0
0.0
0.0
0.0
0.0
0.0
0.0
0.0
0.0
0.0
0.0
0.0
0.0
0.0
0.0
0.0
0.0
0.0
0.0
0.0
0.0
0.0
0.0
0.0
0.0
0.0
0.0
0.0
0.0
0.0
0.0
0.0
0.0
0.0
0.0
0.0
0.0
0.0
0.0
0.0
0.0
0.0
0.0
0.0
0.0
0.0
0.0
0.0
0.0
0.0
0.0
0.0
0.0
0.0
0.0
0.0
0.0
0.0
0.0
0.0
0.0
0.0
0.0
0.0
0.0
0.0
0.0
0.0
0.0
0.0
0.0
0.0
0.0
0.0
0.0
0.0
0.0
0.0
0.0
0.0
0.0
0.0
0.0
0.0
0.0
0.0
0.0
0.0
0.0
0.0
0.0
0.0
0.0
0.0
0.0
0.0
0.0
0.0
0.0
0.0
0.0
0.0
0.0
0.0
0.0
0.0
0.0
0.0
0.0
0.0
0.0
0.0
0.0
0.0
0.0
0.0
0.0
0.0
0.0
0.0
0.0
0.0
0.0
0.0
0.0
0.0
0.0
0.0
0.0
0.0
0.0
0.0
0.0
0.0
0.0
0.0
0.0
0.0
0.0
0.0
0.0
0.0
0.0
0.0
0.0
0.0
0.0
0.0
0.0
0.0
0.0
0.0
0.0
0.0
0.0
0.0
0.0
0.0
0.0
0.0
0.0
0.0
0.0
0.0
0.0
0.0
0.0
0.0
0.0
0.0
0.0
0.0
0.0
0.0
0.0
0.0
0.0
0.0
0.0
0.0
0.0
0.0
0.0
0.0
0.0
0.0
0.0
0.0
0.0
0.0
0.0
0.0
0.0
0.0
0.0
0.0
0.0
0.0
0.0
0.0
0.0
0.0
0.0
0.0
0.0
0.0
0.0
0.0
0.0
0.0
0.0
0.0
0.0
0.0
0.0
0.0
0.0
0.0
0.0
0.0
0.0
0.0
0.0
0.0
0.0
0.0
0.0
0.0
0.0
0.0
0.0
0.0
0.0
0.0
0.0
0.0
0.0
0.0
0.0
0.0
0.0
0.0
0.0
0.0
0.0
0.0
0.0
0.0
0.0
0.0
0.0
0.0
0.0
0.0
0.0
0.0
0.0
0.0
0.0
0.0
0.0
0.0
0.0
0.0
0.0
0.0
0.0
0.0
0.0
0.0
0.0
0.0
0.0
0.0
0.0
0.0
0.0
0.0
0.0
0.0
0.0
0.0
0.0
0.0
0.0
0.0
0.0
0.0
0.0
0.0
0.0
0.0
0.0
0.0
0.0
0.0
0.0
0.0
0.0
0.0
0.0
0.0
0.0
0.0
0.0
0.0
0.0
0.0
0.0
0.0
0.0
0.0
0.0
0.0
0.0
0.0
0.0
0.0
0.0
0.0
0.0
0.0
0.0
0.0
0.0
0.0
0.0
0.0
0.0
0.0
0.0
0.0
0.0
0.0
0.0
0.0
0.0
0.0
0.0
0.0
0.0
0.0
0.0
0.0
0.0
0.0
0.0
0.0
0.0
0.0
0.0
0.0
0.0
0.0
0.0
0.0
0.0
0.0
0.0
0.0
0.0
0.0
0.0
0.0
0.0
0.0
0.0
0.0
0.0
0.0
0.0
0.0
0.0
0.0
0.0
0.0
0.0
0.0
0.0
0.0
0.0
0.0
0.0
0.0
0.0
0.0
0.0
0.0
0.0
0.0
0.0
0.0
0.0
0.0
0.0
0.0
0.0
0.0
0.0
0.0
0.0
0.0
0.0
0.0
0.0
0.0
0.0
0.0
0.0
0.0
0.0
0.0
0.0
0.0
0.0
0.0
0.0
0.0
0.0
0.0
0.0
0.0
0.0
0.0
0.0
0.0
0.0
0.0
0.0
0.0
0.0
0.0
0.0
0.0
0.0
0.0
0.0
0.0
0.0
0.0
0.0
0.0
0.0
0.0
0.0
0.0
0.0
0.0
0.0
0.0
0.0
0.0
0.0
0.0
0.0
0.0
0.0
0.0
0.0
0.0
0.0
0.0
0.0
0.0
0.0
0.0
0.0
0.0
0.0
0.0
0.0
0.0
0.0
0.0
0.0
0.0
0.0
0.0
0.0
0.0
0.0
0.0
0.0
0.0
0.0
0.0
0.0
0.0
0.0
0.0
0.0
0.0
0.0
0.0
0.0
0.0
0.0
0.0
0.0
0.0
0.0
0.0
0.0
0.0
0.0
0.0
0.0
0.0
0.0
0.0
0.0
0.0
0.0
0.0
0.0
0.0
0.0
0.0
0.0
0.0
0.0
0.0
0.0
0.0
0.0
0.0
0.0
0.0
0.0
0.0
0.0
0.0
0.0
0.0
0.0
0.0
0.0
0.0
0.0
0.0
0.0
0.0
0.0
0.0
0.0
0.0
0.0
0.0
0.0
0.0
0.0
0.0
0.0
0.0
0.0
0.0
0.0
0.0
0.0
0.0
0.0
0.0
0.0
0.0
0.0
0.0
0.0
0.0
0.0
0.0
0.0
0.0
0.0
0.0
0.0
0.0
0.0
0.0
0.0
0.0
0.0
0.0
0.0
0.0
0.0
0.0
0.0
0.0
0.0
0.0
0.0
0.0
0.0
0.0
0.0
0.0
0.0
0.0
0.0
0.0
0.0
0.0
0.0
0.0
0.0
0.0
0.0
0.0
0.0
0.0
0.0
0.0
0.0
0.0
0.0
0.0
0.0
0.0
0.0
0.0
0.0
0.0
0.0
0.0
0.0
0.0
0.0
0.0
0.0
0.0
0.0
0.0
0.0
0.0
0.0
0.0
0.0
0.0
0.0
0.0
0.0
0.0
0.0
0.0
0.0
0.0
0.0
0.0
0.0
0.0
0.0
0.0
0.0
0.0
0.0
0.0
0.0
0.0
0.0
0.0
0.0
0.0
0.0
0.0
0.0
0.0
0.0
0.0
0.0
0.0
0.0
0.0
0.0
0.0
0.0
0.0
0.0
0.0
0.0
0.0
0.0
0.0
0.0
0.0
0.0
0.0
0.0
0.0
0.0
0.0
0.0
0.0
0.0
0.0
0.0
0.0
0.0
0.0
0.0
0.0
0.0
0.0
0.0
0.0
0.0
0.0
0.0
0.0
0.0
0.0
0.0
0.0
0.0
0.0
0.0
0.0
0.0
0.0
0.0
0.0
0.0
0.0
0.0
0.0
0.0
0.0
0.0
0.0
0.0
0.0
0.0
0.0
0.0
0.0
0.0
0.0
0.0
0.0
0.0
0.0
0.0
0.0
0.0
0.0
0.0
0.0
0.0
0.0
0.0
0.0
0.0
0.0
0.0
0.0
0.0
0.0
0.0
0.0
0.0
0.0
0.0
0.0
0.0
0.0
0.0
0.0
0.0
0.0
0.0
0.0
0.0
0.0
0.0
0.0
0.0
0.0
0.0
0.0
0.0
0.0
0.0
0.0
0.0
0.0
0.0
0.0
0.0
0.0
0.0
0.0
0.0
0.0
0.0
0.0
0.0
0.0
0.0
0.0
0.0
0.0
0.0
0.0
0.0
0.0
0.0
0.0
0.0
0.0
0.0
0.0
0.0
0.0
0.0
0.0
0.0
0.0
0.0
0.0
0.0
0.0
0.0
0.0
0.0
0.0
0.0
0.0
0.0
0.0
0.0
0.0
0.0
0.0
0.0
0.0
0.0
0.0
0.0
0.0
0.0
0.0
0.0
0.0
0.0
0.0
0.0
0.0
0.0
0.0
0.0
0.0
0.0
0.0
0.0
0.0
0.0
0.0
0.0
0.0
0.0
0.0
0.0
0.0
0.0
0.0
0.0
0.0
0.0
0.0
0.0
0.0
0.0
0.0
0.0
0.0
0.0
0.0
0.0
0.0
0.0
0.0
0.0
0.0
0.0
0.0
0.0
0.0
0.0
0.0
0.0
0.0
0.0
0.0
0.0
0.0
0.0
0.0
0.0
0.0
0.0
0.0
0.0
0.0
0.0
0.0
0.0
0.0
0.0
0.0
0.0
0.0
0.0
0.0
0.0
0.0
0.0
0.0
0.0
0.0
0.0
0.0
0.0
0.0
0.0
0.0
0.0
0.0
0.0
0.0
0.0
0.0
0.0
0.0
0.0
0.0
0.0
0.0
0.0
0.0
0.0
0.0
0.0
0.0
0.0
0.0
0.0
0.0
0.0
0.0
0.0
0.0
0.0
0.0
0.0
0.0
0.0
0.0
0.0
0.0
0.0
0.0
0.0
0.0
0.0
0.0
0.0
0.0
0.0
0.0
0.0
0.0
0.0
0.0
0.0
0.0
0.0
0.0
0.0
0.0
0.0
0.0
0.0
0.0
0.0
0.0
0.0
0.0
0.0
0.0
0.0
0.0
0.0
0.0
0.0
0.0
0.0
0.0
0.0
0.0
0.0
0.0
0.0
0.0
0.0
0.0
0.0
0.0
0.0
0.0
0.0
0.0
0.0
0.0
0.0
0.0
0.0
0.0
0.0
0.0
0.0
0.0
0.0
0.0
0.0
0.0
0.0
0.0
0.0
0.0
0.0
0.0
0.0
0.0
0.0
0.0
0.0
0.0
0.0
0.0
0.0
0.0
0.0
0.0
0.0
0.0
0.0
0.0
0.0
0.0
0.0
0.0
0.0
0.0
0.0
0.0
0.0
0.0
0.0
0.0
0.0
0.0
0.0
0.0
0.0
0.0
0.0
0.0
0.0
0.0
0.0
0.0
0.0
0.0
0.0
0.0
0.0
0.0
0.0
0.0
0.0
0.0
0.0
0.0
0.0
0.0
0.0
0.0
0.0
0.0
0.0
0.0
0.0
0.0
0.0
0.0
0.0
0.0
0.0
0.0
0.0
0.0
0.0
0.0
0.0
0.0
0.0
0.0
0.0
0.0
0.0
0.0
0.0
0.0
0.0
0.0
0.0
0.0
0.0
0.0
0.0
0.0
0.0
0.0
0.0
0.0
0.0
0.0
0.0
0.0
0.0
0.0
0.0
0.0
0.0
0.0
0.0
0.0
0.0
0.0
0.0
0.0
0.0
0.0
0.0
0.0
0.0
0.0
0.0
0.0
0.0
0.0
0.0
0.0
0.0
0.0
0.0
0.0
0.0
0.0
0.0
0.0
0.0
0.0
0.0
0.0
0.0
0.0
0.0
0.0
0.0
0.0
0.0
0.0
0.0
0.0
0.0
0.0
0.0
0.0
0.0
0.0
0.0
0.0
0.0
0.0
0.0
0.0
0.0
0.0
0.0
0.0
0.0
0.0
0.0
0.0
0.0
0.0
0.0
0.0
0.0
0.0
0.0
0.0
0.0
0.0
0.0
0.0
0.0
0.0
0.0
0.0
0.0
0.0
0.0
0.0
0.0
0.0
0.0
0.0
0.0
0.0
0.0
0.0
0.0
0.0
0.0
0.0
0.0
0.0
0.0
0.0
0.0
0.0
0.0
0.0
0.0
0.0
0.0
0.0
0.0
0.0
0.0
0.0
0.0
0.0
0.0
0.0
0.0
0.0
0.0
0.0
0.0
0.0
0.0
0.0
0.0
0.0
0.0
0.0
0.0
0.0
0.0
0.0
0.0
0.0
0.0
0.0
0.0
0.0
0.0
0.0
0.0
0.0
0.0
0.0
0.0
0.0
0.0
0.0
0.0
0.0
0.0
0.0
0.0
0.0
0.0
0.0
0.0
0.0
0.0
0.0
0.0
0.0
0.0
0.0
0.0
0.0
0.0
0.0
0.0
0.0
0.0
0.0
0.0
0.0
0.0
0.0
0.0
0.0
0.0
0.0
0.0
0.0
0.0
0.0
0.0
0.0
0.0
0.0
0.0
0.0
0.0
0.0
0.0
0.0
0.0
0.0
0.0
0.0
0.0
0.0
0.0
0.0
0.0
0.0
0.0
0.0
0.0
0.0
0.0
0.0
0.0
0.0
0.0
0.0
0.0
0.0
0.0
0.0
0.0
0.0
0.0
0.0
0.0
0.0
0.0
0.0
0.0
0.0
0.0
0.0
0.0
0.0
0.0
0.0
0.0
0.0
0.0
0.0
0.0
0.0
0.0
0.0
0.0
0.0
0.0
0.0
0.0
0.0
0.0
0.0
0.0
0.0
0.0
0.0
0.0
0.0
0.0
0.0
0.0
0.0
0.0
0.0
0.0
0.0
0.0
0.0
0.0
0.0
0.0
0.0
0.0
0.0
0.0
0.0
0.0
0.0
0.0
0.0
0.0
0.0
0.0
0.0
0.0
0.0
0.0
0.0
0.0
0.0
0.0
0.0
0.0
0.0
0.0
0.0
0.0
0.0
0.0
0.0
0.0
0.0
0.0
0.0
0.0
0.0
0.0
0.0
0.0
0.0
0.0
0.0
0.0
0.0
0.0
0.0
0.0
0.0
0.0
0.0
0.0
0.0
0.0
0.0
0.0
0.0
0.0
0.0
0.0
0.0
0.0
0.0
0.0
0.0
0.0
0.0
0.0
0.0
0.0
0.0
0.0
0.0
0.0
0.0
0.0
0.0
0.0
0.0
0.0
0.0
0.0
0.0
0.0
0.0
0.0
0.0
0.0
0.0
0.0
0.0
0.0
0.0
0.0
0.0
0.0
0.0
0.0
0.0
0.0
0.0
0.0
0.0
0.0
0.0
0.0
0.0
0.0
0.0
0.0
0.0
0.0
0.0
0.0
0.0
0.0
0.0
0.0
0.0
0.0
0.0
0.0
0.0
0.0
0.0
0.0
0.0
0.0
0.0
0.0
0.0
0.0
0.0
0.0
0.0
0.0
0.0
0.0
0.0
0.0
0.0
0.0
0.0
0.0
0.0
0.0
0.0
0.0
0.0
0.0
0.0
2.0826438850687567e-5
0.0
0.0
0.0
0.0
0.0
0.0
0.0
0.0
0.0
0.0
0.0
0.0
0.0
0.0
0.0
0.0
0.0
0.0
0.0
0.0
0.0
0.0
0.0
0.0
0.0
0.0
0.0
0.0
0.0
0.0
0.0
0.0
0.0
0.0
0.0
0.0
0.0
0.0
0.0
0.0
0.0
0.0
0.0
0.0
0.0
0.0
0.0
0.0
0.0
0.0
0.0
0.0
0.0
0.0
0.0
0.0
0.0
0.0
0.0
0.0
0.0
0.0
0.0
0.0
0.0
0.0
0.0
0.0
0.0
0.0
0.0
0.0
0.0
0.0
0.0
0.0
0.0
0.0
0.0
0.0
0.0
0.0
0.0
0.0
0.0
0.0
0.0
0.0
0.0
0.0
0.0
0.0
0.0
0.0
1.0632482515503216e-5
0.00012951738884228536
0.0
0.0
0.0
0.0
0.0
0.0
0.0
0.0
0.0
0.0
0.0
0.0
0.0
0.0
0.0
0.0
0.0
0.0
0.0
0.0
0.0
0.0
7.356220697759504e-5
4.550395111380561e-5
6.176787742823342e-6
0.0
0.0
0.0
0.0
0.0
0.0
0.0
0.0
0.0
0.0
0.0
0.0
0.0
0.0
0.0
0.0
0.0
0.0
0.0
0.0
0.0
2.900288462705121e-5
0.00012064017033589788
5.126442576277619e-6
0.0
0.0
0.0
0.0
0.0
0.0
0.0
0.0
0.0
0.0
0.0
0.0
0.0
0.0
0.0
0.0
0.0
0.0
0.0
0.0
0.0
4.278962946162365e-5
0.00014489484133503494
4.861883503806118e-7
0.0
0.0
0.0
0.0
0.0
0.0
0.0
0.0
0.0
0.0
0.0
0.0
0.0
0.0
0.0
0.0
0.0
0.0
0.0
0.0
0.0
0.0
0.0
0.0
0.0
0.0
0.0
0.0
0.0
0.0
0.0
0.0
0.0
0.0
0.0
0.0
0.0
0.0
0.0
0.0
0.0
0.0
0.0
0.0
0.0
1.0476564634340972e-5
6.614166263346409e-6
1.444668782068112e-6
0.0
0.0
0.0
0.0
0.0
0.0
0.0
0.0
0.0
0.0
0.0
0.0
0.0
0.0
0.0
0.0
0.0
0.0
0.0
0.0
0.0
8.541332288084569e-6
5.99843943809181e-5
1.4080265012319939e-6
0.0
0.0
0.0
0.0
0.0
0.0
0.0
0.0
0.0
0.0
0.0
0.0
0.0
0.0
0.0
0.0
0.0
0.0
0.0
0.0
0.0
8.544674512519321e-6
7.848288641559686e-5
1.451133999022098e-6
0.0
0.0
0.0
0.0
0.0
0.0
0.0
0.0
0.0
0.0
0.0
0.0
0.0
0.0
0.0
0.0
0.0
0.0
0.0
0.0
0.0
8.62348125674001e-6
7.532638247565091e-5
1.3234703883911853e-6
0.0
0.0
0.0
0.0
0.0
0.0
0.0
0.0
0.0
0.0
0.0
0.0
0.0
0.0
0.0
0.0
0.0
0.0
0.0
0.0
0.0
0.0
1.6491859726599392e-5
0.0
0.0
0.0
0.0
0.0
0.0
0.0
0.0
0.0
0.0
0.0
0.0
0.0
0.0
0.0
0.0
0.0
0.0
0.0
0.0
0.0
0.0
1.3829538456771174e-5
0.00014042851114039754
0.0
0.0
0.0
0.0
0.0
0.0
0.0
0.0
0.0
0.0
0.0
0.0
0.0
0.0
0.0
0.0
0.0
0.0
0.0
0.0
0.0
0.0
0.0
0.0
0.0
0.0
0.0
0.0
0.0
0.0
0.0
0.0
0.0
0.0
0.0
0.0
0.0
0.0
0.0
0.0
0.0
0.0
0.0
0.0
0.0
0.0
1.0862987273597785e-5
9.875536992700973e-5
1.1496544574867717e-6
0.0
0.0
0.0
0.0
0.0
0.0
0.0
0.0
0.0
0.0
0.0
0.0
0.0
0.0
0.0
0.0
0.0
0.0
0.0
0.0
0.0
8.036583459784116e-6
0.00010285120980256139
1.5227373373704972e-6
0.0
0.0
0.0
0.0
0.0
0.0
0.0
0.0
0.0
1.1689908359871903e-6
0.0
0.0
0.0
0.0
0.0
0.0
0.0
0.0
0.0
0.0
0.0
8.248266979058748e-5
0.00010014417068432763
6.5590345539699515e-6
0.0
0.0
0.0
0.0
0.0
0.0
0.0
0.0
0.0
0.0
0.0
0.0
0.0
0.0
0.0
0.0
0.0
0.0
0.0
0.0
0.0
0.00027648628613578
0.0003265762796556088
9.737526201083898e-6
0.0
0.0
0.0
0.0
0.0
0.0
0.0
0.0
0.0
7.013696315248925e-7
0.0
0.0
0.0
0.0
0.0
0.0
0.0
0.0
0.0
0.0
0.0
0.000491834176482865
0.0005799982065123132
2.4020957746537985e-5
0.0
0.0
0.0
0.0
0.0
0.0
0.0
0.0
0.0
0.0
3.908410126955904e-6
2.886984037056748e-6
0.0
0.0
0.0
0.0
0.0
0.0
0.0
0.0
0.0
0.0004943825771729974
0.0005765584870330872
0.0001866255065486539
5.624676648000054e-5
0.0
0.0
0.0
0.0
0.0
0.0
0.0
0.0
0.0
0.0
0.0
0.0
0.0
0.0
0.0
0.0
0.0
0.0
0.0
0.0
0.0
0.0
0.0
0.0
0.0
0.0
0.0
0.0
0.0
0.0
0.0
0.0
0.0
0.0
0.0
0.0
0.0
0.0
0.0
0.0
0.0
0.0
0.0
0.0
0.00046301799754423296
0.00039093207067029435
6.783305132137293e-6
0.0
0.0
0.0
0.0
0.0
0.0
0.0
0.0
0.0
0.0
0.0
0.0
0.0
0.0
0.0
0.0
0.0
0.0
0.0
0.0
0.0
5.3625971049089176e-5
0.00015995809610347322
5.581240842192489e-6
0.0
0.0
0.0
0.0
0.0
0.0
0.0
0.0
0.0
0.0
0.0
0.0
0.0
0.0
0.0
0.0
0.0
0.0
0.0
0.0
0.0
1.8276405090491834e-5
1.036147941028752e-5
3.004762312744449e-6
0.0
0.0
0.0
0.0
0.0
0.0
0.0
0.0
0.0
3.743382611711575e-6
0.0
0.0
0.0
0.0
0.0
0.0
0.0
0.0
0.0
0.0
0.0
9.218276330848569e-5
0.00015849288455282892
6.937691440088655e-6
0.0
0.0
0.0
0.0
0.0
0.0
0.0
0.0
0.0
0.0
0.0
0.0
0.0
0.0
0.0
0.0
0.0
0.0
0.0
0.0
0.0
4.780815407633531e-5
0.0002602821882962198
8.238265555081132e-6
0.0
0.0
0.0
0.0
0.0
0.0
0.0
0.0
0.0
0.0
0.0
0.0
0.0
0.0
0.0
0.0
0.0
0.0
0.0
0.0
0.0
0.00017758861357568238
0.0003212119484783839
3.522826005719488e-5
0.0
0.0
0.0
0.0
0.0
0.0
0.0
0.0
0.0
0.0
0.0
0.0
0.0
0.0
0.0
0.0
0.0
0.0
0.0
0.0
0.0
0.0
0.0
0.0
0.0
0.0
0.0
0.0
0.0
0.0
0.0
0.0
0.0
0.0
0.0
0.0
0.0
0.0
0.0
0.0
0.0
0.0
0.0
0.0
0.0
0.0
0.0005673965772001354
0.0001679117743166802
3.138764841763097e-6
0.0
0.0
0.0
0.0
0.0
0.0
0.0
0.0
6.084189786709638e-6
1.553454958423741e-5
0.0
0.0
0.0
0.0
0.0
0.0
0.0
0.0
0.0
0.0
0.0
0.000717951431148422
0.0005757301577713398
3.550243997778927e-5
0.0
0.0
0.0
0.0
0.0
0.0
0.0
0.0
1.8663155886913127e-5
2.052543263584887e-5
8.828344465489149e-5
0.0002471121845728794
0.0003647662315950555
0.0
0.0
0.0
0.0
0.0
0.0
0.0
0.0
0.0018174523770585287
0.001124356482480377
0.00010232478849541514
4.7674552989353417e-7
0.0
0.0
0.0
0.0
0.0
0.0
0.0
1.041185856330026e-5
2.0732260420267464e-5
6.95527863723425e-5
0.00017000482533616076
0.0003163299569440113
0.0
0.0
0.0
0.0
0.0
0.0
0.0
0.0
0.0023377066595728527
0.0016819981922863985
0.0002706730313280911
5.3711107623918405e-5
0.0
0.0
0.0
0.0
0.0
0.0
0.0
8.154274453915993e-6
7.307099836655889e-5
0.00015087728409066622
0.00020022412706349133
0.00028941091156104223
0.0
0.0
0.0
0.0
0.0
0.0
0.0
0.0
0.0020769013666577267
0.001364526954847083
0.0001923279491591787
1.573707165365703e-5
0.0
0.0
0.0
0.0
0.0
0.0
0.0
4.790478849713569e-6
1.9263559145595932e-5
2.7957837773274826e-5
0.0001282746929055911
0.00019941977120894463
0.0
0.0
0.0
0.0
0.0
0.0
0.0
0.0
0.0
0.0
0.0
0.0
0.0
0.0
0.0
0.0
0.0
0.0
0.0
0.0
0.0
0.0
0.0
0.0
0.0
0.0
0.0
0.0
0.0
0.0
0.0
0.0
0.0
0.0
0.0
0.0
0.0
0.0
0.0
0.0
0.0
0.0
0.0
0.0
0.0
0.0
0.0
0.0
0.0
0.0
0.0
0.0
0.0
0.0
0.0
0.0
0.0016662271482943464
0.0009882603371639833
6.448333582439062e-5
0.0
0.0
0.0
0.0
0.0
0.0
0.0
0.0
2.0778703744842173e-6
7.366557307166668e-6
0.0
0.0
3.851407940536707e-5
0.0
0.0
0.0
0.0
0.0
0.0
0.0
0.0
0.001003283919478163
0.0005435692471225046
2.3760503884187257e-5
0.0
0.0
0.0
0.0
0.0
0.0
0.0
0.0
0.0
3.6634027511310664e-6
0.0
0.0
0.0
0.0
0.0
0.0
0.0
0.0
0.0
0.0
0.0
0.0005233942259625062
0.0002857894008867253
6.616665115757013e-6
0.0
0.0
0.0
0.0
0.0
0.0
0.0
0.0
0.0
2.464917307670237e-6
0.0
0.0
0.0
0.0
0.0
0.0
0.0
0.0
0.0
0.0
0.0
0.0005764954700554444
0.0003109838100301348
5.73781552239163e-6
0.0
0.0
0.0
0.0
0.0
0.0
0.0
0.0
0.0
2.2800172656181926e-6
0.0
0.0
0.0
0.0
0.0
0.0
0.0
0.0
0.0
0.0
0.0
0.00026000480473314626
0.0002796542825503418
5.9625651651094375e-6
0.0
0.0
0.0
0.0
0.0
0.0
0.0
0.0
0.0
6.098559814067893e-6
0.0
0.0
0.0
0.0
0.0
0.0
0.0
0.0
0.0
0.0
0.0
0.00021307811857320104
0.00037808278631762035
7.704020141896506e-5
5.0179016660942627e-5
2.226799532359503e-5
0.0
0.0
0.0
1.738926272302823e-5
2.0949367425662838e-5
4.024265147831067e-5
0.0001406625212568232
0.0
0.0
0.0
0.0
0.0
0.0
0.0
0.0
0.0
0.0
0.0
0.0
0.0
0.0
0.0
0.0
0.0
0.0
0.0
0.0
0.0
0.0
0.0
0.0
0.0
0.0
0.0
0.0
0.0
0.0
0.0
0.0
0.0
0.0
0.0
0.0
0.0012356144417921993
0.0007095995355416465
3.17605057634068e-5
0.0
0.0
0.0
0.0
0.0
0.0
0.0
0.0
3.873908260474126e-6
4.3522611691793904e-6
0.0
0.0
3.3433624186930634e-6
0.0
0.0
0.0
0.0
0.0
0.0
0.0
0.0
0.0005804246980573522
0.0004319092816826961
8.490496891362334e-6
0.0
0.0
0.0
0.0
0.0
0.0
0.0
0.0
4.803555774724714e-6
4.597095293077006e-6
0.0
0.0
0.0
0.0
0.0
0.0
0.0
0.0
0.0
0.0
0.0
0.00041574148139474206
0.0003913005052342128
4.959249028380748e-6
0.0
0.0
0.0
0.0
0.0
0.0
0.0
0.0
4.297495634391369e-6
1.3906242805050681e-5
0.0
0.0
0.0
0.0
0.0
0.0
0.0
0.0
0.0
0.0
0.0
0.0
0.0
0.0
0.0
0.0
0.0
0.0
0.0
0.0
0.0
0.0
0.0
0.0
0.0
0.0
0.0
0.0
0.0
0.0
0.0
0.0
0.0
0.0
0.0
0.00256229608356631
0.0016660408488208538
0.0002925514862671208
6.26232139237191e-5
1.3087929518411001e-6
0.0
0.0
0.0
0.0
0.0
0.0
9.18902391016801e-6
4.5277034900805126e-5
0.0001150533186976435
0.00020051907075425607
0.0002844724021416251
0.0
0.0
0.0
0.0
0.0
0.0
0.0
0.0
0.0017818819788568581
0.0015390805795752643
0.0006547564089051159
0.00025131552579363433
0.00012514612436562042
8.49341089117388e-5
0.00013500651129246056
0.00011814734605983505
8.122554632434661e-5
8.914666858499114e-5
0.00013074030122674332
0.00027146059284402507
0.0
0.0
0.0
0.0
0.0
0.0
0.0
0.0
0.0
0.0
0.0
0.0
0.0
0.0
0.0
0.0
0.0
0.0
0.0
0.0
0.0
0.0
0.0
0.0
0.0
0.0
0.0
0.0
0.0
0.0
0.0
0.0
8.735439773334124e-6
4.3378803095879725e-5
7.702422223050421e-5
0.00014306455701622637
0.003303057385461698
0.002620218284226295
0.0006647672515492826
0.00021672793960370355
7.476595109213507e-5
2.988029282266576e-6
0.0
0.0
0.0
0.0
0.0
3.9641704278403997e-5
0.00020250719709635168
0.00033321492951093423
0.0005268286319546369
0.000691990268852379
0.0
0.0
0.0
0.0
0.0
0.0
0.0
0.0
0.0028950151321784677
0.0022297290349113943
0.0004183702176276004
7.915569678994907e-5
0.0
0.0
0.0
0.0
0.0
0.0
0.0
2.1313440612305624e-5
9.206637326056129e-5
0.00014909259125191134
0.00028346261687516234
0.00039695174201244843
0.0
0.0
0.0
0.0
0.0
0.0
0.0
0.0
0.0016239322920452702
0.000828288178793015
3.211329856977759e-5
0.0
0.0
0.0
0.0
0.0
0.0
0.0
0.0
1.3035008754823326e-5
2.4934019331750195e-5
0.0
2.7949846937598564e-5
7.693604579501814e-5
0.0
0.0
0.0
0.0
0.0
0.0
0.0
0.0
0.0009898825482858463
0.0007411429094855793
7.59169449860908e-5
0.0
0.0
0.0
0.0
0.0
0.0
0.0
0.0
1.442363487879639e-5
3.794867637255456e-5
0.00011076536107281039
0.0002196485234801171
0.0003341763029401374
0.0
0.0
0.0
0.0
0.0
0.0
0.0
0.0
0.002431051729660674
0.0019285562640393838
0.00036232735649927803
0.00011027755056116358
3.01300414799542e-5
0.0
0.0
0.0
0.0
0.0
0.0
3.7172217843680116e-5
0.00020290660731658205
0.00030432392427932566
0.0005014495549239981
0.0006049854891725117
0.0
0.0
0.0
0.0
0.0
0.0
1.0945867018602313e-5
1.9017475716175397e-5
0.0027902334268181677
0.002423218174785156
0.0017006696944383926
0.0013317610401610831
0.0009702154486148878
0.0007682551893255617
0.0009622459425607998
0.0009146374597392143
0.0008189916299551188
0.0008477424679393965
0.001092958421007973
0.001576383963951507
0.0
0.0
0.0
0.0
0.0
1.552055935522279e-5
9.96422757965687e-5
0.00021430265685602339
0.00037777463220882765
0.0005260697074286852
0.0006273496482209875
0.0005719309012347955
0.0005477879679282198
0.0004294332735076431
0.00017510946464158593
2.5518868327613797e-5
0.0
0.0
0.0
0.0
0.0
0.0
0.0
0.0
0.0
0.0
1.3576944445196073e-5
3.3707857736995905e-5
5.851424311234885e-5
5.775860203752161e-5
0.00010645952494630834
0.00011205702462871058
0.00014976547789357346
0.00019842558814687271
0.00030056985063382915
0.0003627283187741026
0.00424653925555758
0.0032502840814038684
0.000968013900719456
0.00040398165132838514
0.00012885881893978462
3.1427516718625653e-6
0.0
0.0
0.0
0.0
0.0
1.7837449266047947e-5
0.00014538511757573473
0.00019995626529105507
0.0003022735920045597
0.0003768489908056657
0.0
0.0
0.0
0.0
0.0
0.0
0.0
0.0
0.001998143005686423
0.0014187078759748352
0.00018718969120377202
1.7468971642259274e-6
0.0
0.0
0.0
0.0
0.0
0.0
0.0
3.809696343733279e-6
7.674498292847681e-6
0.0
0.0
0.0
0.0
0.0
0.0
0.0
0.0
0.0
0.0
0.0
0.0011574348888671346
0.0008745008674615102
7.879619841034556e-5
0.0
0.0
0.0
0.0
0.0
0.0
0.0
0.0
7.2654168979618615e-6
1.663233326977786e-5
3.102617608968926e-6
4.463558895315138e-5
7.413129999300219e-5
0.0
0.0
0.0
0.0
0.0
0.0
0.0
0.0
0.0013259139222721252
0.0010169948320826283
8.152055381850285e-5
0.0
0.0
0.0
0.0
0.0
0.0
0.0
0.0
6.9879449943940524e-6
1.2108717610565619e-5
0.0
7.32163237471459e-5
0.00013791492499342812
0.0
0.0
0.0
0.0
0.0
0.0
0.0
0.0
0.001543190964200547
0.0011417026056827423
0.0001561439679855611
3.3429854984264503e-6
0.0
0.0
0.0
0.0
0.0
0.0
0.0
6.961905964757336e-6
1.5923367763870524e-5
1.9792620973412003e-5
8.236783417133694e-5
0.00015998385170261752
0.0
0.0
0.0
0.0
0.0
0.0
0.0
0.0
0.0017533171119317168
0.0014725598911138062
0.0005776251269082299
0.00031945259493400854
0.00017914430590290718
9.658514291864419e-5
0.00011009430727012523
7.972245390878601e-5
4.19419696269899e-5
2.3442132498113518e-5
3.689648540356762e-5
0.00015085826143096897
0.0
0.0
0.0
0.0
0.0
0.0
0.0
0.0
0.0
0.0
0.0
0.0
5.6687074575287085e-6
0.0
0.0
0.0
0.0
0.0
0.0
0.0
0.0
0.0
0.0
0.0
0.0
0.0
0.0
0.0
0.0
0.0
0.0
0.0
0.0
0.0
0.0
0.0
0.0031004085248542935
0.002345699082914901
0.000647498932378799
0.0003918031689775698
0.00029276322771393975
0.00018802331639431702
0.00017702923247512724
7.431204456517194e-5
4.8488332258610396e-5
3.6977817832245355e-5
5.502690088059853e-5
0.0003501915221159266
0.0006082184782441542
0.0007469492337611473
0.001067295135973826
0.0012355166049791745
0.0
0.0
0.0
0.0
0.0
9.677990143589543e-5
0.00016887970534965364
0.00036109762190008476
0.003656779913586184
0.003196677383380963
0.0012933312074018292
0.0007943619366176971
0.0006209617026147538
0.0004599104256617577
0.0004075851632637892
0.00016362731900344262
0.00010718087520984321
6.951057924179998e-5
9.133295312644712e-5
0.0005084601687094538
0.0008322917753356599
0.0011238487469609128
0.0014276015449739608
0.001602887098963674
0.0
0.0
0.0
3.920454072090442e-5
0.00016774292650511272
0.00033102785128496354
0.00045052624974052267
0.000644053233680966
0.003999339131264743
0.0033529059648030033
0.0011886623529301632
0.0006331746208924824
0.00041092580458307494
0.00022522526950197167
0.00017689687199316082
4.9088343813929145e-5
2.017126992120176e-6
0.0
1.9944839944450797e-6
0.0002818145181948924
0.0006300106003194933
0.0007737587996464754
0.0009881463763930967
0.0013968998020624113
0.0
0.0
0.0
0.0
3.312192736267372e-5
0.00013210648986426005
0.00028112734053326553
0.00040542203900724173
0.0036416311247824094
0.003101136789624911
0.000972371494800154
0.0004641105568794783
0.00029086385728061334
0.00016153880010208102
0.0001386422336034528
1.6540724325584992e-5
0.0
0.0
8.457631952328865e-7
0.00021446236075130354
0.0005671807679161558
0.0006784449161569573
0.0008968633325052106
0.001220911843459651
0.0
0.0
0.0
0.0
5.6540640697327065e-5
0.00017396069471623524
0.00036131019887457295
0.0003698364000053522
0.0036879446242933348
0.003052912969584331
0.0009661154139878324
0.0005058304174586102
0.000307068155532067
0.00013076816243672837
9.996454222636988e-5
2.5987410670047936e-6
0.0
0.0
1.1550708797312483e-6
0.0001669662068670409
0.0004585470301784505
0.0005713118198942978
0.0007415211379690187
0.0010151861083147005
0.0
0.0
0.0
0.0
9.020730797372963e-6
4.7998166091126004e-5
0.00012569919471723247
0.0001483491105594514
0.003376793750325216
0.002980185952117954
0.001654611896169156
0.0009670856340787625
0.0007753290510668294
0.0006288563638283675
0.0005820552347799111
0.00038454221452343404
0.00029253693934115
0.000246716341061156
0.0003125417585738804
0.000690176908210066
0.0
0.0
0.0
0.0
0.0
0.0
0.0
2.7615620552161515e-5
3.88300786604794e-5
0.00011355722966877412
0.0002481813620424456
0.0003074624061352417
0.0003870736122032413
0.00024674914723182525
7.17495171117131e-5
0.0
0.0
0.0
0.0
0.0
0.0
0.0
0.0
0.0
0.0
0.0
0.0
0.0
8.068906475561454e-6
1.7390550146873496e-5
6.507800450348594e-5
9.498301463143771e-5
0.00016448589300171898
0.00020471092959023368
0.00030690689518025324
0.0003032787397041975
0.0038420042237634236
0.0030213364134253993
0.0009650099950048325
0.0004277931721126327
0.00018346616667160408
5.856931627098508e-5
2.690990748101684e-5
0.0
0.0
0.0
0.0
7.024811157868879e-5
0.00027453825681252676
0.0004302089425659943
0.0005619008458561766
0.0006639728958624298
0.0
0.0
0.0
0.0
0.0
0.0
3.478032167474625e-5
6.553573775014156e-5
0.0030745986290237897
0.0025559205064206356
0.0007206428520866871
0.00028573304626911905
0.00013110671020609034
4.785111568940175e-5
5.064033956554221e-5
0.0
0.0
0.0
6.990668884828813e-7
8.493659665048888e-5
0.00027247422421849775
0.00038617651989965323
0.0005377348523222592
0.0006435448126459925
0.0
0.0
0.0
0.0
0.0
0.0
0.0
0.0
0.0029297583846960343
0.0023879921066712207
0.000558391042555445
0.00021105424358650642
8.176559544240555e-5
8.62294506095112e-6
0.0
0.0
0.0
0.0
0.0
2.8908239902650952e-5
0.0001845591329636754
0.00024267065079973347
0.0003176406462261283
0.00036567320402693327
0.0
0.0
0.0
0.0
0.0
0.0
0.0
0.0
0.0012147082871819636
0.0011597932788531661
0.00016473488405555788
3.3908149952071256e-5
0.0
0.0
0.0
0.0
0.0
0.0
0.0
2.1308840278963716e-5
0.00010893860671373368
0.00017896900727169522
0.00027661703486494014
0.0003469508993888965
0.0
0.0
0.0
0.0
0.0
0.0
0.0
0.0
0.0022786818180976992
0.002097236417110302
0.0005787988545935707
0.0002293893557108125
6.265716717055624e-5
3.467330710985247e-6
2.396571110202877e-6
0.0
0.0
0.0
0.0
0.0001514913258535123
0.00034035448352088995
0.0004423081309026257
0.0006564614669997919
0.0009783732933779984
0.0
0.0
0.0
0.0
2.079687930817774e-5
9.911629908530347e-5
0.00020616582250028648
0.0004637358545968111
0.003768201817443664
0.0034807216149591517
0.00219855741266476
0.0014604869317579165
0.0012463767820497028
0.0011142604370839098
0.0012495882481105998
0.0012172844856249093
0.0012048344264626303
0.0012219928806442844
0.0012954734092403314
0.0014630227030860237
0.0
0.0
0.0
0.0
0.0
0.0
2.460649191663673e-5
8.791186033021082e-5
0.00016738947243346764
0.0001972734999505621
0.00025201753878245365
0.0004164565255091133
0.0004912287660823943
0.0004734661338454661
0.00032514819440822084
0.00015141520890200687
6.223890329542619e-5
2.0718089236920842e-5
5.784157206679817e-6
0.0
0.0
0.0
7.553823164633559e-6
1.4438420196989569e-5
3.3389097006799805e-5
4.6898951913763265e-5
8.39005219137126e-5
6.686549173295022e-5
0.00012910747114320848
0.0002192526193304417
0.00025084987345796886
0.00021412403288107246
0.0003500939678183842
0.00043959296629882957
0.0005948840808289557
0.0006578989203161575
0.0006720804318986122
0.0005723726101360162
0.00026628190915865965
6.271964894160993e-5
9.818884353904219e-6
0.0
0.0
0.0
0.0
0.0
0.0
0.0
0.0
0.0
0.0
0.0
0.0
7.993851316357233e-6
0.0
0.0
0.0
2.1018296771785458e-5
5.4182129188091754e-5
1.9488625426245746e-5
0.0036259090862464584
0.003033059448768296
0.0014400605465030541
0.0009257585926811349
0.0006307586307872898
0.00033189729283083857
0.0003782240690361835
0.00012118012829918892
5.0504604428223336e-5
2.5400163368994393e-5
2.4588671748084023e-5
0.00048436171096655976
0.0008217462479054028
0.0009033758010639301
0.0010111966123215854
0.001064890873327678
0.0
0.0
0.0
0.0
0.0
0.0
0.0
0.0
0.0027881430377849938
0.00203247334540555
0.0004584182501054093
0.00023068687265909648
0.00010988159319253527
2.3985946387223178e-5
3.057090180101352e-5
0.0
0.0
0.0
1.8729812496877162e-6
0.00012362589519991247
0.00046144118080434967
0.0006566367359055478
0.0008008206743125423
0.0010783307248894913
0.0
0.0
0.0
0.0
0.0
5.060921706250966e-5
0.00015184701986934032
0.00032312116951238395
0.0035519864169634477
0.0031428782137719836
0.0011184196960963109
0.0006285950093094283
0.00048085228979373755
0.00031223913191611455
0.00022953746885446988
8.41445381824913e-5
4.146040572456668e-5
2.7365237644647175e-5
5.625085513981829e-5
0.00039835944014730016
0.0007389957601639331
0.0009255411007681787
0.0012198993563421266
0.0013668442198377685
0.0
0.0
0.0
0.0
1.2988810900196066e-5
1.823671779823514e-5
2.0442389578892e-5
0.00010852748214135684
0.0033199214948141874
0.0030438316102966967
0.0013658166657224422
0.0008102510589250892
0.0004570626669764461
0.00028351101342928396
0.0002853472948217572
0.00010573032978375386
5.648782063923205e-5
3.086259907629676e-5
5.2590444625800204e-5
0.00042537767853631427
0.0007849460477400278
0.0010803583996401819
0.0013698491038710622
0.001622875762287387
0.0
0.0
0.0
5.858863133816352e-5
0.00016267507391062893
0.00036910545682770956
0.0004566218993483606
0.0006412580867282571
0.004024279196942204
0.003842502886836291
0.0027742827985359326
0.0021237058530505382
0.00180785174274036
0.0016057956903249378
0.0017572804519965007
0.0014503220093637836
0.0012326948544851936
0.0012940880199860613
0.0015271031477453055
0.0018128192344299735
0.0
0.0
0.0
1.0837545151891907e-5
5.313935440276405e-5
0.00011748585356632188
0.00012684179208486174
0.0002852789347304831
0.00032279606239731944
0.0004848714896288933
0.0005112385254781894
0.0007033056519617383
0.0006166567671052722
0.0006314203110309381
0.000389139426791374
0.00023023470549172266
6.911342998624973e-5
2.6973463785266038e-5
0.0
0.0
0.0
0.0
0.0
0.0
6.834476416620982e-6
3.934291970755067e-5
7.917819683340513e-5
0.0001485372638429586
0.00019713894967684606
0.000291521847709831
