2.0816044882951866e-5
2.6881302822219034e-5
6.316555362535489e-5
0.00014851053440313077
0.000337492093460606
0.00039452891463283594
0.0004139413898899404
0.00019978986649051364
6.779289907837675e-5
2.3055890951481745e-5
0.0
0.0
0.0
0.0
0.0
0.0
0.0
0.0
0.0
0.0
0.0
0.0
9.537000705039863e-6
1.906739202974278e-5
1.592838695933124e-5
2.6724177893713154e-5
2.47753352610867e-5
3.563210874453745e-5
3.174800135313782e-5
4.204906674066252e-5
0.0033910713242707624
0.0024462523878335707
0.0008496653048438303
0.0005487467362472821
0.0003929839383896077
0.0003580642387564371
0.0003754615279202069
0.0002765611116194941
0.0002510949037675839
0.0002940657609790861
0.0003675722878293667
0.0005055464019635745
0.0007313785502149329
0.0008228984019524731
0.0009730288805869698
0.0010597473370500554
0.0
0.0
0.0
0.0
0.0
0.0
0.0
0.0
0.002156862094676069
0.0016609456736028502
0.0008415884823766731
0.0006243073516777996
0.00042547647630463526
0.000354628860368291
0.0003489935959321319
0.00023623713414965008
0.00022094662109280278
0.00026122060267852004
0.000331568644971834
0.0004597487773686436
0.0006647251589791284
0.0007506431831255329
0.0008960456959558124
0.0009401627406177256
0.0
0.0
0.0
0.0
0.0
0.0
0.0
0.0
0.0017050269733503835
0.0012891453071140007
0.0006279076383323926
0.00025674364994704056
0.00017374834875600697
0.00016165078503313127
0.00016362272823674712
8.698184554047542e-5
7.097358850017878e-5
0.00016361225664281948
0.00023416016163505638
0.00029886214763643503
0.0004062023297905935
0.0004824097494175629
0.0006593768777599032
0.0007127336841076093
0.0
0.0
0.0
0.0
0.0
0.0
0.0
0.0
0.0015885229325435651
0.0013080770581561565
0.001094033741790661
0.0011359729363307838
0.001090490727925806
0.001031756902594338
0.0011156582287150762
0.001030122719548485
0.0010080362215942895
0.0007686506969535273
0.000606413597302471
0.0007981548558291748
0.0009864417302113077
0.0010398114250346248
0.0011814293144834002
0.0012323363822451727
0.0
0.0
0.0
0.0
0.0
1.5620066815122214e-5
3.181190004006621e-5
4.403556468502128e-5
0.002571998568077028
0.0017551425328363095
0.0008170960652235909
0.0004222435258302674
0.0003359966796722359
0.00031167215551942707
0.00028145438798376116
0.0001231694100260425
0.00010175743663107932
0.00011552589033475989
0.00020492643844248536
0.0004292427316583521
0.0005774100425368897
0.0006207042809486709
0.0008076006673711987
0.0009091286934264944
0.0
0.0
0.0
0.0
0.0
0.0
0.0
2.40705200801107e-5
0.0021340692383168968
0.0014095339161395734
0.0007127592849050643
0.0005084490183639808
0.0004674011289937909
0.0004996550789167824
0.00045472108918007446
0.00035851645667679867
0.0004284219037905265
0.00046327726095277865
0.000655149642363453
0.0011850400448463244
0.0
0.0
0.0
0.0
0.0
0.0
0.0
0.0
0.0
9.168055356903568e-6
2.0350959969938722e-5
2.6965412547346237e-5
3.8811488485832884e-5
2.919102247294623e-5
2.140016630847695e-5
0.0
0.0
0.0
0.0
0.0
0.0
0.0
0.0
0.0
0.0
0.0
0.0
0.0
0.0
7.75959266692141e-6
1.830337077468661e-5
2.2529448249375515e-5
3.0749765874075496e-5
3.0399768756133758e-5
4.286105709100399e-5
5.500821729696554e-5
0.00297400364982243
0.001838004226075231
0.0006326026518119476
0.0004069550967829852
0.00031528419247529215
0.0002718853018905979
0.00028146690621145464
0.00012360981511379496
8.905613343266034e-5
9.931275866336362e-5
0.00014484246540405992
0.0003517650874335247
0.000501688740810209
0.0005411810802260591
0.0006704275586709277
0.0007651938807819493
0.0
0.0
0.0
0.0
0.0
0.0
0.0
0.0
0.0018421843127134382
0.0012266636166870784
0.000376068797361236
0.0001767958852354271
0.00011409038923758044
8.129850328120596e-5
8.877965528536999e-5
2.9914347059732826e-5
2.563751315215337e-5
4.014290167416574e-5
0.00013122498873891693
0.00026813526938879525
0.0003973255144811531
0.0004413987495712294
0.0005799967662871542
0.0006494895641016677
0.0
0.0
0.0
0.0
0.0
0.0
0.0
0.0
0.001488319804470279
0.0011519985714276981
0.0004864360861879375
0.00023583976284214468
0.00017900190318956662
0.00017400740958584026
0.00017771301077751058
7.299317479760865e-5
6.373127103182299e-5
7.545342540833434e-5
9.975047067852663e-5
0.0002171164794479226
0.00037682416382421553
0.0004082789387524128
0.0005262090570148928
0.0006221890390591769
0.0
0.0
0.0
0.0
0.0
0.0
0.0
0.0
0.0014624769099881906
0.0009947690940361152
0.00032501489886959165
0.00019226628333398932
0.00013465823261141793
0.00010723227321660187
0.00011004816638749314
1.3809297047586687e-5
2.0040164787302742e-5
4.532299566432559e-5
7.3494325439362e-5
0.00019343977253822906
0.00030441261242921346
0.0003600808112644192
0.0004947029928049103
0.0005673485296385261
0.0
0.0
0.0
0.0
0.0
0.0
0.0
0.0
0.0015230210435318242
0.0010018310355007574
0.0003027246769389024
0.0001607667635939557
0.00011325331687237774
7.88150469792429e-5
5.224313600515052e-5
1.525901649681557e-7
0.0
3.44686868385798e-6
3.562238084451317e-5
0.00014095633721694696
0.0002939109099227054
0.00037048414125230025
0.0004918436382096271
0.0005435846605449307
0.0
0.0
0.0
0.0
0.0
0.0
0.0
0.0
0.0014406796363688537
0.000837794568346495
0.0003678748029984404
0.0002428317390856298
0.00015649604129256865
0.00011163689357130446
9.582177457612883e-5
4.527392237742793e-5
6.95687749492309e-5
0.00011570248994621812
0.00027428491211957173
0.0005735428864354815
0.0
0.0
0.0
0.0
0.0
0.0
0.0
0.0
0.0
0.0
0.0
0.0
0.0
0.0
0.0
0.0
0.0
0.0
0.0
0.0
0.0
0.0
0.0
0.0
0.0
0.0
0.0
0.0
0.0
0.0
0.0
0.0
0.0
3.497468243693912e-5
3.0780430897325416e-5
4.573965808435783e-5
4.17925882535508e-5
3.8659361169697425e-5
1.3500469762532809e-5
0.0
0.0
0.0
0.0
0.0
0.0
0.0
0.0
0.0
0.0
0.0
0.0
0.0
0.0
1.5226764451628309e-5
2.2566390203353167e-5
3.3128576295260135e-5
3.3136190675088283e-5
4.582261944292804e-5
4.6741877622116444e-5
5.8391383858098516e-5
0.002970538532323334
0.0019755079214448653
0.00125774086055204
0.0011602052926726492
0.0011625597236204958
0.0008725751650050464
0.0009481102512696408
0.000813107277026166
0.0008657537111330622
0.0008660397562499354
0.0009246857816038629
0.0011456988551127036
0.0013526594789698108
0.0012843035583266146
0.0013049876564914789
0.0013344050190110476
0.0
0.0
0.0
0.0
0.0
0.0
0.0
2.0853361036931527e-5
0.0024989890770205077
0.001448196213155552
0.0005542114976823546
0.0003897841185387149
0.0003143321321311525
0.00032660890416627173
0.0003551766789530053
0.00017121839461972047
9.533282411026765e-5
0.00011007627194851076
0.00014770070964559897
0.0003834513866527059
0.0005640663352811126
0.0006101103509599432
0.0007732236259923923
0.0008602154081003543
0.0
0.0
0.0
0.0
0.0
0.0
0.0
0.0
0.0018338034722450705
0.0011335909616939348
0.00039580419016370453
0.0002726781371048203
0.00018733107073794553
0.0001417862970650535
0.0001540781147119125
4.161574074629147e-5
3.7297454087274135e-5
5.29221479223419e-5
7.914368334690003e-5
0.00022801935382820858
0.00041998015526468276
0.00048810401288537473
0.0006162340030149272
0.0006793873977207723
0.0
0.0
0.0
0.0
0.0
0.0
5.5994720974151535e-5
3.749360560983623e-5
0.002211722432575738
0.001402621853579986
0.0005384658268222784
0.00031640973613425015
0.00018252421385169814
0.00015733411623921082
0.00017423140385579988
6.893409786710872e-5
5.76612737957093e-5
7.258824291842575e-5
0.0001233067693383746
0.00031518133752581154
0.0004670145748276025
0.0005131351247680642
0.0006831987665742095
0.0008043909487836284
0.0
0.0
0.0
0.0
0.0
2.298981341146011e-5
6.0843911224668075e-5
6.769633060832806e-5
0.002441725943238742
0.0015224549951772793
0.0008115498476216355
0.0005598380228766313
0.0004996226191726536
0.0004905275014399698
0.0004399663849861221
0.00032452389617984513
0.0004257581111421978
0.0005439190074797043
0.0006861888851157875
0.0010873031507617145
0.0
0.0
0.0
0.0
0.0
0.0
0.0
0.0
0.0
1.592190920030893e-5
3.42834957983999e-5
2.645116949462092e-5
4.531823816058972e-5
4.017520335441441e-5
2.1102825952062948e-5
2.378137795251005e-6
0.0
0.0
0.0
0.0
0.0
0.0
0.0
0.0
0.0
0.0
0.0
0.0
0.0
0.0
0.0
2.101198963609234e-5
2.1188679670984232e-5
4.282974406239694e-5
5.4481835104653265e-5
9.823819656961043e-5
0.0028521628278423065
0.0017761653857452052
0.0006339810201973843
0.00036086374585692375
0.00022026819619016427
0.0001473816408325372
0.00015974321946618576
5.510164346331827e-5
4.747068905423536e-5
6.248365618595864e-5
0.00011368053740318777
0.00030229152717629995
0.00046259586171653623
0.0005099056404278173
0.0006590021206959875
0.0007601920972723333
0.0
0.0
0.0
0.0
0.0
0.0
0.0
0.0
0.001983115783583636
0.0010374082092435486
0.0003419967274890305
0.00020005802452488424
0.00011713604470677654
0.0001059345189050404
9.735643841383359e-5
4.5348865171026756e-7
0.0
0.0
9.640741954973391e-6
7.455851779636567e-5
0.000188436126998795
0.00021084773018513686
0.00029611368593251817
0.0003437771492320949
0.0
0.0
0.0
0.0
0.0
0.0
0.0
0.0
0.0011208540147232989
0.0007815361584500416
0.00018552887463425176
9.344561424861458e-5
4.106891833387949e-5
8.089116238550793e-6
1.573892274727257e-6
0.0
0.0
0.0
0.0
1.3315842375406233e-7
4.727783068409501e-5
0.00010886820473484464
0.00020203666144164047
0.0002489974768755878
0.0
0.0
0.0
0.0
0.0
0.0
0.0
0.0
0.0006334991828336318
0.0004911194576585364
0.00011935259964624204
5.292240983894281e-5
6.721216775484661e-6
5.513057571851416e-7
0.0
0.0
0.0
0.0
0.0
4.3724895644082755e-7
6.599488971421347e-5
0.00010360566730418993
0.0001899810295954484
0.00023529868750162979
0.0
0.0
0.0
0.0
0.0
0.0
0.0
0.0
0.0005861133474909332
0.0004936056747645374
0.00017846110117989672
5.528592399652763e-5
1.643533302751569e-5
1.5885195804218823e-6
1.1854694154281121e-8
0.0
0.0
0.0
2.6766550018311184e-7
4.934130905312591e-5
0.00015506215690996148
0.00017871791998178582
0.0002415980369487789
0.0002852879964127761
0.0
0.0
0.0
0.0
0.0
0.0
0.0
0.0
0.0009000413834007729
0.0007345483241483149
0.0002921947186531644
0.00015358204275876333
0.00010408515701273946
6.714899101885663e-5
5.8169797675134135e-5
3.2429807537082624e-5
7.444984522247924e-5
0.00012947012996249855
0.00027058743707667333
0.0004244605364294769
0.0
0.0
0.0
0.0
0.0
0.0
0.0
0.0
0.0
0.0
0.0
0.0
0.0
0.0
0.0
0.0
0.0
0.0
0.0
0.0
0.0
0.0
0.0
0.0
0.0
0.0
0.0
0.0
0.0
0.0
0.0
0.0
0.0
0.0
1.458477111205312e-5
2.9933041524500787e-5
0.002068485755010319
0.0013429002274750945
0.000625307187913593
0.000285858848890054
0.00019840614719065147
0.00018196615884808512
0.00019369540714479495
8.542371685099133e-5
7.41373916658801e-5
7.877783296844751e-5
0.00014290658061652786
0.0003183360414069311
0.0004977810379467368
0.0005296489513096084
0.0006797934490538938
0.0007460278224792977
0.0
0.0
0.0
0.0
0.0
0.0
0.0
0.0
0.001820824398346721
0.0012694342433567916
0.0006159210697480698
0.0002668614736145702
0.00016259727163808039
0.00016783039132465735
0.000196104200055134
7.754172610517324e-5
6.0914192073074507e-5
7.417217780975728e-5
0.00016005466004112302
0.00029251450729161904
0.0004462742396051483
0.0005034013180674668
0.0006897315206725526
0.0007688959952990595
0.0
0.0
0.0
0.0
0.0
0.0
0.0
0.0
0.001341781007541365
0.0011297161930847385
0.0005694166727543094
0.00033545312641373244
0.00028312769237619646
0.0002151591187861441
0.00021113216463256712
0.00015368246386119786
9.716055601002642e-5
7.99152300858834e-5
0.00010261454105965357
0.00023426051032594244
0.00042808807569684796
0.0005033992161175182
0.000669146223320474
0.0007412898198104492
0.0
0.0
0.0
0.0
0.0
0.0
0.0
0.0
0.001260329856815901
0.001065871873318948
0.0005428653348176568
0.0003834166631701686
0.0002613801868761157
0.00021046923456627476
0.00021976980648245154
0.00015231729452801362
0.00015432898627662414
0.00018897537508523533
0.00024326291072593152
0.00039363207004444636
0.0005823938816327768
0.000667289863573529
0.0008638991766251484
0.0009439541956453197
0.0
0.0
0.0
0.0
0.0
0.0
0.0
0.0
0.0020909002213778884
0.0012262439950137646
0.00040467521540932857
0.00026447892534045423
0.00017460121697899294
0.00013912562389843268
0.00016994392998119224
4.63412614127211e-5
3.21871630618015e-5
4.4182692165738785e-5
5.862682538634969e-5
0.00012724013195556253
0.00032669475215207043
0.00042929549738170993
0.0005768666355965152
0.0006712292533146028
0.0
0.0
0.0
0.0
0.0
0.0
0.0
0.0
0.0019684233867970835
0.0013150666413734684
0.0006721966358513965
0.0004262229139166776
0.0003440422470010239
0.00027938489751916585
0.00023111254812898906
0.00017081858075498272
0.00025394592498966374
0.0003152913168876427
0.00044353278531108
0.0007773459543454794
0.0
0.0
0.0
0.0
0.0
0.0
0.0
0.0
0.0
0.0
4.945684468177392e-6
2.7857676318778258e-5
2.7980401198663334e-5
2.0928313028227044e-5
9.195801278230545e-6
0.0
0.0
0.0
0.0
0.0
0.0
0.0
0.0
0.0
0.0
0.0
0.0
0.0
0.0
0.0
0.0
1.0320169088043874e-5
2.0599233533093925e-5
1.8262609924044537e-5
2.4817133527413176e-5
2.024882780341431e-5
0.002214614291116095
0.0015722018628789908
0.0007945819965760973
0.00033671651247535315
0.00020107126229225992
0.0001693699719325038
0.0002007697277991573
7.358984004187447e-5
6.313346282261567e-5
7.459221737700745e-5
9.682451929911815e-5
0.00022340520610791088
0.00043342888955638897
0.00048258454589046227
0.000602617902624215
0.0006978328506137847
0.0
0.0
0.0
0.0
0.0
0.0
0.0
0.0
0.0017906333229818483
0.0012006249308681304
0.0004387178992581345
0.0002571745756870839
0.00016393918321391384
0.0001386627426950443
0.00014446568621190238
4.632430763317646e-5
4.179946801366962e-5
5.5402777814364175e-5
8.186597321615064e-5
0.00018472084632013564
0.0003765657015271814
0.0004402791474293265
0.0005760284409173126
0.0006504135221348591
0.0
0.0
0.0
0.0
0.0
0.0
0.0
0.0
0.001324892057783075
0.0011020299261334287
0.0005982001423685249
0.0003935527609384771
0.00025219219483238014
0.00017447557468722104
0.00021323756290502562
0.00010156069139882118
8.057602888660011e-5
9.258260840884281e-5
0.00011687076057886238
0.000242918801492398
0.0004430783236077367
0.0005441773195585261
0.0007296039284158962
0.0007905834828706992
0.0
0.0
0.0
0.0
0.0
0.0
0.0
0.0
0.0017319188115133934
0.001274593252878575
0.00040274586332649377
0.0001767936090167518
0.0001194356580323871
9.978605867955096e-5
0.00010106375726723491
2.141378461969494e-6
0.0
8.030542927001799e-7
2.313778141215154e-5
9.245775718398733e-5
0.00023394397975215917
0.00028873481615058734
0.0004118009511231656
0.0004873030450222414
0.0
0.0
0.0
0.0
0.0
0.0
0.0
0.0
0.0012790448399226271
0.0007059690557507986
0.0001777652222340158
9.0768126652429e-5
3.587638901879899e-5
1.1365901914803503e-5
1.279919616929117e-5
0.0
0.0
0.0
0.0
4.3590054277595145e-6
8.341596015652917e-5
0.0001444480008937143
0.00023545956210681987
0.00030206386838797723
0.0
0.0
0.0
0.0
0.0
0.0
0.0
0.0
0.0010556214219202677
0.0006852899529427564
0.00025422538072062767
0.00014909433600231658
0.00010422744349543562
8.684085369046405e-5
6.417822503561942e-5
1.810635276409528e-6
2.1724608779950585e-5
5.05906472028419e-5
8.96601215385204e-5
0.00022650992931522895
0.0
0.0
0.0
0.0
0.0
0.0
0.0
0.0
0.0
0.0
0.0
0.0
0.0
0.0
0.0
0.0
0.0
0.0
0.0
0.0
0.0
0.0
0.0
0.0
0.0
0.0
0.0
0.0
0.0
0.0
0.0
0.0
0.0
0.0
0.0
0.0
0.0008424518483891469
0.00041047019775094243
0.00010016105910867088
4.193817066422806e-5
7.589345062796362e-6
6.417497360758993e-7
8.318999764448006e-8
0.0
0.0
0.0
0.0
4.823981967205167e-7
4.9633236600790816e-5
0.00010844697856721985
0.00019491370297719288
0.00024046522392437062
0.0
0.0
0.0
0.0
0.0
0.0
0.0
0.0
0.0009103402283343148
0.0005241603617299878
0.0001384692695677578
8.904816036216186e-5
7.108542066163075e-5
4.695467732668818e-5
3.0657864835336545e-5
0.0
0.0
0.0
3.890380630698444e-6
6.639326373316115e-5
0.00019064244454434104
0.0002376363198152496
0.00035027938524283026
0.0004117692435101207
0.0
0.0
0.0
0.0
0.0
0.0
0.0
0.0
0.0009446040028409888
0.0008145769708045318
0.00031671849286679535
0.00021711825054079618
0.00014830611367673758
7.453007143306024e-5
9.074789652982209e-5
8.069061086685503e-5
7.545064133379888e-5
6.700349736757742e-5
0.00011647066070800858
0.00023346864837753268
0.0003874664853327619
0.0004458590654569417
0.0006066274010445133
0.0006659288839699392
0.0
0.0
0.0
0.0
0.0
0.0
0.0
0.0
0.0011256198613875715
0.0009280740219589954
0.0003558381179524123
0.00023006704692168245
0.0001996932517394753
0.0003893746456624259
0.0005830707290816826
0.0005018940284601406
0.00036119724426355215
0.0004203657907662262
0.0005611181975622647
0.0006440210747718767
0.000748723623177096
0.0007868995739429026
0.0009307599690960822
0.0010004201809806275
0.0
0.0
0.0
0.0
0.0
0.0
0.0
0.0
0.0018924802933075425
0.0012748513090469241
0.0005250934120926123
0.00023950780954573876
0.00017100473979586264
0.00014498773265549773
0.0001550503676078556
6.0004661527404683e-5
4.634712594863007e-5
5.948205783339294e-5
9.381652095519313e-5
0.00023481934027612714
0.0004368795236407674
0.0005168704845061001
0.0007022650932441703
0.0007609262138708996
0.0
0.0
0.0
0.0
0.0
0.0
0.0
0.0
0.001782228634803514
0.0009923570868070402
0.0005864049705720874
0.0004219327802501921
0.00032263453093710074
0.0002737178853641041
0.00024957182876769827
0.00016681968724646283
0.00023275708375122454
0.0002899768639459043
0.00035124331256573685
0.0006027728960336399
0.0
0.0
0.0
0.0
0.0
0.0
0.0
0.0
0.0
0.0
0.0
1.3804113264735144e-5
2.5956332886388732e-5
3.938323700727213e-6
0.0
0.0
0.0
0.0
0.0
0.0
0.0
0.0
0.0
0.0
0.0
0.0
0.0
1.383463891850474e-5
2.5479258986999565e-5
3.720619314972329e-5
3.647373390459846e-5
4.833986682148945e-5
4.667946621249243e-5
6.43412190566317e-5
9.034485664609817e-5
0.00010364246452607256
0.00014730211273688494
9.436207300643932e-5
2.9102119649321992e-5
1.8251329582822394e-5
0.0
0.0
0.0
0.0
0.0
0.0
0.0
0.0
0.0
0.0
5.059201572910687e-6
1.2552238403273362e-5
9.678979289151838e-6
1.706814471924781e-5
3.499121297293299e-5
3.795655314064295e-5
5.5389137461174836e-5
0.00010297057414817029
0.00013004350858879645
0.0002041119805158765
0.0032057257296358244
0.0017171307554312346
0.0006071100182949433
0.0004027256071383294
0.000260520255212083
0.00017564116791261085
0.0001919382783898347
6.463614862849278e-5
4.478722107666356e-5
5.582872510444684e-5
8.15050080821656e-5
0.00021515004680214611
0.00044080964795370644
0.0005068292331910163
0.0006570001539353389
0.0007523700484033301
0.0
0.0
0.0
0.0
0.0
0.0
0.0
0.0
0.0018318513114994885
0.001180662608137925
0.00041888663213546115
0.00019611111828307543
0.0001415449714094744
0.00014071350846922532
0.00018138434765646276
6.0968289167902754e-5
4.63130481899012e-5
6.5522159175204e-5
8.951938358393842e-5
0.00020585249465554495
0.0004138038418785731
0.00046508147781968513
0.000640633211879816
0.0007505192917762038
0.0
0.0
0.0
0.0
0.0
0.0
0.0
0.0
0.0016821111187609807
0.0009554766930458073
0.0004429894968682395
0.00021770336399803516
0.0001495141998058082
0.00011244318173320865
8.697440697640697e-5
4.247595389884359e-6
4.5305171665671935e-6
1.3526206971904898e-5
2.705296028699296e-5
7.984352321748254e-5
0.00019824961402830005
0.00026918292695221407
0.00042621245564803485
0.0005107308913802274
0.0
0.0
0.0
0.0
0.0
0.0
0.0
0.0
0.001703257692715564
0.0008969657119797069
0.0002788247739113172
0.0001551847985425664
0.00010153118830791836
8.026944268047013e-5
7.702126264042878e-5
1.1477433678831688e-6
0.0
6.966034442237955e-8
8.948012261437023e-6
6.690718194794005e-5
0.00021367204539112742
0.0003114727258597643
0.00045928965870571447
0.0005293038954608322
0.0
0.0
0.0
0.0
0.0
0.0
0.0
0.0
0.0015698796674204773
0.0009719822347051851
0.0004406219584550988
0.0002876119399536711
0.00021623920872810643
0.0001974455522290051
0.00019099014796473366
8.918544745794966e-5
0.00010015552996043394
0.00015688097302406248
0.00034905643700094383
0.0006087015527587863
0.0
0.0
0.0
0.0
0.0
0.0
0.0
0.0
0.0
0.0
0.0
0.0
0.0
0.0
0.0
0.0
0.0
0.0
0.0
0.0
0.0
0.0
0.0
0.0
0.0
0.0
0.0
0.0
0.0
0.0
0.0
3.702728217333812e-6
2.2213817957844136e-5
2.5473214624745136e-5
4.9241258504115424e-5
8.477934377152708e-5
0.00248788065732478
0.0012294403519156048
0.0004759732713480148
0.00032422204311493007
0.00021639730699392646
0.000156139997218817
0.00016465537704421422
4.718010381127471e-5
3.4466473554250275e-5
5.258650659538864e-5
7.982752137029432e-5
0.00020797899601927817
0.0004660176152933253
0.0005273878344072168
0.0006853748785588308
0.000805628739702915
0.0
0.0
0.0
0.0
0.0
0.0
4.998279770240866e-6
2.752971361902702e-5
0.0021245339660118175
0.001297155254201075
0.0004550677674635452
0.00025107117813022786
0.00018094987063047772
0.000159031116563367
0.00017462736736320047
6.549080750977072e-5
4.4029265049308e-5
6.193540137691587e-5
9.734631503235221e-5
0.0002896188319996434
0.0005073432624281693
0.0005953378740209331
0.0007868393722555321
0.0008749303356687116
0.0
0.0
0.0
0.0
0.0
0.0
0.0
0.0
0.001820770892452535
0.0009489512431536595
0.00032313176193003517
0.0001832069921574311
0.00013729140837002608
0.00011666660297809597
0.00010278223002056384
4.934142190853925e-6
0.0
6.932091502892114e-8
8.66828773672517e-6
6.770620093939814e-5
0.00022892729382886567
0.0003144460937381412
0.00044719582268255305
0.0005066648459757116
0.0
0.0
0.0
0.0
0.0
0.0
0.0
0.0
0.0011128054483603785
0.0008996784422895329
0.0003099102739278307
0.0001081518491810859
6.044535301778166e-5
4.045631738783993e-5
3.870401519409227e-5
5.104164548262232e-7
0.0
3.984640954039038e-6
2.7135320883216273e-5
8.876484029856193e-5
0.00020960087475701213
0.00026544725624752833
0.0003757913677235987
0.00048279167164970075
0.0
0.0
0.0
0.0
0.0
0.0
0.0
0.0
0.001165509705753785
0.000614567331299327
0.0001445716147521096
8.799343766766025e-5
3.340156349739909e-5
1.2846534088079208e-5
2.5435205315442842e-6
0.0
0.0
0.0
0.0
3.067594176089886e-5
0.0001122794412167331
0.00017797748102302044
0.0002676515471147353
0.0003213940800309322
0.0
0.0
0.0
0.0
0.0
0.0
0.0
0.0
0.0008386510461616696
0.0006629404905652519
0.0003158604896640014
0.00013638699098969767
5.2552484425848516e-5
1.2201761906580441e-5
1.4445944796350184e-6
0.0
6.24640070262752e-6
4.275112740323509e-5
8.785559025989056e-5
0.00019399337000652084
0.0
0.0
0.0
0.0
0.0
0.0
0.0
0.0
0.0
0.0
0.0
0.0
0.0
0.0
0.0
0.0
0.0
0.0
0.0
0.0
0.0
0.0
0.0
0.0
0.0
0.0
0.0
0.0
0.0
0.0
0.0
0.0
0.0
0.0
0.0
0.0
0.0017536555818389102
0.0014802576339664438
0.0007716060417014923
0.0003689587920487824
0.00019697266217658452
0.00012887652309863406
0.00018040110601553314
0.00013398381699451518
0.0001251358640572763
0.00014836298794295366
0.00019573594391023586
0.00031352900934193765
0.0005075073145613086
0.0005832621622053452
0.0007219844128279245
0.0007556482953563312
0.0
0.0
0.0
0.0
0.0
0.0
0.0
0.0
0.0011798684146546571
0.0009819182210792524
0.000426550978012097
0.0002622873436100232
0.00019050472538431382
0.00015597608295362593
0.00014857280397972177
4.250380179435121e-5
2.79914067595095e-5
4.35255219506168e-5
7.286201752790286e-5
0.00016823829181732199
0.00028630395058824024
0.0003370751723350415
0.0004957070095401008
0.0005752845980957579
0.0
0.0
0.0
0.0
0.0
0.0
0.0
0.0
0.00104997946572101
0.0005839085473378356
0.00017444962723735312
0.00012254957731135666
9.801625608356952e-5
7.805535746881803e-5
6.134613628739716e-5
2.461993262241078e-7
0.0
0.0
0.0
4.443225824903361e-5
0.0001503413357985285
0.00022328998223892967
0.00037547795962158725
0.0004619255809680547
0.0
0.0
0.0
0.0
0.0
0.0
0.0
0.0
0.0008696073009893658
0.0007317734434094457
0.0002847323476306184
0.00014426568707506178
2.9300509832756268e-5
2.114839730207416e-5
2.4091214091637556e-5
5.719812714614455e-7
6.214553348294289e-7
7.383690902527058e-6
2.971799420186532e-5
7.98802481578195e-5
0.00015927335080837563
0.0002217332439941792
0.0003414458738594138
0.00046137115369201807
0.0
0.0
0.0
0.0
0.0
0.0
0.0
0.0
0.0010661133547828587
0.0007757594556693232
0.00028943597541938426
0.00014079589773106164
5.4272017507851815e-5
3.961639532919856e-5
3.0268592935031253e-5
1.434747515264624e-6
5.738733490821923e-7
4.997840338093919e-6
3.114363671372586e-5
9.057778613713122e-5
0.00021094037354624985
0.00028702645715853413
0.0004213347778623324
0.0005213545524847342
0.0
0.0
0.0
0.0
0.0
0.0
0.0
0.0
0.0010829524842257763
0.0007193000413245313
0.00022926269118610186
0.00014813921168765616
0.00012255263302670097
0.00010982362740588522
8.276785710230204e-5
1.8869389358595182e-5
6.658180605000573e-5
9.741450935563975e-5
0.0001745795305002429
0.00042279507081466826
0.0
0.0
0.0
0.0
0.0
0.0
0.0
0.0
0.0
0.0
0.0
0.0
0.0
0.0
0.0
0.0
0.0
0.0
0.0
0.0
0.0
0.0
0.0
0.0
0.0
0.0
0.0
0.0
0.0
0.0
0.0
0.0
0.0
0.0
0.0
0.0014795894170770965
0.0012005006131096826
0.0005876651696805573
0.0003399523248309203
0.00014678909355633125
8.145031831766354e-5
8.527082383148184e-5
3.632607064992381e-5
2.6560048129413803e-6
1.1108940337361236e-5
2.550223227226708e-5
6.915628769848168e-5
0.00013571236918838583
0.00020565405431703814
0.00037875471297264867
0.0005037308085533887
0.0
0.0
0.0
0.0
0.0
0.0
0.0
0.0
0.0013233530595226817
0.0009928488359727497
0.00030683806623583407
0.00021669189121340237
0.0001171955938451929
8.575068794803783e-5
6.70631680585931e-5
1.4066137117930612e-5
3.842488015398613e-6
2.0235116943217224e-5
5.234902326297492e-5
0.00015267835722908508
0.0002803234678648313
0.000417575839910093
0.0005953520085731905
0.000668873136880713
0.0
0.0
0.0
0.0
0.0
0.0
0.0
0.0
0.0017617434824929664
0.0012496375539185378
0.0005000262189783511
0.0002715052889442888
0.00018853626151010095
0.0001585414906030608
0.00015069872364601583
9.526179501136041e-5
5.53869225908114e-5
1.8921693149574898e-5
3.143646050055621e-5
0.00010686766800477634
0.0002656088263675915
0.0004032357074314647
0.0006260487459362887
0.0007359162029994403
0.0
0.0
0.0
0.0
0.0
0.0
0.0
0.0
0.0017372888408976877
0.001194416070246021
0.0004157410900052592
0.0002025899143375638
0.00014814132949794403
0.00011590494906066363
0.00011351745034568596
6.599168378065682e-5
1.0054240250343067e-6
0.0
0.0
9.58558514248382e-6
8.52940490881376e-5
0.00022013659398594388
0.0003793563568683795
0.0004393690753180757
0.0
0.0
0.0
0.0
0.0
0.0
0.0
0.0
0.001378441934509455
0.001024637169693867
0.00031558064853979623
0.00015869268357621602
0.0001132076467657547
7.594442952811147e-5
6.944315475793161e-5
2.4474572314983033e-5
0.0
0.0
0.0
0.0
5.297899417295892e-5
0.00012857270419668092
0.0003091950326929009
0.00039954646052451926
0.0
0.0
0.0
0.0
0.0
0.0
0.0
0.0
0.0011818085286926289
0.0010386856575108796
0.0005415838344936754
0.0002748517857317645
0.0002492266076203873
0.0002389844744495865
0.00018463220476959855
0.0001444503249534127
0.0001500591301837603
0.0001513611512515634
0.00020139730107436953
0.0003093005309239062
0.0
0.0
0.0
0.0
0.0
0.0
0.0
0.0
0.0
0.0
0.0
0.0
0.0
0.0
0.0
0.0
0.0
0.0
0.0
0.0
0.0
0.0
0.0
0.0
0.0
0.0
0.0
0.0
0.0
0.0
0.0
0.0
0.0
0.0
1.4620553909243025e-5
2.8020537281945194e-5
0.0022098904600502964
0.001459663249420042
0.0007219491970248594
0.00030975390729904055
0.000165243302461585
0.00011793016343844605
0.0001144674901866185
6.258626416265792e-5
4.683860008045806e-6
2.2349066714043487e-6
2.931939594112239e-6
3.8075149957752315e-5
0.0001580803411017037
0.0003474590957679271
0.0005578701621503163
0.0006735091653689155
0.0
0.0
0.0
0.0
0.0
0.0
0.0
0.0
0.0016090581658250586
0.0012586437805603482
0.0007515420483471323
0.00044163461946514085
0.0006902845128479005
0.0008734894245058417
0.0009511600599376499
0.0005725046196228773
0.0002556411590960506
0.00014754291493627032
0.0006137073805248857
0.0008050281450596217
0.0007311749496110774
0.0009457512812747296
0.0011618798357315725
0.0012304116468860632
0.0
0.0
0.0
0.0
0.0
1.6082792119176783e-5
3.605903132847608e-5
7.42550439867921e-5
0.0025369267755914592
0.0015940522874849242
0.0006978384400833117
0.0003847647668434157
0.00024855138787128876
0.000176306183613503
0.0001767222772713727
0.00012189985331746688
1.6941430756058995e-5
2.232414168403928e-6
1.459975898955832e-5
6.763134163358464e-5
0.00017713430535230287
0.0003746600354308548
0.0006066448122518398
0.0007031673203376609
0.0
0.0
0.0
0.0
0.0
0.0
0.0
0.0
0.001765875599405375
0.001220964808972091
0.00045876487830365546
0.00019361628608784693
0.0001288907070519479
0.00011118422967640603
0.00012153326517323774
7.555705302933801e-5
6.592749562303832e-5
0.00020565786677856492
0.0002282516825763951
0.0002203299518657659
0.0003915680428166785
0.0005393391286872234
0.0007297102895403539
0.0008184274698447405
0.0
0.0
0.0
0.0
0.0
0.0
0.0
0.0
0.0015224983277039145
0.0010545535309841726
0.0004340914974757924
0.00021078998171522654
0.0001484702563568131
0.00011803220041043477
0.00012390544020052916
6.625150876683107e-5
1.1578604624301065e-6
0.0
5.628889309131498e-5
8.067545228269937e-5
7.735187290529634e-5
0.0002377845304596298
0.0004434069127193833
0.0006195869752408757
0.0
0.0
0.0
0.0
0.0
0.0
0.0
0.0
0.0015421678334724355
0.0012141845828817339
0.0006006910596600359
0.00026325475702247735
0.00015507784382541513
0.00011335540929055216
0.0001036923513378669
6.7283470379603e-5
9.079156972874266e-6
2.710001731527435e-5
6.120958836791612e-5
0.00012736999004248623
0.0
0.0
0.0
0.0
0.0
0.0
0.0
0.0
0.0
0.0
0.0
0.0
0.0
0.0
0.0
0.0
0.0
0.0
0.0
0.0
0.0
0.0
0.0
0.0
0.0
0.0
0.0
0.0
0.0
0.0
0.0
0.0
0.0
0.0
0.0
0.0
0.0014806400410439496
0.0011404453979212234
0.000557933061850382
0.00018830633300324185
0.0001130086286948935
7.270295171639257e-5
8.236727973123722e-5
3.168760756715926e-5
1.603535127068767e-7
0.0
1.9994226725449657e-6
4.732825913947199e-5
0.0001190063164412197
0.00022689696436170066
0.0004389767410332835
0.0005575701181390865
0.0
0.0
0.0
0.0
0.0
0.0
0.0
0.0
0.001281237036501206
0.0008521005000187631
0.00023673849611092234
0.0001087692639740662
6.183020454435573e-5
2.524585305527818e-5
1.5597471811943992e-5
3.4199225175332005e-7
0.0
0.0
0.0
0.0
2.2919971939949458e-5
8.018645579585407e-5
0.00020829952593358453
0.0003070753761055384
0.0
0.0
0.0
0.0
0.0
0.0
0.0
0.0
0.001181422782493718
0.0007213382554603045
0.00017804880243317854
8.47277866190137e-5
4.186734338163653e-5
9.08396145961483e-6
4.772543784785881e-6
1.1813148606858863e-7
0.0
0.0
0.0
0.0
3.39810228672294e-8
1.6305053452078772e-5
0.00010791415014805956
0.00018181591093013928
0.0
0.0
0.0
0.0
0.0
0.0
0.0
0.0
0.0007564624527165126
0.0005952604634755632
0.00010569936994154549
3.056940636121441e-5
3.2504887431613263e-6
9.507936672526005e-8
0.0
0.0
0.0
0.0
0.0
0.0
1.1395823458654636e-8
1.981959692261438e-5
0.00013236524884257576
0.00019945536810250135
0.0
0.0
0.0
0.0
0.0
0.0
0.0
0.0
0.000751143816031215
0.00041423374066165567
8.943249668092322e-5
3.5693031992838194e-5
3.707027238315347e-6
9.551182012797135e-8
0.0
0.0
0.0
0.0
0.0
0.0
0.0
1.812030676849183e-6
7.595320484576545e-5
0.0001575342748244611
0.0
0.0
0.0
0.0
0.0
0.0
0.0
0.0
0.0009446112303455438
0.0006875688158746344
0.00034737887482245874
0.0002118613831163905
0.00016885760653593084
0.0001565292900885707
0.00015100685994029334
0.00012244521159956946
8.238947725091556e-5
8.534641817301357e-5
0.00013447358517786265
0.00024403637123583948
0.0
0.0
0.0
0.0
0.0
0.0
0.0
0.0
0.0
0.0
0.0
0.0
0.0
0.0
0.0
0.0
0.0
0.0
0.0
0.0
0.0
0.0
0.0
0.0
0.0
0.0
0.0
0.0
0.0
0.0
0.0
0.0
0.0
0.0
0.0
0.0
0.0018032416959030187
0.001083156298684205
0.00039522755100268245
0.00017065581883443371
0.00011660426163997037
9.803548823983564e-5
0.00010129333177652403
4.3811489631334146e-5
4.0844908606589324e-7
0.0
0.0
5.307345122235636e-6
8.114588970267211e-5
0.00020862928396522769
0.00044333223372742576
0.0005516136638295082
0.0
0.0
0.0
0.0
0.0
0.0
0.0
0.0
0.001371883161654719
0.0008541550243033173
0.00024076191230384256
9.940062799738741e-5
5.38450098760945e-5
2.8823408379277872e-5
3.194280509137849e-5
2.941733685051972e-6
0.0
0.0
0.0
5.413537685738779e-7
7.45502693799791e-5
0.00018093609124581527
0.0003491488730076227
0.00047939335601411543
0.0
0.0
0.0
0.0
0.0
0.0
0.0
0.0
0.0012987378423936083
0.0009952971939291594
0.00038298992767973086
0.0001243575345532483
5.2569220190731063e-5
2.1394545716284548e-5
1.591569751797648e-5
6.838010135528368e-7
0.0
0.0
0.0
8.275807660315296e-7
5.6939072757948996e-5
0.00010971364238893314
0.000231133664090539
0.00033084868353096595
0.0
0.0
0.0
0.0
0.0
0.0
0.0
0.0
0.001051921001339381
0.0006772914109995731
0.0001881369438009731
9.965757446200649e-5
6.083729200962083e-5
4.4920923683799603e-5
5.911375644102719e-5
1.3991055747868417e-5
0.0
0.0
0.0
0.0
2.1800148565815677e-5
8.722411033613737e-5
0.00023524648657534977
0.00036286556161934324
0.0
0.0
0.0
0.0
0.0
0.0
0.0
0.0
0.0008888842893641787
0.0005451414172500758
0.0001331511127877225
6.518271125634943e-5
2.7526830885381796e-5
6.749098185708972e-6
1.4942466942626409e-5
2.742821187498375e-7
0.0
0.0
0.0
0.0
0.0
1.542268498525087e-5
0.00011411613017803231
0.0001619937854079526
0.0
0.0
0.0
0.0
0.0
0.0
0.0
0.0
0.0007278511425338052
0.0004258638282328832
0.00016023853467315245
9.263701385726497e-5
5.302845675318134e-5
2.0142627453394656e-5
1.0661289960673368e-5
4.420890138920455e-6
0.0
0.0
0.0
4.115261682771281e-6
0.0
0.0
0.0
0.0
0.0
0.0
0.0
0.0
0.0
0.0
0.0
0.0
0.0
0.0
0.0
0.0
0.0
0.0
0.0
0.0
0.0
0.0
0.0
0.0
0.0
0.0
0.0
0.0
0.0
0.0
0.0
0.0
0.0
0.0
0.0
0.0
0.001054948673784023
0.000667424738207728
0.00016673017825237607
8.55067639918959e-5
4.4784561538291205e-5
1.1025474828010133e-5
2.0245647941915213e-5
3.2623239362485916e-6
0.0
0.0
0.0
0.0
3.359525530236186e-6
4.314120550928051e-5
0.00011790075804463243
0.00018771919644274023
0.0
0.0
0.0
0.0
0.0
0.0
0.0
0.0
0.0007963102541836683
0.0006691054817492444
0.00016431673488259024
5.27983274895292e-5
1.565352984920562e-5
2.5538118915677662e-6
2.5778273129206296e-6
0.0
0.0
0.0
0.0
0.0
0.0
0.0
3.7419276968870614e-6
2.0770290684030563e-5
0.0
0.0
0.0
0.0
0.0
0.0
0.0
0.0
0.00024977036498325533
0.00014558372136529635
1.4903142180694086e-5
8.526381154652906e-7
0.0
0.0
0.0
0.0
0.0
0.0
0.0
0.0
0.0
0.0
1.3200388108998102e-5
6.395677814413368e-5
0.0
0.0
0.0
0.0
0.0
0.0
0.0
0.0
0.0004683554144005119
0.00027594032247435567
5.177181959088112e-5
7.147810614893319e-6
6.85899959787323e-7
0.0
0.0
0.0
0.0
0.0
0.0
0.0
0.0
1.7307215827615e-8
3.533034675957004e-5
9.086976854596928e-5
0.0
0.0
0.0
0.0
0.0
0.0
0.0
0.0
0.0006033669819577487
0.0003350685681152242
7.642460565133952e-5
2.1912705915275283e-5
4.627267638557862e-6
1.9160055294281396e-6
1.9401240436355715e-6
0.0
0.0
0.0
0.0
0.0
0.0
1.3083233666232896e-5
9.40780211571907e-5
0.0001720397460087412
0.0
0.0
0.0
0.0
0.0
0.0
0.0
0.0
0.0006928373754890693
0.0004794370681488687
0.00017985376857110755
0.00010002300434646708
7.026386750829547e-5
6.227638473910479e-5
5.2844263822345315e-5
1.3691924148149938e-5
0.0
0.0
3.4110446803369077e-6
4.801024196469416e-5
0.0
0.0
0.0
0.0
0.0
0.0
0.0
0.0
0.0
0.0
0.0
0.0
0.0
0.0
0.0
0.0
0.0
0.0
0.0
0.0
0.0
0.0
0.0
0.0
0.0
0.0
0.0
0.0
0.0
0.0
0.0
0.0
0.0
0.0
0.0
0.0
0.0009568674354858544
0.0006466850474090545
9.869347111533577e-5
4.295495443293249e-5
1.8442514732682103e-5
6.694571178187338e-6
3.5101718007505284e-6
0.0
0.0
0.0
0.0
0.0
1.5890842357966395e-5
6.49732130113771e-5
0.00016997809250173367
0.00025168457882736956
0.0
0.0
0.0
0.0
0.0
0.0
0.0
0.0
0.0008087303414784834
0.0006124414585640366
0.0001082309295471638
5.9282790046691736e-5
3.3511329362164764e-5
6.765064009126856e-6
2.8762852401830967e-5
1.510286337809116e-6
0.0
0.0
0.0
0.0
9.069862021108275e-6
5.669977651726751e-5
0.00013183634891242345
0.00021747402050368612
0.0
0.0
0.0
0.0
0.0
0.0
0.0
0.0
0.0006938993597488544
0.0003919104102729653
8.461620282787295e-5
2.9632126442643797e-5
6.579205554174761e-6
1.8624938793692101e-6
1.2940790835693337e-6
0.0
0.0
0.0
0.0
0.0
5.798258428570772e-8
2.2770855260694345e-5
9.761781855826381e-5
0.0001900480250981
0.0
0.0
0.0
0.0
0.0
0.0
0.0
0.0
0.0006647148530087425
0.0006030376585253992
0.0002077775106906564
8.988669551864531e-5
6.7833496021513776e-6
1.2476606601440574e-6
2.010805961018569e-6
2.4226674238857353e-8
0.0
0.0
0.0
1.1352289544712562e-7
5.817408010321084e-5
0.000103469582019102
0.00017780166929341046
0.00026765493960228127
0.0
0.0
0.0
0.0
0.0
0.0
0.0
0.0
0.0008935199245939717
0.0006275028272907939
0.00020986764247665185
6.772515547472753e-5
3.57120383992768e-5
1.1284406318077593e-5
1.3867748351526634e-5
2.1186024390202924e-6
0.0
6.298084754754556e-8
2.2177632808550217e-6
4.5721917196481455e-5
0.00011786375151827393
0.0002352051130606063
0.00046847348825543815
0.0005458789647520095
0.0
0.0
0.0
0.0
0.0
0.0
0.0
0.0
0.001395968908661447
0.0010579279487937195
0.0005606983910249977
0.0003236469955779437
0.00021802034080636086
0.0006642951286332325
0.0005490888119123291
0.0005910287288128993
0.0005953711435523786
0.00022596244386263834
0.0003485523754019417
0.0005536243415564347
0.0
0.0
0.0
0.0
0.0
0.0
0.0
0.0
0.0
0.0
0.0
0.0
0.0
0.0
0.0
0.0
0.0
0.0
0.0
0.0
0.0
0.0
0.0
0.0
0.0
0.0
0.0
0.0
0.0
0.0
0.0
0.0
2.6418171239976494e-5
3.833917647127327e-5
3.864952985246163e-5
4.5978939719227e-5
0.002405301430226198
0.0014011993436606137
0.0006470678094591512
0.00041679436206373995
0.00018844406626857067
0.00013228323632879596
0.00013546708013805234
5.267843351118095e-5
7.351440462874131e-6
7.933928702474686e-6
1.7642183798669028e-5
6.044965614230096e-5
0.0001281294764885687
0.0002739056000832511
0.000540770594303107
0.0006175471793612781
0.0
0.0
0.0
0.0
0.0
0.0
0.0
0.0
0.0012901607945794845
0.0009818990716697557
0.00027990966466094136
7.640736520266467e-5
4.221341880321557e-5
3.299258502168257e-5
3.440999840306896e-5
2.572865334962227e-6
0.0
0.0
0.0
7.040659951051876e-6
7.676229430757348e-5
0.0001434911008060802
0.0003428372484379787
0.00047060593633633765
0.0
0.0
0.0
0.0
0.0
0.0
0.0
0.0
0.0009708766468629682
0.0008492537309926135
0.00037330579868145614
0.0002888828018901581
0.00015741738503485535
3.7380012755733086e-5
9.217297406910109e-5
7.305182022169973e-5
1.0459454794570562e-5
1.0317033563992902e-8
5.151679871443938e-6
4.420039660733578e-5
0.00010820926139880574
0.0002842680031159382
0.00047978613490841533
0.0005420631253629729
0.0
0.0
0.0
0.0
0.0
0.0
0.0
0.0
0.0009098955421250136
0.0007508824616923365
0.00027927521053358693
0.00011919478400646578
6.662765003534705e-5
1.7120932653580588e-5
6.440401452046845e-6
2.758742323760655e-7
0.0
0.0
0.0
3.026509431321569e-5
0.0001705977736981794
0.00025939562352262675
0.00039999934399411315
0.00045002681307628774
0.0
0.0
0.0
0.0
0.0
0.0
0.0
0.0
0.0008118082807980468
0.000699048562510927
0.000282842628390304
0.0001419661735915863
6.222613218398932e-5
1.1482996744793932e-5
7.509172900871171e-6
0.00015458977932849977
0.00027610798621472663
0.0003014237796801312
0.000346515527985395
0.0004928836241789942
0.0006849122864166239
0.0006661838727226939
0.0007122229805365733
0.0007759350601745018
0.0
0.0
0.0
0.0
0.0
0.0
0.0
0.0
0.0012573980386710358
0.0007866316973645507
0.0004485507774373057
0.00032006963673364555
0.0002358182984081429
0.00021675702462123443
0.00015561679141042945
0.00012329287893133803
9.52186418235599e-5
0.00010202262150187093
0.00011897029176085729
0.00024375395755162182
0.0
0.0
0.0
0.0
0.0
0.0
0.0
0.0
0.0
0.0
0.0
0.0
0.0
0.0
0.0
0.0
0.0
0.0
0.0
0.0
0.0
0.0
0.0
0.0
0.0
0.0
0.0
0.0
0.0
0.0
0.0
0.0
0.0
0.0
0.0
0.0
0.0014377399355054222
0.0010724321587560293
0.0003319553047002798
0.0001694066264763354
0.00010894951269855815
7.415107920357847e-5
7.017208652062372e-5
1.451363760791326e-5
0.0
0.0
0.0
0.0
2.0850079396255953e-5
7.322351248821785e-5
0.00019869975716929397
0.0003333300179275535
0.0
0.0
0.0
0.0
0.0
0.0
0.0
0.0
0.0009157874748198425
0.0006681370312396125
0.00012619550280690427
7.357263560396968e-5
4.5504594051679135e-5
2.28506250510151e-5
2.722013606192911e-5
3.3548075895963495e-7
0.0
0.0
0.0
0.0
9.529865801464976e-6
5.565887573783782e-5
0.00014808852698379945
0.00028791048795790986
0.0
0.0
0.0
0.0
0.0
0.0
0.0
0.0
0.000785506700757291
0.0005940472444467291
0.00010548513420026514
3.8396453941111605e-5
1.7973602817331207e-5
3.3182214889783682e-6
2.584884029573543e-6
0.0
0.0
0.0
0.0
0.0
4.9634805103832146e-5
0.00013902437461328805
0.00026477458006782224
0.00035402176909607187
0.0
0.0
0.0
0.0
0.0
0.0
0.0
0.0
0.0007015344802205256
0.000622163918621994
0.00020784306946758466
7.915227451561613e-5
3.8208627549576565e-5
1.3594265546289555e-5
7.859827104864237e-6
3.6219960521833486e-7
0.0
0.0
0.0
4.5259220512538905e-7
5.8162426660510175e-5
0.00013386547962395388
0.00026923404859541435
0.00035342354927856264
0.0
0.0
0.0
0.0
0.0
0.0
0.0
0.0
0.0007693850859079176
0.0005709724845342479
0.00010450990541068464
4.603494515086369e-5
2.2490980186263088e-5
4.270781813409688e-6
4.476565954358538e-6
4.8395082850245324e-8
1.3308653091668467e-7
0.0
0.0
1.1727624503486177e-5
0.0001425606598592562
0.000216557115511319
0.00040180616559672
0.0004927043760208987
0.0
0.0
0.0
0.0
0.0
0.0
0.0
0.0
0.00081997221747808
0.0007663295044664615
0.00045511755742326846
0.0002745507373840577
0.00018302705556961398
0.0001315500565302626
8.496102389162842e-5
4.61920759684955e-5
5.9364868166374487e-5
7.199447355108622e-5
0.00010442764381157832
0.0001961747935797268
0.0
0.0
0.0
0.0
0.0
0.0
0.0
0.0
0.0
0.0
0.0
0.0
0.0
0.0
0.0
0.0
0.0
0.0
0.0
0.0
0.0
0.0
0.0
0.0
0.0
0.0
0.0
0.0
0.0
0.0
0.0
0.0
0.0
0.0
0.0
0.0
0.0012840559933826128
0.000777653551973238
0.0001534856646127846
6.248683106185112e-5
3.363420892585765e-5
3.0324888012861828e-5
3.00078239986713e-5
7.463443759985717e-7
0.0
0.0
0.0
0.0
3.261003956271749e-5
8.145582900550571e-5
0.00020549456190140523
0.00033128425797541853
0.0
0.0
0.0
0.0
0.0
0.0
0.0
0.0
0.0007479725795665577
0.00044247727531974263
0.00010000463781371172
5.403839818956731e-5
3.115014716844735e-5
1.6459631847128827e-5
2.434320685232518e-5
5.672122427191263e-7
0.0
0.0
0.0
0.0
8.100198832544255e-8
2.9388979942127214e-5
0.00010083416111248295
0.00019656692532018773
0.0
0.0
0.0
0.0
0.0
0.0
0.0
0.0
0.0007340641638948891
0.0005787572590061644
0.00014122608265026298
1.2485686652111057e-5
1.6556012300656913e-6
2.537793548976797e-7
2.719067781548526e-7
0.0
0.0
0.0
0.0
0.0
4.279445216870466e-6
4.684210203034479e-5
0.00010773257240514751
0.0001795600508851618
0.0
0.0
0.0
0.0
0.0
0.0
0.0
0.0
0.0005237412984836155
0.0002885093752746931
4.115935484580058e-5
6.295401031965036e-6
2.3365813249951708e-6
6.053348365089316e-8
0.0
0.0
0.0
0.0
0.0
0.0
0.0
1.4364310610160636e-6
5.2798088147911054e-5
0.00011240745319917914
0.0
0.0
0.0
0.0
0.0
0.0
0.0
0.0
0.00046550752598542485
0.00037482199939434
3.9838122701682176e-5
5.2622710835590805e-6
1.6490203151374628e-6
1.9400308329423262e-7
3.63755951569705e-8
0.0
0.0
0.0
0.0
0.0
0.0
6.975726532996486e-8
4.211489619637904e-5
8.222152444936323e-5
0.0
0.0
0.0
0.0
0.0
0.0
0.0
0.0
0.0004238429987188681
0.00037333509584795536
0.00021296745222889913
0.00010066376198361765
3.5965322308574726e-5
3.9932426867810315e-5
3.133384629672377e-5
7.596305678144217e-6
1.9010280703457317e-5
3.509256258122295e-5
5.3245923427552946e-5
9.183182597388947e-5
0.0
0.0
0.0
0.0
0.0
0.0
0.0
0.0
0.0
0.0
0.0
0.0
0.0
0.0
0.0
0.0
0.0
0.0
0.0
0.0
0.0
0.0
0.0
0.0
0.0
0.0
0.0
0.0
0.0
0.0
0.0
0.0
0.0
0.0
0.0
0.0
0.0006689836444438394
0.0005828714328698736
0.00012811005153817983
3.3106673218878286e-5
3.60493506454615e-6
4.2554307646883276e-7
2.3100936784755145e-7
0.0
0.0
0.0
0.0
0.0
3.5478065772437045e-5
0.0001158245143256235
0.00023087274350593617
0.0002954498060009136
0.0
0.0
0.0
0.0
0.0
0.0
0.0
0.0
0.0005284265276939408
0.0004174735654880266
8.268581845796344e-5
3.1032275370342004e-5
5.284622494678257e-6
2.3866054957768138e-6
1.8630255588888024e-6
0.0
0.0
0.0
0.0
0.0
8.451499917370412e-6
8.213928852580596e-5
0.0002166701639137794
0.0002907163053933386
0.0
0.0
0.0
0.0
0.0
0.0
0.0
0.0
0.0005622460994716525
0.000489492803203677
0.00011764003610427742
4.429207445730201e-5
1.5460260488276522e-5
2.5959743639325283e-6
1.048145465802214e-6
0.0
0.0
0.0
0.0
0.0
3.3475728490865214e-5
8.293550868741305e-5
0.00017421575490115802
0.0002805707160570596
0.0
0.0
0.0
0.0
0.0
0.0
0.0
0.0
0.0006163073609836357
0.0005213463193436742
0.00014586894902468887
2.7457924699371563e-5
8.06215048990726e-6
1.3044203711604819e-6
2.5600834005295665e-7
0.0
0.0
0.0
0.0
0.0
5.066776638598129e-5
9.423711179923195e-5
0.0001945829693396871
0.00030360813761108634
0.0
0.0
0.0
0.0
0.0
0.0
0.0
0.0
0.0007559029266014409
0.00044823052117885125
0.00015273585680867306
8.787254197239099e-5
0.00033367529146598483
0.00022892207051216875
5.3185878731539424e-5
8.401054249625354e-6
0.0
6.9461323296453e-7
0.0
1.9664663288467784e-5
9.598443886459e-5
0.00023120873465087009
0.00046115169957414636
0.0005467676482208793
0.0
0.0
0.0
0.0
0.0
0.0
0.0
0.0
0.0011068173272586284
0.0006804544689893394
0.0003294896353786788
0.00019103336530890613
0.00013262607881524096
0.0001100627321589719
9.633337991144841e-5
3.9285270714832e-5
1.3225702809335131e-6
1.8824159213880406e-5
4.339797404559473e-5
0.00010513803392777038
0.0
0.0
0.0
0.0
0.0
0.0
0.0
0.0
0.0
0.0
0.0
0.0
0.0
0.0
0.0
0.0
0.0
0.0
0.0
0.0
0.0
0.0
0.0
0.0
0.0
0.0
0.0
0.0
0.0
0.0
0.0
0.0
0.0
0.0
0.0
0.0
0.0009672482530223227
0.0005973781054098437
0.00017756534432476756
6.847988407906692e-5
2.6819108413235422e-5
1.1890307044337678e-5
2.008793093524816e-5
3.25622045848002e-7
0.0
0.0
0.0
0.0
0.0
8.978228372087259e-6
0.00010911899231776039
0.0002280669244454727
0.0
0.0
0.0
0.0
0.0
0.0
0.0
0.0
0.0005844634249435022
0.00048581105576710247
8.505708528583365e-5
6.560585873506009e-6
4.4740812014738476e-7
0.0
0.0
0.0
0.0
0.0
0.0
0.0
1.3419454116570309e-6
3.643691808581812e-5
0.0001141025367623467
0.0002227085087295284
0.0
0.0
0.0
0.0
0.0
0.0
0.0
0.0
0.0005935836102672389
0.0004909477518067277
0.00012414922440368253
2.594091739073922e-5
3.575684012633017e-6
2.423592697222054e-7
0.0
0.0
0.0
0.0
0.0
0.0
2.2346467262956052e-5
7.489101999169081e-5
0.00014590819328889976
0.00025204936422304816
0.0
0.0
0.0
0.0
0.0
0.0
0.0
0.0
0.0005626393458559492
0.00042815468041114283
4.514509544655478e-5
8.249102053734717e-6
1.7478626839618712e-6
2.6703557060751173e-7
7.161421860460215e-7
0.0
0.0
0.0
0.0
0.0
1.8053360497893006e-5
6.875493700587994e-5
0.0002139162311078669
0.0003250515706387916
0.0
0.0
0.0
0.0
0.0
0.0
0.0
0.0
0.000749607632331009
0.0006086570760126823
0.00019058561928917298
7.492441881090104e-5
1.6165307132702204e-5
3.607100852359996e-6
3.5707068431997557e-6
3.0363345292243646e-7
0.0
0.0
0.0
0.0
1.2143998635853602e-5
6.056431816526752e-5
0.00016049980886531694
0.00027115980233130104
0.0
0.0
0.0
0.0
0.0
0.0
0.0
0.0
0.0007790950500986596
0.0006526006336546979
0.00024893864502751017
0.00014457669662578185
0.00012021047239124619
2.891311573160639e-5
2.9759300745676656e-6
3.522549290034415e-7
0.0
4.4084896339443945e-6
2.6179302428935286e-5
6.794478496634943e-5
0.0
0.0
0.0
0.0
0.0
0.0
0.0
0.0
0.0
0.0
0.0
0.0
0.0
0.0
0.0
0.0
0.0
0.0
0.0
0.0
0.0
0.0
0.0
0.0
0.0
0.0
0.0
0.0
0.0
0.0
0.0
0.0
0.0
0.0
0.0
0.0
0.0
0.0
0.0
0.0
0.0
0.0
0.0
0.0
0.0
0.0
0.0
0.0
0.0
0.0
0.0
0.0
0.0
0.0
0.0
0.0
0.0
0.0
0.0
0.0
0.00023645532477050278
0.0001328812637421908
9.363034800401577e-7
0.0
0.0
0.0
0.0
0.0
0.0
0.0
0.0
0.0
0.0
0.0
1.292676828733102e-6
2.4709572178289514e-5
0.0
0.0
0.0
0.0
0.0
0.0
0.0
0.0
0.00013046885792459227
6.794752867502172e-5
6.488992712686714e-7
0.0
0.0
0.0
0.0
0.0
0.0
0.0
0.0
0.0
0.0
9.916245620925153e-8
4.4171331983309286e-5
7.953321256170782e-5
0.0
0.0
0.0
0.0
0.0
0.0
0.0
0.0
0.00033327174743148004
0.00018925819983824338
1.928927803811872e-5
4.908387477257522e-6
2.4115885265213217e-6
1.047463219662861e-6
1.6077409744078483e-6
0.0
0.0
0.0
0.0
0.0
0.0
2.6124049381887806e-5
0.0001046713325276898
0.0002054026734014344
0.0
0.0
0.0
0.0
0.0
0.0
0.0
0.0
0.0007307687130239943
0.00041857788411310223
5.4249989485798075e-5
7.982878935240921e-6
4.198964408195084e-6
2.154271019017742e-6
1.4970444866914603e-6
0.0
0.0
0.0
0.0
0.0
0.0
3.2825705191575e-5
0.0001912769992288458
0.00030917672537641186
0.0
0.0
0.0
0.0
0.0
0.0
0.0
0.0
0.0005622031665085612
0.0005094453949657924
0.00019274882420778586
0.00013260411536556807
0.00010177458347775254
8.820902634787227e-5
8.101361427905539e-5
4.0673328226963805e-5
4.996740322820867e-7
3.664211919289919e-6
3.1203923643919384e-5
0.00011359706632321752
0.0
0.0
0.0
0.0
0.0
0.0
0.0
0.0
0.0
0.0
0.0
0.0
0.0
0.0
0.0
0.0
0.0
0.0
0.0
0.0
0.0
0.0
0.0
0.0
0.0
0.0
0.0
0.0
0.0
0.0
0.0
0.0
0.0
0.0
0.0
0.0
0.0007603813826200671
0.0006320900464302429
0.00021161766566966467
0.0002947129872295634
0.00019736000350960598
1.324754658494888e-5
1.4101629248404812e-5
2.7312858776739027e-6
3.6545928985439393e-8
0.0
0.0
1.1841004939546908e-6
5.634111815911126e-5
0.00010762171727958873
0.000315391883788195
0.00042021263891118166
0.0
0.0
0.0
0.0
0.0
0.0
0.0
0.0
0.0007834586694615849
0.0006566058522534754
0.00021142337313485572
9.459505917868444e-5
1.3455668659492792e-5
2.581810960808132e-6
2.3399597865411906e-6
3.652353804762496e-7
0.0
0.0
0.0
1.2550614467046632e-6
5.3488526236943066e-5
9.133748936284938e-5
0.0001704866827475777
0.0002667974701259007
0.0
0.0
0.0
0.0
0.0
0.0
0.0
0.0
0.0005652161347937649
0.0004745038545405718
0.00012528165547992314
2.242450138616079e-5
1.1136462647406445e-6
0.0
2.3149080473774012e-7
0.0
0.0
0.0
0.0
0.0
1.943718074491389e-5
6.413783518691096e-5
0.00013351981718220615
0.00022759633856232517
0.0
0.0
0.0
0.0
0.0
0.0
0.0
0.0
0.0007710142079455443
0.0006191113415447843
0.0003085070129350832
0.00018490756742803495
9.456723338364943e-6
1.851593891180644e-6
8.036183130113569e-7
0.0
0.0
0.0
0.0
0.0
4.8021734229948155e-5
9.732709483634186e-5
0.0002850865881758028
0.0003847127423959096
0.0
0.0
0.0
0.0
0.0
0.0
0.0
0.0
0.0005141271837825472
0.00043130186246141336
0.0001175900336550103
4.0622630295324266e-5
4.349938863577428e-6
6.705107162491939e-7
9.021438728610284e-7
0.0
0.0
0.0
0.0
0.0
2.539457373956522e-5
7.158334456938267e-5
0.00014271316462546315
0.000248996754580142
0.0
0.0
0.0
0.0
0.0
0.0
0.0
0.0
0.000611355069597374
0.0005623065291838992
0.0003156499328713928
0.00019339651508819898
0.00010381543445991273
5.1227271265098874e-5
2.6921892361697734e-5
1.9780733768053202e-5
5.3466439934643056e-5
6.816380409491918e-5
8.099413355747388e-5
0.00011894356357929397
0.0
0.0
0.0
0.0
0.0
0.0
0.0
0.0
0.0
0.0
0.0
0.0
0.0
0.0
0.0
0.0
0.0
0.0
0.0
0.0
0.0
0.0
0.0
0.0
0.0
0.0
0.0
0.0
0.0
0.0
0.0
0.0
0.0
0.0
0.0
0.0
0.0006343510674555843
0.0005284060160503137
0.0001205196295973552
3.2111580758527204e-5
7.3580412825280075e-6
2.465406403978709e-6
1.708120904961931e-6
0.0
0.0
0.0
0.0
0.0
2.9943050529536306e-5
7.927314252029324e-5
0.00015720005457739664
0.0002545694207926822
0.0
0.0
0.0
0.0
0.0
0.0
0.0
0.0
0.0004531051993454089
0.000353465113442383
4.1133307599298565e-5
2.558155281848107e-6
2.4421611028443238e-8
0.0
0.0
0.0
0.0
0.0
0.0
0.0
0.0
2.399575515631549e-5
0.00010719218165927216
0.00016869909271622447
0.0
0.0
0.0
0.0
0.0
0.0
0.0
0.0
0.00045804927143590677
0.0004173603768775679
0.00011460547903741285
2.124321223612471e-5
3.7754412825514755e-6
1.405108100846632e-6
6.842284685436606e-7
0.0
0.0
0.0
0.0
0.0
3.949291300111598e-6
6.304223742132474e-5
0.0001866086560796171
0.0002514834426862149
0.0
0.0
0.0
0.0
0.0
0.0
0.0
0.0
0.0004611393604252824
0.00035381993757004694
4.154467167802952e-5
4.376411887384388e-6
1.222466517235064e-6
1.2224684971774037e-8
0.0
0.0
0.0
0.0
0.0
0.0
0.0
3.905857732065351e-7
5.075333607482879e-5
0.00011255165533784026
0.0
0.0
0.0
0.0
0.0
0.0
0.0
0.0
0.00034786228372481746
0.0002964301376596153
3.1817255621591545e-5
3.1316453348287816e-6
4.159233044367864e-7
0.0
0.0
0.0
0.0
0.0
0.0
0.0
0.0
4.799603217332778e-6
5.529892525605039e-5
7.740379140053677e-5
0.0
0.0
0.0
0.0
0.0
0.0
0.0
0.0
0.00024700920545280437
0.0002782655594779106
9.132313562590483e-5
1.2648515959601061e-5
3.121914713846309e-6
1.7997014998484207e-6
6.733596556717561e-7
0.0
0.0
0.0
0.0
2.2093641190948657e-5
0.0
0.0
0.0
0.0
0.0
0.0
0.0
0.0
0.0
0.0
0.0
0.0
0.0
0.0
0.0
0.0
0.0
0.0
0.0
0.0
0.0
0.0
0.0
0.0
0.0
0.0
0.0
0.0
0.0
0.0
0.0
0.0
0.0
0.0
0.0
0.0
0.00042259086829794134
0.0003250795173364121
4.159758276399581e-5
7.027315308686103e-6
2.227975577737794e-6
1.8362486191328138e-7
2.4483328106219455e-7
0.0
0.0
0.0
0.0
0.0
0.0
1.446011729641911e-6
5.556135673946275e-5
0.00010375802230719429
0.0
0.0
0.0
0.0
0.0
0.0
0.0
0.0
0.00041276658083247653
0.00036247190741632546
4.3409663388563094e-5
2.8210718166829413e-6
2.2039256458469479e-7
0.0
0.0
0.0
0.0
0.0
0.0
0.0
1.873842231545725e-6
3.5344573483798514e-5
9.726554716518829e-5
0.0001264912031002467
0.0
0.0
0.0
0.0
0.0
0.0
0.0
0.0
0.0004263686534682152
0.0003607266657255617
5.196359224280414e-5
5.343110963812957e-6
1.836801864813583e-7
0.0
0.0
0.0
0.0
0.0
0.0
0.0
4.186872723522927e-6
4.303363625598782e-5
9.810706569046898e-5
0.00013227260548146278
0.0
0.0
0.0
0.0
0.0
0.0
0.0
0.0
0.00026909174924244294
0.00019805168401570622
3.2222936544292218e-6
1.6295328334113978e-6
0.0
0.0
0.0
0.0
0.0
0.0
0.0
0.0
0.0
3.532273968589814e-6
5.8795182197541466e-5
9.091712875373394e-5
0.0
0.0
0.0
0.0
0.0
0.0
0.0
0.0
0.0002895156143424065
0.00028919880803272683
4.1880124988462186e-5
3.8005554379999932e-6
2.9418572637446154e-7
0.0
0.0
0.0
0.0
0.0
0.0
0.0
0.0
8.746540141097698e-7
5.094765542921126e-5
8.518745889878149e-5
0.0
0.0
0.0
0.0
0.0
0.0
0.0
0.0
0.00030257066271041665
0.00030485488923199123
0.00011086652660754977
2.421501397101074e-5
5.751705824076127e-6
9.95859550854766e-6
1.1504245679687433e-5
1.5943991186516645e-6
0.0
1.1493695479578839e-7
9.485257499047861e-6
5.3656709097915046e-5
0.0
0.0
0.0
0.0
0.0
0.0
0.0
0.0
0.0
0.0
0.0
0.0
0.0
0.0
0.0
0.0
0.0
0.0
0.0
0.0
0.0
0.0
0.0
0.0
0.0
0.0
0.0
0.0
0.0
0.0
0.0
0.0
0.0
0.0
0.0
0.0
0.00046923550046053215
0.000392113397588706
5.409775900595654e-5
4.80588852998976e-6
2.2803584903594696e-6
2.5746049502626747e-7
2.4520055087600073e-8
0.0
0.0
0.0
0.0
0.0
5.87774501628544e-8
1.3262965012161082e-5
0.00010994287713595668
0.00019307280010578216
0.0
0.0
0.0
0.0
0.0
0.0
0.0
0.0
0.0004344449756196734
0.00031426266332561107
3.583331860376852e-5
6.8294488804519595e-6
1.6552265380031653e-6
9.808768071593496e-8
0.0
0.0
0.0
0.0
0.0
0.0
0.0
5.878192234948896e-9
4.5399379954749816e-5
0.00011486192557634138
0.0
0.0
0.0
0.0
0.0
0.0
0.0
0.0
0.0003018835549221008
0.00018688148225381258
1.380020543966906e-5
7.726402515173402e-7
0.0
0.0
0.0
0.0
0.0
0.0
0.0
0.0
0.0
0.0
0.0
9.083105852818284e-6
0.0
0.0
0.0
0.0
0.0
0.0
0.0
0.0
0.00012030260841651015
8.222988219808779e-5
1.897260005418318e-6
0.0
0.0
0.0
0.0
0.0
0.0
0.0
0.0
0.0
0.0
0.0
0.0
3.954610497758891e-6
0.0
0.0
0.0
0.0
0.0
0.0
0.0
0.0
0.00013754039723447748
8.992081734831658e-5
1.9548558878156786e-6
0.0
0.0
0.0
0.0
0.0
0.0
0.0
0.0
0.0
0.0
0.0
0.0
3.3451155384886662e-6
0.0
0.0
0.0
0.0
0.0
0.0
0.0
0.0
0.00016002104385726463
0.00015608829641323171
3.923765494110224e-5
1.2293612933249924e-5
3.007020473413937e-6
1.44828504275511e-6
7.609650197007348e-7
3.559356593632666e-7
0.0
0.0
0.0
1.3716745630939858e-5
0.0
0.0
0.0
0.0
0.0
0.0
0.0
0.0
0.0
0.0
0.0
0.0
0.0
0.0
0.0
0.0
0.0
0.0
0.0
0.0
0.0
0.0
0.0
0.0
0.0
0.0
0.0
0.0
0.0
0.0
0.0
0.0
0.0
0.0
0.0
0.0
0.00039821068852497626
0.00027962109801014684
4.698275873968941e-5
6.78493345202089e-6
1.6316300668592573e-6
0.0
0.0
0.0
0.0
0.0
0.0
0.0
0.0
0.0
2.3169620861015717e-5
6.443004036201273e-5
0.0
0.0
0.0
0.0
0.0
0.0
0.0
0.0
0.0
0.0
0.0
0.0
0.0
0.0
0.0
0.0
0.0
0.0
0.0
0.0
0.0
0.0
0.0
0.0
0.0
0.0
0.0
0.0
0.0
0.0
0.0
0.0
0.00036261230807869467
0.00032795965833619785
2.6863578418695153e-5
4.465433377546227e-6
2.110051216258419e-6
3.9256863950373363e-7
1.7788277529780525e-7
0.0
0.0
0.0
0.0
0.0
0.0
6.503732232230953e-6
6.589783503376751e-5
0.00013088922282379945
0.0
0.0
0.0
0.0
0.0
0.0
0.0
0.0
0.0003710206083842719
0.0003374862249401118
4.1626522585353494e-5
7.700085558403828e-6
1.9631154954915687e-6
1.226949516850852e-8
0.0
0.0
0.0
0.0
0.0
0.0
0.0
2.181132491781409e-5
0.000115817808587226
0.00018307595754534826
0.0
0.0
0.0
0.0
0.0
0.0
0.0
0.0
0.0003256750048854937
0.00029427439009047264
5.4195304121890105e-5
4.454733204930575e-6
2.2092626798756595e-7
0.0
0.0
0.0
0.0
0.0
0.0
0.0
0.0
8.37380731146878e-6
7.778635552140094e-5
0.0001445080865536038
0.0
0.0
0.0
0.0
0.0
0.0
0.0
0.0
0.00024211700934663794
0.00021944347356905216
9.905943336118055e-5
2.9153638262511227e-5
2.6280127658011764e-6
5.526210387315108e-7
0.0
0.0
0.0
0.0
0.0
2.168015497283725e-5
0.0
0.0
0.0
0.0
0.0
0.0
0.0
0.0
0.0
0.0
0.0
0.0
0.0
0.0
0.0
0.0
0.0
0.0
0.0
0.0
0.0
0.0
0.0
0.0
0.0
0.0
0.0
0.0
0.0
0.0
0.0
0.0
0.0
0.0
0.0
0.0
0.00019173425150686358
0.00013297180788341344
3.844653026445849e-6
0.0
0.0
0.0
0.0
0.0
0.0
0.0
0.0
0.0
0.0
0.0
0.0
0.0
0.0
0.0
0.0
0.0
0.0
0.0
0.0
0.0
6.49273977631503e-5
6.260870134896134e-5
6.797487007969839e-7
0.0
0.0
0.0
0.0
0.0
0.0
0.0
0.0
0.0
0.0
0.0
0.0
4.11195320757187e-6
0.0
0.0
0.0
0.0
0.0
0.0
0.0
0.0
6.38426635173728e-5
5.893112100849715e-5
1.1426182845368727e-6
0.0
0.0
0.0
0.0
0.0
0.0
0.0
0.0
0.0
0.0
0.0
0.0
7.619366955793388e-6
0.0
0.0
0.0
0.0
0.0
0.0
0.0
0.0
0.00013377080230434613
9.423842749236715e-5
2.568322497016839e-6
2.45772987567156e-8
0.0
0.0
0.0
0.0
0.0
0.0
0.0
0.0
0.0
0.0
2.8691787987668545e-5
6.644427864407906e-5
0.0
0.0
0.0
0.0
0.0
0.0
0.0
0.0
0.00023108322892701857
0.0002122222857190384
1.0617826176730974e-5
5.531203404737266e-7
0.0
0.0
0.0
0.0
0.0
0.0
0.0
0.0
0.0
0.0
4.69726785711321e-5
8.243511550685748e-5
0.0
0.0
0.0
0.0
0.0
0.0
0.0
0.0
0.0002052852019793908
0.0002582458595657347
0.00013567718127091701
7.766779779612751e-5
2.4700725157602214e-5
2.63403524078756e-6
2.2748834726800745e-6
3.811974817195371e-7
4.4431568168276724e-6
1.5060384027200171e-5
3.3940197782213726e-5
7.106149612002129e-5
0.0
0.0
0.0
0.0
0.0
0.0
0.0
0.0
0.0
0.0
0.0
0.0
0.0
0.0
0.0
0.0
0.0
0.0
0.0
0.0
0.0
0.0
0.0
0.0
0.0
0.0
0.0
0.0
0.0
0.0
0.0
0.0
0.0
0.0
0.0
0.0
0.00025221243704524556
0.0001794297275832898
1.5416499407476646e-5
2.4596374025626786e-6
0.0
0.0
0.0
0.0
0.0
0.0
0.0
0.0
0.0
0.0
1.0381888785376111e-5
5.908279532344551e-5
0.0
0.0
0.0
0.0
0.0
0.0
0.0
0.0
0.00030717698939846706
0.00016844737912350666
1.4671996392804287e-5
2.9886109519892935e-6
3.689652067109555e-7
0.0
0.0
0.0
0.0
0.0
0.0
0.0
0.0
0.0
2.0540092616407094e-5
8.117733464510004e-5
0.0
0.0
0.0
0.0
0.0
0.0
0.0
0.0
0.0003025962148218306
0.0002020443994671127
1.7877999494421518e-5
3.2593849172497404e-6
3.443886963495991e-7
0.0
0.0
0.0
0.0
0.0
0.0
0.0
0.0
0.0
6.410561054630973e-6
3.55486349605094e-5
0.0
0.0
0.0
0.0
0.0
0.0
0.0
0.0
0.00012716960954249043
7.565008724380912e-5
2.2102326910686653e-6
0.0
0.0
0.0
0.0
0.0
0.0
0.0
0.0
0.0
0.0
0.0
9.22318781987244e-7
2.1736981534533223e-5
0.0
0.0
0.0
0.0
0.0
0.0
0.0
0.0
0.00012180227895090781
9.480456021871657e-5
2.996028610960704e-6
9.843235585156988e-8
0.0
0.0
0.0
0.0
0.0
0.0
0.0
0.0
0.0
0.0
6.692227475068899e-6
3.876931282793616e-5
0.0
0.0
0.0
0.0
0.0
0.0
0.0
0.0
0.00020772361199307074
0.0001509599641024589
5.5525970710757456e-5
2.5822957307745964e-5
6.338158271598477e-6
1.9567909765961883e-6
1.4768271563580976e-6
1.3537599349522865e-7
0.0
0.0
0.0
0.0
0.0
0.0
0.0
0.0
0.0
0.0
0.0
0.0
0.0
0.0
0.0
0.0
0.0
0.0
0.0
0.0
0.0
0.0
0.0
0.0
0.0
0.0
0.0
0.0
0.0
0.0
0.0
0.0
0.0
0.0
0.0
0.0
0.0
0.0
0.0
0.0
0.00017337222341283154
0.00011429332364218968
6.831346329527572e-7
0.0
0.0
0.0
0.0
0.0
0.0
0.0
0.0
0.0
0.0
0.0
1.200751056965248e-6
2.5939688773466105e-5
0.0
0.0
0.0
0.0
0.0
0.0
0.0
0.0
0.00013122557147637838
8.481389233532376e-5
3.213025184879531e-6
1.6003477429588035e-7
0.0
0.0
0.0
0.0
0.0
0.0
0.0
0.0
0.0
0.0
0.0
1.433665576878134e-5
0.0
0.0
0.0
0.0
0.0
0.0
0.0
0.0
0.00011094881596224965
8.098275941924596e-5
4.489698870946704e-6
3.447269895187601e-7
0.0
0.0
0.0
0.0
0.0
0.0
0.0
0.0
0.0
0.0
0.0
1.263653684043604e-5
0.0
0.0
0.0
0.0
0.0
0.0
0.0
0.0
7.799098412223937e-5
7.235376938437444e-5
2.639055607544566e-6
1.970060715260199e-7
0.0
0.0
0.0
0.0
0.0
0.0
0.0
0.0
4.67907264917151e-7
1.0264760200163851e-5
4.483479353346703e-5
0.00013389433107592188
0.0
0.0
0.0
0.0
0.0
0.0
0.0
0.0
0.00033089690507214956
0.00036220390577529924
7.905762586162136e-5
2.6095218210353522e-6
1.9615795340961162e-5
3.1836656755471124e-5
2.0831365788578637e-5
0.0
0.0
0.0
0.0
0.0
0.0
5.38323301459474e-6
8.552211959526467e-5
0.00013019313431343713
0.0
0.0
0.0
0.0
0.0
0.0
0.0
0.0
0.00011858758866702129
9.920905655076702e-5
3.597608039612885e-5
4.223602068354084e-6
0.0
0.0
0.0
0.0
0.0
0.0
0.0
0.0
0.0
0.0
0.0
0.0
0.0
0.0
0.0
0.0
0.0
0.0
0.0
0.0
0.0
0.0
0.0
0.0
0.0
0.0
0.0
0.0
0.0
0.0
0.0
0.0
0.0
0.0
0.0
0.0
0.0
0.0
0.0
0.0
0.0
0.0
0.0
0.0
0.00015763593433337807
0.00013394897020434113
3.5795243708063693e-6
3.2018391678244384e-7
0.0
0.0
0.0
0.0
0.0
0.0
0.0
0.0
0.0
0.0
9.846935373274348e-6
5.355322888706365e-5
0.0
0.0
0.0
0.0
0.0
0.0
0.0
0.0
0.0002741479521107785
0.00013119901229842907
3.5958816527453184e-6
0.0
0.0
0.0
0.0
0.0
0.0
0.0
0.0
0.0
0.0
0.0
3.5567125093407865e-6
4.281894146189094e-5
0.0
0.0
0.0
0.0
0.0
0.0
0.0
0.0
0.0002284452324703232
0.00012402830842797962
7.253465973758718e-6
1.6008974753144426e-7
0.0
0.0
0.0
0.0
0.0
0.0
0.0
0.0
0.0
0.0
1.9619563601542757e-6
3.161959216669784e-5
0.0
0.0
0.0
0.0
0.0
0.0
0.0
0.0
0.0001454508462388554
9.338390511400821e-5
3.969937473215461e-6
6.158069921136e-8
0.0
0.0
0.0
0.0
0.0
0.0
0.0
0.0
0.0
2.451039670006226e-6
7.76994987140293e-5
0.00014429564849076552
0.0
0.0
0.0
0.0
0.0
0.0
0.0
0.0
0.000274843476994088
0.00023995504068946165
1.8363527032585796e-5
1.317695018729466e-6
0.0
0.0
0.0
0.0
0.0
0.0
0.0
0.0
0.0
0.0
3.329655263381577e-5
0.00010491726938187614
0.0
0.0
0.0
0.0
0.0
0.0
0.0
0.0
0.000376473145917945
0.00037429921082987496
0.00018829513313374055
8.707529953392322e-5
4.4892546579475226e-5
2.503869171427888e-5
5.234026488468317e-6
1.9695012690968373e-6
1.059233675915774e-5
4.173999118929964e-5
0.00013047411380698562
0.00023202333285047858
0.0
0.0
0.0
0.0
0.0
0.0
0.0
0.0
0.0
0.0
0.0
0.0
0.0
0.0
0.0
0.0
0.0
0.0
0.0
0.0
0.0
0.0
0.0
0.0
0.0
0.0
0.0
0.0
0.0
0.0
0.0
0.0
0.0
0.0
0.0
0.0
0.0004190659105842045
0.00023387568701676713
2.5626361019672878e-5
4.465478657514506e-6
6.396848014287268e-7
0.0
0.0
0.0
0.0
0.0
0.0
0.0
0.0
0.0
0.0
7.66426589892565e-6
0.0
0.0
0.0
0.0
0.0
0.0
0.0
0.0
4.8711146285039165e-5
5.161619614248333e-5
4.059987676675609e-7
0.0
0.0
0.0
0.0
0.0
0.0
0.0
0.0
0.0
0.0
0.0
0.0
0.0
0.0
0.0
0.0
0.0
0.0
0.0
0.0
0.0
2.5152484714162002e-5
2.552571442741642e-5
0.0
0.0
0.0
0.0
0.0
0.0
0.0
0.0
0.0
0.0
0.0
0.0
0.0
2.482981187303066e-6
0.0
0.0
0.0
0.0
0.0
0.0
0.0
0.0
0.00021836767631888603
0.00019771935140900761
7.124097119796935e-6
7.874509020826665e-7
0.0
0.0
0.0
0.0
0.0
0.0
0.0
0.0
0.0
1.5626535798956873e-6
7.043101110754356e-5
0.0001379592672967186
0.0
0.0
0.0
0.0
0.0
0.0
0.0
0.0
0.0003145214085086945
0.00023801725298623706
2.6415353384218633e-5
2.1652259892820617e-6
0.0
0.0
0.0
0.0
0.0
0.0
0.0
0.0
0.0
0.0
2.0753150109991464e-6
2.530435933089366e-5
0.0
0.0
0.0
0.0
0.0
0.0
0.0
0.0
0.00011943547537848117
9.014973410854021e-5
2.325833559661783e-5
2.3255436937632046e-6
0.0
0.0
0.0
0.0
0.0
0.0
0.0
0.0
0.0
0.0
0.0
0.0
0.0
0.0
0.0
0.0
0.0
0.0
0.0
0.0
0.0
0.0
0.0
0.0
0.0
0.0
0.0
0.0
0.0
0.0
0.0
0.0
0.0
0.0
0.0
0.0
0.0
0.0
0.0
0.0
0.0
0.0
0.0
0.0
8.014495799845293e-5
6.178774391386508e-5
1.1444353340431962e-6
0.0
0.0
0.0
0.0
0.0
0.0
0.0
0.0
0.0
0.0
0.0
1.9301452193954465e-5
8.146553800312578e-5
0.0
0.0
0.0
0.0
0.0
0.0
0.0
0.0
0.00015000274498800265
0.00011110115022981061
7.913612784533098e-6
1.9691166773226133e-7
0.0
0.0
0.0
0.0
0.0
0.0
0.0
0.0
0.0
0.0
0.0
2.3067532960437902e-7
0.0
0.0
0.0
0.0
0.0
0.0
0.0
0.0
4.834519590844822e-5
4.102669459445458e-5
1.846211129974088e-7
0.0
0.0
0.0
0.0
0.0
0.0
0.0
0.0
0.0
0.0
0.0
0.0
0.0
0.0
0.0
0.0
0.0
0.0
0.0
0.0
0.0
3.442403840430449e-5
3.608800946815319e-5
1.8873805241025716e-7
0.0
0.0
0.0
0.0
0.0
0.0
0.0
0.0
0.0
0.0
0.0
0.0
6.92140063977554e-7
0.0
0.0
0.0
0.0
0.0
0.0
0.0
0.0
0.00011361009702186983
0.0001261329950652203
2.716595397128328e-6
3.077720005523613e-7
0.0
0.0
0.0
0.0
0.0
0.0
0.0
0.0
9.848707291665576e-8
1.584477014624461e-5
0.00012346018782912092
0.00017607784504064354
0.0
0.0
0.0
0.0
0.0
0.0
0.0
0.0
0.0003747526882821707
0.00037525986013268336
0.00018495339724307325
9.919105233575955e-5
2.799907843806294e-5
6.029520676850993e-6
1.293326805582399e-5
2.0919517170133816e-6
0.0
4.99085178189857e-6
2.8372070961245223e-5
0.00010206186544107491
0.0
0.0
0.0
0.0
0.0
0.0
0.0
0.0
0.0
0.0
0.0
0.0
0.0
0.0
0.0
0.0
0.0
0.0
0.0
0.0
0.0
0.0
0.0
0.0
0.0
0.0
0.0
0.0
0.0
0.0
0.0
0.0
0.0
0.0
0.0
0.0
0.00034581464276245834
0.00030802743787970856
4.781820898870429e-5
5.984174043145185e-6
1.9680662288595133e-6
0.0
0.0
0.0
0.0
0.0
0.0
0.0
0.0
1.629449996939998e-5
7.644406134738586e-5
0.0001372524688973329
0.0
0.0
0.0
0.0
0.0
0.0
0.0
0.0
0.00035816396551402354
0.0003309143695156144
4.552403252885728e-5
3.356972992601967e-6
4.79568872507412e-7
0.0
0.0
0.0
0.0
0.0
0.0
0.0
0.0
0.0
3.982013415200972e-5
0.00010969804472038799
0.0
0.0
0.0
0.0
0.0
0.0
0.0
0.0
0.0002692407455586242
0.00015873365466735392
2.4956519719588674e-5
2.9142939651228967e-6
1.1066963271711266e-7
0.0
0.0
0.0
0.0
0.0
0.0
0.0
0.0
0.0
3.826534141836269e-6
3.0235952734043555e-5
0.0
0.0
0.0
0.0
0.0
0.0
0.0
0.0
0.00016871564967528338
0.00010517761405416349
6.358057587181317e-6
2.705505162221469e-7
0.0
0.0
0.0
0.0
0.0
0.0
0.0
0.0
0.0
0.0
0.0
1.1618348671199504e-5
0.0
0.0
0.0
0.0
0.0
0.0
0.0
0.0
0.000100152324806894
6.351094269075667e-5
1.1479639533502336e-6
0.0
0.0
0.0
0.0
0.0
0.0
0.0
0.0
0.0
0.0
0.0
0.0
1.5687434203726346e-5
0.0
0.0
0.0
0.0
0.0
0.0
0.0
0.0
0.00014763299249751546
0.00010661531102830022
4.296920546768082e-5
8.094724720984238e-6
1.8575609927829068e-6
2.4603492496850277e-8
0.0
0.0
0.0
0.0
0.0
0.0
0.0
0.0
0.0
0.0
0.0
0.0
0.0
0.0
0.0
0.0
0.0
0.0
0.0
0.0
0.0
0.0
0.0
0.0
0.0
0.0
0.0
0.0
0.0
0.0
0.0
0.0
0.0
0.0
0.0
0.0
0.0
0.0
0.0
0.0
0.0
0.0
0.00023363475559461843
0.00013333758936039258
9.268797657206672e-6
1.3038738498735093e-6
0.0
0.0
0.0
0.0
0.0
0.0
0.0
0.0
0.0
0.0
1.283149226592044e-5
7.096376107002611e-5
0.0
0.0
0.0
0.0
0.0
0.0
0.0
0.0
0.0002658635562848113
0.0002073880141715478
2.603198381163046e-5
3.1244151840671025e-6
3.8132719231830685e-7
0.0
0.0
0.0
0.0
0.0
0.0
0.0
0.0
0.0
2.2651831273950256e-5
6.441590655727128e-5
0.0
0.0
0.0
0.0
0.0
0.0
0.0
0.0
0.0002860027732777756
0.0001798612927420066
1.633827878257905e-5
2.1525371875409775e-6
0.0
0.0
0.0
0.0
0.0
0.0
0.0
0.0
0.0
0.0
6.6042086703487825e-6
4.4552098217726896e-5
0.0
0.0
0.0
0.0
0.0
0.0
0.0
0.0
0.0002781296181059001
0.0001541346696913009
1.7213521277023062e-5
1.5373486661679383e-6
0.0
0.0
0.0
0.0
0.0
0.0
0.0
0.0
0.0
0.0
2.0010730259866117e-5
7.674261780180526e-5
0.0
0.0
0.0
0.0
0.0
0.0
0.0
0.0
0.0003099182002623298
0.0002946390046624984
4.6197890518335544e-5
1.042363971119024e-5
7.992826747967887e-7
0.0
0.0
0.0
0.0
0.0
0.0
0.0
0.0
1.4690811864159886e-5
7.293570128357805e-5
0.00013844226519528832
0.0
0.0
0.0
0.0
0.0
0.0
0.0
0.0
0.0002521035687521739
0.00028599747858955245
0.00015162732830357212
8.088995004458287e-5
1.1829609734368476e-5
1.6357263868561736e-6
2.459742208203873e-8
0.0
0.0
0.0
1.26342416543551e-5
5.7095938499912354e-5
0.0
0.0
0.0
0.0
0.0
0.0
0.0
0.0
0.0
0.0
0.0
0.0
0.0
0.0
0.0
0.0
0.0
0.0
0.0
0.0
0.0
0.0
0.0
0.0
0.0
0.0
0.0
0.0
0.0
0.0
0.0
0.0
0.0
0.0
0.0
0.0
0.0
0.0
0.0
0.0
0.0
0.0
0.0
0.0
0.0
0.0
0.0
0.0
0.0
0.0
0.0
0.0
0.0
0.0
0.0
0.0
0.0
0.0
0.0
0.0
0.0003998385391354145
0.0002186084889184938
4.222731255782371e-5
8.394432922032929e-6
3.1340661640465087e-6
2.0893826729261841e-7
0.0
0.0
0.0
0.0
0.0
0.0
0.0
0.0
1.5308350042778688e-5
7.015908890767893e-5
0.0
0.0
0.0
0.0
0.0
0.0
0.0
0.0
0.0002372599500018464
0.00013361543435691208
1.5023743705672716e-5
1.610101015625667e-6
0.0
0.0
0.0
0.0
0.0
0.0
0.0
0.0
0.0
0.0
0.0
1.2182053166622927e-5
0.0
0.0
0.0
0.0
0.0
0.0
0.0
0.0
0.00011203674175677614
7.835033475169938e-5
2.4708343918524045e-6
0.0
0.0
0.0
0.0
0.0
0.0
0.0
0.0
0.0
0.0
0.0
0.0
0.0
0.0
0.0
0.0
0.0
0.0
0.0
0.0
0.0
6.647648104770478e-5
5.3648705112755454e-5
8.483040392341244e-7
0.0
0.0
0.0
0.0
0.0
0.0
0.0
0.0
0.0
0.0
0.0
0.0
0.0
0.0
0.0
0.0
0.0
0.0
0.0
0.0
0.0
7.851091503059548e-5
7.423937026662063e-5
1.591462039944306e-5
2.102634396454954e-6
3.6888385467629956e-8
0.0
0.0
0.0
0.0
0.0
0.0
0.0
0.0
0.0
0.0
0.0
0.0
0.0
0.0
0.0
0.0
0.0
0.0
0.0
0.0
0.0
0.0
0.0
0.0
0.0
0.0
0.0
0.0
0.0
0.0
0.0
0.0
0.0
0.0
0.0
0.0
0.0
0.0
0.0
0.0
0.0
0.0
0.0
0.000212472621282288
0.00013047134773783517
2.1018898913342367e-5
3.3563006351240757e-6
2.4588345807949004e-7
0.0
0.0
0.0
0.0
0.0
0.0
0.0
0.0
0.0
3.642487951638179e-6
3.4500149194880115e-5
0.0
0.0
0.0
0.0
0.0
0.0
0.0
0.0
0.00021924719413675485
0.00020682109128830143
1.2467929624389535e-5
2.065494872052395e-6
0.0
0.0
0.0
0.0
0.0
0.0
0.0
0.0
0.0
0.0
3.050730691276146e-5
7.803328722186136e-5
0.0
0.0
0.0
0.0
0.0
0.0
0.0
0.0
0.00021586870353511393
0.0002296032393184837
3.697625925424895e-5
3.484086906093437e-6
6.148113171367922e-8
0.0
0.0
0.0
0.0
0.0
0.0
0.0
1.1523686880423812e-7
1.907048904697031e-5
0.00010613016281874762
0.00015039530593264185
0.0
0.0
0.0
0.0
0.0
0.0
0.0
0.0
0.00022518711573279264
0.00022949519647806363
3.427432690382955e-5
2.9640492901554625e-6
4.4276364258350475e-7
0.0
0.0
0.0
0.0
0.0
0.0
0.0
5.065218387576029e-6
3.476011518206958e-5
0.00010435145139225713
0.0001558169458355908
0.0
0.0
0.0
0.0
0.0
0.0
0.0
0.0
0.00020717296636790206
0.00022093054286898128
2.9370495711354965e-5
3.2240387161961383e-6
2.3373279771118e-7
0.0
0.0
0.0
0.0
0.0
0.0
0.0
2.2275635384766247e-5
8.443091825069283e-5
0.0001690041067987357
0.00020235645547521055
0.0
0.0
0.0
0.0
0.0
0.0
0.0
0.0
0.00035529744627052934
0.00040095299310222734
0.00018868763765717318
6.910102078663773e-5
3.4951865681518885e-5
1.965297363349275e-5
8.879672387036966e-6
1.475781276842701e-7
0.0
0.0
1.0372972973717764e-6
4.103771257706638e-5
0.0
0.0
0.0
0.0
0.0
0.0
0.0
0.0
0.0
0.0
0.0
0.0
0.0
0.0
0.0
0.0
0.0
0.0
0.0
0.0
0.0
0.0
0.0
0.0
0.0
0.0
0.0
0.0
0.0
0.0
0.0
0.0
0.0
0.0
0.0
0.0
0.0003195084278625893
0.00031299901368335393
7.008905725510139e-5
1.6685954525379822e-5
4.007810424551839e-6
1.106454592201795e-6
1.290866368417684e-6
0.0
0.0
0.0
0.0
0.0
1.4929361258370587e-5
5.277945598697542e-5
0.00014286460486390596
0.00018793939573654694
0.0
0.0
0.0
0.0
0.0
0.0
0.0
0.0
0.00030963860848345665
0.00032712272032886833
9.622184474134739e-5
2.404207817590062e-5
2.618389122156338e-6
2.9503043568797494e-7
6.146469456518238e-8
0.0
0.0
0.0
0.0
0.0
4.799695543357105e-5
0.00012770441114384583
0.0002240586689167526
0.00027691615226678814
0.0
0.0
0.0
0.0
0.0
0.0
0.0
0.0
0.0005408400000573001
0.0003442827569541598
8.439784190337845e-5
3.698548585055322e-5
1.0713608006457912e-5
1.7067657917337895e-6
5.893879955769752e-7
0.0
0.0
0.0
0.0
0.0
1.3534642130784825e-5
5.0773098980444605e-5
0.00012674621876357695
0.00018877316044101767
0.0
0.0
0.0
0.0
0.0
0.0
0.0
0.0
0.0006187055978632415
0.0003905748988639949
8.720478041778068e-5
2.2717076614175886e-5
3.395826387854447e-6
7.355609307521937e-7
9.807488109722414e-8
0.0
0.0
0.0
0.0
0.0
4.59565697703614e-7
1.8809375265236087e-5
7.904281347486892e-5
0.00013908471494862362
0.0
0.0
0.0
0.0
0.0
0.0
0.0
0.0
0.0005146340076806191
0.00027747555123914104
6.226893622332354e-5
1.0530362899890428e-5
9.188590797539496e-7
0.0
0.0
0.0
0.0
0.0
0.0
0.0
0.0
0.0
9.185400535817996e-7
2.2482655334742004e-5
0.0
0.0
0.0
0.0
0.0
0.0
0.0
0.0
0.0002877496670438679
0.00018261984058160836
6.947664061400304e-5
1.269962522653672e-5
8.453933861918602e-7
0.0
0.0
0.0
0.0
0.0
0.0
0.0
0.0
0.0
0.0
0.0
0.0
0.0
0.0
0.0
0.0
0.0
0.0
0.0
0.0
0.0
0.0
0.0
0.0
0.0
0.0
0.0
0.0
0.0
0.0
0.0
0.0
0.0
0.0
0.0
0.0
0.0
0.0
0.0
0.0
0.0
0.0
0.0
5.565507222050228e-5
4.301724338643787e-5
1.9606657465054123e-7
0.0
0.0
0.0
0.0
0.0
0.0
0.0
0.0
0.0
0.0
0.0
0.0
0.0
0.0
0.0
0.0
0.0
0.0
0.0
0.0
0.0
0.000137298694180828
0.00012679495277571946
9.189625320662043e-6
2.5986810881139177e-6
2.3290132508572383e-7
0.0
0.0
0.0
0.0
0.0
0.0
0.0
0.0
1.723177943296086e-6
5.712954224250472e-5
0.00011372529307025616
0.0
0.0
0.0
0.0
0.0
0.0
0.0
0.0
0.00027422567342779406
0.00027428553788795334
6.700547230481005e-5
5.989504576384882e-6
8.337413377710153e-7
0.0
0.0
0.0
0.0
0.0
0.0
0.0
0.0
1.8893477599705244e-5
0.0001188626984050492
0.0001650403391963586
0.0
0.0
0.0
0.0
0.0
0.0
0.0
0.0
0.00028828722470415966
0.0002852553767002265
8.037554945448872e-5
9.325469457093179e-6
1.606640632827819e-6
0.0
0.0
0.0
0.0
0.0
0.0
0.0
3.602322919337265e-5
9.535991564960114e-5
0.0001745876069229515
0.00021207640966458172
0.0
0.0
0.0
0.0
0.0
0.0
0.0
0.0
0.00028172302533838173
0.00027034423606599114
7.77311690162764e-5
1.6098883395277384e-5
1.8895608793779331e-6
1.2269898424131859e-8
0.0
0.0
0.0
0.0
0.0
0.0
3.241032962356117e-5
8.854012340814959e-5
0.00018438211686164484
0.0002349531236669907
0.0
0.0
0.0
0.0
0.0
0.0
0.0
0.0
0.0004309095462470075
0.00047054436337964336
0.0003084840048480714
0.00020252929482125818
0.00012258618544419577
5.378248308900322e-5
3.3152902733963886e-5
3.21087181948133e-5
9.595885282245052e-5
0.0001367423091929271
0.00019936875329530467
0.0003182885506763752
0.0
0.0
0.0
0.0
0.0
0.0
0.0
0.0
0.0
0.0
0.0
0.0
0.0
0.0
0.0
0.0
0.0
0.0
0.0
0.0
0.0
0.0
0.0
0.0
0.0
0.0
0.0
0.0
0.0
0.0
0.0
0.0
0.0
0.0
0.0
0.0
0.00040694483195847917
0.0003406011752711297
4.3387879102221475e-5
6.457230503024241e-6
7.8680079198052e-5
5.981611505047113e-5
2.024108097675388e-6
0.0
0.0
0.0
0.0
7.605882033927836e-6
8.542640010837089e-5
0.00016069083176520707
0.0002456129408846705
0.00027948762896600545
0.0
0.0
0.0
0.0
0.0
0.0
0.0
0.0
0.0006321878520717476
0.0004223605213771347
9.106851127094241e-5
2.9072786654056554e-5
3.233994390841225e-6
7.35001110830839e-8
8.452521934225522e-7
0.0
0.0
0.0
0.0
0.0
8.782173240086412e-6
4.062432468005749e-5
0.00011219395983877406
0.00016722831341464548
0.0
0.0
0.0
0.0
0.0
0.0
0.0
0.0
0.0006098988821978326
0.00029587659394747306
7.591899220915232e-5
2.5159876119722e-5
3.9769327609547605e-6
1.272625490499363e-6
5.384196785004291e-7
0.0
0.0
0.0
0.0
0.0
0.0
0.0
4.7793008677813386e-5
0.00011212753420330864
0.0
0.0
0.0
0.0
0.0
0.0
0.0
0.0
0.0004681066334105057
0.00023939343199485543
6.848487859087103e-5
2.0062942060878686e-5
2.1041118065483274e-6
0.0
0.0
0.0
0.0
0.0
0.0
0.0
0.0
0.0
7.230751862033445e-6
4.355020080735677e-5
0.0
0.0
0.0
0.0
0.0
0.0
0.0
0.0
0.00021870297643404273
0.00022167953939074414
3.195825321772579e-5
2.3384772094873247e-6
1.2238924982286629e-8
0.0
0.0
0.0
0.0
0.0
0.0
0.0
1.4157956748928719e-5
3.982478407194498e-5
9.538017580285022e-5
0.00015297794506055973
0.0
0.0
0.0
0.0
0.0
0.0
0.0
0.0
0.00032765522465109806
0.0002612614635923019
9.814687481675909e-5
5.785770992685755e-5
3.299116576833285e-5
1.9312534683945703e-5
1.0213766219693513e-5
2.4492541968751416e-7
0.0
0.0
3.5919477861723536e-6
5.228765589917708e-5
0.0
0.0
0.0
0.0
0.0
0.0
0.0
0.0
0.0
0.0
0.0
0.0
0.0
0.0
0.0
0.0
0.0
0.0
0.0
0.0
0.0
0.0
0.0
0.0
0.0
0.0
0.0
0.0
0.0
0.0
0.0
0.0
0.0
0.0
0.0
0.0
0.0
0.0
0.0
0.0
0.0
0.0
0.0
0.0
0.0
0.0
0.0
0.0
0.0
0.0
0.0
0.0
0.0
0.0
0.0
0.0
0.0
0.0
0.0
0.0
0.00042160582709352927
0.0004184758466861038
0.00013639402609013835
5.184982585449009e-5
1.3319365704250139e-5
1.622071737261114e-6
6.977987697349892e-7
0.0
0.0
0.0
0.0
2.464647932659334e-6
6.117123390123288e-5
8.739379815479179e-5
0.00017435856919514105
0.00021992534837360532
0.0
0.0
0.0
0.0
0.0
0.0
0.0
0.0
0.0003730186836417033
0.00037879592092885175
0.00010545706946012044
1.937003793611223e-5
2.852926369270102e-6
7.346620037792736e-7
3.7957588131775515e-7
0.0
0.0
0.0
0.0
0.0
1.8767886334024524e-5
5.745023324325579e-5
0.0001482246402844865
0.00020596286578075367
0.0
0.0
0.0
0.0
0.0
0.0
0.0
0.0
0.0003835291321502385
0.00034908160137906634
0.00011502864640654885
3.780345227268878e-5
4.121327080775543e-6
8.205865248146096e-7
8.328357098047993e-7
0.0
0.0
0.0
0.0
0.0
5.944358915926744e-5
0.00012288129506990718
0.0002030381466326956
0.00024121246098850869
0.0
0.0
0.0
0.0
0.0
0.0
0.0
0.0
0.000482911243851668
0.0004623202113619476
0.00016049124779224442
6.756204677176286e-5
5.804121639751411e-6
1.5306016947887099e-6
2.2408102971992257e-6
0.0
0.0
0.0
0.0
1.7425744315263191e-6
8.351243326953872e-5
0.00014725265317922718
0.00022958449213758843
0.0002555390412623327
0.0
0.0
0.0
0.0
0.0
0.0
0.0
0.0
0.00043223243880613266
0.00044218138366230796
0.0002540256649898475
0.00017209068363300637
0.0001481769309542561
9.515349944553604e-5
5.8569064293169416e-5
3.823117129265863e-5
0.00010896158657674954
8.481914542265734e-5
0.00011012385615106538
0.00018344779292678586
0.0
0.0
0.0
0.0
0.0
0.0
0.0
0.0
0.0
0.0
0.0
0.0
0.0
0.0
0.0
0.0
0.0
0.0
0.0
0.0
0.0
0.0
0.0
0.0
0.0
0.0
0.0
0.0
0.0
0.0
0.0
0.0
0.0
0.0
0.0
0.0
0.0010257043176640742
0.0006108631637783148
0.00013057194401901574
7.344450824405638e-5
4.0475849382517874e-5
1.9039975561460924e-5
2.3725651935848446e-5
5.596726702606821e-7
0.0
0.0
0.0
0.0
2.8845930041387747e-5
6.71133276162199e-5
0.0001647102887234618
0.00021484539880746342
0.0
0.0
0.0
0.0
0.0
0.0
0.0
0.0
0.0006228505918110163
0.0003728344895928434
9.273948068344585e-5
3.58446568677293e-5
1.0329756643566994e-5
3.0417035608373224e-6
6.4974027940303784e-6
6.083563991479195e-8
0.0
0.0
0.0
2.433425961249476e-8
5.349535840304412e-5
0.00011283896551176585
0.0001967597072876943
0.0002460488298058479
0.0
0.0
0.0
0.0
0.0
0.0
0.0
0.0
0.0005233950839850625
0.00043134931061605873
0.00010929031381634992
3.9721690411359696e-5
4.4688759512632394e-6
2.484085573269582e-6
6.807267630621563e-6
0.0
0.0
0.0
0.0
0.0
9.549203246982624e-6
6.279046393632619e-5
0.00015697050281859404
0.00020258375149077566
0.0
0.0
0.0
0.0
0.0
0.0
0.0
0.0
0.0003540407339666223
0.0002442191567695793
3.568117088369673e-5
2.206333324633462e-6
0.0
0.0
0.0
0.0
0.0
0.0
0.0
0.0
4.875890333278997e-8
9.27118913634677e-6
8.210204214431832e-5
0.00012294019406442066
0.0
0.0
0.0
0.0
0.0
0.0
0.0
0.0
0.00022289457163335248
0.00024727377515044096
0.00014872661371383457
0.00016315691547066937
0.00015188131544990822
0.00015035949055675527
0.0001837803464732091
5.816369392760979e-5
0.0
0.0
0.0
3.364013541459143e-5
0.00014948442591911456
0.0001985204993909927
0.00026768577678171256
0.0003092288594162615
0.0
0.0
0.0
0.0
0.0
0.0
0.0
0.0
0.0006941444273394521
0.0006134366074195937
0.0002537460220548804
0.00016744157777515357
0.00013350295504162117
0.00011376006114374691
4.5347156167480916e-5
2.5034837047349542e-5
0.0001253985683450224
0.0001424190020050028
0.0001323274283688116
0.00024086144392725618
0.0
0.0
0.0
0.0
0.0
0.0
0.0
0.0
0.0
0.0
0.0
0.0
0.0
0.0
0.0
0.0
0.0
0.0
0.0
0.0
0.0
0.0
0.0
0.0
0.0
0.0
0.0
0.0
0.0
0.0
0.0
0.0
0.0
0.0
0.0
0.0
0.0007070887735951757
0.0006563718537495822
0.00021604820688866667
0.00010736995623585623
3.550151728593113e-5
9.839871938727778e-6
1.3966885767510418e-5
2.0754400366227312e-7
0.0
0.0
0.0
1.848697662596836e-5
9.503211129973609e-5
0.00015900550861575906
0.00023949234877012097
0.00027170470729370966
0.0
0.0
0.0
0.0
0.0
0.0
0.0
0.0
0.0007379315847469588
0.0006599955375895078
0.00019696042332486533
7.495291028517113e-5
4.711201976934544e-5
4.8889967201998465e-6
2.987036293966341e-6
0.0
0.0
0.0
0.0
2.959895998390245e-5
0.00016403468845622616
0.00020609424743525776
0.0002713617790704313
0.00029768136267618064
0.0
0.0
0.0
0.0
0.0
0.0
0.0
0.0
0.0007033960199282405
0.0005840782341164678
0.00012975422237261456
8.573622416374e-5
5.3465389141672584e-5
3.764142994445546e-5
4.6707274782159095e-5
3.328266120625738e-6
0.0
0.0
0.0
5.0180581019865535e-6
9.235292885730743e-5
0.00015399473203383266
0.00024074935091522609
0.0002860637389914845
0.0
0.0
0.0
0.0
0.0
0.0
0.0
0.0
0.000981499443123981
0.0007437747982499621
0.0001674901399236209
0.0001008952925147349
6.0140665567255237e-5
2.5055637511652812e-5
2.4487538818262568e-5
5.703179080565911e-7
0.0
0.0
0.0
4.40107114100515e-7
6.680642030322327e-5
0.00014148388810825106
0.00023642768071935422
0.0002739534475414353
0.0
0.0
0.0
0.0
0.0
0.0
0.0
0.0
0.0010391364155000215
0.0008699766005365764
0.00020434214757783696
0.00011349421904390093
5.816272558240241e-5
3.048969004753721e-5
3.5284693748312564e-5
1.001603705489465e-6
0.0
0.0
0.0
5.277159683791305e-6
9.836452215599408e-5
0.0001747819842845744
0.0002686978199535427
0.00033587838071749606
0.0
0.0
0.0
0.0
0.0
0.0
0.0
0.0
0.0011719146372187312
0.0008901276574027281
0.0003578405943239585
0.0002273028759418338
0.00015643241942705987
0.00011428801939876218
8.254583386949166e-5
2.024579316802077e-5
9.351981606536813e-6
5.195249662903226e-5
8.912862389281776e-5
0.00018235235141154094
0.0
0.0
0.0
0.0
0.0
0.0
0.0
0.0
0.0
0.0
0.0
0.0
0.0
0.0
0.0
0.0
0.0
0.0
0.0
0.0
0.0
0.0
0.0
0.0
0.0
0.0
0.0
0.0
0.0
0.0
0.0
0.0
0.0
0.0
0.0
0.0
0.000986034021342741
0.0007410409970895508
0.00015272652871919842
7.457400866762704e-5
1.9582156036108333e-5
3.098026266858703e-6
7.53582392578456e-7
0.0
0.0
0.0
0.0
0.0
3.392658797317755e-5
9.967079886480102e-5
0.00019761587940133162
0.00024584773383555227
0.0
0.0
0.0
0.0
0.0
0.0
0.0
0.0
0.0007125448843202589
0.0005430049186075579
0.00012349554878028995
5.3763569927058563e-5
1.0399470322344892e-5
1.7772679120219527e-6
1.717241132991581e-6
0.0
0.0
0.0
0.0
0.0
2.406103273073042e-5
8.139378309869772e-5
0.00018486323732506694
0.00023627199225006602
0.0
0.0
0.0
0.0
0.0
0.0
0.0
0.0
0.0006836713929809921
0.0005523699007911029
0.0001333687377664793
7.396538154256482e-5
2.7335298550097765e-5
3.0825643342161687e-6
2.9983180548188477e-6
0.0
0.0
0.0
0.0
1.15552548314822e-6
8.351815053179835e-5
0.00016271825378519835
0.0002646675349987389
0.000315383415472106
0.0
0.0
0.0
0.0
0.0
0.0
0.0
0.0
0.0010038304288563754
0.0007847096485128904
0.00018657430876012387
0.00011810515602053911
6.454403029010701e-5
2.5356227229052112e-5
2.6453716437585495e-5
7.57547901828077e-7
0.0
0.0
0.0
1.833087517684887e-6
0.0001059065445818292
0.00016437286163282122
0.0002566036919441373
0.0003081277445146953
0.0
0.0
0.0
0.0
0.0
0.0
0.0
0.0
0.0008525418997577856
0.0007195303906503893
0.00017932995876980404
0.00010757947177119831
8.390390069579377e-5
5.409309752877413e-5
4.5687751835379284e-5
6.917157557040205e-6
3.1934051692193216e-6
1.0106567519824852e-5
0.00012017217760233909
0.00020338706349903692
0.00025685204555000416
0.0002807972620215855
0.0004758681765156359
0.0006051513478551561
0.0
0.0
0.0
0.0
0.0
0.0
0.0
0.0
0.0008652825199569709
0.0008136797221675019
0.00046577467318317946
0.0002681404303041578
0.00016643419182291484
0.000168493871107705
0.00017025772523148253
0.00010315682815608101
9.881666155467652e-5
0.00012379088292080242
0.00015360487124693446
0.000286646295879053
0.0
0.0
0.0
0.0
0.0
0.0
0.0
0.0
0.0
0.0
0.0
0.0
0.0
0.0
0.0
0.0
0.0
0.0
0.0
0.0
0.0
0.0
0.0
0.0
0.0
0.0
0.0
0.0
0.0
0.0
0.0
0.0
0.0
0.0
0.0
0.0
0.0
0.0015085228461980903
0.0009207113379131851
0.00022930417871328335
0.00012017177101864459
7.370191868859735e-5
2.0862708548821477e-5
3.3364119108677223e-6
0.0
3.2923463076558486e-7
7.165555324851437e-6
3.8859961985404525e-5
0.00010438579156159746
0.00021681140627914785
0.00024340672922638877
0.00033838369737692746
0.0004072139869841697
0.0
0.0
0.0
0.0
0.0
0.0
0.0
0.0
0.0008962788799922888
0.0005590319460342459
0.00012966135683675051
6.874579371535712e-5
2.0603483531977156e-5
2.8318694881335362e-6
3.584679332041583e-7
0.0
0.0
0.0
8.545106638084175e-7
4.808665247667912e-5
0.00015762325912732771
0.0001934373675518001
0.0002644760097031054
0.00031835162282512874
0.0
0.0
0.0
0.0
0.0
0.0
0.0
0.0
0.0008589394405646877
0.000366111382888944
0.00010110003181294054
3.0813297023644366e-5
3.919079258548379e-6
5.273430312891336e-7
0.0
0.0
0.0
0.0
0.0
3.7387925823448457e-7
7.473568948505738e-5
0.0001313759373068457
0.00021243080666811192
0.00025380525275148707
0.0
0.0
0.0
0.0
0.0
0.0
0.0
0.0
0.0005574817053284408
0.0002577117972901893
8.794019944919846e-5
3.468681520110113e-5
4.354430601980089e-6
2.285463836033689e-7
0.0
0.0
0.0
0.0
0.0
0.0
3.972351710642228e-5
9.039032212834549e-5
0.00017524457441173827
0.00022390027105952603
0.0
0.0
0.0
0.0
0.0
0.0
0.0
0.0
0.000531048552139086
0.0002475273375126934
8.371023204432615e-5
2.680393428074729e-5
2.580252043521785e-6
1.5674525642685867e-7
1.2057332471058736e-8
0.0
0.0
0.0
0.0
0.0
3.662092295463257e-5
8.016975316868017e-5
0.00015933914248528427
0.000207645438656389
0.0
0.0
0.0
0.0
0.0
0.0
0.0
0.0
0.0
0.0
0.0
0.0
0.0
0.0
0.0
0.0
0.0
0.0
0.0
0.0
0.0
0.0
0.0
0.0
0.0
0.0
0.0
0.0
0.0
0.0
0.0
0.0
0.0
0.0
0.0
0.0
0.0
0.0
0.0
0.0
0.0
0.0
0.0
0.0
0.0
0.0
0.0
0.0
0.0
0.0
0.0
0.0
0.0
0.0
0.0
0.0
0.0009995141480557519
0.0004994318547182902
0.00014995620223771873
8.853124480328688e-5
5.211100920721205e-5
3.220853726087368e-5
7.2131476720802485e-6
0.0
0.0
1.8766416256087942e-7
1.3027506960556562e-5
6.476597641826858e-5
0.0001618721741123807
0.0002160511474215479
0.00031637568606611346
0.0003882318977605673
0.0
0.0
0.0
0.0
0.0
0.0
0.0
0.0
0.0011177830208022577
0.0005749024794944208
0.00015689534795146015
9.139002160121427e-5
5.5379720495299666e-5
3.9959585950088154e-5
2.4632705506049893e-5
0.0
0.0
2.597189107308959e-7
2.2648223449799483e-5
0.00012170048709916079
0.00021627070359160188
0.00025207825948595305
0.0005181285332385857
0.0007922894885524285
0.0
0.0
0.0
0.0
0.0
0.0
0.0
0.0
0.0020659196788865896
0.0016417365856800407
0.0011605943376921026
0.0008534727170626577
0.0005024129341665736
0.0006854893063557887
0.0006101830190688994
0.00028135584958158684
0.0005108028839297373
0.00048448609739880144
0.0005460694475553499
0.000776420363802378
0.0008586303290545559
0.000768290360447985
0.000884160672802967
0.0008986799409872862
0.0
0.0
0.0
0.0
0.0
0.0
0.0
0.0
0.001363986965700133
0.0008749576323524319
0.0002006810881986619
0.00013041454172307856
9.356397651470822e-5
8.098652072467883e-5
4.061347646157598e-5
5.961636664999234e-7
1.659713760109248e-6
2.0946014655263862e-5
5.6193354366786676e-5
0.00016587267881035473
0.00026786792712186927
0.0002977669173757076
0.00040880557214909697
0.00046111233785242373
0.0
0.0
0.0
0.0
0.0
0.0
0.0
0.0
0.0010996087277078065
0.0005798479053038671
0.00017281012590777246
0.0001122990409558597
7.661693267411738e-5
5.649999689012096e-5
1.9850561712774596e-5
0.0
0.0
1.947413769471222e-6
2.9313087822727723e-5
0.00011534464884403831
0.00022257259153803498
0.000264490841785279
0.0003558842909747899
0.00042438759784973665
0.0
0.0
0.0
0.0
0.0
0.0
0.0
0.0
0.001030650695938888
0.0008530417844974684
0.00035166519557240764
0.00022198704159646213
0.0001894727378359873
0.0002276050535586892
0.0001627932055229884
8.780063944980622e-5
0.0001574477973002002
0.0002972521860585411
0.00045752728147851937
0.0006438341347392959
0.0
0.0
0.0
0.0
0.0
0.0
0.0
0.0
0.0
0.0
0.0
0.0
0.0
0.0
0.0
0.0
0.0
0.0
0.0
0.0
0.0
0.0
0.0
0.0
0.0
0.0
0.0
0.0
0.0
0.0
0.0
0.0
0.0
0.0
0.0
0.0
0.0012623144467549582
0.0006519735164942393
0.0001884732942085896
9.711437856755434e-5
4.168339449851929e-5
7.550504476717797e-6
6.420902888883812e-7
0.0
0.0
0.0
0.0
9.0311981998097e-6
9.5146609948209e-5
0.00014048080173795582
0.00022187401386444372
0.00027156261783022664
0.0
0.0
0.0
0.0
0.0
0.0
0.0
0.0
0.0006697760633891602
0.0003151942426417783
9.326730276054904e-5
4.037521361299285e-5
1.4955962609221728e-5
3.1316783457846974e-6
3.705409636474071e-7
0.0
0.0
0.0
0.0
1.1252694382440194e-5
0.00010680364040059113
0.0001604541503939427
0.000246679766382982
0.00030048782070030795
0.0
0.0
0.0
0.0
0.0
0.0
0.0
0.0
0.0006488986445902703
0.0005470217714151247
0.0001372615718869939
7.942959449590849e-5
4.425864537994474e-5
2.2317647700670024e-5
3.99757137829705e-6
0.0
2.2721996361381208e-7
3.6621370073193885e-5
8.92282608834846e-5
0.0001848019840452087
0.00027555044069200855
0.0003120352521789933
0.00039813787227785223
0.00047464136875121634
0.0
0.0
0.0
0.0
0.0
0.0
0.0
0.0
0.0
0.0
0.0
0.0
0.0
0.0
0.0
0.0
0.0
0.0
0.0
0.0
0.0
0.0
0.0
0.0
0.0
0.0
0.0
0.0
0.0
0.0
0.0
0.0
0.0011025227016710861
0.0008928226260827343
0.00036376812509502716
0.0002631317083511682
0.00017922859794227417
9.485546859235625e-5
8.062432446436701e-5
2.6656875831505977e-5
3.584158243848479e-5
5.372289134867584e-5
7.645523508632839e-5
0.0001580334604741945
0.0002673322901226495
0.0003120380776594142
0.00042672906960046026
0.0005501146742496724
0.0
0.0
0.0
0.0
0.0
0.0
0.0
0.0
0.0012616520533401418
0.0007707963115859843
0.0003815593878786453
0.0002901278640599353
0.00026015235221973676
0.00027651092768634614
0.00019033946962043578
8.457011794738025e-5
0.0001496378275094995
0.00021839786562946319
0.00040279952262396
0.000657924420400126
0.0
0.0
0.0
0.0
0.0
0.0
0.0
0.0
0.0
0.0
0.0
0.0
0.0
0.0
0.0
0.0
0.0
0.0
0.0
0.0
0.0
0.0
0.0
0.0
0.0
0.0
0.0
0.0
0.0
0.0
0.0
0.0
0.0
0.0
0.0
0.0
0.0016214691269247166
0.001004417938069846
0.0003113200167291872
0.00014751583633221344
0.00010642217239816671
8.260782550013899e-5
5.280973300392809e-5
1.650084385941867e-5
2.4040672787347382e-5
4.2781705220620164e-5
9.863480391577904e-5
0.0002309993563334623
0.0003133577234641098
0.0003464422304029778
0.00047347651199157535
0.0005800226383354097
0.0
0.0
0.0
0.0
0.0
0.0
0.0
0.0
0.0017284696323551275
0.000845542847787991
0.0002685437143331026
0.00016119052533580193
0.00011482855405771497
7.682078567837022e-5
2.9182651827945887e-5
0.0
0.0
3.953609828010274e-6
3.509621241577209e-5
0.0001282392982220291
0.00024932915823335986
0.000319237354710881
0.0004680237333677467
0.0005342158545246156
0.0
0.0
0.0
0.0
0.0
0.0
0.0
0.0
0.0016205763432331664
0.0009188843438442044
0.00026047707641373483
0.00013661368229733156
8.487128622265161e-5
5.1587374032142816e-5
2.3323935688429563e-5
5.286091687295906e-7
6.024073980927239e-7
6.638337845177137e-6
5.1028394845266786e-5
0.0001703542815462713
0.0002657830909341165
0.00029350161183515415
0.00040311347478760585
0.0004592088680880641
0.0
0.0
0.0
0.0
0.0
0.0
0.0
0.0
0.001326711009880084
0.000856119170655203
0.00027798581397075003
0.000259762046173317
0.00018719971690403633
0.00011542458612344071
0.00012727249166255206
8.144134786583674e-5
0.0001156389393872342
0.00011194219886004293
0.00016550709409258316
0.0002982636862087591
0.00043190089635633105
0.0005148517107910468
0.0007148173160146094
0.0007936094977798958
0.0
0.0
0.0
0.0
0.0
0.0
0.0
0.0
0.0013866238323735755
0.0011460944613724648
0.0005930566102627152
0.0003371747504994504
0.00018928239309559913
0.00016421306377565665
0.0001717003684213906
9.96891633825133e-5
0.0001283618560028409
0.00019846713519983708
0.00024406238654715856
0.0003529886906944182
0.0005302100986243483
0.0005810602607242334
0.0007205894862484024
0.0007765279963540242
0.0
0.0
0.0
0.0
0.0
0.0
0.0
0.0
0.001604119117106982
0.0015304950431080386
0.0013078257023310894
0.0012592198144284266
0.0012345037157920733
0.0012445917852683306
0.00125272900637707
0.0012610431014681352
0.0014609465172618205
0.0015158427463289968
0.001625729840637077
0.0019247071407059657
0.0
0.0
0.0
0.0
0.0
0.0
0.0
0.0
0.0
0.0
0.0
0.0
0.0
0.0
0.0
0.0
0.0
0.0
0.0
0.0
0.0
0.0
0.0
0.0
0.0
0.0
0.0
0.0
0.0
0.0
0.0
0.0
0.0
0.0
0.0
0.0
0.0019322419022815326
0.0013102008128211536
0.0003697529361959954
0.00019918342009708485
0.00012609186738573385
8.670832918152081e-5
8.8206519309261e-5
3.582063176896949e-5
4.106297270223635e-5
6.288703509093229e-5
0.00016486379132600677
0.0002719656534238588
0.000396344061418471
0.0004420809665249583
0.0005585235819282377
0.000621248976151594
0.0
0.0
0.0
0.0
0.0
0.0
0.0
0.0
0.0011031371539607154
0.0006321182607385859
0.0002113881442015098
0.00014006337197651454
0.00010354229127393818
8.435806248272357e-5
5.4647764360933495e-5
0.0
4.934261493105119e-7
1.8122398578223707e-5
5.2164049112933064e-5
0.00014989930951110787
0.00026156790718538225
0.00032168408061239033
0.0004441502708255726
0.0005129593238286851
0.0
0.0
0.0
0.0
0.0
0.0
0.0
0.0
0.0011528875915387665
0.0007995043256366357
0.00023249321489857508
0.00014056953806051956
0.00010234979280319867
7.01322032277476e-5
3.89996470734717e-5
1.0174514038313273e-6
2.115868012546509e-6
2.130795199553885e-5
6.931404067691796e-5
0.00018120925497222911
0.0002813562698155733
0.0003387034919305087
0.0004528471427220499
0.0005069086442841665
0.0
0.0
0.0
0.0
0.0
0.0
0.0
0.0
0.0013181334427048539
0.0008566736435622153
0.0002606282467014049
0.0001386993497228598
8.05047642226555e-5
5.880775698944453e-5
3.7941759773297216e-5
1.4143853156833338e-6
4.670370281927518e-6
2.2717435376347763e-5
5.0910412057287995e-5
0.00013272075262477366
0.000247735062129738
0.00029271415516094807
0.0004305269519654984
0.0005165422290465885
0.0
0.0
0.0
0.0
0.0
0.0
0.0
0.0
0.001334920391631928
0.0010210633965212457
0.0003226806234227561
0.0001511943569697852
0.00010861121270425114
0.00010264271168706259
0.00010268376975006032
2.7177145975616405e-5
3.488541926510909e-5
5.776743230433421e-5
0.00015815976825019727
0.0002567512510795854
0.00035342780478956373
0.00046126258772041123
0.000648676083535959
0.0007336666517943728
0.0
0.0
0.0
0.0
0.0
0.0
0.0
0.0
0.0018053497351819532
0.0010150395337551851
0.0005271447442889058
0.00039353531229035
0.00033399376902640304
0.00034792142179444345
0.00030398151255044636
0.00017855775337173574
0.00024830913120080055
0.0003034450851993254
0.00046606146653105314
0.0006940786855836109
0.0
0.0
0.0
0.0
0.0
0.0
0.0
0.0
1.4992692340161147e-5
2.7277431771157476e-5
3.970657061353346e-5
4.525948978079702e-5
5.920088092412286e-5
5.8534831194118714e-5
2.2179916268380395e-5
0.0
0.0
0.0
0.0
0.0
0.0
0.0
0.0
1.207922937230854e-5
2.5290570573030785e-5
3.01997567620182e-5
6.169018555714836e-5
5.968174239600661e-5
9.082023059663514e-5
6.560214995075036e-5
0.00010516294181040791
8.56709350775789e-5
0.00013838301967836468
0.00010933018209390494
0.00028487452107589734
0.00024647122638850116
0.0032560748404160803
0.0018888862494514471
0.0008379063200362261
0.0005845566161363303
0.0004905401387502097
0.0004389791343194622
0.0003935461649874273
0.00016319216143437947
0.00013103553536258997
0.0001625479752989129
0.00029194742417994635
0.0004817344484817283
0.0006345386089460269
0.0007093750622858482
0.0009300746243404676
0.0010167971069896503
0.0
0.0
0.0
0.0
6.818709168790795e-5
7.094974287025679e-5
0.00013928317108246818
0.00011465596165194799
0.0027377250804717173
0.0014655278152296495
0.0005272105465610411
0.00037262675262553474
0.00029686748859205687
0.00028887558140575315
0.0002559020163042982
8.602408860451821e-5
9.006697810886146e-5
0.00012398398047005745
0.00022524391810747137
0.00044218028104372933
0.0005684025638383047
0.0005956734383017389
0.0007505002522190563
0.0008941763294307266
0.0
0.0
0.0
0.0
4.607423881613103e-5
4.8447171746629666e-5
9.181456439976287e-5
8.700227391732187e-5
0.002525881134238202
0.0012136606541278867
0.00045865835935582274
0.0003316316270936623
0.0002558055818671157
0.0002226999780771064
0.00017982461889276224
5.1818661984572686e-5
5.4691339726261976e-5
8.547555604453595e-5
0.00020081149554733113
0.000389422600437905
0.0005003142580778643
0.0005312592131939242
0.0006671437521490392
0.0007662073304538564
0.0
0.0
0.0
0.0
0.0
0.0
0.0
1.4440795893244519e-5
0.002013422227965594
0.0010986687978580688
0.0003663194160675869
0.00023871995779308419
0.0001636305499190083
0.00014064660273349332
0.00011825616945985508
3.067777667213714e-5
3.861601482376636e-5
5.2614091248267e-5
0.0001031191659607015
0.0002948706946420253
0.00044024061460532925
0.0004802450079310916
0.000574681597166008
0.000622190280585726
0.0
0.0
0.0
0.0
0.0
0.0
0.0
0.0
0.0016248083321812679
0.0010683749403452725
0.0002983655739375563
0.00019934965803196594
0.0001145749587397578
8.118234540725167e-5
6.123318953411043e-5
1.78725295494506e-5
3.175207075865919e-5
4.6513159213634444e-5
9.372003464690141e-5
0.00021796475967779757
0.00032315636768621194
0.0003511760872181701
0.0004263876015034056
0.00047104533838764095
0.0
0.0
0.0
0.0
0.0
0.0
0.0
0.0
0.0011669084160642195
0.0007712689854437817
0.00027784558985215603
0.00016978085273890032
0.00013448298359884127
0.00011000103140954483
6.372484785446787e-5
3.050935794712138e-5
7.584111248374929e-5
9.977446191156223e-5
0.00019610119718591976
0.00040992894216157304
0.0
0.0
0.0
0.0
0.0
0.0
0.0
0.0
0.0
0.0
0.0
0.0
0.0
0.0
0.0
0.0
0.0
0.0
0.0
0.0
0.0
0.0
0.0
0.0
0.0
0.0
0.0
0.0
0.0
0.0
0.0
0.0
0.0
0.0
0.0
0.0
0.0013771106033398763
0.0006922449619207226
0.00018764827511613764
0.00010609885223419284
5.599485317397855e-5
1.4260354524132987e-5
3.6474521415938833e-6
0.0
0.0
0.0
0.0
1.4416490241985291e-5
8.837335850699967e-5
0.00012465188203766186
0.0002037192024015933
0.00025969135969673647
0.0
0.0
0.0
0.0
0.0
0.0
0.0
0.0
0.000776375050033375
0.0004726531386043156
0.00011470554542726209
5.253777554730952e-5
1.1082598413557759e-5
1.1346886200165844e-6
0.0
0.0
0.0
0.0
0.0
8.047795173428933e-6
0.00010336831843365156
0.00015857912998295244
0.00023627100994906016
0.0002658206247517507
0.0
0.0
0.0
0.0
0.0
0.0
0.0
0.0
0.0008006901804453052
0.0004064865803490914
0.00011836524634238736
5.14112176261622e-5
1.4157798256039459e-5
1.8194158572260614e-6
3.448592006560021e-7
0.0
0.0
0.0
0.0
1.135979865478959e-5
0.00010082615053618241
0.00014840865908959897
0.0002356187540210268
0.00027838098010609936
0.0
0.0
0.0
0.0
0.0
0.0
0.0
0.0
0.000978035242144484
0.000571868703874267
0.0001369827741651011
6.632238023736753e-5
2.4302039222984434e-5
9.43157235702893e-6
6.6469372820700346e-6
0.0
0.0
0.0
2.534957397927705e-7
5.1254399913725915e-5
0.0001728309316826893
0.00022307196328674798
0.00030473372657601323
0.0003467052491024474
0.0
0.0
0.0
0.0
0.0
0.0
0.0
0.0
0.0012447025287865027
0.0008454025565879625
0.0002128694762837526
9.545794366086107e-5
3.961049900760987e-5
2.0770621853112382e-5
1.816381047628797e-5
1.109466334105773e-7
9.068104078015899e-7
9.779237322599238e-6
4.613214776147302e-5
0.0001565174428052249
0.00025073263366569303
0.0002817547356164837
0.00037329586178896267
0.000425105122323492
0.0
0.0
0.0
0.0
0.0
0.0
0.0
0.0
0.0013727405312889645
0.0010356085066581767
0.0004497922226047359
0.0002382505369298498
0.00013400166644121303
0.00010123733593909251
0.00011579442966728429
0.00014339665066633053
0.0002879317194919312
0.00040916251441205573
0.0005118273209166003
0.0007289114998087985
0.0
0.0
0.0
0.0
0.0
0.0
0.0
0.0
0.0
0.0
0.0
0.0
1.8925034182020518e-5
0.0
0.0
0.0
0.0
0.0
0.0
0.0
0.0
0.0
0.0
0.0
0.0
0.0
0.0
0.0
0.0
0.0
0.0
0.0
0.0
0.0
0.0
1.0788813282169739e-5
2.242934031063778e-5
1.2928649596561494e-5
0.0
0.0
0.0
0.0
0.0
0.0
0.0
0.0
0.0
0.0
0.0
0.0
0.0
0.0
0.0
0.0
0.0
0.0
0.0
0.0
0.0
0.0
0.001627269492811454
0.0012592757611248073
0.0005780750370473286
0.0002606482225385741
0.00014925632694137866
0.0001478054056294488
0.00020030398191950982
8.031982681789941e-5
6.84878877652201e-5
8.60734903109389e-5
0.00015771379436335995
0.00033038013043628815
0.0004790097573961293
0.0004929348545045188
0.0006083016350868286
0.0007166195263536076
0.0
0.0
0.0
0.0
0.0
0.0
0.0
0.0
0.001558462799228796
0.0012239471507473686
0.00041948997061742947
0.00025650452224846323
0.0001636766628801015
0.00016987136912452946
0.00018220692120161837
5.859173509446853e-5
5.344485041846646e-5
6.8718690735779e-5
0.00011286934586142823
0.0002744425849512942
0.0004409160209084172
0.0004868756034867053
0.0005984062400657788
0.0006718278738656814
0.0
0.0
0.0
0.0
0.0
0.0
0.0
0.0
0.001580234907559991
0.0011103330678402632
0.00039366782093895413
0.0002250870660483006
0.00014268882218991733
0.00010535535710507339
0.00013588471725392776
9.160242820337979e-5
0.0001208121119968852
0.00017258478350898405
0.00022691167710132225
0.00030008001517467417
0.0003883416237469802
0.0005322492949961258
0.0006721626446745192
0.0006049202846190316
0.0
0.0
0.0
0.0
0.0
0.0
0.0
0.0
0.001243330020536381
0.0009745768184885311
0.0003576822196722281
0.0002521646418481789
0.0004056917663625544
0.00032958156664956425
0.00015000593675125622
0.0002751203275993431
0.00027079747431317167
0.0002648408640652588
0.0003694905223994613
0.00040551632813093136
0.00043211487241705834
0.00045216725431311534
0.000589625477180352
0.0006660134683287161
0.0
0.0
0.0
0.0
0.0
0.0
0.0
0.0
0.0010748776891519735
0.0009990137972561027
0.0006898826716548098
0.0004093540424377476
0.00019980031767400484
0.0002352119287813557
0.00020836229836092865
0.00011029676400857807
0.0001613427795866518
0.0002466645079566913
0.00048788480050767247
0.0007348710631998621
0.0
0.0
0.0
0.0
0.0
0.0
0.0
0.0
0.0
0.0
0.0
0.0
0.0
0.0
0.0
0.0
0.0
0.0
0.0
0.0
0.0
0.0
0.0
0.0
0.0
0.0
0.0
0.0
0.0
0.0
