0.0007577373908244174
0.000654290735270763
0.000894096501188018
0.0006762266607657118
0.0008795406864939876
0.0006666134883869469
0.0008893607468461821
0.0006746344343521218
0.000859807886076211
0.0005358052308106116
0.0005021502820034778
0.0002414144587138295
0.0001673488077036794
3.20435355732311e-5
0.0
0.0
8.811124492812586e-6
0.00015224565178347823
0.0002935503934311559
0.00036038346067386725
0.0004520505036033796
0.0004801416532047159
0.0006085276733760245
0.0006148232433647427
0.0007552106183600734
0.0007108461666582364
0.0008445113899986572
0.0007593926175275109
0.0008756255618021693
0.0008137246974125595
0.0012606690636156681
0.0011456611035834986
0.0008852378612182433
0.0005641900369017286
0.000352699253921004
0.00017004961856584747
7.336223354808268e-5
5.478377356005228e-5
3.957036736859062e-5
4.340722075576666e-5
6.188775431018728e-5
4.6277329603436556e-5
0.00022578894456713372
0.00031968621827459546
0.00042765618467045894
0.00044426280343601597
0.0005374800866211665
0.0005284477932410985
0.0006276724573182422
0.0006153484951827291
0.0007315700245156436
0.0006848246219935746
0.000811501078895483
0.000752637587503349
0.0011725367666613553
0.0010695423910380864
0.0008963575922431886
0.0006579017899013812
0.0004369792201316112
0.000259336391366348
0.00011270279654805474
5.9561857177590654e-5
6.34512075544209e-5
6.913739547570488e-5
7.742593826828136e-5
8.318998567445016e-5
0.00016309570865410521
0.000234686208350125
0.0002661313871811839
0.0003660047049044933
0.0003787785017333752
0.0004614284980548063
0.0004577484231442155
0.0005115690742538185
0.0004679178084874841
0.0005052046168386469
0.00044939161066789754
0.0005122158109387723
0.0007184314480131737
0.0006484622915932008
0.0005685677337488301
0.00048258742581988665
0.0003396185168195575
0.00013673548134982493
6.975998624276257e-5
4.124089440351479e-5
3.504954956974341e-5
3.147385811377489e-5
3.5561278076327475e-5
0.0
0.0
3.5410654483607604e-5
0.0001154524425070689
0.0001380394204387731
0.00026232022664468227
0.00023558246567666655
0.00035122561967206663
0.00029419413908126897
0.0004405943537314003
0.000350585495587965
0.00048235070621637573
0.0003628581367751438
0.0006351928732039537
0.0005212238520135199
0.00047122589171366236
0.0004333872548256521
0.00042170307025669537
0.00030350787322694123
0.00019955437284114655
9.90109210451894e-5
9.466877713359102e-5
0.00011632543333801559
0.00012987687372701333
0.00015195333585893244
0.000216557278930744
0.00024882656746791256
0.0002746055134993163
0.0002575672497008932
0.0003226949532314814
0.0003812981003692052
0.00044798588967344703
0.0004367852926989383
0.0004870469753416064
0.0004922079234487948
0.0005508662254572771
0.0005363981262532063
0.00083676373130663
0.0007673061357310538
0.0006830588778999596
0.0005758337079469197
0.00039955246498172057
0.00020043497876781778
8.71786948968889e-5
5.5382516649673136e-5
3.813607141281941e-5
3.242395132146058e-5
4.700077434123905e-5
0.0
0.00019318574759139869
0.00023001192739765093
0.0003782453412081565
0.0003347606261577692
0.0004797509874936531
0.000425390167574171
0.0006104569991186505
0.0005120400255956276
0.0006817813529673775
0.0005604568731495166
0.0007324333168827751
0.0006075657942828318
0.0007981012231950379
0.001020732997425097
0.0008990581310956219
0.0007050800260507246
0.0005261967289653099
0.00034402704640554245
0.0002128394370336787
0.0001125527207930357
9.1027561720452e-5
8.721963242736858e-5
0.0
9.039054060289628e-5
0.0001921974808863916
0.0002840354021567822
0.0003159984566895239
0.0004024971608810357
0.0004387687123148279
0.0005468313325333342
0.0005484453275713949
0.0006688275461580493
0.0006381566890260811
0.0007576695442582128
0.0007003182345113071
0.0007992772992973975
0.0007308409484623723
0.0008396521807395388
0.0006945665613382086
0.0006551940573447106
0.0004453439622369755
0.0003171001552199013
0.0001848030548311047
0.00011860724284720056
6.545975910715033e-5
1.221727620910272e-5
7.572660547827526e-5
0.0001619754182675022
0.0002705204950471891
0.00029727674294853295
0.00040018247284568514
0.00041289914606110683
0.0005237196345638523
0.0005171807773526712
0.00061009229737882
0.0005762945809893796
0.0006898143909565034
0.0006481105998219127
0.0007901557129225905
0.0007273328448482254
0.0011330425063403528
0.0010326961288794237
0.0008745064032334019
0.0006552325636819412
0.00045780534800044225
0.0002738281221778211
0.00012614159702849608
5.505029317555319e-5
3.7020078732953386e-5
3.346080363068129e-5
4.358619311884513e-5
0.0
0.00014725192135351642
0.00026236673217599105
0.0003131784592478137
0.0004426906904698824
0.000454179480725479
0.0005308404134646377
0.0005006540268276702
0.0006203866834999066
0.00060163450629005
0.000728179005126402
0.0006770221277499756
0.0008016953769227462
0.0010883305694594642
0.00101223621748976
0.0008569518780081634
0.0006178318300382715
0.0003718004386334065
0.00013926859563444282
5.968070079629596e-5
2.7474402140028296e-5
9.58886554073618e-6
7.169682869628254e-6
1.7057323751470426e-5
0.0
0.0
9.434182051693922e-5
0.00019966782532680828
0.0002763251286542752
0.00032999365594632986
0.00039474251064179925
0.00043787871979013233
0.0005069463730263663
0.0005039475254572762
0.0005513932851815198
0.0005467548358431118
0.0005718721669030251
0.0007567540969469343
0.0006418106114075905
0.0005370417594485688
0.0004130451557400226
0.00031277876603551236
0.00018384834763115817
8.937979296410725e-5
6.809079017519126e-5
6.0650858886677454e-5
5.6547900842029864e-5
6.0353165375962656e-5
0.0
9.216014192060561e-5
0.00024711158976379845
0.0002570078158754216
0.0004033207964726868
0.000366953889687013
0.0005519303669777363
0.0004939433743248058
0.0006933784546697268
0.0005796673400808438
0.0007778931887401168
0.0006517902709414923
0.0008630928577589796
0.0011300103107072853
0.0010178188159915694
0.0007953190696536211
0.000504191129645222
0.00025757867238370845
7.397732384480456e-5
4.0644021776374255e-5
1.1165385033191967e-5
5.7765579213205866e-8
0.0
0.0
0.0
0.0
0.0
0.0002011801074228961
0.00020572980056800922
0.00036120705808320773
0.00035475918408781775
0.0005469491720357266
0.0004600405744629974
0.0006547885381917652
0.0005505082968932216
0.0007878557969955704
0.0006423562886695855
0.0011371173003019552
0.0008449950853404476
0.0006062286060900868
0.00040544874371848966
0.00018272530008944335
5.8019142786140104e-5
3.7866468444973336e-5
1.104117740395974e-5
0.0
6.121874172522926e-7
1.3494830698977728e-5
0.0
0.0
8.863048703348403e-5
0.00023908379943637632
0.00025132568265400445
0.0004057969912361404
0.0003740666824698542
0.0005872357566230004
0.0004907320129064892
0.0006956885822726605
0.0005843042480046018
0.0007971718869375044
0.0006452920710915487
0.0008918121531828303
0.0011045130198900797
0.0009135623185982649
0.0005990103744255615
0.00028107673702375063
9.656010355299754e-5
7.778423662540022e-5
5.727041210079413e-5
3.802793978905838e-5
2.982567978676789e-5
0.0
0.0
0.0
0.0
0.00015856422758198818
0.00018819998832028423
0.0003242169239319794
0.0003270205424700402
0.0004637152021177784
0.0004003895838979569
0.0005524493417284633
0.0004929853142472447
0.0006174510067331045
0.0004665606967127448
0.0006022552771731129
0.0004861784697814596
0.0005906279023904057
0.0004120505609446821
0.0003926227370256991
0.0002239471776623847
0.00015229489064518318
4.653566873734059e-5
1.1966124842871296e-5
8.499533865874366e-6
9.068343368183484e-6
0.0001132692257912711
0.00014577437276393215
0.00017806955994396857
0.00027403264938605806
0.0002644882237345471
0.00035171903555018575
0.00029378304164965333
0.0004503375557075121
0.0003865522786950134
0.0004966988130633887
0.0004130840629915149
0.0005340790077622085
0.0004277906965049426
0.0005442816995873492
0.0004397346722078505
0.0005243753414765786
0.0003583254521756737
0.0003518360915306421
0.00019056930815488981
7.400235632457084e-5
0.0
0.0
0.0
0.0
4.518761202832988e-5
0.0001602587146444906
0.000225562330644396
0.0002960180813850181
0.0003200029026205297
0.0003414853998390245
0.00035045791855026985
0.0004137157869672767
0.00044869779336327136
0.0004979107298023467
0.0005136191567842831
0.0005699162040298
0.000550537188610807
0.0008084959252301166
0.0006952036525438414
0.0005847839692478139
0.00045607006528351166
0.00029445398487345934
0.00012641458417822106
8.357318405010015e-5
5.420089273603508e-5
3.537868914232059e-5
3.437610856901515e-5
5.370212401179197e-5
0.0
9.289205499801401e-5
0.00036595458042239975
0.00039335853839609584
0.0005149371209681911
0.00039901231395538347
0.0005779132949425986
0.000445909219440169
0.0005809637385818776
0.0004364735561005035
0.0006260168218552067
0.00048046829816479527
0.0006576780520219636
0.0008296758590195454
0.0007357593894692389
0.0006944290584688842
0.0006693435175823698
0.000588648019345658
0.0005179753975265113
0.00044325694041315246
0.00040213630169387755
0.00041725317379845417
0.0004296377260304925
0.00046604313575360207
0.0004134984307641888
0.0004123473920582219
0.0005841235353127263
0.0004701154711405314
0.0006660365599497874
0.0005479687461694257
0.0007644346089074369
0.0006285809211895144
0.0008777626427274171
0.0007385954240044613
0.0010255423186186208
0.0008126038093943383
0.0010638739184274761
0.0013248914046462418
0.001314810144860488
0.0011054459387467462
0.0008188239973024774
0.0006129762868040193
0.000502201557185344
0.0004278870576730345
0.00033211213633279924
0.00026353348761019266
0.0002127582967206764
0.0002480810828543205
0.00032156638220009673
0.0003875691272393875
0.0005559873611829931
0.00046079821402289636
0.0006447879082005989
0.0005567282190943223
0.0007862045959110222
0.0006778375564985441
0.0009240658169431368
0.0007860576269669323
0.0010064622262330497
0.000882758028935895
0.0012927346763578224
0.001698735047502222
0.0016620476705683622
0.0012409630227211029
0.0008555871007422799
0.0006426452254596401
0.00048279990148680275
0.00038776277536584287
0.00026790291327963327
0.00016219117837154868
0.00010478211047871485
0.00014529174419928778
0.0002698639379242444
0.0003773773158036421
0.0005751869082350011
0.0005021955405946694
0.000693862106598753
0.0006106853588883137
0.0008108381453266621
0.0006922084040498127
0.0009218675619412293
0.00079769739086335
0.001032340920151194
0.0008965945472171077
0.0011932871251345248
0.0010689575136192024
0.001670080221079221
0.0014101522383269478
0.0010394846942177985
0.0008137777577482092
0.0006677356654504361
0.0005544181579181482
0.00046806690361092654
0.00037326683471925175
0.00031773934592957366
0.00023307825074609615
0.0002632925993352329
0.00046645332883980557
0.0004093002611266744
0.0005596103556313651
0.0004254194016249387
0.0005756814049863385
0.00048171607541607484
0.0006957764719367221
0.0005544113408065637
0.0007513563418876613
0.0005720582141344371
0.0007417741395471845
0.0005556394426608683
0.0007330596833050048
0.0005730899239663742
0.0006800840020223592
0.0004210703655709002
0.00045232730704890034
0.00026396557406718285
0.0002592497215486544
0.0001245304339671849
6.429315697754114e-5
0.0
0.0
0.0001519308844249083
0.0002208911895593173
0.00041359427516347364
0.0003776721394691241
0.0005508056834809243
0.00043298169461364664
0.0006099268850710797
0.0005093735077050161
0.0007313930876881582
0.0006265435578143771
0.0009105021630529052
0.0007422212376672761
0.0009917081477988623
0.0012622110000033112
0.0011745837579937946
0.000966382136550624
0.0006883510052581767
0.00047072980778120675
0.00030739196616111965
0.00017500107110931265
6.461440826780688e-5
4.8196217426882296e-5
4.1912532833049304e-5
5.048743853565946e-5
4.002970692053776e-5
0.00019458655865452868
0.0002788472250931797
0.00039364923837202924
0.00044383397241329147
0.0005249856674055011
0.0005318240721662533
0.0006331991072279727
0.0006266067856286081
0.0007241676557813287
0.0007303900723857091
0.0008409780049874615
0.0007959105390130659
0.001234899472511893
0.0011341829065653994
0.0009025253383168058
0.0006742124696072448
0.00044088656923123873
0.00022145985288614213
7.510612234861241e-5
2.973134181039891e-5
8.91157917335154e-6
2.818382727484704e-6
9.288090782933755e-6
0.0
0.0
6.539863660276222e-5
0.000136744267177959
0.0002632837010261961
0.0002548024209121866
0.0004372330757469172
0.00038871789697462106
0.00055303439829038
0.0004931828046648497
0.0007632784338961214
0.0006285610255904465
0.0007801370634960309
0.0009641807268006809
0.000918586851247414
0.0006807207069590001
0.00033495173594513524
0.00013825131542074032
6.726924033148703e-5
5.1198784868357596e-5
2.4170159539100346e-5
5.477203174111608e-6
0.0
1.7594026674556346e-6
0.0
0.0
6.725809457503303e-5
0.00017009911615193537
0.00033585175969509835
0.000313433544019695
0.0004865051427244652
0.00042520175303949957
0.0006244770914113323
0.0005340769919454252
0.0007493238339425189
0.0006007307058911288
0.0008169786726432497
0.0010197527599631235
0.00090844066688831
0.0006540501956055298
0.00030788261931369396
9.38569196602235e-5
4.493217890824469e-5
1.3723543532098606e-5
0.0
0.0
0.0
0.0
0.0
0.0
0.0
0.0
0.0
0.0
0.0
0.0
0.0
0.0
0.0
0.0
0.0
0.00018124104014804454
0.00012883490846641904
9.141642849548624e-5
5.3388885070194974e-5
2.027835763824825e-5
1.0919018339380372e-6
0.0
0.0
0.0
0.0
0.0
0.0
0.0
0.0
0.0
0.0
0.0
0.0
0.0
0.0
4.218489143917576e-5
0.00014681798441437834
0.00017888351966736376
0.00014829149543383105
9.41036233364635e-5
0.00022937393689399362
0.00013864930800338684
9.93091619228642e-5
5.9378473789999875e-5
2.9589207583708046e-5
1.6963402663168145e-5
8.488831018993278e-6
1.3620544534062048e-7
0.0
0.0
0.0
0.0
0.0
0.0
0.0
0.0
0.0
5.276357064908012e-5
9.376052538336092e-5
0.00015194013113445354
0.0002395004045616921
0.00020323704464575364
0.0002942891602071711
0.00024247100271288798
0.000333661720689567
0.0001925738015033486
6.433106790609628e-5
0.0
0.0
0.0
0.0
0.0
0.0
0.0
0.0
0.0
0.0
0.0
0.0
0.0
5.482319982944657e-6
7.399306677761135e-5
0.00014894169057310354
0.00022244843415062342
0.0002744184248846101
0.00034659141406211537
0.00037520888118634094
0.0005582850455370224
0.000473221822574352
0.00034769767930145385
0.00015515585299879714
6.588130939089103e-5
3.2804968859518844e-5
1.5586185825389174e-5
2.1088727625556802e-7
0.0
0.0
0.0
0.0
0.0
0.0
0.0
8.505963738217905e-5
0.00019289136474853868
0.0002116370608772966
0.00034910562245407884
0.00033620629395634746
0.00045488965758107644
0.00040972054114247526
0.0005754255076635042
0.0005131096619690234
0.0009395374547565306
0.0007961097410965827
0.0006101425876662898
0.00038103275606276064
0.00013809425897170317
5.918575799188307e-5
5.041156110498063e-5
2.9627586454786605e-5
9.9291610194624e-6
1.2167242059556537e-5
2.2926132355614106e-5
0.0
0.0
8.591836264806559e-5
0.0002029289164325875
0.00026811525896977957
0.0003057310631083525
0.0003652243730220338
0.00038425687272653376
0.00043695422248666524
0.0004772399150200926
0.0006059615276267804
0.0006591176914613469
0.0007572657663232414
0.0011988262878581916
0.0011803123052397362
0.0009509542195750894
0.000690767285699699
0.0004600601897097571
0.0002326493861700124
8.220676196350093e-5
4.572205207939121e-5
3.068742835939328e-5
2.2359262627140027e-5
2.5753661082876906e-5
0.0
0.0
0.00012722141787944736
0.00023565074916880532
0.0003079655230479455
0.00039685483687666674
0.0004366808596334645
0.0006724187857385836
0.0007400320329190798
0.0008327963619683872
0.0007167947805282759
0.0008818093031256708
0.0008503170105923211
0.0013569921179158223
0.0012934629160615773
0.0010487444788507242
0.0007247387287257819
0.0004369818426810019
0.00022731190345721372
9.349319130779143e-5
4.910412305185127e-5
3.231455016202319e-5
1.715417077377375e-5
1.449630019058071e-5
0.0
0.0
3.915396819238189e-5
0.00015892329837248167
0.00025230692836434915
0.0003875631370625032
0.0005188612054268749
0.0006689487135364886
0.0007164722950863517
0.0007930540489587271
0.0008085417714627603
0.0009192089438660793
0.0008607556395451272
0.0012728589679200624
0.0011901939115538352
0.0009722895514459649
0.000631945736268185
0.0003633923818348982
0.00019534336382633113
8.38674555366049e-5
5.098212206649178e-5
4.738383444985045e-5
4.049833910541197e-5
4.99762614234846e-5
0.0
7.529498772222428e-5
0.00021469486394773258
0.00036499265634730687
0.00037732367174938045
0.0004508402007208528
0.0004356781380209801
0.0005270408553816385
0.0005583339921209851
0.0006148033404430399
0.0005946676669587495
0.0006540087813976693
0.0006220696747578538
0.0007243659642418629
0.0010533630710338976
0.0008981898201083457
0.0006309625658294047
0.0004264975712217163
0.0002498292584822439
0.00015075138096327616
0.00011826802821815549
0.00011964107982612402
0.00011993537767411449
4.821560023228791e-5
9.862517525561334e-5
0.00011724548943725362
0.00024072356818792263
0.0002142970864674867
0.00031532102822640865
0.0002545565788485536
0.00036824025225537136
0.0002846000222907379
0.0003678613215898075
0.0002971838655240026
0.00054777033100764
0.00046577860112136116
0.0006831928290298269
0.0005923355348378919
0.0008140634184437067
0.0005478454832097871
0.0005283062236941687
0.00026693967400700483
0.00017572627453480395
2.990274973469512e-5
0.0
0.0
0.0
0.0
0.0
0.00011163032563498721
0.00026077656117371736
0.00017214833997269467
0.00033267544885337704
0.0003243511269081832
0.00046045436610121695
0.0003954766960635836
0.0006840472699004807
0.0005816705436256188
0.0007951056914719517
0.0006026736344742027
0.0008275978981718634
0.0011512305276190028
0.0010296072207465418
0.0007580180875580095
0.0004872871807808602
0.00018040831635574188
6.228989077193303e-5
4.517092104967181e-5
2.235011469209414e-5
9.011736086787301e-6
4.069460452465224e-6
1.0049284367997967e-5
0.0
0.0
0.0
0.0
0.0001547617302717903
0.00034434146858033286
0.0004283666813682886
0.0005554881881446935
0.0005702126807801143
0.0006764938791436497
0.0006089496817951884
0.0007351829082358545
0.0006813517635288938
0.0010823339290422348
0.0009961283428653147
0.0007171652922558673
0.0003435236780204811
0.0001172767930477146
7.222990809716733e-5
5.5531235703508056e-5
3.0218252233506116e-5
1.3513397153505814e-5
3.5913805935609533e-6
7.765808841684312e-6
0.0
0.0
0.0
0.0
0.0
3.853615141715796e-5
9.65603535686754e-5
0.00012041380443238701
0.00020819748046697298
0.0003803980554359054
0.00043301348557161357
0.00048264181992118186
0.0004468668602968812
0.000681410145589469
0.0006731313322511446
0.00047264913812717187
0.00018991365229138973
7.212875878886499e-5
3.775810725660768e-5
1.3817114990735895e-5
0.0
0.0
0.0
0.0
0.0
0.0
0.0
0.0
8.493420237211053e-5
0.00020756114969082399
0.0003705278060055165
0.0003173640431065655
0.0005228281830041495
0.00047003205822163054
0.000709688663896297
0.0005603674857450919
0.0007840029238538355
0.0010269311690467918
0.0009133074775655171
0.0006678982907110226
0.00034612891591774927
0.00010715740545265094
4.9704170433512074e-5
2.529462332548217e-5
3.1007691564686108e-6
1.6849303677761034e-7
4.2043616549844605e-7
2.9940001181519224e-6
0.0
0.0
0.0
0.0
0.0
5.28078275561197e-5
0.0002337700079058454
0.0003010490629218245
0.00037945168045301213
0.000424739367349884
0.0005462423031804526
0.0005098785100837544
0.0005473295776891808
0.0007779360047095185
0.0006905552075472498
0.0004931955028983628
0.00022745917621219583
7.055108252931054e-5
4.392586745244934e-5
3.106199204086343e-5
1.5526079033229404e-5
3.959828188054641e-6
0.0
1.2623449221041614e-6
0.0
0.0
0.0
0.0
0.0
0.00013555414152826935
0.00025926948076364695
0.00030839029550026756
0.00043062132039752986
0.0005134088462635982
0.0006594821264480484
0.0006187710288389467
0.0007661123495746264
0.0007147822811599972
0.001053432956430881
0.0007757242687367299
0.0004521143266432204
0.00022602506975575532
9.682483950539415e-5
7.705335062599567e-5
5.7164838639541143e-5
4.482055572139417e-5
3.6845178460999664e-5
0.0
0.0
0.0
0.0
8.369189416147957e-5
0.00021780003408362753
0.00038413129973710163
0.0003606027163161479
0.0005861676300200107
0.0004649970680652527
0.00069465956690885
0.0005522154314015334
0.0007640640344144034
0.0006458975954641475
0.0008836541541673331
0.000636439847842142
0.0006836896154121891
0.00029477312282513593
0.00011822707881454632
0.0
0.0
0.0
0.0
0.0
0.0
0.0
0.0
0.0
5.235884043159018e-6
0.0002270989512436782
0.00024934529481818835
0.00037497193170439813
0.00039146728930894453
0.000683984427047628
0.0005325156811734067
0.0007552897912118351
0.0006327725679284544
0.0008091931017935106
0.0010306823535420106
0.000869183861572582
0.0005419846562253977
0.0002161707061541632
9.33191786961032e-5
5.719347100508916e-5
4.073594759834496e-5
2.1058298706451816e-5
5.121637676648079e-6
3.0302731511116723e-7
6.968964744391636e-6
0.0
0.0
0.0
0.0
0.0
0.0
0.0
0.0
0.00017221871747689682
0.00016381660297047084
0.000252106312175421
0.00027529771956273815
0.0004330965349739954
0.0006052312660912206
0.0005336474613495435
0.00044921319702186314
0.00041179884746161174
0.000343557226410828
0.00019600402557382138
9.949996478721818e-5
6.87461929370459e-5
4.9550134283703025e-5
4.153271115972969e-5
4.484570478796925e-5
0.0
5.629264074534684e-5
0.00013026655318376196
0.00018571668385367664
0.0002300068850312475
0.0002442764966840559
0.0003736490226497401
0.0004548745431395636
0.0005034463763536399
0.0004999374379591127
0.0005501920770115592
0.0005110759358512581
0.0005461981139554816
0.0008019592428415057
0.0007840942491412863
0.0006572392619542301
0.0004857590839116866
0.0004014329707173589
0.0004494529141982817
0.0005378412455133109
0.0003429216504675776
0.0002509194631171816
0.0001936973629632733
0.00015861762941394764
0.00020496194153882098
0.0003366977763973261
0.0003722172027383568
0.000481339247915868
0.0005034096400018777
0.0006590892634234654
0.000612550760904869
0.0007451390506046769
0.0007011887647800083
0.000836354930044106
0.0007683527690929506
0.0009277825575943674
0.0008258278012948359
0.0012930748587776807
0.0011864029389987527
0.0009723038661511357
0.0006497440184106116
0.000419490530363202
0.00028023995076435765
0.0001227834866589642
5.7825777208783527e-5
4.238480991175769e-5
3.431406827694933e-5
3.566811647045773e-5
0.0
0.0
5.249922350244532e-5
0.0001068557849435918
0.00011514349384496489
0.00016249956891811073
0.0002151977932362216
0.00040676967723085643
0.0006227987026909528
0.0005809081066937589
0.0006110332635497368
0.0006065681587633424
0.0006651255961832591
0.0009155432393649893
0.0008853502772633894
0.0007509965643582894
0.0005513635437767615
0.00040943082501484747
0.00028380853071266574
0.00021754332243148594
0.00013922611770925166
6.934708506310113e-5
5.747049643105691e-5
6.350887021842009e-5
7.800154682664945e-5
0.000224885714941452
0.0002783126031792498
0.0004881674867671748
0.00045170544666237104
0.0007331377025802444
0.000616439050754945
0.0008971805219851384
0.0007040023760995033
0.0009822083630219834
0.0007657942004401861
0.0010089524242281676
0.0007914753715119138
0.0010704238254947462
0.0013624388250510343
0.0011377229842033862
0.0008221114265138285
0.0005851354928600218
0.0003961790468531141
0.0002555439185602848
0.00015301040745383662
9.812514884267106e-5
9.084902740785513e-5
0.0
6.813691239271445e-5
0.00012883807853968343
0.0002749023346749944
0.0003012318881938733
0.0005421681575335629
0.0005249064260347985
0.0007611328819898889
0.0006837931985289672
0.0009209452444292632
0.0007606361515733793
0.0009523945703561502
0.0008160624880995488
0.0011243211479917187
0.0011099081356625107
0.0011847955029493959
0.0007467761061892255
0.0007013104303591445
0.0003764586852383564
0.0003049238984763325
0.000151736735064093
7.746088329432492e-5
0.0
0.0
0.0
0.0
4.911414562071816e-5
0.00016505605203214645
0.00029473755312602946
0.0004334958063502211
0.0005242090496680803
0.0006292823812328119
0.0006526340809153835
0.00077059525542498
0.0007478269730801946
0.0008367273584713867
0.0008100561580056661
0.0009218854890591181
0.0008655711889011702
0.0009150661343946238
0.0006932372509930202
0.0005192935463454284
0.0003243102182236546
0.0002115017787016197
6.378365329666284e-5
0.0
0.0
0.0
0.0
0.0
0.0
7.084168555878805e-5
0.00017544001050649388
0.00031452939071868356
0.00031911846614507693
0.0004610428690089526
0.0003949065902299847
0.0005306164940884834
0.00044997712254079246
0.0005837286739933791
0.0004989691251465778
0.0006492984564747166
0.0008434003349715154
0.0007623610317028431
0.0005665974444019136
0.00031916545627790353
0.00012967794773298524
7.00018667609058e-5
6.126443883764328e-5
6.318535518787449e-5
7.981025412693229e-5
0.00011370800911171953
0.00018891948743932787
0.00023665483344519083
0.0002986267086161618
0.00048228242369187087
0.0004394716177939534
0.0006286493773650759
0.0005621679940479724
0.0007407364769361058
0.0006341466433715455
0.000855488201235099
0.0007444464546109457
0.0009576612889557755
0.0007856558290201378
0.001009885637297844
0.0013163213332425942
0.0011911682788778323
0.0009570876193526765
0.0007238664836528969
0.000552546804168542
0.0004149940410250784
0.00032671695701035807
0.00020891613599232202
0.00012398722100720968
6.906375181480731e-5
6.590630096851086e-5
0.00012721585207540876
0.00025885785720071257
0.00036702635552823663
0.000521469460772774
0.0005918091966547112
0.0007247644536652885
0.0008029555995151115
0.0009327601113561651
0.0008970981057291542
0.0010442332145275206
0.001092728247685071
0.0013105689270214362
0.0012466869598453194
0.0019258249218953329
0.0018284726594891563
0.0012782632223408692
0.000790859576882322
0.0005042854851959148
0.0002872475178064953
0.00012088741980108317
5.5141260438461066e-5
3.4385065589892645e-5
2.5472257939924797e-5
2.5395636338626916e-5
0.0
0.0
0.00010515868762326436
0.00025445057052739565
0.0003997987042721455
0.0004954692176530839
0.0005885229343575385
0.0006234615946776682
0.0007180525346081064
0.0007087934738699469
0.0007863900377174403
0.0008206072877369653
0.0009221976545547408
0.0012443598858345305
0.0010893679883314093
0.0007342908627581557
0.0003777448181898055
0.00012881335638272398
4.6979908493044735e-5
2.0882691447173048e-5
6.021236711170777e-7
0.0
0.0
0.0
0.0
0.0
0.0
0.0
0.0
0.00010359387937774399
0.0002262277230232604
0.0003420073161968064
0.00042854787944624997
0.0005650156205757902
0.0005993767122512506
0.000677238279118097
0.0006328717608640774
0.0007938544414610629
0.0009941301147894427
0.0006212475525979263
0.0002588547698732228
0.00010662567231819553
7.57542532894065e-5
5.753702965653705e-5
3.829964464080041e-5
2.006912264002761e-5
1.0754202818540123e-5
0.0
0.0
0.0
0.0
0.0
0.0
8.665953292207851e-5
0.0001755216086410921
0.0002707061285497284
0.00038956176814481833
0.0005336743430038443
0.0005288156562670316
0.0006620819782858128
0.0006295336074991376
0.0007030442584869534
0.0006110025576493509
0.0004801070385864207
0.00020743590287247284
3.457083942549962e-5
0.0
0.0
0.0
0.0
0.0
0.0
0.0
0.0
0.0
0.0
4.3186753034341465e-6
0.00016092070346264585
0.00021999036371930818
0.00026329552368179127
0.00033907068016483024
0.0004025141475633831
0.0005516533095936976
0.000595819836227243
0.000639300820656663
0.0008999770121996308
0.000749588286979685
0.00038798221773531387
0.00010913057473957548
6.925399716512147e-5
3.766989003539493e-5
1.2754020089254865e-5
0.0
0.0
0.0
0.0
0.0
0.0
0.0
0.0
0.0
0.0
0.0
0.00010861725575668758
0.00027067407711517654
0.0002327339951105656
0.0003591239800213325
0.00031872607543044593
0.0005052925185327515
0.0006882141386735221
0.0005575585695421917
0.0002483467014980517
7.35637821961106e-5
3.171642206912623e-5
2.763764734011731e-6
0.0
0.0
0.0
0.0
0.0
0.0
0.0
0.0
0.0
0.0
0.0
0.0
0.0
0.0
0.0
0.0
3.4842323552103447e-6
0.00015210058322006275
0.0003268439968804776
0.00022787053019755624
0.00010063782756235277
4.693585193852693e-5
3.8097786428381384e-6
0.0
0.0
0.0
0.0
0.0
0.0
0.0
0.0
0.0
0.0
0.0
0.0
0.0
0.0
0.0
0.0
0.0
0.0
0.0
0.00012586293384292475
8.653035099818008e-5
5.802558270356961e-5
4.6593912060136386e-5
5.049895120842732e-5
3.5941926893565434e-5
9.989865945363962e-6
0.0
0.0
0.0
0.0
0.0
0.0
0.0
0.0
0.0
0.0
0.0
0.0
0.0
0.0
0.00010397130790936384
0.00022405002349443583
0.00017348722356464103
0.00043455053593110854
0.00030350116307813104
0.00012433557386619414
7.625256400898786e-5
5.286042766416489e-5
2.6955936155514445e-5
7.660953043111995e-6
0.0
0.0
0.0
0.0
0.0
0.0
0.0
0.0
0.0
6.388070365546166e-5
0.0001428753074456624
0.0002969547290319929
0.00025279112520202224
0.0003828836352020952
0.0003350589568423308
0.0005251097531154773
0.00044085626189141035
0.0006781925345637738
0.000830233467469046
0.0005886486111714729
0.00032542933991772495
0.00013857297256804628
9.105330951704055e-5
8.347729103374986e-5
6.601728321558804e-5
5.254618324633706e-5
4.395750421664675e-5
0.0
0.0
0.0
0.0
0.0
0.00021469999640869776
0.00026180466110355425
0.0004729788405488515
0.0003826816246265654
0.000556408730179215
0.0004509946243688103
0.0007185188162010201
0.00062929819603205
0.0009340699455846573
0.0007312730071979588
0.0008931230525931801
0.0005218558403887065
0.0004444631041762928
0.00015658283225621666
0.0
0.0
0.0
0.0
0.0
0.0
0.0
0.0
0.0
0.0
0.0
0.00013420049335984553
0.00029766446234513256
0.00036141543490522936
0.00041753938186091173
0.0005442298163652623
0.0005797751297898587
0.0006474248198936753
0.0006852689934782503
0.0010504304695122374
0.0008432456639231068
0.0004755904831364447
0.0001226969684721179
5.202517991652014e-5
1.7769545348259212e-5
1.3756296025256418e-6
0.0
0.0
0.0
0.0
0.0
0.0
0.0
0.0
0.0
0.0
0.0
0.0
0.0
0.0
0.0
0.0
0.0
0.0001665709570437568
0.0001731814412883317
9.917389894295169e-5
5.82335122172069e-5
3.1623658040827996e-5
9.825054446742464e-6
5.08359300801188e-7
0.0
0.0
0.0
0.0
0.0
0.0
0.0
0.0
0.0
0.0
0.0
0.00017599455485171826
0.00015915650889088387
0.00022740272816411115
0.00015555680353366593
0.0002445246320138788
0.0001987438519840217
0.00037618785784749545
0.0003476017339544162
0.000316602270965347
0.0002835744328739776
0.0002772423320903202
0.00025487424866423394
0.00021771884219835358
0.00011957203020330715
9.949687657055124e-5
0.00024474047010398717
0.00028430899462689207
0.0002673546336054935
0.00029152904492010334
0.0004249360543698296
0.00035447908074917654
0.0004634386646408188
0.0003814146563183058
0.0005075093787808456
0.00042519125682691493
0.0005614635152484306
0.00046335858770516766
0.0006045439719466917
0.0004975516858440797
0.0006629956514272602
0.0009159137270324945
0.0008829283175954442
0.0007841190705199487
0.000626937259280658
0.0006186480396935494
0.0005201362631545356
0.0002737300069771441
0.00011798624579932788
6.898791586162483e-5
0.00020141876375873337
0.0004969320936437158
0.0004099031237214812
0.0003284297542691644
0.0004814273277069148
0.00039295657098260757
0.0005790789169375242
0.00047879090244601493
0.0007029372664220991
0.0005882715527467436
0.000795123508488794
0.0006445952159395229
0.0008867889231781282
0.0007192745657365426
0.000961507278820689
0.0012467610421582009
0.0010780494757514096
0.0007896834934573276
0.0004821601335965853
0.00029871907894822423
0.000169614054249556
8.164203408220286e-5
5.3775677185843783e-5
3.815626961977523e-5
2.6676197693310158e-5
2.4481698672223742e-5
0.0
0.0
0.0
7.009812182924815e-5
0.00010536126350620973
0.00021617649247412187
0.00022338597500214447
0.00040528366171388875
0.0003785982537672943
0.0005377227966630845
0.0004252592161093928
0.000658079770204342
0.0005361999292013319
0.0007308253614493846
0.0008271286224058367
0.0005391307037255802
0.0002514364893670618
0.00010494309340305099
7.5103481754157e-5
5.873544191372529e-5
3.936595528263543e-5
2.4490217998290465e-5
1.5879005100013444e-5
0.0
0.0
0.0
0.0
0.0
0.0
0.0
0.0
3.748401883489583e-5
0.00015608012790338093
0.00018673712098605296
0.00022514426622255047
0.0002655237873646316
0.0003500631725624226
0.000390683566000428
0.0004045485620088306
0.0002263495473466607
4.186206298411037e-5
0.0
0.0
0.0
0.0
0.0
0.0
0.0
0.0
0.0
0.0
0.0
0.0
0.0
0.0
4.033151240458534e-6
0.00010104485381817303
0.00018966142094111723
0.00016855118158481424
0.00025502516547617766
0.00045437815950212187
0.000518888848635207
0.00039932137962273245
0.00012703013493791784
5.6192082033702754e-5
1.7864674135201214e-5
6.955598901022766e-7
0.0
0.0
0.0
0.0
0.0
0.0
0.0
0.0
0.0
0.0
0.0
0.0
0.0
0.0
7.78217256655751e-5
0.00020492859794688135
0.00025047308860418115
0.0005149849639264629
0.00034001869227967264
0.00017554231809872642
7.421696839637605e-5
3.172452108640966e-5
2.5004944634825394e-6
0.0
0.0
0.0
0.0
0.0
0.0
0.0
0.0
0.0
0.0
0.0
0.0
0.0
0.0
0.0
2.9859541088996105e-5
0.00010358097705193488
0.00013902128773621313
0.0003638716872570562
0.00035857554003379256
0.00017641285893294365
7.016842432874698e-5
2.1347957204942812e-5
0.0
0.0
0.0
0.0
0.0
0.0
0.0
0.0
0.0
0.0
0.0
0.0
0.0
0.0
0.0
0.0
0.0
0.0
9.35542859600146e-5
0.00028702464138277115
0.00027281635057314804
0.00014380626739287952
5.3622509840515295e-5
8.404812599256822e-6
0.0
0.0
0.0
0.0
0.0
0.0
0.0
0.0
0.0
0.0
0.0
0.0
0.0
0.0
0.0
0.0
0.0
0.0
0.0
0.00016861962544265766
0.00011484511689704199
8.260554102328977e-5
2.8162790024691136e-5
0.0
0.0
0.0
0.0
0.0
0.0
0.0
0.0
0.0
0.0
0.0
0.0
0.0
0.0
0.0
0.0
0.0
0.0
0.0
0.0
0.0
0.00015006547024754875
0.00011442862338960416
7.459335632926976e-5
2.9322376180873305e-5
1.0206986066702121e-6
0.0
0.0
0.0
0.0
0.0
0.0
0.0
0.0
0.0
0.0
0.0
0.0
0.0
0.0
0.0
0.0
0.0
0.0
0.0
3.981598073064383e-6
4.352661545505396e-5
0.0
0.0
0.0
0.0
0.0
0.0
0.0
0.0
0.0
0.0
0.0
0.0
0.0
0.0
0.0
0.0
0.0
0.0
0.0
0.0
0.0
0.0001864352951555412
0.00014381331082618747
0.00015031282977035458
0.00012147677767874981
9.30584771232615e-5
6.924827358445264e-5
5.411644102291449e-5
3.41615773861735e-5
2.059630940675564e-5
7.095033620045104e-6
4.399632100744557e-6
0.0
0.0
0.0
0.0
0.0
0.0
0.0
0.0
0.0
0.0
0.0
0.0
0.0
0.00019317500267074957
0.00012742624123596218
9.862898101204527e-5
6.825429535497207e-5
4.015596230108732e-5
1.5508116745771228e-5
4.066382814390524e-6
0.0
0.0
0.0
0.0
0.0
0.0
0.0
0.0
0.0
0.0
0.0
0.0
0.0
0.0
0.0
7.069659366754991e-5
0.00010472137861074726
0.0003218435860368338
0.0002541270285077099
0.0001283108395677989
7.586578086356682e-5
4.394952625820986e-5
1.4539011289389424e-5
1.069570361934331e-6
0.0
0.0
0.0
0.0
0.0
0.0
0.0
0.0
0.0
0.0
0.0
0.0
0.0
0.0
0.0001525473716711541
0.00015778995141399547
0.0002714922547285881
0.00042818640463471343
0.00036189077825885213
0.00018925324531929004
8.25179222967201e-5
4.835343646456685e-5
1.9034311763736386e-5
1.5338818077695195e-6
0.0
0.0
0.0
0.0
0.0
0.0
0.0
0.0
0.0
0.0
0.0
0.0
0.0
0.0
0.0
0.00010950896468085533
0.00020332420032027397
0.00037536776667266664
0.00033997394967272
0.00018949419358755163
7.881512728986053e-5
4.096821051548444e-5
1.1178921541028475e-5
3.012719733434965e-7
0.0
0.0
0.0
0.0
0.0
0.0
0.0
0.0
0.0
0.0
0.0
0.0
0.0
0.0
0.00010871119038663401
0.00014873635899957324
0.0002027284503315229
0.00030591029401274807
0.0004651835308561963
0.0003163763318495691
0.0001324536200886943
7.815798035482562e-5
4.176067189809443e-5
2.5671919429864792e-5
8.273763814045296e-6
0.0
0.0
0.0
0.0
0.0
0.0
0.0
0.0
0.0
0.0
0.0
0.0
0.0
0.0
0.0
5.5267192472374537e-5
8.751774466203928e-5
9.429531229194688e-5
7.003505071940424e-5
0.0
0.0
0.0
0.0
0.0
0.0
0.0
0.0
0.0
0.0
0.0
0.0
0.0
0.0
0.0
0.0
0.0
0.0
8.753815093643579e-6
0.00013548390689390485
0.0001807581048173017
0.00042695561981928
0.0003512512729543602
0.0001953081672416259
8.176498724208005e-5
4.154172495718005e-5
1.2213775205044647e-5
1.0806560181237837e-6
0.0
0.0
0.0
0.0
0.0
0.0
0.0
0.0
0.0
0.0
0.0
0.0
0.0
0.0
0.0
5.065739354457918e-5
0.0001763604336528071
0.00033535720357811356
0.0002901680762089445
0.00015488691186638616
7.878433636845278e-5
3.994837593135267e-5
6.848542344676538e-6
0.0
0.0
0.0
0.0
0.0
0.0
0.0
0.0
0.0
0.0
0.0
0.0
0.0
0.0
0.0
0.0
0.0
6.713670134561116e-5
0.0001871929687918447
0.00013773958382818868
9.64334633941354e-5
5.2101932035939734e-5
1.5432942353425047e-5
0.0
0.0
0.0
0.0
0.0
0.0
0.0
0.0
0.0
0.0
0.0
0.0
0.0
0.0
0.0
0.0
0.0
0.0
0.0
0.00016649862907728782
0.0001185152335471918
7.394999686969173e-5
3.3593781477759066e-5
3.71053452722743e-6
0.0
0.0
0.0
0.0
0.0
0.0
0.0
0.0
0.0
0.0
0.0
0.0
0.0
0.0
0.0
0.0
0.0
0.0
0.0
8.15352612256551e-5
6.523833031604463e-5
4.8782818070980235e-5
2.2152735133951333e-5
2.2911534110173577e-6
0.0
0.0
0.0
0.0
0.0
0.0
0.0
0.0
0.0
0.0
0.0
0.0
0.0
0.0
0.0
0.0
0.0
0.0
0.0
6.668740222452966e-5
0.00018742532154202327
0.00011727769459483416
7.488554965198523e-5
3.4794727575846535e-5
3.0669251905785607e-6
0.0
0.0
0.0
0.0
0.0
0.0
0.0
0.0
0.0
0.0
0.0
0.0
0.0
0.0
0.0
0.0
0.0
0.0
0.0
0.0
0.0
0.0
0.0
0.0
0.0
0.0
0.0
0.0
0.0
0.0
0.0
0.0
0.0
0.0
0.0
0.0
0.0
0.0
0.0
0.0
0.0
0.0
0.00011375226818939732
6.947439087562946e-5
3.7382594404738757e-5
7.0844750839916325e-6
0.0
0.0
0.0
0.0
0.0
0.0
0.0
0.0
0.0
0.0
0.0
0.0
0.0
0.0
0.0
0.0
0.0
0.0
0.0
0.0
0.00014621610904151972
0.00010063493951514174
6.847275097323583e-5
3.185940093560243e-5
2.1950686404878373e-6
0.0
0.0
0.0
0.0
0.0
0.0
0.0
0.0
0.0
0.0
0.0
0.0
0.0
0.0
0.0
0.0
5.434508036031785e-5
0.00011686358311438236
0.00021532645384081853
0.00027916990589254247
0.0001253662868259964
7.834539210694978e-5
3.630070328798301e-5
3.8790726036756e-6
0.0
0.0
0.0
0.0
0.0
0.0
0.0
0.0
0.0
0.0
0.0
0.0
0.0
0.0
0.0
0.0
0.00015737794045752175
0.00018236999564391455
0.00033104728530132115
0.00043259486936307476
0.00026772357096657793
0.00011567444262061169
6.649550002345662e-5
2.263340173456164e-5
0.0
0.0
0.0
0.0
0.0
0.0
0.0
0.0
0.0
0.0
0.0
0.0
0.0
0.0
0.0
0.0
0.0
7.808729265857793e-5
0.0001721085691994798
0.000282283516672792
0.000124064010341306
7.649233445757539e-5
3.428813662991983e-5
3.0828141733387674e-6
0.0
0.0
0.0
0.0
0.0
0.0
0.0
0.0
0.0
0.0
0.0
0.0
0.0
0.0
0.0
0.0
0.0
0.0
0.0
0.0
0.00016164382221243325
0.00010744899219967266
7.038017152425022e-5
3.258746588990544e-5
2.8409933215939723e-6
0.0
0.0
0.0
0.0
0.0
0.0
0.0
0.0
0.0
0.0
0.0
0.0
0.0
0.0
0.0
0.0
6.9048167077066975e-6
0.00017486796906511626
0.0001417767421923089
6.299734928238365e-5
0.0
0.0
0.0
0.0
0.0
0.0
0.0
0.0
0.0
0.0
0.0
0.0
0.0
0.0
0.0
0.0
0.0
0.0
0.0
0.0
0.00010667358784900975
0.00018905345290063776
0.00032795341216044355
0.0001562528579294113
9.164798224158632e-5
5.168133084414101e-5
1.3704892752199004e-5
0.0
0.0
0.0
0.0
0.0
0.0
0.0
0.0
0.0
0.0
0.0
0.0
0.0
0.0
0.0
0.0
0.0
0.0
0.0
0.00020256304694170584
0.00011001418645096627
7.154175160776784e-5
3.415483360554723e-5
4.332415495591306e-6
0.0
0.0
0.0
0.0
0.0
0.0
0.0
0.0
0.0
0.0
0.0
0.0
0.0
0.0
0.0
4.416477835445902e-5
0.00018573655628183547
0.00025019131748313313
0.0003327055676353563
0.0004444553991952247
0.0002223398912301505
9.779234151917786e-5
5.522161906018607e-5
1.5930944212111315e-5
0.0
0.0
0.0
0.0
0.0
0.0
0.0
0.0
0.0
0.0
0.0
0.0
0.0
0.0
0.0
0.0
0.0
0.0
0.00017898374182547663
0.0003096769494048864
0.00012949619308246576
7.658100338075342e-5
3.4808256065397804e-5
3.935458126919018e-6
0.0
0.0
0.0
0.0
0.0
0.0
0.0
0.0
0.0
0.0
0.0
0.0
0.0
0.0
0.0
0.0
0.0
5.476168697631285e-5
0.0001276112363878026
0.0002929396948324206
0.00012478758856028212
8.142933554566264e-5
3.683036793498813e-5
1.4604000359462006e-6
0.0
0.0
0.0
0.0
0.0
0.0
0.0
0.0
0.0
0.0
0.0
0.0
0.0
0.0
0.0
0.0
0.0
0.0
0.0
0.0
1.745508899507032e-5
5.435424212729805e-7
0.0
0.0
0.0
0.0
0.0
0.0
0.0
0.0
0.0
0.0
0.0
0.0
0.0
0.0
0.0
0.0
0.0
0.0
0.0
0.0
0.0
0.0
0.0
0.0
0.0
0.0
0.0
0.0
0.0
0.0
0.0
0.0
0.0
0.0
0.0
0.0
0.0
0.0
0.0
0.0
0.0
0.0
0.0
0.0
0.0
0.00011727019830886116
6.935476295042006e-5
3.5376017583580406e-5
5.424209613046678e-6
0.0
0.0
0.0
0.0
0.0
0.0
0.0
0.0
0.0
0.0
0.0
0.0
0.0
0.0
0.0
0.0
0.0
0.0
0.0
0.0
7.696758847505224e-5
4.0082981913999565e-5
1.154829094018816e-5
0.0
0.0
0.0
0.0
0.0
0.0
0.0
0.0
0.0
0.0
0.0
0.0
0.0
0.0
0.0
0.0
0.0
0.0
0.0
0.0
0.0
0.00019763220983847314
0.00012066866923754589
9.286347122337913e-5
6.71092447075558e-5
4.494788977837146e-5
2.5803037931791175e-5
1.3969436260519558e-5
2.829294478679049e-7
0.0
0.0
0.0
0.0
0.0
0.0
0.0
0.0
0.0
0.0
0.0
0.0
0.0
4.968447939748102e-5
0.0001090552146530535
0.0002277971097985668
0.000328928105080172
0.00016222392121975024
0.00010175331524193225
7.232659441640173e-5
4.9231766045565215e-5
2.774280895546077e-5
1.577947707277089e-5
3.633192009906796e-7
0.0
0.0
0.0
0.0
0.0
0.0
0.0
0.0
0.0
0.0
0.0
0.0001424317931800126
0.0002633269631532822
0.00031440845086497205
0.00035226472510374655
0.0003519814751242727
0.0005058932625323634
0.00032247767260844675
0.00015150955217262224
8.165225383916714e-5
4.795175110328421e-5
1.4205967452634103e-5
8.721346648109404e-8
0.0
0.0
0.0
0.0
0.0
0.0
0.0
0.0
0.0
0.0
0.0
0.0
6.517265383884973e-5
0.0001458530783531293
0.0003168403789927426
0.0003211208356940395
0.0005611462181548675
0.0004134251963078217
0.00051907230574604
0.00021950883252996284
0.00011572436136281636
7.994001642195239e-5
4.614189545693288e-5
2.7857605798436322e-5
7.878946760026139e-6
0.0
0.0
0.0
0.0
0.0
0.0
0.0
0.0
0.0
0.0
0.0
0.0
0.00015486657039730865
0.000235426638514966
0.0003007175541630247
0.00036177427906017214
0.00033279308959853596
0.00018696813162801264
1.2226530188978339e-5
0.0
0.0
0.0
0.0
0.0
0.0
0.0
0.0
0.0
0.0
0.0
0.0
0.0
0.0
0.0
0.0
0.0
0.0
0.0
0.00010638772949467406
0.00024812459857994517
0.00036931132020389344
0.00017145090400495867
9.588414929320465e-5
5.320421384034054e-5
1.1638748390792256e-5
0.0
0.0
0.0
0.0
0.0
0.0
0.0
0.0
0.0
0.0
0.0
0.0
0.0
0.0
0.0
0.0
0.0
0.0
3.753277599798462e-6
0.00018226702951143264
9.493871615807522e-5
4.626572375013939e-5
7.9789160440183e-6
0.0
0.0
0.0
0.0
0.0
0.0
0.0
0.0
0.0
0.0
0.0
0.0
0.0
0.0
0.0
0.0
0.0
0.0
0.0
0.0
0.00016441208270168896
9.283901508728527e-5
4.699379738699523e-5
8.509594486290562e-6
0.0
0.0
0.0
0.0
0.0
0.0
0.0
0.0
0.0
0.0
0.0
0.0
0.0
0.0
0.0
0.0
0.0
0.0
0.0
0.0
0.0001267002478812293
7.398861338642559e-5
3.639961775426114e-5
4.857905003691821e-6
0.0
0.0
0.0
0.0
0.0
0.0
0.0
0.0
0.0
0.0
0.0
0.0
0.0
0.0
0.0
0.0
0.0
0.0
0.0
0.0
0.00014004951259543214
7.934266811121723e-5
3.5077652665700574e-5
2.87975862380843e-6
0.0
0.0
0.0
0.0
0.0
0.0
0.0
0.0
0.0
0.0
0.0
0.0
0.0
0.0
0.0
0.0
0.0
0.0
0.0
0.0
0.0
8.555980483430028e-5
4.9304882450596544e-5
1.8831033224281483e-5
2.763791809454334e-7
0.0
0.0
0.0
0.0
0.0
0.0
0.0
0.0
0.0
0.0
0.0
0.0
0.0
0.0
0.0
0.0
0.0
0.0
0.0
0.0
0.0
0.0
0.0
0.0
0.0
0.0
0.0
0.0
0.0
0.0
0.0
0.0
0.0
0.0
0.0
0.0
0.0
0.0
0.0
0.0
0.0
0.0
0.0
7.235313088692306e-5
2.479054820154234e-5
0.0
0.0
0.0
0.0
0.0
0.0
0.0
0.0
0.0
0.0
0.0
0.0
0.0
0.0
0.0
0.0
0.0
0.0
0.0
0.0
0.0
0.0
1.6975423845856863e-6
0.0
0.0
0.0
0.0
0.0
0.0
0.0
0.0
0.0
0.0
0.0
0.0
0.0
0.0
0.0
0.0
0.0
0.0
0.0
0.0
0.0
0.0
0.0
2.496864384646408e-5
6.969346188290114e-7
0.0
0.0
0.0
0.0
0.0
0.0
0.0
0.0
0.0
0.0
0.0
0.0
0.0
0.0
0.0
0.0
0.0
0.0
0.0
0.0
0.0
0.0
1.6340763613794094e-5
0.0
0.0
0.0
0.0
0.0
0.0
0.0
0.0
0.0
0.0
0.0
0.0
0.0
0.0
0.0
0.0
0.0
0.0
0.0
0.0
0.0
0.0
0.0
1.3887238067372676e-5
0.0
0.0
0.0
0.0
0.0
0.0
0.0
0.0
0.0
0.0
0.0
0.0
0.0
0.0
0.0
0.0
0.0
0.0
0.0
0.0
0.0
0.0
0.0
0.0
6.0652852526337985e-5
2.4907199135678725e-5
2.4053218628621266e-6
0.0
0.0
0.0
0.0
0.0
0.0
0.0
0.0
0.0
0.0
0.0
0.0
0.0
0.0
0.0
0.0
0.0
0.0
0.0
0.0
0.0
0.0
0.0
0.0
0.0
0.0
0.0
0.0
0.0
0.0
0.0
0.0
0.0
0.0
0.0
0.0
0.0
0.0
0.0
0.0
0.0
0.0
0.0
0.0
9.472354793214811e-5
3.929453498291662e-5
2.4705457096862657e-6
0.0
0.0
0.0
0.0
0.0
0.0
0.0
0.0
0.0
0.0
0.0
0.0
0.0
0.0
0.0
0.0
0.0
0.0
0.0
0.0
0.0
5.581472288404873e-5
1.7705218921726803e-5
0.0
0.0
0.0
0.0
0.0
0.0
0.0
0.0
0.0
0.0
0.0
0.0
0.0
0.0
0.0
0.0
0.0
0.0
0.0
0.0
0.0
0.0
2.2627941711214832e-5
3.2656174670219245e-7
0.0
0.0
0.0
0.0
0.0
0.0
0.0
0.0
0.0
0.0
0.0
0.0
0.0
0.0
0.0
0.0
0.0
0.0
0.0
0.0
0.0
0.0
6.466553791230405e-5
2.049562144014438e-5
0.0
0.0
0.0
0.0
0.0
0.0
0.0
0.0
0.0
0.0
0.0
0.0
0.0
0.0
0.0
0.0
0.0
0.0
0.0
0.0
0.0
0.0
6.989515496990279e-5
3.094493456972784e-5
2.9527716960001768e-6
0.0
0.0
0.0
0.0
0.0
0.0
0.0
0.0
0.0
0.0
0.0
0.0
0.0
0.0
0.0
0.0
0.0
0.0
0.0
0.0
0.0
0.0
0.0001275480202374828
7.577363782086177e-5
4.541178068789862e-5
2.2257186594930148e-5
2.435209703319848e-6
0.0
0.0
0.0
0.0
0.0
0.0
0.0
0.0
0.0
0.0
0.0
0.0
0.0
0.0
0.0
0.0
0.0
0.0
0.0
0.0
0.0
0.0
0.0
0.0
0.0
0.0
0.0
0.0
0.0
0.0
0.0
0.0
0.0
0.0
0.0
0.0
0.0
0.0
0.0
0.0
0.0
0.0
0.00013204221761702983
6.834111554820412e-5
2.24981172574852e-5
0.0
0.0
0.0
0.0
0.0
0.0
0.0
0.0
0.0
0.0
0.0
0.0
0.0
0.0
0.0
0.0
0.0
0.0
0.0
0.0
0.0
0.0001293747693594999
6.317726414703265e-5
1.6430290386267807e-5
0.0
0.0
0.0
0.0
0.0
0.0
0.0
0.0
0.0
0.0
0.0
0.0
0.0
0.0
0.0
0.0
0.0
0.0
0.0
0.0
0.0
5.776439786297571e-5
1.9460836650740048e-5
0.0
0.0
0.0
0.0
0.0
0.0
0.0
0.0
0.0
0.0
0.0
0.0
0.0
0.0
0.0
0.0
0.0
0.0
0.0
0.0
0.0
0.0
9.815382315645624e-5
3.63692038439425e-5
6.404753278844916e-7
0.0
0.0
0.0
0.0
0.0
0.0
0.0
0.0
0.0
0.0
0.0
0.0
0.0
0.0
0.0
0.0
0.0
0.0
0.0
0.0
0.0
3.8208379843544514e-5
1.4731422452817574e-6
0.0
0.0
0.0
0.0
0.0
0.0
0.0
0.0
0.0
0.0
0.0
0.0
0.0
0.0
0.0
0.0
0.0
0.0
0.0
0.0
0.0
0.0
0.0
1.9002490605130878e-6
0.0
0.0
0.0
0.0
0.0
0.0
0.0
0.0
0.0
0.0
0.0
0.0
0.0
0.0
0.0
0.0
0.0
0.0
0.0
0.0
0.0
0.0
0.0
0.0
0.0
0.0
0.0
0.0
0.0
0.0
0.0
0.0
0.0
0.0
0.0
0.0
0.0
0.0
0.0
0.0
0.0
0.0
0.0
0.0
0.0
0.0
0.0
0.0
0.0
0.0
0.0
0.0
0.0
0.0
0.0
0.0
0.0
0.0
0.0
0.0
0.0
0.0
0.0
0.0
0.0
0.0
0.0
0.0
0.0
0.0
2.9973113064368278e-5
2.9757525957571683e-6
0.0
0.0
0.0
0.0
0.0
0.0
0.0
0.0
0.0
0.0
0.0
0.0
0.0
0.0
0.0
0.0
0.0
0.0
0.0
0.0
0.0
0.0
8.778870846312776e-5
3.405748027272874e-5
8.838109649942733e-7
0.0
0.0
0.0
0.0
0.0
0.0
0.0
0.0
0.0
0.0
0.0
0.0
0.0
0.0
0.0
0.0
0.0
0.0
0.0
0.0
0.0
8.05910667926786e-5
2.268125294910425e-5
0.0
0.0
0.0
0.0
0.0
0.0
0.0
0.0
0.0
0.0
0.0
0.0
0.0
0.0
0.0
0.0
0.0
0.0
0.0
0.0
0.0
0.0
4.800362378600726e-5
3.5955206256615936e-6
0.0
0.0
0.0
0.0
0.0
0.0
0.0
0.0
0.0
0.0
0.0
0.0
0.0
0.0
0.0
0.0
0.0
0.0
0.0
0.0
0.0
0.0
0.0
2.4610202802573414e-6
0.0
0.0
0.0
0.0
0.0
0.0
0.0
0.0
0.0
0.0
0.0
0.0
0.0
0.0
0.0
0.0
0.0
0.0
0.0
0.0
0.0
0.0
0.0
0.0
0.0
0.0
0.0
0.0
0.0
0.0
0.0
0.0
0.0
0.0
0.0
0.0
0.0
0.0
0.0
0.0
0.0
0.0
0.0
0.0
0.0
0.0
0.0
0.0
0.0
0.0
0.0
0.0
0.0
0.0
0.0
0.0
0.0
0.0
0.0
0.0
0.0
0.0
0.0
0.0
0.0
0.0
0.0
0.0
0.0
0.0
0.0
0.0
0.0
0.0
0.0
0.0
0.0
0.0
0.0
0.0
0.0
0.0
0.0
0.0
0.0
0.0
0.0
0.0
0.0
0.0
0.0
0.0
0.0
0.0
0.0
0.0
0.0
0.0
0.0
0.0
0.0
0.0
0.0
0.0
0.0
0.0
0.0
0.0
0.0
0.0
0.0
0.0
0.0
0.0
0.0
0.0
0.0
0.0
0.0
0.0
0.0
0.0
0.0
0.0
0.0
0.0
0.0
0.0
0.0
0.0
0.0
0.0
0.0
0.0
0.0
0.0
0.0
0.0
0.0
0.0
0.0
0.0
0.0
0.0
0.0
0.0
0.0
0.0
0.0
0.0
0.0
0.0
0.0
0.0
0.0
0.0
0.0
0.0
0.0
0.0
0.0
0.0
0.0
0.0
0.0
0.0
0.0
1.6649920557787388e-6
0.0
0.0
0.0
0.0
0.0
0.0
0.0
0.0
0.0
0.0
0.0
0.0
0.0
0.0
0.0
0.0
0.0
0.0
0.0
0.0
0.0
0.0
0.0
0.0
0.0
0.0
0.0
0.0
0.0
0.0
0.0
0.0
0.0
0.0
0.0
0.0
0.0
0.0
0.0
0.0
0.0
0.0
0.0
0.0
0.0
0.0
0.0
0.0
0.0
0.0
0.0
0.0
0.0
0.0
0.0
0.0
0.0
0.0
0.0
0.0
0.0
0.0
0.0
0.0
0.0
0.0
0.0
0.0
0.0
0.0
0.0
0.0
0.0
0.0
0.0
0.0
0.0
0.0
0.0
0.0
0.0
0.0
0.0
0.0
0.0
0.0
0.0
0.0
0.0
0.0
0.0
0.0
0.0
0.0
0.0
0.0
0.0
0.0
0.0
0.0
0.0
0.0
0.0
0.0
0.0
0.0
0.0
0.0
0.0
0.0
0.0
0.0
0.0
0.0
0.0
0.0
0.0
0.0
0.0
0.0
0.0
0.0
0.0
0.0
0.0
0.0
0.0
0.0
0.0
0.0
0.0
0.0
0.0
0.0
0.0
0.0
0.0
0.0
0.0
0.0
0.0
0.0
0.0
0.0
0.0
0.0
0.0
0.0
0.0
0.0
0.0
0.0
0.0
0.0
0.0
0.0
0.0
0.0
0.0
0.0
0.0
0.0
0.0
0.0
0.0
0.0
0.0
0.0
0.0
0.0
0.0
0.0
0.0
0.0
0.0
0.0
0.0
0.0
0.0
0.0
0.0
0.0
0.0
0.0
0.0
0.0
0.0
0.0
0.0
0.0
0.0
0.0
0.0
0.0
0.0
0.0
0.0
0.0
0.0
0.0
0.0
0.0
0.0
0.0
0.0
0.0
0.0
0.0
0.0
0.0
0.0
0.0
0.0
0.0
0.0
0.0
0.0
0.0
0.0
0.0
0.0
0.0
0.0
0.0
0.0
0.0
0.0
0.0
0.0
0.0
0.0
0.0
0.0
0.0
0.0
0.0
0.0
0.0
0.0
0.0
0.0
0.0
0.0
0.0
0.0
0.0
0.0
0.0
0.0
0.0
0.0
0.0
0.0
0.0
0.0
0.0
0.0
0.0
0.0
0.0
0.0
0.0
1.5179153243335391e-6
0.0
0.0
0.0
0.0
0.0
0.0
0.0
0.0
0.0
0.0
0.0
0.0
0.0
0.0
0.0
0.0
0.0
0.0
0.0
0.0
0.0
0.0
0.0
0.0
0.0
0.0
0.0
0.0
0.0
0.0
0.0
0.0
0.0
0.0
0.0
0.0
0.0
0.0
0.0
0.0
0.0
0.0
0.0
0.0
0.0
0.0
0.0
2.5657513801105288e-5
7.277431333902053e-7
0.0
0.0
0.0
0.0
0.0
0.0
0.0
0.0
0.0
0.0
0.0
0.0
0.0
0.0
0.0
0.0
0.0
0.0
0.0
0.0
0.0
0.0
0.0
0.0
0.0
0.0
0.0
0.0
0.0
0.0
0.0
0.0
0.0
0.0
0.0
0.0
0.0
0.0
0.0
0.0
0.0
0.0
0.0
0.0
0.0
0.0
0.0
0.0
0.0
0.0
0.0
0.0
0.0
0.0
0.0
0.0
0.0
0.0
0.0
0.0
0.0
0.0
0.0
0.0
0.0
0.0
0.0
0.0
0.0
0.0
0.0
0.0
0.0
0.0
0.0
0.0
0.0
0.0
0.0
0.0
0.0
0.0
0.0
0.0
0.0
0.0
0.0
0.0
0.0
0.0
0.0
0.0
0.0
0.0
0.0
0.0
0.0
0.0
0.0
0.0
0.0
0.0
0.0
0.0
0.0
0.0
0.0
0.0
0.0
0.0
0.0
0.0
0.0
0.0
0.0
0.0
0.0
0.0
0.0
0.0
0.0
0.0
0.0
0.0
0.0
0.0
0.0
0.0
0.0
0.0
0.0
0.0
0.0
0.0
0.0
0.0
0.0
0.0
0.0
0.0
0.0
0.0
0.0
0.0
0.0
0.0
0.0
0.0
0.0
0.0
0.0
0.0
0.0
0.0
0.0
0.0
0.0
0.0
0.0
0.0
0.0
0.0
0.0
0.0
0.0
0.0
0.0
0.0
0.0
0.0
0.0
0.0
0.0
0.0
0.0
0.0
0.0
0.0
0.0
0.0
0.0
0.0
0.0
0.0
0.0
0.0
0.0
0.0
0.0
0.0
0.0
0.0
0.0
0.0
0.0
0.0
0.0
0.0
0.0
0.0
0.0
0.0
0.0
0.0
0.0
0.0
0.0
0.0
0.0
0.0
0.0
0.0
0.0
0.0
0.0
0.0
0.0
0.0
0.0
0.0
0.0
0.0
0.0
0.0
0.0
0.0
0.0
0.0
0.0
0.0
0.0
0.0
0.0
0.0
0.0
0.0
0.0
0.0
0.0
0.0
0.0
0.0
0.0
0.0
0.0
0.0
0.0
0.0
0.0
0.0
0.0
0.0
0.0
0.0
0.0
0.0
0.0
0.0
0.0
0.0
0.0
0.0
0.0
0.0
0.0
0.0
0.0
0.0
0.0
0.0
0.0
0.0
0.0
0.0
0.0
0.0
0.0
0.0
0.0
0.0
0.0
0.0
0.0
0.0
0.0
0.0
0.0
0.0
0.0
0.0
0.0
0.0
0.0
0.0
0.0
0.0
0.0
0.0
0.0
0.0
0.0
0.0
0.0
0.0
0.0
0.0
0.0
0.0
0.0
0.0
0.0
0.0
0.0
0.0
0.0
0.0
0.0
0.0
0.0
0.0
0.0
0.0
0.0
0.0
0.0
0.0
0.0
0.0
0.0
0.0
0.0
0.0
0.0
0.0
0.0
0.0
0.0
0.0
0.0
0.0
0.0
0.0
0.0
0.0
0.0
0.0
0.0
0.0
0.0
0.0
0.0
0.0
0.0
0.0
0.0
0.0
0.0
0.0
0.0
0.0
0.0
0.0
0.0
0.0
0.0
0.0
0.0
0.0
0.0
0.0
0.0
0.0
0.0
0.0
0.0
0.0
0.0
0.0
0.0
0.0
0.0
0.0
0.0
0.0
0.0
0.0
0.0
0.0
0.0
0.0
0.0
0.0
0.0
0.0
0.0
0.0
0.0
0.0
0.0
0.0
0.0
0.0
0.0
0.0
0.0
0.0
0.0
0.0
0.0
0.0
0.0
0.0
0.0
0.0
0.0
0.0
0.0
0.0
0.0
0.0
0.0
0.0
0.0
0.0
0.0
0.0
0.0
0.0
0.0
0.0
0.0
0.0
0.0
0.0
0.0
0.0
0.0
0.0
0.0
0.0
0.0
0.0
0.0
0.0
0.0
0.0
0.0
0.0
0.0
0.0
0.0
0.0
0.0
0.0
0.0
0.0
0.0
0.0
0.0
0.0
0.0
0.0
0.0
0.0
0.0
0.0
0.0
0.0
0.0
0.0
0.0
0.0
0.0
0.0
0.0
0.0
0.0
0.0
0.0
0.0
0.0
0.0
0.0
0.0
0.0
0.0
0.0
0.0
0.0
0.0
0.0
0.0
0.0
0.0
0.0
0.0
0.0
0.0
0.0
0.0
0.0
0.0
0.0
0.0
0.0
0.0
0.0
0.0
0.0
0.0
0.0
0.0
0.0
0.0
0.0
0.0
0.0
0.0
0.0
0.0
0.0
0.0
0.0
0.0
0.0
0.0
0.0
0.0
0.0
0.0
0.0
0.0
0.0
0.0
0.0
0.0
0.0
0.0
0.0
0.0
0.0
0.0
0.0
0.0
0.0
0.0
0.0
0.0
0.0
0.0
0.0
0.0
0.0
0.0
0.0
0.0
0.0
0.0
0.0
0.0
0.0
0.0
0.0
0.0
0.0
0.0
0.0
0.0
0.0
0.0
0.0
0.0
0.0
0.0
0.0
0.0
0.0
0.0
0.0
0.0
0.0
0.0
0.0
0.0
0.0
0.0
0.0
0.0
0.0
0.0
0.0
0.0
0.0
0.0
0.0
0.0
0.0
0.0
0.0
0.0
0.0
0.0
0.0
0.0
0.0
0.0
0.0
0.0
0.0
0.0
0.0
0.0
0.0
0.0
0.0
0.0
0.0
0.0
0.0
0.0
0.0
0.0
0.0
0.0
0.0
0.0
0.0
0.0
0.0
0.0
0.0
0.0
0.0
0.0
0.0
0.0
0.0
0.0
0.0
0.0
0.0
0.0
0.0
0.0
0.0
0.0
0.0
0.0
0.0
0.0
0.0
0.0
0.0
0.0
0.0
0.0
0.0
0.0
0.0
0.0
0.0
0.0
0.0
0.0
0.0
0.0
0.0
0.0
0.0
0.0
0.0
0.0
0.0
0.0
0.0
0.0
0.0
0.0
0.0
0.0
0.0
0.0
0.0
0.0
0.0
0.0
0.0
0.0
0.0
0.0
0.0
0.0
0.0
0.0
0.0
0.0
0.0
0.0
0.0
0.0
0.0
0.0
0.0
0.0
0.0
0.0
0.0
0.0
0.0
0.0
0.0
0.0
0.0
0.0
0.0
0.0
0.0
0.0
0.0
0.0
0.0
0.0
0.0
0.0
0.0
0.0
0.0
0.0
0.0
0.0
0.0
0.0
0.0
0.0
0.0
0.0
0.0
0.0
0.0
0.0
0.0
0.0
0.0
0.0
0.0
0.0
0.0
0.0
0.0
0.0
0.0
0.0
0.0
0.0
0.0
0.0
0.0
0.0
0.0
0.0
0.0
0.0
0.0
0.0
0.0
0.0
0.0
0.0
0.0
0.0
0.0
0.0
0.0
0.0
0.0
0.0
0.0
0.0
0.0
0.0
0.0
0.0
0.0
0.0
0.0
0.0
0.0
0.0
0.0
0.0
0.0
0.0
0.0
0.0
0.0
0.0
0.0
0.0
0.0
0.0
0.0
0.0
0.0
0.0
0.0
0.0
0.0
0.0
0.0
0.0
0.0
0.0
0.0
0.0
0.0
0.0
0.0
0.0
0.0
0.0
0.0
0.0
0.0
0.0
0.0
0.0
0.0
0.0
0.0
0.0
0.0
0.0
0.0
0.0
0.0
0.0
0.0
0.0
0.0
0.0
0.0
0.0
0.0
0.0
0.0
0.0
0.0
0.0
0.0
0.0
0.0
0.0
0.0
0.0
0.0
0.0
0.0
0.0
0.0
0.0
0.0
0.0
0.0
0.0
0.0
0.0
0.0
0.0
0.0
0.0
0.0
0.0
0.0
0.0
0.0
0.0
0.0
0.0
0.0
0.0
0.0
0.0
0.0
0.0
0.0
0.0
0.0
0.0
0.0
0.0
0.0
0.0
0.0
0.0
0.0
0.0
0.0
0.0
0.0
0.0
0.0
0.0
0.0
0.0
0.0
0.0
0.0
0.0
0.0
0.0
0.0
0.0
0.0
0.0
0.0
0.0
0.0
0.0
0.0
0.0
0.0
0.0
0.0
0.0
0.0
0.0
0.0
0.0
0.0
0.0
0.0
0.0
0.0
0.0
0.0
0.0
0.0
0.0
0.0
0.0
0.0
0.0
0.0
0.0
0.0
0.0
0.0
0.0
0.0
0.0
0.0
0.0
0.0
0.0
0.0
0.0
0.0
0.0
0.0
0.0
0.0
0.0
0.0
0.0
0.0
0.0
0.0
0.0
0.0
0.0
0.0
0.0
0.0
0.0
0.0
0.0
0.0
0.0
0.0
0.0
0.0
0.0
0.0
0.0
0.0
0.0
0.0
0.0
0.0
0.0
0.0
0.0
0.0
0.0
0.0
0.0
0.0
0.0
0.0
0.0
0.0
0.0
0.0
0.0
0.0
0.0
0.0
0.0
0.0
0.0
0.0
0.0
0.0
0.0
0.0
0.0
0.0
0.0
0.0
0.0
0.0
0.0
0.0
0.0
0.0
0.0
0.0
0.0
0.0
0.0
0.0
0.0
0.0
0.0
0.0
0.0
0.0
0.0
0.0
0.0
0.0
0.0
0.0
0.0
0.0
0.0
0.0
0.0
0.0
0.0
0.0
0.0
0.0
0.0
0.0
0.0
0.0
0.0
0.0
0.0
0.0
0.0
0.0
0.0
0.0
0.0
0.0
0.0
0.0
0.0
0.0
0.0
0.0
0.0
0.0
0.0
0.0
0.0
0.0
0.0
0.0
0.0
0.0
0.0
0.0
0.0
0.0
0.0
0.0
0.0
0.0
0.0
0.0
0.0
0.0
0.0
0.0
0.0
0.0
0.0
0.0
0.0
0.0
0.0
0.0
0.0
0.0
0.0
0.0
0.0
0.0
0.0
0.0
0.0
0.0
0.0
0.0
0.0
0.0
0.0
0.0
0.0
0.0
0.0
0.0
0.0
0.0
0.0
0.0
0.0
0.0
0.0
0.0
0.0
0.0
0.0
0.0
0.0
0.0
0.0
0.0
0.0
0.0
0.0
0.0
0.0
0.0
0.0
0.0
0.0
0.0
0.0
0.0
0.0
0.0
0.0
0.0
0.0
0.0
0.0
0.0
0.0
0.0
0.0
0.0
0.0
0.0
0.0
0.0
0.0
0.0
0.0
0.0
0.0
0.0
0.0
0.0
0.0
0.0
0.0
0.0
0.0
0.0
0.0
0.0
0.0
0.0
0.0
0.0
0.0
0.0
0.0
0.0
0.0
0.0
0.0
0.0
0.0
0.0
0.0
0.0
0.0
0.0
0.0
0.0
0.0
0.0
0.0
0.0
0.0
0.0
0.0
0.0
0.0
0.0
0.0
0.0
0.0
0.0
0.0
0.0
0.0
0.0
0.0
0.0
0.0
0.0
0.0
0.0
0.0
0.0
0.0
0.0
0.0
0.0
0.0
0.0
0.0
0.0
0.0
0.0
0.0
0.0
0.0
0.0
0.0
0.0
0.0
0.0
0.0
0.0
0.0
0.0
0.0
0.0
0.0
0.0
0.0
0.0
0.0
0.0
0.0
0.0
0.0
0.0
0.0
0.0
0.0
0.0
0.0
0.0
0.0
0.0
0.0
0.0
0.0
0.0
0.0
0.0
0.0
0.0
0.0
0.0
0.0
0.0
0.0
0.0
0.0
0.0
0.0
0.0
0.0
0.0
0.0
0.0
0.0
0.0
0.0
0.0
0.0
0.0
0.0
0.0
0.0
0.0
0.0
0.0
0.0
0.0
0.0
0.0
0.0
0.0
0.0
0.0
0.0
0.0
0.0
0.0
0.0
0.0
0.0
0.0
0.0
0.0
0.0
0.0
0.0
0.0
0.0
0.0
0.0
0.0
0.0
0.0
0.0
0.0
0.0
0.0
0.0
0.0
0.0
0.0
0.0
0.0
0.0
0.0
0.0
0.0
0.0
0.0
0.0
0.0
0.0
0.0
0.0
0.0
0.0
0.0
0.0
0.0
0.0
0.0
0.0
0.0
0.0
0.0
0.0
0.0
0.0
0.0
0.0
0.0
0.0
0.0
0.0
0.0
0.0
0.0
0.0
0.0
0.0
0.0
0.0
0.0
0.0
0.0
0.0
0.0
0.0
0.0
0.0
0.0
0.0
0.0
0.0
0.0
0.0
0.0
0.0
0.0
0.0
0.0
0.0
0.0
0.0
0.0
0.0
0.0
0.0
0.0
0.0
0.0
0.0
0.0
0.0
0.0
0.0
0.0
0.0
0.0
0.0
0.0
0.0
0.0
0.0
0.0
0.0
0.0
0.0
0.0
0.0
0.0
0.0
0.0
0.0
0.0
0.0
0.0
0.0
0.0
0.0
0.0
0.0
0.0
0.0
0.0
0.0
0.0
0.0
0.0
0.0
0.0
0.0
0.0
0.0
0.0
0.0
0.0
0.0
0.0
0.0
0.0
0.0
0.0
0.0
0.0
0.0
0.0
0.0
0.0
0.0
0.0
0.0
0.0
0.0
0.0
0.0
0.0
0.0
0.0
0.0
0.0
0.0
0.0
0.0
0.0
0.0
0.0
0.0
0.0
0.0
0.0
0.0
0.0
0.0
0.0
0.0
0.0
0.0
0.0
0.0
0.0
0.0
0.0
0.0
0.0
0.0
0.0
0.0
0.0
0.0
0.0
0.0
0.0
0.0
0.0
0.0
0.0
0.0
0.0
0.0
0.0
0.0
0.0
0.0
0.0
0.0
0.0
0.0
0.0
0.0
0.0
0.0
0.0
0.0
0.0
0.0
0.0
0.0
0.0
0.0
0.0
0.0
0.0
0.0
0.0
0.0
0.0
0.0
0.0
0.0
0.0
0.0
0.0
0.0
0.0
0.0
0.0
0.0
0.0
0.0
0.0
0.0
0.0
0.0
0.0
0.0
0.0
0.0
0.0
0.0
0.0
0.0
0.0
0.0
0.0
0.0
0.0
0.0
0.0
0.0
0.0
0.0
0.0
0.0
0.0
0.0
0.0
0.0
0.0
0.0
0.0
0.0
0.0
0.0
0.0
0.0
0.0
0.0
0.0
0.0
0.0
0.0
0.0
0.0
0.0
0.0
0.0
0.0
0.0
0.0
0.0
0.0
0.0
0.0
0.0
0.0
0.0
0.0
0.0
0.0
0.0
0.0
0.0
0.0
0.0
0.0
0.0
0.0
0.0
0.0
0.0
0.0
0.0
0.0
0.0
0.0
0.0
0.0
0.0
0.0
0.0
0.0
0.0
0.0
0.0
0.0
0.0
0.0
0.0
0.0
0.0
0.0
0.0
0.0
0.0
0.0
0.0
0.0
0.0
0.0
0.0
0.0
0.0
0.0
0.0
0.0
0.0
0.0
0.0
0.0
0.0
0.0
0.0
0.0
0.0
0.0
0.0
0.0
0.0
0.0
0.0
0.0
0.0
0.0
0.0
0.0
0.0
0.0
0.0
0.0
0.0
0.0
0.0
0.0
0.0
0.0
0.0
0.0
0.0
0.0
0.0
0.0
0.0
0.0
0.0
0.0
0.0
0.0
0.0
0.0
0.0
0.0
0.0
0.0
0.0
0.0
0.0
0.0
0.0
0.0
0.0
0.0
0.0
0.0
0.0
0.0
0.0
0.0
0.0
0.0
0.0
0.0
0.0
0.0
0.0
0.0
0.0
0.0
0.0
0.0
0.0
0.0
0.0
0.0
0.0
0.0
0.0
0.0
0.0
0.0
0.0
0.0
0.0
0.0
0.0
0.0
0.0
0.0
0.0
0.0
0.0
0.0
0.0
0.0
0.0
0.0
0.0
0.0
0.0
0.0
0.0
0.0
0.0
0.0
0.0
0.0
0.0
0.0
0.0
0.0
0.0
0.0
0.0
0.0
0.0
0.0
0.0
0.0
0.0
0.0
0.0
0.0
0.0
0.0
0.0
0.0
0.0
0.0
0.0
0.0
0.0
0.0
0.0
0.0
0.0
0.0
0.0
0.0
0.0
0.0
0.0
0.0
0.0
0.0
0.0
0.0
0.0
0.0
0.0
0.0
0.0
0.0
0.0
0.0
0.0
0.0
0.0
0.0
0.0
0.0
0.0
0.0
0.0
0.0
0.0
0.0
0.0
0.0
0.0
0.0
0.0
0.0
0.0
0.0
0.0
0.0
0.0
0.0
0.0
0.0
0.0
0.0
0.0
0.0
0.0
0.0
0.0
0.0
0.0
0.0
0.0
0.0
0.0
0.0
0.0
0.0
0.0
0.0
0.0
0.0
0.0
0.0
0.0
0.0
0.0
0.0
0.0
0.0
0.0
0.0
0.0
0.0
0.0
0.0
0.0
0.0
0.0
0.0
0.0
0.0
0.0
0.0
0.0
0.0
0.0
0.0
0.0
0.0
0.0
0.0
0.0
0.0
0.0
0.0
0.0
0.0
0.0
0.0
0.0
0.0
0.0
0.0
0.0
0.0
0.0
0.0
0.0
0.0
0.0
0.0
0.0
0.0
0.0
0.0
0.0
0.0
0.0
0.0
0.0
0.0
0.0
0.0
0.0
0.0
0.0
0.0
0.0
0.0
0.0
0.0
0.0
0.0
0.0
0.0
0.0
0.0
0.0
0.0
0.0
0.0
0.0
0.0
0.0
0.0
0.0
0.0
0.0
0.0
0.0
0.0
0.0
0.0
0.0
0.0
0.0
0.0
0.0
0.0
0.0
0.0
0.0
0.0
0.0
0.0
0.0
0.0
0.0
0.0
0.0
0.0
0.0
0.0
0.0
0.0
0.0
0.0
0.0
0.0
0.0
0.0
0.0
0.0
0.0
0.0
0.0
0.0
0.0
0.0
0.0
0.0
0.0
0.0
0.0
0.0
0.0
0.0
0.0
0.0
0.0
0.0
0.0
0.0
0.0
0.0
0.0
0.0
0.0
0.0
0.0
0.0
0.0
0.0
0.0
0.0
0.0
0.0
0.0
0.0
0.0
0.0
0.0
0.0
0.0
0.0
0.0
0.0
0.0
0.0
0.0
0.0
0.0
0.0
0.0
0.0
0.0
0.0
0.0
0.0
0.0
0.0
0.0
0.0
0.0
0.0
0.0
0.0
0.0
0.0
0.0
0.0
0.0
0.0
0.0
0.0
0.0
0.0
0.0
0.0
0.0
0.0
0.0
0.0
0.0
0.0
0.0
0.0
0.0
0.0
0.0
0.0
0.0
0.0
0.0
0.0
0.0
0.0
0.0
0.0
0.0
0.0
0.0
0.0
0.0
0.0
0.0
0.0
0.0
0.0
0.0
0.0
0.0
0.0
0.0
0.0
0.0
0.0
0.0
0.0
0.0
0.0
0.0
0.0
0.0
0.0
0.0
0.0
0.0
0.0
0.0
0.0
0.0
0.0
0.0
0.0
0.0
0.0
0.0
0.0
0.0
0.0
0.0
0.0
0.0
0.0
0.0
0.0
0.0
0.0
0.0
0.0
0.0
0.0
0.0
0.0
0.0
0.0
0.0
0.0
0.0
0.0
0.0
0.0
0.0
0.0
0.0
0.0
0.0
0.0
0.0
0.0
0.0
0.0
0.0
0.0
0.0
0.0
0.0
0.0
0.0
0.0
0.0
0.0
0.0
0.0
0.0
0.0
0.0
0.0
0.0
0.0
0.0
0.0
0.0
0.0
0.0
0.0
0.0
0.0
0.0
0.0
0.0
0.0
0.0
0.0
0.0
0.0
0.0
0.0
0.0
0.0
0.0
0.0
0.0
0.0
0.0
0.0
0.0
0.0
0.0
0.0
0.0
0.0
0.0
0.0
0.0
0.0
0.0
0.0
0.0
0.0
0.0
0.0
0.0
0.0
0.0
0.0
0.0
0.0
0.0
0.0
0.0
0.0
0.0
0.0
0.0
0.0
0.0
0.0
0.0
0.0
0.0
0.0
0.0
0.0
0.0
0.0
0.0
0.0
0.0
0.0
0.0
0.0
0.0
0.0
0.0
0.0
0.0
0.0
0.0
0.0
0.0
0.0
0.0
0.0
0.0
0.0
0.0
0.0
0.0
0.0
0.0
0.0
0.0
0.0
0.0
0.0
0.0
0.0
0.0
0.0
0.0
0.0
0.0
0.0
0.0
0.0
0.0
0.0
0.0
0.0
0.0
0.0
0.0
0.0
0.0
0.0
0.0
0.0
0.0
0.0
0.0
0.0
0.0
0.0
0.0
0.0
0.0
0.0
0.0
0.0
0.0
0.0
0.0
0.0
0.0
0.0
0.0
0.0
0.0
0.0
0.0
0.0
0.0
0.0
0.0
0.0
0.0
0.0
0.0
0.0
0.0
0.0
0.0
0.0
0.0
0.0
0.0
0.0
0.0
0.0
0.0
0.0
0.0
0.0
0.0
0.0
0.0
0.0
0.0
0.0
0.0
0.0
0.0
0.0
0.0
0.0
0.0
0.0
0.0
0.0
0.0
0.0
0.0
0.0
0.0
0.0
0.0
0.0
0.0
0.0
0.0
0.0
0.0
0.0
0.0
0.0
0.0
0.0
0.0
0.0
0.0
0.0
0.0
0.0
0.0
0.0
0.0
0.0
0.0
0.0
0.0
0.0
0.0
0.0
0.0
0.0
0.0
0.0
0.0
0.0
0.0
0.0
0.0
0.0
0.0
0.0
0.0
0.0
0.0
0.0
0.0
0.0
0.0
0.0
0.0
0.0
0.0
0.0
0.0
0.0
0.0
0.0
0.0
0.0
0.0
0.0
0.0
0.0
0.0
0.0
0.0
0.0
0.0
0.0
0.0
0.0
0.0
0.0
0.0
0.0
0.0
0.0
0.0
0.0
0.0
0.0
0.0
0.0
0.0
0.0
0.0
0.0
0.0
0.0
0.0
0.0
0.0
0.0
0.0
0.0
0.0
0.0
0.0
0.0
0.0
0.0
0.0
0.0
0.0
0.0
0.0
0.0
0.0
0.0
0.0
0.0
0.0
0.0
0.0
0.0
0.0
0.0
0.0
0.0
0.0
0.0
0.0
0.0
0.0
0.0
0.0
0.0
0.0
0.0
0.0
0.0
0.0
0.0
0.0
0.0
0.0
0.0
0.0
0.0
0.0
0.0
0.0
0.0
0.0
0.0
0.0
0.0
0.0
0.0
0.0
0.0
0.0
0.0
0.0
0.0
0.0
0.0
0.0
0.0
0.0
0.0
0.0
0.0
0.0
0.0
0.0
0.0
0.0
0.0
0.0
0.0
0.0
0.0
0.0
0.0
0.0
0.0
0.0
0.0
0.0
0.0
0.0
0.0
0.0
0.0
0.0
0.0
0.0
0.0
0.0
0.0
0.0
0.0
0.0
0.0
0.0
0.0
0.0
0.0
0.0
0.0
0.0
0.0
0.0
0.0
0.0
0.0
0.0
0.0
0.0
0.0
0.0
0.0
0.0
0.0
0.0
0.0
0.0
0.0
0.0
0.0
0.0
0.0
5.618707604510349e-5
1.8153427707699695e-5
0.0
0.0
0.0
0.0
0.0
0.0
0.0
0.0
0.0
0.0
0.0
0.0
0.0
0.0
0.0
0.0
0.0
0.0
0.0
0.0
0.0
0.0
0.0
0.0
0.0
0.0
0.0
0.0
0.0
0.0
0.0
0.0
0.0
0.0
0.0
0.0
0.0
0.0
0.0
0.0
0.0
0.0
0.0
0.0
0.0
0.0
5.070150954320115e-5
2.2553051115430515e-5
1.1302791513103796e-6
0.0
0.0
0.0
0.0
0.0
0.0
0.0
0.0
0.0
0.0
0.0
0.0
0.0
0.0
0.0
0.0
0.0
0.0
0.0
0.0
0.0
7.565314054197419e-5
3.8859727434791516e-5
9.930627583707324e-6
0.0
0.0
0.0
0.0
0.0
0.0
0.0
0.0
0.0
0.0
0.0
0.0
0.0
0.0
0.0
0.0
0.0
0.0
0.0
0.0
0.0
5.185655035682483e-5
1.8858276287228615e-5
0.0
0.0
0.0
0.0
0.0
0.0
0.0
0.0
0.0
0.0
0.0
0.0
0.0
0.0
0.0
0.0
0.0
0.0
0.0
0.0
0.0
0.0
0.0
2.582822737746736e-5
6.378205113029539e-6
0.0
0.0
0.0
0.0
0.0
0.0
0.0
0.0
0.0
0.0
0.0
0.0
0.0
0.0
0.0
0.0
0.0
0.0
0.0
0.0
0.0
0.0
0.0
0.0
0.0
0.0
0.0
0.0
0.0
0.0
0.0
0.0
0.0
0.0
0.0
0.0
0.0
0.0
0.0
0.0
0.0
0.0
0.0
0.0
0.0
0.0
0.0
0.0
0.0
0.0
0.0
0.0
0.0
0.0
0.0
0.0
0.0
0.0
0.0
0.0
0.0
0.0
0.0
0.0
0.0
0.0
0.0
0.0
0.0
3.69885006282921e-5
6.881590057706683e-6
0.0
0.0
0.0
0.0
0.0
0.0
0.0
0.0
0.0
0.0
0.0
0.0
0.0
0.0
0.0
0.0
0.0
0.0
0.0
0.0
0.0
0.0
4.453039312225463e-5
1.9332877884086684e-5
4.0142950344972596e-7
0.0
0.0
0.0
0.0
0.0
0.0
0.0
0.0
0.0
0.0
0.0
0.0
0.0
0.0
0.0
0.0
0.0
0.0
0.0
0.0
0.0
3.258915286807658e-5
5.443449360318286e-6
0.0
0.0
0.0
0.0
0.0
0.0
0.0
0.0
0.0
0.0
0.0
0.0
0.0
0.0
0.0
0.0
0.0
0.0
0.0
0.0
0.0
0.0
4.634888456118102e-5
1.493587809014393e-5
0.0
0.0
0.0
0.0
0.0
0.0
0.0
0.0
0.0
0.0
0.0
0.0
0.0
0.0
0.0
0.0
0.0
0.0
0.0
0.0
0.0
0.0
0.0
6.216258958835608e-6
0.0
0.0
0.0
0.0
0.0
0.0
0.0
0.0
0.0
0.0
0.0
0.0
0.0
0.0
0.0
0.0
0.0
0.0
0.0
0.0
0.0
0.0
0.0
0.0
0.0
0.0
0.0
0.0
0.0
0.0
0.0
0.0
0.0
0.0
0.0
0.0
0.0
0.0
0.0
0.0
0.0
0.0
0.0
0.0
0.0
0.0
0.00010696496514252059
6.596728570275349e-5
3.6236937626217265e-5
6.325668507920434e-6
0.0
0.0
0.0
0.0
0.0
0.0
0.0
0.0
0.0
0.0
0.0
0.0
0.0
0.0
0.0
0.0
0.0
0.0
0.0
0.0
0.00016232379500350695
9.00372166162852e-5
5.0015961480967964e-5
9.764891605042857e-6
0.0
0.0
0.0
0.0
0.0
0.0
0.0
0.0
0.0
0.0
0.0
0.0
0.0
0.0
0.0
0.0
0.0
0.0
0.0
0.0
0.00015883040033996446
9.37985189792338e-5
5.448716607455238e-5
1.0543992515959738e-5
0.0
0.0
0.0
0.0
0.0
0.0
0.0
0.0
0.0
0.0
0.0
0.0
0.0
0.0
0.0
0.0
0.0
0.0
0.0
0.0
9.817272656464523e-5
6.416980036663232e-5
4.599634061825442e-5
2.1553876906357314e-5
1.1117101566125468e-6
0.0
0.0
0.0
0.0
0.0
0.0
0.0
0.0
0.0
0.0
0.0
0.0
0.0
0.0
0.0
0.0
0.0
0.0
0.0
0.00013745967548085432
9.048535975483607e-5
5.96992850160594e-5
2.168157576393e-5
0.0
0.0
0.0
0.0
0.0
0.0
0.0
0.0
0.0
0.0
0.0
0.0
0.0
0.0
0.0
0.0
0.0
0.0
0.0
0.0
0.0
0.00014083262791603245
9.617456441863972e-5
5.71784440429113e-5
1.4061287977424914e-5
0.0
0.0
0.0
0.0
0.0
0.0
0.0
0.0
0.0
0.0
0.0
0.0
0.0
0.0
0.0
0.0
0.0
0.0
0.0
0.0
0.0
0.0
0.0
0.0
0.0
0.0
0.0
0.0
0.0
0.0
0.0
0.0
0.0
0.0
0.0
0.0
0.0
0.0
0.0
0.0
0.0
0.0
0.0
0.00016388378872117884
0.00010358344987959388
7.139860505295206e-5
2.927854966170095e-5
3.030513351843518e-7
0.0
0.0
0.0
0.0
0.0
0.0
0.0
0.0
0.0
0.0
0.0
0.0
0.0
0.0
0.0
0.0
0.0
0.0
0.0
0.00013179305392774194
8.05867911846077e-5
4.403325339660547e-5
6.088717480378635e-6
0.0
0.0
0.0
0.0
0.0
0.0
0.0
0.0
0.0
0.0
0.0
0.0
0.0
0.0
0.0
0.0
0.0
0.0
0.0
0.0
8.466920999673052e-5
4.531777837588377e-5
1.4577091629718573e-5
0.0
0.0
0.0
0.0
0.0
0.0
0.0
0.0
0.0
0.0
0.0
0.0
0.0
0.0
0.0
0.0
0.0
0.0
0.0
0.0
0.0
9.8416613040167e-5
5.714524130708475e-5
2.639613611984018e-5
9.20673965911787e-7
0.0
0.0
0.0
0.0
0.0
0.0
0.0
0.0
0.0
0.0
0.0
0.0
0.0
0.0
0.0
0.0
0.0
0.0
0.0
0.0
0.0001233499942020696
7.671693834318085e-5
4.441748347921063e-5
7.403550040086126e-6
0.0
0.0
0.0
0.0
0.0
0.0
0.0
0.0
0.0
0.0
0.0
0.0
0.0
0.0
0.0
0.0
0.0
0.0
0.0
0.0
0.0
8.033750939167951e-5
5.833299217396645e-5
2.610743218957598e-5
4.891869243860373e-8
0.0
0.0
0.0
0.0
0.0
0.0
0.0
0.0
0.0
0.0
0.0
0.0
0.0
0.0
0.0
0.0
0.0
0.0
0.0
0.0
0.0
0.0
0.0
0.0
0.0
0.0
0.0
0.0
0.0
0.0
0.0
0.0
0.0
0.0
0.0
0.0
0.0
0.0
0.0
0.0
0.0
0.0
0.0
8.484337680218829e-5
4.989326147504073e-5
2.6349377800713167e-5
3.0134432516083345e-6
0.0
0.0
0.0
0.0
0.0
0.0
0.0
0.0
0.0
0.0
0.0
0.0
0.0
0.0
0.0
0.0
0.0
0.0
0.0
0.0
0.00013099161716536263
8.270033138158297e-5
4.856072927509816e-5
1.1454148174805146e-5
0.0
0.0
0.0
0.0
0.0
0.0
0.0
0.0
0.0
0.0
0.0
0.0
0.0
0.0
0.0
0.0
0.0
0.0
0.0
0.0
0.00018749848810710378
0.00019663525273495627
0.00015736229358199368
6.389936180768549e-5
2.311284678890655e-5
0.0
0.0
0.0
0.0
0.0
0.0
0.0
0.0
0.0
0.0
0.0
0.0
0.0
0.0
0.0
3.547895751149023e-5
0.00012680100210722564
0.0001729707210923755
0.00029056898890148213
0.0004197259630136264
0.0003179458379576723
0.00020759768404247163
7.497345218296246e-5
2.96754788669963e-5
9.052807911776132e-7
0.0
0.0
0.0
0.0
0.0
0.0
0.0
0.0
0.0
0.0
0.0
0.0
0.0
0.0
0.0
0.0
7.96949675827467e-5
0.000122515143995044
0.0002911090986072366
0.00014001404086271994
8.328844302524364e-5
4.153600467169695e-5
6.808827960981016e-6
0.0
0.0
0.0
0.0
0.0
0.0
0.0
0.0
0.0
0.0
0.0
0.0
0.0
0.0
0.0
0.0
6.815895190237227e-5
0.00010399273715585818
0.0001853427978559157
0.00020969546511838652
0.00031932959261650966
0.0002567209424731252
0.0001175912211329175
6.210362001709018e-5
1.913268730239126e-5
1.1026659051081377e-6
0.0
0.0
0.0
0.0
0.0
0.0
0.0
0.0
0.0
0.0
0.0
0.0
0.0
0.0
0.0
0.0
0.0
5.1740178990428635e-5
5.441381636514217e-5
3.7764379276479465e-5
5.200327182200681e-6
0.0
0.0
0.0
0.0
0.0
0.0
0.0
0.0
0.0
0.0
0.0
0.0
0.0
0.0
0.0
0.0
0.0
0.0
0.0
0.0
0.0
0.00010960427055264665
7.063227111939878e-5
3.696443630547083e-5
4.046190007877957e-6
0.0
0.0
0.0
0.0
0.0
0.0
0.0
0.0
0.0
0.0
0.0
0.0
0.0
0.0
0.0
0.0
0.0
0.0
0.0
0.0
0.00013940429993387037
8.108791994177984e-5
3.2344239053028296e-5
6.225603459554927e-7
0.0
0.0
0.0
0.0
0.0
0.0
0.0
0.0
0.0
0.0
0.0
0.0
0.0
0.0
0.0
0.0
0.0
6.207331286032772e-5
7.573050083237586e-5
7.960336636272094e-5
0.00019191177180919914
0.00010913766801910541
5.9223239657118497e-5
1.0323258896584602e-5
0.0
0.0
0.0
0.0
0.0
0.0
0.0
0.0
0.0
0.0
0.0
0.0
0.0
0.0
0.0
0.0
0.00012241356895397807
0.00013736553573867345
0.0001547131388617733
0.0002165515686092748
0.00031358706619898975
0.0002141173674048649
7.905104493408679e-5
2.046234263521718e-5
0.0
0.0
0.0
0.0
0.0
0.0
0.0
0.0
0.0
0.0
0.0
0.0
0.0
0.0
0.0
8.752311131656044e-5
0.00023398779175081235
0.0002318818249105426
0.0003673841154101664
0.00031639743829862493
0.0005566036445984654
0.0003885772291578768
0.00016439027560723293
4.850629244099778e-5
6.73011239730902e-6
0.0
0.0
0.0
0.0
0.0
0.0
0.0
0.0
0.0
0.0
0.0
0.0
0.0
0.0
8.902302475001096e-5
0.00021549190657996442
0.00020414004496835346
0.00031450863941742116
0.0002760041333685566
0.0003708003892596213
0.000283468295465227
0.00020130266845567354
8.916550920786895e-6
0.0
0.0
0.0
0.0
0.0
0.0
0.0
0.0
0.0
0.0
0.0
0.0
0.0
0.0
0.0
0.0
0.0
8.189311379122117e-5
0.0002036800739960584
0.0001564308343618366
0.00018153383505137066
0.00010705249076701777
0.0
0.0
0.0
0.0
0.0
0.0
0.0
0.0
0.0
0.0
0.0
0.0
0.0
0.0
0.0
0.0
0.0
0.0
0.0
0.0
0.0
6.132025669453661e-5
0.00017082028574706934
0.00010586955594481605
4.9329692505327254e-5
1.6602455661925928e-6
0.0
0.0
0.0
0.0
0.0
0.0
0.0
0.0
0.0
0.0
0.0
0.0
0.0
0.0
0.0
0.0
0.0
0.00011962347874855492
0.00012808953518302999
0.00013119487632860252
0.00029842360173757597
0.00019323848675105047
7.651497965374987e-5
1.956362617957437e-5
0.0
0.0
0.0
0.0
0.0
0.0
0.0
0.0
0.0
0.0
0.0
0.0
0.0
0.0
0.0
0.0
0.00014274075102156252
0.0001814270753755658
0.0001976672304184177
0.00023695302740569762
0.0003652387115257682
0.0002825024331201624
0.00010801516533373283
3.4904973531982876e-5
1.2332677449288142e-6
0.0
0.0
0.0
0.0
0.0
0.0
0.0
0.0
0.0
0.0
0.0
0.0
0.0
0.0
3.822797259935407e-5
0.0001353111364626211
0.0001746683294541633
0.00028133402957005924
0.00023864000743364507
0.0004161613820085506
0.0002656034442948657
0.00011483105390744635
6.056147590198601e-5
2.651111887928581e-5
8.619797926685532e-7
0.0
0.0
0.0
0.0
0.0
0.0
0.0
0.0
0.0
0.0
0.0
0.0
0.0
3.665902112854121e-5
0.00012570064102996342
0.00015527634538721068
0.0002390041392109565
0.00020615811432503364
0.0003918135267633106
0.00026770083000079965
0.00010105402573223305
3.300351716249885e-5
7.464519995682354e-7
0.0
0.0
0.0
0.0
0.0
0.0
0.0
0.0
0.0
0.0
0.0
0.0
0.0
0.0
6.438571605051852e-5
0.00016999987480846503
0.0002341223724965211
0.00031392427667516275
0.00030698443720641235
0.0002954011303021549
0.0003442846182580686
0.00014037661265727149
6.220019155402227e-5
1.4455164161775022e-5
0.0
0.0
0.0
0.0
0.0
0.0
0.0
0.0
0.0
0.0
0.0
0.0
0.0
0.0
0.0
3.668328718995443e-5
0.00010717231569725867
0.00014784004092131416
0.00018269437482383713
0.0002096213571501307
0.00020553348195505671
9.858655039630612e-5
1.8101894918152425e-6
0.0
0.0
0.0
0.0
0.0
0.0
0.0
0.0
0.0
0.0
0.0
0.0
0.0
0.0
0.0
0.0
7.579259324591093e-5
0.00013025477449012853
0.00013782397905241133
0.00014419408224525574
0.00028662307619115794
0.00021485215092900825
9.334157408581793e-5
4.13818758905562e-5
6.635566970692859e-6
0.0
0.0
0.0
0.0
0.0
0.0
0.0
0.0
0.0
0.0
0.0
0.0
0.0
7.257422597509472e-5
0.0001788278874131133
0.00015557830945860872
0.00022935905758751838
0.00017633545494210294
0.00024037079988469264
0.0003118259934234062
0.00020985829771415026
9.853222891985796e-5
5.833893718588467e-5
2.8569809036333285e-5
4.696410070261439e-6
0.0
0.0
0.0
0.0
0.0
0.0
0.0
0.0
0.0
0.0
0.0
0.0
0.0
0.0
0.0
3.0296214366041112e-5
2.2069839969797874e-5
5.744454605900384e-5
0.000204726555648651
0.00011829606365819646
8.609294760212936e-5
5.833676649537277e-5
3.400508689835861e-5
1.4649972303440579e-5
3.509985463324446e-6
0.0
0.0
0.0
0.0
0.0
0.0
0.0
0.0
0.0
0.0
5.2324340961729e-5
0.00010012663687715106
0.00011610674250625741
0.00019364338423844376
0.0001540580118232755
0.00021494639687554768
0.00016735706099318915
0.00022779421835156097
0.00017436880975675717
0.00017447895620351542
7.223852506010977e-5
1.28335172474408e-5
0.0
0.0
0.0
0.0
0.0
0.0
0.0
0.0
0.0
0.0
7.861197765231721e-5
0.00017003650492971646
0.00017109654101490977
0.0002818836790999737
0.00024324437304478922
0.0003728957570565903
0.0003024731435926692
0.00044655588420638694
0.0003535983147444756
0.0006732640063657869
0.0005360774714700114
0.0003321495353830214
0.00010062158771031008
4.233608703429167e-5
1.4026351722851876e-5
1.9783972972914363e-6
0.0
0.0
0.0
0.0
0.0
0.0
0.0
0.0
4.1372572299829024e-5
0.0001598402924334726
0.00022509496420311938
0.00027361916765220913
0.0002954785535672168
0.00035187865931502464
0.0003724546893878752
0.00043806354701826276
0.0004421959824082232
0.0004947274028302847
0.0006765184578292694
0.00046947761890391265
0.0001951337851507016
7.709415548602204e-5
4.6551465046925484e-5
3.324799253478151e-5
1.397866057064763e-5
2.5019028609000516e-6
1.6552424726493426e-6
0.0
0.0
0.0
0.0
0.0
0.0
7.120276792939759e-5
0.00016358199288731798
0.0001727008579356195
0.000298468501258134
0.00024731150875942576
0.00034748494263490753
0.00026041992262256365
0.0003456388148395431
0.0002452764656919229
0.0003071963370003968
0.00015922877581796033
5.83421152878952e-5
0.0
0.0
0.0
0.0
0.0
0.0
0.0
0.0
0.0
0.0
0.0
0.0
0.0
0.0
0.0
0.0
0.0
0.0
0.0
0.0
0.00016654196861508596
0.00011227352907013699
8.179959228864537e-5
5.2388496632260836e-5
2.9574962338959797e-5
1.4047143706581707e-5
7.762301660460642e-6
0.0
0.0
0.0
0.0
0.0
0.0
0.0
0.0
0.0
0.0
6.106989410684703e-5
7.055186576357166e-5
7.754856933683131e-5
0.0001474644462651523
0.00018834038530414572
0.00023470092260963963
0.0002945158376014622
0.00047786373368841674
0.00042854853508359766
0.0003219064712563599
0.0001875331856019349
8.33618065692034e-5
4.8345127339965855e-5
2.6221200908457004e-5
9.498429500993534e-7
0.0
0.0
4.323358693352174e-6
0.0
0.0
0.0
0.0
0.0
9.59130082943033e-5
0.00019117155020869188
0.0002365201010686348
0.0002785397497452209
0.0003296978805998314
0.0003714493279655035
0.0004225743204973224
0.00046046632474860353
0.0007147264337771937
0.0006610350381578178
0.0005148780123976233
0.00033373475638870067
0.00019572974882963085
9.82455608651664e-5
6.158763405210892e-5
4.3593526606952585e-5
3.692067017188427e-5
3.8689738506380765e-5
5.0223845228137016e-5
8.351625145280212e-5
0.00018220523727362458
0.0002779076311317417
0.0003294692135410244
0.00038891183486820097
0.0004162588549095364
0.00048660709315517965
0.0005158766775318866
0.0005989315985652214
0.000607768127054298
0.000677440547554985
0.0006657650957512115
0.0007314672761792459
0.0009937125695162604
0.0008848075303629744
0.000667492997513669
0.0004129118301723954
0.00020994166515425785
7.39112735994017e-5
5.1848321807360174e-5
3.067071740040279e-5
2.0722404560207548e-5
2.6811457979539107e-5
4.063729606696487e-5
0.0
0.00020388443644500976
0.00024503266269443915
0.00042045067739171434
0.0003525392279342901
0.0004996890424142275
0.000385021131163829
0.0004908559696857861
0.0003648599296666067
0.00049804704692786
0.0003954162717724347
0.0005644259353240383
0.0004473017942127631
0.0008200330603059992
0.0006431492018849221
0.00040099103191661135
0.00016496929674884248
5.884435491493643e-5
2.734989404477886e-5
1.2601819245432857e-5
0.0
0.0
0.0
0.0
0.0
0.0
0.0
5.74352524322906e-5
0.00012146367387587143
0.0001843755120429279
0.00029436136452571905
0.0003325736223844108
0.000409735965226836
0.0004346383494920715
0.000542891370771493
0.0005091572493741203
0.0005914987849301509
0.0005834379959853505
0.0009043751789495956
0.0006944120822474438
0.00040678830784474253
0.00019081553719362592
8.64090246924109e-5
6.936142241613574e-5
5.2466889335728916e-5
3.730216875475201e-5
2.7769902678499237e-5
0.0
0.0
0.0
0.0
0.0001222731091785222
0.00020945149704778993
0.0002646808992581719
0.0003300453236737321
0.00038145586078498046
0.00048192071246383564
0.0005042957408076379
0.0005625601407619471
0.0005554838358843263
0.000678959489561377
0.0006661338108180216
0.0006836852683822756
0.0004660097278009321
0.0002944740742608298
9.893823555107064e-5
0.0
0.0
0.0
0.0
0.0
0.0
0.0
0.0
3.7470061605070197e-6
0.00014091464516687057
0.00014978746659601296
0.0001394645907438456
0.0002034145900103528
0.00024055005947812573
0.0004364673961954027
0.00042197759871646115
0.0006052111476748331
0.0005296311378431806
0.0007150017842027288
0.0008745460798846057
0.0006812684748332638
0.00036032232530256353
9.473833654255943e-5
5.1233377257225414e-5
2.4830713513096013e-5
9.578761685391255e-6
0.0
0.0
0.0
0.0
0.0
0.0
0.0
0.0
7.083384696578497e-5
0.00013229791620878302
0.00024172535707978453
0.00031293981065304765
0.0004244106069328819
0.0004685195057372484
0.0005606310051463063
0.0005536830168925073
0.0006569672684337588
0.0008823877918071129
0.0007685949827648302
0.0005016203110088104
0.00016696362860758906
5.683816033532072e-5
2.5113505901114e-5
9.418912202946353e-6
0.0
0.0
0.0
7.606969014602593e-6
0.0
0.0
0.0
8.708622042649708e-5
0.00019494003571036178
0.00024852673569549763
0.00030576914891712083
0.0003885674024433416
0.00043935998004028987
0.0005043831662689504
0.0005460449003729439
0.0006159213148371325
0.0006022927248665528
0.0009174486616735439
0.000819253273175273
0.0005959403403841769
0.0002959345277669177
7.86475673317561e-5
3.0535949849046915e-5
6.815372725466394e-6
0.0
0.0
0.0
0.0
0.0
0.0
0.0
0.0
5.432848447130462e-5
0.00015180091638999934
0.00016178058999382106
0.00022683052795231714
0.0002276507327325963
0.0002668590345360785
0.00038475542595609215
0.00056850899444828
0.0004991090774372818
0.0006984212099573881
0.000595225839774184
0.0003819950585611652
0.00011599907777892909
4.9180083908263604e-5
2.2840842828450005e-5
8.217979047616102e-6
0.0
0.0
0.0
0.0
0.0
0.0
0.0
3.408285621022489e-5
0.00013888006358228107
0.0002139662544247622
0.00031164963769930606
0.00034801938174448723
0.0004336707074851996
0.00045634929382880313
0.0005494386764727089
0.000528232287572463
0.0005799027973143996
0.0007766731977500729
0.0006826359303528679
0.00047963926134532523
0.00016891704989884383
4.55802085874588e-5
7.513298901766392e-6
0.0
0.0
0.0
0.0
0.0
0.0
0.0
0.0
0.0
3.576999940216963e-5
0.0001223979357822382
0.00020788315115888463
0.00030358539665518796
0.000318389774268616
0.0004251011557271086
0.00047773737900770727
0.000531007196151198
0.000501725059470631
0.0006090357570149267
0.0008275114212532953
0.0006086793269758023
0.00031558892394807625
0.00010578168259976943
5.849763427127483e-5
3.503801451063453e-5
1.1595728101569875e-5
0.0
0.0
0.0
0.0
0.0
0.0
0.0
7.289720022905175e-5
0.00014509074702412586
0.00019339319082977303
0.00024232871554773642
0.00033064102316245444
0.00037350325514082185
0.0004591331768196735
0.000462772849092113
0.00048063854419614835
0.00046897904762928963
0.0005280826581581944
0.0004199559724683271
0.0002600801859419536
4.96054685851692e-5
0.0
0.0
0.0
0.0
0.0
0.0
0.0
0.0
0.0
0.0
5.658511039292134e-5
0.0001257943623881679
0.00018106221952042244
0.0002297764930211769
0.00026376755223550107
0.00033292791552175303
0.00036020428965816446
0.00041981947724587177
0.0004507733589247677
0.0007287169860375772
0.0005962693335563602
0.00036776157082631734
0.0001209840095138412
5.354588333043679e-5
2.44921752679925e-5
1.0326217714446876e-5
0.0
0.0
0.0
0.0
0.0
0.0
0.0
0.0
0.0
0.0
0.0
0.0
0.0
4.725842177381844e-5
9.897996703824115e-5
0.00010673767494829604
0.0001441128410368052
0.00023775188772513388
0.00014339372567613568
0.00010457565579605427
8.101326957549487e-5
5.432379338215903e-5
2.7702822818322595e-5
1.8729614168415398e-5
2.644568726577205e-6
7.405647198267333e-6
1.865558001755e-5
1.876771924094398e-5
0.0
0.0
0.0
4.167203987576593e-5
9.92723487095876e-6
3.197676297604601e-5
5.611712382907635e-5
9.585085588746646e-5
0.00012198906443163718
9.934866327541865e-5
9.97992420269518e-5
0.00022217110643059495
0.0002058546797639353
0.00040689289259336815
0.0002940118650990203
0.0001419519541992919
6.458824739615223e-5
3.051103800969087e-5
6.347747575498161e-6
0.0
0.0
0.0
0.0
0.0
0.0
0.0
0.0
0.0
0.0
0.0
0.0
0.0
0.0
5.739897994329802e-5
0.00012780115201032737
0.0002498924924945624
0.00023488976839520313
0.0004844911973973131
0.00035885563657284434
0.00019315930278457515
7.773168699123142e-5
4.6009472508668164e-5
3.169654344287998e-5
1.963361623531744e-5
6.885918142917659e-7
0.0
0.0
4.521421100277067e-6
0.0
0.0
0.0
0.0
0.00012327173291374602
0.00016777904781057994
0.00020677479776559066
0.0002559096846189482
0.0002920004983854495
0.00036393916716846963
0.0003793955302269504
0.00042378804540405934
0.00041432246465487486
0.0006086616046301686
0.0005175979389720883
0.0003870506070150708
0.00023441037421224908
0.00011889368570471618
8.1544160031585e-5
7.921187162477653e-5
9.736654661780334e-5
0.00017945368635728922
0.00021508001825147326
0.00024439497660317625
0.000248766925548
0.00026198525271043093
0.00036762521734915214
0.00030067078109401874
0.0004285644809056962
0.0003406344207440275
0.0004509333836038683
0.00033174103487157436
0.0004427283628113006
0.00034045749777724397
0.00045557421855212294
0.00034401294771810157
0.00045788894921566965
0.00035047003332669375
0.0006444255075987907
0.000496812513184872
0.0003936761929911565
0.0003281366291934604
0.0002476411832504836
0.0001824088882239848
0.0001048966338212763
9.162232987462207e-5
0.0001002474248646448
5.6362303115792625e-5
0.00012209467774894591
0.00026462847337653316
0.0002736133275893406
0.0004488779178906494
0.00037048257748943257
0.000533541455225176
0.0004433735504974469
0.0006283374074884144
0.0005156862966082174
0.0007013729996592784
0.000577697080809035
0.0008137382019204815
0.0006632201628907521
0.0008779452485819413
0.0006538423930873038
0.0007751487397074074
0.000485192465221444
0.0005067379674368504
0.0003237986450876921
0.0003379925704567453
0.00019106964706127718
0.0002025650661321318
0.00013401482070736175
0.00016099041042270782
0.0002807639872864706
0.0003595752876104102
0.0004379055412942178
0.00046519899103068617
0.0005345717389739631
0.0005504570588475753
0.0006451793354656929
0.0006369280832175807
0.0007270328623864448
0.0007217415745160163
0.0008419094109354497
0.0008130663601047622
0.0009078224421900167
0.0012282507935605076
0.001134233159978172
0.0009385942690426661
0.0006740368892978778
0.0004889265960845104
0.00037279178976300177
0.00028657071307496137
0.00017247832452503664
9.424425778291439e-5
7.058095683989264e-5
0.00010458012333561678
0.00019679220350268022
0.0003308772754249441
0.0003713380066542774
0.00043932586231507824
0.0004872739192275039
0.0005855414278340212
0.0006279813830709598
0.0007088924722326994
0.000710051379109884
0.0008129515061452341
0.0007735173774715065
0.0008367360836524123
0.0008150584489358248
0.001208036860200116
0.0010867698690813705
0.0008721533296842968
0.0006336623235136059
0.0004447521217768541
0.00023859816299483095
9.991653957590355e-5
5.1241364316651424e-5
3.806590592505033e-5
3.350322687148099e-5
4.200813822676098e-5
0.0
0.0001271044425525842
0.00012847137387613734
0.00014073281378559804
0.00018229589573055715
0.00024164478774923981
0.00026984887212594925
0.00027845870151435267
0.0002499358386750365
0.00027924379075580376
0.0003023803027813134
0.0003602631231068777
0.0004079870624089609
0.000581660093441025
0.00044843132712454854
0.00034684009100539946
0.00032824154947567883
0.00039304884899716555
0.00046187926638412694
0.00056223930788181
0.0005846589671623826
0.0006096875845002835
0.0006334510934791936
0.0006308073973648672
0.0004934454351504897
0.0005093510089092353
0.0007015012964073768
0.000582965145727394
0.0007444953436599198
0.0005868858549744266
0.0007088325895550115
0.0005716812689490262
0.0007379650641309755
0.0006181142044398276
0.000830696778164365
0.0007248194636524847
0.000962555425091264
0.0012792599231783162
0.001204903643849446
0.0010671427996661066
0.0009351449933852564
0.0008328372209636074
0.00072247804904578
0.0006624922299530957
0.0006818788922951228
0.0007417803797397467
0.0006163269997954542
0.0007135314372938235
0.0006806187884340521
0.0005869433844710794
0.0007847268766778921
0.0006736604056999893
0.0009228104769791246
0.0007513599106260923
0.000977138062858516
0.0008058637172838832
0.0010323722618132045
0.0008582039070951026
0.0011369240162150643
0.0009497970099800693
0.0011831824321324707
0.0014795041980942647
0.0014051138894348475
0.0011799186987061865
0.0009616160691154606
0.0008173889298025087
0.0007163693574075368
0.0006745568159911438
0.0006141244592214618
0.0005468351957462979
0.000493358842638899
0.0005414474839423356
0.0005591553260515684
0.0006208563680258751
0.0008859075758085195
0.0007780909079900631
0.0010232900869056084
0.000907322042348846
0.0012764098969184274
0.001232287883536448
0.0015690338311030038
0.0014436710488900783
0.001620063753081135
0.001458082752559818
0.001628583103992511
0.001463567884175663
0.002026962964323868
0.002026962964323868
0.0017457467263975513
0.0012377229665117757
0.001021543769762427
0.0009198287996813003
0.00082201082554012
0.0007288660110729425
0.0006659450168139478
0.0004962491794809575
0.0005223461091029477
0.0007592743302982979
0.0006476036020251595
0.000879871645793646
0.0007754113647010713
0.0009643076623232529
0.0007710651818594233
0.0009731313513565715
0.0009074943363642716
0.0013361192125320998
0.00124567197281935
0.0014708398841177205
0.0013006060020620224
0.0015041578416046834
0.0012434892295118997
0.0012675858383535679
0.0007848962500080768
0.0007384311025078009
0.0004658237587648
0.0004988671148271706
0.0003101608204899148
0.00030986404691136366
0.00017846419224790876
0.00024894615742002943
0.00029428362403365163
0.0004981614798358801
0.0004675375911303563
0.0006738599025195614
0.0006037633926637809
0.000790762976420982
0.0006748925765856033
0.0008977690931502924
0.0007868252203413866
0.0010464201887488167
0.0009113531826839169
0.001207204138526147
0.0011289086555896718
0.0014022872566398124
0.0011557834739492866
0.0011262482314389243
0.0007277239658702664
0.0007332514874350744
0.00046972264682130436
0.0005176537704020085
0.0003358504010847987
0.000336352470748253
0.00021241256698643256
0.0002871904187761665
0.00031396770565371597
0.0005481355249331459
0.0005223174744621525
0.0007091341215386451
0.0006208231711220042
0.0008440628315359453
0.0007480171037266631
0.0009715268297159113
0.00083513722606986
0.001094486870254707
0.0009884851164541932
0.0013162504794271429
0.0012259315364624918
0.0018499700132878058
0.0016116359594278225
0.001133249122853245
0.000822408940724597
0.0006251464145021631
0.00046018124881780863
0.00032875899536484427
0.00017140154204453033
7.26741380719234e-5
5.4058894893419536e-5
8.823230620681559e-5
0.00021277328803731357
0.0003756831619733329
0.0004479193936103391
0.000558403516878199
0.0005807394849797439
0.0007211803329935063
0.0007270984969938593
0.0008207509167749654
0.0007967985345506107
0.0009240769933762007
0.0008835633673550712
0.0010451033046535588
0.0010387685057404576
0.0015969535151927504
0.001263840712292652
0.0010125686808063257
0.0007606928638116707
0.0005453384332164997
0.00038542856937016787
0.0002664668342099554
0.0001169953125306637
5.538243476692342e-5
4.365761608609523e-5
5.3193232686258543e-5
0.0
0.00021848527755040045
0.00023154102336190208
0.0003356858264341883
0.00028045242904650047
0.000373664111985076
0.0003323859568506822
0.0005751190927899948
0.0005145959727450919
0.0006801978295053855
0.0005551615533839985
0.0007216445048829963
0.0005865200723613778
0.0010283555149016297
0.0008822587298436658
0.000791031703784758
0.000705174185982456
0.0006784453004140906
0.0005585856920048764
0.0005241554354274037
0.00045870416299259885
0.00043176590315472724
0.0004203490028674226
0.00046412831955054034
0.0004355581922149586
0.0003918082549892162
0.0005283580789333293
0.0004249358893490213
0.0005768329730142008
0.00046068365793769595
0.0006460100389691745
0.0004955966602681239
0.000651113551989396
0.0005213609913663251
0.0007040555928257129
0.0005345736439051321
0.0007009210165571297
0.0008366885464141482
0.0007448092814947152
0.0006745899430684603
0.000568735218885297
0.000512957474601465
0.0004336530089381293
0.00024808800439190935
0.00012206481776980644
7.162865496521073e-5
7.374650693884292e-5
0.00012186778629834484
0.00017704043698972934
0.0002561550696194011
0.00029385793729805575
0.0003671138704303041
0.0004199607217201158
0.0005044152200572062
0.0005088397318169417
0.0005798765140239805
0.0006082663727331899
0.0007200629253190519
0.000750096179707034
0.0008588191431122593
0.0008431643337707943
0.0009443395443250292
0.0013168931596338757
0.0011457900172635888
0.0008802952513317896
0.0006745209376952801
0.000502933051015751
0.0003507288092296183
0.00022647749239906498
0.00012403895037550652
8.206732013890749e-5
0.0
7.358644786951059e-5
0.00022175712322701556
0.00025005605900141066
0.00041463873971782177
0.0003639964419420364
0.0005434698678216608
0.0004608942864699543
0.0006628395909088762
0.0005549145849683541
0.0007715239587976385
0.0006277086970384435
0.000866624835516658
0.0006883586736260703
0.0009095694500145846
0.0007030509482369949
0.0008158556330779763
0.0004833362664493654
0.0004657033924303161
0.00023541298214082635
0.0001642051972650294
2.7768089254114454e-5
0.0
0.0
0.0
0.0
4.601289641584147e-5
0.00019219656270642987
0.0002425559558172822
0.00032216802557618983
0.00034868202214638873
0.00043147075912396767
