4.055792289015569e-5
3.696208578020719e-5
5.472117587006819e-5
4.947250663350614e-5
8.2685138463973e-5
6.711731959288422e-5
0.00010538272847358705
4.127720831421234e-5
3.599965928933679e-5
1.3850883757796634e-5
0.0
0.0
0.0
0.0
0.0
0.0
0.0
0.0
0.0
0.0
0.0
3.6257219793774977e-6
1.8218455970993324e-5
2.4757270227403297e-5
3.6788392285394694e-5
3.7633832095683464e-5
6.752983692736715e-5
7.691403261136806e-5
9.225014355325108e-5
4.505317480370309e-5
0.0028288599764073304
0.0015229940041070504
0.0006716757512589029
0.0003994390090997765
0.00022957140348748558
9.38744610048667e-5
4.943778146182096e-5
1.807103170553628e-5
4.608866903196948e-6
1.3676184726215611e-5
2.3293493548395917e-5
9.468746601774976e-5
0.00012690713460655913
0.0001588071607230923
0.00039398767267811356
0.0
0.0
0.0
0.0
0.0
9.37209720142407e-7
8.56473670174823e-6
1.437915990238189e-5
2.248367560166336e-5
0.00296993149030151
0.0019718436996253945
0.0011851183336992286
0.000615340851433212
0.0003551736560526531
0.00017650434972896472
0.00010354549434851138
5.379786187785208e-5
3.0785373713555116e-6
2.2055816637760217e-5
3.4476273431947365e-5
0.00016474437403431088
0.0004414403615640805
0.0006520406606418755
0.0007139839018983642
0.0
0.0
0.0
0.0
0.0
0.0
3.884090337494223e-6
7.771392663487084e-6
1.9878299544933317e-5
0.002776044709105583
0.0019386753249783031
0.0010603099785556438
0.0006038173934079774
0.00040417803961986874
0.0001921090333019789
8.561242130140874e-5
3.806956919642484e-5
2.7062293393890247e-6
5.896604231634424e-6
1.6637480460186325e-5
7.36150152996892e-5
0.0002920294883912343
0.0005685639754682151
0.0006762256211067484
0.0
0.0
0.0
0.0
0.0
8.559836513368169e-7
3.1188703218752422e-6
7.4274846325912305e-6
1.2575650892542864e-5
0.002679033765761456
0.0018358570858622502
0.0009713576589192574
0.0006479148310734604
0.0004269860483816642
0.00021706981899061902
0.0001444783067127389
9.684897209148675e-5
5.829503347633545e-5
5.0302315131401165e-5
3.447520787381548e-5
0.00010831056258876945
0.00022613169882984715
0.00034922699911394805
0.0005247402621011032
0.0
0.0
0.0
0.0
0.0
0.0
0.0
0.0
0.0
0.0018589949435993316
0.0013981320508513865
0.0008661451175177356
0.00047782300713616904
0.0002738891536368506
0.00015299051153881812
7.918065733951207e-5
1.6695521093588437e-5
1.7600592440466773e-6
7.008060076730836e-6
1.5235010647844567e-5
8.859918895515874e-5
0.00036959237220564355
0.0006699528601613089
0.0007235496581285393
0.0
0.0
0.0
0.0
0.0
0.0
7.873583445495746e-7
6.2107508417823745e-6
1.1546897012615015e-5
1.6626813506267222e-5
4.725971887117485e-6
0.0
0.0
0.0
0.0
0.0
0.0
0.0
0.0
0.0
0.0
0.0
0.0
0.0
0.0
0.0
0.0
5.20043041137797e-7
3.8850236805136344e-6
7.332439688504624e-6
9.560522840836438e-6
1.4225344385385837e-5
1.2050866610614082e-5
1.3401334615321316e-5
1.995738109919548e-6
0.0
0.0
0.0
0.0
0.0
0.0
0.0
0.0
0.0
0.0
0.0
0.0
0.0
7.058730898981447e-6
2.8690662329144832e-5
3.486157484820708e-5
6.229577859008716e-5
2.9606107056232827e-5
2.9436271806562915e-5
2.4476278138385876e-5
3.478099679207813e-5
2.9891635410422177e-5
0.002507559893756393
0.0015496224773845068
0.0011444237311624495
0.0010099543516869714
0.000879691112810879
0.00077612240733063
0.0007468129382109318
0.0006734278058148284
0.0005687085281666722
0.0004980667549079027
0.00032541383420995267
0.0005114655746888529
0.0005875206856946943
0.000650706802771331
0.000752263465983708
0.0
0.0
0.0
1.2146758478441813e-6
2.495819550299012e-6
5.462136759163635e-6
1.4337557973573343e-5
1.596484570452812e-5
1.7144860306934514e-5
0.0027491719716827077
0.0018220090854060796
0.0011854179091288905
0.000868341191594072
0.0006420984638531061
0.0005177855824841072
0.00044229967823534733
0.0004001514848205263
0.0004119827510309926
0.0003264153601082954
0.0001288313069134155
0.00023921832487959648
0.0003117540813722607
0.0003335962071633394
0.0003614496100231028
0.0
0.0
0.0
0.0
0.0
0.0
0.0
0.0
0.0
0.0013486367218684485
0.0010423517322807655
0.0010900968363939587
0.0011840650145325349
0.001230019825021828
0.0010968622556359994
0.0009707366412918858
0.0009301675605534535
0.0009028395242211267
0.0008266211600171788
0.0006611283952326515
0.0008501222868194094
0.0009037232909426358
0.0011185363814895514
0.0011741590431998618
0.0
0.0
7.154595748040994e-7
1.6429399638563145e-6
4.1569989520286684e-6
5.02088001911223e-6
7.462194128979979e-6
8.499116219873792e-6
1.849565837920565e-5
0.0027179215800346916
0.0020267728620031508
0.0014509140779525897
0.0011971020682791486
0.0010010574204496264
0.000859066929714271
0.0007595145260495847
0.0007087481727084754
0.0006834069633463625
0.0005690645529728456
0.0004089806633237215
0.0005621949847643001
0.0007813489269197568
0.0009893446421279425
0.0010645846722572483
0.0
0.0
0.0
1.3720868309279445e-6
2.8992405481277748e-6
7.318932538984585e-6
1.0266926171459451e-5
1.9800714542472524e-5
2.3851893796895172e-5
0.0029977415413750307
0.0022304833964160034
0.001568746060233791
0.0011723051358357999
0.0008869490268137766
0.0007014060910606609
0.0006116860114671784
0.0006267350471440483
0.0006284313035535905
0.0005519672770360256
0.0004100668807639338
0.0005991217919895006
0.0006925975369532004
0.0009172731174663148
0.0011990940081340797
0.0
0.0
0.0
5.003590146338369e-7
1.928454172827943e-6
4.048020870694031e-6
4.8726628549667866e-6
6.699034844339639e-6
9.899290402321693e-6
1.5478382291735774e-5
4.5375740154919794e-6
2.216244142724647e-6
0.0
0.0
0.0
0.0
0.0
0.0
0.0
0.0
0.0
0.0
0.0
0.0
1.9952080081792565e-6
7.458506431229047e-6
1.0077856929425975e-5
2.291001969609725e-5
2.5250969822253853e-5
3.018012001649534e-5
2.9319190271088204e-5
4.121647627360837e-5
4.071450885663017e-5
4.988454638535784e-5
1.9723502305801466e-5
2.217717291021317e-5
1.2364906169348152e-5
1.2028936205107159e-5
6.132814420564154e-6
1.7239335530770126e-6
0.0
9.775810998976314e-7
1.0335283259651725e-6
2.0003314465696158e-6
2.4509380328078132e-6
2.3091430954526686e-6
5.550504979887143e-6
1.0088693548559184e-5
2.9196459778228778e-5
4.011567769512283e-5
6.027332708481698e-5
6.36391500381401e-5
9.500215930750195e-5
0.00010701175987424978
0.0001438505197458447
0.00013876961721071565
0.00018002378809062173
0.00017114048657970328
9.294688039420258e-5
5.299366428431319e-5
4.111582255282789e-5
3.0250266497824615e-5
2.8682314936266343e-5
2.389120082402246e-5
9.142856706190728e-6
3.5137189869458533e-6
3.725397665274685e-6
3.733880700442222e-6
1.824242386126811e-5
2.9600467374196075e-5
3.289208536754875e-5
4.404476355116709e-5
9.247581089649536e-5
0.00012206850270363867
0.00014255984130402314
0.0001814443422515262
0.0001847348542064487
0.00021172446529963196
0.0002062203385825339
0.0002354229188254049
0.00023217083040511224
0.003499826794387707
0.0022752294014480607
0.0016004198525825112
0.0013154887733768154
0.001112522422309819
0.0008903736051224463
0.0007782316688938749
0.0007053593887540408
0.0006455783734198504
0.0006132476521593856
0.0005241162858499553
0.0007477992081384625
0.0008068630584788602
0.0008721174961739489
0.0010547261079811628
0.0
2.120006864517646e-6
2.0410767060718003e-6
5.2405411230626155e-6
1.1220601348645856e-5
2.1354658530971076e-5
3.0557972874773254e-5
6.262308614499996e-5
6.57104108877986e-5
0.003338381059493867
0.0024042149954731154
0.0016846000198432113
0.001205756459778519
0.0009316258545613838
0.0008100457000095909
0.0007095214525171035
0.0006526562021104712
0.0005784846363055192
0.0004726055473440684
0.00033403962776009315
0.0005263861440917303
0.0006687536766812293
0.0011551857721704224
0.0012358320243693632
0.0
4.180822644556626e-7
9.27805508931632e-7
2.298065327259496e-6
4.118002433923127e-6
1.0943730393681985e-5
1.4459835405840798e-5
3.209563591449538e-5
3.3566553583609485e-5
0.0029530383069739465
0.00221604267958707
0.0015655991568808948
0.0010446900063046686
0.0007556174596850568
0.0006021710112393225
0.0005748008284582533
0.0005756843197073378
0.0005120990555708973
0.00044613357402909745
0.00029402816645980086
0.0004538470257951805
0.0005834078532648205
0.0007680172683146499
0.0009124041211368376
0.0
0.0
0.0
5.54218360292405e-7
2.552534133101927e-6
8.701328359483204e-6
1.1677926819676263e-5
2.603553426305349e-5
2.6482334253148124e-5
0.0030346270735098838
0.0021774888323521976
0.0014309724489450495
0.0009328306186467325
0.0006996711507492742
0.0005083994871222915
0.0003860398900442524
0.0003224304787107882
0.0002517629003853764
0.00018407738084134958
5.120150177558846e-5
0.00031264577246170534
0.0006085550218483296
0.0007742215685368406
0.0008162817236695044
0.0
0.0
0.0
7.992263844561969e-7
1.8656055477547899e-6
6.361796629190189e-6
1.0501070870645207e-5
1.5009937688371846e-5
3.271578336941835e-5
4.1264565257606e-5
1.2343868806326817e-5
4.9744870838795194e-6
7.456731827049714e-7
0.0
0.0
0.0
0.0
0.0
0.0
0.0
0.0
0.0
0.0
0.0
0.0
1.2558786628826441e-6
4.561248873015251e-6
8.641972911178183e-6
1.1075356527802144e-5
1.8062501772644855e-5
1.8207410009462173e-5
2.5514795680675e-5
3.345415355635071e-5
3.258037206941124e-5
1.446103989445372e-5
1.07731613054464e-5
2.8472431201719037e-7
0.0
0.0
0.0
0.0
0.0
0.0
0.0
0.0
0.0
0.0
0.0
1.4319890046105635e-6
7.2556215188822525e-6
1.567963566663186e-5
2.7237139603480187e-5
4.000098269960335e-5
5.032455994582042e-5
6.212595008990777e-5
7.981530835517938e-5
0.00011210983141550542
0.0033544452360231933
0.0021705038024983875
0.0012716471339121425
0.0007809911410874485
0.0005465514920784856
0.0003541925781561465
0.0002797513914268118
0.000268445365284462
0.00018971003787353707
0.0001454606869862771
4.8234036915728774e-5
0.00013110534114237852
0.0002643533856594074
0.0006252840415039721
0.0008497540546732783
0.0
0.0
0.0
0.0
7.586496129604323e-7
1.457532817283129e-6
2.644427948121932e-6
9.658930508437078e-6
1.0216212247345162e-5
0.002586978426112005
0.0017265868156704752
0.0008983932216019463
0.0006553620986625264
0.0005172872362228929
0.00030393600717664446
0.00017293610822312949
5.5485609684890235e-5
0.00012178341059041077
0.0003317850439649242
0.00047004444317644734
0.0006671381869556865
0.0006385343570968196
0.0007065848440642352
0.0007607584958531235
0.0
0.0
0.0
0.0
0.0
5.255982667413199e-7
4.839156332508747e-6
9.647078299040207e-6
1.4396990358580193e-5
0.0027367505954764165
0.0019144785112928582
0.001255320811248714
0.0008911667251874781
0.0006933436348740205
0.0005021643335724083
0.00041149327760342026
0.00039201717464796713
0.0003349878547793187
0.0002489184257655698
9.974716857790258e-5
0.0003213891995616023
0.00044541295023350046
0.0005767083955203744
0.0008283387518076291
0.0
0.0
0.0
0.0
0.0
1.0346536786742068e-6
1.2859170886307268e-6
5.630918002234149e-6
7.1039255541338295e-6
0.002470769246475368
0.001835161904150522
0.0012120792897097018
0.0008907646840027284
0.0007895148937425401
0.0006781412184813357
0.0005703654402895691
0.0005236797365424886
0.0005322530051578664
0.00048495219978260233
0.0004466066796092431
0.0008308858963477083
0.0011640325886486606
0.0012729827191029816
0.00127278689982114
0.0
0.0
3.469962083131927e-7
7.056665084662714e-7
2.7278065147616843e-6
4.385261504341566e-6
7.94594220758493e-6
1.4386718961424701e-5
2.2048504317953432e-5
0.002695888156579467
0.002091237823609074
0.0016401907078613814
0.0014344948690668375
0.001300331902313183
0.0011429151517856025
0.0010008310840662544
0.0009376962281634227
0.0010238318967687563
0.0010759586003549135
0.0010176706122730953
0.0011663907944756944
0.0012005076040363064
0.0012797181638659117
0.0013618152136441852
7.013353146213341e-7
1.3867446895198614e-6
1.5995107752715233e-6
1.9603928202616494e-6
6.2093500853086456e-6
8.502067678038064e-6
1.3823425477935442e-5
1.3294768881796575e-5
2.4091474856997663e-5
3.0160846305335787e-5
1.4729005179629011e-5
6.711411916091154e-6
2.5710588751023955e-6
0.0
0.0
0.0
0.0
0.0
0.0
0.0
0.0
0.0
1.6499687696906122e-6
3.885794485647776e-6
1.4715027708797697e-5
2.4519088533928764e-5
3.911051936412395e-5
5.398547657554836e-5
7.961251175629589e-5
0.00010041406297509133
0.00013082411542195192
0.00014684640557846573
0.00020052141586794433
0.00019608739673895414
0.00010450309375522465
4.883436993458644e-5
3.2251273918770336e-5
1.866963648447076e-5
1.7580192746174132e-5
2.8588871323371667e-6
0.0
0.0
0.0
0.0
0.0
2.116845220893297e-6
6.221073883775684e-6
1.456245349884378e-5
3.210732263653788e-5
3.7929665673544026e-5
3.943780042458163e-5
5.047228577868069e-5
5.277750344451211e-5
7.023030812908005e-5
7.595936111866528e-5
0.0001045585836388101
0.000112264960132853
0.0031810220678771197
0.001922102146980953
0.0013185727221259858
0.0011225604144262308
0.0010028130012190372
0.0008633595965351645
0.0007767456645238473
0.0007458548655076387
0.0007155198882847439
0.0005940874631028439
0.0004398736583378563
0.0007017199989627175
0.0009060107465459967
0.0011244836264079183
0.0012480784947275332
0.0
5.714007838402449e-7
1.2451352591238545e-6
1.2206228909436267e-6
4.000534042785107e-6
4.6639543806591185e-6
1.0529086224825391e-5
1.0933866608329594e-5
2.238714939824005e-5
0.002686718476016396
0.0019787226197482506
0.0014052500394267683
0.001104333387792375
0.000984267511817322
0.0008824511892128524
0.0007302897301624109
0.0006059167088354276
0.0005138987190023318
0.00041547506705182655
0.0002744322032052873
0.0004176241030464984
0.0005181098326696148
0.0006005097964202445
0.0006647474566570663
0.0
0.0
0.0
0.0
0.0
0.0
0.0
5.850002586508431e-7
2.2822730715580134e-6
0.0023061708133207967
0.0014948757722115062
0.0011871803696348545
0.001093216470889656
0.0010854306818125464
0.0011164268332186015
0.0009820855480045063
0.0008089568627933296
0.0006601098679835295
0.0005456870650192306
0.00034295581052516135
0.0007096072946348859
0.0009336685121354572
0.0008029583904069983
0.0007586619555398736
0.0
0.0
0.0
0.0
7.597859408737e-7
1.5876593078192627e-6
5.347833296512985e-6
8.380485975930458e-6
1.3444225775883722e-5
0.0025088840156324943
0.001593046041671273
0.0010381417899954699
0.0007916679179703847
0.0006603395724542214
0.000549723587842358
0.00048527154722474394
0.0005002584201770786
0.00045722093049358576
0.00035485958885929104
0.000248584844721499
0.0005487422872376313
0.0006586273552889039
0.0007238512912789571
0.0008922875267758034
0.0
0.0
0.0
3.217774772784791e-6
1.092484874802676e-5
2.380043334667105e-5
3.309877376345038e-5
5.542930237225468e-5
6.737403484222845e-5
0.003358386758726841
0.002281026612099615
0.0014058525987371965
0.0009939445018984484
0.0008761853575224232
0.0007353320023921428
0.0006682577089704376
0.000601589492279668
0.0005838756087710011
0.0005413446758417928
0.00041326613910757704
0.0007066112170118714
0.0008776213798760982
0.001040824900983233
0.0012651938245112108
0.0
4.346383069862781e-7
1.4430602421931112e-6
5.6040173293274525e-6
8.574555441949596e-6
1.9245933123618013e-5
2.839575494616877e-5
4.5662457513841513e-5
5.037806089353197e-5
7.200472684306746e-5
1.9270200671298395e-5
1.6200590682118443e-5
7.014941169840099e-6
2.1616186512442324e-6
9.704750685731936e-7
0.0
0.0
0.0
0.0
0.0
0.0
7.984278007160341e-7
1.0348548509428639e-6
3.400136229650612e-6
1.2581692198394513e-5
1.960745804468113e-5
2.1115581693597445e-5
4.599481237272507e-5
7.55134375095519e-5
0.00010972139706719264
0.00013597077085297391
0.00016354422898069793
0.00019138438532031256
0.00021079877034348857
6.784015694673407e-5
4.021592721213518e-5
1.643523729039759e-5
8.876840092974218e-6
0.0
0.0
0.0
0.0
0.0
0.0
0.0
0.0
0.0
2.52369813741377e-6
3.185769427318457e-5
3.931143404109647e-5
7.411342930548171e-5
6.985589391568156e-5
0.00013863716998567633
0.00012738979982886194
0.00020361244267716884
0.00016767968194108209
0.00026131970292950457
0.003683006801751027
0.002354517914148167
0.0014671988625368907
0.0009967481033596524
0.0007672365386830306
0.0005486338276686374
0.0003838746356729922
0.00029646503947148087
0.0002307734461799181
0.0001493016739062961
4.853549970600947e-5
0.00021665179245731423
0.0004291299766099131
0.0006243895013971508
0.0008235502970404265
0.0
0.0
0.0
0.0
0.0
0.0
0.0
0.0
0.0
0.0016985001865374226
0.0012522339467362805
0.0007157128022063595
0.000493816927378028
0.0003945324655875222
0.0003164833747743813
0.0003078552353393549
0.00037333102082858654
0.00039471458556742436
0.0003553378262992937
0.0002924857934824427
0.0006156335275686106
0.0008486009866086889
0.001048149017834188
0.001062946004148729
0.0
0.0
0.0
0.0
7.722322727178411e-7
4.677297674021017e-6
9.174687295196554e-6
1.914079715855711e-5
2.313251924793833e-5
0.0029729693273802833
0.0021363962171027898
0.0014988931484527497
0.0012547373673110582
0.0010124058631867882
0.0009148482302515127
0.0007865555321828556
0.000706472388896718
0.0005968344974251555
0.0005042119076218569
0.00039115315626162494
0.0006749385602586907
0.0009072385845678286
0.0012172076121179601
0.0013157885614445573
0.0
7.467728440733661e-7
2.0640496968916465e-6
4.876346412308918e-6
1.0464814950294807e-5
1.6906455955174445e-5
3.776592885488359e-5
4.1284595040702306e-5
6.38604398249478e-5
0.003175114468101233
0.002234784105616886
0.0014153482942570034
0.0008613999963938792
0.0006754592784594388
0.0005114366758837874
0.0003543754029210121
0.00030165222729921934
0.0002507175339661036
0.00016432795655957398
5.411682532308493e-5
0.0002592034407880265
0.0004166492643923514
0.0007314182807650767
0.0009863338163271671
0.0
0.0
0.0
1.6237909539035355e-6
3.3727923877758247e-6
6.617657248223339e-6
1.0479469026342402e-5
1.8753270674124175e-5
3.0320533525387604e-5
0.002865586611303809
0.001834068537451869
0.0010081013177619118
0.0005987050504809615
0.00035372592899216476
0.00018023341174507813
8.522106191363179e-5
1.1967611719857757e-5
0.0
0.0
7.745996702524128e-6
4.7852518176949525e-5
0.00010553452688744571
0.00013304929216127046
0.00016488508809526993
0.0
0.0
0.0
0.0
0.0
0.0
0.0
0.0
0.0
0.0
0.0
0.0
0.0
0.0
0.0
0.0
0.0
0.0
0.0
0.0
0.0
0.0
0.0
0.0
0.0
0.0
0.0
0.0
0.0
0.0
0.0
0.0
0.0
0.0
0.0
0.0
0.0
0.0
0.0
0.0
0.0
0.0
0.0
0.0
0.0
0.0
0.0
0.0
0.0
0.0
0.0
0.0
0.0
0.0
0.0
0.0
0.0
0.0011933870047147119
0.0007618464596303824
0.0003695368203615686
0.00021879293046615282
0.00013283961657485245
3.06554863763603e-5
0.0
4.526565629731149e-6
7.618660277433332e-6
4.62751365243368e-5
3.7572688323673665e-5
0.0001536780700297315
0.0002980698930069662
0.0004550597669294451
0.0006978904017039335
0.0
0.0
0.0
0.0
0.0
8.683811038865476e-6
1.491233732974672e-5
2.567580988718324e-5
3.2622482760834076e-5
0.0032343665959376324
0.0022601243408385966
0.001703924308488965
0.0014834778513811136
0.0013973259486281871
0.0013038048301936094
0.0012405767668226659
0.001262834208032334
0.0012855206105741438
0.001255917409618833
0.001160081561730238
0.0014049324151437068
0.0015009498243274948
0.001568957872728884
0.001665440954314686
2.9000292826884492e-6
8.340539207789467e-6
1.902923854975218e-5
3.0065367762659184e-5
5.2619947573752095e-5
6.528327125230487e-5
0.00010487026499962346
0.00012159635715737685
0.00017517122260936446
0.0037010276530875814
0.002599590182060053
0.0019702217620974024
0.0016905397837294754
0.0015078664230026816
0.001314012502088381
0.0012455764024125436
0.0012137648572065939
0.0010656974643391817
0.0009286503137821428
0.000864158956758023
0.0011826353097352832
0.0013873387204204027
0.001518878139399897
0.0016889242016249625
5.599531223439627e-6
1.061461713366987e-5
2.204894646367879e-5
3.083963104113332e-5
6.029468202343516e-5
7.912007604307818e-5
0.00013043858240079466
0.0001521739589654175
0.00021363502177851941
0.003845341591438239
0.0027946159614208334
0.0020835445437482197
0.0015971037450781154
0.001141158373834672
0.0007071366531980448
0.0005461948917762951
0.0005608485891533365
0.0005260136329683429
0.00045894943215719604
0.00034466393987943404
0.0006328452277598268
0.0008035408814264475
0.0007920246389478067
0.0008907808324292947
0.0
0.0
0.0
9.502935942143108e-7
1.123173908577108e-6
2.5467145151405125e-6
2.133742858801385e-6
6.2787290055868945e-6
7.891651036846144e-6
0.002376900379058761
0.0015279491504842108
0.0009433292118925901
0.0008125898871742583
0.0007627418298995712
0.0006431454488185169
0.0006546214914647341
0.0006822780091058536
0.0007372959709768042
0.0007814244088608646
0.0007584828472808496
0.0008608731882551612
0.0008836070669297256
0.000991964379893763
0.0009646554780757969
0.0
0.0
0.0
0.0
0.0
7.355552786180956e-7
8.244835639096054e-7
1.7969168581748114e-6
6.840374980882752e-6
6.712639424544768e-6
1.0918815806217008e-6
6.114806946285058e-7
0.0
0.0
0.0
0.0
0.0
0.0
0.0
0.0
0.0
7.670465126445385e-7
2.353949361534063e-6
5.51163667796658e-6
2.1878456559201066e-5
3.836227763117346e-5
5.3951745975830504e-5
6.103929830208682e-5
7.805401527804861e-5
9.978342432764318e-5
0.0001580382754902696
0.0001652646539342961
0.00019895665251687064
0.000175882904911274
0.00011133376504933611
8.083454534111049e-5
6.243149195268207e-5
3.606925003625826e-5
3.293964099199096e-5
1.6250585007344357e-5
2.260154448060462e-6
1.7702953491065696e-6
0.0
8.396426920161864e-7
2.5072629844171024e-6
9.235664676868353e-6
2.3123415495999252e-5
4.385188554083589e-5
0.00010283771293587448
0.00015543869968437471
0.0001621192606030538
0.00020768786728335174
0.0001783720227663433
0.00023355308532687518
0.00021858030020911265
0.00032114910045937634
0.00030101028188193646
0.0003247978399595663
9.873741175492452e-5
5.9916882994632876e-5
2.5530638228819462e-5
1.6218212919446817e-5
2.5542779447073063e-6
0.0
0.0
0.0
0.0
0.0
0.0
0.0
0.0
0.0
0.0
9.177926459757298e-6
1.9656675945468336e-5
3.323005355965647e-5
4.596445626859814e-5
5.804318247911963e-5
7.895892301011926e-5
8.012494676754976e-5
9.536716567986192e-5
0.0029690714566529205
0.001558984357388599
0.0009919353550038867
0.0006964221811179183
0.0003565509102344397
0.00013589705900944984
2.112441141289213e-5
0.0
0.0
4.056390441183323e-6
1.8877723081860188e-5
9.378340143103713e-5
0.00014488185375792742
0.0001941158123404402
0.00028444866964843476
0.0
0.0
0.0
0.0
0.0
0.0
0.0
0.0
0.0
0.0023633476525844357
0.0010533376545553339
0.00040227441081472983
0.0002421784395775613
0.00012835793222750385
1.7582702832599017e-5
0.0
3.6181227945718886e-9
0.0
0.0
1.751472722378043e-8
3.3849741067176856e-6
5.903768990600518e-5
0.00014049388629461558
0.0003032855614792873
0.0
0.0
0.0
0.0
0.0
0.0
0.0
0.0
0.0
0.0021706573617303205
0.0010548865244790887
0.0004155514120705115
0.000182778532270242
2.847974726661921e-5
1.7753794457070127e-8
0.0
4.6455083434606785e-9
0.0
0.0
1.5722496758255576e-8
2.672078050834199e-6
5.7390195943959745e-5
0.00013228322348834826
0.0001895279859711103
0.0
0.0
0.0
0.0
0.0
0.0
0.0
0.0
0.0
0.001860890035755378
0.0010785222491054307
0.0004090518638740684
0.00015686915703733641
2.3289970572335822e-5
1.874514969710826e-8
0.0
1.3155324503203887e-8
0.0
0.0
1.684661996977563e-8
0.0
1.9350793582964456e-6
4.5438786138924284e-5
0.00010654686507845946
0.0
0.0
0.0
0.0
0.0
0.0
0.0
0.0
0.0
0.0
0.0
0.0
0.0
0.0
0.0
0.0
0.0
0.0
0.0
0.0
0.0
0.0
0.0
0.0
0.0
0.0
0.0
0.0
0.0
0.0
0.0
0.0
0.0
0.0
0.0
0.0
0.0
0.0
0.0
0.0
0.0
0.0
0.0
0.0
0.0
0.0
0.0
0.0
0.0
0.0
0.0
0.0
0.0
0.0
0.0
0.0
0.0
0.0015504699562316968
0.0007915910769764988
0.00021295725129723557
1.7297870358373247e-5
0.0
0.0
0.0
1.2911830136763576e-8
0.0
0.0
1.6287525439219304e-8
0.0
0.0
1.1087805563603708e-5
7.080305678742703e-5
0.0
0.0
0.0
0.0
0.0
0.0
0.0
0.0
0.0
0.0010800227257646727
0.0005053748752166344
7.184920231096096e-5
0.0
0.0
0.0
0.0
1.3562670945634264e-8
0.0
0.0
1.489475920129602e-8
0.0
0.0
4.5424808368485505e-6
7.040738080501142e-5
0.0
0.0
0.0
0.0
0.0
0.0
0.0
0.0
0.0
0.0009000790171334135
0.0005860684470866505
0.0003261301831895083
0.0002271499662943245
0.00010195355381180256
2.6382434631888555e-6
0.0
1.2838699731471574e-8
0.0
0.0
1.8202017990451152e-8
1.739077117407717e-5
9.26564026286224e-5
0.00015199778993890844
0.00017580085003998585
0.0
0.0
0.0
0.0
0.0
0.0
0.0
0.0
0.0
0.001469686353148883
0.0010229591630923672
0.0005823723744746614
0.00035038178471997713
0.0001265755554813526
1.9153165500079819e-7
0.0
3.1426777070182244e-8
0.0
0.0
1.6372726850586316e-8
1.859651781796592e-5
6.444467231282239e-5
0.00010273683443458888
0.0001438436427556933
0.0
0.0
0.0
0.0
0.0
0.0
0.0
0.0
0.0
0.001994671620091653
0.0010684308053517033
0.0005062412468116007
0.00030786231652032015
0.00022027778367769715
8.906957792778526e-5
1.834314402000529e-5
3.041165389456651e-6
9.373846934022093e-7
7.691526974055045e-6
1.1281127812751345e-5
3.270554998079952e-5
7.914268446445321e-5
0.00012619114066185662
0.0002482491063788004
0.0
0.0
0.0
0.0
0.0
0.0
0.0
0.0
0.0
0.0
0.0
0.0
0.0
0.0
0.0
0.0
0.0
0.0
0.0
0.0
0.0
0.0
0.0
0.0
0.0
0.0
0.0
0.0
0.0
0.0
0.0
0.0
0.0
0.0
0.0
0.0
0.0
0.0
0.0
0.0
0.0
0.0
0.0
0.0
0.0
0.0
0.0
0.0
0.0
0.0
0.0
0.0
0.0
7.120787487569922e-6
1.3127771713830449e-5
2.1724991033665733e-5
2.7764464011644043e-5
0.002823611547605764
0.0015637878004356608
0.0008266061592536749
0.0005962581949644687
0.0004389725360213455
0.0002583489673131408
0.0001763899645899885
0.00013617679280950723
7.071465252642149e-5
6.300772271563662e-5
3.2796324715309683e-5
9.805375602583049e-5
0.0001655234923603061
0.000282298959204056
0.00047410510146197256
0.0
0.0
0.0
0.0
0.0
0.0
0.0
1.4412615470763785e-6
9.162031005926913e-6
0.002565639744528096
0.0016878200910856232
0.0009084506174633213
0.0006311600023147973
0.0003764428468461827
0.00018656293461587827
0.0001385057893632338
0.0001129580609458587
6.80386704903708e-5
2.7756579067058277e-5
1.9664571613504834e-5
4.784816517168069e-5
7.77038344820461e-5
9.896255274609922e-5
0.00016673282845566258
0.0
0.0
0.0
0.0
0.0
0.0
0.0
0.0
0.0
0.000762818907250462
0.0005325408239071414
0.0003308461745608737
0.00021256564901934636
7.138415454891181e-5
1.4913797129698312e-8
0.0
0.0
0.0
0.0
1.586614777554507e-8
0.0
1.7373449817551565e-5
6.608630674336558e-5
0.0001269534659891014
0.0
0.0
0.0
0.0
0.0
0.0
0.0
0.0
0.0
0.001688503916841957
0.0008947139132763249
0.0003071885445087978
0.00011399847302270105
8.965239081720516e-6
1.862787436137316e-8
0.0
1.342109417328484e-8
0.0
0.0
1.5258288188410332e-8
0.0
0.0
4.179556728089714e-6
4.3072024521209726e-5
0.0
0.0
0.0
0.0
0.0
0.0
0.0
0.0
0.0
0.0001293302231362313
4.543234332993297e-5
6.059267361149124e-9
0.0
0.0
0.0
0.0
1.3943535100346357e-8
0.0
0.0
1.488304130759289e-8
0.0
0.0
0.0
0.0
0.0
0.0
0.0
0.0
0.0
0.0
0.0
0.0
0.0
0.0
0.0
0.0
0.0
0.0
0.0
0.0
0.0
0.0
0.0
0.0
0.0
0.0
0.0
0.0
0.0
0.0
0.0
0.0
0.0
0.0
0.0
0.0
0.0
0.0
0.0
0.0
0.0
0.0
0.0
0.0
0.0
0.0
0.0
0.0
0.0
0.0
0.0
0.0
0.0
0.0
0.0
0.0
0.0
0.0
0.0
0.0
0.0011774403492158917
0.0008046595254248601
0.00037608136868469113
0.0002023603920024032
5.264545731897459e-5
1.7703867843132663e-8
0.0
1.3066425244882862e-8
0.0
0.0
1.4416641179837812e-8
0.0
0.0
0.0
0.0
0.0
0.0
0.0
0.0
0.0
0.0
0.0
0.0
0.0
0.0004671526314500753
0.00035521639181264596
0.000212980567291588
0.00016373177410288148
9.636291547906062e-5
1.2096700120441398e-5
5.97654220553006e-5
0.000126548329775952
0.00015961686942961192
0.00011549942031534542
2.780652070714266e-5
6.267948329826468e-5
0.00020820582568317024
0.00041262876203843285
0.0005866358491248407
0.0
0.0
0.0
0.0
0.0
0.0
0.0
0.0
0.0
0.0016264450666331972
0.0011963951461157714
0.0006766966335958118
0.0004537903958219436
0.0003210000415397186
0.00018082253087241712
0.00010489068786772175
3.637709811505705e-5
3.9565000811235736e-6
9.527133881021055e-6
1.4016973231639597e-5
3.984514710836247e-5
7.864245388030692e-5
9.884026687488802e-5
0.00014167742452223157
0.0
0.0
0.0
0.0
0.0
0.0
0.0
0.0
0.0
0.0015172293612037168
0.0010962023119240776
0.0006694836561362302
0.00047286755657420114
0.00034260213389254214
0.00021025754538455036
0.00013693061340417783
0.00016841698451008121
0.00017663952221685014
0.00017006870223006143
0.00019481708935810565
0.0005246299104277055
0.00061217961810465
0.0006517867765999081
0.0007207023780592761
0.0
0.0
0.0
0.0
0.0
0.0
0.0
0.0
0.0
0.001968106711452023
0.0013674847935936944
0.0009148530788990854
0.0006860390270467649
0.0005507985640518699
0.0003997135863223605
0.00028684380043178553
0.00023467932587271538
0.0002468775211032626
0.00018576398086048873
4.101377823309918e-5
0.00010225548498842959
0.00013335339145568396
0.00023298071159398844
0.00035628304222182336
0.0
0.0
0.0
0.0
0.0
0.0
0.0
0.0
0.0
9.609748115296404e-7
2.1330387629351504e-7
0.0
0.0
0.0
0.0
0.0
0.0
0.0
0.0
0.0
0.0
0.0
0.0
0.0
0.0
0.0
0.0
9.079275198799076e-6
1.129319967603662e-5
1.8259011092104217e-5
2.2760407551244325e-5
3.849692808216913e-5
5.461166247340715e-5
6.449846687585553e-5
1.902746828155875e-5
1.5291646118046395e-5
4.507850748923265e-6
0.0
0.0
0.0
0.0
0.0
0.0
0.0
0.0
0.0
0.0
0.0
0.0
0.0
3.5369291045953635e-6
1.4099814609990125e-5
2.9235998834697512e-5
3.896275822335546e-5
6.430480514231473e-5
8.183195330121268e-5
0.00010771057008212502
0.00334538128568828
0.002183003335058587
0.0013584819856534284
0.0009216752891533788
0.0007180990745954838
0.00047209669567978003
0.0003302129398563014
0.0002992989363246867
0.00024486818479019966
0.00015620781041343146
4.7846078488869364e-5
0.00012002969063306784
0.00019343590166312174
0.000306639324108374
0.00038837953568780266
0.0
0.0
0.0
0.0
0.0
0.0
0.0
0.0
9.288515601204247e-6
0.0026554595085206438
0.001818157657581817
0.0010391346791675028
0.0007828042543976027
0.0006060389907118725
0.00041491879884338073
0.00028166554240472065
0.00023676941609484782
0.00018855514424236987
0.0001337117269428653
3.890745308938802e-5
8.063247395875544e-5
0.000119131167661041
0.00023439033586628952
0.00029326079249699657
0.0
0.0
0.0
0.0
0.0
0.0
0.0
0.0
0.0
0.0024583249856678703
0.0017642038244654417
0.0010287130272008096
0.0006721136954055959
0.00041877472223613365
0.0002176186499013305
0.00014361793325934236
8.388054360255804e-5
2.0467734953731357e-5
1.364137305951803e-5
1.0897146903936489e-5
1.2660219399772217e-5
5.0537041772326e-5
8.80694075868003e-5
0.0001303778036963271
0.0
0.0
0.0
0.0
0.0
0.0
0.0
0.0
0.0
0.002154248563788065
0.0014289944033865868
0.0006831106948341619
0.0004321929153851785
0.0002757959570744299
0.00012226469707738897
2.1661163144902537e-5
2.966681030955229e-8
0.0
0.0
1.5242768841825228e-8
0.0
2.6078262187478766e-6
3.39179092944708e-5
9.157500778677763e-5
0.0
0.0
0.0
0.0
0.0
0.0
0.0
0.0
0.0
0.0020392222552530754
0.001203917252322125
0.0005467767477943544
0.0002932927634853922
0.00014515416877765663
1.4571980479625385e-5
0.0
4.416221845996891e-9
0.0
0.0
1.6142222856551905e-8
0.0
0.0
1.1274256877167592e-6
3.560572220371567e-5
0.0
0.0
0.0
0.0
0.0
0.0
0.0
0.0
0.0
0.0
0.0
0.0
0.0
0.0
0.0
0.0
0.0
0.0
0.0
0.0
0.0
0.0
0.0
0.0
0.0
0.0
0.0
0.0
0.0
0.0
0.0
0.0
0.0
0.0
0.0
0.0
0.0
0.0
0.0
0.0
0.0
0.0
0.0
0.0
0.0
0.0
0.0
0.0
0.0
0.0
0.0
0.0
0.0
0.0
0.0
0.0
0.0
0.0016788794217348461
0.0009783740859715439
0.0004141180387046138
0.0002532308069245049
9.78084371372772e-5
5.371249168344852e-7
0.0
4.605875692946973e-9
0.0
0.0
1.3335350097885945e-8
0.0
0.0
0.0
5.676576899162871e-6
0.0
0.0
0.0
0.0
0.0
0.0
0.0
0.0
0.0
0.0008213352245214558
0.000546904816256205
0.00021336243802753358
8.69674379925143e-5
6.4057736629355e-6
1.8242309024221196e-8
0.0
1.3401244882883746e-8
0.0
0.0
1.7511495091672827e-8
0.0
1.1594670805391924e-5
5.460722362227544e-5
0.00011320319295425195
0.0
0.0
0.0
0.0
0.0
0.0
0.0
0.0
0.0
0.0020490038037642502
0.0012194456557914066
0.0007846525445377047
0.0006504882224763651
0.000518478531704055
0.0004238121712017038
0.0002928081516467708
0.00022186736347398298
0.00017525211113373525
0.0001069888424410581
3.306964237976309e-5
8.808298850217644e-5
0.0001268657504091577
0.0001525306298418123
0.00020228666147502434
0.0
0.0
0.0
0.0
0.0
0.0
0.0
0.0
0.0
0.001691842691316021
0.0011623405621140391
0.0007105290965248407
0.0005041168080493414
0.0003757107326463386
0.0002082443078077055
0.0001249421448597673
9.740186659497246e-5
2.9849158170064626e-5
9.35555660532307e-6
7.4912509187294154e-6
1.1462053141152511e-5
3.9640063418398035e-5
8.796605307943964e-5
0.00013558467352946748
0.0
0.0
0.0
0.0
0.0
0.0
0.0
0.0
0.0
0.001288238447316162
0.0007638486922503074
0.0002701910055357181
0.0001159228485216798
4.6532651059834255e-6
0.0
0.0
1.3388948867436786e-8
0.0
0.0
1.4686652209792491e-8
0.0
0.0
0.0
1.1769109141022231e-5
0.0
0.0
0.0
0.0
0.0
0.0
0.0
0.0
0.0
0.0
0.0
0.0
0.0
0.0
0.0
0.0
0.0
0.0
0.0
0.0
0.0
0.0
0.0
0.0
0.0
0.0
0.0
0.0
0.0
0.0
0.0
0.0
0.0
0.0
0.0
0.0
0.0
0.0
0.0
0.0
0.0
0.0
0.0
0.0
0.0
0.0
0.0
0.0
0.0
0.0
0.0
0.0
0.0
0.0
0.0
0.0
0.0
0.000794854573408984
0.00048789462644610923
0.00018172999679455667
7.650303299678656e-5
3.5885793332656907e-6
1.7174554990118253e-8
0.0
3.192915484536537e-8
0.0
0.0
1.3726135325395618e-8
0.0
0.0
0.0
0.0
0.0
0.0
0.0
0.0
0.0
0.0
0.0
0.0
0.0
0.0011396833571525227
0.0007214305203379096
0.00018087460789401052
1.1952408837825128e-5
0.0
0.0
0.0
1.3315417329353241e-8
0.0
0.0
1.451506059038683e-8
0.0
0.0
0.0
0.0
0.0
0.0
0.0
0.0
0.0
0.0
0.0
0.0
0.0
0.0008820240355124524
0.00047202300722228355
6.46196703318534e-5
0.0
0.0
0.0
0.0
1.3591626746859893e-8
0.0
0.0
1.4323730543666787e-8
0.0
0.0
0.0
0.0
0.0
0.0
0.0
0.0
0.0
0.0
0.0
0.0
0.0
0.0006528570739394143
0.000392787980073394
4.4173560516905736e-5
0.0
0.0
0.0
0.0
1.5179763462955484e-8
0.0
0.0
1.8744672905107857e-8
0.0
1.6289535089620863e-5
0.0001177306249489201
0.0002885508926864748
0.0
0.0
0.0
0.0
0.0
0.0
0.0
0.0
0.0
0.0016175027673345536
0.0009769386474363158
0.0004511382426083665
0.0002033222707192699
6.422932519859015e-5
2.4263808903716494e-6
0.0
2.9810246886955614e-8
0.0
0.0
1.3972621742651309e-8
0.0
0.0
0.0
0.0
0.0
0.0
0.0
0.0
0.0
0.0
0.0
0.0
0.0
0.0
0.0
0.0
0.0
0.0
0.0
0.0
0.0
0.0
0.0
0.0
0.0
0.0
0.0
0.0
0.0
0.0
0.0
0.0
0.0
0.0
0.0
0.0
0.0
0.0
0.0
0.0
0.0
0.0
0.0
0.0
0.0
0.0
0.0
0.0
0.0
0.0
0.0
0.0
0.0
0.0
0.0
0.0
0.0
0.0
0.0
0.0
0.0
0.0004213430931332913
0.00021862338388828123
2.086975060526638e-6
0.0
0.0
0.0
0.0
1.2933159051143929e-8
0.0
0.0
1.4254544191929317e-8
0.0
0.0
0.0
0.0
0.0
0.0
0.0
0.0
0.0
0.0
0.0
0.0
0.0
0.0004762294769737657
0.000251262136874441
1.5155873857616146e-6
0.0
0.0
0.0
0.0
1.3790517134276934e-8
0.0
0.0
1.3801279350888171e-8
0.0
0.0
0.0
0.0
0.0
0.0
0.0
0.0
0.0
0.0
0.0
0.0
0.0
5.4352784599080114e-5
1.4230100429282618e-5
0.0
0.0
0.0
0.0
0.0
1.3889741490231416e-8
0.0
0.0
1.4504520982126557e-8
0.0
0.0
0.0
0.0
0.0
0.0
0.0
0.0
0.0
0.0
0.0
0.0
0.0
0.0007122215662288464
0.0004891573845509311
0.00018389080827830667
0.00010765508073949748
2.3738396003701377e-5
1.5648062024322153e-8
0.0
1.3439678833034419e-8
0.0
0.0
1.4474383691322618e-8
0.0
0.0
0.0
1.555223187563345e-5
0.0
0.0
0.0
0.0
0.0
0.0
0.0
0.0
0.0
0.0010327275825544892
0.000556004417799562
0.00019923292451904905
5.127608081629255e-5
0.0
1.5495354817779607e-8
0.0
0.0
0.0
0.0
1.3375367931254578e-8
0.0
0.0
0.0
0.0
0.0
0.0
0.0
0.0
0.0
0.0
0.0
0.0
0.0
0.0
0.0
0.0
0.0
0.0
0.0
0.0
0.0
0.0
0.0
0.0
0.0
0.0
0.0
0.0
0.0
0.0
0.0
0.0
0.0
0.0
0.0
0.0
0.0
0.0
0.0
0.0
0.0
0.0
0.0
0.0
0.0
0.0
0.0
0.0
0.0
0.0
0.0
0.0
0.0
0.0
0.0
0.0
0.0
0.0
0.0
0.0
0.0
0.001352087209149296
0.0007458242139988677
0.00021983875008333773
6.904518427053583e-5
0.0
1.6482274265178973e-8
0.0
1.3189950833552138e-8
0.0
0.0
1.3904138295008136e-8
0.0
0.0
0.0
1.3117680888433251e-5
0.0
0.0
0.0
0.0
0.0
0.0
0.0
0.0
0.0
0.000543209315811261
0.0003679654544940767
0.0001370875396415151
3.2846444775804264e-5
0.0
1.5939748314893675e-8
0.0
1.3974285612741599e-8
0.0
0.0
1.4848287044854514e-8
0.0
0.0
0.0
2.929896997509126e-6
0.0
0.0
0.0
0.0
0.0
0.0
0.0
0.0
0.0
0.0010982754495648692
0.0005168694240337662
7.28007496467597e-5
0.0
0.0
0.0
0.0
1.3610812311004745e-8
0.0
0.0
1.3824505055200245e-8
0.0
0.0
0.0
0.0
0.0
0.0
0.0
0.0
0.0
0.0
0.0
0.0
0.0
0.0005931864901739472
0.0003444963789084645
6.12557262086586e-6
0.0
0.0
0.0
0.0
1.3646836189530058e-8
0.0
0.0
1.3316417947565783e-8
0.0
0.0
0.0
0.0
0.0
0.0
0.0
0.0
0.0
0.0
0.0
0.0
0.0
0.00017069408230865963
1.4668449924077798e-5
5.943349097453995e-9
0.0
0.0
0.0
0.0
0.0
0.0
0.0
1.338263017084034e-8
0.0
0.0
0.0
0.0
0.0
0.0
0.0
0.0
0.0
0.0
0.0
0.0
0.0
0.0
0.0
0.0
0.0
0.0
0.0
0.0
0.0
0.0
0.0
0.0
0.0
0.0
0.0
0.0
0.0
0.0
0.0
0.0
0.0
0.0
0.0
0.0
0.0
0.0
0.0
0.0
0.0
0.0
0.0
0.0
0.0
0.0
0.0
0.0
0.0
0.0
0.0
0.0
0.0
0.0
0.0
0.0
0.0
0.0
0.0
0.0
0.0
1.2924088801145816e-5
0.0
6.5345621855691564e-9
0.0
0.0
0.0
0.0
1.3619896051661483e-8
0.0
0.0
1.3915395596320371e-8
0.0
0.0
0.0
0.0
0.0
0.0
0.0
0.0
0.0
0.0
0.0
0.0
0.0
0.0002183797879923592
0.00010061314015528292
6.23100446494925e-9
0.0
0.0
0.0
0.0
1.4197421376886162e-8
0.0
0.0
1.3892404559559975e-8
0.0
0.0
0.0
0.0
0.0
0.0
0.0
0.0
0.0
0.0
0.0
0.0
0.0
0.0004217725871009372
0.0002829719667171815
6.591116624433721e-5
8.729226721107171e-7
0.0
0.0
0.0
1.4015539684792652e-8
0.0
0.0
1.4148948633169092e-8
0.0
0.0
0.0
4.383756139087089e-6
0.0
0.0
0.0
0.0
0.0
0.0
0.0
0.0
0.0
0.00119996589167427
0.0004980322501141573
8.97345491779073e-5
9.623645873895567e-7
0.0
0.0
0.0
1.3473757934498075e-8
0.0
0.0
1.3328337427162329e-8
0.0
0.0
0.0
0.0
0.0
0.0
0.0
0.0
0.0
0.0
0.0
0.0
0.0
0.0004157439386662465
0.00010676689938512715
7.384339234283592e-9
0.0
0.0
0.0
0.0
1.0778287580953061e-8
0.0
0.0
1.3950176761312916e-8
0.0
0.0
0.0
0.0
0.0
0.0
0.0
0.0
0.0
0.0
0.0
0.0
0.0
0.0
0.0
0.0
0.0
0.0
0.0
0.0
0.0
0.0
0.0
0.0
0.0
0.0
0.0
0.0
0.0
0.0
0.0
0.0
0.0
0.0
0.0
0.0
0.0
0.0
0.0
0.0
0.0
0.0
0.0
0.0
0.0
0.0
0.0
0.0
0.0
0.0
0.0
0.0
0.0
0.0
0.0
0.0
0.0
0.0
0.0
0.0
0.0
7.456971255031203e-5
7.686758966665498e-6
8.010128784747944e-9
0.0
0.0
0.0
0.0
0.0
0.0
0.0
1.377428742253926e-8
0.0
0.0
0.0
0.0
0.0
0.0
0.0
0.0
0.0
0.0
0.0
0.0
0.0
3.343042501915555e-5
1.0301599577631587e-8
0.0
0.0
0.0
0.0
0.0
0.0
0.0
0.0
1.3188749490817663e-8
0.0
0.0
0.0
0.0
0.0
0.0
0.0
0.0
0.0
0.0
0.0
0.0
0.0
1.746864792347408e-8
0.0
0.0
0.0
0.0
0.0
0.0
0.0
0.0
0.0
1.2517980453299697e-8
0.0
0.0
0.0
0.0
0.0
0.0
0.0
0.0
0.0
0.0
0.0
0.0
0.0
0.0
0.0
0.0
0.0
0.0
0.0
0.0
0.0
0.0
0.0
1.24314237841824e-8
0.0
0.0
0.0
0.0
0.0
0.0
0.0
0.0
0.0
0.0
0.0
0.0
0.0
0.0
0.0
0.0
0.0
0.0
0.0
0.0
0.0
0.0
0.0
1.2619124402643415e-8
0.0
0.0
0.0
0.0
0.0
0.0
0.0
0.0
0.0
0.0
0.0
0.0
0.0
0.0
0.0
0.0
0.0
0.0
0.0
0.0
0.0
0.0
0.0
0.0
0.0
0.0
0.0
0.0
0.0
0.0
0.0
0.0
0.0
0.0
0.0
0.0
0.0
0.0
0.0
0.0
0.0
0.0
0.0
0.0
0.0
0.0
0.0
0.0
0.0
0.0
0.0
0.0
0.0
0.0
0.0
0.0
0.0
0.0
0.0
0.0
0.0
0.0
0.0
0.0
0.0
0.0
0.0
0.0
0.0
0.0
0.0
8.920807776469707e-9
0.0
0.0
0.0
0.0
0.0
0.0
0.0
0.0
0.0
0.0
0.0
0.0
0.0
0.0
0.0
0.0
0.0
0.0
0.0
0.0
0.0
0.0
0.0
1.3745235672021037e-8
0.0
0.0
0.0
0.0
0.0
0.0
0.0
0.0
0.0
0.0
0.0
0.0
0.0
6.675794334425044e-5
1.033638732150485e-5
0.0
0.0
0.0
0.0
0.0
1.4215992287981791e-8
0.0
0.0
1.3946096240716547e-8
0.0
0.0
0.0
0.0
0.0
0.0
0.0
0.0
0.0
0.0
0.0
0.0
0.0
0.0007172677033949545
0.000457512923357502
0.00018423208973372844
7.767620746908294e-5
2.3105784303736465e-5
1.0284102900800855e-6
0.0
1.5251017921841079e-6
3.519329256683623e-5
3.1795426640261276e-5
1.1994310215978528e-5
1.2182953815664844e-5
2.6073127764313383e-5
5.00825352830231e-5
8.467474529217227e-5
0.0
0.0
0.0
0.0
0.0
0.0
0.0
0.0
0.0
0.0008818993680115195
0.0004233349039905614
4.277637261782939e-5
0.0
0.0
0.0
0.0
1.466559722402616e-8
0.0
0.0
1.3991637595808688e-8
0.0
0.0
0.0
0.0
0.0
0.0
0.0
0.0
0.0
0.0
0.0
0.0
0.0
0.0
0.0
0.0
0.0
0.0
0.0
0.0
0.0
0.0
0.0
0.0
0.0
0.0
0.0
0.0
0.0
0.0
0.0
0.0
0.0
0.0
0.0
0.0
0.0
0.0
0.0
0.0
0.0
0.0
0.0
0.0
0.0
0.0
0.0
0.0
0.0
0.0
0.0
0.0
0.0
0.0
0.0
0.0
0.0
0.0
0.0
0.0
0.0
0.00032525060090245336
0.00015735952375290604
7.605815988636841e-9
0.0
0.0
0.0
0.0
1.6058877143119715e-8
0.0
0.0
1.413522515873255e-8
0.0
0.0
0.0
0.0
0.0
0.0
0.0
0.0
0.0
0.0
0.0
0.0
0.0
0.00014688260873045033
1.9527982256921685e-5
6.5948352899457546e-9
0.0
0.0
0.0
0.0
1.3635872049966997e-8
0.0
0.0
1.3445805056798028e-8
0.0
0.0
0.0
0.0
0.0
0.0
0.0
0.0
0.0
0.0
0.0
0.0
0.0
1.9356309456375027e-5
9.733544703084431e-9
0.0
0.0
0.0
0.0
0.0
0.0
0.0
0.0
1.3094392711802262e-8
0.0
0.0
0.0
0.0
0.0
0.0
0.0
0.0
0.0
0.0
0.0
0.0
0.0
0.0
0.0
0.0
0.0
0.0
0.0
0.0
0.0
0.0
0.0
1.306499526835828e-8
0.0
0.0
0.0
0.0
0.0
0.0
0.0
0.0
0.0
0.0
0.0
0.0
0.0
1.805309480130026e-8
0.0
0.0
0.0
0.0
0.0
0.0
0.0
0.0
0.0
1.309588271385142e-8
0.0
0.0
0.0
0.0
0.0
0.0
0.0
0.0
0.0
0.0
0.0
0.0
0.0
0.0
0.0
0.0
0.0
0.0
0.0
0.0
0.0
0.0
0.0
0.0
0.0
0.0
0.0
0.0
0.0
0.0
0.0
0.0
0.0
0.0
0.0
0.0
0.0
0.0
0.0
0.0
0.0
0.0
0.0
0.0
0.0
0.0
0.0
0.0
0.0
0.0
0.0
0.0
0.0
0.0
0.0
0.0
0.0
0.0
0.0
0.0
0.0
0.0
0.0
0.0
0.0
0.0
0.0
0.0
0.0
0.0
0.0
1.2909427326458171e-8
0.0
0.0
0.0
0.0
0.0
0.0
0.0
0.0
0.0
0.0
0.0
0.0
0.0
0.0
0.0
0.0
0.0
0.0
0.0
0.0
0.0
0.0
0.0
1.3569664857601226e-8
0.0
0.0
0.0
0.0
0.0
0.0
0.0
0.0
0.0
0.0
0.0
0.0
0.0
3.195990745085169e-8
9.326339821022896e-9
0.0
0.0
0.0
0.0
0.0
0.0
0.0
0.0
1.3106517788703363e-8
0.0
0.0
0.0
0.0
0.0
0.0
0.0
0.0
0.0
0.0
0.0
0.0
0.0
6.57748627382487e-5
1.021700774679286e-8
0.0
0.0
0.0
0.0
0.0
0.0
0.0
0.0
1.3716721825104874e-8
0.0
0.0
0.0
0.0
0.0
0.0
0.0
0.0
0.0
0.0
0.0
0.0
0.0
1.0261645094598217e-8
0.0
0.0
0.0
0.0
0.0
0.0
0.0
0.0
0.0
1.3022761429942423e-8
0.0
0.0
0.0
0.0
0.0
0.0
0.0
0.0
0.0
0.0
0.0
0.0
0.0
0.0
0.0
0.0
0.0
0.0
0.0
0.0
0.0
0.0
0.0
0.0
0.0
0.0
0.0
0.0
0.0
0.0
0.0
0.0
0.0
0.0
0.0
0.0
0.0
0.0
0.0
0.0
0.0
0.0
0.0
0.0
0.0
0.0
0.0
0.0
0.0
0.0
0.0
0.0
0.0
0.0
0.0
0.0
0.0
0.0
0.0
0.0
0.0
0.0
0.0
0.0
0.0
0.0
0.0
0.0
0.0
0.0
0.0
0.0
0.0
0.0
0.0
0.0
0.0
0.0
0.0
0.0
0.0
0.0
0.0
0.0
0.0
0.00015780652594891514
4.3461529089068174e-5
6.057865148250189e-9
0.0
0.0
0.0
0.0
1.4760373990297702e-8
0.0
0.0
1.3534440993441749e-8
0.0
0.0
0.0
0.0
0.0
0.0
0.0
0.0
0.0
0.0
0.0
0.0
0.0
0.00015139672217434022
3.842595448448155e-6
6.444616011358888e-9
0.0
0.0
0.0
0.0
1.3221003795528158e-8
0.0
0.0
1.3875759462869814e-8
0.0
0.0
0.0
0.0
0.0
0.0
0.0
0.0
0.0
0.0
0.0
0.0
0.0
1.5498787940726903e-5
1.0263087816923962e-8
0.0
0.0
0.0
0.0
0.0
0.0
0.0
0.0
1.3277348113847598e-8
0.0
0.0
0.0
0.0
0.0
0.0
0.0
0.0
0.0
0.0
0.0
0.0
0.0
1.717928341603191e-8
0.0
0.0
0.0
0.0
0.0
0.0
0.0
0.0
0.0
1.2971801411580414e-8
0.0
0.0
0.0
0.0
0.0
0.0
0.0
0.0
0.0
0.0
0.0
0.0
0.0
0.0
0.0
0.0
0.0
0.0
0.0
0.0
0.0
0.0
0.0
0.0
0.0
0.0
0.0
0.0
0.0
0.0
0.0
0.0
0.0
0.0
0.0
0.0
0.0
0.0
0.0
0.0
0.0
0.0
0.0
0.0
0.0
0.0
0.0
0.0
0.0
0.0
0.0
0.0
0.0
0.0
0.0
0.0
0.0
0.0
0.0
0.0
0.0
0.0
0.0
0.0
0.0
0.0
0.0
0.0
0.0
0.0
0.0
1.4073836744739018e-8
0.0
0.0
0.0
0.0
0.0
0.0
0.0
0.0
0.0
0.0
0.0
0.0
0.0
0.00015229005993973535
4.285395143672488e-5
6.191993516582763e-9
0.0
0.0
0.0
0.0
1.4379153469143693e-8
0.0
0.0
1.3621615224297465e-8
0.0
0.0
0.0
0.0
0.0
0.0
0.0
0.0
0.0
0.0
0.0
0.0
0.0
0.00028567919739633767
0.0001004023216911994
6.305547848203069e-9
0.0
0.0
0.0
0.0
1.3976258665258333e-8
0.0
0.0
1.3887940861814254e-8
0.0
0.0
0.0
0.0
0.0
0.0
0.0
0.0
0.0
0.0
0.0
0.0
0.0
0.00013482124493932281
6.4710722249047614e-6
6.15514639579018e-9
0.0
0.0
0.0
0.0
1.1431374746772273e-8
0.0
0.0
1.290681359665439e-8
0.0
0.0
0.0
0.0
0.0
0.0
0.0
0.0
0.0
0.0
0.0
0.0
0.0
4.209901501228546e-5
1.1141986108445036e-8
0.0
0.0
0.0
0.0
0.0
0.0
0.0
0.0
1.2991162187838803e-8
0.0
0.0
0.0
0.0
0.0
0.0
0.0
0.0
0.0
0.0
0.0
0.0
0.0
0.0
0.0
0.0
0.0
0.0
0.0
0.0
0.0
0.0
0.0
0.0
0.0
0.0
0.0
0.0
0.0
0.0
0.0
0.0
0.0
0.0
0.0
0.0
0.0
0.0
0.0
0.0
0.0
0.0
0.0
0.0
0.0
0.0
0.0
0.0
0.0
0.0
0.0
0.0
0.0
0.0
0.0
0.0
0.0
0.0
0.0
0.0
0.0
0.0
0.0
0.0
0.0
0.0
0.0
0.0
0.0
0.0
0.0
1.2882122012855796e-8
0.0
0.0
0.0
0.0
0.0
0.0
0.0
0.0
0.0
0.0
0.0
0.0
0.0
0.0
0.0
0.0
0.0
0.0
0.0
0.0
0.0
0.0
0.0
1.289106996890994e-8
0.0
0.0
0.0
0.0
0.0
0.0
0.0
0.0
0.0
0.0
0.0
0.0
0.0
0.0
0.0
0.0
0.0
0.0
0.0
0.0
0.0
0.0
0.0
9.291170664355385e-9
0.0
0.0
0.0
0.0
0.0
0.0
0.0
0.0
0.0
0.0
0.0
0.0
0.0
0.0
0.0
0.0
0.0
0.0
0.0
0.0
0.0
0.0
0.0
0.0
0.0
0.0
0.0
0.0
0.0
0.0
0.0
0.0
0.0
0.0
0.0
0.0
0.0
0.0
0.0
0.0
0.0
0.0
0.0
0.0
0.0
0.0
0.0
0.0
0.0
0.0
0.0
0.0
0.0
0.0
0.0
0.0
0.0
0.0
0.0
0.0
0.0
0.0
0.0
0.0
0.0
0.0
0.0
0.0
0.0
0.0
0.0
0.0
0.0
0.0
0.0
0.0
0.0
0.0
0.0
0.0
0.0
0.0
0.0
0.0
0.0
0.0
0.0
0.0
0.0
0.0
0.0
0.0
0.0
0.0
0.0
0.0
0.0
0.0
0.0
0.0
0.0
0.0
0.0
0.0
0.0
0.0
0.0
0.0
0.0
0.0
0.0
0.0
0.0
0.0
0.0
0.0
0.0
0.0
0.0
0.0
0.0
0.0
0.0
0.0
0.0
0.0
0.0
0.0
0.0
0.0
0.0
0.0
0.0
0.0
0.0
0.0
0.0
0.0
0.0
0.0
0.0
0.0
0.0
0.0
0.0
0.0
0.0
0.0
0.0
0.0
0.0
0.0
0.0
0.0
0.0
0.0
0.0
0.0
0.0
0.0
0.0
0.0
0.0
0.0
0.0
0.0
0.0
0.0
0.0
0.0
0.0
0.0
0.0
0.0
0.0
0.0
0.0
0.0
0.0
0.0
0.0
0.0
0.0
0.0
0.0
0.0
0.0
0.0
0.0
0.0
0.0
0.0
0.0
0.0
0.0
0.0
0.0
0.0
0.0
0.0
0.0
0.0
0.0
0.0
0.0
0.0
0.0
0.0
0.0
0.0
0.0
0.0
0.0
0.0
0.0
0.0
0.0
0.0
0.0
0.0
0.0
0.0
0.0
0.0
0.0
0.0
0.0
0.0
0.0
0.0
0.0
0.0
0.0
0.0
0.0
0.0
0.0
0.0
0.0
0.0
0.0
0.0
0.0
0.0
0.0
0.0
0.0
0.0
0.0
0.0
0.0
0.0
0.0
0.0
0.0
0.0
0.0
0.0
0.0
0.0
0.0
0.0
0.0
0.0
0.0
0.0
0.0
0.0
0.0
0.0
0.0
0.0
0.0
0.0
0.0
0.0
0.0
0.0
0.0
0.0
0.0
0.0
0.0
0.0
0.0
0.0
0.0
0.0
0.0
0.0
0.0
0.0
0.0
0.0
0.0
0.0
0.0
0.0
0.0
0.0
0.0
0.0
0.0
0.0
0.0
0.0
0.0
0.0
0.0
0.0
0.0
0.0
0.0
0.0
0.0
0.0
0.0
0.0
0.0
0.0
0.0
0.0
0.0
0.0
0.0
0.0
0.0
0.0
0.0
0.0
0.0
0.0
0.0
0.0
0.0
0.0
0.0
0.0
0.0
0.0
0.0
0.0
0.0
0.0
0.0
0.0
0.0
0.0
0.0
0.0
0.0
0.0
0.0
0.0
0.0
0.0
0.0
0.0
0.0
0.0
0.0
0.0
0.0
0.0
0.0
0.0
0.0
0.0
0.0
0.0
0.0
0.0
0.0
0.0
0.0
0.0
0.0
0.0
0.0
0.0
0.0
0.0
0.0
0.0
0.0
0.0
0.0
0.0
0.0
0.0
0.0
0.0
0.0
0.0
0.0
0.0
0.0
0.0
0.0
0.0
0.0
0.0
0.0
0.0
0.0
0.0
0.0
0.0
0.0
0.0
0.0
0.0
0.0
0.0
0.0
0.0
0.0
0.0
0.0
0.0
0.0
0.0
0.0
0.0
0.0
0.0
0.0
0.0
0.0
0.0
0.0
0.0
0.0
0.0
0.0
0.0
0.0
0.0
0.0
0.0
0.0
0.0
0.0
0.0
0.0
0.0
1.8661738094999732e-8
0.0
0.0
0.0
0.0
0.0
0.0
0.0
0.0
0.0
0.0
0.0
0.0
0.0
0.0
0.0
0.0
0.0
0.0
0.0
0.0
0.0
0.0
0.0
0.0
0.0
0.0
0.0
0.0
0.0
0.0
0.0
0.0
0.0
0.0
0.0
0.0
0.0
0.0
0.0
0.0
0.0
0.0
0.0
0.0
0.0
0.0
0.0
3.4226160091483995e-8
0.0
0.0
0.0
0.0
0.0
0.0
0.0
0.0
0.0
0.0
0.0
0.0
0.0
0.0
0.0
0.0
0.0
0.0
0.0
0.0
0.0
0.0
1.7461232854949596e-8
4.5181587980593795e-8
0.0
0.0
0.0
0.0
0.0
2.319119631418832e-8
0.0
0.0
0.0
0.0
0.0
0.0
0.0
0.0
0.0
0.0
0.0
0.0
0.0
0.0
0.0
0.0
1.8128334218482616e-8
4.4470001053729216e-8
0.0
0.0
0.0
0.0
0.0
2.2818319615590438e-8
0.0
0.0
0.0
0.0
2.240671091982645e-8
0.0
0.0
0.0
0.0
0.0
0.0
0.0
0.0
0.0
0.0
0.0
0.0
0.0
0.0
0.0
0.0
0.0
0.0
0.0
0.0
0.0
0.0
0.0
0.0
0.0
0.0
0.0
0.0
0.0
0.0
0.0
0.0
0.0
0.0
0.0
0.0
0.0
0.0
0.0
0.0
0.0
0.0
0.0
0.0
0.0
0.0
0.0
0.0
0.0
0.0
0.0
0.0
0.0
0.0
0.0
0.0
0.0
0.0
0.0
0.0
1.0046708833755481e-8
0.0
0.0
0.0
0.0
0.0
2.189794023277958e-8
0.0
0.0
0.0
0.0
0.0
0.0
0.0
0.0
0.0
0.0
0.0
0.0
0.0
0.0
0.0
0.0
9.017645055672231e-9
1.880677393130998e-8
0.0
0.0
0.0
0.0
0.0
2.2429142331443133e-8
0.0
0.0
0.0
0.0
0.0
0.0
0.0
0.0
0.0
0.0
0.0
0.0
0.0
0.0
0.0
0.0
1.594164147624602e-8
1.6101449587912397e-8
0.0
0.0
0.0
0.0
0.0
0.0
0.0
0.0
0.0
0.0
0.0
0.0
0.0
0.0
0.0
0.0
0.0
0.0
0.0
0.0
0.0
0.0
0.0
4.157344702379194e-8
0.0
0.0
0.0
0.0
0.0
0.0
0.0
0.0
0.0
0.0
0.0
0.0
0.0
0.0
0.0
0.0
0.0
0.0
0.0
0.0
0.0
0.0
1.6846274622230706e-8
4.231127974821101e-8
0.0
0.0
0.0
0.0
0.0
0.0
0.0
0.0
0.0
0.0
0.0
0.0
0.0
0.0
0.0
0.0
0.0
0.0
0.0
0.0
0.0
0.0
0.0
0.0
0.0
0.0
0.0
0.0
0.0
0.0
0.0
0.0
0.0
0.0
0.0
0.0
0.0
0.0
0.0
0.0
0.0
0.0
0.0
0.0
0.0
0.0
0.0
0.0
0.0
0.0
0.0
0.0
0.0
0.0
0.0
0.0
0.0
0.0
0.0
0.0
0.0
0.0
0.0
0.0
0.0
0.0
0.0
0.0
0.0
0.0
2.0119549909672727e-8
1.967029671279933e-8
0.0
0.0
0.0
0.0
0.0
0.0
0.0
0.0
0.0
0.0
0.0
0.0
0.0
0.0
0.0
0.0
0.0
0.0
0.0
0.0
0.0
0.0
1.920697426117812e-8
1.9194279289254998e-8
0.0
0.0
0.0
0.0
0.0
0.0
0.0
0.0
0.0
0.0
0.0
0.0
0.0
0.0
0.0
0.0
0.0
0.0
0.0
0.0
0.0
0.0
1.739693620116949e-8
1.7344976359386977e-8
0.0
0.0
0.0
0.0
0.0
2.320519885217804e-8
0.0
0.0
0.0
0.0
0.0
0.0
0.0
0.0
0.0
0.0
0.0
0.0
0.0
0.0
0.0
0.0
0.0
4.001136588363525e-9
0.0
0.0
0.0
0.0
0.0
2.250053338220701e-8
0.0
0.0
0.0
0.0
0.0
0.0
0.0
0.0
0.0
0.0
0.0
0.0
0.0
0.0
0.0
0.0
0.0
0.0
0.0
0.0
0.0
0.0
0.0
2.356315369638988e-8
0.0
0.0
0.0
0.0
0.0
0.0
0.0
0.0
0.0
0.0
0.0
0.0
0.0
0.0
0.0
0.0
0.0
0.0
0.0
0.0
0.0
0.0
0.0
0.0
0.0
0.0
0.0
0.0
0.0
0.0
0.0
0.0
0.0
0.0
0.0
0.0
0.0
0.0
0.0
0.0
0.0
0.0
0.0
0.0
0.0
0.0
0.0
0.0
0.0
0.0
0.0
0.0
0.0
0.0
0.0
0.0
0.0
0.0
0.0
0.0
0.0
0.0
0.0
0.0
1.322716906397094e-8
1.6506153147067573e-8
0.0
0.0
0.0
0.0
0.0
2.3035736534746462e-8
0.0
0.0
0.0
0.0
0.0
0.0
0.0
0.0
0.0
0.0
0.0
0.0
0.0
0.0
0.0
0.0
1.7027908518139612e-8
1.91623171184736e-8
0.0
0.0
0.0
0.0
0.0
2.2731461071140016e-8
0.0
0.0
0.0
0.0
0.0
0.0
0.0
0.0
0.0
0.0
0.0
0.0
0.0
0.0
0.0
0.0
1.3965756928214639e-8
1.7969094170903714e-8
0.0
0.0
0.0
0.0
0.0
2.295712583443107e-8
0.0
0.0
0.0
0.0
0.0
0.0
0.0
0.0
0.0
0.0
0.0
0.0
0.0
0.0
0.0
0.0
1.4399618286449131e-8
1.8594114562410525e-8
0.0
0.0
0.0
0.0
0.0
0.0
0.0
0.0
0.0
0.0
0.0
0.0
0.0
0.0
0.0
0.0
0.0
0.0
0.0
0.0
0.0
0.0
1.888105875747753e-8
1.9001414445007664e-8
0.0
0.0
0.0
0.0
0.0
0.0
0.0
0.0
0.0
0.0
0.0
0.0
0.0
0.0
0.0
0.0
0.0
0.0
0.0
0.0
0.0
0.0
0.0
0.0
0.0
0.0
0.0
0.0
0.0
0.0
0.0
0.0
0.0
0.0
0.0
0.0
0.0
0.0
0.0
0.0
0.0
0.0
0.0
0.0
0.0
0.0
0.0
0.0
0.0
0.0
0.0
0.0
0.0
0.0
0.0
0.0
0.0
0.0
0.0
0.0
0.0
0.0
0.0
0.0
0.0
0.0
0.0
0.0
0.0
0.0
1.979589981296236e-8
2.042461821371056e-8
0.0
0.0
0.0
0.0
0.0
2.1584131991819206e-8
0.0
0.0
0.0
0.0
0.0
0.0
0.0
0.0
0.0
0.0
0.0
0.0
0.0
0.0
0.0
0.0
1.6176811477970957e-8
1.884309509950963e-8
0.0
0.0
0.0
0.0
0.0
1.8306904969219997e-8
0.0
0.0
0.0
0.0
0.0
0.0
0.0
0.0
0.0
0.0
0.0
0.0
0.0
0.0
0.0
0.0
1.8324446200178392e-8
3.519581435459735e-8
0.0
0.0
0.0
0.0
0.0
1.9503804325164855e-8
0.0
0.0
0.0
0.0
0.0
0.0
0.0
0.0
0.0
0.0
0.0
0.0
0.0
0.0
0.0
0.0
1.8920625228029856e-8
3.455595752596225e-8
0.0
0.0
0.0
0.0
0.0
0.0
0.0
0.0
0.0
0.0
0.0
0.0
0.0
0.0
0.0
0.0
0.0
0.0
0.0
0.0
0.0
0.0
1.981393288703536e-8
4.558777748045241e-8
0.0
0.0
0.0
0.0
0.0
0.0
0.0
0.0
0.0
0.0
0.0
0.0
0.0
0.0
0.0
0.0
0.0
0.0
0.0
0.0
0.0
0.0
0.0
0.0
0.0
0.0
0.0
0.0
0.0
0.0
0.0
0.0
0.0
0.0
0.0
0.0
0.0
0.0
0.0
0.0
0.0
0.0
0.0
0.0
0.0
0.0
0.0
0.0
0.0
0.0
0.0
0.0
0.0
0.0
0.0
0.0
0.0
0.0
0.0
0.0
0.0
0.0
0.0
0.0
0.0
0.0
0.0
0.0
0.0
0.0
1.8470462751610438e-8
3.519624019668283e-8
0.0
0.0
0.0
0.0
0.0
2.3846151478493523e-8
0.0
0.0
0.0
0.0
0.0
0.0
0.0
0.0
0.0
0.0
0.0
0.0
0.0
0.0
0.0
0.0
1.977697036743186e-8
4.6230747846571176e-8
0.0
0.0
0.0
0.0
0.0
2.178087093959902e-8
0.0
0.0
0.0
0.0
0.0
0.0
0.0
0.0
0.0
0.0
0.0
0.0
0.0
0.0
0.0
0.0
1.41272881864772e-8
1.1627526867546741e-8
0.0
0.0
0.0
0.0
0.0
2.1466297650961414e-8
0.0
0.0
0.0
0.0
0.0
0.0
0.0
0.0
0.0
0.0
0.0
0.0
0.0
0.0
0.0
0.0
2.0798330047327825e-8
1.9253696997656985e-8
0.0
0.0
0.0
0.0
0.0
0.0
0.0
0.0
0.0
0.0
0.0
0.0
0.0
0.0
0.0
0.0
0.0
0.0
0.0
0.0
0.0
0.0
1.9306170362483603e-8
1.9537328661783778e-8
0.0
0.0
0.0
0.0
0.0
2.330749861224307e-8
0.0
0.0
0.0
0.0
0.0
0.0
0.0
0.0
0.0
0.0
0.0
0.0
0.0
0.0
0.0
0.0
0.0
0.0
0.0
0.0
0.0
0.0
0.0
0.0
0.0
0.0
0.0
0.0
0.0
0.0
0.0
0.0
0.0
0.0
0.0
0.0
0.0
0.0
0.0
0.0
0.0
0.0
0.0
0.0
0.0
0.0
0.0
0.0
0.0
0.0
0.0
0.0
0.0
0.0
0.0
0.0
0.0
0.0
0.0
0.0
0.0
0.0
0.0
0.0
1.3702193442713805e-8
1.5277055941614426e-8
0.0
0.0
0.0
0.0
0.0
2.2999443113527606e-8
0.0
0.0
0.0
0.0
0.0
0.0
0.0
0.0
0.0
0.0
0.0
0.0
0.0
0.0
0.0
0.0
9.392468358105095e-9
0.0
0.0
0.0
0.0
0.0
0.0
2.283621597294872e-8
0.0
0.0
0.0
0.0
1.6321408010665616e-8
0.0
0.0
0.0
0.0
0.0
0.0
0.0
0.0
0.0
0.0
0.0
1.694923254500769e-8
0.0
0.0
0.0
0.0
0.0
0.0
2.2819617964566083e-8
0.0
0.0
0.0
0.0
0.0
0.0
0.0
0.0
0.0
0.0
0.0
0.0
0.0
0.0
0.0
0.0
1.0227847994505441e-8
0.0
0.0
0.0
0.0
0.0
0.0
2.1585551236570626e-8
0.0
0.0
0.0
0.0
0.0
0.0
0.0
0.0
0.0
0.0
0.0
0.0
0.0
0.0
0.0
0.0
0.0
0.0
0.0
0.0
0.0
0.0
0.0
2.3343101866846363e-8
0.0
0.0
0.0
0.0
0.0
0.0
0.0
0.0
0.0
0.0
0.0
0.0
0.0
0.0
0.0
0.0
0.0
0.0
0.0
0.0
0.0
0.0
0.0
0.0
0.0
0.0
0.0
0.0
0.0
0.0
0.0
0.0
0.0
0.0
0.0
0.0
0.0
0.0
0.0
0.0
0.0
0.0
0.0
0.0
0.0
0.0
0.0
0.0
0.0
0.0
0.0
0.0
0.0
0.0
0.0
0.0
0.0
0.0
0.0
0.0
0.0
0.0
0.0
0.0
1.152635816729695e-8
9.677669952896372e-9
0.0
0.0
0.0
0.0
0.0
2.1982630938244956e-8
0.0
0.0
0.0
0.0
0.0
0.0
0.0
0.0
0.0
0.0
0.0
0.0
0.0
0.0
0.0
0.0
1.303833762288394e-8
8.355354905422816e-9
0.0
0.0
0.0
0.0
0.0
2.0648653099875644e-8
0.0
0.0
0.0
0.0
0.0
0.0
0.0
0.0
0.0
0.0
0.0
0.0
0.0
0.0
0.0
0.0
1.455001598960742e-8
1.1286111504230308e-8
0.0
0.0
0.0
0.0
0.0
2.448692474396424e-8
0.0
0.0
0.0
0.0
0.0
0.0
0.0
0.0
0.0
0.0
0.0
0.0
0.0
0.0
0.0
0.0
0.0
0.0
0.0
0.0
0.0
0.0
0.0
2.092624017911347e-8
0.0
0.0
0.0
0.0
0.0
0.0
0.0
0.0
0.0
0.0
0.0
0.0
0.0
0.0
0.0
0.0
0.0
0.0
0.0
0.0
0.0
0.0
0.0
2.4979150307508326e-8
0.0
0.0
0.0
0.0
0.0
0.0
0.0
0.0
0.0
0.0
0.0
0.0
0.0
0.0
0.0
0.0
0.0
0.0
0.0
0.0
0.0
0.0
0.0
0.0
0.0
0.0
0.0
0.0
0.0
0.0
0.0
0.0
0.0
0.0
0.0
0.0
0.0
0.0
0.0
0.0
0.0
0.0
0.0
0.0
0.0
0.0
0.0
0.0
0.0
0.0
0.0
0.0
0.0
0.0
0.0
0.0
0.0
0.0
0.0
0.0
0.0
0.0
0.0
0.0
1.0196472138899964e-8
0.0
0.0
0.0
0.0
0.0
0.0
2.2889487633559433e-8
0.0
0.0
0.0
0.0
0.0
0.0
0.0
0.0
0.0
0.0
0.0
0.0
0.0
0.0
0.0
0.0
0.0
3.867436001658675e-9
0.0
0.0
0.0
0.0
0.0
2.2355856550548905e-8
0.0
0.0
0.0
0.0
0.0
0.0
0.0
0.0
0.0
0.0
0.0
0.0
0.0
0.0
0.0
0.0
0.0
0.0
0.0
0.0
0.0
0.0
0.0
2.1704886606696995e-8
0.0
0.0
0.0
0.0
0.0
0.0
0.0
0.0
0.0
0.0
0.0
0.0
0.0
0.0
0.0
0.0
1.0867953572243354e-8
1.9672215985775016e-8
0.0
0.0
0.0
0.0
0.0
0.0
0.0
0.0
0.0
0.0
0.0
0.0
0.0
0.0
0.0
0.0
0.0
0.0
0.0
0.0
0.0
0.0
1.922004447897505e-8
1.8998247402623137e-8
0.0
0.0
0.0
0.0
0.0
0.0
0.0
0.0
0.0
0.0
0.0
0.0
0.0
0.0
0.0
0.0
0.0
0.0
0.0
0.0
0.0
0.0
0.0
0.0
0.0
0.0
0.0
0.0
0.0
0.0
0.0
0.0
0.0
0.0
0.0
0.0
0.0
0.0
0.0
0.0
0.0
0.0
0.0
0.0
0.0
0.0
0.0
0.0
0.0
0.0
0.0
0.0
0.0
0.0
0.0
0.0
0.0
0.0
0.0
0.0
0.0
0.0
0.0
0.0
0.0
0.0
0.0
0.0
0.0
0.0
0.0
0.0
0.0
0.0
0.0
0.0
0.0
0.0
0.0
0.0
0.0
0.0
0.0
0.0
0.0
0.0
0.0
0.0
0.0
0.0
0.0
0.0
0.0
0.0
9.378785588672462e-9
0.0
0.0
0.0
0.0
0.0
0.0
1.425948025414282e-8
0.0
0.0
0.0
0.0
0.0
0.0
0.0
0.0
0.0
0.0
0.0
0.0
0.0
0.0
0.0
0.0
1.21837377219679e-8
9.076845444627356e-9
0.0
0.0
0.0
0.0
0.0
0.0
0.0
0.0
0.0
0.0
0.0
0.0
0.0
0.0
0.0
0.0
0.0
0.0
0.0
0.0
0.0
0.0
1.928675180359546e-8
1.0221019640633505e-8
0.0
0.0
0.0
0.0
0.0
0.0
0.0
0.0
0.0
0.0
0.0
0.0
0.0
0.0
0.0
0.0
0.0
0.0
0.0
0.0
0.0
0.0
9.442739570568808e-9
0.0
0.0
0.0
0.0
0.0
0.0
0.0
0.0
0.0
0.0
0.0
0.0
0.0
0.0
0.0
0.0
0.0
0.0
0.0
0.0
0.0
0.0
0.0
0.0
0.0
0.0
0.0
0.0
0.0
0.0
0.0
0.0
0.0
0.0
0.0
0.0
0.0
0.0
0.0
0.0
0.0
0.0
0.0
0.0
0.0
0.0
0.0
0.0
0.0
0.0
0.0
0.0
0.0
0.0
0.0
0.0
0.0
0.0
0.0
0.0
0.0
0.0
0.0
0.0
0.0
0.0
0.0
0.0
0.0
0.0
0.0
2.2018068035538284e-8
1.0151713187912307e-8
0.0
0.0
0.0
0.0
0.0
0.0
0.0
0.0
0.0
0.0
0.0
0.0
0.0
0.0
0.0
0.0
0.0
0.0
0.0
0.0
0.0
0.0
0.0
0.0
0.0
0.0
0.0
0.0
0.0
0.0
0.0
0.0
0.0
0.0
0.0
0.0
0.0
0.0
0.0
0.0
0.0
0.0
0.0
0.0
0.0
0.0
2.8489723150939124e-8
8.781060036990186e-9
0.0
0.0
0.0
0.0
0.0
1.473253001159094e-8
0.0
9.160054170865858e-9
0.0
0.0
0.0
0.0
0.0
0.0
0.0
0.0
0.0
0.0
0.0
0.0
0.0
0.0
4.156303273467885e-5
0.0
6.15518607713523e-9
0.0
0.0
0.0
0.0
1.4296408310564723e-8
0.0
0.0
0.0
0.0
0.0
0.0
0.0
0.0
0.0
0.0
0.0
0.0
0.0
0.0
0.0
0.0
2.0369681730091354e-8
0.0
0.0
0.0
0.0
0.0
0.0
1.0261062021008685e-8
0.0
0.0
0.0
0.0
0.0
0.0
0.0
0.0
0.0
0.0
0.0
0.0
0.0
0.0
0.0
0.0
0.0
0.0
0.0
0.0
0.0
0.0
0.0
0.0
0.0
0.0
0.0
0.0
0.0
0.0
0.0
0.0
0.0
0.0
0.0
0.0
0.0
0.0
0.0
0.0
0.0
0.0
0.0
0.0
0.0
0.0
0.0
0.0
0.0
0.0
0.0
0.0
0.0
0.0
0.0
0.0
0.0
0.0
0.0
0.0
0.0
0.0
0.0
0.0
1.2797876224484876e-5
9.243404420022261e-9
0.0
0.0
0.0
0.0
0.0
0.0
0.0
0.0
1.3788146502646162e-8
0.0
0.0
0.0
0.0
0.0
0.0
0.0
0.0
0.0
0.0
0.0
0.0
0.0
1.8207673888742274e-8
9.283275079543184e-9
0.0
0.0
0.0
0.0
0.0
0.0
0.0
0.0
1.3266404014695376e-8
0.0
0.0
0.0
0.0
0.0
0.0
0.0
0.0
0.0
0.0
0.0
0.0
0.0
1.3032285181621285e-8
9.566608800684914e-9
0.0
0.0
0.0
0.0
0.0
0.0
0.0
0.0
1.2646132472344823e-8
0.0
0.0
0.0
0.0
0.0
0.0
0.0
0.0
0.0
0.0
0.0
0.0
0.0
2.2191913643560545e-8
0.0
0.0
0.0
0.0
0.0
0.0
0.0
0.0
0.0
1.297726186177006e-8
0.0
0.0
0.0
0.0
0.0
0.0
0.0
0.0
0.0
0.0
0.0
0.0
0.0
1.2072631574539996e-8
0.0
0.0
0.0
0.0
0.0
0.0
0.0
0.0
0.0
1.2941239314833506e-8
0.0
0.0
0.0
0.0
0.0
0.0
0.0
0.0
0.0
0.0
0.0
0.0
0.0
0.0
0.0
0.0
0.0
0.0
0.0
0.0
0.0
0.0
0.0
0.0
0.0
0.0
0.0
0.0
0.0
0.0
0.0
0.0
0.0
0.0
0.0
0.0
0.0
0.0
0.0
0.0
0.0
0.0
0.0
0.0
0.0
0.0
0.0
0.0
0.0
0.0
0.0
0.0
0.0
0.0
0.0
0.0
0.0
0.0
0.0
0.0
0.0
1.3404370204927934e-8
9.0584351813932e-9
0.0
0.0
0.0
0.0
0.0
0.0
0.0
0.0
1.3091952205051303e-8
0.0
0.0
0.0
0.0
0.0
0.0
0.0
0.0
0.0
0.0
0.0
0.0
0.0
1.252442889241474e-8
0.0
0.0
0.0
0.0
0.0
0.0
0.0
0.0
0.0
1.3490616759506655e-8
0.0
0.0
0.0
0.0
0.0
0.0
0.0
0.0
0.0
0.0
0.0
0.0
0.0
1.3872094814088077e-8
0.0
0.0
0.0
0.0
0.0
0.0
0.0
0.0
0.0
1.3461799093970026e-8
0.0
0.0
0.0
0.0
0.0
0.0
0.0
0.0
0.0
0.0
0.0
0.0
0.0
0.0
0.0
0.0
0.0
0.0
0.0
0.0
0.0
0.0
0.0
1.3204188688243053e-8
0.0
0.0
0.0
0.0
0.0
0.0
0.0
0.0
0.0
0.0
0.0
0.0
0.0
2.278036229515279e-8
9.123374214397241e-9
0.0
0.0
0.0
0.0
0.0
0.0
0.0
0.0
1.3101757579430489e-8
0.0
0.0
0.0
0.0
0.0
0.0
0.0
0.0
0.0
0.0
0.0
0.0
0.0
0.0
0.0
0.0
0.0
0.0
0.0
0.0
0.0
0.0
0.0
0.0
0.0
0.0
0.0
0.0
0.0
0.0
0.0
0.0
0.0
0.0
0.0
0.0
0.0
0.0
0.0
0.0
0.0
0.0
0.0
0.0
0.0
0.0
0.0
0.0
0.0
0.0
0.0
0.0
0.0
0.0
0.0
0.0
0.0
0.0
0.0
0.0
0.0
0.0
0.0
0.0
0.0
0.0
0.0
0.0
0.0
0.0
0.0
1.393749236303679e-8
0.0
0.0
0.0
0.0
0.0
0.0
0.0
0.0
0.0
0.0
0.0
0.0
0.0
1.6703244204366487e-8
0.0
0.0
0.0
0.0
0.0
0.0
0.0
0.0
0.0
1.3545534958747702e-8
0.0
0.0
0.0
0.0
0.0
0.0
0.0
0.0
0.0
0.0
0.0
0.0
0.0
1.6913214346540683e-8
0.0
0.0
0.0
0.0
0.0
0.0
0.0
0.0
0.0
1.3452187070440016e-8
0.0
0.0
0.0
0.0
0.0
0.0
0.0
0.0
0.0
0.0
0.0
0.0
0.0
1.742365223681096e-8
0.0
0.0
0.0
0.0
0.0
0.0
0.0
0.0
0.0
1.3429032065168676e-8
0.0
0.0
0.0
0.0
0.0
0.0
0.0
0.0
0.0
0.0
0.0
0.0
0.0
0.0
0.0
0.0
0.0
0.0
0.0
0.0
0.0
0.0
0.0
1.4408875312576917e-8
0.0
0.0
0.0
0.0
0.0
0.0
0.0
0.0
0.0
0.0
0.0
0.0
0.0
0.0
0.0
0.0
0.0
0.0
0.0
0.0
0.0
0.0
0.0
0.0
0.0
0.0
0.0
0.0
0.0
0.0
0.0
0.0
0.0
0.0
0.0
0.0
0.0
0.0
0.0
0.0
0.0
0.0
0.0
0.0
0.0
0.0
0.0
0.0
0.0
0.0
0.0
0.0
0.0
0.0
0.0
0.0
0.0
0.0
0.0
0.0
0.0
0.0
0.0
0.0
0.0
0.0
0.0
0.0
0.0
0.0
0.0
0.0
0.0
0.0
0.0
0.0
0.0
0.0
0.0
0.0
0.0
0.0
0.0
0.0
0.0
4.060320185568266e-5
7.811983733333283e-7
6.843463988004725e-9
0.0
0.0
0.0
0.0
1.3358090496351978e-8
0.0
0.0
1.4678226457076683e-8
0.0
0.0
0.0
0.0
0.0
0.0
0.0
0.0
0.0
0.0
0.0
0.0
0.0
0.0004911601868411726
0.0004574691461286501
0.00026273101915177385
0.00021071406282255386
0.0001309663619751252
4.028905698076131e-5
1.932864532537517e-6
2.5657967546555252e-8
0.0
0.0
1.4083097332866739e-5
3.943902410887877e-5
5.233266233383634e-5
6.454397762521227e-5
7.971325689064476e-5
0.0
0.0
0.0
0.0
0.0
0.0
0.0
0.0
0.0
0.0008585867467398655
0.0005819395968923575
0.00024333944324536632
0.00016305483149529703
9.198739928612273e-5
1.0500330794418432e-5
0.0
3.24129556215955e-8
0.0
0.0
1.4851282370546002e-8
0.0
0.0
0.0
3.2570087210725624e-6
0.0
0.0
0.0
0.0
0.0
0.0
0.0
0.0
0.0
0.0006395525547777235
0.00047298504764396027
0.00016963745418550923
2.3868850568579483e-5
0.0
1.581423179712856e-8
0.0
7.135667588325894e-9
0.0
0.0
1.347688688928285e-8
0.0
0.0
0.0
3.925934900084201e-6
0.0
0.0
0.0
0.0
0.0
0.0
0.0
0.0
0.0
0.0
0.0
0.0
0.0
0.0
0.0
0.0
0.0
0.0
0.0
0.0
0.0
0.0
0.0
0.0
0.0
0.0
0.0
0.0
0.0
0.0
0.0
0.0
0.0
0.0
0.0
0.0
0.0
0.0
0.0
0.0
0.0
0.0
0.0
0.0
0.0
0.0
0.0
0.0
0.0
0.0
0.0
0.0
0.0
0.0
0.0
0.0
0.0
0.0004766616191385582
0.0002596453898127518
3.4467931203136536e-6
0.0
0.0
0.0
0.0
1.3202948263378469e-8
0.0
0.0
1.429239477720542e-8
0.0
0.0
0.0
0.0
0.0
0.0
0.0
0.0
0.0
0.0
0.0
0.0
0.0
0.0004123507334626192
0.00026068326862520243
1.2924027506450705e-5
0.0
0.0
0.0
0.0
1.3969804059222845e-8
0.0
0.0
1.381011581967338e-8
0.0
0.0
0.0
0.0
0.0
0.0
0.0
0.0
0.0
0.0
0.0
0.0
0.0
0.0004575545013842923
0.00032958594730693897
1.6224303635563896e-5
0.0
0.0
0.0
0.0
1.3741895864317322e-8
0.0
0.0
1.3839956969298291e-8
0.0
0.0
0.0
0.0
0.0
0.0
0.0
0.0
0.0
0.0
0.0
0.0
0.0
0.00045527981779774803
0.0003070979458311279
2.342141650088459e-5
0.0
0.0
0.0
0.0
1.363656845008244e-8
0.0
0.0
1.4103757748077387e-8
0.0
0.0
0.0
0.0
0.0
0.0
0.0
0.0
0.0
0.0
0.0
0.0
0.0
2.760422169801151e-5
1.5245072082581099e-5
6.614387636053353e-9
0.0
0.0
0.0
0.0
1.3953704676735066e-8
0.0
0.0
1.4166116524090102e-8
0.0
0.0
0.0
0.0
0.0
0.0
0.0
0.0
0.0
0.0
0.0
0.0
0.0
0.0
0.0
0.0
0.0
0.0
0.0
0.0
0.0
0.0
0.0
0.0
0.0
0.0
0.0
0.0
0.0
0.0
0.0
0.0
0.0
0.0
0.0
0.0
0.0
0.0
0.0
0.0
0.0
0.0
0.0
0.0
0.0
0.0
0.0
0.0
0.0
0.0
0.0
0.0
0.0
0.0
0.0
0.0
0.0
0.0
0.0
0.0
0.0
0.0005026201534659623
0.0003246055147250191
5.355849094661715e-5
0.0
0.0
0.0
0.0
1.3364124366112647e-8
0.0
0.0
1.4671700448755153e-8
0.0
0.0
0.0
0.0
0.0
0.0
0.0
0.0
0.0
0.0
0.0
0.0
0.0
0.0003382736791672964
0.00030984673805866346
0.0001409594909936636
9.783517439927574e-5
5.142227931684501e-5
7.844884823994264e-6
0.0
3.2050977094821265e-8
0.0
7.385722917292689e-7
3.809652473078845e-6
1.8059252529621686e-5
5.263745164090044e-5
7.603382664142757e-5
0.00010694011769416818
0.0
0.0
0.0
0.0
0.0
0.0
0.0
0.0
0.0
0.0009483299493721666
0.0006394466318853175
0.00032065797723494245
0.00022260228462132113
0.0001620990726771474
5.716581599737356e-5
2.356330094513946e-6
3.263893740288061e-8
0.0
0.0
1.503377237399726e-8
0.0
0.0
1.2783611538280445e-6
2.6129458512911114e-5
0.0
0.0
0.0
0.0
0.0
0.0
0.0
0.0
0.0
0.0019966204880436534
0.001297549640394102
0.0006357391279999446
0.0003048538132600152
0.0002025401239859249
9.001428892850194e-5
1.0608524515877594e-5
3.250952575912547e-8
0.0
0.0
1.555034626272489e-8
3.4508597079142547e-6
2.7886091711820877e-5
9.503891140695285e-5
0.00015509081396482448
0.0
0.0
0.0
0.0
0.0
0.0
0.0
0.0
0.0
0.0017941750382708596
0.0012695751081479656
0.0006699673029058978
0.00030887994536315063
0.0001237485888402364
1.732476390728008e-5
0.0
2.5805618361033752e-8
0.0
0.0
1.4277493038132093e-8
0.0
0.0
4.109830022210745e-5
0.00015085566899035208
0.0
0.0
0.0
0.0
0.0
0.0
0.0
0.0
0.0
0.0
0.0
0.0
0.0
0.0
0.0
0.0
0.0
0.0
0.0
0.0
0.0
0.0
0.0
0.0
0.0
0.0
0.0
0.0
0.0
0.0
0.0
0.0
0.0
0.0
0.0
0.0
0.0
0.0
0.0
0.0
0.0
0.0
0.0
0.0
0.0
0.0
0.0
0.0
0.0
0.0
0.0
0.0
0.0
0.0
0.0
0.0
0.0
0.0010500334314806218
0.0007210385401384855
0.0002751761713747221
7.892299329156414e-5
0.0
1.7582880412443818e-8
0.0
1.280637512303576e-8
0.0
0.0
1.4976073089212582e-8
0.0
0.0
0.0
3.114077477858589e-5
0.0
0.0
0.0
0.0
0.0
0.0
0.0
0.0
0.0
0.0008168256152597712
0.0005739543919953897
0.00019788087901858868
2.769117591295313e-5
0.0
0.0
0.0
1.3419512749344873e-8
0.0
0.0
1.4537609951639157e-8
0.0
0.0
0.0
0.0
0.0
0.0
0.0
0.0
0.0
0.0
0.0
0.0
0.0
0.0005439383361062333
0.00037628437143015953
0.00012975598798955454
6.472050925998556e-5
9.005063098183902e-6
3.3227760289171445e-6
1.2643402436585278e-5
1.3138082388693148e-5
9.585896356206357e-7
3.970584410704517e-6
8.536694786533498e-8
4.494364884017313e-6
5.093573621678781e-5
6.677265831551652e-5
7.400584105327055e-5
0.0
0.0
0.0
0.0
0.0
0.0
0.0
0.0
0.0
0.0006844519821377446
0.0004967254139246481
0.00013177898107694075
8.558126104250715e-7
0.0
0.0
0.0
1.3291210335671724e-8
0.0
0.0
1.4584491492561302e-8
0.0
0.0
0.0
5.567763601937292e-7
0.0
0.0
0.0
0.0
0.0
0.0
0.0
0.0
0.0
0.0008040815222756537
0.0008192183117324199
0.0003542846275997706
4.019743005025079e-5
0.0
0.0
0.0
1.2771026285109939e-8
0.0
0.0
1.5110306195323563e-8
0.0
0.0
4.01348373889948e-7
4.979501630766781e-5
0.0
0.0
0.0
0.0
0.0
0.0
0.0
0.0
0.0
0.0
0.0
0.0
0.0
0.0
0.0
0.0
0.0
0.0
0.0
0.0
0.0
0.0
0.0
0.0
0.0
0.0
0.0
0.0
0.0
0.0
0.0
0.0
0.0
0.0
0.0
0.0
0.0
0.0
0.0
0.0
0.0
0.0
0.0
0.0
0.0
0.0
0.0
0.0
0.0
0.0
0.0
0.0
0.0
0.0
0.0
0.0
0.0
0.0
0.000978030525668408
0.0002512026002926137
1.101294608198432e-6
1.3491201455969988e-8
0.0
1.7326265107158467e-8
0.0
3.7781480438400325e-8
0.0
1.1630110561701557e-5
2.101172966306387e-5
7.436232301051001e-5
0.00010483133005168546
0.0001275747638326827
0.00018753286449289767
0.0
0.0
0.0
0.0
0.0
0.0
0.0
0.0
0.0
0.0016354385401362553
0.0010626679763219339
0.0007128141819002086
0.0005768541096139033
0.0004310812705501861
0.00026929802151519957
0.00020445075994401647
0.00018558516688258064
0.00016370896656737463
0.00015411119303448216
6.444552993920817e-5
0.000315335556373642
0.0004096993527785837
0.0006231902530021192
0.0009780196445076308
0.0
0.0
0.0
0.0
0.0
0.0
0.0
0.0
0.0
0.001732296406949374
0.0009288057089420789
0.00045661431774374775
0.0002985419434278559
0.00021170848290553922
0.00011238941973949076
5.7146172316760664e-5
4.700982834712319e-5
4.218419857620188e-5
7.301819334749464e-5
4.3228588025446295e-5
0.00015959334050589432
0.00028493205359577084
0.00043628957067610335
0.0006731297180194844
0.0
0.0
0.0
0.0
0.0
0.0
1.6453181680659178e-6
1.0463735643508975e-5
1.6065778800952892e-5
0.002928128316403045
0.0016754372939185615
0.0007217976139756511
0.00041677647106660114
0.0002514693928808577
0.00013851525246520586
7.62219750981559e-5
5.0916330724114366e-5
2.0631627747208974e-5
2.6500930630878793e-5
3.250917565115072e-5
0.0001166719807587748
0.0003465917984817119
0.0006169141131502011
0.0006547364812282317
0.0
0.0
0.0
0.0
0.0
0.0
9.771463856859245e-7
7.417401617794356e-6
8.773749685438037e-6
0.0024383295871061987
0.001235868635153957
0.000492772536930092
0.00023616336540030296
6.909162629978166e-5
4.426215998050108e-8
0.0
2.5367555707102353e-8
0.0
0.0
8.085647044939087e-6
5.049433880270633e-5
0.00013505877869419034
0.000268578052986109
0.0004626379887828775
0.0
0.0
0.0
0.0
0.0
0.0
0.0
0.0
2.6900867302011223e-6
5.410066844925243e-6
8.204243828553609e-7
0.0
0.0
0.0
0.0
0.0
0.0
0.0
0.0
0.0
0.0
0.0
0.0
0.0
0.0
0.0
0.0
0.0
0.0
0.0
0.0
0.0
4.0727230148237367e-7
1.8068432506694842e-6
1.7119949023474158e-7
0.0
0.0
0.0
0.0
0.0
0.0
0.0
0.0
0.0
0.0
0.0
0.0
0.0
0.0
0.0
0.0
0.0
0.0
0.0
0.0
0.0
7.074288903252744e-7
0.0019886293875374505
0.000955172153015571
0.0002654353028169433
6.120952407345034e-5
1.3521278479898891e-6
1.7790055133689133e-8
0.0
1.2390387322863245e-8
0.0
0.0
1.852694617518194e-8
3.312635522775553e-6
6.973679274705081e-5
0.0001476271874749438
0.00027304020941784255
0.0
0.0
0.0
0.0
0.0
0.0
0.0
0.0
0.0
0.001851347605215186
0.0009308491534018852
0.0003065126021324329
0.00010686893195774624
1.553392241782964e-5
1.8664382276573976e-8
0.0
1.2838223055985187e-8
0.0
0.0
1.983027978690635e-8
0.0
2.3233209158804574e-5
5.0569881414326925e-5
0.00010730731324006187
0.0
0.0
0.0
0.0
0.0
0.0
0.0
0.0
0.0
0.0013307965463205617
0.0006535176680492211
0.00011438725174984883
4.3724264534420987e-7
0.0
1.8563975906728106e-8
0.0
1.3493076819806312e-8
0.0
0.0
1.8316331602304882e-8
2.9901833595163154e-6
3.720637542555081e-5
9.500645264094947e-5
0.00014777429599157732
0.0
0.0
0.0
0.0
0.0
0.0
0.0
0.0
0.0
0.0015123501557496647
0.0007708948765662882
0.00020926644582619904
2.4334437291179258e-5
0.0
0.0
0.0
1.3753135085150923e-8
0.0
0.0
1.8235095229499016e-8
0.0
8.503831421446574e-6
5.3164662793279036e-5
8.963475479793312e-5
0.0
0.0
0.0
0.0
0.0
0.0
0.0
0.0
0.0
0.0009729786901346496
0.0006615929923767417
0.0002626878031459722
3.776719702256774e-5
0.0
0.0
0.0
4.620711293671071e-9
0.0
0.0
1.7173650163072136e-8
1.6742976320399358e-6
2.5277299659703967e-5
7.245705780762147e-5
0.0001172577120746353
0.0
0.0
0.0
0.0
0.0
0.0
0.0
0.0
0.0
0.0
0.0
0.0
0.0
0.0
0.0
0.0
0.0
0.0
0.0
0.0
0.0
0.0
0.0
0.0
0.0
0.0
0.0
0.0
0.0
0.0
0.0
0.0
0.0
0.0
0.0
0.0
0.0
0.0
0.0
0.0
0.0
0.0
0.0
0.0
0.0
0.0
0.0
0.0
0.0
0.0
0.0
0.0
0.0
0.0
0.0
0.0
0.0
0.0014707480517539711
0.0007635256038759932
0.00024166790158094476
0.00010270975903226957
2.137380748058624e-5
1.7379339788340627e-8
0.0
1.2691486414641415e-8
0.0
0.0
2.2069518815099033e-6
2.3413265596411293e-5
7.612113887481342e-5
0.00013002834720138575
0.00018636971709202538
0.0
0.0
0.0
0.0
0.0
0.0
0.0
0.0
0.0
0.0014962252683436734
0.0008805205723492945
0.0003646084042139536
0.0002479606184645614
0.00013609691483616886
6.152469045172169e-5
2.9250884553093566e-5
3.2651137989186834e-8
0.0
3.689713272807024e-7
1.5622516351170416e-5
5.9118853445067084e-5
9.96750372470124e-5
0.00010903292219353946
8.844286060117476e-5
0.0
0.0
0.0
0.0
0.0
0.0
0.0
0.0
0.0
0.0012035099788257916
0.0008413540257555858
0.00048299444181114224
0.00028954621496245724
0.00016705514167887002
6.442481416319482e-5
1.1662418787434406e-5
2.1838782920720833e-6
6.572144368324591e-7
1.0375298146880223e-5
1.987599461472421e-5
3.229457521283206e-5
5.01343504393644e-5
8.763789721926236e-5
0.00013579213830403443
0.0
0.0
0.0
0.0
0.0
0.0
0.0
0.0
0.0
0.0
0.0
0.0
0.0
0.0
0.0
0.0
0.0
0.0
0.0
0.0
0.0
0.0
0.0
0.0
0.0
0.0
0.0
0.0
0.0
0.0
9.124544872333228e-7
6.298225416644139e-6
1.1487570289176279e-5
0.002535413856466006
0.0012901430020748348
0.0006061737079628506
0.0003421888433627233
0.0002647942935481709
0.00013463541964724718
8.336552401913303e-5
7.254664393687586e-5
2.6803675420721892e-5
4.670509492517487e-5
3.8971617528887905e-5
0.0001216715358707566
0.00023734711884595237
0.0004712282438934976
0.0006850597046835899
0.0
0.0
0.0
0.0
0.0
0.0
0.0
0.0
0.0
6.104782966643617e-7
3.894437150427507e-7
0.0
0.0
0.0
0.0
0.0
0.0
0.0
0.0
0.0
0.0
0.0
0.0
0.0
0.0
0.0
0.0
0.0
1.7875228344502936e-6
1.0076518329018837e-6
2.602604961431081e-6
5.794362478904756e-6
1.0461842939890268e-5
1.5679447891810615e-5
5.493062329707461e-6
1.638061707991497e-7
0.0
0.0
0.0
0.0
0.0
0.0
0.0
0.0
0.0
0.0
0.0
0.0
0.0
0.0
5.193891058040333e-6
7.685408748146428e-6
1.5061021852418443e-5
1.935817332277465e-5
3.800176977760528e-5
4.304934560885469e-5
6.053502930051628e-5
0.0030603268867991492
0.0019168721178232002
0.0009237992256570027
0.0005430015887969326
0.00035000326301298746
0.00020667803027376306
0.00015492808745168481
0.00010654759757711395
6.815759052131803e-5
3.951932291003867e-5
3.809593082971781e-5
0.00023162279432805414
0.0005184336862913446
0.0007129781745461984
0.0008811133482274293
0.0
0.0
0.0
0.0
1.179466629912702e-6
5.821914935381005e-6
9.902849381212887e-6
1.271427154200614e-5
2.0816620559120304e-5
0.002776741586928494
0.0018544953075213383
0.0008389657934342553
0.00040775490952958416
0.0002217915939929274
0.00010663801307810515
6.625810978161539e-5
3.3113415871843994e-5
9.029930676404432e-6
4.919442325449258e-5
3.62269865162275e-5
0.00019494530837271026
0.00039956809730894426
0.0005514354146857203
0.000736136311963974
0.0
0.0
0.0
0.0
0.0
0.0
0.0
0.0
0.0
0.0015050190647025788
0.0006894372523816299
0.00011661261570222465
7.799362448203169e-7
0.0
0.0
0.0
3.156327099346344e-8
1.7765654872382735e-8
1.8096232476393087e-5
2.7945345876155835e-5
8.568642967310483e-5
0.0001153717545342585
0.00013596096170437284
0.00019551048137292828
0.0
0.0
0.0
0.0
0.0
0.0
0.0
0.0
0.0
0.0014810504890757036
0.001030118840382855
0.0006157254625372135
0.00039384208046656845
0.00026335109684392946
0.00014220288850532052
8.757812939872444e-5
6.0872140053492874e-5
1.8565644245963173e-5
4.0526361227983606e-5
3.673086185022601e-5
0.00012789588649070216
0.00033917812978991296
0.0006646825675045449
0.0009111024631631191
0.0
0.0
0.0
0.0
0.0
0.0
2.4571250951973835e-6
6.997024035535945e-6
1.4171385570879132e-5
0.0027718880773924186
0.0018683324817447683
0.0008586214113242621
0.0005230115403092261
0.0003994849781653396
0.00023308813785010457
0.0001501621094866307
0.000138425982879567
8.748184246515645e-5
6.279907336803113e-5
4.7088183315817204e-5
0.00031913745071890354
0.0006318509154523067
0.0008418029193069799
0.0011282588320109467
0.0
0.0
0.0
0.0
1.911618368492294e-7
1.1010724238752628e-6
3.9682353046221725e-6
6.865468454813997e-6
7.878501556228273e-6
9.933250929967478e-6
1.2294268052965015e-6
1.4061880971026332e-7
0.0
0.0
0.0
0.0
0.0
0.0
0.0
0.0
0.0
0.0
0.0
0.0
7.46845165571776e-6
1.406847455331622e-5
3.7551030810638254e-5
4.3056663729395e-5
7.346426147560067e-5
7.900644782908776e-5
0.00013736060351347327
0.0001258865617042045
0.00017161588811015637
0.00012824949496262168
8.385971580664026e-5
2.7447622340747573e-5
1.3009853095887789e-5
1.3838838359837967e-6
0.0
0.0
0.0
0.0
0.0
0.0
0.0
0.0
0.0
9.137556820638256e-7
2.572573432064411e-5
3.379950323597887e-5
4.6749395551633734e-5
5.617319701302269e-5
7.10999047904111e-5
7.902977314456152e-5
0.00011128513442912667
0.00012427288913958545
0.0001649530836363078
0.0034556824419373564
0.002077922239360908
0.0010145931899733353
0.0006159250984853386
0.0002851289183412375
2.3811403378514374e-5
1.3831218684378067e-7
2.937143064533274e-8
0.0
6.78793910860216e-6
2.0121253573460863e-5
0.00012715641592875304
0.0003709590161217414
0.0004993766254552988
0.0005695151472127593
0.0
0.0
0.0
0.0
0.0
0.0
0.0
0.0
1.5465868266080288e-6
0.002185327139706126
0.0012931299662211513
0.0005300112530097232
0.00015135771985633342
2.865279863188066e-6
0.0
0.0
1.2718615463342893e-8
0.0
0.0
1.8904383777505027e-8
0.0
1.055532498576553e-7
3.219032045576164e-5
0.00011867522209879779
0.0
0.0
0.0
0.0
0.0
0.0
0.0
0.0
0.0
0.0019562806582034916
0.0012622197576342784
0.0005559209675480897
0.00024896153133272865
0.0001214425361018038
1.4875361161358426e-5
0.0
0.0
0.0
0.0
2.026508576588481e-6
6.934280754946331e-5
0.00017482694824175586
0.0002865769332329587
0.0002998480635138973
0.0
0.0
0.0
0.0
0.0
0.0
0.0
0.0
0.0
0.0019711202079205053
0.0012020840582373476
0.0004227850131768091
0.0001540440751768858
6.322207521628939e-5
8.237550949756042e-7
0.0
3.573524679116496e-9
0.0
0.0
4.665537789498581e-6
6.637154524813278e-5
0.00013286135605133725
0.00015067252809799247
0.00037456244760696326
0.0
0.0
0.0
0.0
0.0
0.0
0.0
0.0
0.0
0.002086590550540158
0.0012662263792156772
0.0006387427952627702
0.0002947340088711423
0.00010263425445415295
1.8211555257755927e-6
0.0
2.8053712504415494e-8
0.0
0.0
4.703768335304937e-6
7.22329467587405e-5
0.00018172034751983107
0.0002566628343487593
0.0003492129551801927
0.0
0.0
0.0
0.0
0.0
0.0
0.0
0.0
0.0
0.0
2.7486841911621833e-7
0.0
0.0
0.0
0.0
0.0
0.0
0.0
0.0
0.0
0.0
0.0
0.0
0.0
0.0
0.0
0.0
0.0
0.0
0.0
3.88393270526517e-6
8.63559030664368e-6
1.1992312337653846e-5
1.9766627039516037e-5
4.8943503953287325e-6
0.0
0.0
0.0
0.0
0.0
0.0
0.0
0.0
0.0
0.0
0.0
0.0
0.0
0.0
0.0
0.0
0.0
0.0
0.0
2.4006158238235607e-6
7.162694204562005e-6
1.4273186513633423e-5
0.0025679286548921775
0.0016374978388247361
0.001074816160449237
0.0009561380413126429
0.0008970646468098074
0.0007353938193197218
0.0006777068542277999
0.0007217393428192673
0.0007204239582460399
0.0006816468784779708
0.0006306181651163145
0.0008847427282163702
0.0009793027085088007
0.0011366556193422514
0.0011883731381860827
0.0
4.908877192296938e-7
1.0088010472653774e-6
3.7437022536248425e-6
5.8822547898054155e-6
1.040407296022607e-5
2.3917765091835e-5
3.616314485384307e-5
5.612229736556608e-5
0.0033302205996228497
0.002475207710614088
0.0017775948494586876
0.0014687003416327961
0.0012410547031571602
0.000982217989487069
0.0008406489149690437
0.0007464420591160186
0.000648361107220698
0.0005444052094348604
0.0005403185306565989
0.0011237776301148508
0.001204793825135358
0.001311563960447621
0.0014300726494787476
1.2828549596278763e-6
1.9933847344307414e-6
3.0707860388020554e-6
7.071245586270101e-6
1.9584897477277148e-5
2.638121740995811e-5
5.314679911394117e-5
6.54306029765043e-5
0.00011697650961539986
0.0035965670078436864
0.0024761821410530555
0.0015790949358812883
0.0009850943002719093
0.000674687085560136
0.000426053890060128
0.0002958485215738146
0.00026389773546019597
0.00021560528141266564
0.0001605661042534681
0.00014772188598956962
0.0006153924084693946
0.0010709181661337917
0.0011643000232707476
0.0011874172821619534
2.724586704011324e-7
1.3974761073153243e-6
1.9939873474208414e-6
3.310990093941225e-6
6.641885838610058e-6
1.3627323745311899e-5
2.6923986616542577e-5
3.675482780137466e-5
6.657752713216682e-5
0.0032504761396960143
0.002380531624520331
0.0013686240035643846
0.0007838800266475202
0.0005952465308070405
0.0004024954076103981
0.0002919458337824995
0.00023741263147329845
0.00019639228762127333
0.00017716078308163002
6.164456672984726e-5
0.0005598295921030551
0.0010395127255389172
0.0011066437325742784
0.0011895649055490114
0.0
6.133739346278115e-7
2.337498912327636e-6
5.087812964803176e-6
1.0353621034522757e-5
1.304911144928468e-5
3.8309142587408306e-5
3.9510804699289556e-5
7.744702868466619e-5
0.0033653293891300444
0.002339159304058411
0.0014058238975898374
0.000871590921063264
0.0006156181264962361
0.0003133316130366696
0.00018719730762077976
0.00014580576983632383
0.00010262155742242845
0.00010344034169697884
5.3409883976507055e-5
0.00045371527257755806
0.0008150464899204748
0.0009490918191296068
0.001155632580953164
0.0
0.0
8.755337441465598e-7
2.1234746200079824e-6
3.998496530969348e-6
8.276853220614729e-6
1.3853354250261984e-5
1.940142923878816e-5
2.780721148545681e-5
4.1590626303958063e-5
1.4987977184797734e-5
6.394981926665935e-6
4.0122325493881324e-7
0.0
0.0
0.0
0.0
0.0
0.0
0.0
0.0
0.0
0.0
0.0
3.805849380262087e-6
8.797843132049253e-6
1.7491559788960258e-5
2.312489073821925e-5
3.561924750029378e-5
3.657623405576387e-5
6.708999526669109e-5
8.090676713681206e-5
0.00012655055877231207
0.0001217095011724044
5.6209371910358253e-5
2.0492130200773824e-5
6.298175586096008e-6
0.0
0.0
0.0
0.0
0.0
0.0
0.0
0.0
0.0
0.0
0.0
6.059115818025798e-6
1.4979825731044067e-5
2.3407676456490413e-5
3.727867683361537e-5
5.722182819665017e-5
7.20051829954421e-5
0.00010046908996513409
0.00010983491779700283
0.0001356856136999575
0.0034024001282004423
0.002189741731371228
0.001252912692065373
0.0006890494105103991
0.00036356315705509903
0.00014531447725044447
4.659006171859399e-5
2.2997126794073383e-5
8.60512120888802e-6
1.4219763975693765e-5
3.708616298368155e-5
0.0002570659397642131
0.0005918252673221402
0.000862976365706137
0.0009963030135747759
0.0
0.0
0.0
1.4921442937587627e-6
4.350362834963375e-6
8.851239724814163e-6
1.3713331258902111e-5
2.4126501937305686e-5
3.458209464090663e-5
0.0030061165072955295
0.0020684970747687505
0.0011602764875992457
0.0007253184282846187
0.0005291385443006235
0.0003460308261446862
0.0002984758280901474
0.00027954584151849396
0.0001837864505852639
0.00012061606352503782
5.346942563501653e-5
0.00034187996033568924
0.0005660714943112228
0.000698421877477377
0.0008674347262776613
0.0
0.0
0.0
0.0
0.0
1.1170982968377842e-6
4.864102507755839e-6
8.746738440729677e-6
1.469500045988125e-5
0.002816187203317203
0.0019811792108430652
0.0010645954585423263
0.0006361546228085071
0.00045954037127508504
0.0002579475603391505
0.00017587773601660458
0.00013710131542658382
7.398452402331987e-5
5.001717766093112e-5
4.138024538745746e-5
0.00023358506001875211
0.0004870599154545211
0.000581635656764413
0.0005763828328876952
0.0
0.0
0.0
0.0
0.0
0.0
0.0
0.0
0.0
0.0012955990226512465
0.0009839671087220215
0.0007140278376695028
0.0006451501507033489
0.0005918641663587938
0.00045461893365126427
0.00035348954668706537
0.000309724792866114
0.00021872983250857455
0.0001485856762997245
5.24777772540353e-5
0.00023016420616384434
0.00041523672835155353
0.0005225859304195448
0.0006367015674821278
0.0
0.0
0.0
0.0
0.0
0.0
0.0
0.0
0.0
0.002583628417606142
0.001855873389535212
0.0012437971593108664
0.0008612489459583943
0.0006304847191164808
0.00043840141885051465
0.0003566011618559038
0.000375008171852272
0.0004040832151452686
0.000352534454578763
0.00028508917732436605
0.0005685662766200411
0.0006430621425450792
0.0007570369711703499
0.0009024086345820117
0.0
0.0
4.6395997970084084e-7
4.8331993411929e-6
8.14655711896028e-6
1.4794223305314733e-5
2.899348930298172e-5
3.6816002212409585e-5
7.088396761590956e-5
8.391573304098685e-5
2.9821274876199725e-5
1.535072730900142e-5
4.908487332236493e-6
1.2952298758700855e-6
0.0
0.0
0.0
0.0
0.0
0.0
0.0
0.0
0.0
0.0
9.167519099066975e-6
1.3678804822678154e-5
3.681384346151783e-5
4.2522392576634805e-5
8.527095508804651e-5
7.226517703243511e-5
0.00011073991283136158
9.472492710499111e-5
0.0001615739478330708
0.0001270853145817688
0.00010196030271976009
5.3994144219684865e-5
3.977349133775309e-5
1.800551178358052e-5
8.97159874547741e-6
0.0
0.0
0.0
0.0
1.3036151154139899e-6
6.301643188869759e-6
1.3671894908994663e-5
2.2375948905833295e-5
2.3661717908894132e-5
5.589892975933475e-5
6.691673642741717e-5
8.983204814853199e-5
0.00010081224879425893
9.919501739223005e-5
0.0001289762768568882
0.00014804379245402297
0.00020341961547527132
0.00020979484525509738
0.00023418964746369826
0.0001077662022792592
5.6307074406002486e-5
2.7694307010763565e-5
9.398384993959083e-6
0.0
0.0
0.0
0.0
0.0
0.0
0.0
0.0
0.0
0.0
7.746202874076337e-6
2.1143587268922674e-5
2.338020634629533e-5
3.231519950037516e-5
2.550803821725968e-5
3.864077091898073e-5
4.188080623058355e-5
7.333166016077451e-5
5.0891843763896044e-5
0.002879714639882765
0.0019918311664953925
0.0015003202595647695
0.0012044745130635431
0.0010421149483352064
0.0007989642187643849
0.0007068716845118929
0.0007429003089027706
0.000652045877973086
0.0005206820314683361
0.00040371160484167735
0.0006221778552225085
0.0007191296123591003
0.0007590600818536685
0.0007211389207087991
0.0
0.0
0.0
0.0
0.0
0.0
1.4188781200929048e-6
2.318294681805098e-6
3.0602536481689807e-6
0.0020803191657084775
0.001348433010426475
0.0008584473385513586
0.0007029877118260913
0.0005788268346430265
0.0004001144108511048
0.00034001082991602476
0.0003451150673374218
0.00029938036688890714
0.0002443665693121308
0.00020691425499365512
0.0005686556482802809
0.0011782820805930957
0.0012109472299545315
0.0011194221572456023
0.0
3.898914578517832e-7
8.645204573068507e-7
2.994411172971136e-6
4.290764650511036e-6
1.1510714770735197e-5
1.6644315713352527e-5
3.280594202774379e-5
4.528383161003137e-5
0.003275127277734387
0.0024544192231964962
0.0016785737422190838
0.00129231904073379
0.0010423359562829306
0.000788463474170437
0.0005913962735325224
0.0005221528811099094
0.0004973933538270742
0.0004953956024194482
0.0005061299609454635
0.0009785609082907038
0.0012177842736914907
0.0012170413370456113
0.0013035680387578636
2.2230780143675068e-7
1.149353388017892e-6
2.098860728171715e-6
7.117729593851571e-6
1.0804002902674046e-5
1.1837663628925755e-5
1.5211501123710716e-5
1.5155744198321846e-5
2.315358613061799e-5
0.002775686693574213
0.002076856902605655
0.001511568199808022
0.0012296013836570123
0.0009457727692301728
0.0007320087871166188
0.0006341960230232779
0.0006258564478191712
0.0005844919625087406
0.0005218936232750522
0.0005103614782976442
0.0009042260360240948
0.0011851008366229215
0.0012307219076923054
0.0013378464395273609
5.595235930059904e-7
1.6218858136619298e-6
3.946386312868162e-6
9.752412454443188e-6
1.399491426956032e-5
3.1951332635096625e-5
4.369548353334862e-5
7.235930308873053e-5
7.908726344897394e-5
0.00011409516538343436
3.682426858227324e-5
3.132547283084153e-5
1.162280821632683e-5
3.5814975335277144e-6
1.2248942440219293e-6
0.0
0.0
0.0
0.0
1.3051288214075635e-6
1.5966500786132591e-6
6.232091224470924e-6
1.1836031350778798e-5
2.3927490346182976e-5
6.461783690057938e-5
0.00010510901674208496
9.327323161871276e-5
0.0001288730949983327
0.0001298432976429872
0.00018117747139083037
0.00016327670684826196
0.00023400333622494948
0.00020790018303577166
0.0002631698280821422
9.867900440197788e-5
9.179771771299794e-5
4.175548858143853e-5
2.289136947640732e-5
4.8235744137355635e-6
0.0
0.0
0.0
0.0
0.0
1.7575233776472743e-6
1.9567544187588586e-6
5.042928732119272e-6
2.0870545688592588e-5
6.014410654901619e-5
8.543106457153902e-5
0.00012159878493497151
