0.001325809051875631
0.0
0.0
0.0
0.0
0.0014030070471404762
0.0012682082774086254
0.0009939450941717598
0.0009109699560883303
0.0008186478872278321
0.00045034287914179924
0.0001605405060359642
0.0
7.295972649935161e-7
4.4892404693154776e-7
0.0
1.704003067367187e-7
3.53052597306947e-5
0.00014864337901825423
0.0002914117887065561
0.0003428623503491006
0.0006456232534618975
0.0008358371775198642
0.0009720704734765668
0.0012930902287577807
0.0
0.0
0.0
0.0
0.0015785084824347887
0.0014364992749588935
0.0012081774116213609
0.0009215129040260217
0.0005906860162479623
0.000413350287796363
5.040146441259827e-5
3.464926019947399e-7
1.8215804602905608e-6
1.2812843480407392e-6
4.183426552860907e-7
0.0
2.4754682866654685e-5
4.367285018586459e-5
0.00023846055148385396
0.00034103047267553357
0.0005559003434977392
0.0006968197662437695
0.0008399769721349685
0.0011139257608047588
0.0
0.0
0.0
0.0
0.00147542815237345
0.0013555142320796493
0.0011473500862914494
0.0010017941714450859
0.0007584100331258388
0.0005424889534821234
0.00018419121727375796
1.677320862335169e-7
1.7764849252854479e-6
2.2050854137653813e-6
7.223252487632862e-5
7.927545988228483e-5
2.2453613365759974e-5
0.0
3.519529009066232e-5
0.00010776659800276075
0.0003704446334340014
0.0004965280659633825
0.0006509986991752212
0.0009045697313659687
0.0
0.0
0.0
0.0
0.0009332987415318515
0.0008336055744935487
0.0006712472181354476
0.0006307481227928806
0.0006236981077832415
0.0004728281414975673
6.436419306061362e-5
3.208622380400561e-7
0.0
1.2081889606046226e-6
0.0
0.0
0.0
0.0
1.7588846062736353e-6
7.757776120940414e-7
9.875917437878595e-5
0.0002561616575322203
0.0003885903299607286
0.0006334874390249864
0.0
0.0
0.0
0.0
0.0008316904308583792
0.000676557600650142
0.0005220502901640019
0.0005135648792317915
0.0005519141887214593
0.000571493148313051
0.0002996492476732089
2.4499062428990536e-5
7.343561850056761e-6
0.00016733695215354343
0.00029268549596704667
0.00024462338136173355
0.00012186511223005416
4.217779516882255e-6
8.754463867888861e-5
7.430596823601717e-5
0.00020579888653242935
0.0003829252750355015
0.0005898749578584695
0.0008680783678250329
0.0
0.0
0.0
0.0
0.0010657012764929918
0.0009927957370146814
0.0008177032160551514
0.0007872188582680564
0.0007580672189072598
0.0005997178072418371
0.00017256859915463658
2.2542896860629474e-7
1.412993286841164e-6
1.352448708530092e-6
4.2627905369904066e-7
1.3914166360931456e-7
0.0
8.244641278248952e-6
0.00014087353299652814
0.00022698044548817402
0.0004369051897168778
0.0005809891906693479
0.0007600967015317045
0.0010574751840996435
0.0
0.0
0.0
0.0
0.001307377341235145
0.0012038561532125237
0.0009330235226247115
0.0008223127072981514
0.0006982575924539738
0.0005481592791797428
0.00019037934549458497
1.4894459977604395e-5
5.939481645362472e-7
0.0
0.0
0.0
5.2550084489513405e-5
1.4248873467455127e-5
4.7285607094644886e-5
0.00022341778632192097
0.00034345307488918575
0.0005179136530304942
0.0007050267036606995
0.0010875178555499639
0.0
0.0
0.0
0.0
0.001397777470177006
0.0013001736926944356
0.0010437729111563035
0.0009143469320881217
0.0009003592081590085
0.0005886666768143064
0.000260149340909088
1.0420237245375868e-5
9.740176302522637e-7
7.798925618808616e-6
0.0
1.8742533493163263e-7
7.724782176106332e-5
0.0001021743030237436
0.00018502038651323232
0.0002732266272643021
0.0005235830616578714
0.0007037921828090726
0.0007933952574771641
0.0010261098383563252
0.0
0.0
0.0
0.0
0.00141778457078223
0.0012961830236900944
0.0010921199158721725
0.0009603853875422641
0.00075615298925282
0.0005821904495738195
0.00020320559397634706
1.7978750332101992e-7
5.48484837699606e-7
3.0159399121795546e-6
3.048782575180729e-7
1.6727407214592608e-7
0.0
1.8242314922919396e-7
8.103253061463177e-5
0.00020113587392956456
0.0005058426122147964
0.0006594111779852742
0.0007481747877427962
0.0009969880835907934
0.0
0.0
0.0
0.0
0.0013805113643101884
0.0012741539447571346
0.0010891835332941715
0.0009522323910795915
0.000711468275712702
0.00045651799987208767
3.9793617535349865e-5
4.467792530225532e-7
2.3278374418247043e-7
0.0
0.0
0.0
0.0
0.0
2.4346838783997105e-6
1.7235696022275026e-5
0.000271749486301743
0.00044266766816520914
0.0005864087333782819
0.0008993066975586073
0.0
0.0
0.0
0.0
0.001038393345449564
0.0008581458997990733
0.0006348695877175469
0.0005727169180479744
0.0004992986244383256
0.0004695903522117531
0.00016562816921154673
2.3630509553909451e-7
1.4415117415928788e-6
2.388302870691888e-6
1.3268777103271197e-6
0.0
0.0
4.988519207335342e-7
4.7087037836169214e-5
0.00015947201493305956
0.0003930624105731498
0.0005692515380344891
0.0007654872453055736
0.001095415528921224
0.0
0.0
0.0
0.0
0.0014561234337296177
0.0013186845534224583
0.0010902066806545126
0.0008470532593919507
0.0005374362337851442
0.0002772011592308487
2.4795709324694525e-7
1.4626779725125043e-7
0.0
0.0
0.0
0.0
0.0
0.0
1.8810847631136885e-6
8.23336304568725e-6
0.0002280439335120566
0.0004465724966143434
0.0006728849422295936
0.0009721351878177624
0.0
0.0
0.0
0.0
0.0013919403766590429
0.0012513440565924015
0.0008181214652226956
0.0006064250824386523
0.0004223612329494701
0.00019159571745660977
5.326377067398903e-7
1.7535411054741084e-7
0.0
0.0
0.0
0.0
0.0
0.0
2.1407859303537666e-6
5.02328013244819e-5
0.0003278787898336847
0.0004940332251587252
0.0007094840628112548
0.0010362829613702836
0.0
0.0
0.0
0.0
0.0014264103874984892
0.001331221073552998
0.001029953003743874
0.0008143484002261631
0.0004960550650376898
0.00013472994093261567
4.067683615165488e-7
0.0
0.0
0.0
0.0
0.0
0.0
0.0
5.005717388342739e-7
3.8129925214746383e-6
6.963368201135364e-5
0.0002459452095145439
0.00047163326404516887
0.0008059127680958243
0.0
0.0
0.0
0.0
0.0009676047694244909
0.0008903628914989527
0.000601707725056523
0.000585740475209255
0.0006233188383490593
0.00041660586578613393
0.00020654153796984906
0.0
8.163838385292634e-7
2.1495993596369354e-6
0.0
0.0
0.0
0.0
2.5145332352139163e-6
4.8119486063946e-5
0.0003006545516194792
0.00040422782817625945
0.00041921092777505523
0.00071644475982647
0.0
0.0
0.0
0.0
0.0009460566773560312
0.0008470416846627531
0.000559836982531249
0.0005034098012869482
0.0005484293806315395
0.0003840090778902208
0.00015753689657086847
1.1230016596075373e-7
1.2336666349386167e-6
1.445371455180821e-6
0.0
0.0
0.0
0.0
5.040464152547113e-5
0.00014361250391126674
0.0003631167462054185
0.0004504585365160945
0.0004948800694982136
0.0007908054338641397
0.0
0.0
0.0
0.0
0.0010701413375927662
0.0009451656851727087
0.0007155274610893445
0.0006368247981438631
0.0005599536282276642
0.00042378367725018394
4.8511080232188837e-5
7.751216133673811e-7
4.338338136011384e-7
1.0384765518093246e-6
4.47659788815775e-7
1.1482344122082813e-7
3.3701563596102635e-7
1.5009141053131793e-6
0.0003181741452786581
0.0004776614219520516
0.0005911733979524223
0.0007021041402138706
0.0008169414980786041
0.0010292468545083908
0.0
0.0
0.0
0.0
0.0011132404792940887
0.000993293449082885
0.0007991641783310721
0.0008217631339036744
0.0008561717136524188
0.0008470134516692855
0.0006286366355646052
0.0003625815300965421
0.00042683949335892027
0.000599190626246506
0.0007333621511498153
0.0007107132413811521
0.0005900052494802725
0.00047046881970520273
0.0005206799728876214
0.0005571357047610834
0.000762940718633197
0.0009042060983398548
0.001040942234955221
0.0013499084361892292
0.0
0.0
0.0
0.0
0.001735798347071124
0.0015487635949172557
0.001402776995616238
0.0012378267302242927
0.0009484830374465086
0.0007903606329127518
0.0005401612800747373
0.00028627912285769793
0.0002742847806015064
0.0003450838447485466
0.00039021562262965515
0.00041427159112074585
0.0004589421257302351
0.00042198917771966234
0.00048149780431528994
0.0005236683400505649
0.000733455307670209
0.0009086139834560563
0.0011041717410797732
0.0014124370845118033
0.0
0.0
0.0
0.0
0.001867426935379744
0.0017409527265918891
0.0015508039114315883
0.0013002165506668737
0.0009842647084675128
0.0008027495535228871
0.0004688410655316957
0.00020194141296965277
0.0001407723460612225
0.00016575815201084673
0.00021062494904937844
0.0002432102762062257
0.00035509910501088535
0.00039763017209499396
0.0005184854808902648
0.0005772174261000451
0.0008189181049868952
0.0009847120408880625
0.0011261429920657808
0.001414336445888177
0.0
0.0
0.0
0.0
0.0018214918125272171
0.0016787873437721919
0.0013976925967678865
0.0012679221325698762
0.0010648547089223159
0.0008696244756494092
0.0005891971857293307
0.00039976372893274205
0.0003496877605160014
0.00030439192328702105
0.0002705996375260156
0.0002696512042927951
0.00038909408138188017
0.0003414931720085659
0.0003617152045152612
0.0004490654019682584
0.0004591561204796344
0.0005154967493579614
0.0007283372241264325
0.0010844656066050313
0.0
0.0
0.0
0.0
0.0011377571421534423
0.0010231051930034926
0.0007645691278476819
0.0006119463167032384
0.0006060453109587172
0.00042249229295873426
0.0002396226070515089
2.5172585841469875e-5
9.946684642202156e-7
1.301645497103736e-6
0.0
1.4936181550171532e-7
1.8758741094132123e-5
0.0001255787068176447
0.0002779590349482654
0.00037068117898441825
0.000591440195621341
0.0006809642132734546
0.0007618791544743855
0.0010568628839502335
0.0
0.0
0.0
0.0
0.0015962302347285536
0.001466725601182104
0.0012578815592894064
0.0010434637063262866
0.0007551310480895826
0.0005649756568379319
0.00022947865675768383
0.0
1.2465934093931412e-6
3.1079818646122282e-6
0.0
1.4842906289520818e-7
9.900824056409075e-6
6.191213724510239e-6
0.0001359983000541763
0.00029205781448742973
0.0005493409685338611
0.0006920925517082011
0.0008375283334423825
0.0011502593114124614
0.0
0.0
0.0
0.0
0.0015417107950340795
0.0014487505249688609
0.0012257696972574788
0.0009824167095899019
0.0007923264226660132
0.0005333220808350445
0.00011739432927717452
7.37941704374733e-7
0.0
0.0
0.0
0.0
0.0
0.0
1.8247912906849172e-6
1.656826531475954e-6
0.00017560956816133899
0.0003571607759769522
0.0005966802466108781
0.000878838993790099
0.0
0.0
0.0
0.0
0.0012263936152605295
0.0011089441931559185
0.000957906894505888
0.000667788677079319
0.0002717377914033888
0.00010938834030710658
1.8447594859625345e-7
0.0
0.0
0.0
0.0
0.0
0.0
0.0
1.1410461230493686e-6
3.255782145389054e-5
0.0003178334016126206
0.00048553854581826817
0.0006725666741864404
0.0009717545341533288
0.0
0.0
0.0
0.0
0.0013382973762575416
0.0011624899666045376
0.0009417025787184708
0.0006323726680572835
0.00024015211406343205
3.277719274642372e-5
4.527917274706695e-7
0.0
0.0
0.0
0.0
0.0
0.0
0.0
0.0
0.0
3.1191784645345095e-6
1.3401653069951907e-6
9.492328923393745e-7
2.3963178882468084e-5
0.0
0.0
0.0
0.0
0.00016748441592849965
9.236035828095015e-5
0.0
1.6873173167359825e-7
2.821705657867977e-7
0.0
0.0
0.0
0.0
0.0
0.0
0.0
0.0
0.0
0.0
0.0
0.0
1.0359775283198974e-6
4.6103193906407465e-6
0.0002156997222646204
0.0
0.0
0.0
0.0
0.00044071895421093536
0.0002842362625161543
5.257900258233914e-6
0.0
5.034553374803836e-7
1.0670895784642672e-7
0.0
0.0
0.0
0.0
0.0
0.0
0.0
0.0
0.0
0.0
0.0
2.444344471271974e-6
1.3770087880486956e-5
0.00029988453328188045
0.0
0.0
0.0
0.0
0.0006137425328440459
0.0005187141455452932
0.0002573171769790914
6.011330207320478e-5
8.286290948853195e-6
3.379996674563687e-7
0.0
0.0
0.0
0.0
0.0
0.0
0.0
0.0
0.0
0.0
2.514063462635509e-6
4.18554356587507e-6
3.328410379895756e-5
0.00029806954423434605
0.0
0.0
0.0
0.0
0.0008043395208366139
0.0006538999739511824
0.00046070382390839715
0.0003366967309634153
0.00012319636185070105
6.478315371066399e-7
1.079600310821615e-7
0.0
0.0
0.0
0.0
0.0
0.0
0.0
0.0
2.4521781441081154e-7
2.4965686169998946e-5
0.00021672675636019674
0.0003950116415058194
0.00073609140767233
0.0
0.0
0.0
0.0
0.001147007157503455
0.0010849292683855181
0.0008574482602391013
0.0006669219446478839
0.0004316517678329148
0.0001352094908520602
3.0991754665441946e-7
0.0
0.0
0.0
0.0
0.0
0.0
0.0
1.497854102979607e-6
5.343349004706004e-5
0.00029074651359040906
0.00043213057202132167
0.0005732219625587638
0.0008244774127278946
0.0
0.0
0.0
0.0
0.0014031800933004192
0.0015045423204552778
0.0013439717960095458
0.0010868932913239183
0.0008309075503660508
0.0005963928189808654
0.00015279356887686114
3.2947365144985375e-7
1.220100691875825e-6
3.0070824444727797e-6
2.3597691363707786e-7
0.0
0.0
0.0
2.0578888462246465e-6
4.928902169494754e-5
0.0003362512705298755
0.0005015828045279367
0.0007165345899719265
0.0012946868108461257
0.0
0.0
0.0
0.0
0.0016904977843043123
0.001625663104672557
0.0014423333259508642
0.0011726421961477465
0.0008293594150492109
0.0005181513057848907
0.0001201426198989374
3.31959929671101e-7
1.0733166746396904e-6
1.3303689191142e-6
0.0
0.0
0.0
0.0
1.1603389406342637e-6
1.254406183609346e-6
0.00021300501472860394
0.0005242090199619889
0.0008590843456044181
0.0012784835519293832
0.0
0.0
0.0
0.0
0.0016359491680278146
0.00150182635784684
0.0013152478725969774
0.0010849025280126926
0.000703696539231257
0.00043817875492416615
0.00010083679611080019
2.2629042518051543e-7
3.5421311384691e-7
2.019147953405775e-6
0.0
0.0
0.0
2.5181200515345013e-7
6.139131974405398e-5
0.00021942551868804584
0.00047677421326276065
0.0006391747503464522
0.0007113214459957858
0.0010405182392947516
0.0
0.0
0.0
0.0
0.0012646743619064815
0.001227542560482631
0.0010214268283056502
0.000841547796701597
0.0006098374223481822
0.00043084207693881504
8.677906865975501e-5
0.0
9.875510858056564e-7
7.129272670132812e-7
3.396297981728671e-5
0.0
5.5839189229828406e-5
0.0
2.0913410223776544e-6
8.661600715999945e-5
0.00014703686588563323
0.0002216945756148237
0.0003659365993942707
0.0006282078373859554
0.0
0.0
0.0
0.0
0.0011842935355963775
0.0011948505285858297
0.0009493481504585665
0.0007366631348011259
0.000575058408076304
0.0002882683323373184
3.565578210230431e-5
2.243725318793763e-7
6.681965602893629e-7
5.280941441451598e-7
0.0
0.0
0.0
5.6932709321697546e-5
3.621963999218432e-5
0.0
0.00031735822824484447
0.0005287461347444962
0.00053080635775912
0.0008965718554552675
0.0
0.0
0.0
0.0
0.0013299238800129033
0.0013755321395415283
0.0010770580457453024
0.0008050271999375781
0.0005360041267771732
0.00015437361048859394
2.699387507403027e-7
0.0
0.0
0.0
0.0
0.0
0.0
0.0
0.0
7.513348883447688e-7
5.8898165414064395e-5
0.0004924717779700177
0.0007251630894147215
0.0010751331920303535
0.0
0.0
0.0
0.0
0.0013738852595488761
0.0012951150224036231
0.0010912544926215853
0.0007531550931971218
0.0003227175376927515
0.00010339729175569694
5.225499693504492e-7
0.0
0.0
0.0
0.0
0.0
0.0
0.0
0.0
0.0
3.408796327716188e-6
4.2785516583728455e-5
0.00015281872246328314
0.00037556378440428635
0.0
0.0
0.0
0.0
0.0009193029745723177
0.0008304371676089595
0.0007315823609805698
0.0004593948650548137
0.0001409192557192702
8.874393561430382e-6
0.0
0.0
0.0
0.0
0.0
0.0
0.0
0.0
0.0
0.0
8.407352182720401e-5
0.0003791247578553769
0.0005549679380108148
0.0008343269646795226
0.0
0.0
0.0
0.0
0.0013265935678785465
0.0012565865245460497
0.0009949348258817075
0.0007121052378942502
0.0003305900378463136
6.83742311767593e-5
5.572703085697147e-7
0.0
0.0
0.0
0.0
0.0
0.0
0.0
0.0
0.0
2.280673328347613e-6
8.643914493741572e-5
0.0004017071944492233
0.0007219884198311892
0.0
0.0
0.0
0.0
0.001023532950788867
0.0009542365409902641
0.0007178579059823809
0.0005123670791650981
0.00020098904395518893
6.2626798544032785e-6
2.060225930350941e-7
0.0
0.0
0.0
0.0
0.0
0.0
0.0
0.0
0.0
4.070730529552471e-6
0.00011076515463481301
0.0004219278962772141
0.0007084823721140138
0.0
0.0
0.0
0.0
0.0014134745910243257
0.001324064668804932
0.000981982532699023
0.000639401070319085
0.0003280514162061405
0.00010858303903073776
2.445791009906936e-7
0.0
0.0
0.0
0.0
0.0
0.0
0.0
0.0
1.5606196705548598e-5
0.00019393171973867138
0.0003365336805987771
0.0006294135825197828
0.0010005948755395081
0.0
0.0
0.0
0.0
0.001452231163118249
0.0012826602301724665
0.000946813730168967
0.0005874646038877018
0.00030729561412598554
1.1760827536675474e-5
3.682453669815349e-7
0.0
0.0
0.0
0.0
0.0
0.0
0.0
0.0
2.072235444687244e-6
0.00021870682017532063
0.00043848238891290635
0.00048035868045977626
0.0009836328072933428
0.0
0.0
0.0
0.0
0.001324354999289234
0.0012080096581822207
0.0008838638500121577
0.0005051190296336385
0.00015858043786643494
2.7596069222656237e-5
4.0023358190283436e-7
0.0
0.0
0.0
0.0
0.0
0.0
0.0
0.0
0.0
1.564305972390567e-6
5.893901583426653e-6
1.0695402182597323e-5
0.00024312489875604338
0.0
0.0
0.0
0.0
0.00083181523428336
0.000771714304793038
0.000579602955259994
0.0005350390741560461
0.0005543669107838671
0.0005220442607232394
0.00024339256213206162
0.0
1.4160510016483187e-6
6.772384319757667e-7
4.879825116234619e-6
0.0
1.5690706118624195e-7
0.0
1.9677559015269337e-6
5.376904261794103e-6
0.00019687254452047798
0.0003125904557500345
0.0006372362775462538
0.0009798366797309492
0.0
0.0
0.0
0.0
0.0010281971740300094
0.0009681899140478569
0.0008759804991051195
0.0007536542167862693
0.0006414293890984907
0.0006303791141440499
0.0005435993912156952
0.0004063610996203065
0.00035553439837428074
0.0004087573858828891
0.0004197905833004915
0.0002952321245933299
0.00026695831416240413
0.00022420340013154958
0.0003501141536380356
0.00043178605766985585
0.000707519062170933
0.0009218250825116517
0.0010183731671961258
0.0013227733556366308
0.0
0.0
0.0
0.0
0.0016448706999908993
0.0015236013829630344
0.001300343963442473
0.0010997403904738111
0.0007564861017590488
0.0005453217807561623
0.00022212235528424354
3.6922867134727845e-7
1.2859226090799735e-6
1.3545198184712318e-6
0.0
2.724132098390543e-7
0.0
0.0
7.075729870339805e-7
6.618152375895975e-7
3.3458685420780446e-5
9.684802091314966e-5
0.00030128020406187635
0.0009432183224295234
0.0
0.0
0.0
0.0
0.0011835967726855278
0.001087159996050008
0.0009799635936790373
0.000844844434438903
0.0006583694941946287
0.0005576005198951401
0.000246006851721921
2.1821837966924084e-5
2.76757523154337e-5
4.9184988572158e-5
9.202913063469929e-5
7.42660760666817e-5
5.169902352567489e-6
3.165511910487378e-5
0.00023296084481242194
0.0003782165435074203
0.0007173038515077353
0.0009591956839288087
0.001160479449723881
0.0014752740211090715
0.0
0.0
0.0
0.0
0.0017181924012849893
0.0015815979213843387
0.0013359889364160432
0.0010895683159630983
0.0008086990595904607
0.0005884750527731018
0.00022362162378463158
2.2810267144911807e-5
5.835372738766528e-7
0.0
0.0
0.0
0.0
2.6917911606053528e-6
6.65829381738425e-7
0.0002730623607260099
0.0005390799247574283
0.0007653962108939585
0.0010071531082205688
0.0014356202855309553
0.0
0.0
0.0
0.0
0.0018711837849421065
0.0017806568830111569
0.001340959392118886
0.0010044228978111234
0.0008109551032338644
0.0004096050683169606
0.00011865658957267498
0.0
4.355514055151531e-7
8.385493709232648e-7
0.0
0.0
0.0
0.0
1.5822069711093232e-6
0.00014499951305036365
0.0005264365170907887
0.0008367292935132952
0.0009242640542489012
0.0012674095007317342
0.0
0.0
0.0
0.0
0.00164116431889967
0.00153115481128532
0.0011614430956514272
0.0008495936012468408
0.0006161987688405347
0.0003107650201602199
6.984208963517172e-5
2.959849640194671e-7
5.003521709908285e-7
8.616625037338203e-7
0.0
0.0
0.0
0.0
1.1412773022456055e-6
3.183282415929287e-5
0.0003118021120344421
0.0005295689673298263
0.0006061860731952503
0.0008555370402845852
0.0
0.0
0.0
0.0
0.001117994783059916
0.00099717241226356
0.0008163244671134456
0.0005924376937216264
0.00033274273414855317
0.0001075732718977243
3.158996031802058e-7
0.0
4.7182616765939485e-6
0.0001055041134341718
0.0002794972213274041
0.00035199131937857937
0.00032709730573656263
0.00028334579728777785
0.0004331549295050219
0.0005179997767266328
0.0007651412990938746
0.0009266828360231035
0.001035124981255575
0.0013308286527084945
0.0
0.0
0.0
0.0
0.0016748403334389001
0.0015378748610363172
0.0012672435005908385
0.001037663205507225
0.000827336223444239
0.0006941706323615255
0.00039360301343986025
0.00012048346442467936
7.505163638912821e-5
0.0001280654313446933
0.0001566487297465676
8.409752650122997e-5
6.1033708615143265e-5
8.462715348921509e-5
0.0002901297738761521
0.0005382338399874181
0.0008014849929567307
0.0010654679629586565
0.0013274334981469098
0.001683242850502649
0.0
0.0
0.0
0.0
0.001972152674697138
0.0018544895767709112
0.0016384396792671367
0.0013220813203232876
0.0008760321769915985
0.0005959418558040496
0.00017520952040510633
2.18732412408128e-7
3.5847113573128075e-7
1.2490589155357273e-6
2.752566873057274e-7
0.0
0.0
0.0
1.3790813391186058e-6
8.637898859237266e-5
0.0004890219453480268
0.0007259177555793859
0.0009085864031220675
0.0012124564009960473
0.0
0.0
0.0
0.0
0.0016321534350218908
0.0014630908079533464
0.0011598904232570078
0.000728539278232518
0.00033880688281435274
7.30861835858047e-5
4.225563957052192e-7
0.0
0.0
0.0
0.0
0.0
0.0
0.0
0.0
0.0
2.885228148239188e-6
0.00014370955881693161
0.0004113240577847487
0.0007840156300049657
0.0
0.0
0.0
0.0
0.0013199369149204678
0.0013527110506073186
0.0009217328135824034
0.0004347043848803677
9.07477363457188e-5
9.954880931743588e-8
0.0
0.0
0.0
0.0
0.0
0.0
0.0
0.0
0.0
1.0963126827506908e-6
7.705285937306147e-7
1.1216421956592264e-5
0.00021962963967787718
0.0006256370221262431
0.0
0.0
0.0
0.0
0.0012869582741144203
0.0011654804652091615
0.0008237786287610654
0.0004098531260339505
0.00016381704205441916
4.302984444834453e-7
1.1600463914939233e-7
0.0
0.0
0.0
0.0
0.0
0.0
0.0
0.0
0.0
2.0031578560355767e-5
0.000260031141252338
0.00034985912733290106
0.0006335209613922848
0.0
0.0
0.0
0.0
0.0011902398324330232
0.0010837414307087773
0.0007667722095260462
0.00028496183866950507
9.409141918140706e-6
0.0
0.0
0.0
0.0
0.0
0.0
0.0
0.0
0.0
0.0
0.0
0.0
4.40195460033646e-6
0.00011634079862278725
0.0005178748873102255
0.0
0.0
0.0
0.0
0.0009598759346835752
0.0008691336673539562
0.0005731022210422688
0.0001642819956372468
3.419402415631086e-7
1.3279613258801546e-7
0.0
0.0
0.0
0.0
0.0
0.0
0.0
0.0
0.0
0.0
9.792394016915734e-7
2.0742057779545694e-6
1.202936030146214e-5
0.00015453203018917503
0.0
0.0
0.0
0.0
0.00044860462624283766
0.0004217611625702356
0.0001767886630331173
1.1719103730648385e-5
3.5909649782388415e-7
0.0
0.0
0.0
0.0
0.0
0.0
0.0
0.0
0.0
0.0
0.0
0.0
0.0
7.433195335180862e-7
7.2059692214560215e-6
0.0
0.0
0.0
0.0
9.56087106737699e-5
8.145803781900661e-6
9.302076818756271e-7
0.0
9.228816867158842e-7
0.0
0.0
0.0
0.0
0.0
0.0
0.0
0.0
0.0
0.0
0.0
0.0
0.0
0.0
6.7419313314626986e-6
0.0
0.0
0.0
0.0
0.0006070169367104111
0.0005913877577148299
0.00032449346603595513
8.98258350719713e-5
4.280972057635481e-7
0.0
0.0
0.0
0.0
0.0
0.0
0.0
0.0
0.0
0.0
0.0
3.5117688910820753e-6
0.00011459792465012968
0.00035819429399342704
0.0006829662101802256
0.0
0.0
0.0
0.0
0.0011013755657202887
0.0011012451522558436
0.0007559163635038124
0.0004516583084640297
0.00020186361428629928
2.8830059154462968e-5
1.9657274223503466e-7
0.0
0.0
0.0
0.0
0.0
0.0
0.0
0.0
2.391352262481568e-6
4.048604291893359e-5
0.0003478438239609093
0.0005786452081769496
0.0009161302063261625
0.0
0.0
0.0
0.0
0.0015782962599712618
0.0014602423760674702
0.0010214690117345642
0.0006419992391554544
0.00041152406496018895
5.2128981848385364e-5
2.530477979186825e-7
0.0
0.0
0.0
0.0
0.0
0.0
0.0
0.0
0.0
4.096677021290645e-6
0.00025160235007466584
0.0005202353387055341
0.0007768237434951389
0.0
0.0
0.0
0.0
0.001388171647921789
0.0012793706313740754
0.0009013114241782473
0.000419253028302055
2.6071424678085827e-5
3.6072329399111087e-7
0.0
0.0
0.0
0.0
0.0
0.0
0.0
0.0
0.0
0.0
0.0
0.0
1.387037778876187e-6
6.346352469203634e-6
0.0
0.0
0.0
0.0
0.00013132665496768512
0.00025873288176612666
0.00018880650701647416
3.3889577175275246e-5
1.1699100676660657e-7
0.0
0.0
0.0
0.0
0.0
0.0
0.0
0.0
0.0
0.0
5.502469079065439e-7
1.5133916157583026e-6
1.9891603827641313e-6
0.00016204659901161977
0.0004899759839220784
0.0
0.0
0.0
0.0
0.0005801145562952215
0.00042869513285797163
0.0002698333635486257
0.0002797172772494321
0.0003371133959191498
0.00041400815812384404
0.00023198284829321837
9.085637267452469e-6
1.053911660127399e-6
0.00012563825536550255
0.00042826806937612766
0.0004073243287211482
0.00029813939321629703
0.00019864287872233268
0.00028531832024696367
0.0003077326942573425
0.0004584220748787972
0.0005724280444618286
0.000675281585717039
0.0009204934209560282
0.0
0.0
0.0
0.0
0.0011496797568754592
0.0011117490191499143
0.000992218677258882
0.0008988073757257523
0.0008145300931587272
0.000821501297734091
0.0005356021710539849
0.00016583832974742047
7.117344590835868e-5
9.667839207566277e-5
0.00046485519164357814
0.0007707176596556139
0.0005552749075142994
0.0003038803358327746
0.00035978673098606905
0.0003994836928322384
0.0006439030522616295
0.0007705132143957179
0.0009926425577062878
0.001265294909122855
0.0
0.0
0.0
0.0
0.0015701640211695262
0.001485553008193807
0.0011639805546051285
0.0008507766051240889
0.0005438826553416603
0.0004024779778916765
9.666267109219462e-5
2.952627269209269e-7
1.0206233201693622e-6
2.898414116042961e-6
0.0
0.0
0.0
0.0
0.0
2.833376413614276e-7
2.5225437781251524e-5
0.00020120973213304138
0.00040542446825980445
0.0007742971827961658
0.0
0.0
0.0
0.0
0.0012266897611081357
0.0011062991271315696
0.0006919422565882931
0.00034242058111041165
7.76707100888236e-5
0.0
0.0
0.0
0.0
0.0
0.0
0.0
0.0
0.0
0.0
0.0
0.0
1.0800954682493147e-6
4.573572882299005e-6
0.0
0.0
0.0
0.0
0.0006826428405798447
0.0006661120328536528
0.000513669719965976
0.000420505003611024
0.0002966436723128016
1.3384400879119873e-5
1.0112298928754434e-7
0.0
0.0
0.0
0.0
0.0
0.0
0.0
0.0
0.0
0.0
0.0
1.4412883299455465e-6
0.000153335831326609
0.0
0.0
0.0
0.0
0.0006075937581232075
0.0006249588390276002
0.0006314154424581739
0.00044972483970832596
7.783961063814461e-5
3.796928880838126e-7
0.0
0.0
0.0
0.0
0.0
0.0
0.0
0.0
0.0
0.0
0.0
0.0
3.7889626518320123e-6
0.00011958357386657596
0.0
0.0
0.0
0.0
0.0008206353170839883
0.0006619962810809247
0.00037750877948682814
0.00016139827901038518
4.580385661187858e-7
1.3104099125611577e-7
0.0
0.0
0.0
0.0
0.0
0.0
0.0
0.0
0.0
0.0
0.0
0.0
2.4075349651993233e-6
3.452565248656439e-5
0.0
0.0
0.0
0.0
0.0005394041896083701
0.0005920177695234832
0.0004447023965241231
0.00015917681505550857
4.967500874588978e-7
1.5111056624173462e-7
0.0
0.0
0.0
0.0
0.0
0.0
0.0
0.0
0.0
0.0
0.0
0.0
1.5579375535539476e-6
7.295681366851226e-6
0.0
0.0
0.0
0.0
0.0005059974855414169
0.00044752308497550544
0.0003559015973412667
0.00011348508681603495
5.011744924549631e-7
0.0
0.0
0.0
0.0
0.0
0.0
0.0
0.0
0.0
0.0
0.0
0.0
0.0
0.0
5.7884612289663554e-6
0.0
0.0
0.0
0.0
0.0003913355447155122
0.00023847658431497246
3.0025640262602998e-5
1.7734639994899567e-7
2.586273402275631e-7
0.0
0.0
0.0
0.0
0.0
0.0
0.0
0.0
0.0
0.0
0.0
0.0
0.0
0.0
3.089040739088309e-6
0.0
0.0
0.0
0.0
0.00022540497120549568
0.0002025489262415387
0.0
0.0
4.3540091202280797e-7
0.0
0.0
0.0
0.0
0.0
0.0
0.0
0.0
0.0
0.0
0.0
0.0
0.0
0.0
4.840781984792376e-6
0.0
0.0
0.0
0.0
0.00022894938454869746
0.00019327110502313755
3.2667695975562206e-5
0.0
5.564694174434606e-6
0.0
5.288244613482684e-7
0.0
0.0
0.0
0.0
0.0
0.0
0.0
0.0
0.0
0.0
1.9720254968532058e-6
3.352923292215876e-6
0.00010944697944413847
0.0
0.0
0.0
0.0
0.0002476236599463534
0.0001735991478279425
8.608287750178019e-5
0.00016918419204095983
0.00018879053752035832
0.00016994751727192963
0.0
0.0
0.0
0.0
0.0
0.0
0.0
0.0
0.0
0.0
1.4150635400862818e-6
2.6606341831589356e-6
1.6952503341282464e-6
2.9974304082623608e-5
0.0
0.0
0.0
0.0
0.0002857120613430674
0.0002164111063569151
3.912312957516678e-5
0.0
2.686420681926741e-7
0.0
0.0
0.0
0.0
0.0
0.0
0.0
0.0
0.0
0.0
0.0
0.0
0.0
2.325374991081078e-6
0.00012682428252365567
0.0
0.0
0.0
0.0
0.00046719076313176495
0.00043783085247188155
0.00025560900234919865
6.815728021461839e-5
1.7374611625108918e-7
0.0
0.0
0.0
0.0
0.0
0.0
0.0
0.0
0.0
0.0
0.0
0.0
0.0
2.640184582001709e-6
0.00011152376372521798
0.0
0.0
0.0
0.0
0.0006615134739787462
0.0006136040206735933
0.0003979868034494355
0.00018847156526148937
8.360411934662765e-6
1.0903091134356634e-7
0.0
0.0
0.0
0.0
0.0
0.0
0.0
0.0
0.0
0.0
0.0
0.0
1.3755302929142653e-6
2.7299008724926154e-5
0.0
0.0
0.0
0.0
0.0006080871771853052
0.0005365086693709394
0.00038510971832965467
0.0001576156906564743
3.294347718038181e-7
1.1062032904592337e-7
0.0
0.0
0.0
0.0
0.0
0.0
0.0
0.0
0.0
0.0
0.0
0.0
2.2234371195532546e-6
0.00010465682883917703
0.0
0.0
0.0
0.0
0.000642091893243906
0.0006671799163524668
0.0003666092961626719
0.00016738820799976585
1.3003173003074556e-5
2.833331750208073e-7
0.0
0.0
0.0
0.0
0.0
0.0
0.0
0.0
0.0
0.0
0.0
0.0
0.0
6.371705950291331e-6
0.0
0.0
0.0
0.0
0.00040754220711627036
0.00030529521012027786
6.444502357895931e-5
5.22474139072636e-6
9.52467224267802e-7
1.7358584715555713e-7
0.0
0.0
0.0
0.0
0.0
0.0
0.0
0.0
0.0
0.0
0.0
0.0
2.2716635315919834e-6
4.226347581602072e-5
0.0
0.0
0.0
0.0
0.0006115695988844129
0.0005396740326996988
0.000384926235024698
0.0001670482847923453
2.821354395120484e-7
2.282520489838654e-7
0.0
0.0
0.0
0.0
0.0
0.0
0.0
0.0
0.0
0.0
0.0
0.0
3.967172035668519e-7
7.042991717816819e-6
0.0
0.0
0.0
0.0
0.0005856906238038437
0.0005099511688351428
0.0003367140630631963
0.000126252903930469
2.3136031400550048e-7
1.2810995134603295e-7
0.0
0.0
0.0
0.0
0.0
0.0
0.0
0.0
0.0
0.0
0.0
0.0
1.22879837644161e-6
9.34096082872808e-6
0.0
0.0
0.0
0.0
0.00038792863333659736
0.0002880737436515783
0.00010978507971055733
3.314841228889333e-7
1.682619381766182e-7
0.0
0.0
0.0
0.0
0.0
0.0
0.0
0.0
0.0
0.0
0.0
0.0
0.0
0.0
6.3971082920164554e-6
0.0
0.0
0.0
0.0
0.0002696751592771645
0.00031917033690141895
4.4982235218363915e-5
5.416734530819197e-7
1.3617750213179273e-7
0.0
0.0
0.0
0.0
0.0
0.0
0.0
0.0
0.0
0.0
0.0
0.0
0.0
0.0
2.2578852302558514e-6
0.0
0.0
0.0
0.0
3.1971749648566204e-6
0.0
6.3615034691865e-7
0.0
0.0
0.0
0.0
0.0
0.0
0.0
0.0
0.0
0.0
0.0
0.0
0.0
0.0
0.0
1.952147731601355e-6
7.983344730612093e-6
0.0
0.0
0.0
0.0
0.0004088269151646792
0.000310866967373017
0.0
2.788345848478774e-7
9.589546253732622e-8
0.0
0.0
0.0
0.0
0.0
0.0
0.0
0.0
0.0
0.0
0.0
0.0
0.0
0.0
4.032351522254304e-6
0.0
0.0
0.0
0.0
0.0003164943594695108
0.00018033637127684934
6.575451086788012e-7
0.0
1.0915756461405209e-7
0.0
0.0
0.0
0.0
0.0
0.0
0.0
0.0
0.0
0.0
0.0
0.0
0.0
0.0
1.6525447499545035e-6
0.0
0.0
0.0
0.0
0.00014123885354002023
2.6006852448020583e-5
1.007941424967293e-6
0.0
0.0
0.0
0.0
0.0
0.0
0.0
0.0
0.0
0.0
0.0
0.0
0.0
0.0
0.0
0.0
3.5902520217778677e-6
0.0
0.0
0.0
0.0
0.0003724373144956383
0.00031061681979403343
1.8712908758067366e-5
0.0
2.3359874388858274e-7
0.0
0.0
0.0
0.0
0.0
0.0
0.0
0.0
0.0
0.0
0.0
0.0
0.0
0.0
8.8792691208312e-6
0.0
0.0
0.0
0.0
0.0006784498696647835
0.0004608464572951973
5.579958161745106e-5
4.803175981201822e-7
9.708425822034717e-8
0.0
0.0
0.0
0.0
0.0
0.0
0.0
0.0
0.0
0.0
0.0
0.0
0.0
4.7265344766208215e-6
0.00020416003412263603
0.0
0.0
0.0
0.0
0.0008425391117866114
0.0006760244924254146
0.00031865165618433266
0.0001159189788157377
3.9888124076082514e-7
1.2917489330728886e-7
0.0
0.0
0.0
0.0
0.0
0.0
0.0
0.0
0.0
0.0
0.0
0.0
0.0
1.1629966195926816e-5
0.0
0.0
0.0
0.0
0.0006981128842021877
0.000495935108928818
7.341530225370437e-5
4.092725029762377e-7
1.0321797729706972e-7
0.0
0.0
0.0
0.0
0.0
0.0
0.0
0.0
0.0
0.0
0.0
0.0
0.0
0.0
6.509516240184587e-6
0.0
0.0
0.0
0.0
0.0004567570501802575
0.00030707411675336317
0.0
0.0
3.114514548957303e-7
0.0
0.0
0.0
0.0
0.0
0.0
0.0
0.0
0.0
0.0
0.0
0.0
0.0
0.0
1.3018070116589243e-5
0.0
0.0
0.0
0.0
0.0006680378880855141
0.00047995774112177835
2.830834789611771e-5
4.111824073777867e-7
7.047316880596859e-7
0.0
0.0
0.0
0.0
0.0
0.0
0.0
0.0
0.0
0.0
0.0
0.0
0.0
2.2734729971707632e-6
0.0001135075875412068
0.0
0.0
0.0
0.0
0.0006994193990584271
0.0005335637744784681
0.00016486617903609056
9.031284500511471e-6
3.309029836252028e-7
0.0
0.0
0.0
0.0
0.0
0.0
0.0
0.0
0.0
0.0
0.0
0.0
0.0
0.0
3.050392469848955e-6
0.0
0.0
0.0
0.0
0.000530794337947053
0.000396345723308161
3.671695767770316e-5
0.0
1.1296917694095072e-7
0.0
0.0
0.0
0.0
0.0
0.0
0.0
0.0
0.0
0.0
0.0
0.0
0.0
4.077730789060311e-6
0.00017641666746951636
0.0
0.0
0.0
0.0
0.0009015555716024705
0.0006873480655114367
0.0002446632692829896
1.6001600583622383e-5
3.1159460860789796e-7
0.0
0.0
0.0
0.0
0.0
0.0
0.0
0.0
0.0
0.0
0.0
0.0
0.0
0.0
5.625242279938917e-6
0.0
0.0
0.0
0.0
0.0007079901941347632
0.0005356912212263091
8.782714748345497e-5
3.837554540305876e-7
1.0618018600970736e-7
0.0
0.0
0.0
0.0
0.0
0.0
0.0
0.0
0.0
0.0
0.0
0.0
0.0
0.0
9.629080071820772e-6
0.0
0.0
0.0
0.0
0.0006527199945777711
0.00047396168324795725
8.779031090617422e-5
0.0
2.947352551252482e-7
0.0
0.0
0.0
0.0
0.0
0.0
0.0
0.0
0.0
0.0
0.0
0.0
0.0
0.0
1.9879232499872927e-6
0.0
0.0
0.0
0.0
4.1271521922841104e-7
0.0
0.0
0.0
0.0
0.0
0.0
0.0
0.0
0.0
0.0
0.0
0.0
0.0
0.0
0.0
0.0
0.0
0.0
1.54564616369874e-6
0.0
0.0
0.0
0.0
2.9299889030450652e-5
0.0
4.5886770356202914e-7
0.0
0.0
0.0
0.0
0.0
0.0
0.0
0.0
0.0
0.0
0.0
0.0
0.0
0.0
0.0
0.0
2.8913320758565694e-6
0.0
0.0
0.0
0.0
0.00016380864900799797
2.5527239779293434e-5
1.0757028401748137e-6
0.0
0.0
0.0
0.0
0.0
0.0
0.0
0.0
0.0
0.0
0.0
0.0
0.0
0.0
0.0
0.0
1.5946133107761388e-6
0.0
0.0
0.0
0.0
5.043079020519426e-6
4.0510421095690256e-7
0.0
0.0
0.0
0.0
0.0
0.0
0.0
0.0
0.0
0.0
0.0
0.0
0.0
0.0
0.0
0.0
8.655897817380786e-7
7.484597070749897e-6
0.0
0.0
0.0
0.0
0.0004852118968936485
0.0003820358847643198
0.00013026877749818558
3.446446766861411e-5
2.544739462228505e-7
0.0
0.0
0.0
0.0
0.0
0.0
0.0
0.0
0.0
0.0
0.0
0.0
0.0
4.0594948936419585e-6
8.68616598847385e-5
0.0
0.0
0.0
0.0
0.0006147649472819527
0.00047264781284215435
0.0001280443181967446
3.831791748915692e-6
1.5791161669815142e-7
0.0
0.0
0.0
0.0
0.0
0.0
0.0
0.0
0.0
0.0
0.0
0.0
1.195934143495216e-6
1.9236513707246575e-5
0.0003849849511420787
0.0
0.0
0.0
0.0
0.0008878641859718356
0.000697031043187795
0.00035259683476582824
0.00017561284368805238
1.8441315528807575e-5
1.405289363867966e-7
0.0
0.0
0.0
0.0
0.0
0.0
0.0
0.0
0.0
0.0
0.0
2.083927010230001e-6
4.000752527635833e-5
0.0004022477791650487
0.0
0.0
0.0
0.0
0.0011978012703160123
0.0009723061614298539
0.0003901069463946484
6.579577542433652e-5
4.1543264092340917e-7
9.887922323739244e-8
0.0
0.0
0.0
0.0
0.0
0.0
0.0
0.0
0.0
0.0
0.0
0.0
3.883846664031392e-6
0.00021913452485970177
0.0
0.0
0.0
0.0
0.0009314496716233009
0.0007010545543518044
0.00015447579276178713
1.9967787815996763e-7
7.647421353887209e-7
0.0
0.0
0.0
0.0
0.0
0.0
0.0
0.0
0.0
0.0
0.0
0.0
0.0
0.0
6.670007922206718e-6
0.0
0.0
0.0
0.0
0.0007466018578022478
0.0005747906137178361
0.0001773434875687102
5.2492782989025235e-6
3.482683750255843e-7
0.0
0.0
0.0
0.0
0.0
0.0
0.0
0.0
0.0
0.0
0.0
0.0
0.0
0.0
6.535480617624532e-6
0.0
0.0
0.0
0.0
0.0005261021895051083
0.0002981444526145542
6.844504254179967e-7
1.7769822344297525e-7
0.0
0.0
0.0
0.0
0.0
0.0
0.0
0.0
0.0
0.0
0.0
0.0
0.0
0.0
0.0
6.035903582040456e-6
0.0
0.0
0.0
0.0
0.0005093754932452301
0.0003032925458788448
6.662061348935479e-7
1.61901114069308e-7
0.0
0.0
0.0
0.0
0.0
0.0
0.0
0.0
0.0
0.0
0.0
0.0
0.0
0.0
0.0
2.0972403953149117e-6
0.0
0.0
0.0
0.0
0.00032538766004824903
0.00015815140501357802
6.508734542074371e-7
1.6963785487226444e-7
0.0
0.0
0.0
0.0
0.0
0.0
0.0
0.0
0.0
0.0
0.0
0.0
0.0
0.0
0.0
3.201181431567319e-6
0.0
0.0
0.0
0.0
0.00040389077544761347
0.00019689915095007102
8.424705065908308e-7
0.0
0.0
0.0
0.0
0.0
0.0
0.0
0.0
0.0
0.0
0.0
0.0
0.0
0.0
0.0
0.0
2.2253238930978466e-6
0.0
0.0
0.0
0.0
0.00010152927644264792
0.0
9.392294685136734e-7
0.0
0.0
0.0
0.0
0.0
0.0
0.0
0.0
0.0
0.0
0.0
0.0
0.0
0.0
0.0
0.0
2.474909370714449e-6
0.0
0.0
0.0
0.0
0.00020796726262463933
4.31834062061815e-5
1.1135181768912217e-6
0.0
0.0
0.0
0.0
0.0
0.0
0.0
0.0
0.0
0.0
0.0
0.0
0.0
0.0
0.0
0.0
4.81690100067966e-6
0.0
0.0
0.0
0.0
5.3267638820658336e-6
0.0
0.0
0.0
0.0
0.0
0.0
0.0
0.0
0.0
0.0
0.0
0.0
0.0
0.0
0.0
0.0
0.0
0.0
4.723286611984759e-7
0.0
0.0
0.0
0.0
3.1162882238230885e-6
4.7223836633887374e-7
0.0
0.0
0.0
0.0
0.0
0.0
0.0
0.0
0.0
0.0
0.0
0.0
0.0
0.0
0.0
0.0
0.0
1.2959795265242935e-6
0.0
0.0
0.0
0.0
5.332119539452712e-6
0.0
0.0
0.0
0.0
0.0
0.0
0.0
0.0
0.0
0.0
0.0
0.0
0.0
0.0
0.0
0.0
0.0
0.0
1.4317497683046001e-6
0.0
0.0
0.0
0.0
3.5349285673958145e-6
0.0
0.0
0.0
0.0
0.0
0.0
0.0
0.0
0.0
0.0
0.0
0.0
0.0
0.0
0.0
0.0
0.0
0.0
9.000728110100859e-7
0.0
0.0
0.0
0.0
5.894288434781541e-6
0.0
0.0
0.0
0.0
0.0
0.0
0.0
0.0
0.0
0.0
0.0
0.0
0.0
0.0
0.0
0.0
0.0
0.0
1.3554999836349933e-6
0.0
0.0
0.0
0.0
0.0002684739234153057
9.731595124110293e-5
1.098532063537517e-6
0.0
0.0
0.0
0.0
0.0
0.0
0.0
0.0
0.0
0.0
0.0
0.0
0.0
0.0
0.0
0.0
3.1414454075960005e-6
0.0
0.0
0.0
0.0
0.000549460551519755
0.0003165936721006723
7.335261688536356e-7
0.0
0.0
0.0
0.0
0.0
0.0
0.0
0.0
0.0
0.0
0.0
0.0
0.0
0.0
0.0
0.0
5.73681039631689e-6
0.0
0.0
0.0
0.0
0.0002814287890031902
7.974343996425952e-5
1.0244961139801123e-6
0.0
0.0
0.0
0.0
0.0
0.0
0.0
0.0
0.0
0.0
0.0
0.0
0.0
0.0
0.0
0.0
1.6695289880261974e-6
0.0
0.0
0.0
0.0
8.101417550008198e-5
0.0
7.530137029528435e-7
0.0
0.0
0.0
0.0
0.0
0.0
0.0
0.0
0.0
0.0
0.0
0.0
0.0
0.0
0.0
0.0
1.414482522536464e-6
0.0
0.0
0.0
0.0
5.253904950455546e-6
0.0
0.0
0.0
0.0
0.0
0.0
0.0
0.0
0.0
0.0
0.0
0.0
0.0
0.0
0.0
0.0
0.0
0.0
2.4916579189019103e-6
0.0
0.0
0.0
0.0
0.00014777483284998948
1.0677831070419008e-5
7.594912491576341e-7
0.0
0.0
0.0
0.0
0.0
0.0
0.0
0.0
0.0
0.0
0.0
0.0
0.0
0.0
0.0
0.0
5.454101063734811e-6
0.0
0.0
0.0
0.0
0.0001596184425628196
2.640200464026007e-5
1.0184331578017054e-6
0.0
0.0
0.0
0.0
0.0
0.0
0.0
0.0
0.0
0.0
0.0
0.0
0.0
0.0
0.0
0.0
6.657204996002946e-6
0.0
0.0
0.0
0.0
0.000588630931027971
0.0004210038703844593
7.680155824741339e-6
1.1443668235821511e-7
1.242249717906579e-7
0.0
0.0
0.0
0.0
0.0
0.0
0.0
0.0
0.0
0.0
0.0
0.0
0.0
0.0
3.638854834896044e-6
0.0
0.0
0.0
0.0
0.00038061045393502464
0.0002206174648368958
8.389741196523637e-7
1.474561602738161e-7
0.0
0.0
0.0
0.0
0.0
0.0
0.0
0.0
0.0
0.0
0.0
0.0
0.0
0.0
0.0
5.664678569846731e-6
0.0
0.0
0.0
0.0
0.000532413774638461
0.00033015135348568163
5.931327709816783e-7
1.3842761687231406e-7
0.0
0.0
0.0
0.0
0.0
0.0
0.0
0.0
0.0
0.0
0.0
0.0
0.0
0.0
0.0
6.854097370172096e-6
0.0
0.0
0.0
0.0
0.000538767425927989
0.00028415646729982534
6.100878513302467e-7
0.0
0.0
0.0
0.0
0.0
0.0
0.0
0.0
0.0
0.0
0.0
0.0
0.0
0.0
0.0
0.0
1.797896246574204e-6
0.0
0.0
0.0
0.0
3.8891144247926115e-5
0.0
5.632052244153312e-7
0.0
0.0
0.0
0.0
0.0
0.0
0.0
0.0
0.0
0.0
0.0
0.0
0.0
0.0
0.0
0.0
5.668830224327275e-6
0.0
0.0
0.0
0.0
0.00038965833414361786
0.00013370546122008412
7.858991196554155e-7
0.0
0.0
0.0
0.0
0.0
0.0
0.0
0.0
0.0
0.0
0.0
0.0
0.0
0.0
0.0
0.0
1.251798053992145e-6
0.0
0.0
0.0
0.0
6.502611675746435e-6
0.0
1.6548626282561561e-7
0.0
0.0
0.0
0.0
0.0
0.0
0.0
0.0
0.0
0.0
0.0
0.0
0.0
0.0
0.0
0.0
1.1791933274559971e-6
0.0
0.0
0.0
0.0
6.192028020837378e-6
7.256077410396805e-7
0.0
0.0
0.0
0.0
0.0
0.0
0.0
0.0
0.0
0.0
0.0
0.0
0.0
0.0
0.0
0.0
0.0
0.0
0.0
0.0
0.0
0.0
7.0703504372246355e-6
0.0
0.0
0.0
0.0
0.0
0.0
0.0
0.0
0.0
0.0
0.0
0.0
0.0
0.0
0.0
0.0
0.0
0.0
0.0
0.0
0.0
0.0
0.0
4.607283651920952e-6
5.627327105383838e-7
0.0
0.0
0.0
0.0
0.0
0.0
0.0
0.0
0.0
0.0
0.0
0.0
0.0
0.0
0.0
0.0
0.0
1.1635461762523e-6
0.0
0.0
0.0
0.0
6.1760429876928e-6
0.0
0.0
0.0
0.0
0.0
0.0
0.0
0.0
0.0
0.0
0.0
0.0
0.0
0.0
0.0
0.0
0.0
0.0
2.320420659414332e-6
0.0
0.0
0.0
0.0
0.00031077173264066574
0.00010295870040225891
8.53261732888184e-7
0.0
0.0
0.0
0.0
0.0
0.0
0.0
0.0
0.0
0.0
0.0
0.0
0.0
0.0
0.0
0.0
2.1103657539669914e-6
0.0
0.0
0.0
0.0
0.0002666526990238853
4.87565733707433e-5
6.695031060407256e-7
0.0
0.0
0.0
0.0
0.0
0.0
0.0
0.0
0.0
0.0
0.0
0.0
0.0
0.0
0.0
0.0
2.0474753263256985e-6
0.0
0.0
0.0
0.0
4.812120634946421e-5
5.211206153554194e-7
2.656524848560767e-7
0.0
0.0
0.0
0.0
0.0
0.0
0.0
0.0
0.0
0.0
0.0
0.0
0.0
0.0
0.0
0.0
0.0
0.0
0.0
0.0
0.0
7.150030788059914e-6
6.963862259211594e-7
0.0
0.0
0.0
0.0
0.0
0.0
0.0
0.0
0.0
0.0
0.0
0.0
0.0
0.0
0.0
0.0
0.0
4.401402293367223e-7
0.0
0.0
0.0
0.0
3.5345134109588374e-6
0.0
0.0
0.0
0.0
0.0
0.0
0.0
0.0
0.0
0.0
0.0
0.0
0.0
0.0
0.0
0.0
0.0
0.0
0.0
0.0
0.0
0.0
0.0
5.413667047360259e-6
0.0
0.0
0.0
0.0
0.0
0.0
0.0
0.0
0.0
0.0
0.0
0.0
0.0
0.0
0.0
0.0
0.0
0.0
0.0
0.0
0.0
0.0
0.0
5.142172876876702e-6
0.0
0.0
0.0
0.0
0.0
0.0
0.0
0.0
0.0
0.0
0.0
0.0
0.0
0.0
0.0
0.0
0.0
0.0
0.0
0.0
0.0
0.0
0.0
4.8699948679421896e-6
0.0
0.0
0.0
0.0
0.0
0.0
0.0
0.0
0.0
0.0
0.0
0.0
0.0
0.0
0.0
0.0
0.0
0.0
4.73254092754974e-7
0.0
0.0
0.0
0.0
2.3081322515821668e-6
0.0
0.0
0.0
0.0
0.0
0.0
0.0
0.0
0.0
0.0
0.0
0.0
0.0
0.0
0.0
0.0
0.0
0.0
1.2882440184367548e-6
0.0
0.0
0.0
0.0
2.718901644134302e-6
0.0
0.0
0.0
0.0
0.0
0.0
0.0
0.0
0.0
0.0
0.0
0.0
0.0
0.0
0.0
0.0
0.0
0.0
1.8783058066362316e-6
0.0
0.0
0.0
0.0
7.302346326735569e-6
0.0
0.0
0.0
0.0
0.0
0.0
0.0
0.0
0.0
0.0
0.0
0.0
0.0
0.0
0.0
0.0
0.0
0.0
9.174630187251273e-7
0.0
0.0
0.0
0.0
5.900011083108243e-6
0.0
0.0
0.0
0.0
0.0
0.0
0.0
0.0
0.0
0.0
0.0
0.0
0.0
0.0
0.0
0.0
0.0
0.0
0.0
0.0
0.0
0.0
0.0
1.4583977872390886e-6
0.0
0.0
0.0
0.0
0.0
0.0
0.0
0.0
0.0
0.0
0.0
0.0
0.0
0.0
0.0
0.0
0.0
0.0
0.0
0.0
0.0
0.0
0.0
2.9571767408825115e-6
0.0
0.0
0.0
0.0
0.0
0.0
0.0
0.0
0.0
0.0
0.0
0.0
0.0
0.0
0.0
0.0
0.0
0.0
0.0
0.0
0.0
0.0
0.0
3.0327584687163113e-6
0.0
0.0
0.0
0.0
0.0
0.0
0.0
0.0
0.0
0.0
0.0
0.0
0.0
0.0
0.0
0.0
0.0
0.0
0.0
0.0
0.0
0.0
0.0
3.5769325452044884e-6
0.0
0.0
0.0
0.0
0.0
0.0
0.0
0.0
0.0
0.0
0.0
0.0
0.0
0.0
0.0
0.0
0.0
0.0
0.0
0.0
0.0
0.0
0.0
3.535123686834026e-6
0.0
0.0
0.0
0.0
0.0
0.0
0.0
0.0
0.0
0.0
0.0
0.0
0.0
0.0
0.0
0.0
0.0
0.0
0.0
0.0
0.0
0.0
0.0
4.492150513157256e-6
0.0
0.0
0.0
0.0
0.0
0.0
0.0
0.0
0.0
0.0
0.0
0.0
0.0
0.0
0.0
0.0
0.0
0.0
0.0
0.0
0.0
0.0
0.0
3.253732822302644e-6
0.0
0.0
0.0
0.0
0.0
0.0
0.0
0.0
0.0
0.0
0.0
0.0
0.0
0.0
0.0
0.0
0.0
0.0
0.0
0.0
0.0
0.0
0.0
2.9266595840601912e-6
0.0
0.0
0.0
0.0
0.0
0.0
0.0
0.0
0.0
0.0
0.0
0.0
0.0
0.0
0.0
0.0
0.0
0.0
3.0485774418606928e-6
0.0
0.0
0.0
0.0
1.752372756827306e-7
0.0
0.0
0.0
0.0
0.0
0.0
0.0
0.0
0.0
0.0
0.0
0.0
0.0
0.0
0.0
0.0
0.0
0.0
2.423325794173716e-6
0.0
0.0
0.0
0.0
4.229985194010827e-6
0.0
0.0
0.0
0.0
0.0
0.0
0.0
0.0
0.0
0.0
0.0
0.0
0.0
0.0
0.0
0.0
0.0
0.0
0.0
0.0
0.0
0.0
0.0
6.818988821499817e-6
0.0
0.0
0.0
0.0
0.0
0.0
0.0
0.0
0.0
0.0
0.0
0.0
0.0
0.0
0.0
0.0
0.0
0.0
7.286504009107327e-7
0.0
0.0
0.0
0.0
8.973896088179695e-5
2.223513594638036e-5
7.096442598181659e-7
0.0
0.0
0.0
0.0
0.0
0.0
0.0
0.0
0.0
0.0
0.0
0.0
0.0
0.0
0.0
0.0
0.0
0.0
0.0
0.0
0.0
7.463356531909658e-6
0.0
0.0
0.0
0.0
0.0
0.0
0.0
0.0
0.0
0.0
0.0
0.0
0.0
0.0
0.0
0.0
0.0
0.0
5.241066806385858e-7
0.0
0.0
0.0
0.0
7.221067211200219e-6
0.0
0.0
0.0
0.0
0.0
0.0
0.0
0.0
0.0
0.0
0.0
0.0
0.0
0.0
0.0
0.0
0.0
0.0
0.0
0.0
0.0
0.0
0.0
2.3624717806064997e-6
0.0
0.0
0.0
0.0
0.0
0.0
0.0
0.0
0.0
0.0
0.0
0.0
0.0
0.0
0.0
0.0
0.0
0.0
0.0
0.0
0.0
0.0
0.0
1.8523412566985157e-6
0.0
0.0
0.0
0.0
0.0
0.0
0.0
0.0
0.0
0.0
0.0
0.0
0.0
0.0
0.0
0.0
0.0
0.0
0.0
0.0
0.0
0.0
0.0
4.743770390228438e-6
0.0
0.0
0.0
0.0
0.0
0.0
0.0
0.0
0.0
0.0
0.0
0.0
0.0
0.0
0.0
0.0
0.0
0.0
0.0
0.0
0.0
0.0
0.0
3.0907604787926735e-6
0.0
0.0
0.0
0.0
0.0
0.0
0.0
0.0
0.0
0.0
0.0
0.0
0.0
0.0
0.0
0.0
0.0
0.0
0.0
0.0
0.0
0.0
0.0
4.675508835754593e-6
0.0
0.0
0.0
0.0
0.0
0.0
0.0
0.0
0.0
0.0
0.0
0.0
0.0
0.0
0.0
0.0
0.0
0.0
0.0
0.0
0.0
0.0
0.0
1.82037830722973e-6
0.0
0.0
0.0
0.0
0.0
0.0
0.0
0.0
0.0
0.0
0.0
0.0
0.0
0.0
0.0
0.0
0.0
0.0
0.0
0.0
0.0
0.0
0.0
4.517564843477499e-6
0.0
0.0
0.0
0.0
0.0
0.0
0.0
0.0
0.0
0.0
0.0
0.0
0.0
0.0
0.0
0.0
0.0
0.0
0.0
0.0
0.0
0.0
0.0
3.5184392698423083e-6
0.0
0.0
0.0
0.0
0.0
0.0
0.0
0.0
0.0
0.0
0.0
0.0
0.0
0.0
0.0
0.0
0.0
0.0
0.0
0.0
0.0
0.0
0.0
3.5787196040951287e-6
0.0
0.0
0.0
0.0
0.0
0.0
0.0
0.0
0.0
0.0
0.0
0.0
0.0
0.0
0.0
0.0
0.0
0.0
0.0
0.0
0.0
0.0
0.0
5.081357934054732e-6
0.0
0.0
0.0
0.0
0.0
0.0
0.0
0.0
0.0
0.0
0.0
0.0
0.0
0.0
0.0
0.0
0.0
0.0
0.0
0.0
0.0
0.0
0.0
1.7785755609444844e-6
0.0
0.0
0.0
0.0
0.0
0.0
0.0
0.0
0.0
0.0
0.0
0.0
0.0
0.0
0.0
0.0
0.0
0.0
0.0
0.0
0.0
0.0
0.0
2.589219512311919e-6
0.0
0.0
0.0
0.0
0.0
0.0
0.0
0.0
0.0
0.0
0.0
0.0
0.0
0.0
0.0
0.0
0.0
0.0
0.0
0.0
0.0
0.0
0.0
2.189761260776938e-6
0.0
0.0
0.0
0.0
0.0
0.0
0.0
0.0
0.0
0.0
0.0
0.0
0.0
0.0
0.0
0.0
0.0
0.0
0.0
0.0
0.0
0.0
0.0
5.240562813596556e-6
0.0
0.0
0.0
0.0
0.0
0.0
0.0
0.0
0.0
0.0
0.0
0.0
0.0
0.0
0.0
0.0
0.0
0.0
9.57340167237872e-7
0.0
0.0
0.0
0.0
1.7544653202133042e-6
0.0
0.0
0.0
0.0
0.0
0.0
0.0
0.0
0.0
0.0
0.0
0.0
0.0
0.0
0.0
0.0
0.0
0.0
2.3807109972506026e-6
0.0
0.0
0.0
0.0
4.5912422937484385e-6
0.0
0.0
0.0
0.0
0.0
0.0
0.0
0.0
0.0
0.0
0.0
0.0
0.0
0.0
0.0
0.0
0.0
0.0
0.0
0.0
0.0
0.0
0.0
2.7940560492890464e-6
0.0
0.0
0.0
0.0
0.0
0.0
0.0
0.0
0.0
0.0
0.0
0.0
0.0
0.0
0.0
0.0
0.0
0.0
0.0
0.0
0.0
0.0
0.0
3.3969460635799977e-6
0.0
0.0
0.0
0.0
0.0
0.0
0.0
0.0
0.0
0.0
0.0
0.0
0.0
0.0
0.0
0.0
0.0
0.0
0.0
0.0
0.0
0.0
0.0
2.100312452539389e-6
0.0
0.0
0.0
0.0
0.0
0.0
0.0
0.0
0.0
0.0
0.0
0.0
0.0
0.0
0.0
0.0
0.0
0.0
0.0
0.0
0.0
0.0
0.0
3.5821188316637954e-6
0.0
0.0
0.0
0.0
0.0
0.0
0.0
0.0
0.0
0.0
0.0
0.0
0.0
0.0
0.0
0.0
0.0
0.0
0.0
0.0
0.0
0.0
0.0
1.732406038079121e-6
0.0
0.0
0.0
0.0
0.0
0.0
0.0
0.0
0.0
0.0
0.0
0.0
0.0
0.0
0.0
0.0
0.0
0.0
0.0
0.0
0.0
0.0
0.0
5.378574195985187e-6
0.0
0.0
0.0
0.0
0.0
0.0
0.0
0.0
0.0
0.0
0.0
0.0
0.0
0.0
0.0
0.0
0.0
0.0
0.0
0.0
0.0
0.0
0.0
4.7909077639763525e-6
0.0
0.0
0.0
0.0
0.0
0.0
0.0
0.0
0.0
0.0
0.0
0.0
0.0
0.0
0.0
0.0
0.0
0.0
0.0
0.0
0.0
0.0
0.0
3.6417803758603768e-6
0.0
0.0
0.0
0.0
0.0
0.0
0.0
0.0
0.0
0.0
0.0
0.0
0.0
0.0
0.0
0.0
0.0
0.0
0.0
0.0
0.0
0.0
0.0
4.789420721191155e-6
0.0
0.0
0.0
0.0
0.0
0.0
0.0
0.0
0.0
0.0
0.0
0.0
0.0
0.0
0.0
0.0
0.0
0.0
0.0
0.0
0.0
0.0
0.0
1.7677563533201886e-6
0.0
0.0
0.0
0.0
0.0
0.0
0.0
0.0
0.0
0.0
0.0
0.0
0.0
0.0
0.0
0.0
0.0
0.0
0.0
0.0
0.0
0.0
0.0
4.106122237178568e-6
0.0
0.0
0.0
0.0
0.0
0.0
0.0
0.0
0.0
0.0
0.0
0.0
0.0
0.0
0.0
0.0
0.0
0.0
0.0
0.0
0.0
0.0
0.0
2.7417456179874144e-6
0.0
0.0
0.0
0.0
0.0
0.0
0.0
0.0
0.0
0.0
0.0
0.0
0.0
0.0
0.0
0.0
0.0
0.0
0.0
0.0
0.0
0.0
0.0
3.8426256967320214e-6
0.0
0.0
0.0
0.0
0.0
0.0
0.0
0.0
0.0
0.0
0.0
0.0
0.0
0.0
0.0
0.0
0.0
0.0
0.0
0.0
0.0
0.0
0.0
3.714510145902359e-6
0.0
0.0
0.0
0.0
0.0
0.0
0.0
0.0
0.0
0.0
0.0
0.0
0.0
0.0
0.0
0.0
0.0
0.0
0.0
0.0
0.0
0.0
0.0
4.102789371047355e-6
0.0
0.0
0.0
0.0
0.0
0.0
0.0
0.0
0.0
0.0
0.0
0.0
0.0
0.0
0.0
0.0
0.0
0.0
0.0
0.0
0.0
0.0
0.0
4.9600301647409655e-6
0.0
0.0
0.0
0.0
0.0
0.0
0.0
0.0
0.0
0.0
0.0
0.0
0.0
0.0
0.0
0.0
0.0
0.0
0.0
0.0
0.0
0.0
0.0
4.173872933065616e-6
0.0
0.0
0.0
0.0
0.0
0.0
0.0
0.0
0.0
0.0
0.0
0.0
0.0
0.0
0.0
0.0
0.0
0.0
0.0
0.0
0.0
0.0
0.0
4.916761877389011e-6
0.0
0.0
0.0
0.0
0.0
0.0
0.0
0.0
0.0
0.0
0.0
0.0
0.0
0.0
0.0
0.0
0.0
0.0
1.080838633060699e-6
0.0
0.0
0.0
0.0
1.4560969746311437e-6
0.0
0.0
0.0
0.0
0.0
0.0
0.0
0.0
0.0
0.0
0.0
0.0
0.0
0.0
0.0
0.0
0.0
0.0
0.0
0.0
0.0
0.0
0.0
4.173879059311099e-6
0.0
0.0
0.0
0.0
0.0
0.0
0.0
0.0
0.0
0.0
0.0
0.0
0.0
0.0
0.0
0.0
0.0
0.0
0.0
0.0
0.0
0.0
0.0
3.588079310649311e-6
0.0
0.0
0.0
0.0
0.0
0.0
0.0
0.0
0.0
0.0
0.0
0.0
0.0
0.0
0.0
0.0
0.0
0.0
0.0
0.0
0.0
0.0
0.0
4.806402647921441e-6
0.0
0.0
0.0
0.0
0.0
0.0
0.0
0.0
0.0
0.0
0.0
0.0
0.0
0.0
0.0
0.0
0.0
0.0
0.0
0.0
0.0
0.0
0.0
4.106249021753328e-6
0.0
0.0
0.0
0.0
0.0
0.0
0.0
0.0
0.0
0.0
0.0
0.0
0.0
0.0
0.0
0.0
0.0
0.0
0.0
0.0
0.0
0.0
0.0
4.407708313065945e-6
0.0
0.0
0.0
0.0
0.0
0.0
0.0
0.0
0.0
0.0
0.0
0.0
0.0
0.0
0.0
0.0
0.0
0.0
2.2151844419063458e-6
0.0
0.0
0.0
0.0
1.3428672496541548e-6
0.0
0.0
0.0
0.0
0.0
0.0
0.0
0.0
0.0
0.0
0.0
0.0
0.0
0.0
0.0
0.0
0.0
0.0
0.0
0.0
0.0
0.0
0.0
2.8984443842526734e-6
0.0
0.0
0.0
0.0
0.0
0.0
0.0
0.0
0.0
0.0
0.0
0.0
0.0
0.0
0.0
0.0
0.0
0.0
0.0
0.0
0.0
0.0
0.0
1.941113149567312e-6
0.0
0.0
0.0
0.0
0.0
0.0
0.0
0.0
0.0
0.0
0.0
0.0
0.0
0.0
0.0
0.0
0.0
0.0
0.0
0.0
0.0
0.0
0.0
1.989499049956062e-6
0.0
0.0
0.0
0.0
0.0
0.0
0.0
0.0
0.0
0.0
0.0
0.0
0.0
0.0
0.0
0.0
0.0
0.0
0.0
0.0
0.0
0.0
0.0
2.885385677967125e-6
0.0
0.0
0.0
0.0
0.0
0.0
0.0
0.0
0.0
0.0
0.0
0.0
0.0
0.0
0.0
0.0
0.0
0.0
0.0
0.0
0.0
0.0
0.0
3.6334501971531348e-6
0.0
0.0
0.0
0.0
0.0
0.0
0.0
0.0
0.0
0.0
0.0
0.0
0.0
0.0
0.0
0.0
0.0
0.0
0.0
0.0
0.0
0.0
0.0
2.9081487548709402e-6
0.0
0.0
0.0
0.0
0.0
0.0
0.0
0.0
0.0
0.0
0.0
0.0
0.0
0.0
0.0
0.0
0.0
0.0
0.0
0.0
0.0
0.0
0.0
5.194871281412385e-6
0.0
0.0
0.0
0.0
0.0
0.0
0.0
0.0
0.0
0.0
0.0
0.0
0.0
0.0
0.0
0.0
0.0
0.0
5.681919506486471e-7
0.0
0.0
0.0
0.0
2.0823927307322924e-6
0.0
0.0
0.0
0.0
0.0
0.0
0.0
0.0
0.0
0.0
0.0
0.0
0.0
0.0
0.0
0.0
0.0
0.0
0.0
0.0
0.0
0.0
0.0
4.7596404098402165e-6
0.0
0.0
0.0
0.0
0.0
0.0
0.0
0.0
0.0
0.0
0.0
0.0
0.0
0.0
0.0
0.0
0.0
0.0
0.0
0.0
0.0
0.0
0.0
3.952657080024581e-6
0.0
0.0
0.0
0.0
0.0
0.0
0.0
0.0
0.0
0.0
0.0
0.0
0.0
0.0
0.0
0.0
0.0
0.0
0.0
0.0
0.0
0.0
0.0
4.120500232810173e-6
0.0
0.0
0.0
0.0
0.0
0.0
0.0
0.0
0.0
0.0
0.0
0.0
0.0
0.0
0.0
0.0
0.0
0.0
0.0
0.0
0.0
0.0
0.0
3.4258158847065973e-6
0.0
0.0
0.0
0.0
0.0
0.0
0.0
0.0
0.0
0.0
0.0
0.0
0.0
0.0
0.0
0.0
0.0
0.0
0.0
0.0
0.0
0.0
0.0
5.225986928907669e-6
0.0
0.0
0.0
0.0
0.0
0.0
0.0
0.0
0.0
0.0
0.0
0.0
0.0
0.0
0.0
0.0
0.0
0.0
0.0
0.0
0.0
0.0
0.0
3.6039305711284385e-6
0.0
0.0
0.0
0.0
0.0
0.0
0.0
0.0
0.0
0.0
0.0
0.0
0.0
0.0
0.0
0.0
0.0
0.0
8.598295836073026e-7
0.0
0.0
0.0
0.0
1.817717361755677e-6
0.0
0.0
0.0
0.0
0.0
0.0
0.0
0.0
0.0
0.0
0.0
0.0
0.0
0.0
0.0
0.0
0.0
0.0
0.0
0.0
0.0
0.0
0.0
4.0994319999342145e-6
0.0
0.0
0.0
0.0
0.0
0.0
0.0
0.0
0.0
0.0
0.0
0.0
0.0
0.0
0.0
0.0
0.0
0.0
0.0
0.0
0.0
0.0
0.0
4.327450849052052e-6
0.0
0.0
0.0
0.0
0.0
0.0
0.0
0.0
0.0
0.0
0.0
0.0
0.0
0.0
0.0
0.0
0.0
0.0
0.0
0.0
0.0
0.0
0.0
2.396390723499881e-6
0.0
0.0
0.0
0.0
0.0
0.0
0.0
0.0
0.0
0.0
0.0
0.0
0.0
0.0
0.0
0.0
0.0
0.0
0.0
0.0
0.0
0.0
0.0
1.9582792974810814e-6
0.0
0.0
0.0
0.0
0.0
0.0
0.0
0.0
0.0
0.0
0.0
0.0
0.0
0.0
0.0
0.0
0.0
0.0
0.0
0.0
0.0
0.0
0.0
2.667977229208473e-6
0.0
0.0
0.0
0.0
0.0
0.0
0.0
0.0
0.0
0.0
0.0
0.0
0.0
0.0
0.0
0.0
0.0
0.0
0.0
0.0
0.0
0.0
0.0
2.751071137800419e-6
0.0
0.0
0.0
0.0
0.0
0.0
0.0
0.0
0.0
0.0
0.0
0.0
0.0
0.0
0.0
0.0
0.0
0.0
0.0
0.0
0.0
0.0
0.0
5.1437257584568515e-6
0.0
0.0
0.0
0.0
0.0
0.0
0.0
0.0
0.0
0.0
0.0
0.0
0.0
0.0
0.0
0.0
0.0
0.0
0.0
0.0
0.0
0.0
0.0
3.254635639594392e-6
0.0
0.0
0.0
0.0
0.0
0.0
0.0
0.0
0.0
0.0
0.0
0.0
0.0
0.0
0.0
0.0
0.0
0.0
0.0
0.0
0.0
0.0
0.0
3.4438608025642007e-6
0.0
0.0
0.0
0.0
0.0
0.0
0.0
0.0
0.0
0.0
0.0
0.0
0.0
0.0
0.0
0.0
0.0
0.0
0.0
0.0
0.0
0.0
0.0
1.92291861756981e-6
0.0
0.0
0.0
0.0
0.0
0.0
0.0
0.0
0.0
0.0
0.0
0.0
0.0
0.0
0.0
0.0
0.0
0.0
0.0
0.0
0.0
0.0
0.0
4.636562017284503e-6
0.0
0.0
0.0
0.0
0.0
0.0
0.0
0.0
0.0
0.0
0.0
0.0
0.0
0.0
0.0
0.0
0.0
0.0
0.0
0.0
0.0
0.0
0.0
3.6523012653237123e-6
0.0
0.0
0.0
0.0
0.0
0.0
0.0
0.0
0.0
0.0
0.0
0.0
0.0
0.0
0.0
0.0
0.0
0.0
0.0
0.0
0.0
0.0
0.0
2.477165912541715e-6
0.0
0.0
0.0
0.0
0.0
0.0
0.0
0.0
0.0
0.0
0.0
0.0
0.0
0.0
0.0
0.0
0.0
0.0
0.0
0.0
0.0
0.0
0.0
2.2440177945581854e-6
0.0
0.0
0.0
0.0
0.0
0.0
0.0
0.0
0.0
0.0
0.0
0.0
0.0
0.0
0.0
0.0
0.0
0.0
0.0
0.0
0.0
0.0
0.0
2.043327352870361e-6
0.0
0.0
0.0
0.0
0.0
0.0
0.0
0.0
0.0
0.0
0.0
0.0
0.0
0.0
0.0
0.0
0.0
0.0
0.0
0.0
0.0
0.0
0.0
2.9949331972868316e-6
0.0
0.0
0.0
0.0
0.0
0.0
0.0
0.0
0.0
0.0
0.0
0.0
0.0
0.0
0.0
0.0
0.0
0.0
0.0
0.0
0.0
0.0
0.0
2.9459196972261762e-6
0.0
0.0
0.0
0.0
0.0
0.0
0.0
0.0
0.0
0.0
0.0
0.0
0.0
0.0
0.0
0.0
0.0
0.0
0.0
0.0
0.0
0.0
0.0
4.478501233717727e-6
0.0
0.0
0.0
0.0
0.0
0.0
0.0
0.0
0.0
0.0
0.0
0.0
0.0
0.0
0.0
0.0
0.0
0.0
0.0
0.0
0.0
0.0
0.0
2.272118197742415e-6
0.0
0.0
0.0
0.0
0.0
0.0
0.0
0.0
0.0
0.0
0.0
0.0
0.0
0.0
0.0
0.0
0.0
0.0
0.0
0.0
0.0
0.0
0.0
2.1572687759756994e-6
0.0
0.0
0.0
0.0
0.0
0.0
0.0
0.0
0.0
0.0
0.0
0.0
0.0
0.0
0.0
0.0
0.0
0.0
0.0
0.0
0.0
0.0
0.0
2.9183768203560686e-6
0.0
0.0
0.0
0.0
0.0
0.0
0.0
0.0
0.0
0.0
0.0
0.0
0.0
0.0
0.0
0.0
0.0
0.0
0.0
0.0
0.0
0.0
0.0
5.064560869581736e-7
0.0
0.0
0.0
0.0
0.0
0.0
0.0
0.0
0.0
0.0
0.0
0.0
0.0
0.0
0.0
0.0
0.0
0.0
2.5124447596389133e-6
0.0
0.0
0.0
0.0
3.660315232444442e-7
0.0
0.0
0.0
0.0
0.0
0.0
0.0
0.0
0.0
0.0
0.0
0.0
0.0
0.0
0.0
0.0
0.0
0.0
4.444923110376529e-7
0.0
0.0
0.0
0.0
1.554731567257458e-6
0.0
0.0
0.0
0.0
0.0
0.0
0.0
0.0
0.0
0.0
0.0
0.0
0.0
0.0
0.0
0.0
0.0
0.0
8.598227236026433e-7
0.0
0.0
0.0
0.0
1.7396234581210215e-6
0.0
0.0
0.0
0.0
0.0
0.0
0.0
0.0
0.0
0.0
0.0
0.0
0.0
0.0
0.0
0.0
0.0
0.0
0.0
0.0
0.0
0.0
0.0
2.8586540259339866e-6
0.0
0.0
0.0
0.0
0.0
0.0
0.0
0.0
0.0
0.0
0.0
0.0
0.0
0.0
0.0
0.0
0.0
0.0
0.0
0.0
0.0
0.0
0.0
2.8426794475703873e-6
0.0
0.0
0.0
0.0
0.0
0.0
0.0
0.0
0.0
0.0
0.0
0.0
0.0
0.0
0.0
0.0
0.0
0.0
0.0
0.0
0.0
0.0
0.0
4.143145037389334e-6
0.0
0.0
0.0
0.0
0.0
0.0
0.0
0.0
0.0
0.0
0.0
0.0
0.0
0.0
0.0
0.0
0.0
0.0
0.0
0.0
0.0
0.0
0.0
2.6994047809951675e-6
0.0
0.0
0.0
0.0
0.0
0.0
0.0
0.0
0.0
0.0
0.0
0.0
0.0
0.0
0.0
0.0
0.0
0.0
0.0
0.0
0.0
0.0
0.0
4.076418637131374e-6
0.0
0.0
0.0
0.0
0.0
0.0
0.0
0.0
0.0
0.0
0.0
0.0
0.0
0.0
0.0
0.0
0.0
0.0
0.0
0.0
0.0
0.0
0.0
2.248101055603273e-6
0.0
0.0
0.0
0.0
0.0
0.0
0.0
0.0
0.0
0.0
0.0
0.0
0.0
0.0
0.0
0.0
0.0
0.0
3.1024170266441667e-6
0.0
0.0
0.0
0.0
2.2864128254585115e-7
0.0
0.0
0.0
0.0
0.0
0.0
0.0
0.0
0.0
0.0
0.0
0.0
0.0
0.0
0.0
0.0
0.0
0.0
9.495434649222438e-7
0.0
0.0
0.0
0.0
7.338961881591857e-7
0.0
0.0
0.0
0.0
0.0
0.0
0.0
0.0
0.0
0.0
0.0
0.0
0.0
0.0
0.0
0.0
0.0
0.0
0.0
0.0
0.0
0.0
0.0
2.9464157235792175e-6
0.0
0.0
0.0
0.0
0.0
0.0
0.0
0.0
0.0
0.0
0.0
0.0
0.0
0.0
0.0
0.0
0.0
0.0
9.420742348219048e-7
0.0
0.0
0.0
0.0
4.871746382637173e-7
0.0
0.0
0.0
0.0
0.0
0.0
0.0
0.0
0.0
0.0
0.0
0.0
0.0
0.0
0.0
0.0
0.0
0.0
0.0
0.0
0.0
0.0
0.0
2.6452120623782993e-6
0.0
0.0
0.0
0.0
0.0
0.0
0.0
0.0
0.0
0.0
0.0
0.0
0.0
0.0
0.0
0.0
0.0
0.0
1.5019491415031382e-6
0.0
0.0
0.0
0.0
4.403205216260005e-7
0.0
0.0
0.0
0.0
0.0
0.0
0.0
0.0
0.0
0.0
0.0
0.0
0.0
0.0
0.0
0.0
0.0
0.0
7.112267788325947e-7
0.0
0.0
0.0
0.0
2.442541718946018e-6
0.0
0.0
0.0
0.0
0.0
0.0
0.0
0.0
0.0
0.0
0.0
0.0
0.0
0.0
0.0
0.0
0.0
0.0
2.3290953354807213e-6
0.0
0.0
0.0
0.0
6.28570556688799e-6
0.0
8.945128911594571e-7
0.0
0.0
0.0
0.0
0.0
0.0
0.0
0.0
0.0
0.0
0.0
0.0
0.0
0.0
0.0
0.0
1.4191916524829057e-6
0.0
0.0
0.0
0.0
1.6944225643091257e-5
0.0
8.829103878896141e-7
0.0
0.0
0.0
0.0
0.0
0.0
0.0
0.0
0.0
0.0
0.0
0.0
0.0
0.0
0.0
0.0
3.4749748943612986e-7
0.0
0.0
0.0
0.0
1.251251093166528e-6
0.0
0.0
0.0
0.0
0.0
0.0
0.0
0.0
0.0
0.0
0.0
0.0
0.0
0.0
0.0
0.0
0.0
0.0
3.3918047842351413e-7
0.0
0.0
0.0
0.0
1.7025540461803418e-6
0.0
0.0
0.0
0.0
0.0
0.0
0.0
0.0
0.0
0.0
0.0
0.0
0.0
0.0
0.0
0.0
0.0
0.0
0.0
0.0
0.0
0.0
0.0
1.6787679738172084e-6
0.0
0.0
0.0
0.0
0.0
0.0
0.0
0.0
0.0
0.0
0.0
0.0
0.0
0.0
0.0
0.0
0.0
0.0
3.5265941818026226e-7
0.0
0.0
0.0
0.0
4.0472265560542366e-7
0.0
0.0
0.0
0.0
0.0
0.0
0.0
0.0
0.0
0.0
0.0
0.0
0.0
0.0
0.0
0.0
0.0
0.0
8.836218266276582e-7
0.0
0.0
0.0
0.0
2.478627213896406e-6
0.0
0.0
0.0
0.0
0.0
0.0
0.0
0.0
0.0
0.0
0.0
0.0
0.0
0.0
0.0
0.0
0.0
0.0
1.6761483499268593e-6
0.0
0.0
0.0
0.0
6.074665923798647e-7
0.0
0.0
0.0
0.0
0.0
0.0
0.0
0.0
0.0
0.0
0.0
0.0
0.0
0.0
0.0
0.0
0.0
0.0
9.790904003049517e-7
0.0
0.0
0.0
0.0
5.928614530987681e-7
0.0
0.0
0.0
0.0
0.0
0.0
0.0
0.0
0.0
0.0
0.0
0.0
0.0
0.0
0.0
0.0
0.0
0.0
9.032256757167328e-7
0.0
0.0
0.0
0.0
2.4661037546792216e-6
0.0
0.0
0.0
0.0
0.0
0.0
0.0
0.0
0.0
0.0
0.0
0.0
0.0
0.0
0.0
0.0
0.0
0.0
1.76010552940914e-6
0.0
0.0
0.0
0.0
6.5128218317148024e-6
0.0
0.0
0.0
0.0
0.0
0.0
0.0
0.0
0.0
0.0
0.0
0.0
0.0
0.0
0.0
0.0
0.0
0.0
1.7228289032331432e-6
0.0
0.0
0.0
0.0
0.00016310842230327769
1.7590986103559363e-5
1.0795117048954173e-6
0.0
0.0
0.0
0.0
0.0
0.0
0.0
0.0
0.0
0.0
0.0
0.0
0.0
0.0
0.0
0.0
8.898873376706065e-7
0.0
0.0
0.0
0.0
9.343223883633517e-7
0.0
0.0
0.0
0.0
0.0
0.0
0.0
0.0
0.0
0.0
0.0
0.0
0.0
0.0
0.0
0.0
0.0
0.0
7.309421779824224e-6
0.0
0.0
0.0
0.0
2.5025868968991302e-5
0.0
9.551954483782813e-7
0.0
0.0
0.0
0.0
0.0
0.0
0.0
0.0
0.0
0.0
0.0
0.0
0.0
0.0
0.0
0.0
7.674988209878502e-6
0.0
0.0
0.0
0.0
0.00017734678813334642
6.276735818579528e-5
7.13699407588388e-7
0.0
0.0
0.0
0.0
0.0
0.0
0.0
0.0
0.0
0.0
0.0
0.0
0.0
0.0
0.0
0.0
5.832353062292585e-6
0.0
0.0
0.0
0.0
6.058894670103077e-5
0.0
1.0391754303924687e-6
0.0
0.0
0.0
0.0
0.0
0.0
0.0
0.0
0.0
0.0
0.0
0.0
0.0
0.0
0.0
0.0
2.345644757518674e-6
0.0
0.0
0.0
0.0
7.80538203017451e-6
0.0
0.0
0.0
0.0
0.0
0.0
0.0
0.0
0.0
0.0
0.0
0.0
0.0
0.0
0.0
0.0
0.0
0.0
1.8526975868898704e-6
0.0
0.0
0.0
0.0
8.255469104968986e-6
4.0395977616533655e-7
0.0
0.0
0.0
0.0
0.0
0.0
0.0
0.0
0.0
0.0
0.0
0.0
0.0
0.0
0.0
0.0
0.0
1.920130972482586e-6
0.0
0.0
0.0
0.0
0.0001567594545213407
2.497047859577228e-5
0.0
0.0
0.0
0.0
0.0
0.0
0.0
0.0
0.0
0.0
0.0
0.0
0.0
0.0
0.0
0.0
0.0
1.5827550750545005e-6
0.0
0.0
0.0
0.0
1.2372982852322315e-5
0.0
1.0520325614463416e-6
0.0
0.0
0.0
0.0
0.0
0.0
0.0
0.0
0.0
0.0
0.0
0.0
0.0
0.0
0.0
0.0
2.0497603508820122e-6
0.0
0.0
0.0
0.0
4.9367581383115116e-5
0.0
9.278541969444235e-7
0.0
0.0
0.0
0.0
0.0
0.0
0.0
0.0
0.0
0.0
0.0
0.0
0.0
0.0
0.0
0.0
1.9164462591711326e-6
0.0
0.0
0.0
0.0
1.1461513162466153e-5
3.4781553394019344e-7
1.041611632510648e-6
0.0
0.0
0.0
0.0
0.0
0.0
0.0
0.0
0.0
0.0
0.0
0.0
0.0
0.0
0.0
0.0
2.362091854908408e-6
0.0
0.0
0.0
0.0
5.7501595521616955e-5
0.0
1.0339200662994553e-6
0.0
0.0
0.0
0.0
0.0
0.0
0.0
0.0
0.0
0.0
0.0
0.0
0.0
0.0
0.0
0.0
1.6635650326956667e-6
0.0
0.0
0.0
0.0
5.722711213725098e-6
0.0
0.0
0.0
0.0
0.0
0.0
0.0
0.0
0.0
0.0
0.0
0.0
0.0
0.0
0.0
0.0
0.0
0.0
1.1813389499979435e-6
0.0
0.0
0.0
0.0
3.388829058004971e-5
0.0
0.0
0.0
0.0
0.0
0.0
0.0
0.0
0.0
0.0
0.0
0.0
0.0
0.0
0.0
0.0
0.0
0.0
5.618032020485479e-6
0.0
0.0
0.0
0.0
0.0003446339040072161
0.0002467732208949095
7.023276542012987e-6
0.0
2.4735767018490775e-7
0.0
0.0
0.0
0.0
0.0
0.0
0.0
0.0
0.0
0.0
0.0
0.0
4.874949238871488e-7
1.5214965052958257e-5
0.00029404943784164906
0.0
0.0
0.0
0.0
0.000626215090865276
0.00044378895555805464
9.785298610726644e-5
0.0
3.7160410037651664e-7
0.0
0.0
0.0
0.0
0.0
0.0
0.0
0.0
0.0
0.0
0.0
0.0
0.0
4.2096232860863655e-6
9.994057505659652e-5
0.0
0.0
0.0
0.0
0.0006833007625279276
0.0005454014772368265
0.00019853796886031003
1.631980507936902e-5
4.476305135624514e-7
0.0
0.0
0.0
0.0
0.0
0.0
0.0
0.0
0.0
0.0
0.0
0.0
0.0
3.4275625958535635e-6
7.439768324145167e-5
0.0
0.0
0.0
0.0
0.00032771018201565655
0.00025120758010659284
6.926063253786068e-5
6.696462032405637e-5
7.699665387063428e-6
3.565407273306298e-7
0.0
0.0
0.0
0.0
0.0
0.0
0.0
0.0
0.0
0.0
0.0
0.0
2.1879635630218756e-6
4.470599101793992e-5
0.0
0.0
0.0
0.0
0.0005612307147709904
0.0004465037594706405
0.0001902259791419661
6.432214392250218e-5
5.14807225367585e-7
1.2078391010106447e-7
0.0
0.0
0.0
0.0
0.0
0.0
0.0
0.0
0.0
0.0
0.0
0.0
3.766754095404285e-6
0.00011992930110908895
0.0
0.0
0.0
0.0
0.0006388917919534778
0.0005088909571103517
0.00015774481894815693
2.7596576675055694e-5
5.419557691137901e-7
1.3780945829952166e-7
0.0
0.0
0.0
0.0
0.0
0.0
0.0
0.0
0.0
0.0
0.0
0.0
3.2633768573197886e-6
5.807045950279354e-5
0.0
0.0
0.0
0.0
0.0006734843507451774
0.0005657737585207449
0.00021380992099794897
6.29753875825034e-5
1.788168863594651e-5
1.2912363752543128e-7
0.0
0.0
0.0
0.0
0.0
0.0
0.0
0.0
0.0
0.0
0.0
0.0
2.758984613383576e-6
0.00017043828759212703
0.0
0.0
0.0
0.0
0.000665794601553421
0.000552499813377803
0.0002966661215461013
0.00016907550022966176
7.239153229226476e-6
1.4201768786540448e-7
0.0
0.0
0.0
0.0
0.0
0.0
0.0
0.0
0.0
0.0
0.0
0.0
3.70065619721329e-6
4.5490475012220584e-5
0.0
0.0
0.0
0.0
0.0005785683919585156
0.00043913334008444
0.00011003040623428666
0.0
3.4174658912833276e-7
0.0
0.0
0.0
0.0
0.0
0.0
0.0
0.0
0.0
0.0
0.0
0.0
0.0
0.0
2.925591747547711e-6
0.0
0.0
0.0
0.0
0.00030349730800684844
0.00016591436444796575
0.0
0.0
1.9674475591857747e-7
0.0
0.0
0.0
0.0
0.0
0.0
0.0
0.0
0.0
0.0
0.0
0.0
0.0
0.0
6.470328917340224e-6
0.0
0.0
0.0
0.0
0.0004099081194177087
0.0002854367294112683
1.0849337127777279e-5
0.0
3.427947363718577e-7
0.0
0.0
0.0
0.0
0.0
0.0
0.0
0.0
0.0
0.0
0.0
0.0
0.0
9.100525678840771e-7
9.663951378128874e-6
0.0
0.0
0.0
0.0
0.0005396601728899474
0.0004094330114446101
0.00011748956478190386
6.4013822049362014e-6
4.997691151352539e-7
0.0
0.0
0.0
0.0
0.0
0.0
0.0
0.0
0.0
0.0
0.0
0.0
0.0
0.0
6.2470551897001225e-6
0.0
0.0
0.0
0.0
0.0001923084257267601
9.771267371660074e-5
0.0
0.0
5.958519245414294e-7
0.0
0.0
0.0
0.0
0.0
0.0
0.0
0.0
0.0
0.0
0.0
0.0
0.0
0.0
6.956546068747945e-6
0.0
0.0
0.0
0.0
0.0004338121346862452
0.00030296577279444853
0.0
0.0
6.540738562103985e-7
0.0
0.0
0.0
0.0
0.0
0.0
0.0
0.0
0.0
0.0
0.0
0.0
0.0
0.0
5.7073556506946784e-6
0.0
0.0
0.0
0.0
0.0002418475246306115
0.0001406956059863944
0.0
0.0
3.8612459319892024e-7
0.0
0.0
0.0
0.0
0.0
0.0
0.0
0.0
0.0
0.0
0.0
0.0
0.0
1.586124833181121e-6
1.4376007884430184e-5
0.0
0.0
0.0
0.0
0.0005451674435242951
0.00042136231232185327
0.00012727710198246023
7.552794541014331e-6
4.634631196948876e-7
0.0
0.0
0.0
0.0
0.0
0.0
0.0
0.0
0.0
0.0
0.0
0.0
0.0
1.1760515167669917e-6
5.602510772058233e-6
0.0
0.0
0.0
0.0
0.000630770411950823
0.0006252181288597438
0.0004919829569390032
0.00043786060280208997
0.00017245627845365288
3.4377421707990947e-7
9.93550033081515e-8
0.0
0.0
0.0
0.0
0.0
0.0
0.0
0.0
0.0
0.0
4.041907401255484e-6
6.65360393767419e-5
0.00038169352991760454
0.0
0.0
0.0
0.0
0.0008508390248587346
0.0007308599042691952
0.00047703704335420513
0.0003540849387341446
0.00010145192882809399
3.840614557443362e-7
0.0
0.0
0.0
0.0
0.0
0.0
0.0
0.0
0.0
0.0
0.0
1.2698661045732842e-6
2.924417207003289e-6
0.00018978386310551857
0.0
0.0
0.0
0.0
0.0006651330912655019
0.0005173191106899177
0.0002080273822173587
3.940110800253336e-5
4.309554169857716e-7
1.0636907055458694e-7
0.0
0.0
0.0
0.0
0.0
0.0
0.0
0.0
0.0
0.0
0.0
4.198787630027179e-6
0.00018518444837133295
0.00048611567109747465
0.0
0.0
0.0
0.0
0.0007061110278706239
0.0006061162925687597
0.0003194600647377228
0.00024418089149429466
6.623061887749956e-5
3.9874606828883154e-7
0.0
0.0
0.0
0.0
0.0
0.0
0.0
0.0
0.0
0.0
0.0
3.540048738291356e-7
3.816148023208786e-6
0.0002099452858812371
0.0
0.0
0.0
0.0
0.00047741954004147067
0.0003665185188242283
8.230082659428424e-5
3.480227488191593e-5
3.837645220067221e-5
5.75214679342887e-7
0.0
0.0
0.0
0.0
0.0
0.0
0.0
0.0
0.0
0.0
0.0
0.0
0.0
7.136617316292273e-6
5.15396807882312e-6
0.0
0.0
0.0
0.0
0.0001606703856584255
5.5281496371683083e-5
6.656219074691534e-7
0.0
0.0
0.0
0.0
0.0
0.0
0.0
0.0
0.0
0.0
0.0
0.0
0.0
0.0
0.0
5.983037708558224e-7
1.20183747100825e-5
0.0
0.0
0.0
0.0
0.0004023646552232267
0.00019963443723517246
6.117938973505122e-7
2.0055910420173482e-7
0.0
0.0
0.0
0.0
0.0
0.0
0.0
0.0
0.0
0.0
0.0
0.0
0.0
4.232025580039187e-6
5.395306172157264e-5
0.00037333262781250184
0.0
0.0
0.0
0.0
0.0005180664786540913
0.0003725750173425912
9.203388294830425e-5
3.037460153581697e-7
1.409469293822772e-7
0.0
0.0
0.0
0.0
0.0
0.0
0.0
0.0
0.0
0.0
0.0
3.5338020848592636e-7
1.0960068010773691e-5
0.0001644306728825337
0.00046839946994934543
0.0
0.0
0.0
0.0
0.0006991054247937579
0.0005716205213111789
0.0003324639653273865
5.167880540301039e-5
3.3259663992866494e-7
0.0
0.0
0.0
0.0
0.0
0.0
0.0
0.0
0.0
0.0
0.0
2.6909655360663537e-6
3.32307993421675e-5
0.00023668147100133551
0.000561407389820619
0.0
0.0
0.0
0.0
0.0009816515686911574
0.0008303352169204611
0.0005509545522085334
0.00022588312569520654
4.123583847385341e-7
2.7856239778216625e-7
0.0
0.0
0.0
0.0
0.0
0.0
0.0
0.0
0.0
0.0
2.735320146156518e-6
3.5363183825844805e-5
0.00022838060423537653
0.0005302544961945769
0.0
0.0
0.0
0.0
0.0009156260757961026
0.0008027984695140769
0.0004936973529456117
0.00016144155805760746
7.506964818162085e-6
1.507033152875152e-7
0.0
0.0
0.0
0.0
0.0
0.0
0.0
0.0
0.0
0.0
0.0
4.050157132280012e-6
9.45770620697113e-6
0.00028924026414382716
0.0
0.0
0.0
0.0
0.0006856725553942533
0.0005014898245602994
0.0001383567652792486
4.6810777023179987e-7
4.719462476062191e-7
0.0
0.0
0.0
0.0
0.0
0.0
0.0
0.0
0.0
0.0
0.0
0.0
1.3851224685360815e-6
2.4410116939642407e-6
0.00016271013807929934
0.0
0.0
0.0
0.0
0.0004944779987550562
0.0003336945052780172
5.013671744610446e-5
4.1623370036371996e-7
0.0
0.0
0.0
0.0
0.0
0.0
0.0
0.0
0.0
0.0
0.0
0.0
1.128079162406919e-6
2.4902686321485813e-6
6.146069420265772e-5
0.000400844115366113
0.0
0.0
0.0
0.0
0.0006557565565238711
0.0005464187164197638
0.00030791941698033717
4.741257077100857e-5
4.369740915702066e-7
0.0
0.0
0.0
0.0
0.0
0.0
0.0
0.0
0.0
0.0
0.0
1.7556636403479063e-6
1.1307641655272615e-5
0.00017835554840716597
0.0004968673280795302
0.0
0.0
0.0
0.0
0.0007735188992407183
0.0006624676080702205
0.00042641481536678067
0.0001253521112991314
3.781196114742352e-7
1.3947007625928306e-7
0.0
0.0
0.0
0.0
0.0
0.0
0.0
0.0
0.0
0.0
1.4953060341256613e-6
1.0508852974338637e-5
0.00017552217248723004
0.0004940584752924073
0.0
0.0
0.0
0.0
0.0008467151959422205
0.0006800024751197693
0.0004151113938823609
0.00020986383874128665
2.235367136875533e-5
2.4036218358742184e-7
0.0
0.0
0.0
0.0
0.0
0.0
0.0
0.0
0.0
0.0
1.192129135515832e-6
3.8105341546801185e-6
4.9582108719383974e-5
0.00039268822499586404
0.0
0.0
0.0
0.0
0.0007634825418572761
0.0006319292745718543
0.00039091893891106573
9.144263956324294e-5
4.503507383462365e-7
0.0
0.0
0.0
0.0
0.0
0.0
0.0
0.0
0.0
0.0
0.0
2.0171567009217645e-6
4.029167913681777e-6
0.00014006522877854383
0.00047433353128734464
0.0
0.0
0.0
0.0
0.0009225653463996922
0.0007136476286491099
0.0003056693856566486
2.9014971815860434e-5
4.963350134732813e-7
0.0
0.0
0.0
0.0
0.0
0.0
0.0
0.0
0.0
0.0
0.0
0.0
1.9207370118639984e-6
7.766748824238687e-6
0.00033192562668702167
0.0
0.0
0.0
0.0
0.0006900683540807783
0.0005978223824190849
0.000314139044517173
7.229730589949871e-5
9.140682252502958e-7
1.4147247898637077e-7
0.0
0.0
0.0
0.0
0.0
0.0
0.0
0.0
0.0
0.0
0.0
4.071285470330965e-6
1.8600118702233062e-5
0.0003260202739986584
0.0
0.0
0.0
0.0
0.0006084968375085847
0.0005200489144423031
0.00031029029940599946
8.480898763823826e-5
2.8648775852614456e-7
2.3683733290753527e-7
0.0
0.0
0.0
0.0
0.0
0.0
0.0
0.0
0.0
0.0
4.152458488151168e-6
0.00010888930921023444
0.00029133169001000603
0.000569273517790645
0.0
0.0
0.0
0.0
0.0006933824546428557
0.0005466067071944736
0.0003064932904958501
0.00013620278271004425
5.7447207733766435e-6
1.362196232555413e-7
0.0
0.0
0.0
0.0
0.0
0.0
0.0
0.0
0.0
0.0
3.040567337274018e-6
2.866956012197609e-5
0.0001656272030952966
0.0003928409129430681
0.0
0.0
0.0
0.0
0.0004959534003865409
0.00040786736296969387
0.00021969854732404147
0.00012383609744884484
2.4908852614771377e-5
0.0
0.0
0.0
0.0
0.0
0.0
0.0
0.0
0.0
0.0
0.0
4.205039897360625e-6
0.0001234595179500607
0.0002985063860870649
0.0005503183409715749
0.0
0.0
0.0
0.0
0.0006925189597628783
0.0005820148929276526
0.00030476280862149483
0.00020691912580821846
0.0002537131404248172
9.338025978676922e-5
0.0
0.0
0.0
0.0
0.0
0.0
0.0
0.0
1.8710287693048245e-6
7.681472105031121e-7
0.00018435827512207134
0.0003725289245220186
0.0004555466982617285
0.0007248644500732094
0.0
0.0
0.0
0.0
0.0009982969271669483
0.0008939710962559079
0.0006769199045423077
0.00043706262309064895
0.0001422600787731411
4.625223481947748e-6
1.1105362124207483e-7
0.0
0.0
0.0
0.0
0.0
0.0
0.0
3.467138753777187e-7
1.7427875699398296e-6
0.00013376888350147943
0.0003602302252668379
0.0005335291511505795
0.0007889959187244327
0.0
0.0
0.0
0.0
0.0011218459271130456
0.0010230804859159665
0.000735171967516974
0.0004683902781352584
0.00016992012501200365
1.7965084028805901e-6
1.6764959187761777e-7
0.0
0.0
0.0
0.0
0.0
0.0
0.0
0.0
2.733621579266309e-6
1.5555258705779615e-6
9.267786997286724e-5
0.0002921534007805377
0.0006639178013408042
0.0
0.0
0.0
0.0
0.0008361964028417272
0.0006909951768832954
0.000374445766616589
0.0001858078621402261
0.00012574067469440185
4.909262621090759e-7
1.241406057695731e-7
0.0
0.0
0.0
0.0
0.0
0.0
0.0
0.0
0.0
1.3183938972520655e-6
1.217103783176774e-5
4.22950269650353e-5
0.00023831713368274731
0.0
0.0
0.0
0.0
0.00039112623328060923
0.0003173620063965943
0.00015074568286423663
5.5488696350188525e-5
6.278903736458441e-7
0.0
0.0
0.0
0.0
0.0
0.0
0.0
0.0
0.0
0.0
0.0
4.632460811321993e-6
0.000148901880574201
0.0002826329244367313
0.0004953254595166184
0.0
0.0
0.0
0.0
0.0008284882156978718
0.0007693054609501492
0.0006163302449041254
0.000529827751897975
0.0004200640263173278
0.0003251745155583876
1.4599244974315996e-5
3.7984786214140795e-7
0.0
0.0
0.0
0.0
0.0
0.0
0.0
8.485528069782855e-7
3.903284104906484e-5
0.00030809140813618596
0.0005097075448901641
0.0007680820597683003
0.0
0.0
0.0
0.0
0.0011243624269438603
0.00106167510126825
0.0008947258821391747
0.0007488853974616995
0.0005749593592122573
0.0004560667276796745
0.00018941701750150485
0.0
2.54536315688556e-6
6.0880643477103165e-5
0.00016765532781470936
0.0001559505885913967
0.00015347987971005427
0.00013862715019380146
0.00029017505679394167
0.0003755226605493705
0.0005850467629343675
0.0007292826889175919
0.0008835483863450881
0.0011855081838036193
0.0
0.0
0.0
0.0
0.0014624161234699528
0.001332650137133869
0.0011094980629034732
0.0008832596830039444
0.0006250581024840239
0.000422391326473006
9.152505989957592e-5
3.678572368903681e-7
1.3418451404986846e-6
2.5435619345118534e-6
1.949386114368176e-5
4.808541486409239e-5
8.509338683815876e-5
0.00014048136343236065
0.00034534397479931306
0.00044579370766617137
0.0006431979078256652
0.0007487282429807807
0.0008206039546719944
0.0009788649173970646
0.0
0.0
0.0
0.0
0.0010664042074864694
0.0009712908884640521
0.0006857036506921606
0.0004041238752263147
0.00015255921868241094
1.0025180461138882e-5
4.7101581181213184e-7
0.0
0.0
0.0
0.0
0.0
0.0
0.0
4.916671437708518e-7
1.4182981803222933e-6
7.171743011757959e-5
0.00026998034085412033
0.0004973898439756146
0.000786210618448334
0.0
0.0
0.0
0.0
0.0011487797278685848
0.00111449784000923
0.000846256739346354
0.000592432374418145
0.000298364639454667
9.525369140111384e-5
2.3180275186614857e-7
0.0
0.0
0.0
0.0
0.0
0.0
0.0
0.0
2.3162185306698193e-6
8.971632125730012e-5
0.000237357347972122
0.00042252125681496136
0.0008235883566389627
0.0
0.0
0.0
0.0
0.0012977193178072986
0.0012097690517772826
0.0008290025062179436
0.0004617249907626081
0.00029456756379817836
2.472469781718383e-5
2.709728719840591e-7
0.0
0.0
0.0
0.0
0.0
0.0
0.0
1.3895378843385766e-6
7.967634573310056e-7
0.0001231025779662108
0.00016521823276310321
0.00022616995196451806
0.0006098195036916133
0.0
0.0
0.0
0.0
0.0012347792854710265
0.0010054038746155189
0.0006523018586923455
0.00025334595561809614
5.626941044429186e-6
0.0
0.0
0.0
0.0
0.0
0.0
0.0
0.0
0.0
0.0
4.6492804601300855e-7
9.080346368174879e-6
0.0001768193565013279
0.0004132799388926989
0.0007583961773067077
0.0
0.0
0.0
0.0
0.0012319537191946008
0.0010730541317441626
0.0008322998075567513
0.0005071307331444876
0.00012280216286312474
0.0
0.0
0.0
0.0
0.0
0.0
0.0
0.0
0.0
5.364629885497081e-7
1.1714224219246384e-6
0.00020559749577038594
0.0003427182802103394
0.0005357301246229707
0.0008523279973018385
0.0
0.0
0.0
0.0
0.0012179460189937104
0.0011150882676986727
0.0008973054698116758
0.0006426697036868357
0.00029999016769890834
4.07446203932093e-5
4.50152844719051e-7
0.0
0.0
0.0
0.0
0.0
0.0
0.0
0.0
0.0
4.557488633327985e-5
0.00017634895153836676
0.000289975900392958
0.0005535717315866195
0.0
0.0
0.0
0.0
0.0010251958846599404
0.000821936716866384
0.0006012373747393112
0.0003413492191425434
4.401126170777727e-5
2.96510592406125e-7
0.0
0.0
0.0
0.0
0.0
0.0
0.0
0.0
5.142810204650543e-7
8.662962038804839e-7
0.00011915826973327169
0.00030784290585124537
0.000526699586361979
0.0008042617037449162
0.0
0.0
0.0
0.0
0.0010818106116604464
0.0009366402235405617
0.000729736710132326
0.0005080209089241781
0.00013338392324995852
5.394467900570831e-7
0.0
0.0
0.0
0.0
0.0
0.0
0.0
0.0
0.0
9.239894841393495e-7
7.73648970284214e-6
0.00017105081990551537
0.00040920088164404924
0.0007237658510290447
0.0
0.0
0.0
0.0
0.0010903294057388062
0.0010519372087976033
0.0007496857317677217
0.00047014779401483963
0.0001698162346246835
2.9134033710445115e-7
1.517670401740094e-7
0.0
0.0
0.0
0.0
0.0
0.0
0.0
0.0
2.6482118842300133e-6
7.982793201170125e-7
7.486135178024648e-5
0.00022622447175178265
0.0006150306391629183
0.0
0.0
0.0
0.0
0.0009429623434603903
0.0008599467514313009
0.0006156890769308298
0.00042824695442596347
0.00023835939653787383
4.459518399777413e-7
1.3206614660637399e-7
0.0
0.0
0.0
0.0
0.0
0.0
0.0
0.0
1.126819623585588e-6
1.9045788141281708e-5
0.0001922195378825628
0.00029186162601358855
0.0005211426006469515
0.0
0.0
0.0
0.0
0.0009485568632744707
0.0008777745679704957
0.0005909900699598248
0.0003369486347370614
5.502137909733734e-5
1.3704892457166763e-7
0.0
0.0
0.0
0.0
0.0
0.0
0.0
0.0
0.0
0.0
2.5465729152958983e-6
2.683725397810487e-6
5.934056929007691e-6
0.000214412328078339
0.0
0.0
0.0
0.0
0.0004543053929053998
0.00030683244660310616
8.602736784763946e-5
6.190881108900575e-5
2.080396553050716e-5
2.749347850949716e-7
1.714767444515135e-7
0.0
0.0
0.0
0.0
0.0
0.0
0.0
1.341831770634096e-6
1.924879245906543e-6
3.483711780332955e-6
5.9357886901332426e-5
0.00015486484314143788
0.0003929602613834845
0.0
0.0
0.0
0.0
0.0005894092958762115
0.0004778743915626424
0.0002622618187766176
7.900770214741093e-5
4.072802186594752e-7
1.2886586039575998e-7
0.0
0.0
0.0
0.0
0.0
0.0
0.0
0.0
0.0
0.0
0.0
2.1430512933823707e-6
3.871106329416389e-6
0.00021885989585632157
0.0
0.0
0.0
0.0
0.0007095916827548703
0.0006182998670043321
0.0003804535601317081
0.00019317104067500835
3.1362341784738534e-5
3.3175045996305625e-7
2.2615418103393396e-7
0.0
0.0
0.0
0.0
0.0
0.0
0.0
0.0
1.1703554890945126e-6
8.832159174872605e-5
0.0002197744750502225
0.0003827926604222541
0.000636491868111956
0.0
0.0
0.0
0.0
0.0008957430770391023
0.0007562549238501084
0.000554973401555903
0.00043194965140247427
0.0003166229613211662
0.00025015301890675054
6.54592741736406e-6
0.0
3.108596822385887e-5
0.00027256494544408407
0.0004349647931159732
0.00043646586711449124
0.00036364922178813247
0.00022962538838258378
0.00026047031382028227
0.00029876774331787304
0.00047233705469545105
0.0005718881374434046
0.0006224349796566017
0.0008038184147236224
0.0
0.0
0.0
0.0
0.0008643576507529651
0.000768225767790471
0.0004939995753490432
0.0004109907652500621
0.0004153697098744736
0.0004351994947424504
0.00020696961918854488
6.831219962646434e-5
7.02107293447388e-7
8.639813983562982e-7
0.0
7.183287927161704e-5
0.00020655825609342026
0.0001277631279702928
0.0002035799375049505
0.00040062918327154714
0.00045439822135820337
0.0005790995828833858
0.0007268810043758688
0.00108711633287342
0.0
0.0
0.0
0.0
0.001484825541323278
0.001341036174223955
0.0010065941671672616
0.0008818405837439712
0.0008312263127311761
0.0006042254419620997
0.00042720532605344515
0.00016771655840893394
0.00011580658531811981
0.000134839614114631
0.00014487549198001438
0.00015051513579509424
0.000286388697497143
0.0003207515964246564
0.0004066963064297029
0.00046491293475767084
0.0006982566533709565
0.0008738805736687091
0.0009659003305299183
0.001240461548078799
0.0
0.0
0.0
0.0
0.0016266372896990232
0.0014734354207854138
0.0012614808205518278
0.0010762329045862524
0.0008101126453582297
0.0006700383460289577
0.00039543940572767767
0.00011655749733911976
6.603404698230581e-5
0.00012281670397470875
0.000212783724095848
0.00021908658734281139
0.00023918629736728806
0.00022858185577627076
0.0003104664449904534
0.0003890338411050856
0.0006564058072406937
0.0008533194951829989
0.0010512208352072678
0.001319341583273857
0.0
0.0
0.0
0.0
0.0016053207276151794
0.001441448814663293
0.0012111297064751351
0.0009906484178155497
0.000772061322679325
0.0005964848730602776
0.00017234526583931477
2.5050158907988645e-7
2.481415846983925e-6
1.384783912051676e-6
2.24715641339477e-7
1.869477078474217e-7
0.0
2.7193181947137157e-7
1.8768692374713547e-6
0.0
0.0001514381653844889
0.000294327722253029
0.00043491804177872123
0.0005902678040258364
0.0
0.0
0.0
0.0
0.0008611359427006291
0.0006973836479422039
0.0004466847130442861
0.00039933767668690116
0.00046813592740348566
0.000563755196871817
0.0005282241952999199
0.0005079236557748056
0.0006305013958833248
0.0008193218289409709
0.0009488717972189061
0.0008746052940915105
0.0007521366850199581
0.0006821415684923343
0.0007503196436994969
0.0007848565051491819
0.0009210874929827179
0.0009482529492343114
0.0009727730414523462
0.0012015351197464086
0.0
0.0
0.0
0.0
0.001672441039407339
0.0015684190723318826
0.0013806847573966195
0.001280731976063014
0.0012224519639438254
0.0012057516385382255
0.0009464528448778776
0.0007085640189136984
0.0008001868378059253
0.0009245604034894021
0.0010025885301193516
0.0010636369261473604
0.0009735432362783364
0.0007849439061655727
0.0008799307740231019
0.0009890587755442654
0.0012169062873886652
0.001321881127648378
0.0014356056541155009
0.0017249524306127747
0.0
0.0
0.0
0.0
0.0018338307113582094
0.0016597714320968958
0.001476771304340331
0.0013636517957846077
0.001226228664910176
0.001137842856811022
0.0008897436695546368
0.0006807985079235265
0.0007178410874496593
0.0007825726314362099
0.0008115324037141658
0.0008302913876825855
0.0008743693570462921
0.0008686665234356193
0.0010224166494827258
0.0011374783529286214
0.0013338991999338227
0.0014520248989079714
0.0016256930497707716
0.0019498299157335974
0.0
0.0
0.0
0.0
0.002374002498413812
0.0021864335386837467
0.0019109047920765159
0.0017000581791426737
0.0014291740232130537
0.0012610785351519285
0.0010115124950733929
0.0008596486682020073
0.0007941532616024369
0.0007629324883010917
0.0007270193520941548
0.0007302904099567028
0.0008709995197509181
0.0007807762859864386
0.0007728595889430342
0.0009968518753597927
0.0011301205171261224
0.0011428334342501812
0.0012382855015642276
0.0015595199489878834
0.0
0.0
0.0
0.0
0.002009147722719792
0.0018162836317238973
0.0014706634298709538
0.0013351973666702996
0.0012542372323405308
0.0009020127846696263
0.0006327489458780622
0.0004003860346609126
0.0002705892021188528
0.00024069199237513724
0.00019440586455630248
0.00018471848104227345
0.0003821020554243879
0.00044418758612923767
0.0005650086048777621
0.0006768849293318383
0.0009650792173225622
0.0010938493617944265
0.001173571429413526
0.0014800884744616332
0.0
0.0
0.0
0.0
0.0019730288417268375
0.0018110029246187374
0.0014656664931855913
0.0012759962203131626
0.0012104251978994264
0.0008898649811870414
0.0006641551042079298
0.00046930882072291903
0.0003695026763335338
0.0003180263346415785
0.0002676331427586748
0.00026692993518947914
0.00041644887234604494
0.0005545538500301839
0.0006652824691864383
0.0007317727483157363
0.0009886039208048519
0.0012029789602072732
0.0013118962801591822
0.0015990225527031698
0.0
0.0
0.0
0.0
0.0019986279692958842
0.001822441255709144
0.0015318982103847225
0.0012411115190381823
0.0009650137956117736
0.0008097005610550717
0.00047686711515584684
0.00014074216023850588
3.891048991161933e-5
6.699298938479595e-5
0.00013979257699868705
0.0001785666477042328
0.000268778371748003
0.00028854391921824925
0.00047586252823389545
0.0005760400544681312
0.0008173828716022562
0.0010506595030001502
0.0012032961765289388
0.001473116794230101
0.0
0.0
0.0
0.0
0.0019025880514605934
0.0017241798626551294
0.0013557898835185147
0.0011533322105290477
0.0009420463596969483
0.0007621195365554621
0.00043826945644082825
0.00011960527170473226
3.0393767930557504e-5
6.27926542309179e-6
0.0
1.8600244181488864e-7
7.433423347626965e-6
4.016620284823483e-5
0.0001453316733431478
0.00017786243449877521
0.0003479032629598093
0.0004319635575549105
0.0005982865680650051
0.0009920715025464228
0.0
0.0
0.0
0.0
0.001349240734003691
0.001223282615376838
0.001028940739834348
0.0009615314299100768
0.000970388693580308
0.0009771295370365526
0.0007592124399797127
0.0005596315625945794
0.0005719125017237923
0.0006978676200479884
0.0007761147055656312
0.0007718539983801309
0.0006667400064852791
0.0004599187824952917
0.0004993856133266451
0.0005156650582656721
0.0006650737925819533
0.0007853280792994638
0.0009206849423996776
0.0011202216069968532
0.0
0.0
0.0
0.0
0.0012092495740947456
0.001024476001898522
0.0008516662173252393
0.0008085922873317895
0.0007421002767882923
0.0007559339621383963
0.00050392958888619
0.0001507792906436779
7.70637544739124e-5
0.0001210729993094247
0.00024823534547590523
0.00030336342141563076
0.00023213076886544485
0.00011976497232999639
0.0002037850464307127
0.0002907559506345368
0.0005580641621087153
0.0007192778863970154
0.0008221210082075434
0.0011058215091228013
0.0
0.0
0.0
0.0
0.0016778059839969981
0.0015892221285030556
0.0013590432365444926
0.0011606651899175914
0.0009556085747482008
0.000766099791328673
0.00041940263652038933
0.00015379564396092712
3.802800651557349e-5
7.258780598515425e-6
0.0
0.0
4.432675086332347e-5
3.6935913939310806e-5
0.00010132156486021084
0.00031432089733199987
0.00042551087548785597
0.0005736234726841637
0.000759660777779065
0.0011462421434034452
0.0
0.0
0.0
0.0
0.0015184749712525956
0.0013762008471058691
0.0010977543624838726
0.0008866873321550602
0.0007779199391561737
0.0004780247304506418
0.00021948266610554324
0.0
7.300592725976118e-7
1.073951757367907e-6
0.0
0.0
0.0
0.0
2.9189661486940413e-5
9.42404604098648e-5
0.0003657038394619252
0.0005333912853318514
0.0006067729243879872
