0.0
0.0
0.0
0.0
0.0
0.0
0.0
0.0
0.0
0.0
0.0
0.0
0.0
0.0
0.0
0.0
0.0
0.0
0.0
0.0
0.0
0.0
0.0
0.0
0.0
0.0
0.0
0.0
0.0
0.0
0.02015208049889719
0.018257865633953367
0.009487681138973945
0.0038677372454091192
0.001641963714832837
1.8002505306956205e-5
0.0
0.00030440850877352254
0.00020962998490358127
0.000348179772861218
0.0005094318617826777
0.0008351961339267908
0.0012081389884887029
0.0015869909763631255
0.002038823329890418
0.0
0.0
0.0
0.0
0.0
0.0
0.0
4.875431192634134e-5
0.0003185048503513559
0.036536710790082555
0.02487699711035626
0.012747293251265848
0.005356312698861096
0.0017473511306278623
3.617761623265383e-5
7.533387835011122e-7
0.00014592121675824766
3.0895212767011395e-5
0.00010075807090884589
0.00016181721086800074
0.0007081887676031436
0.0013717320808230514
0.001803407691327528
0.0022475394176466063
0.0
0.0
0.0
0.0
0.0
0.0
0.0
0.0
0.0
0.011151439940675712
0.006467878636887283
0.0023887956882125802
0.0015155611980802617
0.0006523215606287709
1.4366933533473744e-6
0.0
4.5863531293366265e-6
0.0
2.3698655650211494e-6
2.6254204145420706e-6
0.0
1.161319041515954e-7
2.0693573513731992e-5
4.892521433392975e-5
0.0
0.0
0.0
0.0
0.0
0.0
0.0
0.0
0.0
0.0005928427606847002
0.0002907680998882857
1.1931507596638357e-6
0.0
0.0
0.0
0.0
0.0
0.0
2.203926786186755e-6
5.198546693469831e-6
0.0
0.0
0.0
0.0
0.0
0.0
0.0
0.0
0.0
0.0
0.0
0.0
0.0
0.00019768158858401693
2.501969949257047e-5
9.574722324733423e-7
0.0
0.0
0.0
3.3988519992952274e-7
5.419897453732924e-7
7.266004001609941e-7
2.8314638677324186e-6
1.4856728838001558e-6
0.0
0.0
0.0
0.0
0.0
0.0
0.0
0.0
0.0
0.0
0.0
0.0
0.0
0.0
0.0
0.0
0.0
0.0
0.0
0.0
0.0
0.0
0.0
0.0
0.0
0.0
0.0
0.0
0.0
0.0
0.0
0.0
0.0
0.0
0.0
0.0
0.0
0.0
0.0
0.0
0.0
4.8353502307385236e-8
4.774162465933079e-8
1.308561907494493e-7
2.5366444854266138e-8
8.790549241061607e-9
3.640548543669045e-8
0.0
0.0
0.0
0.0
0.0
0.0
0.0
0.0
0.0
0.0
0.0
0.0
0.0
0.0
0.0159143150660454
0.008498517040079845
0.0018795213427404587
0.0003196433702243941
0.0
6.683801602792372e-7
8.836799231613334e-7
2.7303930698174917e-6
1.10776074711686e-6
3.227935408784299e-6
2.636423510221918e-6
0.0
0.0
0.0
0.0
0.0
0.0
0.0
0.0
0.0
0.0
0.0
0.0
0.0
0.0005266178714454068
0.00021745161344206802
1.2551997288893362e-6
0.0
0.0
3.1071957000244046e-7
3.6220181831611723e-7
3.989041154216071e-7
6.349362019836582e-7
2.8424706171950983e-6
5.184542602578108e-6
0.0
0.0
0.0
0.0
0.0
0.0
0.0
0.0
0.0
0.0
0.0
0.0
0.0
0.0020438312952713394
0.0008673680032627568
0.00030237909916091583
0.00033383509076618666
4.3469175549188345e-5
2.0929455869073246e-6
1.3659621229355996e-7
3.2358776283402916e-6
7.268106217653095e-7
2.747592920253303e-6
2.6847172334434358e-6
0.0
0.0
1.618732245012266e-6
9.541653480462509e-6
0.0
0.0
0.0
0.0
0.0
0.0
0.0
0.0
0.0
0.006241168357929862
0.004713567758252655
0.005853762621303084
0.009041644653395357
0.013959480149229764
0.008660178250243164
0.004281322909136499
0.003878246929990285
0.0030658453941711135
0.0023787557536778495
0.0019206984501482674
0.0023935904851628757
0.003390105593371403
0.004117578275445168
0.006248875328325937
0.0
0.0
0.0
0.0
0.0
0.0
0.0002333109730191544
0.00039540791192208804
0.0005975891203556179
0.04034891919013244
0.026968939036058733
0.016707390811501244
0.008567990082090802
0.002393932691722804
0.0001247605135258606
1.0166526485938337e-7
2.7610594652438135e-5
0.0
0.0
1.5834876216166333e-6
1.1682909502030603e-5
3.20520042007775e-5
5.296000948957805e-5
6.826305184186825e-5
0.0
0.0
0.0
0.0
0.0
0.0
0.0
0.0
0.0
0.0
0.0
0.0
0.0
0.0
0.0
1.2910459816148186e-8
3.751518562639567e-8
1.3441083927570082e-8
2.2972999890191383e-8
0.0
0.0
0.0
0.0
0.0
0.0
0.0
0.0
0.0
0.0
0.0
0.0
0.0
0.0
0.0
0.0
0.0
0.0
1.7428275506071442e-8
2.567990478747787e-8
4.122755664774913e-8
5.412116189117918e-8
8.071190799553514e-8
6.057130711490489e-8
4.8959287296366363e-8
2.3174310605523488e-8
0.0
0.0
0.0
0.0
0.0
0.0
0.0
0.0
0.0
0.0
0.0
0.0
0.0
0.0
0.0
0.0
0.0
3.343601631592748e-8
4.418417599120296e-8
8.375896335738479e-8
6.115310493390989e-8
6.913751155391253e-8
2.859263439269765e-8
1.752192058918824e-8
0.0
0.0
0.0
0.0
0.0
0.0
0.0
0.0
0.0
0.0
0.0
0.0
0.0018055131601703658
0.0009356920263442416
9.0168150684679e-5
0.0
3.523749082693435e-8
2.7609823016915177e-7
2.8904195672598887e-7
3.763242845364039e-7
4.4773100209934366e-7
2.4647273654372184e-6
1.4842615377337315e-6
0.0
0.0
0.0
0.0
0.0
0.0
0.0
0.0
0.0
0.0
0.0
0.0
0.0
0.0017186240808761274
0.0007041923511426236
1.3476792215816772e-6
0.0
0.0
3.9777139609541596e-7
4.822940152587612e-7
6.998550571166609e-7
6.918303923024953e-7
2.696899095823583e-6
5.168658757515233e-6
0.0
0.0
0.0
0.0
0.0
0.0
0.0
0.0
0.0
0.0
0.0
0.0
0.0
0.00035930160353590026
0.00022792555016598517
9.494262437713008e-7
0.0
0.0
3.475847968814098e-7
5.997925926409227e-7
7.425098121836787e-7
7.339364704730842e-7
2.703524491285107e-6
5.152152901145194e-6
0.0
0.0
0.0
0.0
0.0
0.0
0.0
0.0
0.0
0.0
0.0
0.0
0.0
0.000445001694486724
0.00022592825423903122
1.294128678952279e-6
0.0
2.5652426855453987e-7
2.5854642619838544e-7
5.359808965383133e-7
7.743566822014943e-7
6.964379415458368e-7
2.8630611438274922e-6
5.302272401581454e-6
0.0
0.0
0.0
0.0
0.0
0.0
0.0
0.0
0.0
0.0
0.0
0.0
0.0
0.0
0.0
0.0
0.0
0.0
0.0
0.0
0.0
0.0
0.0
0.0
0.0
0.0
0.0
0.0
0.0
0.0
0.0
0.0
0.0
0.0
0.0
0.0
0.0
0.0
0.0
0.0
0.0
0.0
1.989130881861277e-8
1.0002225650918906e-7
1.0253575400048268e-7
1.2977575267638438e-7
6.628022221028634e-8
8.21163821323092e-8
0.0
0.0
0.0
0.0
0.0
0.0
0.0
0.0
0.0
0.0
0.0
0.0
0.0
0.0001227153181243744
8.723087142875124e-6
8.28581455339707e-7
0.0
3.7823530339801923e-7
5.673465172801902e-7
6.751738186282143e-7
7.656995251117645e-7
1.013372082065557e-6
2.8184504317972245e-6
2.9475246648147236e-6
0.0
0.0
0.0
0.0
0.0
0.0
0.0
0.0
0.0
0.0
0.0
0.0
0.0
0.0005017151046179011
0.0002315076792517855
1.4969586131957295e-6
0.0
3.8270611491206046e-7
7.267831938324192e-7
5.390730847623216e-7
7.720349040837569e-7
7.912366642279498e-7
2.826670475936751e-6
5.312202574118929e-6
0.0
0.0
0.0
0.0
0.0
0.0
0.0
0.0
0.0
0.0
0.0
0.0
0.0
0.00018291243926402953
4.283103215297682e-5
1.3924838169617076e-6
9.169442153017357e-8
5.587341712950575e-7
9.452396238286994e-7
7.390893667010275e-7
7.390904542678612e-7
7.390989261317036e-7
7.391104318348195e-7
3.1696168783363383e-6
2.987060122074238e-7
0.0
0.0
0.0
0.0
0.0
0.0
0.0
0.0
0.0
0.0
0.0
0.0
0.000466684827279097
0.00020785526070963762
1.5021211358752744e-6
0.0
2.771514516346814e-7
4.7614279284394264e-7
5.94476466187738e-7
1.1343220329930055e-6
9.23768286489985e-7
2.8781568799285986e-6
2.724524639531496e-6
0.0
0.0
0.0
0.0
0.0
0.0
0.0
0.0
0.0
0.0
0.0
0.0
0.0
0.00013739099235068287
6.676732723013531e-6
0.0
0.0
0.0
4.181378435951806e-7
1.4059547558212347e-6
1.2569548260433774e-6
1.0430816713394458e-6
3.432611623673904e-6
1.4120326946622123e-6
0.0
0.0
0.0
0.0
0.0
0.0
0.0
0.0
0.0
0.0
0.0
0.0
0.0
0.0
0.0
0.0
0.0
0.0
0.0
0.0
8.878648207423139e-8
1.1637280841152766e-7
6.376236645484275e-8
3.749922482150889e-8
0.0
0.0
0.0
0.0
0.0
0.0
0.0
0.0
0.0
0.0
0.0
0.0
0.0
0.0
0.0
0.0
0.0
0.0
0.0
0.0
0.0
0.0
0.0
0.0
0.0
0.0
0.0
0.0
0.0
0.0
0.0
0.0
0.0
0.0
0.0
0.0
0.0
0.011745432710181332
0.006513998881020384
0.0014748614443571067
0.00033354183613779894
0.0
8.28020614145331e-7
9.664897711697874e-7
4.355635256084981e-6
1.18753213083697e-6
3.788291202204598e-6
3.0340294756351777e-6
0.0
1.5641089601208338e-6
1.8685665510597403e-6
0.000122563729034022
0.0
0.0
0.0
0.0
0.0
0.0
0.0
0.0
0.0
0.022594695974121056
0.00887713950546586
0.0017016385414634788
0.0005296602695955074
0.0
0.0
0.0
3.1379508353446703e-6
0.0
2.0521487863130917e-6
2.3619037228044623e-6
0.0
3.951272555140592e-6
0.0001822236891667832
0.0005530160639941667
0.0
0.0
0.0
0.0
0.0
0.0
0.0
0.0
0.0
0.006423432550716868
0.002761489383535763
0.00035337143174564764
0.0
1.0987164487927743e-6
1.4387255216707402e-6
1.5213248659015512e-6
1.7546057891749123e-6
1.750600060613779e-6
4.128177653826062e-6
4.122895907965169e-6
2.8307960061155143e-7
0.0
0.0
0.0
0.0
0.0
0.0
0.0
0.0
0.0
0.0
0.0
0.0
0.004912721747823669
0.0017086758581944985
6.065248765775293e-5
0.0
3.7774967224828646e-7
1.3766683804619577e-6
1.5173318783610434e-6
1.4256156700416484e-6
1.0084001185359588e-6
2.779546353542392e-6
5.30017275784711e-6
0.0
0.0
0.0
5.252065447998186e-6
0.0
0.0
0.0
0.0
0.0
0.0
0.0
0.0
0.0
0.000503058813623444
0.0002493452663505678
8.318710754049138e-7
0.0
0.0
0.0
1.168404578660346e-6
1.4160935201359775e-6
1.5407494447280165e-6
3.3861545365589046e-6
5.085995820327102e-6
0.0
0.0
0.0
4.616208181245732e-6
0.0
0.0
0.0
0.0
0.0
0.0
0.0
0.0
0.0
0.0
0.0
0.0
0.0
0.0
0.0
0.0
0.0
0.0
0.0
0.0
0.0
0.0
0.0
0.0
0.0
0.0
0.0
0.0
0.0
0.0
0.0
0.0
0.0
0.0
0.0
0.0
0.0
0.0
0.0
0.0
0.0
0.0
0.0
0.0
0.0
0.0
0.0
0.0
0.0
0.0
0.0
0.0
0.0
0.0
0.0
0.0
0.0
0.0011884504835430942
0.0004899623935970693
1.1333437742420562e-6
0.0
9.98215296184687e-7
1.4960941578799936e-6
1.6494840403294854e-6
4.251349892782801e-6
1.6224481105465537e-6
3.5821850596970203e-6
1.4737290195802666e-6
0.0
0.0
0.0
0.0
0.0
0.0
0.0
0.0
0.0
0.0
0.0
0.0
0.0
0.0003618781260964111
9.418205320925796e-5
9.291287350996522e-7
0.0
0.0
0.0
5.684384014420193e-7
1.114147111876996e-6
1.137316089063906e-6
3.080375989647404e-6
5.484105463226241e-6
0.0
0.0
0.0
0.0
0.0
0.0
0.0
0.0
0.0
0.0
0.0
0.0
0.0
0.0005890932140890282
0.0002354397897056529
1.0952788387180256e-6
0.0
2.756523125352834e-7
7.001087058053853e-7
1.2633884752087355e-6
4.131909672164956e-6
1.4256198603726843e-6
4.450917728951711e-6
3.4146704589718313e-6
1.5217434199578495e-7
1.5546829203164892e-6
5.718484384988066e-6
5.8476797126320125e-5
0.0
0.0
0.0
0.0
0.0
0.0
0.0
0.0
0.0
0.011424470717340708
0.004807926376223771
0.0012817032511054634
0.0006477385256216712
0.00025833066622851314
0.0
0.0
4.775245803974928e-6
1.0893223318929261e-6
5.093210735275032e-6
2.6567545478250657e-6
0.0
1.4572206739159729e-6
0.0003021581290757006
0.0009045357012897488
0.0
0.0
0.0
0.0
0.0
0.0
0.0
0.0
0.0
0.02790767453821909
0.016918875236658238
0.005134206477585287
0.0016129915171970743
0.0008028591402628415
0.0
0.0
7.019948688525202e-6
0.0
1.65941593960779e-5
0.00016026233750981937
0.0005621154862677344
0.0010407504499352497
0.0014265081025953018
0.0018400290991265542
0.0
0.0
0.0
0.0
0.0
0.0
0.0
0.0
0.0
0.0
0.0
0.0
0.0
0.0
0.0
0.0
0.0
0.0
0.0
0.0
0.0
0.0
0.0
0.0
0.0
0.0
0.0
0.0
0.0
0.0
0.0
0.0
0.0
0.0
0.0
0.0
0.0
0.0
0.0
0.0
0.0
0.0
0.0
0.0
0.0
0.0
0.0
0.0
0.0
0.0
0.0
0.0
0.0
0.0
0.0
0.0
0.0
0.009293159967058325
0.004400578820305685
0.0006863303611918079
1.1704177659722171e-5
1.6512121166265975e-7
9.399530029570905e-7
1.1742948524367891e-6
3.78270635801691e-6
7.988881194018114e-7
3.2846252336425713e-6
3.0375066811775704e-6
0.0
0.0
0.0
0.0
0.0
0.0
0.0
0.0
0.0
0.0
0.0
0.0
0.0
0.0042601647076505504
0.0010499783518938752
1.5977966318241581e-6
0.0
1.1103109593945704e-6
1.3340819836923703e-6
1.4223183467588365e-6
1.4471380409589957e-6
1.1868192606702989e-6
3.7641217372155712e-6
6.7862034610363895e-6
2.834304896181157e-7
0.0
0.0
0.0
0.0
0.0
0.0
0.0
0.0
0.0
0.0
0.0
0.0
0.0016368524797260005
0.0004477883453553758
1.4919874988517192e-6
0.0
6.453974976471366e-7
9.63407585057283e-7
9.633922260317618e-7
1.025697599039139e-6
1.0749435430013148e-6
3.2190162145373583e-6
6.3515023692630475e-6
0.0
0.0
0.0
0.0
0.0
0.0
0.0
0.0
0.0
0.0
0.0
0.0
0.0
0.0017440870055511315
0.0005620878848801198
1.415652093856108e-6
0.0
7.682116504638522e-7
1.3900856768771729e-6
1.2566435151780243e-6
9.796684605244064e-7
1.1427632970230137e-6
3.243953428978082e-6
2.494301062740189e-6
0.0
0.0
0.0
0.0
0.0
0.0
0.0
0.0
0.0
0.0
0.0
0.0
0.0
0.00037750547903164376
7.248225029451167e-5
0.0
0.0
6.42831108955176e-8
5.792635045858194e-7
6.896949430195939e-7
9.003526018497306e-7
9.003455631293684e-7
3.1220210676199203e-6
5.8486745868604325e-6
0.0
0.0
0.0
0.0
0.0
0.0
0.0
0.0
0.0
0.0
0.0
0.0
0.0
0.0
0.0
0.0
0.0
0.0
0.0
0.0
8.205005673948037e-8
1.2293952844284886e-7
7.344508994862691e-8
0.0
0.0
0.0
0.0
0.0
0.0
0.0
0.0
0.0
0.0
0.0
0.0
0.0
0.0
0.0
0.0
0.0
0.0
0.0
3.4731234882313055e-6
0.0
7.362775702285532e-6
2.8067122498467623e-6
2.2184131135802636e-6
3.609503091597885e-8
0.0
0.0
0.0
0.0
0.0
0.0
0.0
0.0
0.0
0.0
0.0
0.0
0.0
0.0
0.0
0.0
9.475512092441763e-6
0.0
8.888335044497577e-6
7.918349023370583e-8
1.3576978731646086e-5
6.683859431188512e-6
1.3543906719113248e-5
3.0410928452277163e-8
0.0
0.0
0.0
0.0
0.0
0.0
0.0
0.0
0.0
0.0
0.0
0.0
0.0
2.787880350391011e-5
0.0
7.947807713146488e-7
0.0
0.0
6.715576878468306e-7
1.1767536298939161e-6
1.3967121380094905e-6
1.29722277765346e-6
1.385633242424697e-6
3.036537406277021e-6
0.0
0.0
0.0
0.0
0.0
0.0
0.0
0.0
0.0
0.0
0.0
0.0
0.0
1.8509893335918506e-5
0.0
8.038066689675252e-7
0.0
4.955655628670254e-7
1.0938057530513474e-6
1.2004012160750276e-6
1.230619750070246e-6
1.5272664573339586e-6
1.5308920744322816e-6
3.283097933378512e-6
0.0
0.0
0.0
0.0
0.0
0.0
0.0
0.0
0.0
0.0
0.0
0.0
0.0
4.212350096460975e-6
0.0
8.146339636194235e-7
2.1474627799587644e-7
9.883908095536452e-7
5.147372803102385e-7
4.0821728646608627e-7
8.057983560807907e-7
1.224926583883195e-6
1.4684113164217334e-6
1.4571380887135379e-6
0.0
0.0
0.0
0.0
0.0
0.0
0.0
0.0
0.0
0.0
0.0
0.0
0.0
7.079630776835022e-5
0.0
8.171099184254722e-7
0.0
1.061403716150567e-6
1.4205739127863354e-6
1.3240825566429886e-6
8.464083217560416e-7
1.4932529761589684e-6
1.4958935905257315e-6
3.3429027309098e-6
1.5012180395688793e-7
0.0
0.0
0.0
0.0
0.0
0.0
0.0
0.0
0.0
0.0
0.0
0.0
0.0
0.0
0.0
0.0
0.0
0.0
1.187629286236251e-7
1.0847507191935862e-7
1.0176110672468815e-7
0.0
0.0
0.0
0.0
0.0
0.0
0.0
0.0
0.0
0.0
0.0
0.0
0.0
0.0
0.0
0.0
0.0
0.0
0.0
0.0
0.0
0.0
0.0
0.0
0.0
0.0
0.0
0.0
0.0
0.0
0.0
0.0
0.0
0.0
0.0
0.0
0.0
0.0
0.0
0.00996042581363299
0.0030423343450373275
6.4014309194457e-5
0.0
1.0178846188656246e-6
1.6637410860910366e-6
1.7807038481208205e-6
1.833391017289306e-6
1.8332339743140346e-6
3.641978518887106e-6
2.812869151904202e-6
0.0
0.0
0.0
0.0
0.0
0.0
0.0
0.0
0.0
0.0
0.0
0.0
0.0
0.0003208428972275159
2.533664287645628e-5
9.430470536773817e-7
2.985797219360603e-7
1.2114135303689135e-6
1.1863012496552155e-6
1.0852013273402257e-6
7.179736667633568e-7
6.419758781558899e-7
8.768189005951848e-7
3.120405872839498e-6
3.4828301650228427e-7
0.0
0.0
0.0
0.0
0.0
0.0
0.0
0.0
0.0
0.0
0.0
0.0
0.007059647010441274
0.0021388229315942022
0.00015714105630180699
0.0
1.5014069671781752e-7
1.4879377602002866e-6
1.6165143976904792e-6
1.898900022895493e-6
1.0571504667457682e-6
4.106789300197727e-6
3.4129309289509007e-6
4.345884267418582e-7
0.0
0.0
0.0
0.0
0.0
0.0
0.0
0.0
0.0
0.0
0.0
0.0
0.00676282660226554
0.0016265509470972798
6.564358231048635e-6
8.05595092086286e-7
1.2385803560174211e-6
1.5310238798403585e-6
1.8075982424662805e-6
2.022800336439335e-6
2.252197050180404e-6
3.747431542836819e-6
6.830231123384351e-6
3.9402884385682346e-7
0.0
0.0
0.0
0.0
0.0
0.0
0.0
0.0
0.0
0.0
0.0
0.0
0.0005418515773565175
0.00010994589507764573
9.888793233647686e-7
0.0
5.272886831254282e-7
1.054556535690303e-6
1.0236481602610774e-6
1.406992375500789e-6
1.0174207594254052e-6
3.040582105792631e-6
5.552485395849078e-6
0.0
0.0
0.0
0.0
0.0
0.0
0.0
0.0
0.0
0.0
0.0
0.0
0.0
0.0
0.0
0.0
0.0
5.650091025332122e-6
1.6779104562966338e-7
1.5294041476290506e-7
1.5133280282898224e-7
2.0347856390119143e-7
2.1638046844862122e-7
0.0
0.0
0.0
0.0
0.0
0.0
0.0
0.0
0.0
0.0
0.0
0.0
0.0
0.0
0.0
0.0
0.0
0.0
0.0
0.0
0.0
0.0
0.0
0.0
2.1385239211630515e-6
0.0
0.0
0.0
0.0
0.0
0.0
0.0
0.0
0.0
0.0
0.0
0.0
0.0
2.5462862433127515e-5
0.0
0.0
0.0
0.0
0.0
0.0
0.0
0.0
2.035541315177033e-6
5.097599619610268e-6
0.0
0.0
0.0
0.0
0.0
0.0
0.0
0.0
0.0
0.0
0.0
0.0
0.0
0.0004895032397112491
7.780620026024629e-5
0.0
0.0
0.0
0.0
0.0
3.4773129434256086e-7
6.71021087473785e-7
3.1237995783057446e-6
5.006977755234902e-6
0.0
0.0
0.0
0.0
0.0
0.0
0.0
0.0
0.0
0.0
0.0
0.0
0.0
0.000333600983627605
1.8215264603393217e-5
0.0
0.0
3.949162667867091e-7
8.680181766865846e-7
1.2976663470797374e-6
1.2635706399877844e-6
1.3752404356732936e-6
3.186752832316663e-6
2.7856584277400035e-6
0.0
0.0
0.0
0.0
0.0
0.0
0.0
0.0
0.0
0.0
0.0
0.0
0.0
5.4984503593312736e-5
0.0
7.818289630242988e-7
0.0
0.0
0.0
0.0
1.0248422067803508e-6
1.3029593530272864e-6
6.682273070638009e-7
6.653864844378475e-6
0.0
0.0
0.0
0.0
0.0
0.0
0.0
0.0
0.0
0.0
0.0
0.0
0.0
1.213166912396547e-5
0.0
0.0
0.0
0.0
0.0
0.0
4.727076909130839e-6
1.3629434747547113e-6
3.2453364133882697e-6
6.051597517207387e-6
0.0
3.314006354313423e-6
1.7126446363297343e-6
0.0
0.0
0.0
0.0
0.0
0.0
0.0
0.0
0.0
0.0
0.0
0.0
0.0
0.0
0.0
0.0
0.0
0.0
0.0
0.0
0.0
0.0
0.0
0.0
0.0
0.0
0.0
0.0
0.0
0.0
0.0
0.0
0.0
0.0
0.0
0.0
0.0
0.0
0.0
0.0
0.0
0.0
0.0
0.0
0.0
0.0
0.0
0.0
0.0
0.0
0.0
0.0
0.0
0.0
0.0
0.0
0.0
0.0002480177272856627
5.5988163351121787e-5
9.722198268546218e-7
0.0
0.0
0.0
2.9618263533669573e-7
8.916739929230861e-7
2.895301702757508e-7
6.675512479499667e-7
4.357713095170552e-6
1.0823384051353462e-6
1.1087797603024203e-7
0.0
0.0
0.0
0.0
0.0
0.0
0.0
0.0
0.0
0.0
0.0
0.0
0.0
0.0
0.0
0.0
0.0
0.0
0.0
4.969049992885786e-7
3.489507198964931e-6
6.513043577697961e-6
1.4438457076887152e-6
1.0469783016389653e-6
0.0
0.0
0.0
0.0
0.0
0.0
0.0
0.0
0.0
0.0
0.0
0.011688250197745732
0.007547780879558193
0.0035764937283982016
0.0019110158304417174
0.001126340982617199
1.8539911555220736e-6
0.0
0.0002864879764252322
7.368854947653753e-5
7.105603818716748e-5
2.3239236955576107e-6
0.0
4.679772607071544e-5
0.00035904564643325914
0.000757590530075901
0.0
0.0
0.0
0.0
0.0
0.0
0.0
0.0
0.0
0.03674600162225752
0.020680645957877396
0.011469826854380924
0.004933320834856072
0.0016051354589430035
1.1744864456510695e-5
0.0
1.4566231937906819e-5
0.0
0.0
4.315359173808496e-6
0.0
0.0
0.0
0.00021867664285927954
0.0
0.0
0.0
0.0
0.0
0.0
0.0
0.0
0.0
0.004905543608704512
0.003083620232738156
0.0010617293112314312
0.00031915467210572604
0.0
0.0
6.716148363232986e-7
3.4949372895512294e-6
8.494142256794978e-7
3.077400294834839e-6
2.9075589217905726e-6
0.0
0.0
0.0
0.0
0.0
0.0
0.0
0.0
0.0
0.0
0.0
0.0
0.0
0.0
0.0
0.0
0.0
0.0
0.0
0.0
0.0
0.0
0.0
0.0
0.0
0.0
0.0
0.0
0.0
0.0
0.0
0.0
0.0
0.0
0.0
0.0
0.0
0.0
0.0
0.0
0.0
0.0
0.0
0.0
0.0
0.0
0.0
0.0
0.0
0.0
0.0
0.0
0.0
0.0
0.0
0.0
0.0
0.0
0.0
0.0
0.0
0.012008927564902107
0.01124077660264774
0.00544558348040593
0.0022010867897079463
0.0010163239650287936
0.0
0.0
4.863679617922628e-6
0.0
1.422149637572949e-6
4.759389136658876e-6
0.0
0.0
1.4792722487237345e-6
8.237348620669518e-5
0.0
0.0
0.0
0.0
0.0
0.0
0.0
0.0
0.0
0.013211231989425743
0.009908633122108382
0.0033737616915442193
0.001128331703829458
0.00018947043187615042
2.1226671700708426e-6
0.0
1.3228470883358566e-6
1.4144301534942731e-6
3.3865478294383657e-6
5.959551479112809e-6
7.863261070979821e-7
0.0
0.0
0.0
0.0
0.0
0.0
0.0
0.0
0.0
0.0
0.0
0.0
0.007091565189200437
0.0034695000647354843
0.0008472446206671249
0.00011253440069400493
0.0
6.393276308292534e-7
1.4847707088410838e-6
1.3615918464271592e-6
1.7185801240979279e-6
3.66136094193234e-6
6.3592607249072134e-6
6.839750670897955e-7
0.0
0.0
0.0
0.0
0.0
0.0
0.0
0.0
0.0
0.0
0.0
0.0
0.0003907600176049011
0.0001336515108699927
1.012876549906909e-6
0.0
3.94810104498585e-7
1.1843922907350523e-6
1.1843315195110098e-6
1.5589721037900852e-6
1.739889808868751e-6
3.6728036168182023e-6
6.443855197547326e-6
7.57477236913642e-7
0.0
0.0
0.0
0.0
0.0
0.0
0.0
0.0
0.0
0.0
0.0
0.0
0.0001821824511152678
9.087890725507756e-6
8.573982560112766e-7
0.0
0.0
6.749111381082004e-7
1.1881935458786195e-6
8.67053905888193e-7
1.03430750561491e-6
1.102377330702643e-6
5.800777048699782e-6
0.0
0.0
0.0
0.0
0.0
0.0
0.0
0.0
0.0
0.0
0.0
0.0
0.0
0.0
0.0
0.0
0.0
0.0
1.195297919711036e-5
2.0364686010870624e-5
0.0
9.232655560554764e-6
6.873608798900834e-6
6.181543978063956e-8
1.671503705560776e-5
0.0
0.0
0.0
0.0
0.0
0.0
0.0
0.0
0.0
0.0
0.0
0.0
0.0
0.0
0.0
0.0
1.0281437744679e-5
0.0
7.138074227052584e-6
3.991473097979819e-6
1.5461287947618294e-7
1.1634548489419255e-7
1.0860734491262983e-7
0.0
1.930664157104192e-5
0.0
0.0
0.0
0.0
0.0
0.0
0.0
0.0
0.0
0.0
0.0
0.0003440671754362391
0.00012550606876965287
1.316036890669551e-6
0.0
0.0
7.075414094389805e-7
1.1892642714200818e-6
1.267508108307671e-6
1.5390974592675949e-6
1.5715311353763408e-6
4.492343079201335e-6
8.562599250153917e-7
0.0
0.0
0.0
0.0
0.0
0.0
0.0
0.0
0.0
0.0
0.0
0.0
0.0001672882197855364
3.02762393356078e-5
1.1158669282258616e-6
0.0
0.0
4.505323212210252e-7
9.704774701500056e-7
6.887661413323297e-7
8.156737763302789e-7
8.156760293376921e-7
3.0772331423622625e-6
9.544709154848639e-7
0.0
0.0
0.0
0.0
0.0
0.0
0.0
0.0
0.0
0.0
0.0
0.0
7.191009533961888e-5
0.0
8.671177941564644e-7
0.0
1.4690318919198131e-7
6.457129643810611e-7
8.179796120358038e-7
8.89482563269901e-7
8.905888613098843e-7
7.000777800275539e-7
3.1378516443751826e-6
3.1967184783444734e-7
0.0
0.0
0.0
0.0
0.0
0.0
0.0
0.0
0.0
0.0
0.0
0.0
4.1941854436289785e-5
0.0
8.094917737939013e-7
0.0
3.237720273482048e-7
9.083186800935393e-7
1.072755476580019e-6
9.826120553601441e-7
1.0638774626932862e-6
9.4971331743293e-7
4.277321803686411e-6
1.616069211574779e-6
0.0
0.0
0.0
0.0
0.0
0.0
0.0
0.0
0.0
0.0
0.0
0.0
5.8571367269566795e-5
0.0
8.395865631705169e-7
0.0
4.3975848660989747e-7
1.0425493090879256e-6
1.242497997377031e-6
1.1137485536660903e-6
1.5125738362954797e-6
1.5311003499545582e-6
3.7325048670198564e-6
1.3058527606139738e-6
0.0
0.0
0.0
0.0
0.0
0.0
0.0
0.0
0.0
0.0
0.0
0.0
0.0
0.0
0.0
0.0
7.860237604717923e-6
0.0
2.0176530360778563e-7
2.213455103540759e-7
3.772286919396505e-7
3.3677938913124017e-7
2.4739053480400947e-7
2.3317885782969827e-7
1.1269546614335816e-7
0.0
2.559041338332847e-6
0.0
0.0
0.0
0.0
0.0
0.0
0.0
0.0
0.0
0.0
0.0
0.0
0.0
0.0
0.0
1.0883354750426986e-7
1.3567587030355555e-7
1.518409004972076e-7
1.3911293052111634e-7
1.7952738065859198e-7
2.1119179389937238e-7
1.8617249228642593e-7
6.276706710050769e-8
0.0
0.0
0.0
0.0
0.0
0.0
0.0
0.0
0.0
0.0
1.0393816044651015e-6
0.0
7.750482776035813e-7
3.4530862212415104e-7
9.70424380628328e-7
1.3575660536669054e-6
9.301066126690884e-7
9.227461223689327e-7
1.0487145036520724e-6
1.0792104163131903e-6
1.0052498682945743e-6
1.2870404442156424e-6
2.2033404692343394e-7
0.0
0.0
0.0
0.0
0.0
0.0
0.0
0.0
0.0
0.0
0.0
1.1171412865673186e-6
0.0
0.0
0.0
0.0
1.6920881717498368e-7
3.6660913664262586e-7
6.597047552193838e-7
1.3810416491119934e-6
1.7275357567842084e-6
4.116620049477281e-6
9.382928259021505e-7
1.9924653442567393e-7
0.0
0.0
0.0
0.0
0.0
0.0
0.0
0.0
0.0
0.0
0.0
1.1017023473508204e-6
0.0
0.0
0.0
0.0
2.0313009564475396e-7
6.617478291039428e-7
9.034640410729385e-7
7.004579786937274e-7
1.0899812795363617e-6
5.2872146408313625e-6
0.0
0.0
0.0
0.0
0.0
0.0
0.0
0.0
0.0
0.0
0.0
0.0
0.0
0.0009331648346119797
0.0005849535280245934
0.00014857736796542446
1.2684674277448033e-5
0.0
0.0
0.0
2.374087559636302e-6
0.0
1.8886333377207373e-6
4.735570781350425e-6
0.0
0.0
0.0
0.0
0.0
0.0
0.0
0.0
0.0
0.0
0.0
0.0
0.0
0.0060311134643581
0.002144776320423071
0.00033701503470469867
1.865500930159013e-5
0.0
7.361232117079019e-7
1.6788202478411488e-6
1.4484841246377794e-6
1.439466525965222e-6
3.939456072947707e-6
6.065759162489739e-6
9.77431676364008e-7
0.0
0.0
0.0
0.0
0.0
0.0
0.0
0.0
0.0
0.0
0.0
0.0
0.0
0.0
0.0
0.0
1.073776448033241e-5
0.0
0.0
6.487341041410082e-8
0.0
0.0
0.0
5.529308512668183e-8
9.185157771749647e-6
0.0
0.0
0.0
0.0
0.0
0.0
0.0
0.0
0.0
0.0
0.0
0.0
0.0
0.0
0.0
9.449758631674657e-6
0.0
0.0
3.2339774327869154e-8
0.0
3.0014963170539985e-8
3.277236645009871e-8
0.0
0.0
0.0
0.0
0.0
0.0
0.0
0.0
0.0
0.0
0.0
0.0
0.0
0.007212330525848256
0.0030628925454972713
0.0006837351944380325
1.1516714314844722e-5
4.970370737323585e-7
1.2425417422396345e-6
1.5617219464619055e-6
1.8230381020780995e-6
1.6356426798620684e-6
1.4233473333054465e-6
6.8958469512062964e-6
9.696807895546087e-7
0.0
0.0
0.0
0.0
0.0
0.0
0.0
0.0
0.0
0.0
0.0
0.0
0.00010425993108870298
0.0
0.0
0.0
3.0291095380508684e-7
9.087185305516617e-7
9.934993219353904e-7
1.1658570851093196e-6
1.073215644918936e-6
1.1892381517280381e-6
5.261044900149809e-6
0.0
0.0
0.0
0.0
0.0
0.0
0.0
0.0
0.0
0.0
0.0
0.0
0.0
3.928659597830241e-8
0.0
0.0
0.0
3.2005538003005457e-7
9.185662403141311e-7
1.4590167840683084e-6
1.6310227905812507e-6
1.9118231660314393e-6
1.3968581906954097e-6
5.634030256450399e-6
0.0
0.0
0.0
0.0
0.0
0.0
0.0
0.0
0.0
0.0
0.0
0.0
0.0
0.0
0.0
0.0
0.0
4.323150188825734e-7
1.0138383847231453e-6
9.88145848642767e-7
1.6203927470806132e-6
1.6242267053893358e-6
1.2701466299841205e-6
4.293124882822253e-6
1.076696421039206e-6
3.4922406645405257e-7
0.0
0.0
0.0
0.0
0.0
0.0
0.0
0.0
0.0
0.0
0.0
0.0
0.0
8.149770024193079e-7
0.0
4.3939832529639397e-7
8.938670960050005e-7
1.1776150820248363e-6
1.4658373749284496e-6
1.944308743563641e-6
1.5793362586791628e-6
4.112985335240346e-6
9.79833841131269e-7
5.301059612241531e-7
0.0
0.0
0.0
0.0
0.0
0.0
0.0
0.0
0.0
0.0
0.0
0.0
0.0
0.0
6.390905572531245e-6
0.0
5.1220544623649533e-8
8.806068638898962e-8
1.3788876761592522e-7
2.3248430551008173e-7
1.9876509398777778e-7
2.3954621168548366e-7
1.8464150844187804e-7
1.2585639904637236e-7
0.0
0.0
0.0
0.0
0.0
0.0
0.0
0.0
0.0
0.0
0.0
0.0
0.0
0.0
4.807552473716571e-6
0.0
3.1966990270441e-8
1.1440062377825195e-7
2.6501635177238046e-5
0.0
0.0
4.983609097007388e-6
2.935916453955308e-6
3.5806743394959662e-6
0.0
0.0
0.0
0.0
0.0
0.0
0.0
0.0
0.0
0.0
0.0
0.00017470999036412667
3.103907004162526e-6
9.574383691988178e-7
0.0
0.0
1.1761636121297798e-6
1.076485075501589e-6
1.2198154858646145e-6
1.2459775975847021e-6
1.468311192871302e-6
6.923878795945994e-6
0.0
0.0
0.0
0.0
0.0
0.0
0.0
0.0
0.0
0.0
0.0
0.0
0.0
0.00016241721535929234
0.0
8.340382916544197e-7
1.5955419218510387e-7
1.0057008357266856e-6
1.3019280693003802e-6
1.5078529024977081e-6
1.7529558941199999e-6
1.9788389695913465e-6
1.7029641915664514e-6
4.265749711774538e-6
1.8945798182534876e-6
1.3932382659965314e-6
3.1851315542448645e-7
0.0
0.0
0.0
0.0
0.0
0.0
0.0
0.0
0.0
0.0
5.99569684851284e-5
0.0
7.747633164339024e-7
1.3298725037118205e-6
1.6689413674459904e-6
1.7765242244393023e-6
1.3798656873897386e-6
1.1222698608633798e-6
1.3296777477572259e-6
1.9828285881879543e-6
6.379753513324837e-6
1.8507746469087855e-6
1.470405656002359e-6
6.7617381348381e-7
0.0
0.0
0.0
0.0
0.0
0.0
0.0
0.0
0.0
0.0
0.000590648295669039
0.00016937205345495638
1.310261365856489e-6
0.0
3.8154088282107026e-7
1.168690404628442e-6
1.1573460701936768e-6
1.3383611026031454e-6
1.7553048825430204e-6
1.7674073058962163e-6
5.795167642866164e-6
1.4976781966885545e-6
1.0774782597364484e-6
0.0
0.0
0.0
0.0
0.0
0.0
0.0
0.0
0.0
0.0
0.0
2.6490675599463575e-8
0.0
0.0
1.485204248167005e-6
1.7087399694215868e-6
1.7943240138306027e-6
1.8007010099412191e-6
1.8442464163665597e-6
1.6655681056467728e-6
1.6655047257474522e-6
6.475186486249e-6
1.6859513011426565e-6
0.0
0.0
0.0
0.0
0.0
0.0
0.0
0.0
0.0
0.0
0.0
0.0
0.0
0.0
0.0
1.2170495174250389e-5
0.0
0.0
0.0
0.0
2.4732777960825688e-8
1.7489873671228332e-7
1.7896308944784444e-7
0.0
0.0
6.7107071780179405e-6
0.0
0.0
0.0
0.0
0.0
0.0
0.0
0.0
0.0
0.0
0.0
0.0
0.0
0.0
0.0
0.0
0.0
0.0
0.0
6.231494536623766e-8
0.0
0.0
6.63666646192941e-6
1.0245768101992577e-5
0.0
0.0
0.0
0.0
0.0
0.0
0.0
0.0
0.0
0.0
3.187167172051481e-5
0.0
8.054609483714365e-7
0.0
0.0
1.2544125157612437e-6
1.0882658165012367e-6
9.136434297788494e-7
8.880749857977237e-7
1.2159156709287402e-6
3.1700464101155647e-6
0.0
0.0
0.0
0.0
0.0
0.0
0.0
0.0
0.0
0.0
0.0
0.0
0.0
0.0007882462465174529
0.0001603256276163322
1.0325345565234857e-6
0.0
3.0108467090832816e-7
9.705848643284332e-7
1.1839525569239478e-6
1.3607746677102308e-6
1.555011163485506e-6
1.954942986153731e-6
6.323958888108591e-6
9.65906788698807e-7
3.917289653976386e-7
0.0
0.0
0.0
0.0
0.0
0.0
0.0
0.0
0.0
0.0
0.0
0.00038332419045346495
2.98407023862714e-5
9.441973937949237e-7
1.6058800454297845e-7
1.4295583113488083e-6
1.6597957256763916e-6
1.4665319666609396e-6
1.292575613902439e-6
1.8983859887726466e-6
1.367178913919805e-6
5.999760866048575e-6
7.891501979118468e-7
1.6837015686156448e-6
0.0
0.0
0.0
0.0
0.0
0.0
0.0
0.0
0.0
0.0
0.0
0.0008380996616732032
0.00028732005777802876
1.404490186762483e-6
0.0
2.0416639527863975e-7
1.260010018716604e-6
1.467024095413223e-6
1.8194930330888018e-6
1.886141408324816e-6
1.4656085319789117e-6
6.139184803556075e-6
1.609522735918435e-6
1.5159214075650557e-6
2.3764476520176873e-7
0.0
0.0
0.0
0.0
0.0
0.0
0.0
0.0
0.0
0.0
7.643766567579937e-5
0.0
8.396724986576166e-7
0.0
1.394046481235898e-6
1.8052455311450978e-6
2.0001327627868527e-6
1.9391972974932098e-6
1.441466868869074e-6
1.6899376728419924e-6
6.20635209154326e-6
1.241244295951003e-6
2.031934492688256e-6
6.663932817269639e-7
0.0
0.0
0.0
0.0
0.0
0.0
0.0
0.0
0.0
0.0
0.0
0.0
0.0
0.0
1.1958207588983483e-5
0.0
0.0
0.0
0.0
0.0
0.0
0.0
8.612551345244599e-6
0.0
0.0
0.0
0.0
0.0
0.0
0.0
0.0
0.0
0.0
0.0
0.0
0.0
0.0
0.0
1.4741303557323673e-5
0.0
0.0
0.0
0.0
0.0
0.0
0.0
0.0
3.084145008487489e-5
0.0
0.0
0.0
0.0
0.0
0.0
0.0
0.0
0.0
0.0
0.0005327651190623924
0.00017137129249370398
1.2971992064701818e-6
0.0
9.120742294412363e-7
1.4311138017183836e-6
1.778132853453847e-6
1.6040959628679405e-6
1.6120073638415021e-6
1.073011148082126e-6
2.6059469534705953e-6
1.7883164612412477e-7
0.0
0.0
0.0
0.0
0.0
0.0
0.0
0.0
0.0
0.0
0.0
0.0
0.00033670457340573436
1.775803586318905e-7
0.0
0.0
0.0
0.0
1.9738569519709472e-7
6.282538236939756e-7
4.4221630292602706e-7
4.112205640070312e-6
2.4366769623748163e-6
0.0
0.0
0.0
0.0
0.0
0.0
0.0
0.0
0.0
0.0
0.0
0.0
0.0
5.746550873072548e-5
0.0
8.356374889969273e-7
0.0
0.0
6.312787585138196e-7
1.7177937826226653e-6
1.4081383143237006e-6
1.2642553141465289e-6
1.394315463817297e-6
4.734434159768936e-6
0.0
0.0
0.0
0.0
0.0
0.0
0.0
0.0
0.0
0.0
0.0
0.0
0.0
9.731172103887338e-6
0.0
8.394227322321522e-7
0.0
3.523860463093717e-7
9.547758542215008e-7
1.004505535040267e-6
8.846202659661792e-7
6.61185081621202e-7
4.995163799654744e-7
3.1688253421681617e-6
0.0
0.0
0.0
0.0
0.0
0.0
0.0
0.0
0.0
0.0
0.0
0.0
0.0
0.00038031611310994443
2.2711413581983602e-5
9.880327230328216e-7
0.0
0.0
6.356928379569714e-7
1.2468937551651214e-6
1.658139195740272e-6
2.0388732509597703e-6
2.2735647910661927e-6
1.668694744911205e-6
1.5223532724886767e-6
1.6009325291155028e-6
1.4314156220779894e-6
2.2923331253630772e-7
0.0
0.0
0.0
0.0
0.0
0.0
0.0
0.0
0.0
0.0
0.0
0.0
0.0
1.1369787457098721e-5
0.0
0.0
0.0
0.0
0.0
0.0
0.0
0.0
0.0
0.0
0.0
0.0
0.0
0.0
0.0
0.0
0.0
0.0
0.0
0.0
0.0
0.0
0.00012552557094500203
1.8789214890843292e-6
1.0223391340131915e-6
0.0
0.0
0.0
0.0
0.0
2.8647407567603772e-8
0.0
0.0
7.966085699886421e-6
0.0
0.0
0.0
0.0
0.0
0.0
0.0
0.0
0.0
0.00026318124229591605
9.408387734022858e-7
8.781693532005386e-7
1.6645341184252112e-7
8.697519139670825e-7
1.174794540273608e-6
1.80970232709853e-6
1.3932436253857536e-6
1.1008994121037273e-6
7.977322599587484e-7
1.4244866536215816e-6
1.6273317441141744e-6
1.1893485829825451e-6
0.0
0.0
0.0
0.0
0.0
0.0
0.0
0.0
0.0
0.0
0.0
0.0
0.0
7.948460675935533e-7
0.0
0.0
6.662627066859879e-7
4.734552164197606e-7
1.0125161269833164e-6
1.5607467482062795e-6
6.854233432092795e-7
2.305482375776245e-6
0.0
0.0
0.0
0.0
0.0
0.0
0.0
0.0
0.0
0.0
0.0
0.0
0.0
0.00039924560112578717
2.718263373326895e-5
0.0
0.0
0.0
5.501244556908438e-7
1.2694835152384926e-6
1.7998656129566224e-6
1.4733250286760014e-6
1.4055788603935083e-6
3.37628929435085e-6
1.503877883229201e-6
1.242172616306167e-7
0.0
0.0
0.0
0.0
0.0
0.0
0.0
0.0
0.0
0.0
0.0
1.506894040402231e-5
7.934096160977814e-7
8.722756704961206e-7
5.081038712785285e-7
6.752063340586184e-7
1.394292184136964e-6
1.097649777826894e-6
9.699224081776368e-7
1.025113994339795e-6
1.2405610814013882e-6
2.879825295416544e-6
1.6102647026867164e-6
1.3268632742557456e-6
0.0
0.0
0.0
0.0
0.0
0.0
0.0
0.0
0.0
0.0
0.0
4.828237924446473e-7
0.0
7.585728424504303e-7
0.0
4.6402000179345933e-7
1.4322285860926364e-6
1.3655239808714716e-6
1.533068318133869e-6
1.5566103615896146e-6
1.3451200642952395e-6
3.203950449356298e-6
8.330717227237306e-7
7.608408115235444e-7
0.0
0.0
0.0
0.0
0.0
0.0
0.0
0.0
0.0
0.0
0.0
0.0
0.0
8.222290286814355e-6
0.0
2.5295735931160076e-8
4.101290193290368e-8
1.0311547674120727e-7
0.0
1.0178670258727256e-7
1.9474065706845938e-7
2.0755124827073278e-7
1.1145395635676829e-7
0.0
0.0
3.893350931370848e-6
0.0
0.0
0.0
0.0
0.0
0.0
0.0
0.0
0.0
0.0
0.0
0.0
6.132101691350618e-6
0.0
0.0
0.0
0.0
4.0161932464946275e-8
1.0136468099776996e-7
1.418689510371293e-7
0.0
0.0
0.0
2.9556488690310284e-6
0.0
0.0
0.0
0.0
0.0
0.0
0.0
0.0
0.0
1.269218423107569e-6
0.0
0.0
0.0
2.1349890909529e-7
6.586143603691396e-7
6.156244536465866e-7
6.987649777598067e-7
1.0024096197256942e-6
4.1560691163832447e-7
2.8357884652914394e-8
1.6758801944520334e-7
0.0
0.0
0.0
0.0
0.0
0.0
0.0
0.0
0.0
0.0
0.0
0.0
1.8443991420137574e-6
0.0
0.0
0.0
2.3263773164018943e-7
4.963725210832416e-7
3.5323588211456914e-7
4.372908715298442e-7
4.936999859063866e-7
5.729014547127525e-7
6.944558597497332e-7
3.5043037532745656e-7
0.0
0.0
0.0
0.0
0.0
0.0
0.0
0.0
0.0
0.0
0.0
0.0
1.811748155124239e-6
0.0
0.0
0.0
8.84225726154788e-8
5.832343510401234e-7
3.3305628267141136e-7
4.1212314509006257e-7
4.455468862950355e-7
6.2645124830715e-7
1.8931978412515834e-6
0.0
0.0
0.0
0.0
0.0
0.0
0.0
0.0
0.0
0.0
0.0
0.0
0.0
1.3943142024149381e-6
0.0
7.38223609998858e-7
0.0
0.0
3.283076189657851e-7
5.006459588281928e-7
3.461327757773227e-7
4.0813579930250485e-7
1.0450271115390295e-6
8.194234742942338e-7
0.0
0.0
0.0
0.0
0.0
0.0
0.0
0.0
0.0
0.0
0.0
0.0
0.0
1.2942305147731126e-6
0.0
0.0
0.0
8.622503200574621e-8
2.5657470598965815e-7
3.271315014960392e-7
7.873977838796231e-7
7.58536668096384e-7
0.0
6.945505814516634e-7
2.8851632112864756e-7
0.0
0.0
0.0
0.0
0.0
0.0
0.0
0.0
0.0
0.0
0.0
0.0
0.0
0.0
0.0
0.0
0.0
0.0
0.0
0.0
6.916427950204873e-8
5.711559520230533e-8
0.0
0.0
4.848996869713811e-6
0.0
0.0
0.0
0.0
0.0
0.0
0.0
0.0
0.0
0.0
0.0
0.0
0.0
0.0
1.1366106047174464e-6
0.0
0.0
0.0
0.0
0.0
0.0
0.0
0.0
0.0
0.0
0.0
0.0
0.0
0.0
0.0
0.0
0.0
0.0
0.0
0.0
0.0
0.0
0.0
0.0
0.0
0.0
0.0
0.0
2.2819366071375326e-7
2.1245940692741542e-7
1.3331005422090696e-6
0.0
0.0
0.0
0.0
0.0
0.0
0.0
0.0
0.0
0.0
0.0
0.0
0.0
0.0
0.0
8.581704562616953e-7
0.0
0.0
0.0
1.3545027373720882e-7
4.705684486646896e-7
1.0021097001328432e-7
0.0
2.609902536099556e-6
0.0
0.0
0.0
0.0
0.0
0.0
0.0
0.0
0.0
0.0
0.0
0.0
0.0
1.3369994523624522e-5
0.0
8.5481069289572e-7
0.0
0.0
1.0949212152508675e-7
7.584687359149505e-7
9.379799425202569e-7
1.0517256239740833e-6
3.544225523336487e-7
1.2353503158412288e-6
0.0
0.0
0.0
0.0
0.0
0.0
0.0
0.0
0.0
0.0
0.0
0.0
0.0
7.818009962584009e-5
0.0
8.406916163729721e-7
0.0
0.0
0.0
0.0
1.4872189910497849e-6
0.0
2.0363034363942037e-6
2.4579558738784934e-6
0.0
0.0
0.0
0.0
0.0
0.0
0.0
0.0
0.0
0.0
0.0
0.0
0.0
0.0006244856974507595
0.0003102092540177468
8.550716832317734e-7
0.0
0.0
0.0
0.0
8.504150042229589e-7
6.055742837599157e-7
0.0
4.781738147667645e-6
0.0
0.0
0.0
0.0
0.0
0.0
0.0
0.0
0.0
0.0
0.0
0.0
0.0
0.0
0.0
0.0
1.1171679132955105e-5
0.0
0.0
0.0
0.0
0.0
0.0
1.0443599144193676e-7
3.176660274931527e-8
0.0
0.0
0.0
0.0
0.0
0.0
0.0
0.0
0.0
0.0
0.0
0.0
0.0
0.0
1.014079678523166e-5
0.0
0.0
0.0
0.0
0.0
0.0
3.3810107928760775e-8
8.126484431928899e-8
6.253181776923018e-8
4.031361690779699e-8
7.747047365275575e-6
0.0
0.0
0.0
0.0
0.0
0.0
0.0
0.0
0.0
0.0
0.0
0.0
0.0
0.0
0.0
0.0
0.0
0.0
0.0
0.0
0.0
0.0
0.0
0.0
8.279795899134155e-6
0.0
0.0
0.0
0.0
0.0
0.0
0.0
0.0
0.0
1.076581270521474e-6
0.0
7.840102951754016e-7
1.0230541951167596e-6
1.1821567485561768e-6
8.158673736987069e-7
1.036324229994195e-6
1.1148021905851966e-6
1.2756755891921035e-6
1.8178871561210035e-6
4.675084843681401e-6
4.955087662504154e-7
0.0
0.0
0.0
0.0
0.0
0.0
0.0
0.0
0.0
0.0
0.0
0.0
9.90121207402298e-7
0.0
0.0
0.0
5.430036396452801e-7
5.4846794498516e-7
5.247228332664755e-7
5.94457636734927e-7
7.346876318649601e-7
9.194393818845105e-7
2.824211297306074e-6
0.0
0.0
0.0
0.0
0.0
0.0
0.0
0.0
0.0
0.0
0.0
0.0
0.0
1.163776782623943e-6
0.0
7.601806051433549e-7
0.0
8.844308707336093e-8
2.796144078084225e-7
2.1463267410023656e-8
0.0
1.0987921567343484e-6
1.1690084979352783e-6
4.322222293634565e-6
0.0
0.0
0.0
0.0
0.0
0.0
0.0
0.0
0.0
0.0
0.0
0.0
0.0
6.593113587621304e-7
0.0
7.792896643045967e-7
7.852908211555918e-7
8.371083898195196e-7
1.1840050434476978e-6
1.3375703253707878e-6
1.6041215460117812e-6
1.7141285390214404e-6
1.8072617258305927e-6
3.5101145950688703e-6
9.143306545407631e-7
9.688341656130173e-7
1.198620420965731e-6
0.0
0.0
0.0
0.0
0.0
0.0
0.0
0.0
0.0
0.0
0.0
0.0
0.0
4.365802347593497e-7
4.719177649607182e-7
0.0
0.0
0.0
0.0
0.0
0.0
0.0
0.0
0.0
0.0
0.0
0.0
0.0
0.0
0.0
0.0
0.0
0.0
0.0
0.0
0.0
0.0
5.904691270299927e-6
0.0
0.0
0.0
0.0
0.0
0.0
0.0
0.0
0.0
0.0
0.0
0.0
0.0
0.0
0.0
0.0
0.0
0.0
0.0
0.0
0.0
0.0
7.837868043798726e-7
0.0
0.0
0.0
0.0
0.0
0.0
3.5834719547595215e-6
2.368495514507148e-6
0.0
0.0
0.0
0.0
0.0
0.0
0.0
0.0
0.0
0.0
0.0
0.0
0.0
0.0
0.0
8.00114529602405e-7
0.0
0.0
0.0
5.754186481415175e-7
6.74651701819853e-7
9.749596813141643e-7
1.4712112962673108e-6
8.153765821281241e-7
1.1376517517539969e-6
6.449989679962839e-7
0.0
0.0
0.0
0.0
0.0
0.0
0.0
0.0
0.0
0.0
0.0
5.359347568200319e-7
0.0
8.036215857318185e-7
3.7006076856119586e-7
9.616376972227835e-7
1.4454652845333324e-6
1.1508230490051927e-6
1.1387635123801954e-6
1.7880192641830873e-6
1.4816629216871055e-6
1.3458501773085545e-6
1.5441431345814343e-6
1.4834664631653375e-6
2.4495462918965305e-7
0.0
0.0
0.0
0.0
0.0
0.0
0.0
0.0
0.0
0.0
8.463747446532522e-7
0.0
8.079937704326271e-7
1.8744875992457317e-7
1.3331910377846968e-6
1.2808787345492128e-6
1.2662101886837544e-6
1.5549290188694951e-6
1.9253918589089664e-6
1.2990329224064403e-6
6.704060907061379e-7
1.4345605119781503e-6
1.0636677991524141e-6
9.942764636462493e-7
0.0
0.0
0.0
0.0
0.0
0.0
0.0
0.0
0.0
0.0
1.1067374428784759e-6
0.0
7.771893684490325e-7
0.0
3.2882288383653316e-7
1.5122370835633502e-6
1.202619804244599e-6
1.5087076460624831e-6
1.8381694559930115e-6
1.6111896506707741e-6
1.8223952560215742e-6
1.4407160279209974e-6
1.7884647132416796e-6
1.302964592464284e-6
0.0
0.0
0.0
0.0
0.0
0.0
0.0
0.0
0.0
0.0
0.0
0.0
2.2379428950770585e-5
0.0
0.0
6.863883023049583e-8
8.574509999563082e-8
1.8916689991254403e-7
1.8386416246951697e-7
1.6410375823681646e-7
6.901209893299027e-8
1.1419913743763144e-5
0.0
2.229762764564171e-5
0.0
0.0
0.0
0.0
0.0
0.0
0.0
0.0
0.0
0.0
0.0
0.0
0.0
0.0
0.0
3.685534828017634e-6
0.0
0.0
0.0
0.0
2.4157163983624502e-8
6.214922558018077e-8
1.2942319597214146e-7
0.0
2.885175983342359e-6
0.0
0.0
0.0
0.0
0.0
0.0
0.0
0.0
0.0
0.0
0.0
8.373172068404084e-7
6.146217811907839e-8
2.0552110028554529e-7
6.604545483943011e-8
1.3748746560260834e-7
8.548281943060477e-8
4.629649100252321e-7
3.5534141321832337e-7
1.021958846049251e-6
0.0
0.0
0.0
0.0
0.0
0.0
0.0
0.0
0.0
0.0
0.0
0.0
0.0
0.0
0.0
8.175375595291633e-7
0.0
1.0299262399595198e-7
5.679992323583708e-7
7.132238212427207e-7
9.899628796054244e-7
9.6680028501925e-7
1.1380178029121147e-6
1.6275406734712734e-6
2.2795984888612396e-7
0.0
0.0
0.0
0.0
0.0
0.0
0.0
0.0
0.0
0.0
0.0
0.0
0.0
0.0
8.019499524778556e-7
4.835381290748606e-7
6.46097003993617e-7
8.107491137707337e-7
1.5480069625172128e-6
1.8213359781111185e-6
1.0882154219061986e-6
1.0851458640973094e-6
7.269897239546315e-7
1.5487485543871936e-6
1.6133479415227894e-6
0.0
0.0
0.0
0.0
0.0
0.0
0.0
0.0
0.0
0.0
0.0
1.0866353108665825e-6
0.0
0.0
0.0
0.0
3.8072534478400977e-7
3.1536289109347553e-7
7.986503851364473e-7
1.4580998507968384e-6
1.261887295969522e-6
8.46803890490957e-7
1.095448519326529e-6
1.040864712425721e-6
2.336399204790879e-7
0.0
0.0
0.0
0.0
0.0
0.0
0.0
0.0
0.0
0.0
1.1984767713227057e-6
0.0
7.984244000962541e-7
6.43427076730439e-8
3.4255420298937265e-7
5.197070212964805e-7
8.315534276349109e-7
1.2806972984323263e-6
9.340959669900021e-7
6.477259437757431e-7
6.185165095811465e-7
8.441665411094998e-8
0.0
0.0
0.0
0.0
0.0
0.0
0.0
0.0
0.0
0.0
0.0
0.0
0.0
0.0
0.0
0.0
0.0
0.0
0.0
0.0
0.0
0.0
0.0
0.0
0.0
0.0
0.0
0.0
0.0
0.0
0.0
0.0
0.0
0.0
0.0
0.0
0.0
0.0
0.0
0.0
3.3375456112599576e-8
5.047444338779627e-8
1.5075367474664965e-7
8.539665154083035e-8
1.9285480551630705e-7
9.125001078184313e-8
1.6753330249552238e-7
8.78893171768483e-8
1.812212242473685e-7
0.0
0.0
0.0
0.0
0.0
0.0
0.0
0.0
0.0
0.0
0.0
1.3182723085169943e-6
0.0
8.30090546856116e-7
0.0
3.5187925577767074e-7
9.867160320282023e-7
1.3043154991744866e-6
1.2493365117650891e-6
1.3872301071724427e-6
1.1530131388110722e-6
1.4782805873109226e-6
1.6581028827747668e-6
1.025319160053056e-6
2.556616403206205e-7
0.0
0.0
0.0
0.0
0.0
0.0
0.0
0.0
0.0
0.0
1.4737095661854887e-6
0.0
0.0
1.5257314951691714e-7
5.337049470246756e-7
9.29898606563316e-7
1.3057498970120184e-6
1.4492715791935235e-6
1.2746172897490782e-6
6.40322517052896e-7
8.683738972925839e-7
1.8260019286652709e-6
1.3269416731255517e-6
1.5621328018702075e-7
0.0
0.0
0.0
0.0
0.0
0.0
0.0
0.0
0.0
0.0
1.9250612724827682e-6
0.0
0.0
9.81486586098711e-8
6.771381246470769e-7
7.932584435462879e-7
6.207495973090324e-7
1.0842756192779468e-6
9.656332136608204e-7
1.007743041385621e-6
1.3326758321284595e-6
4.842593214506942e-7
1.578762047000584e-7
0.0
0.0
0.0
0.0
0.0
0.0
0.0
0.0
0.0
0.0
0.0
8.659043728777603e-7
0.0
7.693622059241971e-7
2.1532709732841168e-8
1.0160049199105776e-6
1.7353818561476557e-7
5.129663431793766e-7
7.024096880154342e-7
1.406415695281594e-7
3.456919458313684e-7
2.5919445342939974e-7
0.0
0.0
0.0
0.0
0.0
0.0
0.0
0.0
0.0
0.0
0.0
0.0
0.0
1.920747811440573e-6
0.0
7.929091367666824e-7
0.0
1.2079316301249416e-7
4.5500854315158386e-7
3.2418240885002036e-7
0.0
0.0
2.380756958524113e-6
2.273972183092018e-6
0.0
0.0
0.0
0.0
0.0
0.0
0.0
0.0
0.0
0.0
0.0
0.0
0.0
0.0
0.0
0.0
0.0
0.0
0.0
6.890548678594498e-8
9.303552305996054e-8
1.775083550815635e-7
1.4728844466313107e-7
0.0
0.0
0.0
0.0
0.0
0.0
0.0
0.0
0.0
0.0
0.0
0.0
0.0
0.0
0.0
0.0
0.0
0.0
1.0121378919160145e-8
2.1691315476154747e-8
1.2615793001647682e-7
0.0
0.0
0.0
0.0
0.0
0.0
0.0
0.0
0.0
0.0
0.0
0.0
0.0
0.0
0.0
0.0
0.0
0.0
0.0
8.226426051012256e-7
0.0
0.0
0.0
1.9879354075297338e-7
4.808586368593959e-7
5.594281943016842e-7
3.5117816244422246e-7
4.250226159401413e-7
0.0
0.0
0.0
0.0
0.0
0.0
0.0
0.0
0.0
0.0
0.0
0.0
0.0
1.508414296424318e-6
0.0
7.885509034615631e-7
0.0
7.478754061725678e-8
6.35917142904423e-7
1.8857401607088812e-7
3.0934746126058985e-7
3.240771206899309e-7
2.640853340153723e-7
5.456935065857455e-7
3.6992122223624353e-7
9.576843430395902e-8
0.0
0.0
0.0
0.0
0.0
0.0
0.0
0.0
0.0
0.0
0.0
2.4406934426536557e-6
0.0
7.610325932341773e-7
0.0
8.010188745543351e-8
6.489164398995771e-7
7.508811610125453e-7
5.024007281128206e-7
3.355443734057542e-7
4.2264036971572833e-7
3.551676062533035e-7
4.250524735719753e-7
3.2175698839287127e-7
0.0
0.0
0.0
0.0
0.0
0.0
0.0
0.0
0.0
0.0
0.0
1.7297076071879802e-6
0.0
7.592234018157796e-7
0.0
8.072429479533852e-7
5.736933130383317e-7
3.762633482352526e-7
3.980784953048931e-7
0.0
7.286144246632305e-8
2.880156967124772e-6
0.0
0.0
0.0
0.0
0.0
0.0
0.0
0.0
0.0
0.0
0.0
0.0
0.0
1.1942362092456318e-6
0.0
8.029152651469954e-7
0.0
0.0
0.0
0.0
0.0
1.8701942551435556e-7
2.728916861584974e-7
3.1701352585377123e-6
0.0
0.0
0.0
0.0
0.0
0.0
0.0
0.0
0.0
0.0
0.0
0.0
0.0
0.0
0.0
0.0
0.0
0.0
1.0423028293534073e-6
0.0
0.0
0.0
6.644081759924056e-8
9.400511642414526e-8
4.979555861843817e-8
1.572846618481101e-7
0.0
0.0
0.0
0.0
0.0
0.0
0.0
0.0
0.0
0.0
0.0
0.0
0.0
0.0
0.0
0.0
3.050514001453328e-8
0.0
0.0
8.589266419381665e-8
1.05060980191789e-7
1.4148050752145787e-7
1.1268056603981488e-7
1.1701128845460871e-7
8.719147531028031e-8
0.0
0.0
0.0
0.0
0.0
0.0
0.0
0.0
0.0
0.0
8.504865279263085e-7
4.0575985761468135e-6
0.0
0.0
0.0
0.0
0.0
0.0
0.0
0.0
1.1626448121423521e-7
5.2344129016758296e-8
0.0
0.0
0.0
0.0
0.0
0.0
0.0
0.0
0.0
0.0
0.0
0.0
0.0
0.0
2.4113745505311724e-6
0.0
0.0
5.87333448889458e-8
1.324399156830233e-7
4.0125705084400884e-8
8.9638947365466e-8
6.376651168003433e-8
1.4411566509017647e-7
7.14579899988195e-8
1.2582098124814088e-7
4.479848263371963e-8
0.0
0.0
0.0
0.0
0.0
0.0
0.0
0.0
0.0
0.0
9.261002298923314e-7
3.844934236175372e-6
0.0
0.0
0.0
0.0
0.0
0.0
0.0
9.232679067382723e-6
1.6207571328068168e-6
0.0
1.0564882337441887e-6
0.0
0.0
0.0
0.0
0.0
0.0
0.0
0.0
0.0
0.0
0.0
5.55470373326138e-7
2.306262929651885e-5
0.0
0.0
0.0
0.0
0.0
2.61818626344617e-6
0.0
1.4488189168174425e-6
0.0
0.0
0.0
0.0
0.0
0.0
0.0
0.0
0.0
0.0
0.0
0.0
0.0
0.0
0.0
4.1483900072712694e-5
0.0
0.0
0.0
0.0
0.0
0.0
0.0
1.8359507863320876e-6
0.0
0.0
0.0
0.0
0.0
0.0
0.0
0.0
0.0
0.0
0.0
0.0
0.0
0.0
0.0
0.0
1.066902762129812e-5
0.0
0.0
0.0
0.0
0.0
1.4518548291698147e-7
1.7951879293613295e-7
2.80713022622838e-7
3.206040205600153e-8
3.95106982255348e-5
2.4813500343296967e-5
0.0
0.0
0.0
0.0
0.0
0.0
0.0
0.0
0.0
0.0
0.0
0.0
6.558498395434711e-6
0.0
1.829632003035929e-5
0.0
0.0
0.0
0.0
0.0
0.0
1.198198086319963e-7
1.0863183409218471e-7
0.0
0.0
0.0
0.0
0.0
0.0
0.0
0.0
0.0
0.0
0.0
6.108550995150691e-7
8.83803266987187e-7
0.0
0.0
0.0
0.0
0.0
0.0
0.0
0.0
4.57131835562152e-7
0.0
0.0
0.0
0.0
0.0
0.0
0.0
0.0
0.0
0.0
0.0
0.0
0.0
6.421960299003749e-7
1.3614916490013897e-6
0.0
0.0
0.0
0.0
0.0
0.0
0.0
1.7630653152646709e-6
0.0
0.0
0.0
0.0
0.0
0.0
0.0
0.0
0.0
0.0
0.0
0.0
0.0
0.0
1.0166584657055117e-6
5.621091565982979e-6
0.0
0.0
0.0
0.0
0.0
0.0
0.0
2.3083916951206876e-7
2.3447173470018488e-7
2.801296235558787e-7
0.0
0.0
0.0
0.0
0.0
0.0
0.0
0.0
0.0
0.0
0.0
0.0
1.2076619986591294e-6
6.943290020853087e-6
0.0
0.0
0.0
0.0
0.0
0.0
0.0
0.0
0.0
0.0
0.0
0.0
0.0
0.0
0.0
0.0
0.0
0.0
0.0
0.0
0.0
0.0
9.721782896841471e-7
6.347511275063679e-6
0.0
0.0
0.0
0.0
0.0
0.0
0.0
0.0
0.0
0.0
0.0
0.0
0.0
0.0
0.0
0.0
0.0
0.0
0.0
0.0
0.0
0.0
0.0
0.0
0.0
0.0
0.0
0.0
0.0
0.0
0.0
0.0
0.0
0.0
0.0
0.0
0.0
0.0
0.0
0.0
0.0
0.0
0.0
0.0
0.0
0.0
0.0
0.0
1.1221119184368265e-5
0.0
0.0
0.0
0.0
0.0
0.0
0.0
0.0
0.0
0.0
1.3340822083647907e-6
0.0
0.0
0.0
0.0
0.0
0.0
0.0
0.0
0.0
0.0
5.054792143656063e-7
3.5269781965718946e-6
0.0
0.0
0.0
0.0
0.0
1.9369573801045525e-6
0.0
1.664085443413387e-6
0.0
0.0
0.0
0.0
0.0
0.0
0.0
0.0
0.0
0.0
0.0
0.0
0.0
0.0
1.1764446224920706e-6
7.288466950095773e-6
0.0
0.0
0.0
0.0
0.0
0.0
0.0
1.6731409877345025e-6
0.0
0.0
0.0
0.0
0.0
0.0
0.0
0.0
0.0
0.0
0.0
0.0
0.0
0.0
1.1615028087043998e-6
6.234248125612991e-6
0.0
0.0
0.0
0.0
0.0
0.0
0.0
1.6297434831633394e-6
0.0
0.0
0.0
0.0
0.0
0.0
0.0
0.0
0.0
0.0
0.0
0.0
0.0
0.0
1.0960298986265115e-6
6.355537268872331e-6
0.0
0.0
0.0
0.0
0.0
0.0
0.0
0.0
0.0
0.0
0.0
0.0
0.0
0.0
0.0
0.0
0.0
0.0
0.0
0.0
0.0
0.0
9.236103263561988e-7
4.387373453195579e-6
0.0
0.0
0.0
0.0
0.0
0.0
0.0
0.0
0.0
0.0
0.0
0.0
0.0
0.0
0.0
0.0
0.0
0.0
0.0
0.0
0.0
0.0
0.0
0.0
0.0
0.0
9.222886855135234e-9
1.776595174275979e-8
1.1130380774030958e-7
5.1206649605505784e-8
1.5204209461136162e-7
8.703506756771701e-8
1.4307206720120289e-7
6.755432145493867e-8
5.8021455722029284e-8
0.0
0.0
0.0
0.0
0.0
0.0
0.0
0.0
0.0
0.0
0.0
0.0
0.0
0.0
0.0
0.0
3.575860772878571e-8
6.900982966538671e-8
3.122712238048413e-8
0.0
0.0
0.0
0.0
0.0
0.0
0.0
0.0
0.0
0.0
0.0
0.0
0.0
0.0
0.0
0.0
5.54180445376366e-7
1.377988820068787e-6
0.0
0.0
0.0
0.0
0.0
0.0
0.0
2.903399530812489e-6
1.7893291091525045e-6
0.0
0.0
1.313334856194332e-6
3.1749870994346808e-6
0.0
0.0
0.0
0.0
0.0
0.0
0.0
0.0
0.0
5.765983186723077e-7
4.156443367323096e-6
0.0
0.0
0.0
0.0
0.0
2.251466070845469e-6
0.0
7.139045982869773e-6
1.507897182385312e-6
0.0
9.751072217884655e-7
0.0
0.0
0.0
0.0
0.0
0.0
0.0
0.0
0.0
0.0
0.0
5.282848334170345e-7
2.135535143942022e-5
0.0
0.0
0.0
0.0
0.0
0.0
0.0
0.0
0.0
0.0
0.0
0.0
0.0
0.0
0.0
0.0
0.0
0.0
0.0
0.0
0.0
0.0
9.661969942558932e-7
3.701642010794152e-6
0.0
0.0
0.0
0.0
0.0
0.0
0.0
0.0
8.312159064469445e-8
0.0
0.0
0.0
0.0
0.0
0.0
0.0
0.0
0.0
0.0
0.0
0.0
0.0
1.0812226223016263e-6
7.07667550055664e-6
0.0
0.0
0.0
0.0
0.0
0.0
0.0
0.0
0.0
0.0
0.0
0.0
0.0
0.0
0.0
0.0
0.0
0.0
0.0
0.0
0.0
0.0
0.0
0.0
0.0
0.0
0.0
0.0
0.0
0.0
0.0
7.972257485539692e-8
7.97782483764667e-8
1.4799863155566432e-7
9.083391580326331e-8
0.0
0.0
0.0
0.0
0.0
0.0
0.0
0.0
0.0
0.0
0.0
0.0
0.0
2.778791562738929e-6
0.0
0.0
0.0
0.0
0.0
9.436049625158741e-8
1.999634130910408e-7
1.6898031051055502e-7
2.4221467819713016e-7
1.5069777681972024e-7
0.0
0.0
0.0
0.0
0.0
0.0
0.0
0.0
0.0
0.0
0.0
1.1668784011871861e-6
4.723018932998402e-6
0.0
0.0
0.0
0.0
0.0
0.0
0.0
0.0
0.0
0.0
0.0
0.0
0.0
0.0
0.0
0.0
0.0
0.0
0.0
0.0
0.0
0.0
6.028203113043727e-7
3.5668981464064123e-6
0.0
0.0
0.0
0.0
0.0
2.748947912003145e-6
0.0
0.0
0.0
0.0
0.0
0.0
0.0
0.0
0.0
0.0
0.0
0.0
0.0
0.0
0.0
0.0
0.0
5.247783909479686e-6
0.0
0.0
0.0
0.0
0.0
7.525869717016203e-7
0.0
2.068356778462123e-6
0.0
0.0
7.389042806093156e-7
0.0
0.0
0.0
0.0
0.0
0.0
0.0
0.0
0.0
0.0
0.0
0.0
0.0005005772690437425
0.0
0.0
0.0
0.0
0.0
0.0
0.0
1.6033019410231157e-6
0.0
0.0
0.0
0.0
0.0
0.0
0.0
0.0
0.0
0.0
0.0
0.0
0.0
0.0
8.064253130372034e-7
3.568476628190182e-6
0.0
0.0
0.0
0.0
0.0
0.0
0.0
1.5971838526494579e-6
0.0
0.0
0.0
0.0
0.0
0.0
0.0
0.0
0.0
0.0
0.0
0.0
0.0
0.0
0.0
0.0
0.0
1.2774530654327935e-5
0.0
0.0
0.0
0.0
8.716137088150486e-8
1.289732121673094e-7
1.2634853427226783e-7
0.0
0.0
0.0
0.0
0.0
0.0
0.0
0.0
0.0
0.0
0.0
0.0
0.0
0.0
0.0
0.0
0.0
0.0
0.0
0.0
0.0
0.0
0.0
0.0
0.0
0.0
0.0
0.0
0.0
0.0
0.0
0.0
0.0
0.0
0.0
0.0
0.0
7.748510692924006e-7
3.661381497554779e-6
0.0
0.0
0.0
0.0
0.0
0.0
0.0
1.5736250674808047e-6
0.0
0.0
0.0
0.0
0.0
0.0
0.0
0.0
0.0
0.0
0.0
0.0
0.0
0.0
1.2028447767356987e-6
4.5051435199702266e-6
0.0
0.0
0.0
0.0
0.0
0.0
0.0
0.0
0.0
0.0
0.0
0.0
0.0
0.0
0.0
0.0
0.0
0.0
0.0
0.0
0.0
0.0
8.987362324895115e-7
4.31763164585003e-6
0.0
0.0
0.0
0.0
0.0
0.0
0.0
1.6114107150041659e-6
0.0
0.0
0.0
0.0
0.0
0.0
0.0
0.0
0.0
0.0
0.0
0.0
0.0
0.0
1.1340402109539967e-6
6.80593685476994e-6
0.0
0.0
0.0
0.0
0.0
0.0
0.0
0.0
0.0
0.0
0.0
0.0
0.0
0.0
0.0
0.0
0.0
0.0
0.0
0.0
0.0
0.0
1.0353907457909747e-6
4.728119301576118e-6
0.0
0.0
0.0
0.0
0.0
0.0
0.0
1.5062144800162496e-6
0.0
0.0
1.2884317253213455e-6
0.0
0.0
0.0
0.0
0.0
0.0
0.0
0.0
0.0
0.0
0.0
0.0
0.0
1.9074193162282164e-6
0.0
0.0
0.0
4.7138539109477623e-8
8.378633540777066e-8
1.5316059101191582e-7
1.0826706076797665e-7
1.3459906484080362e-7
9.743155451048261e-8
0.0
0.0
4.964929590188611e-6
0.0
0.0
0.0
0.0
0.0
0.0
0.0
0.0
0.0
0.0
0.0
0.0
0.0
0.0
0.0
0.0
2.2770752976308587e-7
1.4776676999888198e-7
2.820820662997569e-7
2.706629283251085e-7
2.887357596333987e-7
2.6454087619683866e-7
1.9302077864907765e-7
0.0
0.0
0.0
0.0
0.0
0.0
0.0
0.0
0.0
0.0
9.828763278175352e-7
6.598582902584952e-6
0.0
0.0
0.0
0.0
0.0
0.0
3.311058138080243e-7
6.566847416775425e-7
3.147589788633564e-7
0.0
0.0
0.0
0.0
0.0
0.0
0.0
0.0
0.0
0.0
0.0
0.0
0.0
9.717059500024695e-7
4.731738639080299e-6
0.0
0.0
0.0
0.0
0.0
0.0
1.0206870689654213e-7
3.055893691161376e-7
0.0
0.0
0.0
0.0
0.0
0.0
0.0
0.0
0.0
0.0
0.0
0.0
0.0
0.0
1.0528349398597098e-6
6.536086586580511e-6
0.0
0.0
0.0
0.0
0.0
0.0
2.5350046338000823e-7
5.55139210558062e-7
6.398178588147823e-7
0.0
0.0
0.0
0.0
0.0
0.0
0.0
0.0
0.0
0.0
0.0
0.0
0.0
9.76113374762777e-7
4.798352654096859e-6
0.0
0.0
0.0
0.0
0.0
4.252961780309039e-7
3.3745447301445056e-7
3.8778419541449787e-7
4.548538586655231e-7
1.8076664488242264e-7
0.0
0.0
0.0
0.0
0.0
0.0
0.0
0.0
0.0
0.0
0.0
0.0
9.025146631999969e-7
4.852106467384774e-6
0.0
0.0
0.0
0.0
0.0
4.213459546007652e-7
6.523940197690699e-7
8.285997558603289e-7
4.0655569378449915e-7
0.0
0.0
0.0
0.0
0.0
0.0
0.0
0.0
0.0
0.0
0.0
0.0
0.0
0.0
0.0
2.3480141919989662e-6
0.0
3.681090917979499e-8
5.682801703685263e-8
1.816997684673687e-7
5.6024214763658126e-8
0.0
0.0
3.119787614323351e-8
2.7892272463177134e-8
3.033712904579188e-6
1.0236487067100992e-5
0.0
0.0
0.0
0.0
0.0
0.0
0.0
0.0
0.0
0.0
0.0
0.0
0.0
0.0
0.0
0.0
7.83887013991265e-8
1.3176545300001452e-7
4.871815745009228e-8
4.527616630123061e-8
0.0
0.0
0.0
0.0
0.0
0.0
0.0
0.0
0.0
0.0
0.0
0.0
0.0
0.0
6.135344392198486e-7
1.5395130773504029e-6
0.0
0.0
0.0
0.0
0.0
0.0
0.0
2.40465144541493e-7
5.688515983938998e-7
2.159425082168333e-7
0.0
0.0
0.0
0.0
0.0
0.0
0.0
0.0
0.0
0.0
0.0
0.0
8.234551546142973e-7
6.510991217988038e-6
0.0
0.0
0.0
0.0
0.0
1.768502240081349e-6
0.0
1.5524219362708374e-6
0.0
0.0
0.0
0.0
0.0
0.0
0.0
0.0
0.0
0.0
0.0
0.0
0.0
0.0
8.646923316208366e-7
3.5810280043493207e-6
0.0
0.0
0.0
0.0
0.0
2.1304115674649064e-6
0.0
2.038366620364369e-6
0.0
0.0
1.4125590754865473e-6
0.0
0.0
0.0
0.0
0.0
0.0
0.0
0.0
0.0
0.0
0.0
6.248958504721477e-7
0.00038138315478531803
8.081815941006583e-7
0.0
0.0
0.0
0.0
1.738122419658124e-6
0.0
0.0
0.0
0.0
0.0
0.0
0.0
0.0
0.0
0.0
0.0
0.0
0.0
0.0
0.0
0.0
0.0
0.00036715706031524597
0.0
0.0
0.0
0.0
0.0
0.0
3.5907706610961417e-7
2.133856713395348e-6
3.4348459356760794e-7
8.589500665131705e-8
0.0
0.0
0.0
0.0
0.0
0.0
0.0
0.0
0.0
0.0
0.0
0.0
0.0
0.0
9.173133941665022e-6
3.815200459773052e-6
0.0
0.0
0.0
6.785252236089593e-8
1.2913700285503882e-7
4.2185977737921644e-8
8.731016043926214e-8
5.351443303051299e-8
1.2335409648673328e-7
0.0
0.0
0.0
0.0
0.0
0.0
0.0
0.0
0.0
0.0
0.0
0.0
0.0
0.0
2.679222882736971e-6
0.0
6.754848526514497e-8
1.4386968123434536e-7
2.1982233625613225e-7
1.5383495219249481e-7
2.1012389942080408e-7
1.659580053671484e-7
2.8896597917751047e-7
1.6745288989443037e-7
6.098509965813914e-8
0.0
0.0
0.0
0.0
0.0
0.0
0.0
0.0
0.0
0.0
9.349847120599602e-7
3.826339741211568e-6
0.0
0.0
0.0
0.0
0.0
0.0
2.728723788007926e-7
4.4309809286137883e-7
8.559071194388433e-7
8.876199656940337e-7
0.0
0.0
0.0
0.0
0.0
0.0
0.0
0.0
0.0
0.0
0.0
0.0
1.1891074289363856e-6
6.851774441958471e-6
0.0
0.0
0.0
0.0
0.0
0.0
2.0746671603425702e-7
3.9645819322531966e-7
3.3170927631250234e-7
1.3596612344169048e-7
0.0
0.0
0.0
0.0
0.0
0.0
0.0
0.0
0.0
0.0
0.0
0.0
1.1862358311392827e-6
6.9220162139829565e-6
0.0
0.0
0.0
0.0
0.0
0.0
0.0
0.0
3.183089826490822e-6
0.0
0.0
0.0
0.0
0.0
0.0
0.0
0.0
0.0
0.0
0.0
0.0
0.0
6.56726748756096e-7
1.7883377540938655e-6
0.0
0.0
0.0
0.0
0.0
2.343646150790706e-7
1.6201367164834348e-7
3.493994960109068e-7
4.792425610965258e-7
1.0439832830942647e-7
0.0
0.0
0.0
0.0
0.0
0.0
0.0
0.0
0.0
0.0
0.0
0.0
1.0096668998952466e-6
6.027300895244574e-6
0.0
0.0
0.0
0.0
0.0
0.0
0.0
0.0
0.0
0.0
0.0
0.0
0.0
0.0
0.0
0.0
0.0
0.0
0.0
0.0
0.0
0.0
0.0
0.0
0.0
0.0
0.0
0.0
0.0
0.0
0.0
0.0
0.0
0.0
0.0
0.0
0.0
0.0
0.0
0.0
0.0
0.0
0.0
0.0
0.0
0.0
0.0
0.0
0.0
0.0
0.0
2.680328278660067e-8
1.705502276103083e-7
1.1894182360023967e-7
2.052648830960178e-7
1.7920024118331947e-7
1.524057851477849e-7
1.4767193361881744e-7
1.4745933406637516e-7
2.9190690631385976e-8
0.0
0.0
0.0
0.0
0.0
0.0
0.0
0.0
0.0
0.0
0.0
0.0
0.0
0.0
6.485260753775934e-9
7.319108545875719e-8
9.575526076988445e-8
1.508017883644624e-7
1.6676962555512244e-7
3.370804119037543e-7
1.117673592269933e-7
1.3141510038933325e-7
6.33989906692481e-8
0.0
0.0
0.0
0.0
0.0
0.0
0.0
0.0
0.0
0.0
0.0
1.7383492982471882e-6
0.0
8.233934483341063e-7
0.0
3.01865915175659e-7
7.480881056471171e-7
7.565154346558669e-7
4.61065237311234e-7
7.895473755297711e-7
2.0129167491569746e-8
2.2087497547737315e-6
0.0
0.0
0.0
0.0
0.0
0.0
0.0
0.0
0.0
0.0
0.0
0.0
0.0
1.0100611061252144e-6
0.0
8.010321445071497e-7
0.0
3.217954193719374e-7
7.8936939689295e-7
7.137929320957609e-7
2.468407059854266e-7
5.593219415733911e-7
2.055714230996492e-7
3.860854822794953e-6
0.0
0.0
0.0
0.0
0.0
0.0
0.0
0.0
0.0
0.0
0.0
0.0
0.0
5.315710424598629e-7
0.0
8.374089600103873e-7
0.0
1.9020445474173704e-7
7.665926948955968e-7
4.514616249940281e-7
6.509421176652052e-7
4.761731428510973e-7
3.77804548867706e-7
1.5787695870450835e-6
0.0
0.0
0.0
0.0
0.0
0.0
0.0
0.0
0.0
0.0
0.0
0.0
0.0
5.7908444885418424e-5
0.0
8.967795670465368e-7
0.0
3.2862911929659243e-7
5.775523101362769e-7
3.158680068636446e-7
5.347174719373026e-7
9.117485599138327e-7
7.545829340644805e-7
1.2735978569211333e-6
7.337334983623254e-7
3.7187950760544743e-7
0.0
0.0
0.0
0.0
0.0
0.0
0.0
0.0
0.0
0.0
0.0
0.0
0.0
0.0
0.0
0.0
2.9305687819711328e-8
2.1513083092779247e-7
1.3558710601932587e-7
2.6458703819196177e-7
1.1967656551277093e-7
2.089006304452846e-7
1.1160528073350565e-7
1.369340793818532e-7
3.645119028055875e-8
0.0
0.0
0.0
0.0
0.0
0.0
0.0
0.0
0.0
0.0
0.0
0.0
0.0
0.0
0.0
3.424351260354981e-8
1.6449144508243292e-7
1.2904123880635955e-7
2.1301708214467107e-7
2.0237954791322573e-7
3.3584452909504693e-7
2.347366785092312e-7
2.494113703077825e-7
0.0
0.0
0.0
0.0
0.0
0.0
0.0
0.0
0.0
0.0
0.0
6.461691432613179e-7
0.0
7.668547459520337e-7
0.0
0.0
6.942095207210779e-7
4.1516062557976717e-7
8.027094115172481e-7
1.640673042417673e-7
2.8052790854227374e-7
6.182615417987555e-7
5.893307724244636e-7
1.920073175379e-7
0.0
0.0
0.0
0.0
0.0
0.0
0.0
0.0
0.0
0.0
0.0
1.74882790568224e-6
0.0
0.0
0.0
4.498895307614037e-8
9.191184801724226e-8
7.290084279264187e-7
7.82521825350355e-7
1.6773415126151065e-7
4.511398843779715e-7
2.894106367418225e-6
0.0
0.0
0.0
0.0
0.0
0.0
0.0
0.0
0.0
0.0
0.0
0.0
0.0
1.6633352029880335e-6
0.0
0.0
0.0
5.579456558285295e-7
4.3901745794416995e-7
4.299681692267521e-7
3.4018897722398794e-7
8.743084808494867e-7
4.644613233531329e-7
6.758491810671456e-7
4.476099762074246e-7
1.6560038075758848e-8
0.0
0.0
0.0
0.0
0.0
0.0
0.0
0.0
0.0
0.0
0.0
1.108580437785686e-6
0.0
8.135794731355207e-7
1.0814862161721483e-7
3.5889179875676323e-7
4.409873992423706e-7
6.163449878083892e-7
5.22649446883632e-7
6.743825337885074e-7
3.3717393065623487e-7
2.5667632761009116e-6
0.0
0.0
0.0
0.0
0.0
0.0
0.0
0.0
0.0
0.0
0.0
0.0
0.0
3.031142872957215e-6
0.0
0.0
0.0
0.0
3.607559105866622e-7
5.358209929880929e-7
7.325828469402012e-7
7.783530990428148e-7
9.955975353822604e-7
2.68830715599661e-6
2.3676864500821935e-7
0.0
0.0
0.0
0.0
0.0
0.0
0.0
0.0
0.0
0.0
0.0
0.0
0.0
0.0
0.0
0.0
0.0
0.0
0.0
4.5124927661773556e-8
1.1958830466612266e-7
4.9421414531266743e-8
1.4560921266423836e-7
1.0227779131569109e-7
1.0144867428699785e-7
0.0
0.0
0.0
0.0
0.0
0.0
0.0
0.0
0.0
0.0
0.0
0.0
0.0
0.0
0.0
6.411613760871667e-9
7.271961217485966e-8
1.8439491098281947e-7
2.846763018053911e-7
4.0348547071676574e-7
1.3876849315445667e-7
1.1952409839117661e-7
1.0309627332305676e-7
0.0
2.9828587706656883e-6
0.0
0.0
0.0
0.0
0.0
0.0
0.0
0.0
0.0
0.0
4.938369837225733e-7
0.0
7.917128023967307e-7
0.0
0.0
5.735416125066509e-7
3.625357944398544e-7
1.4901679645051805e-7
0.0
0.0
2.298187911559558e-6
0.0
0.0
0.0
0.0
0.0
0.0
0.0
0.0
0.0
0.0
0.0
0.0
0.0
0.0
0.0
0.0
0.0
0.0
0.0
0.0
0.0
0.0
2.3584701227516123e-6
2.1332765616064607e-6
0.0
0.0
0.0
0.0
0.0
0.0
0.0
0.0
0.0
0.0
0.0
0.0
0.0
3.331047690740812e-6
0.0
7.713648039298658e-7
0.0
0.0
0.0
0.0
0.0
0.0
2.278727016911582e-6
2.194507912861412e-6
0.0
0.0
0.0
0.0
0.0
0.0
0.0
0.0
0.0
0.0
0.0
0.0
0.0
0.0
0.0
0.0
0.0
0.0
0.0
0.0
3.056399261226795e-6
0.0
2.1653794896391068e-6
2.202050790518633e-6
0.0
0.0
0.0
0.0
0.0
0.0
0.0
0.0
0.0
0.0
0.0
0.0
0.0
0.0
0.0
0.0
0.0
0.0
1.8933737875550041e-7
9.155104282685465e-7
3.208791197528523e-7
4.287069730715087e-7
7.693041682780664e-7
1.9971610054536505e-6
2.553207753216012e-7
0.0
0.0
0.0
0.0
0.0
0.0
0.0
0.0
0.0
0.0
0.0
0.0
0.0
0.0
0.0
0.0
0.0
8.085457151703666e-8
1.2320431164919486e-7
1.1402474413471502e-7
0.0
6.895861838610137e-6
0.0
4.32637143916949e-6
0.0
0.0
0.0
0.0
0.0
0.0
0.0
0.0
0.0
0.0
0.0
0.0
0.0
0.0
0.0
0.0
6.586086093263852e-6
0.0
1.7533356032668578e-7
1.3162602030599463e-7
3.379582196156594e-7
2.628889855557944e-7
2.982231089235921e-7
1.5853370290174348e-7
7.38588844339448e-8
0.0
0.0
0.0
0.0
0.0
0.0
0.0
0.0
0.0
0.0
0.0
0.0
0.0
8.004157924697683e-7
0.0
4.4731876362285543e-7
1.2979077080910837e-6
1.2618952794564515e-6
1.1932846196821545e-6
1.0699832346391119e-6
6.950634103402562e-7
1.7428894326268637e-6
7.126932441849387e-7
3.861046203712836e-8
0.0
0.0
0.0
0.0
0.0
0.0
0.0
0.0
0.0
0.0
0.0
0.0
0.0
7.752807400638872e-7
0.0
4.791710570044127e-7
4.922368756951629e-7
1.0589960436722065e-6
3.667731541733395e-7
9.253076501398031e-7
6.432223222819471e-7
4.862794797004007e-7
2.956777646117847e-7
0.0
0.0
0.0
0.0
0.0
0.0
0.0
0.0
0.0
0.0
0.0
0.0
4.94333568223989e-7
0.0
8.414061670131856e-7
0.0
3.2825012129506415e-7
4.683543012026221e-7
9.135179054881183e-7
1.1586080536543924e-6
5.322826449409632e-7
2.165884756967959e-7
9.71557209053923e-7
1.0819520156015955e-6
9.939237646939006e-7
0.0
0.0
0.0
0.0
0.0
0.0
0.0
0.0
0.0
0.0
0.0
4.855097495138012e-7
0.0
8.035034006132118e-7
0.0
8.410417159796602e-7
7.436201988809077e-7
0.0
0.0
1.4705930440343757e-6
2.256654048339014e-6
3.0213067962757e-6
0.0
0.0
0.0
0.0
0.0
0.0
0.0
0.0
0.0
0.0
0.0
0.0
0.0
0.00011869462725590118
0.0
7.770772125481003e-7
0.0
0.0
0.0
0.0
0.0
0.0
2.3836121698953735e-6
2.224041660361676e-6
0.0
0.0
0.0
0.0
0.0
0.0
0.0
0.0
0.0
0.0
0.0
0.0
0.0
0.0
0.0
0.0
0.0
0.0
0.0
1.421031028436344e-7
1.2117179630214043e-7
1.4747793635252153e-7
1.1970231369564015e-7
8.314589568806502e-8
0.0
5.25943605522126e-6
0.0
0.0
0.0
0.0
0.0
0.0
0.0
0.0
0.0
0.0
0.0
0.0
0.0
0.0
7.307514689299145e-6
0.0
0.0
0.0
1.7844106321293261e-7
1.1679101967102493e-7
1.0806010192128252e-7
9.701260666816792e-8
1.2185608872721088e-7
0.0
0.0
0.0
0.0
0.0
0.0
0.0
0.0
0.0
0.0
0.0
0.0
0.0
0.0
0.0
0.0
0.0
0.0
0.0
5.218470862648133e-7
1.1482598320023633e-6
1.056559883492574e-6
2.7981346490706037e-6
3.7561212075505377e-7
0.0
0.0
0.0
0.0
0.0
0.0
0.0
0.0
0.0
0.0
0.0
0.0
3.449934402291592e-5
0.0
8.082087208201854e-7
0.0
2.893547934597952e-7
6.717719486042994e-7
4.203234561366876e-7
5.162203934116679e-7
6.58895366161822e-7
9.61748528698839e-7
2.809449344453144e-6
0.0
0.0
0.0
0.0
0.0
0.0
0.0
0.0
0.0
0.0
0.0
0.0
0.0
0.0
0.0
8.084786713969945e-7
0.0
2.680353714243632e-7
6.428387643822918e-7
1.0349026948431168e-6
1.5519544556062458e-6
1.2770048816538874e-6
1.2924341342522715e-6
9.095464234774258e-7
1.5128273497999512e-6
5.355794463363992e-7
0.0
0.0
0.0
0.0
0.0
0.0
0.0
0.0
0.0
0.0
0.0
0.0
0.0
8.188538070913532e-7
0.0
2.62361762781085e-7
2.821237272304631e-7
4.411319529062868e-7
5.228278146987807e-7
8.726809962972818e-7
5.382496586289104e-7
2.0728349110602544e-7
0.0
0.0
0.0
0.0
0.0
0.0
0.0
0.0
0.0
0.0
0.0
0.0
0.0
6.639010840569411e-7
0.0
8.242329330239472e-7
0.0
2.4875494242265894e-7
7.366131921729681e-7
3.4928041677222796e-7
3.7629213981549306e-7
3.0493966236358256e-7
2.1035004706290134e-7
4.0724214399776466e-7
4.2863412532408304e-7
0.0
0.0
0.0
0.0
0.0
0.0
0.0
0.0
0.0
0.0
0.0
0.0
0.0
0.0
0.0
0.0
0.0
6.723497144863246e-8
1.4607646488648248e-7
1.342365443907285e-7
0.0
9.5690867121948e-8
1.0460076404334239e-7
9.851829860525981e-8
4.182649463048633e-8
0.0
0.0
0.0
0.0
0.0
0.0
0.0
0.0
0.0
0.0
0.0
0.0
0.0
0.0
0.0
0.0
5.472395395792354e-8
7.596922891582015e-8
3.858958402880637e-7
2.7052747332300693e-7
5.580057962561924e-7
2.701953579819495e-7
3.1215136106869735e-7
6.041606829724747e-8
0.0
0.0
0.0
0.0
0.0
0.0
0.0
0.0
0.0
0.0
0.0
0.0
0.0
0.0
6.890690304091339e-6
0.0
1.5052227761441578e-7
1.8593438761620896e-7
4.022509184257465e-7
4.6682394310884437e-7
4.260185329913115e-7
3.5410745973642387e-7
2.2904533007437948e-7
1.3020330385398733e-7
0.0
0.0
0.0
0.0
0.0
0.0
0.0
0.0
0.0
0.0
0.0
2.896401895038874e-5
0.0
8.537360487245297e-7
2.1017962884341833e-7
1.5935895160448296e-6
1.693411160055832e-6
9.477041610869973e-7
7.20728019448411e-7
6.283018923582642e-7
6.490861370729118e-7
1.063693484731646e-6
1.4204225229880357e-6
9.80481698144365e-7
0.0
0.0
0.0
0.0
0.0
0.0
0.0
0.0
0.0
0.0
0.0
5.790783596603974e-5
0.0
8.87073560464253e-7
1.2239793992319548e-7
6.51177978391066e-7
1.115621228561602e-6
1.1818403012604186e-6
4.487726799720867e-7
5.220555879827126e-7
9.94219067839719e-7
4.878237191225366e-7
1.0890588659714435e-6
1.1297544103235267e-6
0.0
0.0
0.0
0.0
0.0
0.0
0.0
0.0
0.0
0.0
0.0
1.724810764405258e-5
0.0
8.381843799308267e-7
0.0
5.099911578781644e-7
7.340966135469527e-7
9.533385409737174e-7
9.971410575662552e-7
9.959352307865529e-7
1.1882788604701584e-6
4.346216386567647e-6
0.0
0.0
0.0
0.0
0.0
0.0
0.0
0.0
0.0
0.0
0.0
0.0
0.0
1.104916286130503e-6
0.0
0.0
0.0
0.0
0.0
0.0
0.0
0.0
1.949060742321904e-6
4.941494518412903e-6
0.0
0.0
0.0
0.0
0.0
0.0
0.0
0.0
0.0
0.0
0.0
0.0
0.0
0.0
0.0
0.0
0.0
0.0
0.0
0.0
0.0
0.0
0.0
0.0
0.0
0.0
0.0
0.0
0.0
0.0
0.0
0.0
0.0
0.0
0.0
0.0
0.0
0.0
0.0
0.0
0.0
0.0
0.0
6.089514181119748e-8
1.2663933317398329e-5
0.0
0.0
6.549403444523104e-8
6.540390935061664e-8
3.4190546842103547e-6
0.0
0.0
0.0
0.0
0.0
0.0
0.0
0.0
0.0
0.0
0.0
5.154319310668391e-6
0.0
0.0
0.0
0.0
0.0
4.112175501597952e-7
8.218371005917278e-7
6.664537523088441e-7
7.17335506078793e-7
3.2412112544902004e-6
0.0
0.0
0.0
0.0
0.0
0.0
0.0
0.0
0.0
0.0
0.0
0.0
0.0
1.015063670419236e-6
0.0
0.0
0.0
0.0
4.837252339815477e-7
4.814600276175999e-7
9.598505878664795e-7
1.3191558693660575e-6
1.2805400793367257e-6
3.924198435615845e-6
1.1680960221265438e-6
0.0
0.0
0.0
0.0
0.0
0.0
0.0
0.0
0.0
0.0
0.0
0.0
0.00019547446403908234
2.6302660521954383e-5
1.0013665677335816e-6
0.0
1.8049421567377862e-7
1.0524704263748677e-6
1.3996230831825732e-6
1.6893562493691275e-6
1.5503886588653978e-6
1.5337725873452562e-6
4.419918300454615e-6
2.0996964390674538e-7
0.0
0.0
0.0
0.0
0.0
0.0
0.0
0.0
0.0
0.0
0.0
0.0
0.00014424073297221408
2.0337456189550718e-6
1.0107818249753623e-6
0.0
5.962470459371316e-7
5.319397386597266e-7
1.1237104438564776e-6
1.7609744373723183e-6
1.1696595908024256e-6
1.6517000356270085e-6
4.070783309570334e-6
1.1240702312236818e-6
0.0
0.0
0.0
0.0
0.0
0.0
0.0
0.0
0.0
0.0
0.0
0.0
6.8863441246519596e-6
0.0
7.771362511289028e-7
0.0
2.722713640832919e-7
4.35476176589155e-7
5.598475722203232e-7
6.812560233891694e-7
5.936118374172777e-7
4.344880929894335e-7
1.7859758054994089e-6
0.0
0.0
0.0
0.0
0.0
0.0
0.0
0.0
0.0
0.0
0.0
0.0
0.0
0.0
0.0
0.0
0.0
3.6137910123363195e-6
0.0
0.0
0.0
0.0
0.0
0.0
0.0
3.4716995315684987e-6
0.0
0.0
0.0
0.0
0.0
0.0
0.0
0.0
0.0
0.0
0.0
0.0
0.0
0.0
0.0
2.5948818234507437e-6
0.0
0.0
8.822424760620997e-8
6.661654478993133e-8
0.0
8.234816520606477e-6
8.543841955269677e-6
0.0
0.0
0.0
0.0
0.0
0.0
0.0
0.0
0.0
0.0
0.0
0.0
0.0
0.0
0.0
0.0
0.0
0.0
0.0
1.5183941215666438e-6
5.323173789163159e-7
3.1235523091713503e-6
4.904547095129026e-6
0.0
0.0
0.0
0.0
0.0
0.0
0.0
0.0
0.0
0.0
0.0
0.0
0.0
0.0018870164556123595
0.0007433364180030359
1.210476486250236e-6
0.0
1.5340436454809362e-7
1.0623056365443628e-6
1.6104429132311714e-6
2.0431387825203373e-6
1.263043385035415e-6
2.8424898038389775e-6
3.938529055502179e-6
1.8762420180033042e-6
5.603961383037447e-7
0.0
0.0
0.0
0.0
0.0
0.0
0.0
0.0
0.0
0.0
0.0
0.001966253652664737
0.0008643015415540572
1.1954372659252143e-6
0.0
6.21983258335985e-7
1.1264190682784196e-6
1.5563987458738924e-6
1.7163948641778807e-6
1.9849532448170732e-6
4.284288274729749e-6
3.925245028292978e-6
1.3684928008983808e-6
0.0
0.0
0.0
0.0
0.0
0.0
0.0
0.0
0.0
0.0
0.0
0.0
0.0006619297663545665
0.00030027859138975516
1.1196476292701926e-6
0.0
3.925555219033036e-7
1.0702795074939437e-6
1.539965303328868e-6
7.319127248902693e-7
8.755861076034553e-7
1.0589227618119692e-6
3.6699566421663446e-6
1.8591030105724696e-6
0.0
0.0
0.0
0.0
0.0
0.0
0.0
0.0
0.0
0.0
0.0
0.0
0.0007919229425096939
0.00042014815186326775
1.2912394955878907e-6
0.0
4.840547337929142e-7
1.121431239448753e-6
1.7815590263696088e-6
1.648651827981244e-6
9.614237213042474e-7
1.2392183828505347e-6
5.0803153742166375e-6
1.6385526696061645e-6
1.1266987648782536e-6
0.0
0.0
0.0
0.0
0.0
0.0
0.0
0.0
0.0
0.0
0.0
0.0
0.0
0.0
0.0
0.0
1.9729847584039406e-5
6.357401478758412e-6
3.7109223792844903e-6
2.4086300188868837e-7
2.059484776847433e-7
2.490108134643391e-7
4.822539908191152e-6
7.278858533215981e-6
0.0
0.0
0.0
0.0
0.0
0.0
0.0
0.0
0.0
0.0
0.0
0.0
0.0
0.0
0.0
0.0
0.0
0.0
4.650652911801559e-8
1.1154720215129839e-7
1.4259506644264895e-6
2.9330011788877277e-6
5.5260857467375944e-8
0.0
0.0
0.0
0.0
0.0
0.0
0.0
0.0
0.0
0.0
0.0
0.0
0.0
0.0
0.0
0.0
0.0
0.0
0.0
0.0
0.0
1.4491285243612104e-6
4.942750155448951e-6
0.0
0.0
0.0
0.0
0.0
0.0
0.0
0.0
0.0
0.0
0.0
0.0
0.0
0.0
0.0
0.0
0.0
0.0
0.0
0.0
0.0
0.0
2.2379982901566477e-6
5.170237412563326e-6
0.0
0.0
0.0
0.0
0.0
0.0
0.0
0.0
0.0
0.0
0.0
0.0
0.0
0.0
0.0
7.926385034141966e-7
0.0
5.581585706458813e-8
1.0622442727944123e-6
1.4394750629459864e-7
1.4394755315212625e-7
5.506871991751771e-7
2.0191614638586246e-7
3.162700269338242e-6
0.0
0.0
0.0
0.0
0.0
0.0
0.0
0.0
0.0
0.0
0.0
0.0
0.0
1.1776606017995585e-6
0.0
0.0
0.0
0.0
0.0
0.0
0.0
0.0
0.0
4.912531098043154e-6
0.0
0.0
0.0
0.0
0.0
0.0
0.0
0.0
0.0
0.0
0.0
0.0
0.0
0.0
0.0
0.0
0.0
0.0
0.0
0.0
0.0
0.0
1.968750835206482e-6
5.243471040582598e-6
0.0
0.0
0.0
0.0
0.0
0.0
0.0
0.0
0.0
0.0
0.0
0.0
0.0
0.0
0.0
0.0
0.0
0.0
0.0
0.0
3.7135549421913966e-6
4.927809530901904e-6
0.0
0.0
0.0
0.0
0.0
0.0
0.0
0.0
0.0
0.0
0.0
0.0
0.0
0.0
0.0
0.0
0.0
0.0
0.0
0.0
0.0
1.3683566484597749e-7
1.8721368875090885e-7
2.455693652992128e-7
9.566863331077063e-8
2.9712721036065594e-6
8.100636039448268e-6
0.0
0.0
0.0
0.0
0.0
0.0
0.0
0.0
0.0
0.0
0.0
0.0
0.0
0.0
0.0
0.0
2.793564931997208e-7
1.2912876535499463e-6
1.036398183206088e-6
1.0249177801088734e-6
1.1156916414692745e-6
1.3859958117315035e-6
1.8665966508880164e-6
5.763334104681279e-6
0.0
0.0
0.0
0.0
0.0
0.0
0.0
0.0
0.0
0.0
0.0
0.0
0.0
0.0001059794533070986
9.421498137051381e-7
8.781484219181967e-7
0.0
1.2920390081981838e-6
1.377289650540536e-6
1.6925762571601592e-6
1.8547862038152178e-6
2.0049130036299286e-6
1.6680319607005952e-6
3.567155007910745e-6
1.8046137479204597e-7
0.0
0.0
0.0
0.0
0.0
0.0
0.0
0.0
0.0
0.0
0.0
0.0
0.0004405946191110697
4.06795496749732e-5
1.0197686450495635e-6
0.0
1.40840600846589e-6
1.5656741654781758e-6
1.0607751425047307e-6
9.254004647917671e-7
1.2017572712108576e-6
2.550663332345931e-6
5.377504426041738e-6
0.0
0.0
0.0
0.0
0.0
0.0
0.0
0.0
0.0
0.0
0.0
0.0
0.0
6.399658143618601e-7
0.0
8.900684588663289e-7
4.014092719302631e-7
7.174095280252144e-7
1.164703885940031e-6
1.4152532468078622e-6
7.886765823573832e-7
1.3709029740950173e-6
1.046241092785181e-6
5.070720129233479e-6
0.0
0.0
0.0
0.0
0.0
0.0
0.0
0.0
0.0
0.0
0.0
0.0
0.0
0.00027282747687522573
3.864147067719469e-6
1.0491290031327884e-6
0.0
0.0
3.6468963125634065e-7
6.155307614393817e-7
1.013253635908062e-6
1.4012870853806662e-6
3.804426373833455e-6
4.396948485276939e-6
3.63506215550547e-7
0.0
0.0
0.0
0.0
0.0
0.0
0.0
0.0
0.0
0.0
0.0
0.0
0.0
0.0
0.0
0.0
0.0
7.181198361646945e-8
0.0
0.0
0.0
0.0
0.0
0.0
0.0
0.0
0.0
0.0
0.0
0.0
0.0
0.0
0.0
0.0
0.0
0.0
0.0
0.0
0.0
0.0
0.0
4.54939344998183e-8
0.0
0.0
0.0
0.0
0.0
0.0
0.0
0.0
0.0
0.0
0.0
0.0
0.0
0.0
0.0
0.0
0.0
0.0
0.003924878878888277
0.0010652385560129378
5.957988075133234e-7
0.0
1.5943730546364506e-6
2.0409353210878525e-6
1.8157920766639935e-6
8.541526917324543e-7
6.618851875384037e-7
3.9291783626403345e-6
6.603364973175449e-6
0.0
0.0
0.0
0.0
0.0
0.0
0.0
0.0
0.0
0.0
0.0
0.0
0.0
0.0007958682450426304
0.0003130228756680342
1.1745815944209983e-6
0.0
6.962150548906374e-7
1.6966250224849716e-6
2.0564214769270457e-6
1.837908226514111e-6
1.7217669553885193e-6
3.913999705280164e-6
3.4748851085015445e-6
0.0
0.0
0.0
0.0
0.0
0.0
0.0
0.0
0.0
0.0
0.0
0.0
0.0
5.227274101174236e-8
0.0
0.0
6.133547285109887e-7
1.2266674396618044e-6
1.2093244445247119e-6
1.1228461783698962e-6
1.122832096930764e-6
1.110800179019814e-6
3.336516811496097e-6
5.1676791115072895e-6
0.0
0.0
0.0
0.0
0.0
0.0
0.0
0.0
0.0
0.0
0.0
0.0
0.0
2.8510414321025677e-8
0.0
0.0
0.0
3.623257925575498e-7
1.0492926699460463e-6
1.1601727630188072e-6
1.1855601396885362e-6
1.5823733581777547e-6
1.632358688983388e-6
2.1231153458529335e-6
0.0
0.0
0.0
0.0
0.0
0.0
0.0
0.0
0.0
0.0
0.0
0.0
0.0
2.7351946393084517e-8
0.0
1.1712830002158097e-6
1.7568283106350393e-6
1.7567524488499776e-6
1.7566331476044833e-6
1.7565167461564123e-6
1.7257201791474685e-6
1.5721882344227195e-6
1.5721203405117574e-6
4.039347034112333e-6
0.0
0.0
0.0
0.0
0.0
0.0
0.0
0.0
0.0
0.0
0.0
0.0
0.0
0.0
0.0
0.0
1.0293696759187421e-5
8.041306707782103e-6
5.849955050198906e-6
2.824155961250595e-6
1.103341367498997e-6
5.843233207437024e-6
3.743725169521881e-6
0.0
0.0
0.0
0.0
0.0
0.0
0.0
0.0
0.0
0.0
0.0
0.0
0.0
0.0
0.0
0.0
0.0
7.400964037041921e-8
6.723084914764374e-6
7.663124863092053e-6
3.683846529020507e-6
7.709260761942428e-6
4.126257616651582e-6
4.4757282167234534e-6
0.0
0.0
0.0
0.0
0.0
0.0
0.0
0.0
0.0
0.0
0.0
0.0
0.0
0.0
0.0008585748845155782
0.0003197722354701728
1.2634670804725276e-6
0.0
8.667935160748628e-7
1.8901852059139392e-6
2.209950120490422e-6
1.4616878122263452e-6
1.3589446398288688e-6
1.7784879217482267e-6
4.698290414483941e-6
3.942117155923946e-7
0.0
0.0
0.0
0.0
0.0
0.0
0.0
0.0
0.0
0.0
0.0
0.0
0.0011202567653244803
0.00036182180700389407
1.1577340208199464e-6
0.0
9.422283725112434e-7
1.6213228947079943e-6
2.0031299271435655e-6
2.350060415105414e-6
1.8538879539594859e-6
3.541615983640634e-6
3.6404410283959905e-6
5.404206575622899e-7
0.0
4.640371227838757e-6
0.0
0.0
0.0
0.0
0.0
0.0
0.0
0.0
0.0
0.0
0.007914118873908181
0.002242944377325857
0.00019248535152302607
0.0
1.6322035661957076e-6
1.8476321537683067e-6
1.3562118357041108e-6
9.666247147565326e-7
1.6353314740977119e-6
4.534687038816763e-6
4.060467886664439e-6
0.0
0.0
0.0
0.0
0.0
0.0
0.0
0.0
0.0
0.0
0.0
0.0
0.0
0.0
0.0
0.0
0.0
0.0
0.0
0.0
0.0
1.4034006249137965e-7
0.0
0.0
0.0
0.0
0.0
0.0
0.0
0.0
0.0
0.0
0.0
0.0
0.0
0.0
0.0
0.00028431083955557477
1.7834561397220207e-5
9.118800804829769e-7
0.0
1.2193573285342581e-6
1.2629913015892187e-6
1.186896094829979e-6
1.6447862761606418e-6
1.5852328984915101e-6
1.473400469295476e-6
5.7618704609682584e-6
0.0
0.0
0.0
0.0
0.0
0.0
0.0
0.0
0.0
0.0
0.0
0.0
0.0
0.0
0.0
0.0
0.0
0.0
0.0
0.0
9.919188099126244e-8
6.652353832864876e-8
3.604123740802471e-8
3.384230064960133e-8
0.0
0.0
0.0
0.0
0.0
0.0
0.0
0.0
0.0
0.0
0.0
0.0
0.0
0.0
0.0
0.0
0.0
6.497464308468646e-8
0.0
1.6588962446919575e-8
0.0
0.0
0.0
0.0
0.0
0.0
0.0
0.0
0.0
0.0
0.0
0.0
0.0
0.0
0.0
0.0
0.0
0.0021131158199857677
0.000666419874754293
1.3032748654572962e-6
0.0
1.1338896240739984e-6
1.7309058706943393e-6
2.0294235042166936e-6
2.1671575224200373e-6
1.5922955247610587e-6
4.497140893997274e-6
3.7141679818337842e-6
0.0
0.0
0.0
0.0
0.0
0.0
0.0
0.0
0.0
0.0
0.0
0.0
0.0
0.0028366661652367425
0.0006473683730494839
1.4432023321287996e-6
5.331166967470446e-7
1.5303864084050838e-6
1.7900338789264275e-6
2.0733394834278074e-6
1.977294154398534e-6
2.329164027437059e-6
2.4145226738101793e-6
4.565668702960639e-6
3.773767354516927e-7
0.0
0.0
0.0
0.0
0.0
0.0
0.0
0.0
0.0
0.0
0.0
0.0
0.00025056538876980314
4.9056588066319325e-6
8.952765889047596e-7
0.0
0.0
0.0
0.0
1.7132819451631053e-6
0.0
2.352810001879156e-6
5.160339684246522e-6
0.0
0.0
0.0
0.0
0.0
0.0
0.0
0.0
0.0
0.0
0.0
0.0
0.0
0.00025843963292348143
7.800972281843454e-6
9.127056208219416e-7
0.0
0.0
5.76917481077143e-7
1.2179270858036965e-6
1.5374559684843985e-6
1.5082763138574898e-6
1.0395929029738307e-6
5.1731809354277295e-6
0.0
0.0
0.0
0.0
0.0
0.0
0.0
0.0
0.0
0.0
0.0
0.0
0.0
0.012281389036886501
0.005547445022423553
0.0013642984638389483
0.0008233015190437982
0.00028981231256815834
0.0
0.0
4.919265975613411e-6
0.0
7.994746084761492e-7
4.883002205751969e-6
7.192323521091051e-7
0.0002906045743520921
0.0007805158490711688
0.001267561878129821
0.0
0.0
0.0
0.0
0.0
0.0
0.0
0.0
0.0
0.0
0.0
0.0
0.0
0.0
0.0
0.0
0.0
0.0
0.0
0.0
0.0
0.0
0.0
0.0
0.0
0.0
0.0
0.0
0.0
0.0
0.0
0.0
0.0
0.0
0.0
0.0
0.0
0.0
0.0
0.0
0.0
0.0
0.0
0.0
0.0
0.0
0.0
0.0
0.0
0.0
0.0
0.0
0.0
0.0
0.0
0.0
0.0
0.0004947299400676064
9.727593475883284e-5
0.0
0.0
0.0
6.929731059337758e-7
1.1205839626243412e-6
1.1444617932920106e-6
1.0809877579408288e-6
3.234301928305724e-6
5.2662331879959344e-6
0.0
0.0
0.0
0.0
0.0
0.0
0.0
0.0
0.0
0.0
0.0
0.0
0.0
0.0006917355635955649
0.00026825634455598414
1.1523710345543339e-6
0.0
0.0
2.394176590770896e-7
7.557949816046159e-7
1.0601852877232991e-6
1.0569152063522299e-6
2.2823226933635163e-6
5.342905042796709e-6
0.0
0.0
0.0
0.0
0.0
0.0
0.0
0.0
0.0
0.0
0.0
0.0
0.0
0.004311691613606138
0.0012193103358223813
1.1286378693155891e-6
3.615100327040745e-7
1.4665414651635017e-6
1.97897780001096e-6
1.4856115678406948e-6
9.335633515060083e-7
1.276987186225597e-6
3.8481616383546305e-6
4.560497989067376e-6
0.0
0.0
0.0
0.0
0.0
0.0
0.0
0.0
0.0
0.0
0.0
0.0
0.0
0.004535418210456058
0.0016172736640447114
0.0001897796859987773
1.740307547249924e-5
0.0
1.0012038247428514e-6
1.4784875224146918e-6
3.167775704989335e-6
1.8301761737271316e-6
3.709695058589394e-6
3.239111646931923e-6
0.0
0.0
0.0
0.0002553005595637976
0.0
0.0
0.0
0.0
0.0
0.0
0.0
0.0
0.0
0.009702964024578082
0.0032802042915993867
0.0005597277092937789
2.4189768426194987e-5
0.0
0.0
1.3988125738093165e-6
1.768495214308211e-6
1.4544811246682014e-6
3.0313975448574534e-6
2.571415878257302e-6
0.0
0.0
0.0
3.721671155304758e-6
0.0
0.0
0.0
0.0
0.0
0.0
0.0
0.0
0.0
0.0
0.0
0.0
0.0
0.0
0.0
0.0
0.0
0.0
0.0
0.0
0.0
0.0
0.0
0.0
0.0
0.0
0.0
0.0
0.0
0.0
0.0
0.0
0.0
0.0
0.0
0.0
0.0
0.0
0.0
0.0
0.0
0.0
0.0
0.0
0.0
0.0
0.0
0.0
0.0
0.0
0.0
0.0
0.0
0.0
0.0
0.0
0.0
0.0011122426753460896
0.0004162427069792651
1.4994092917833114e-6
1.7630263563054174e-6
2.6258602374605418e-6
2.3516963920847002e-6
1.7721225478657436e-6
1.1394034312216468e-6
1.4876337245325384e-6
4.2277602958861295e-6
7.3750492253010845e-6
0.0
0.0
0.0
0.0
0.0
0.0
0.0
0.0
0.0
0.0
0.0
0.0
0.0
0.004170754655861281
0.000965980971343129
1.814889022245677e-6
0.0
0.0
4.761817422831783e-7
4.761780885003457e-7
4.763983864723041e-7
4.761736369400213e-7
3.107356630213345e-6
5.282481743036818e-6
0.0
0.0
0.0
0.0
0.0
0.0
0.0
0.0
0.0
0.0
0.0
0.0
0.0
0.00010615230118744507
0.0
0.0
0.0
6.730024278509021e-7
1.0230919324673286e-6
1.1078856824992899e-6
7.713874478634101e-7
8.292053097223179e-7
9.257361476642957e-7
3.501929748339164e-6
0.0
0.0
0.0
0.0
0.0
0.0
0.0
0.0
0.0
0.0
0.0
0.0
0.0
0.0014382534466455574
0.0005074328324508824
1.34691822524981e-6
0.0
3.484537991480487e-7
8.954860791813077e-7
1.0909528411451869e-6
7.570778780692389e-7
7.445345400419305e-7
9.454530955670927e-7
2.029147197123998e-6
0.0
0.0
0.0
0.0
0.0
0.0
0.0
0.0
0.0
0.0
0.0
0.0
0.0
0.0007099922264476213
0.00024204172803371244
1.140561423148698e-6
0.0
2.207405804340537e-7
1.3244085934526793e-6
1.3912958474505982e-6
1.4415345131651691e-6
1.9257946565742006e-6
2.6369317497003285e-6
5.235151358032748e-6
0.0
0.0
0.0
0.0
0.0
0.0
0.0
0.0
0.0
0.0
0.0
0.0
0.0
0.0
0.0
0.0
0.0
1.1384977850736839e-8
1.4864328856709634e-7
1.6909562909468134e-7
2.2437577029107796e-7
8.619038302511243e-8
1.377584813742093e-7
0.0
0.0
0.0
0.0
0.0
0.0
0.0
0.0
0.0
0.0
0.0
0.0
0.0
0.0
0.0
0.0
0.0
0.0
0.0
0.0
2.536609057632363e-7
8.882824159424191e-8
3.008721191844553e-7
1.9309650087067862e-7
1.1612136665333023e-7
0.0
0.0
0.0
0.0
0.0
0.0
0.0
0.0
0.0
0.0
0.0
0.0
0.0
0.0007808913981606476
0.0002795199913182632
1.398637162721297e-6
0.0
0.0
0.0
0.0
0.0
0.0
2.2454110653465766e-6
5.259518319599095e-6
0.0
0.0
0.0
0.0
0.0
0.0
0.0
0.0
0.0
0.0
0.0
0.0
0.0
0.000603109517069189
0.00014944457942151447
9.32730095954216e-7
0.0
0.0
1.914804913671323e-6
1.4426491515023488e-6
1.0548524928613447e-6
9.358829706741085e-7
1.1840870947675343e-6
2.9880496346286317e-6
0.0
0.0
0.0
0.0
0.0
0.0
0.0
0.0
0.0
0.0
0.0
0.0
0.0
0.0006767750325008927
0.00028750818189782185
1.0940008446817697e-6
0.0
5.554758031634919e-7
9.912090295629315e-7
1.2199199307415272e-6
3.5386158204783132e-6
2.373938535181625e-6
6.206365143487666e-6
5.042818836305914e-6
8.12494051161776e-6
0.00028249230823811154
0.0006815317255799339
0.0011253218268217722
0.0
0.0
0.0
0.0
0.0
0.0
0.0
0.0
0.0
0.02212145023426902
0.0076585663015755175
0.0012511415088540434
0.00039958777093844657
0.0
2.0246189854242185e-6
1.2052839932218466e-6
4.211830246368853e-6
1.0174433300548122e-6
3.4609265594709843e-6
3.3980035067645422e-6
0.0
0.0
0.00018796357209943467
0.0005046379865605058
0.0
0.0
0.0
0.0
0.0
0.0
0.0
0.0
0.0
0.012659158493445382
0.005106273326870147
0.0010215375547974342
0.0003116173665149247
0.0
2.0595326149368903e-6
0.0
3.160877372521416e-6
0.0
2.0622681977644446e-6
6.096925789155494e-6
7.641042865734602e-7
0.00011184535996965511
0.0005664529765964643
0.0010135085979784424
0.0
0.0
0.0
0.0
0.0
0.0
0.0
0.0
0.0
0.0
0.0
0.0
0.0
0.0
0.0
0.0
0.0
0.0
0.0
0.0
0.0
0.0
0.0
0.0
0.0
0.0
0.0
0.0
0.0
0.0
0.0
0.0
0.0
0.0
0.0
0.0
0.0
0.0
0.0
9.308668306443e-8
1.0423522351993966e-7
6.643081796294118e-8
0.0
0.0
0.0
0.0
0.0
0.0
0.0
0.0
0.0
0.0
0.0
0.0
0.0
0.0
0.0
0.0
0.0
0.0
0.0
0.0
4.5727185636479164e-8
1.562178616575081e-7
2.0493835886141576e-7
2.51107912307525e-7
1.7923084566055e-7
0.0
0.0
0.0
0.0
0.0
0.0
0.0
0.0
0.0
0.0
0.0
0.0
0.0
0.0
0.0019611615607904986
0.0009271138105749327
2.375053652946901e-5
2.958067437169763e-5
0.0
7.07815683817475e-7
1.0174132816418216e-6
4.782524383089909e-6
1.6757798808820467e-6
3.3365575952523624e-6
3.911738367851452e-6
0.0
0.0
0.00020792448685189092
0.0007821597029131841
0.0
0.0
0.0
0.0
0.0
0.0
0.0
0.0
0.0
0.016251809554169883
0.005512049449625645
0.0007749945466231039
3.276171998570977e-5
6.067400135574367e-7
1.383463070971265e-6
1.096379184652478e-6
4.47841140518103e-6
1.6133011222656375e-6
3.723271548361502e-6
2.1620583248045107e-6
0.0
0.0
0.0
0.0
0.0
0.0
0.0
0.0
0.0
0.0
0.0
0.0
0.0
0.003020638353937709
0.0009308231769834674
1.4529507852336583e-6
1.1230644687605007e-6
1.7852552966608535e-6
2.0818907746827675e-6
2.016990111542184e-6
1.9508012814647216e-6
1.9507337997705303e-6
4.197351230349016e-6
2.363936259933318e-6
0.0
0.0
0.0
0.0
0.0
0.0
0.0
0.0
0.0
0.0
0.0
0.0
0.0
0.0003968624388852612
9.188060863098443e-5
0.0
0.0
0.0
1.0568530086487199e-6
3.522748521206379e-7
2.757841624970435e-6
1.0567704883728066e-6
3.2500529805442747e-6
1.4397954460075045e-6
0.0
0.0
0.0
0.0
0.0
0.0
0.0
0.0
0.0
0.0
0.0
0.0
0.0
0.0
0.0
0.0
0.0
0.0
0.0
8.019394159125521e-8
0.0
0.0
5.700438882794882e-9
0.0
0.0
0.0
0.0
0.0
0.0
0.0
0.0
0.0
0.0
0.0
0.0
0.0
0.0
0.0
0.0
0.0
0.0
7.469862271801984e-8
1.193203908400024e-7
2.888580425484684e-7
2.0532787000900364e-7
1.47391415460487e-7
1.1557847769924502e-7
7.137576979386728e-8
0.0
0.0
0.0
0.0
0.0
0.0
0.0
