0.0009447463995694424
0.0
0.0
0.0
0.0
0.001070601847999659
0.0008505846931407284
0.0007398270468489261
0.0006148829456967795
0.0003125027743321588
9.528022379314005e-5
0.0
0.0
0.0
1.133235585693556e-6
0.0
0.0
5.319017118856096e-5
0.00013370968261463144
0.00018180421306265756
0.00028574343024120717
0.00038696125333797886
0.00047199141575140536
0.000624969042552612
0.0008867097427002899
0.0
0.0
0.0
0.0
0.000832296933100714
0.000665590728524668
0.0004396033637710284
0.00020105724118180598
8.09525382131264e-5
2.9945883004628637e-6
0.0
0.0
0.0
0.0
1.011237795506808e-6
0.0
0.0
0.0
4.8260859708991915e-6
0.00013578698916040614
0.00014283305177533346
0.00012887889148058157
0.00015782212669053586
0.0006910868382129133
0.0
0.0
0.0
0.0
0.0013000062717611785
0.00104411389677013
0.0008010978485434982
0.0005669315995905788
0.00023656869065436453
4.777129626210332e-5
0.0
0.0
0.0
0.0
6.59962105674564e-7
0.0
2.4713032351268778e-5
0.00014519666535598596
0.00023652916280579283
0.0002943232190633116
0.0003951609277573634
0.0005092538251351836
0.0006377464156497645
0.0010126997540192615
0.0
0.0
0.0
0.0
0.0013612802752146099
0.00107615386263732
0.0007906602404216782
0.0005076820564266016
0.00023303075525884403
7.552662480552718e-5
0.0
0.0
0.0
0.0
0.0
0.0
0.0
7.840756732301515e-5
0.00018723569345863335
0.00027082367534663084
0.00038953288948156983
0.0005596911553638121
0.0006933511400709854
0.000993788852726602
0.0
0.0
0.0
0.0
0.001285351075237086
0.001015027173235921
0.000715406669708406
0.0004758864765233015
0.0002838393864831079
9.400505999299032e-5
0.0
0.0
0.0
1.2200461151458458e-6
5.681204188104684e-7
1.3276359753136797e-5
0.0
5.7358206240751984e-5
0.00010969607231759348
0.00020863766409256063
0.0002638237836853916
0.00027071889639115415
0.0003860288420662204
0.0006970793966874962
0.0
0.0
0.0
0.0
0.0009177939951958843
0.0006618868412609475
0.00047891484030107996
0.00036358900770878434
0.0001318776076910315
1.0919973851911176e-5
0.0
0.0
0.0
0.0
0.0
0.0
7.770918809897464e-7
0.00010528108066131398
0.0002286990554511146
0.00028831058600576367
0.0003628302505192179
0.0005162210563938943
0.0006752959549990473
0.0009909643483729576
0.0
0.0
0.0
0.0
0.001309180225681504
0.0010667694430254902
0.0007984291266620577
0.0006239420863058017
0.0003070265226274502
9.795701749711512e-5
0.0
0.0
0.0
1.2547469822125652e-6
0.0
0.0
2.4468621926736748e-5
8.226376738833858e-5
0.00012689063493027928
0.00021313260180199652
0.0003490371752487425
0.00046610572585108033
0.0005871564664495668
0.0008317763085492604
0.0
0.0
0.0
0.0
0.0009450293244446735
0.0006240630195125883
0.0004087580591735888
0.000353209950390813
0.0001992108806938993
0.00013090169738591068
4.922941422645202e-5
0.0
2.2993066299155253e-6
7.469096953117601e-5
0.00013850847424751566
0.00022756912406730613
0.0002531064649474121
0.0002217671021582755
0.00026253766234140603
0.00035306564481784594
0.0004019765233945195
0.0004944114564018533
0.0005902010792719298
0.0008703178873598511
0.0
0.0
0.0
0.0
0.0008330061864202051
0.0005804643936464604
0.0004311995501879159
0.00047001646993826703
0.0004604315453152672
0.000330591779485389
0.0002294109748196198
0.0001441752285209877
0.00011451159965104501
0.0001816896456835565
0.00022830876464470393
0.00022787350157918193
0.00017557440937031882
0.00018360944472786426
0.00019919885198605914
0.00026518131561577014
0.0002807166908020742
0.00044494252981691363
0.000654351843741991
0.0009665307605916686
0.0
0.0
0.0
0.0
0.0010731522141801584
0.0008568752473901411
0.0006657079733166124
0.0005897618973899299
0.0004293481923614476
0.00018471548697536228
6.0904905042508674e-5
0.0
0.0
8.511099904987232e-5
0.00013070963465810522
0.00013624335097399398
6.867705648032373e-5
9.363651057812294e-5
9.908961938077083e-5
0.00014105450882044373
0.00016761332185811692
0.0002167917360338096
0.0002546563805390707
0.0004956841059263969
0.0
0.0
0.0
0.0
0.0006298345613591074
0.00040942776996622876
0.00029578286674111
0.00048142913011201227
0.0005761737789106888
0.0005592045733406058
0.00045503859672823936
0.0003401245978267424
0.00030730061875442746
0.00040932758341820206
0.0004533328712017897
0.00045190627351646216
0.0003720146825528979
0.00037881564858582
0.0004607437629222619
0.000581823681667235
0.0006960363006782584
0.0007783006659839368
0.0009043450764264805
0.0012070472639544676
0.0
0.0
0.0
0.0
0.0012860504024412229
0.0010315905962595224
0.0008144667459743777
0.0007285843950515886
0.00061987332713278
0.0004238435277694463
0.00027589513950279713
0.00010893603442448326
7.975303799765291e-5
0.00020111951600716138
0.00023937580948581218
0.00026211189536500386
0.00020367354654906458
0.000294314760491792
0.00038949300121021734
0.0004934814358903482
0.0005982897662971856
0.0007217826131904329
0.0008306474180922008
0.0011831144734943484
0.0
0.0
0.0
0.0
0.0014163385302330724
0.0012030197941182326
0.0009720219882133039
0.0008126339432922203
0.0006055775687136897
0.0003406954458627516
0.0001420140379764663
1.9017696825905416e-5
1.0417639894825941e-5
0.00010485793683547092
0.00016806087547304208
0.00022824987917608724
0.00020597989732120263
0.0002485034534349398
0.00035191597001199337
0.0005443696565329306
0.0006607775679927301
0.0007964692715405205
0.0006335219913360746
0.0010317369036656903
0.0
0.0
0.0
0.0
0.001264551674105314
0.0009816907346180859
0.0007589288173832358
0.0006892303437462778
0.0005587939718676798
0.00035543218572088424
0.000210660621420913
0.0001180345816678998
7.45267141406182e-5
0.00011950013351782492
0.00014992435739260128
0.00019855904179534315
0.0002212136013862384
0.00018799168800663803
0.00023319339248748205
0.0004233897529315615
0.0005517147960016328
0.0006938603828952711
0.000847486167945475
0.0011615366320739586
0.0
0.0
0.0
0.0
0.0011585860498239818
0.0008556058151550233
0.0007435412681894666
0.0007431601959106492
0.0006550577708686935
0.0005292455852935903
0.0004006342892615281
0.0003242804664557989
0.00024754511823856526
0.000285182457846211
0.0003417670892312603
0.0004199264528930472
0.0004370791486023306
0.0003811169249347554
0.0003685201286698066
0.00045740980949083296
0.0004958007490035884
0.0005822321467402831
0.0007165472850802734
0.000986651041301481
0.0
0.0
0.0
0.0
0.001235125402197447
0.000989364197175326
0.0008025607205184172
0.0007606593385007666
0.0006518851194159791
0.00047018092585305986
0.00033445262177908325
0.00024262113451982965
0.00021014939892289306
0.00024334304439872065
0.00030205673803706217
0.0003844194136278782
0.00039695186173684555
0.0003924169915318221
0.00043954425935930367
0.0005547024808696465
0.0005971446204507371
0.0006843024866663809
0.000821770983139374
0.001130544113899676
0.0
0.0
0.0
0.0
0.001295406567785875
0.0010041733688492965
0.0007690755687717857
0.000690437727106843
0.0006177982941104214
0.00044178651652523285
0.00024800836340755717
0.00010343250346913695
6.59840997180713e-5
0.0001479391626366628
0.00022495846036772117
0.00028982026587699386
0.00026049078519440455
0.0002768861616173015
0.00030471197664053287
0.00043239417679798734
0.0005259323772898397
0.0006030405421534199
0.0006909569205734139
0.0010378747757795832
0.0
0.0
0.0
0.0
0.0015356022465774913
0.0012663728546206188
0.0010507440887886565
0.0008636217802080039
0.0006230518354083332
0.0003760952762069801
0.0002135187576897785
6.550304280753112e-5
2.472651387731481e-5
9.034314444505623e-5
0.00014840120570192917
0.00019932351735842997
0.0001778895185296685
0.00023194329523944956
0.00043494866056727595
0.0006255582283996996
0.0007038899813494957
0.0008109318242663443
0.0009457858345317266
0.001235729058271065
0.0
0.0
0.0
0.0
0.001482105457441321
0.0011492253114850878
0.0009621067669834395
0.0007961245638937359
0.0005311082381980293
0.00025774424807246943
0.00013689668819342183
6.395554600690438e-5
4.2178646815804505e-5
0.00011012755672053024
0.00016544689220956906
0.00019652805042918805
0.00015702419497278522
0.0001962832510113148
0.00027772473247141493
0.0003859823946873885
0.00046072964109179326
0.0005100958760672717
0.0006996681072684613
0.0010942308823599593
0.0
0.0
0.0
0.0
0.0014078493975889902
0.001184582209566932
0.0009412167685761596
0.0007117440863650526
0.0004767861841152822
0.00022481610785818858
6.556161141471202e-5
0.0
0.0
1.2466852479172564e-6
2.6653467569507533e-6
4.397004437322647e-5
9.964535958473659e-5
0.00021617661433008528
0.0002931004989842446
0.00034763147630808785
0.0004923681964563648
0.000623696496533612
0.0007791966585507757
0.0011128394982216868
0.0
0.0
0.0
0.0
0.0014563106429700064
0.001192758627625892
0.0009272653106946751
0.0007568621857344566
0.0004623234319542571
0.000187280609561489
5.162545326246562e-5
0.0
0.0
1.28237938846243e-6
3.929785503004017e-5
8.758982124209454e-5
0.00014629952639421564
0.0001756208814654791
0.0002123027756984998
0.0002909048134416791
0.00033663659007742553
0.000396746271601534
0.0005097273542854488
0.0008062314968037839
0.0
0.0
0.0
0.0
0.0009981678692460925
0.0007067073564155338
0.0005622138231577757
0.0005158544452505437
0.00036686825396217313
0.0002134331795335047
7.799288007055172e-5
8.517839410413156e-7
0.0
1.3273271907194676e-6
0.0
2.035168145342377e-5
5.669017566600878e-5
7.460586060634692e-5
0.00014074945156218835
0.0002751450261151652
0.00039355707602347164
0.0005354294032626559
0.0006919299199390028
0.001003271468132991
0.0
0.0
0.0
0.0
0.001315209042915112
0.0010608665228139347
0.0007908973160342842
0.0005611843954675253
0.0003219885281440596
0.00012437916486415017
2.1941479416713575e-6
0.0
0.0
1.1183848782771034e-6
7.200901162027832e-7
1.0354022016384275e-5
0.0
6.0830652921170125e-5
0.0002133544145609899
0.00033765599837422435
0.00041910245529751494
0.000548671222969636
0.0007195380381821541
0.0009877021490943558
0.0
0.0
0.0
0.0
0.0011838135705809453
0.0009150620531132029
0.0006368568092708051
0.0004059288878847149
0.00025516515687817025
0.00012048897159906778
0.0
0.0
0.0
3.2796217180913963e-6
0.00014030395925117005
0.0002990021313898632
0.0002487964097303415
0.0002202553742409392
0.00025663241860558625
0.0003146664291230285
0.00039879394033393343
0.0004617740693206002
0.000590963177521961
0.0008787467576180191
0.0
0.0
0.0
0.0
0.0012689136126835829
0.001016971606789032
0.000770615801812828
0.0006158170483798065
0.0004468881145259162
0.0002148069867399733
6.207258321247842e-5
0.0
0.0
5.09752460677257e-6
4.152578297561906e-5
8.907939133089902e-5
9.924569485036934e-5
0.00014738418352515349
0.00019571366227697114
0.00034090858962998916
0.00045027537293356834
0.00047227242118119645
0.000558755680877211
0.0009824595961457267
0.0
0.0
0.0
0.0
0.001136853684001972
0.0008997047888081798
0.0007375278148528524
0.0006150225349018603
0.0004858548024419005
0.00032690507167976347
0.00020663057559400954
9.51262870908837e-5
7.978387705299661e-5
0.00018718471257486583
0.00025175446710712476
0.000313760821620357
0.000333964852046335
0.0004621507204069934
0.0005755427284329645
0.0006607817058470147
0.0007000756924023399
0.0007512196076286794
0.0008618619942947892
0.0011427403113235023
0.0
0.0
0.0
0.0
0.0013094996648125182
0.0010284583442610744
0.0008527905164499657
0.0008639792586206713
0.0008274078333070749
0.0006713146387866607
0.0005020817483560654
0.000358062773432698
0.00030974985017005724
0.000475884936819152
0.0006007373381202685
0.0006821837893616446
0.0005648035836618543
0.0005518959710447421
0.0005951540052429987
0.0007144144102623056
0.0007525453208374743
0.000803961749019995
0.0008606537384762421
0.0011062080164085536
0.0
0.0
0.0
0.0
0.0012515816908278872
0.001023976058944301
0.0008747320975634802
0.000790031401345104
0.0005980152196890817
0.00036453522101391987
0.0002239225891022545
0.00014577854558671854
0.00017518996724266928
0.00021382511023515838
0.00019475260137147944
0.00024554564577830177
0.00029171596006163464
0.000356624564660251
0.00043770017627745456
0.0005186924792844601
0.000572826853857697
0.0006781626120563968
0.0008394210924950029
0.0012014828911526203
0.0
0.0
0.0
0.0
0.0015128024270413788
0.0012118555036642938
0.0009745461399339557
0.0008770854860653737
0.0006838053412064031
0.00042654949336980196
0.00024681514837446164
0.00013688528525377286
0.000114093645875366
0.00014431817772624856
0.0001613366213475039
0.00021726425787532038
0.00023262044668861416
0.0002934368538378192
0.0003886835409825057
0.00046430287547626927
0.00046570162751877523
0.00047543862867990025
0.0005755578620230205
0.0008405760738302682
0.0
0.0
0.0
0.0
0.0010667912199100599
0.0008180493166914755
0.0006062447298418656
0.000563548029124276
0.0005111237232382861
0.00036736247626650257
0.00023521573692664963
0.00010998171314798815
7.656442365104143e-5
0.00015684512024939624
0.00020058623934714087
0.00025467545264290856
0.00024601339537976653
0.00032823691595847333
0.00041998140231004524
0.0005712709679943056
0.0006342164218662364
0.0006609768460891475
0.000729723135486347
0.0010197343449433733
0.0
0.0
0.0
0.0
0.0012282941575258847
0.0009725703488413267
0.000768410051989686
0.0006804152203448899
0.0005671284977223806
0.0004019812161824602
0.0002619827535909388
8.971368074614365e-5
3.4595196760895036e-5
9.526264716921662e-5
0.00014247244973013195
0.00019831669365011332
0.00014735520670783976
0.0001771247808409229
0.00020085261659317672
0.0002559159261481406
0.0002974536100453412
0.00035550098101669986
0.0004443703016438557
0.0006861893705689905
0.0
0.0
0.0
0.0
0.001002306124105599
0.000777186527860466
0.0005557502724130838
0.0005874613249355108
0.0005950268460783238
0.0005178425701698251
0.00045684742883331096
0.0003301509157566768
0.00020635501779450963
0.00023313269145776357
0.0002816514795762853
0.0002657759854574022
0.00029211691430651324
0.00037495035801590857
0.0003210490392901174
0.0003451095602314217
0.00039403185746770777
0.0004939772979952221
0.0005696676721410559
0.0008281322147241045
0.0
0.0
0.0
0.0
0.0011108116087073933
0.0008465601422934042
0.0005815119971185254
0.0004870345256741545
0.0003599645172464785
0.0002008210773270911
9.088138025170257e-5
0.0
0.0
6.124276850122039e-5
0.00011038898104163671
0.00016324543355770624
0.00018236487645619982
0.00021502244020548303
0.000254593373409626
0.0003764459027041708
0.0004961457604434054
0.0006453946504116216
0.0008597607468125828
0.0012775811261945865
0.0
0.0
0.0
0.0
0.001669585789330248
0.0013459033637959947
0.0010089453162768019
0.0006922303715320073
0.000504738187453386
0.0003258673168596172
0.00018714704138657792
8.857336658203737e-5
6.120429360611676e-5
0.00017454718768339977
0.00024631721502233026
0.000263608013831939
0.0002698523037548674
0.0003416723380027098
0.0004183443687632647
0.0006566515635304303
0.0008026397244154394
0.00093592507123325
0.001061299858763432
0.0013741769191797433
0.0
0.0
0.0
0.0
0.0015985886834363149
0.001282645012286594
0.0010017625779531873
0.0009057187632710587
0.0007482084588209621
0.0005258130323675722
0.0003244679908490413
0.00015285148659321086
0.00013267601773129023
0.00023830652316486362
0.0002687481800058234
0.0003267181395314162
0.00032964105474008604
0.00029122133812931386
0.000289162670251994
0.0003430653263110774
0.00039083717211848797
0.0004627940708092798
0.0005480023421153172
0.0009779248743333722
0.0
0.0
0.0
0.0
0.001436274036028102
0.0011511103964935445
0.0008763218231107689
0.0006482371074372353
0.00038598176105921557
0.00015407393166761273
1.3399642147501643e-5
0.0
0.0
1.3680385290646392e-6
0.0
2.9157784038905843e-5
0.00014073417099994207
0.00021004010994772761
0.00037250658938234207
0.0005427177879807046
0.0005809077860165527
0.0007116042749971122
0.00083320429612559
0.001173066976346343
0.0
0.0
0.0
0.0
0.0015048712726127122
0.0012171495868431308
0.0008825035073315167
0.0006584327955460881
0.0004863649731228353
0.0002530625723467674
0.00010283372314110888
0.0
0.0
9.131760366495507e-7
1.416660447625824e-5
4.234886765793767e-5
5.449319439123552e-5
0.0001341570702229526
0.00019916125721952216
0.00031193847631256566
0.00042914332988999504
0.0004978753631741448
0.0005159095342532429
0.0007536342226426905
0.0
0.0
0.0
0.0
0.0007197236305350461
0.0005289872567636366
0.0003828927546807401
0.0002866686668647415
0.00019556162475465932
0.00014531753056919478
6.137137960340447e-5
0.0
2.025078143685456e-5
0.0001268083913002685
0.00019711282853104915
0.0002323960332226242
0.0002168799400869013
0.0002927395033717606
0.0003808087360892856
0.00046587091448143
0.0005484615810610455
0.0006699175210521819
0.0007770825798849949
0.0010043911585286796
0.0
0.0
0.0
0.0
0.0013514474957241776
0.0011541872488779637
0.0008944374314615016
0.0007647944760725438
0.000653359536189014
0.00042386751302481157
0.0002786656112163592
0.00011639764433487267
5.646449246257016e-5
0.00010961993115852791
0.0001655031410804288
0.00021284645045157785
0.00024687863202714147
0.0003559123236006826
0.0005364623165233982
0.0007444497528242786
0.0007880980787759317
0.0009714269070957558
0.0011213129847670188
0.00139184793296196
0.0
0.0
0.0
0.0
0.0016236121458074358
0.0012664065351162095
0.0009681029255190931
0.0006901798172392942
0.00042194798510252727
0.0002028493726247835
6.318839575829329e-5
0.0
0.0
1.253332615416538e-6
5.863042429964296e-7
3.23850624220871e-5
6.529289257592365e-5
0.00013277219322642585
0.00026779859211692713
0.00041544896330156694
0.0005822903863646105
0.0007187605195000795
0.0008969847152033478
0.0011981475552166783
0.0
0.0
0.0
0.0
0.0014589113859520561
0.0010981785572819658
0.0007063630610863496
0.0004884369041986338
0.00021958708383224275
5.192625181211362e-5
0.0
0.0
0.0
0.0
0.0
0.0
0.0
0.0
0.0
4.121892053522582e-5
0.0001311198969207314
0.0001797765995000149
0.00023506232892654385
0.00045749770539475786
0.0
0.0
0.0
0.0
0.000944145605854987
0.00064492070468232
0.000400173707963483
0.00018019981018305267
9.583138768841375e-6
0.0
0.0
0.0
0.0
0.0
0.0
0.0
0.0
0.0
1.936907286232628e-5
8.007246748835196e-5
0.00015524447188423963
0.00021659401241451952
0.0002706267213426691
0.0005596725489875716
0.0
0.0
0.0
0.0
0.000710319337669424
0.0005293163237094898
0.00033644258271435897
0.00017137179044546998
7.834035228127929e-5
0.0
0.0
0.0
0.0
0.0
0.0
0.0
4.470063068718134e-7
0.0
0.0
1.2987451367312065e-6
0.0
5.71343873208326e-5
0.0001314824926550564
0.00029049453110295483
0.0
0.0
0.0
0.0
0.0005465336769550029
0.000325893757175569
0.00014774926623348518
7.622307631694215e-5
8.233481454053602e-6
0.0
0.0
0.0
0.0
1.2175494288532325e-6
8.870526510741278e-7
7.662767270693858e-6
1.854787938633209e-5
7.700228474359028e-5
0.00013533237510373954
0.0002487885285360406
0.0003664619340012717
0.0005142334298732191
0.0007386842888270749
0.0011901241473291058
0.0
0.0
0.0
0.0
0.0015145968173294927
0.0012508400295722715
0.0010276244191297094
0.0009655090519717568
0.0008765348611943955
0.0007344390591415079
0.0005929117540430798
0.00047934911386117977
0.0005068292442324165
0.0006703832638014209
0.0007861701792154207
0.0008283265698203426
0.000773982225870839
0.0007880760415649763
0.000818620683675682
0.0009462208054521411
0.0010195668155862918
0.0010907172829833303
0.00120859062157503
0.0015510667759597104
0.0
0.0
0.00015981251736795014
0.0004928988540378649
0.0017744243802882977
0.0014555556112224254
0.0011731118871460783
0.0010729350372005628
0.000971125883996844
0.0007743597568017031
0.0005575958456717269
0.0004425864643756696
0.0003907205401210299
0.0004118356332558566
0.0004429471971996047
0.0005137571020959332
0.000591763933435348
0.000724618924278455
0.0007947264720897028
0.0009831085834807582
0.001124788002049756
0.0012185340345710117
0.0013060743282967966
0.0016371309717286378
0.0
0.0
0.0003641966708579531
0.000551888846397366
0.0019094105669436171
0.0015572365927442934
0.0013021763710742503
0.0011472625850080234
0.0008868831220619126
0.0005121374830491138
0.00017774301765430942
2.4513794842661044e-5
2.8172029220194038e-5
0.00010999239903001861
0.0001684912089094844
0.000202547519682249
0.0002201273137352165
0.00029603698061623395
0.00029198946725816677
0.00038580764039713886
0.00044568962942235975
0.0005272221796621785
0.0005757284993873712
0.0007870799605578357
0.0
0.0
0.0
0.0
0.0010375621360063363
0.0007967560814248376
0.000555171862601071
0.0004497657028293071
0.00040391055629771135
0.00028896259119501956
0.00019016005556684806
0.00012886012762060905
0.0001410752977147685
0.00027192382156607963
0.00040783354443730044
0.00048311591923768364
0.00036053549871278146
0.00035665754031433946
0.0004008846554405012
0.0004544486740315307
0.00043305519587121335
0.00044118010841629374
0.00047960987226189887
0.0006972042817605637
0.0
0.0
0.0
0.0
0.0010212196248741733
0.0007328107188293187
0.0005869266031752184
0.0005270478482957699
0.00031651814026988437
0.0002285143292114
0.00021450615900422414
0.00030313407099072403
0.00038876973306964873
0.0004211153381178444
0.00044627813400789065
0.0004972082117999222
0.0004933186229958514
0.00046035651676977273
0.0005464081457535504
0.0006699312620049772
0.0007551439529882617
0.0008740430433555817
0.0009745897325295112
0.0012182482229043858
0.0
0.0
0.0
0.0
0.0014806583154680904
0.0011631122705451562
0.00104115526987611
0.0010290755100335648
0.0008293209145290895
0.0005749054955586968
0.00040976722345191334
0.000297270940753399
0.00021360504816874215
0.0002020438724074304
0.0001810002872091329
0.00020221086292961365
0.0002496949663558277
0.0002667418155725855
0.0004213093362951491
0.0005725196132290702
0.000662190786284426
0.0007573309613949938
0.0009011987821443679
0.0011430518630101095
0.0
0.0
0.0
0.0
0.0014706857968647313
0.0011613078583067287
0.0008853120010915913
0.0006430637683521283
0.00041325837329998663
0.00018700959539967238
5.236764730174041e-5
0.0
0.0
9.359762567606405e-7
0.0
3.8708685707854073e-5
0.00011239985994539643
0.00013695961738593835
0.00017696129729110994
0.0002226887104058649
0.00023952817381291025
0.0003439310746148593
0.0004976392271608113
0.0008604010082420142
0.0
0.0
0.0
0.0
0.001068248078904188
0.0007423307034302362
0.00044347238508604545
0.0003903259743367964
0.00024412520539439492
5.229667090831904e-5
0.0
0.0
0.0
0.0
0.0
0.0
4.405948599466049e-7
0.0
2.1204777099387e-5
9.444816249074108e-5
0.00012314166782986482
0.00022746870702294508
0.00042614961111280523
0.0007410535027868218
0.0
0.0
0.0
0.0
0.0010304918351961468
0.0007651519015487072
0.0003182030429052204
8.730438254581065e-5
9.59972239296524e-6
0.0
0.0
0.0
0.0
0.0
0.0
0.0
0.0
1.3528879349321886e-6
5.585128195603971e-6
0.00010386178016416809
0.00011283054764921211
0.00020725049340182116
0.00040375975231905244
0.0007240441457780431
0.0
0.0
0.0
0.0
0.0010549737220922257
0.0007669014413600791
0.00034212057619364186
9.56491603547264e-5
2.9997965658980296e-6
0.0
0.0
0.0
0.0
0.0
0.0
0.0
0.0
0.0
4.009849947373313e-6
5.539689107550752e-5
0.00014372993583456793
0.00024256924500322402
0.00029015224897080085
0.000556521230188406
0.0
0.0
0.0
0.0
0.0009623172430917873
0.0006942801921001524
0.0003611421813528928
9.84995669470129e-5
0.0
0.0
0.0
0.0
0.0
0.0
0.0
0.0
0.0
0.0
7.906544909870249e-7
1.3556562479917074e-6
2.5020436448577834e-5
0.00010669238026515876
0.00017595070817800877
0.0003776974980836779
0.0
0.0
0.0
0.0
0.0006988196842585818
0.0005288753932182814
0.00031739447975712056
0.00016383468455741424
1.19965947764489e-5
0.0
0.0
0.0
0.0
0.0
0.0
0.0
0.0
0.0
2.5152746458206306e-6
2.9069695707474183e-5
8.156731326324287e-5
0.00012598460081052223
0.00018214560010386982
0.00041329350609294106
0.0
0.0
0.0
0.0
0.000697588004084336
0.00048459020769414787
0.0002705249575898567
7.212613316202582e-5
0.0
0.0
0.0
0.0
0.0
0.0
0.0
0.0
0.0
0.0
0.0
1.152795405191286e-6
2.667198589501184e-5
0.00015269223180831552
0.00022280248686245804
0.00046827453413846373
0.0
0.0
0.0
0.0
0.0008002671818007409
0.0005150472653645456
0.00017087273927134588
1.4777460889824085e-5
0.0
0.0
0.0
0.0
0.0
0.0
0.0
0.0
0.0
0.0
1.173390193950545e-6
1.3876119662176185e-6
0.0
4.6181245027471624e-5
0.0001487109422062289
0.0002719790075401208
0.0
0.0
0.0
0.0
0.0006548440778497143
0.00032665262298440227
6.358570803798131e-5
0.0
0.0
0.0
0.0
0.0
0.0
0.0
0.0
0.0
0.0
0.0
0.0
3.558291544814873e-6
0.0
3.8949818624135685e-5
0.00010083725612955649
0.00023910642300312227
0.0
0.0
0.0
0.0
0.0005289743670563421
0.00025817936293471975
0.00012776074495577966
0.000104477433695096
6.523968015808876e-5
2.56342347491704e-6
0.0
0.0
0.0
0.0
0.0
0.0
1.1616487040508799e-6
0.0
1.745858017854103e-5
6.162990407418215e-5
7.312590112565038e-5
0.00016041156199970419
0.0002134016497372767
0.0003821933270014138
0.0
0.0
0.0
0.0
0.0006671070248907147
0.00047547815018366736
0.0002945160749863908
0.00020848992171886832
0.00012729949461229417
1.3848084934707493e-5
0.0
0.0
0.0
0.0
7.770905740546971e-7
0.0
0.0
0.0
0.0
2.0530362476952318e-5
6.318564096724346e-5
0.00014249921817665
0.00025420980411875274
0.0005905563804696331
0.0
0.0
0.0
0.0
0.0009926319590482901
0.0006695156336475339
0.0003315107795447942
0.0001438968806173389
5.455745017822579e-5
0.0
0.0
0.0
0.0
0.0
5.868802224641842e-7
0.0
0.0
0.0
0.0
8.721024745460615e-5
0.00014046025148580938
0.00024473754201299484
0.0004056462506090598
0.0007146441980618889
0.0
0.0
0.0
0.0
0.0011586490461577888
0.0008932834704086956
0.0005258906941016749
0.00028350179874877054
8.842923084149685e-5
0.0
0.0
0.0
0.0
0.0
0.0
0.0
0.0
0.0
0.0
3.6996828202383006e-5
8.377686062239646e-5
0.0001663083446071428
0.00026176247400189315
0.0005296641264845371
0.0
0.0
0.0
0.0
0.0008455547020365865
0.0005880695267301806
0.0003166516855277401
0.00020121608393319657
0.00013125110265026346
4.8300041358509006e-5
0.0
0.0
0.0
1.2610943711382297e-6
0.0
0.0
5.44664827449234e-6
1.6312635881047652e-5
7.617949190334364e-5
0.00016642698497200376
0.00023588793582967913
0.00036364463166374013
0.0005559825390425959
0.0009144700675974101
0.0
0.0
0.0
0.0
0.00120963852666206
0.0009350381683092422
0.0005386438624321628
0.0003316961787125909
0.0001897974122938378
8.896919254863312e-5
0.0
0.0
0.0
1.0601734068894067e-6
4.785183124570473e-7
0.0
0.0
1.0683421098553682e-5
6.94812531054872e-5
0.00017805649257429947
0.00026852365801526516
0.0003741983620205829
0.0005777422985111234
0.0008993563643369801
0.0
0.0
0.0
0.0
0.0012643884061841588
0.0009362196260406168
0.0006526602856907237
0.00045528485829212826
0.0002962088699904596
0.00011533164234994192
0.0
0.0
0.0
7.695126544061042e-7
0.0
0.0
0.0
0.0
0.0
4.398969375011465e-5
9.814617458850883e-5
0.00013768521586906868
0.00017799431168993165
0.00042428429386392644
0.0
0.0
0.0
0.0
0.0004479278922023473
0.00017066722082285636
9.149137979467208e-5
9.960046242159615e-5
3.921691697141927e-5
0.0
0.0
0.0
0.0
0.0
0.0
0.0
0.0
9.767856779249694e-7
0.0
1.1446472565512761e-5
5.152074109789467e-5
0.00014474615506211648
0.0002177106980243873
0.000532127362115004
0.0
0.0
0.0
0.0
0.0008418240374246815
0.0005882956406038039
0.0002463384312913292
5.751462226537003e-5
0.0
0.0
0.0
0.0
0.0
0.0
0.0
0.0
0.0
0.0
0.0
1.1235018031476366e-6
0.0
8.873664232529484e-7
9.103490275185675e-7
8.021322466779144e-5
0.0
0.0
0.0
0.0
3.1819827861985475e-5
0.0
0.0
0.0
0.0
0.0
0.0
0.0
0.0
0.0
0.0
0.0
0.0
0.0
0.0
0.0
0.0
0.0
1.7178020618055995e-6
1.0065956731982933e-6
0.0
0.0
0.0
0.0
5.8239942154759194e-5
0.0
0.0
0.0
0.0
0.0
0.0
0.0
0.0
0.0
8.347851558974817e-7
0.0
0.0
0.0
0.0
8.758009296153589e-7
0.0
6.151185829327125e-5
0.00010298554446657137
0.0
0.0
0.0
0.0
0.00043224649247452216
0.000260895656929981
0.0002077067754792079
0.00016966663509914738
3.650435596562006e-5
0.0
0.0
0.0
0.0
0.0
0.0
0.0
0.0
0.0
0.0
5.562928848375346e-7
8.18398495247437e-7
1.3231440250602255e-6
7.593742525910126e-5
0.0002575409816508192
0.0
0.0
0.0
0.0
0.0005401553849482875
0.0003450970305681137
0.00018744565677419124
9.787259693623601e-5
1.2613542808503094e-5
0.0
0.0
0.0
0.0
0.0
0.0
0.0
0.0
0.0
0.0
0.0
7.978047994991439e-7
1.1036755321601872e-6
9.817122065732402e-7
8.89952809457362e-5
0.0
0.0
0.0
0.0
0.00019094074267388323
9.166144521750207e-5
1.3305193641889553e-5
4.444396780101345e-5
2.386401656618204e-5
0.0
0.0
1.7500344466566386e-6
0.0
1.6172305223995106e-6
3.2000009460211853e-6
0.0
0.0
4.756509048187833e-5
0.00012198009376912565
0.00020969951449191328
0.00025822723259146674
0.0003429803737335976
0.00042994943049632083
0.0006305869238379228
0.0
0.0
0.0
0.0
0.000781762002163379
0.0005556624893898615
0.0003898426842254939
0.00025741491521301434
0.000154734412000639
6.504313841490835e-5
0.0
0.0
0.0
1.4779499115687964e-6
8.627006858895871e-7
0.0
0.0
0.0
0.0
1.780692176954686e-5
5.9732947746918526e-5
0.0001195509336220106
0.00020262734669929515
0.0003911227384211032
0.0
0.0
0.0
0.0
0.0007382698746947749
0.0005363017569815209
0.00034502414912343613
0.0002491533922065657
0.00016213228380327447
8.470223742823299e-5
0.0
0.0
0.0
1.382247895109098e-6
4.974724771730115e-5
0.00017531140348829222
0.00017555339708205295
0.00019544031758319565
0.0002138822486097438
0.0002853792552187278
0.0003276054096018036
0.0004129340927989657
0.0005509110233704043
0.0008503996490925924
0.0
0.0
0.0
0.0
0.0009888765856838984
0.0007123249036989666
0.0005035827235341766
0.0004446192798257983
0.00033146063286078396
0.00021511077323803544
9.700040164808897e-5
0.0
0.0
4.50304320489022e-5
8.243136623523522e-5
6.130129513799236e-5
0.0
5.414445690336227e-6
6.479533604836648e-5
0.00014299775134956266
0.00018217204458655895
0.0003339612360759036
0.0005427680480189106
0.0008452038419180084
0.0
0.0
0.0
0.0
0.001098814218633362
0.0008378495234110193
0.0006914302479210133
0.0006978058452797447
0.0005981458510717495
0.0004038018242448722
0.00022581673202951946
0.00010073483990355453
5.587989401337786e-5
6.652091227140725e-5
9.145603579548329e-5
0.00015567135317878726
0.00018542263722887432
0.00017536364897684556
0.00021095042103397752
0.0002918656015205729
0.00036496023059111007
0.00044391421890697166
0.0005897083277311864
0.0009116598854564215
0.0
0.0
0.0
0.0
0.0012730275195921774
0.0009538922857787851
0.0007732857491885424
0.0007061853078815907
0.0004958055718126742
0.0002559221702881557
0.00010594408887813177
6.5257296650112736e-6
0.0
1.5714719289262733e-5
3.8892645712979525e-5
5.8342724419167514e-5
7.987635416153001e-5
9.006579078175833e-5
0.00013982801992744347
0.0001904676041552446
0.00026559912649129773
0.0004536996503404144
0.0006604094956503496
0.0009929557372680628
0.0
0.0
0.0
0.0
0.0013538671996502734
0.0010601546404725728
0.0008264093923167183
0.000618896820794821
0.0004422763224667654
0.0002299942089558955
6.247129436059348e-5
0.0
0.0
1.2623113756847336e-6
8.538891485338805e-7
7.87906849016802e-6
0.0
1.7057909896812876e-5
7.709999257532617e-5
0.00014594262289660393
0.00017533477765374565
0.00023139749459803564
0.0003348604540762457
0.0006279343868901308
0.0
0.0
0.0
0.0
0.001246044009766711
0.0010033831177542626
0.0007163378295384806
0.0005151022243460997
0.0003772866667773077
0.0001905356490595429
4.6862191957688595e-5
0.0
0.0
1.2274249363412202e-6
9.838245160802214e-7
0.0
0.0
0.0
4.323439256614476e-5
0.00010737301775830832
0.00018481482009982079
0.00033399794749412227
0.00048470836519096897
0.0008389728883008596
0.0
0.0
0.0
0.0
0.0012211866354403425
0.0009634467669876227
0.0007180889824453987
0.0005142548649906274
0.0003063577159221167
0.00010710582297946464
0.0
0.0
0.0
1.0489982817110605e-6
9.010112869182866e-7
0.0
0.0
0.0
0.0
3.5142250397049292e-6
0.00010640565750353168
0.00023199005843803282
0.00031984212714966724
0.0006061485207287355
0.0
0.0
0.0
0.0
0.0010163158797563364
0.0008699378653829414
0.0005545006230893163
0.0002923936697589056
0.0001456140541599597
3.428170743725152e-5
0.0
0.0
0.0
0.0
0.0
0.0
0.0
0.0
0.0
8.219157038708988e-7
5.712612238896149e-6
0.000123721625395406
0.00022314028141848575
0.0005386848026152991
0.0
0.0
0.0
0.0
0.0009747328296539479
0.0007965807907618528
0.00045064735481196625
0.00020272189650397417
7.076352820998362e-5
0.0
0.0
0.0
0.0
0.0
0.0
0.0
0.0
0.0
0.0
7.618685295624516e-7
9.091785650494716e-7
4.7740689852751624e-5
0.00013976213235140827
0.0002596488776359607
0.0
0.0
0.0
0.0
0.0006772926800642197
0.0004737744997871168
0.00029734143020674177
0.0001614044745818841
3.415926756664875e-5
0.0
0.0
0.0
0.0
0.0
0.0
0.0
0.0
0.0
0.0
0.0
0.0
9.202135700478208e-7
1.0739441206063034e-6
0.00010326069430460527
0.0
0.0
0.0
0.0
0.0004681045033184934
0.00029016859053589426
0.00018644737743430417
0.00014372119619767435
0.00010678174144015235
1.944015627460854e-5
0.0
0.0
0.0
0.0
0.0
0.0
0.0
0.0
0.0
1.4159482698249046e-6
7.855017126673728e-6
9.729336419359665e-5
0.00016301419980556392
0.0002719772724728087
0.0
0.0
0.0
0.0
0.0007896663460046609
0.0005992256606772732
0.0002715751236053921
0.00011975077309158745
3.693974499918802e-5
0.0
0.0
0.0
0.0
0.0
0.0
0.0
0.0
0.0
0.0
0.0
2.279916129577966e-6
8.067500307894706e-6
9.838257822001845e-5
0.00024536674776245586
0.0
0.0
0.0
0.0
0.0004178452995017125
0.0002290675771382389
0.00010936398174090255
3.468933886926402e-5
0.0
0.0
0.0
0.0
0.0
0.0
0.0
0.0
0.0
0.0
0.0
3.123644298451628e-6
4.794672384975951e-5
0.0001462957874103338
0.00022670172365216488
0.0004797920761103393
0.0
0.0
0.0
0.0
0.0009140008708123049
0.0006993199223846593
0.0004404818406998266
0.0003501670518967739
0.00027341256613898634
0.0001743278885087129
9.092496031863646e-5
0.0
0.0
1.2418385075543146e-6
8.727467207968783e-7
0.0
0.0
1.8962366550173975e-6
1.7179205212014813e-5
7.632482184974845e-5
0.00016811798837371056
0.00026240353033117256
0.00035695383975357464
0.0006328270081450225
0.0
0.0
0.0
0.0
0.0008315003382427627
0.0006273133923595084
0.00039002067408199463
0.00028997281240415246
0.00017990236621682625
9.783763763107308e-5
0.0
0.0
0.0
1.0704689508588586e-6
0.0
0.0
0.0
0.0
0.0
3.783691321097007e-6
6.358260596831305e-5
0.0001714549215905363
0.00024234013079461295
0.00046760399198702375
0.0
0.0
0.0
0.0
0.0006304083597292564
0.0004458372984046555
0.00018720674306222239
5.7051174289907444e-5
5.613265812128653e-7
0.0
0.0
0.0
0.0
0.0
0.0
0.0
0.0
0.0
0.0
0.0
0.0
0.0
0.0
1.4233011739139603e-6
0.0
0.0
0.0
0.0
0.0
0.0
0.0
0.0
0.0
0.0
0.0
0.0
0.0
0.0
0.0
0.0
0.0
0.0
0.0
0.0
0.0
0.0
1.0760367062938458e-6
1.521627652508075e-6
0.0
0.0
0.0
0.0
0.0002572672574051505
0.0002469355047722208
0.00016750495269022154
0.0001444952363169515
8.597204591973348e-5
1.244839766800328e-5
0.0
0.0
0.0
0.0
0.0
0.0
0.0
0.0
0.0
1.1173605455596468e-6
0.0
3.328131507856515e-5
0.00010396871142888337
0.00023829558850967366
0.0
0.0
0.0
0.0
0.00034911421055176394
0.00018437668397419722
5.679967238144073e-5
7.288399481556728e-6
0.0
0.0
0.0
0.0
0.0
0.0
0.0
0.0
0.0
0.0
0.0
0.0
0.0
2.2565937898143023e-6
1.763038764796817e-5
0.0001960860313778469
0.0
0.0
0.0
0.0
0.0005207765359447422
0.0003534449836392272
0.00015154938552739135
2.1232938306273987e-5
0.0
0.0
0.0
0.0
0.0
0.0
0.0
0.0
0.0
0.0
0.0
0.0
0.0
0.0
1.0518431453115895e-6
3.71148796178592e-5
0.0
0.0
0.0
0.0
0.000453511403397036
0.0002601848047197303
6.347807126887378e-5
0.0
0.0
0.0
0.0
0.0
0.0
0.0
0.0
0.0
0.0
0.0
0.0
0.0
0.0
4.406196894397765e-6
1.1282463126096906e-6
0.00013010350789863578
0.0
0.0
0.0
0.0
0.00032037974602349957
0.0001809538227845573
2.9494286679078397e-5
0.0
0.0
0.0
0.0
0.0
0.0
0.0
0.0
3.2559027267126617e-7
0.0
9.463341418444508e-7
3.041910441293097e-6
8.229908774129289e-5
0.00013037246047244982
0.00017482800968204886
0.00023620988712452114
0.0004288646256356042
0.0
0.0
0.0
0.0
0.0007642155198497467
0.0005291860172376368
0.0002648515509308078
0.00014051783901574146
2.6878203825064153e-5
0.0
0.0
0.0
0.0
0.0
0.0
0.0
0.0
0.0
0.0
0.0
0.0
2.1599355440651652e-6
3.069865459076276e-5
0.00017699394822378084
0.0
0.0
0.0
0.0
0.0003629837660969061
0.00018641254095319451
5.123973363208421e-5
1.7331168386474507e-6
0.0
0.0
0.0
0.0
0.0
0.0
0.0
0.0
0.0
0.0
0.0
0.0
1.8290919051936546e-6
1.002412520796852e-6
1.2308506308175596e-6
0.00010674866502677886
0.0
0.0
0.0
0.0
0.0004480039719967356
0.0002766413060431726
7.691239926046002e-5
0.0
0.0
0.0
0.0
0.0
0.0
0.0
0.0
0.0
0.0
0.0
0.0
0.0
0.0
0.0
4.2196530793426665e-6
3.810606104377824e-5
0.0
0.0
0.0
0.0
0.000167209711223479
6.97895763471763e-5
0.0
0.0
0.0
0.0
0.0
0.0
0.0
0.0
0.0
0.0
0.0
0.0
0.0
0.0
0.0
0.0
1.2164156018540973e-6
1.4394666413230966e-6
0.0
0.0
0.0
0.0
0.00022011223469154025
0.00011837893656248833
0.0
0.0
0.0
0.0
0.0
0.0
0.0
0.0
0.0
0.0
0.0
0.0
0.0
0.0
0.0
0.0
0.0
3.7018790497294866e-6
0.0
0.0
0.0
0.0
2.8465868333601914e-6
0.0
0.0
0.0
0.0
0.0
0.0
0.0
0.0
0.0
0.0
0.0
0.0
0.0
0.0
0.0
2.9063078720225114e-6
1.2310110208489857e-6
1.9549977768277238e-5
0.00018254934852493607
0.0
0.0
0.0
0.0
0.0003807363180994396
0.00021313763029638967
7.770390535784426e-5
1.5795973584308808e-5
0.0
0.0
0.0
0.0
0.0
0.0
0.0
0.0
0.0
0.0
0.0
1.228451336328594e-6
2.5800090877110023e-6
8.414114148000452e-7
3.8554646087185173e-5
0.0001944614098787428
0.0
0.0
0.0
0.0
0.0006181855286149856
0.0003122619685426386
0.0001023454000845802
2.0608868193175155e-5
0.0
0.0
0.0
0.0
0.0
0.0
0.0
0.0
0.0
0.0
0.0
0.0
0.0
9.015578993158953e-7
1.0790488066328562e-6
0.00012085197216980581
0.0
0.0
0.0
0.0
0.00047551139525520505
0.00029924398520852553
0.00011168004101106666
8.193917862451274e-6
0.0
0.0
0.0
0.0
0.0
0.0
0.0
0.0
0.0
0.0
0.0
0.0
0.0
0.0
0.0
3.901578079423932e-6
0.0
0.0
0.0
0.0
0.00022173465586922768
0.00015804982525013223
3.785439808144308e-5
1.0929253753651504e-6
0.0
0.0
0.0
0.0
0.0
0.0
0.0
0.0
0.0
0.0
1.6511679750006886e-6
8.459925561498503e-7
0.0
6.681551236363328e-5
0.00015142353850618743
0.0003201492861481215
0.0
0.0
0.0
0.0
0.000530412259251449
0.0004113160418658687
0.00015309024045398324
2.476006044070927e-5
0.0
0.0
0.0
0.0
0.0
0.0
0.0
0.0
0.0
0.0
0.0
0.0
9.406293899566992e-7
8.142344484731296e-7
4.5796040405826685e-6
0.00013946716153319632
0.0
0.0
0.0
0.0
0.0002355622461191468
0.00012294873870478625
1.206580218152821e-5
0.0
0.0
0.0
0.0
0.0
0.0
0.0
0.0
0.0
0.0
0.0
0.0
0.0
5.470218328685447e-7
9.680395153525084e-6
0.0001171190075188836
0.00023169116624648147
0.0
0.0
0.0
0.0
0.0005636530097877199
0.0003328048464781124
7.671867061424279e-5
0.0
0.0
0.0
0.0
0.0
0.0
0.0
0.0
0.0
0.0
0.0
0.0
0.0
6.650963068798358e-7
1.022768905890673e-6
9.009166166570188e-7
6.740769638658131e-5
0.0
0.0
0.0
0.0
0.00024922269953758254
0.00016767725769649785
2.0683508474507455e-5
0.0
0.0
0.0
0.0
0.0
0.0
0.0
0.0
0.0
0.0
0.0
0.0
0.0
0.0
0.0
0.0
9.65862392246044e-7
0.0
0.0
0.0
0.0
9.216501598534102e-5
0.0
3.0912236338915034e-7
0.0
0.0
0.0
0.0
0.0
0.0
0.0
0.0
0.0
0.0
0.0
0.0
0.0
0.0
0.0
0.0
0.0
0.0
0.0
0.0
0.0
6.220206467033611e-7
0.0
0.0
0.0
0.0
0.0
0.0
0.0
0.0
0.0
0.0
0.0
0.0
0.0
0.0
0.0
0.0
0.0
0.0
1.8830575375104469e-6
0.0
0.0
0.0
0.0
5.356021840345787e-6
0.0
0.0
0.0
0.0
0.0
0.0
0.0
0.0
0.0
0.0
0.0
0.0
0.0
0.0
0.0
0.0
0.0
0.0
0.0
0.0
0.0
0.0
0.0
1.7454625622820482e-6
0.0
0.0
0.0
0.0
0.0
0.0
0.0
0.0
0.0
0.0
0.0
0.0
0.0
0.0
0.0
0.0
0.0
0.0
1.0632263933386666e-6
0.0
0.0
0.0
0.0
7.965652468428663e-5
0.0
0.0
0.0
0.0
0.0
0.0
0.0
0.0
0.0
0.0
0.0
0.0
0.0
0.0
0.0
0.0
0.0
0.0
2.3454591902992002e-6
0.0
0.0
0.0
0.0
0.0002051699278992471
9.55247488692382e-5
0.0
0.0
0.0
0.0
0.0
0.0
0.0
0.0
0.0
0.0
0.0
0.0
0.0
0.0
0.0
9.646176959419046e-6
0.00011451678667085461
0.00030053450416499
0.0
0.0
0.0
0.0
0.0006686178365046283
0.00036452915045639484
6.903083842877006e-5
0.0
0.0
0.0
0.0
0.0
0.0
0.0
0.0
0.0
0.0
0.0
0.0
0.0
0.0
1.4214993194840747e-6
1.1102345695625719e-6
1.0603396701265252e-5
0.0
0.0
0.0
0.0
0.0002322944724088605
8.349626605184784e-5
0.0
0.0
0.0
0.0
0.0
0.0
0.0
0.0
0.0
0.0
0.0
0.0
0.0
0.0
0.0
0.0
0.0
0.0
0.0
0.0
0.0
0.0
5.211361091846125e-7
0.0
0.0
0.0
0.0
0.0
0.0
0.0
0.0
0.0
0.0
0.0
0.0
0.0
0.0
0.0
0.0
0.0
0.0
0.0
0.0
0.0
0.0
0.0
1.2045631204882646e-6
0.0
0.0
0.0
0.0
0.0
0.0
0.0
0.0
0.0
0.0
0.0
0.0
0.0
0.0
0.0
0.0
0.0
0.0
0.0
0.0
0.0
0.0
0.0
1.919095539949421e-5
0.0
0.0
0.0
0.0
0.0
0.0
0.0
0.0
0.0
0.0
0.0
0.0
0.0
0.0
0.0
0.0
0.0
0.0
0.0
0.0
0.0
0.0
0.0
1.1749200106217048e-5
0.0
0.0
0.0
0.0
0.0
0.0
0.0
0.0
0.0
0.0
0.0
0.0
0.0
0.0
0.0
0.0
0.0
0.0
0.0
0.0
0.0
0.0
0.0
4.322757723272796e-6
0.0
0.0
0.0
0.0
0.0
0.0
0.0
0.0
0.0
0.0
0.0
0.0
0.0
0.0
0.0
0.0
0.0
0.0
0.0
0.0
0.0
0.0
0.0
7.318243265282019e-7
0.0
0.0
0.0
0.0
0.0
0.0
0.0
0.0
0.0
0.0
0.0
0.0
0.0
0.0
0.0
0.0
0.0
0.0
0.0
0.0
0.0
0.0
0.0
0.0
0.0
0.0
0.0
0.0
0.0
0.0
0.0
0.0
0.0
0.0
0.0
0.0
0.0
0.0
0.0
0.0
0.0
0.0
0.0
0.0
0.0
0.0
0.0
6.961086381743147e-7
0.0
0.0
0.0
0.0
0.0
0.0
0.0
0.0
0.0
0.0
0.0
0.0
0.0
0.0
0.0
0.0
0.0
0.0
0.0
0.0
0.0
0.0
0.0
4.0645579758066713e-7
0.0
0.0
0.0
0.0
0.0
0.0
0.0
0.0
0.0
0.0
0.0
0.0
0.0
0.0
0.0
0.0
0.0
0.0
0.0
0.0
0.0
0.0
0.0
0.0
0.0
0.0
0.0
0.0
0.0
0.0
0.0
0.0
0.0
0.0
0.0
0.0
0.0
0.0
0.0
0.0
0.0
0.0
0.0
0.0
0.0
0.0
0.0
0.0
0.0
0.0
0.0
0.0
0.0
0.0
0.0
0.0
0.0
0.0
0.0
0.0
0.0
0.0
0.0
0.0
0.0
0.0
1.0597798036215012e-6
0.0
0.0
0.0
0.0
4.270350872133662e-5
0.0
0.0
0.0
0.0
0.0
0.0
0.0
0.0
0.0
0.0
0.0
0.0
0.0
0.0
0.0
0.0
3.700369995721147e-6
1.4197070419211942e-6
0.00010433431336950803
0.0
0.0
0.0
0.0
0.00040872294437336383
0.00021151314658371384
5.926738241546184e-5
1.1956452798141011e-5
0.0
0.0
0.0
0.0
0.0
1.0119183004219508e-6
9.853282376117394e-7
0.0
0.0
0.0
0.0
1.1019770469080752e-6
0.0
1.4077166320792104e-5
7.302882948841888e-5
0.0001882530913046606
0.0
0.0
0.0
0.0
0.0004948288239933461
0.00024385997570570476
3.668476650712412e-5
0.0
0.0
0.0
0.0
0.0
0.0
0.0
0.0
0.0
0.0
0.0
0.0
0.0
0.0
7.968579024702885e-7
4.574599752092571e-6
8.350980850695774e-5
0.0
0.0
0.0
0.0
0.00013716073642267604
3.01616587672724e-5
0.0
0.0
0.0
0.0
0.0
0.0
0.0
0.0
0.0
0.0
0.0
0.0
2.735318887123898e-6
0.0
0.0
6.506881535616797e-5
0.00013020390638207588
0.0002733281308998279
0.0
0.0
0.0
0.0
0.0005495547077485377
0.00026855521820973605
6.139713095880521e-5
1.8395650942220911e-6
0.0
0.0
0.0
0.0
0.0
0.0
0.0
0.0
0.0
0.0
0.0
0.0
0.0
0.0
0.0
4.432666332055659e-6
0.0
0.0
0.0
0.0
8.94393648805904e-5
2.253150777809344e-5
0.0
0.0
0.0
0.0
0.0
0.0
0.0
0.0
0.0
0.0
0.0
0.0
0.0
0.0
0.0
0.0
0.0
1.112034139862801e-6
0.0
0.0
0.0
0.0
8.734230727059646e-5
0.0
0.0
0.0
0.0
0.0
0.0
0.0
0.0
0.0
0.0
0.0
0.0
0.0
0.0
0.0
0.0
0.0
0.0
0.0
0.0
0.0
0.0
0.0
1.4281217452723716e-5
0.0
0.0
0.0
0.0
0.0
0.0
0.0
0.0
0.0
0.0
0.0
0.0
0.0
0.0
0.0
0.0
0.0
0.0
0.0
0.0
0.0
0.0
0.0
0.0
0.0
0.0
0.0
0.0
0.0
0.0
0.0
0.0
0.0
0.0
0.0
0.0
0.0
0.0
0.0
0.0
0.0
0.0
0.0
0.0
0.0
0.0
0.0
1.8766803867162726e-6
0.0
0.0
0.0
0.0
0.0
0.0
0.0
0.0
0.0
0.0
0.0
0.0
0.0
0.0
0.0
0.0
0.0
0.0
0.0
0.0
0.0
0.0
0.0
8.868862085726046e-6
0.0
0.0
0.0
0.0
0.0
0.0
0.0
0.0
0.0
0.0
0.0
0.0
0.0
0.0
0.0
0.0
0.0
0.0
0.0
0.0
0.0
0.0
0.0
0.0
0.0
0.0
0.0
0.0
0.0
0.0
0.0
0.0
0.0
0.0
0.0
0.0
0.0
0.0
0.0
0.0
0.0
0.0
0.0
0.0
0.0
0.0
0.0
0.0
0.0
0.0
0.0
0.0
0.0
0.0
0.0
0.0
0.0
0.0
0.0
0.0
0.0
0.0
0.0
0.0
0.0
0.0
0.0
0.0
0.0
0.0
0.0
0.0
0.0
0.0
0.0
0.0
0.0
0.0
0.0
0.0
0.0
0.0
0.0
0.0
0.0
0.0
0.0
0.0
0.0
0.0
0.0
0.0
0.0
0.0
0.0
1.6745889859457635e-6
0.0
0.0
0.0
0.0
0.0
0.0
0.0
0.0
0.0
0.0
0.0
0.0
0.0
0.0
0.0
0.0
0.0
0.0
0.0
0.0
0.0
0.0
0.0
6.427437825262341e-5
0.0
0.0
0.0
0.0
0.0
0.0
0.0
0.0
0.0
0.0
0.0
0.0
0.0
0.0
0.0
0.0
0.0
0.0
0.0
0.0
0.0
0.0
0.0
6.813980348391016e-7
0.0
0.0
0.0
0.0
0.0
0.0
0.0
0.0
0.0
0.0
0.0
0.0
0.0
0.0
0.0
0.0
0.0
0.0
0.0
0.0
0.0
0.0
0.0
1.2592448653318147e-6
0.0
0.0
0.0
0.0
0.0
0.0
0.0
0.0
0.0
0.0
0.0
0.0
0.0
0.0
0.0
0.0
0.0
0.0
0.0
0.0
0.0
0.0
0.0
0.0
0.0
0.0
0.0
0.0
0.0
0.0
0.0
0.0
0.0
0.0
0.0
0.0
0.0
0.0
0.0
0.0
0.0
0.0
0.0
0.0
0.0
0.0
0.0
8.085593578839997e-6
0.0
0.0
0.0
0.0
0.0
0.0
0.0
0.0
0.0
0.0
0.0
0.0
0.0
0.0
0.0
0.0
0.0
0.0
1.0238482471170395e-6
0.0
0.0
0.0
0.0
7.483381059066294e-5
0.0
0.0
0.0
0.0
0.0
0.0
0.0
0.0
0.0
0.0
0.0
0.0
0.0
0.0
0.0
0.0
0.0
0.0
4.3263253491341e-6
0.0
0.0
0.0
0.0
0.00013445015180457048
2.746077571525716e-6
0.0
0.0
0.0
0.0
0.0
0.0
0.0
0.0
0.0
0.0
0.0
0.0
0.0
0.0
0.0
0.0
0.0
0.0
0.0
0.0
0.0
0.0
4.5517630181044925e-5
0.0
0.0
0.0
0.0
0.0
0.0
0.0
0.0
0.0
0.0
0.0
0.0
0.0
0.0
0.0
0.0
0.0
0.0
0.0
0.0
0.0
0.0
0.0
1.1241381775793117e-6
0.0
0.0
0.0
0.0
0.0
0.0
0.0
0.0
0.0
0.0
0.0
0.0
0.0
0.0
0.0
0.0
0.0
0.0
0.0
0.0
0.0
0.0
0.0
4.965859026636659e-7
0.0
0.0
0.0
0.0
0.0
0.0
0.0
0.0
0.0
0.0
0.0
0.0
0.0
0.0
0.0
0.0
0.0
0.0
0.0
0.0
0.0
0.0
0.0
0.0
0.0
0.0
0.0
0.0
0.0
0.0
0.0
0.0
0.0
0.0
0.0
0.0
0.0
0.0
0.0
0.0
0.0
0.0
0.0
0.0
0.0
0.0
0.0
0.0
0.0
0.0
0.0
0.0
0.0
0.0
0.0
0.0
0.0
0.0
0.0
0.0
0.0
0.0
0.0
0.0
0.0
0.0
9.802116356633508e-7
0.0
0.0
0.0
0.0
9.815675109368383e-5
0.0
0.0
0.0
0.0
0.0
0.0
0.0
0.0
0.0
0.0
0.0
0.0
0.0
0.0
0.0
0.0
0.0
0.0
1.1726707641326645e-6
0.0
0.0
0.0
0.0
0.00018374762273476342
3.22406603607409e-5
0.0
0.0
0.0
0.0
0.0
0.0
0.0
0.0
0.0
0.0
0.0
0.0
0.0
0.0
0.0
0.0
0.0
1.082943688045649e-6
0.0
0.0
0.0
0.0
9.674589089123234e-5
0.0
0.0
0.0
0.0
0.0
0.0
0.0
0.0
0.0
0.0
0.0
0.0
0.0
0.0
0.0
0.0
0.0
0.0
1.2075040576882614e-6
0.0
0.0
0.0
0.0
8.476200134925155e-5
0.0
0.0
0.0
0.0
0.0
0.0
0.0
0.0
0.0
0.0
0.0
0.0
0.0
0.0
0.0
0.0
0.0
0.0
0.0
0.0
0.0
0.0
0.0
0.0
0.0
0.0
0.0
0.0
0.0
0.0
0.0
0.0
0.0
0.0
0.0
0.0
0.0
0.0
0.0
0.0
0.0
0.0
0.0
0.0
0.0
0.0
0.0
6.620127489839386e-7
0.0
0.0
0.0
0.0
0.0
0.0
0.0
0.0
0.0
0.0
0.0
0.0
0.0
0.0
0.0
0.0
0.0
0.0
0.0
0.0
0.0
0.0
0.0
0.0
0.0
0.0
0.0
0.0
0.0
0.0
0.0
0.0
0.0
0.0
0.0
0.0
0.0
0.0
0.0
0.0
0.0
0.0
0.0
0.0
0.0
0.0
0.0
0.0
0.0
0.0
0.0
0.0
0.0
0.0
0.0
0.0
0.0
0.0
0.0
0.0
0.0
0.0
0.0
0.0
0.0
0.0
0.0
0.0
0.0
0.0
0.0
0.0
0.0
0.0
0.0
0.0
0.0
0.0
0.0
0.0
0.0
0.0
0.0
0.0
0.0
0.0
0.0
0.0
0.0
0.0
0.0
0.0
0.0
0.0
0.0
0.0
0.0
0.0
0.0
0.0
0.0
0.0
0.0
0.0
0.0
0.0
0.0
0.0
0.0
0.0
0.0
0.0
0.0
0.0
0.0
0.0
0.0
0.0
0.0
5.295796099940004e-7
0.0
0.0
0.0
0.0
0.0
0.0
0.0
0.0
0.0
0.0
0.0
0.0
0.0
0.0
0.0
0.0
0.0
0.0
0.0
0.0
0.0
0.0
0.0
0.0
0.0
0.0
0.0
0.0
0.0
0.0
0.0
0.0
0.0
0.0
0.0
0.0
0.0
0.0
0.0
0.0
0.0
0.0
0.0
0.0
0.0
0.0
0.0
0.0
0.0
0.0
0.0
0.0
0.0
0.0
0.0
0.0
0.0
0.0
0.0
0.0
0.0
0.0
0.0
0.0
0.0
0.0
0.0
0.0
0.0
0.0
0.0
0.0
0.0
0.0
0.0
0.0
0.0
0.0
0.0
0.0
0.0
0.0
0.0
0.0
0.0
0.0
0.0
0.0
0.0
0.0
0.0
0.0
0.0
0.0
0.0
0.0
0.0
0.0
0.0
0.0
0.0
0.0
0.0
0.0
0.0
0.0
0.0
0.0
0.0
0.0
0.0
0.0
0.0
0.0
0.0
0.0
0.0
0.0
0.0
0.0
0.0
0.0
0.0
0.0
0.0
0.0
0.0
0.0
0.0
0.0
0.0
0.0
0.0
0.0
0.0
0.0
0.0
0.0
0.0
0.0
0.0
0.0
0.0
0.0
0.0
0.0
0.0
0.0
0.0
0.0
0.0
0.0
0.0
0.0
0.0
0.0
0.0
0.0
0.0
0.0
0.0
0.0
0.0
0.0
0.0
0.0
0.0
0.0
0.0
0.0
0.0
0.0
0.0
0.0
0.0
0.0
0.0
0.0
0.0
0.0
0.0
0.0
0.0
0.0
0.0
0.0
0.0
0.0
0.0
0.0
0.0
0.0
0.0
0.0
0.0
0.0
0.0
0.0
0.0
0.0
0.0
0.0
0.0
0.0
0.0
0.0
0.0
0.0
0.0
0.0
0.0
0.0
0.0
0.0
0.0
0.0
0.0
0.0
0.0
0.0
0.0
0.0
0.0
0.0
0.0
0.0
0.0
0.0
0.0
0.0
0.0
0.0
0.0
0.0
0.0
0.0
0.0
0.0
0.0
0.0
0.0
0.0
0.0
0.0
0.0
0.0
0.0
0.0
0.0
0.0
0.0
0.0
0.0
0.0
0.0
0.0
0.0
0.0
0.0
0.0
0.0
0.0
0.0
0.0
0.0
0.0
0.0
0.0
0.0
0.0
0.0
0.0
0.0
0.0
0.0
0.0
0.0
0.0
0.0
0.0
0.0
0.0
0.0
0.0
0.0
0.0
0.0
0.0
0.0
0.0
0.0
0.0
0.0
0.0
0.0
0.0
0.0
0.0
0.0
0.0
0.0
0.0
0.0
0.0
0.0
0.0
0.0
0.0
0.0
0.0
0.0
0.0
0.0
0.0
0.0
0.0
0.0
0.0
0.0
0.0
0.0
0.0
0.0
0.0
0.0
0.0
0.0
0.0
0.0
0.0
0.0
0.0
0.0
0.0
0.0
0.0
0.0
0.0
0.0
0.0
0.0
0.0
0.0
0.0
0.0
0.0
0.0
0.0
0.0
0.0
0.0
0.0
0.0
0.0
0.0
0.0
0.0
0.0
0.0
0.0
0.0
0.0
0.0
0.0
0.0
0.0
0.0
0.0
0.0
0.0
0.0
0.0
0.0
0.0
0.0
0.0
0.0
0.0
0.0
0.0
0.0
0.0
0.0
0.0
0.0
0.0
0.0
0.0
0.0
0.0
0.0
0.0
0.0
0.0
0.0
0.0
0.0
0.0
0.0
0.0
0.0
0.0
0.0
0.0
0.0
0.0
0.0
0.0
0.0
0.0
0.0
0.0
0.0
0.0
0.0
0.0
0.0
0.0
0.0
0.0
0.0
0.0
0.0
0.0
0.0
0.0
0.0
0.0
0.0
0.0
0.0
0.0
0.0
0.0
0.0
0.0
0.0
0.0
0.0
0.0
0.0
0.0
0.0
0.0
0.0
0.0
0.0
0.0
0.0
0.0
0.0
0.0
0.0
0.0
0.0
0.0
0.0
0.0
0.0
0.0
0.0
0.0
0.0
0.0
0.0
0.0
0.0
0.0
0.0
0.0
0.0
0.0
0.0
0.0
0.0
0.0
0.0
0.0
0.0
0.0
0.0
0.0
0.0
0.0
0.0
0.0
0.0
0.0
0.0
0.0
0.0
0.0
0.0
0.0
0.0
0.0
0.0
0.0
0.0
0.0
0.0
0.0
0.0
0.0
0.0
0.0
0.0
0.0
0.0
0.0
0.0
0.0
0.0
0.0
0.0
0.0
0.0
0.0
0.0
0.0
0.0
0.0
0.0
0.0
0.0
0.0
0.0
0.0
0.0
0.0
0.0
0.0
0.0
0.0
0.0
0.0
0.0
0.0
0.0
0.0
0.0
0.0
0.0
0.0
0.0
0.0
0.0
0.0
0.0
0.0
0.0
0.0
0.0
0.0
0.0
0.0
0.0
0.0
0.0
0.0
0.0
0.0
0.0
0.0
0.0
0.0
0.0
0.0
0.0
0.0
0.0
0.0
0.0
0.0
0.0
0.0
0.0
0.0
0.0
0.0
0.0
0.0
0.0
0.0
0.0
0.0
0.0
0.0
0.0
0.0
0.0
0.0
0.0
0.0
0.0
0.0
0.0
0.0
0.0
0.0
0.0
0.0
0.0
0.0
0.0
0.0
0.0
0.0
0.0
0.0
0.0
0.0
0.0
0.0
0.0
0.0
0.0
0.0
0.0
0.0
0.0
0.0
0.0
0.0
0.0
0.0
0.0
0.0
0.0
0.0
0.0
0.0
0.0
0.0
0.0
0.0
0.0
0.0
0.0
0.0
0.0
0.0
0.0
0.0
0.0
0.0
0.0
0.0
0.0
0.0
0.0
0.0
0.0
0.0
0.0
0.0
0.0
0.0
0.0
0.0
0.0
0.0
0.0
0.0
0.0
0.0
0.0
0.0
0.0
0.0
0.0
0.0
0.0
0.0
0.0
0.0
0.0
0.0
0.0
0.0
0.0
0.0
0.0
0.0
0.0
0.0
0.0
0.0
0.0
0.0
0.0
0.0
0.0
0.0
0.0
0.0
0.0
0.0
0.0
0.0
0.0
0.0
0.0
0.0
0.0
0.0
0.0
0.0
0.0
0.0
0.0
0.0
0.0
0.0
0.0
0.0
0.0
0.0
0.0
0.0
0.0
0.0
0.0
0.0
0.0
0.0
0.0
0.0
0.0
0.0
0.0
0.0
0.0
0.0
0.0
0.0
0.0
0.0
0.0
0.0
0.0
0.0
0.0
0.0
0.0
0.0
0.0
0.0
0.0
0.0
0.0
0.0
0.0
0.0
0.0
0.0
0.0
0.0
0.0
0.0
0.0
0.0
0.0
0.0
0.0
0.0
0.0
0.0
0.0
0.0
0.0
0.0
0.0
0.0
0.0
0.0
0.0
0.0
0.0
0.0
0.0
0.0
0.0
0.0
0.0
0.0
0.0
0.0
0.0
0.0
0.0
0.0
0.0
0.0
0.0
0.0
0.0
0.0
0.0
0.0
0.0
0.0
0.0
0.0
0.0
0.0
0.0
0.0
0.0
0.0
0.0
0.0
0.0
0.0
0.0
4.501352079611445e-7
0.0
0.0
0.0
0.0
0.0
0.0
0.0
0.0
0.0
0.0
0.0
0.0
0.0
0.0
0.0
0.0
0.0
0.0
0.0
0.0
0.0
0.0
0.0
0.0
0.0
0.0
0.0
0.0
0.0
0.0
0.0
0.0
0.0
0.0
0.0
0.0
0.0
0.0
0.0
0.0
0.0
0.0
0.0
0.0
0.0
0.0
0.0
0.0
0.0
0.0
0.0
0.0
0.0
0.0
0.0
0.0
0.0
0.0
0.0
0.0
0.0
0.0
0.0
0.0
0.0
0.0
0.0
0.0
0.0
0.0
0.0
0.0
0.0
0.0
0.0
0.0
0.0
0.0
0.0
0.0
0.0
0.0
0.0
0.0
0.0
0.0
0.0
0.0
0.0
0.0
0.0
0.0
0.0
0.0
0.0
0.0
0.0
0.0
0.0
0.0
0.0
0.0
0.0
0.0
0.0
0.0
0.0
0.0
0.0
0.0
0.0
0.0
0.0
0.0
0.0
0.0
0.0
0.0
0.0
0.0
0.0
0.0
0.0
0.0
0.0
0.0
0.0
0.0
0.0
0.0
0.0
0.0
0.0
0.0
0.0
0.0
0.0
0.0
0.0
0.0
0.0
0.0
0.0
0.0
0.0
0.0
0.0
0.0
0.0
0.0
0.0
0.0
0.0
0.0
0.0
0.0
0.0
0.0
0.0
0.0
0.0
0.0
0.0
0.0
0.0
0.0
0.0
0.0
0.0
0.0
0.0
0.0
0.0
0.0
0.0
0.0
0.0
0.0
0.0
0.0
0.0
0.0
0.0
0.0
0.0
0.0
0.0
0.0
0.0
0.0
0.0
0.0
0.0
0.0
0.0
0.0
0.0
0.0
0.0
0.0
0.0
0.0
0.0
0.0
0.0
0.0
0.0
0.0
0.0
0.0
0.0
0.0
0.0
0.0
0.0
0.0
0.0
0.0
0.0
0.0
0.0
0.0
0.0
0.0
0.0
0.0
0.0
0.0
0.0
0.0
0.0
0.0
0.0
0.0
0.0
0.0
0.0
0.0
0.0
0.0
0.0
0.0
0.0
0.0
0.0
0.0
0.0
0.0
0.0
0.0
0.0
0.0
0.0
0.0
0.0
0.0
0.0
0.0
0.0
0.0
0.0
0.0
0.0
0.0
0.0
0.0
0.0
0.0
0.0
0.0
0.0
0.0
0.0
0.0
0.0
0.0
0.0
0.0
0.0
0.0
0.0
0.0
0.0
0.0
0.0
0.0
0.0
0.0
0.0
0.0
0.0
0.0
0.0
0.0
0.0
0.0
0.0
0.0
0.0
0.0
0.0
0.0
0.0
0.0
0.0
0.0
0.0
0.0
0.0
0.0
0.0
0.0
0.0
0.0
0.0
0.0
0.0
0.0
0.0
0.0
0.0
0.0
0.0
0.0
0.0
0.0
0.0
0.0
0.0
0.0
0.0
0.0
0.0
0.0
0.0
0.0
0.0
0.0
0.0
0.0
0.0
0.0
0.0
0.0
0.0
0.0
0.0
0.0
0.0
0.0
0.0
0.0
0.0
0.0
0.0
0.0
0.0
0.0
0.0
0.0
0.0
0.0
0.0
0.0
0.0
0.0
0.0
0.0
0.0
0.0
0.0
0.0
0.0
0.0
0.0
0.0
0.0
0.0
0.0
0.0
0.0
0.0
0.0
0.0
0.0
0.0
0.0
0.0
0.0
0.0
0.0
0.0
0.0
0.0
0.0
0.0
0.0
0.0
0.0
0.0
0.0
0.0
0.0
0.0
0.0
0.0
0.0
0.0
0.0
0.0
0.0
0.0
0.0
0.0
0.0
0.0
0.0
0.0
0.0
0.0
0.0
0.0
0.0
0.0
0.0
0.0
0.0
0.0
0.0
0.0
0.0
0.0
0.0
0.0
0.0
0.0
0.0
0.0
0.0
0.0
0.0
0.0
0.0
0.0
0.0
0.0
0.0
0.0
0.0
0.0
0.0
0.0
0.0
0.0
0.0
0.0
0.0
0.0
0.0
0.0
0.0
0.0
0.0
0.0
0.0
0.0
0.0
0.0
0.0
0.0
0.0
0.0
0.0
0.0
0.0
0.0
0.0
0.0
0.0
0.0
0.0
0.0
0.0
0.0
0.0
0.0
0.0
0.0
0.0
0.0
0.0
0.0
0.0
0.0
0.0
0.0
0.0
0.0
0.0
0.0
0.0
0.0
0.0
0.0
0.0
0.0
0.0
0.0
0.0
0.0
0.0
0.0
0.0
0.0
0.0
0.0
0.0
0.0
0.0
0.0
0.0
0.0
0.0
0.0
0.0
0.0
0.0
0.0
0.0
0.0
0.0
0.0
0.0
0.0
0.0
0.0
0.0
0.0
0.0
0.0
0.0
0.0
0.0
0.0
0.0
0.0
0.0
0.0
0.0
0.0
0.0
0.0
0.0
0.0
0.0
0.0
0.0
0.0
0.0
0.0
0.0
0.0
0.0
0.0
0.0
0.0
0.0
0.0
0.0
0.0
0.0
0.0
0.0
0.0
0.0
0.0
0.0
0.0
0.0
0.0
0.0
0.0
0.0
0.0
0.0
0.0
0.0
0.0
0.0
0.0
0.0
0.0
0.0
0.0
0.0
0.0
0.0
0.0
0.0
0.0
0.0
0.0
0.0
0.0
0.0
0.0
0.0
0.0
0.0
0.0
0.0
0.0
0.0
0.0
0.0
0.0
0.0
0.0
0.0
0.0
0.0
0.0
0.0
5.426010889366546e-7
0.0
0.0
0.0
0.0
0.0
0.0
0.0
0.0
0.0
0.0
0.0
0.0
0.0
0.0
0.0
0.0
0.0
0.0
0.0
0.0
0.0
0.0
0.0
8.433670195653891e-7
0.0
0.0
0.0
0.0
0.0
0.0
0.0
0.0
0.0
0.0
0.0
0.0
0.0
0.0
0.0
0.0
0.0
0.0
0.0
0.0
0.0
0.0
0.0
3.3043634976538117e-6
0.0
0.0
0.0
0.0
0.0
0.0
0.0
0.0
0.0
0.0
0.0
0.0
0.0
0.0
0.0
0.0
0.0
0.0
0.0
0.0
0.0
0.0
0.0
0.0
0.0
0.0
0.0
0.0
0.0
0.0
0.0
0.0
0.0
0.0
0.0
0.0
0.0
0.0
0.0
0.0
0.0
0.0
0.0
0.0
0.0
0.0
0.0
0.0
0.0
0.0
0.0
0.0
0.0
0.0
0.0
0.0
0.0
0.0
0.0
0.0
0.0
0.0
0.0
0.0
0.0
0.0
0.0
0.0
0.0
0.0
0.0
0.0
0.0
0.0
0.0
0.0
0.0
0.0
0.0
0.0
0.0
0.0
0.0
0.0
0.0
0.0
0.0
0.0
0.0
0.0
0.0
0.0
0.0
0.0
0.0
0.0
0.0
0.0
0.0
0.0
0.0
0.0
0.0
0.0
0.0
0.0
0.0
0.0
0.0
0.0
0.0
0.0
0.0
0.0
0.0
0.0
0.0
0.0
0.0
0.0
0.0
0.0
0.0
0.0
0.0
0.0
0.0
0.0
0.0
0.0
0.0
0.0
0.0
0.0
0.0
0.0
0.0
0.0
0.0
0.0
0.0
0.0
0.0
0.0
0.0
0.0
0.0
0.0
0.0
0.0
0.0
0.0
0.0
0.0
0.0
0.0
0.0
0.0
0.0
0.0
0.0
0.0
0.0
0.0
0.0
0.0
0.0
0.0
0.0
0.0
0.0
0.0
0.0
0.0
0.0
0.0
0.0
0.0
0.0
0.0
0.0
0.0
0.0
0.0
0.0
0.0
0.0
0.0
0.0
0.0
0.0
5.898269107087102e-7
0.0
0.0
0.0
0.0
0.0
0.0
0.0
0.0
0.0
0.0
0.0
0.0
0.0
0.0
0.0
0.0
0.0
0.0
0.0
0.0
0.0
0.0
0.0
0.0
0.0
0.0
0.0
0.0
0.0
0.0
0.0
0.0
0.0
0.0
0.0
0.0
0.0
0.0
0.0
0.0
0.0
0.0
0.0
0.0
0.0
0.0
0.0
0.0
0.0
0.0
0.0
0.0
0.0
0.0
0.0
0.0
0.0
0.0
0.0
0.0
0.0
0.0
0.0
0.0
0.0
0.0
0.0
0.0
0.0
0.0
0.0
0.0
0.0
0.0
0.0
0.0
0.0
0.0
0.0
0.0
0.0
0.0
0.0
0.0
0.0
0.0
0.0
0.0
0.0
0.0
0.0
0.0
0.0
0.0
0.0
0.0
0.0
0.0
0.0
0.0
0.0
0.0
0.0
0.0
0.0
0.0
0.0
0.0
0.0
0.0
0.0
0.0
0.0
0.0
0.0
0.0
0.0
0.0
0.0
0.0
0.0
0.0
0.0
0.0
0.0
0.0
0.0
0.0
0.0
0.0
0.0
0.0
0.0
0.0
0.0
0.0
0.0
0.0
0.0
0.0
0.0
0.0
0.0
0.0
0.0
0.0
0.0
0.0
0.0
0.0
0.0
0.0
0.0
0.0
0.0
0.0
0.0
0.0
0.0
0.0
0.0
0.0
0.0
0.0
0.0
0.0
0.0
0.0
0.0
0.0
0.0
0.0
0.0
0.0
0.0
0.0
0.0
0.0
0.0
0.0
0.0
0.0
0.0
0.0
0.0
0.0
0.0
0.0
0.0
0.0
0.0
0.0
0.0
0.0
0.0
0.0
0.0
0.0
0.0
0.0
0.0
0.0
0.0
0.0
0.0
0.0
0.0
0.0
0.0
0.0
0.0
0.0
0.0
0.0
0.0
0.0
0.0
0.0
0.0
0.0
0.0
0.0
0.0
0.0
0.0
0.0
0.0
0.0
0.0
0.0
0.0
0.0
0.0
0.0
0.0
0.0
0.0
0.0
0.0
0.0
0.0
0.0
0.0
0.0
0.0
0.0
0.0
0.0
0.0
0.0
0.0
0.0
0.0
0.0
0.0
0.0
0.0
0.0
0.0
0.0
0.0
0.0
0.0
5.475920359125518e-7
0.0
0.0
0.0
0.0
0.0
0.0
0.0
0.0
0.0
0.0
0.0
0.0
0.0
0.0
0.0
0.0
0.0
0.0
0.0
0.0
0.0
0.0
0.0
6.858526463909687e-7
0.0
0.0
0.0
0.0
0.0
0.0
0.0
0.0
0.0
0.0
0.0
0.0
0.0
0.0
0.0
0.0
0.0
0.0
0.0
0.0
0.0
0.0
0.0
1.959297968146405e-6
0.0
0.0
0.0
0.0
0.0
0.0
0.0
0.0
0.0
0.0
0.0
0.0
0.0
0.0
0.0
0.0
0.0
0.0
0.0
0.0
0.0
0.0
0.0
6.47105642883479e-7
0.0
0.0
0.0
0.0
0.0
0.0
0.0
0.0
0.0
0.0
0.0
0.0
0.0
0.0
0.0
0.0
0.0
0.0
0.0
0.0
0.0
0.0
0.0
4.1107088297220045e-7
0.0
0.0
0.0
0.0
0.0
0.0
0.0
0.0
0.0
0.0
0.0
0.0
0.0
0.0
0.0
0.0
0.0
0.0
0.0
0.0
0.0
0.0
0.0
0.0
0.0
0.0
0.0
0.0
0.0
0.0
0.0
0.0
0.0
0.0
0.0
0.0
0.0
0.0
0.0
0.0
0.0
0.0
0.0
0.0
0.0
0.0
0.0
1.1418726460364437e-6
0.0
0.0
0.0
0.0
0.0
0.0
0.0
0.0
0.0
0.0
0.0
0.0
0.0
0.0
0.0
0.0
0.0
0.0
0.0
0.0
0.0
0.0
0.0
0.0
0.0
0.0
0.0
0.0
0.0
0.0
0.0
0.0
0.0
0.0
0.0
0.0
0.0
0.0
0.0
0.0
0.0
0.0
0.0
0.0
0.0
0.0
0.0
1.1910756672583527e-6
0.0
0.0
0.0
0.0
0.0
0.0
0.0
0.0
0.0
0.0
0.0
0.0
0.0
0.0
0.0
0.0
0.0
0.0
0.0
0.0
0.0
0.0
0.0
3.632115252635912e-5
0.0
0.0
0.0
0.0
0.0
0.0
0.0
0.0
0.0
0.0
0.0
0.0
0.0
0.0
0.0
0.0
0.0
0.0
0.0
0.0
0.0
0.0
0.0
1.1178011751934787e-6
0.0
0.0
0.0
0.0
0.0
0.0
0.0
0.0
0.0
0.0
0.0
0.0
0.0
0.0
0.0
0.0
0.0
0.0
0.0
0.0
0.0
0.0
0.0
0.0
0.0
0.0
0.0
0.0
0.0
0.0
0.0
0.0
0.0
0.0
0.0
0.0
0.0
0.0
0.0
0.0
0.0
0.0
0.0
0.0
0.0
0.0
0.0
1.2155761823113444e-6
0.0
0.0
0.0
0.0
0.0
0.0
0.0
0.0
0.0
0.0
0.0
0.0
0.0
0.0
0.0
0.0
0.0
0.0
0.0
0.0
0.0
0.0
0.0
1.8123890034782107e-6
0.0
0.0
0.0
0.0
0.0
0.0
0.0
0.0
0.0
0.0
0.0
0.0
0.0
0.0
0.0
0.0
0.0
0.0
0.0
0.0
0.0
0.0
0.0
9.908828545662728e-7
0.0
0.0
0.0
0.0
0.0
0.0
0.0
0.0
0.0
0.0
0.0
0.0
0.0
0.0
0.0
0.0
0.0
0.0
0.0
0.0
0.0
0.0
0.0
8.15773651098965e-7
0.0
0.0
0.0
0.0
0.0
0.0
0.0
0.0
0.0
0.0
0.0
0.0
0.0
0.0
0.0
0.0
0.0
0.0
0.0
0.0
0.0
0.0
0.0
4.838302102373297e-6
0.0
0.0
0.0
0.0
0.0
0.0
0.0
0.0
0.0
0.0
0.0
0.0
0.0
0.0
0.0
0.0
0.0
0.0
0.0
0.0
0.0
0.0
0.0
9.279315480382406e-7
0.0
0.0
0.0
0.0
0.0
0.0
0.0
0.0
0.0
0.0
0.0
0.0
0.0
0.0
0.0
0.0
0.0
0.0
0.0
0.0
0.0
0.0
0.0
7.006133554057088e-7
0.0
0.0
0.0
0.0
0.0
0.0
0.0
0.0
0.0
0.0
0.0
0.0
0.0
0.0
0.0
0.0
0.0
0.0
1.8812867300087492e-6
0.0
0.0
0.0
0.0
4.698701648048649e-6
0.0
0.0
0.0
0.0
0.0
0.0
0.0
0.0
0.0
0.0
0.0
0.0
0.0
0.0
0.0
0.0
0.0
0.0
0.0
0.0
0.0
0.0
0.0
7.623900908722205e-7
0.0
0.0
0.0
0.0
0.0
0.0
0.0
0.0
0.0
0.0
0.0
0.0
0.0
0.0
0.0
0.0
0.0
0.0
0.0
0.0
0.0
0.0
0.0
7.999553966821437e-7
0.0
0.0
0.0
0.0
0.0
0.0
0.0
0.0
0.0
0.0
0.0
0.0
0.0
0.0
0.0
0.0
0.0
0.0
0.0
0.0
0.0
0.0
0.0
1.3905699103349043e-6
0.0
0.0
0.0
0.0
0.0
0.0
0.0
0.0
0.0
0.0
0.0
0.0
0.0
0.0
0.0
0.0
0.0
0.0
0.0
0.0
0.0
0.0
0.0
0.0
0.0
0.0
0.0
0.0
0.0
0.0
0.0
0.0
0.0
0.0
0.0
0.0
0.0
0.0
0.0
0.0
0.0
0.0
0.0
0.0
0.0
0.0
0.0
5.3910347079703655e-6
0.0
0.0
0.0
0.0
0.0
0.0
0.0
0.0
0.0
0.0
0.0
0.0
0.0
0.0
0.0
0.0
0.0
0.0
0.0
0.0
0.0
0.0
0.0
1.1633889305413837e-6
0.0
0.0
0.0
0.0
0.0
0.0
0.0
0.0
0.0
0.0
0.0
0.0
0.0
0.0
0.0
0.0
0.0
0.0
0.0
0.0
0.0
0.0
0.0
7.463270242532182e-7
0.0
0.0
0.0
0.0
0.0
0.0
0.0
0.0
0.0
0.0
0.0
0.0
0.0
0.0
0.0
0.0
0.0
0.0
0.0
0.0
0.0
0.0
0.0
0.0
0.0
0.0
0.0
0.0
0.0
0.0
0.0
0.0
0.0
0.0
0.0
0.0
0.0
0.0
0.0
0.0
0.0
0.0
0.0
0.0
0.0
0.0
0.0
2.3586939801520786e-6
0.0
0.0
0.0
0.0
0.0
0.0
0.0
0.0
0.0
0.0
0.0
0.0
0.0
0.0
0.0
0.0
0.0
0.0
0.0
0.0
0.0
0.0
0.0
6.799440181280376e-7
0.0
0.0
0.0
0.0
0.0
0.0
0.0
0.0
0.0
0.0
0.0
0.0
0.0
0.0
0.0
0.0
0.0
0.0
0.0
0.0
0.0
0.0
0.0
9.028578643606315e-7
0.0
0.0
0.0
0.0
0.0
0.0
0.0
0.0
0.0
0.0
0.0
0.0
0.0
0.0
0.0
0.0
0.0
0.0
0.0
0.0
0.0
0.0
0.0
0.0
0.0
0.0
0.0
0.0
0.0
0.0
0.0
0.0
0.0
0.0
0.0
0.0
0.0
0.0
0.0
0.0
0.0
0.0
2.0731475945413707e-6
0.0
0.0
0.0
0.0
4.881105705377837e-5
0.0
0.0
0.0
0.0
0.0
0.0
0.0
0.0
0.0
0.0
0.0
0.0
0.0
0.0
0.0
0.0
8.64390109908441e-7
1.0280284098844318e-6
6.88063941478634e-5
0.0
0.0
0.0
0.0
0.0003180000001616069
0.00019187842562597843
7.790019830892543e-5
9.78792884323248e-6
0.0
0.0
0.0
0.0
0.0
0.0
0.0
0.0
0.0
0.0
0.0
0.0
0.0
1.1609881966340606e-6
0.0
1.931987928160543e-5
0.0
0.0
0.0
0.0
0.00020457425690426808
0.00010944436160823621
2.612521911978443e-6
0.0
0.0
0.0
0.0
0.0
0.0
0.0
0.0
0.0
0.0
0.0
0.0
0.0
0.0
0.0
0.0
3.876532226521468e-6
0.0
0.0
0.0
0.0
9.935686037251966e-7
0.0
0.0
0.0
0.0
0.0
0.0
0.0
0.0
0.0
0.0
0.0
0.0
0.0
0.0
0.0
0.0
8.220554986665884e-7
1.3388244671960487e-6
4.7991788468392134e-5
0.0
0.0
0.0
0.0
0.00021198287993095153
0.0001257397508236093
6.846755819159387e-5
6.849793029772846e-5
5.174748291777627e-5
3.0891125469431405e-6
0.0
0.0
0.0
0.0
7.166928852774747e-7
1.437512235062932e-6
0.0
0.0
0.0
8.733657624534634e-7
0.0
1.054853340315248e-6
7.102903173854639e-5
0.00022918279623294097
0.0
0.0
0.0
0.0
0.000382813700688171
0.0002265761229419575
0.00010317504143115487
3.0786517217608043e-5
0.0
0.0
0.0
0.0
0.0
0.0
0.0
0.0
0.0
0.0
0.0
0.0
0.0
9.338197943266287e-7
9.347689413936531e-7
8.897884014600488e-5
0.0
0.0
0.0
0.0
0.00024378910831034456
0.00016480075577517247
5.83131028087187e-5
6.930209760421275e-6
0.0
0.0
0.0
0.0
0.0
0.0
0.0
0.0
0.0
0.0
0.0
0.0
0.0
2.2847578869018314e-6
2.0528068479704135e-6
0.00013258303850249652
0.0
0.0
0.0
0.0
0.00038253250481954325
0.00020262533198708773
0.00010265273664286473
1.3200787164322383e-5
0.0
0.0
0.0
0.0
0.0
0.0
0.0
0.0
0.0
0.0
0.0
0.0
0.0
2.13631708753582e-6
1.1544374453570884e-6
8.251473599230388e-5
0.0
0.0
0.0
0.0
0.00026293081645396496
0.00016130353214982262
3.207456396357388e-5
0.0
0.0
0.0
0.0
0.0
0.0
0.0
0.0
0.0
0.0
0.0
0.0
0.0
0.0
8.055557027640097e-7
8.476854162118408e-7
5.807440525571973e-6
0.0
0.0
0.0
0.0
0.00018078888163426034
8.2238481646897e-5
0.0
0.0
0.0
0.0
0.0
0.0
0.0
0.0
0.0
0.0
0.0
0.0
0.0
0.0
0.0
8.077495039943071e-7
9.925394025539403e-7
1.713234299660029e-5
0.0
0.0
0.0
0.0
0.00018047833356316307
8.2671506700969e-5
0.0
0.0
0.0
0.0
0.0
0.0
0.0
0.0
0.0
0.0
0.0
0.0
0.0
0.0
0.0
0.0
9.96267685496655e-7
1.711909330213851e-6
0.0
0.0
0.0
0.0
0.00017872370607078804
0.00011194831327030966
7.712133984086543e-6
0.0
0.0
0.0
0.0
0.0
0.0
0.0
0.0
0.0
0.0
0.0
0.0
0.0
0.0
0.0
8.829556163267487e-7
1.4503676832534722e-5
0.0
0.0
0.0
0.0
0.00018764788350017405
0.00010933969363949074
3.2837987018275885e-6
0.0
0.0
0.0
0.0
0.0
0.0
0.0
0.0
0.0
0.0
0.0
0.0
0.0
0.0
0.0
0.0
1.067708348157409e-6
0.0
0.0
0.0
0.0
1.0042105285705747e-6
0.0
0.0
0.0
0.0
0.0
0.0
0.0
0.0
0.0
0.0
0.0
0.0
0.0
0.0
0.0
0.0
0.0
1.262680405619116e-6
6.595842875229184e-5
0.0
0.0
0.0
0.0
0.00023913759427054095
0.00016743474979477008
7.720086384140767e-5
9.954158689632996e-6
0.0
0.0
0.0
0.0
0.0
0.0
0.0
0.0
0.0
0.0
0.0
0.0
0.0
0.0
0.0
1.4375182361117023e-6
0.0
0.0
0.0
0.0
6.089716519530257e-5
3.50839122199137e-5
0.0
0.0
0.0
0.0
0.0
0.0
0.0
0.0
0.0
0.0
0.0
0.0
0.0
0.0
0.0
0.0
8.5402862410067e-7
2.345663497742298e-6
0.0
0.0
0.0
0.0
0.00020092528108341635
0.00010161173261987252
0.0
0.0
0.0
0.0
0.0
0.0
0.0
0.0
0.0
0.0
0.0
0.0
0.0
0.0
0.0
0.0
0.0
6.571742880228099e-6
0.0
0.0
0.0
0.0
0.00010574996333124219
4.7369766600266536e-5
0.0
0.0
0.0
0.0
0.0
0.0
0.0
0.0
0.0
0.0
0.0
0.0
0.0
1.0614626323580198e-6
1.4673248004556124e-5
7.189917095961782e-5
0.00011649774754815236
0.0002575753441655552
0.0
0.0
0.0
0.0
0.0004199064125909669
0.00024234736775450032
0.0001204072790200716
6.682938211596207e-5
1.2510590247645291e-5
0.0
0.0
0.0
0.0
0.0
0.0
0.0
0.0
0.0
0.0
1.0380683898594632e-6
0.0
1.2343966928660904e-6
1.626760218150014e-5
0.00016165001615249858
0.0
0.0
0.0
0.0
0.0007687820220307617
0.0005866150162607409
0.0004016190580502555
0.00020469359519763517
4.673657509190412e-5
0.0
0.0
0.0
0.0
0.0
0.0
0.0
0.0
0.0
2.612862729313021e-6
1.2423850461817321e-5
9.477552138678605e-5
0.0001856319250594886
0.00025869747077681386
0.0005089719409973045
0.0
0.0
0.0
0.0
0.0008570271719370514
0.0006635700291891652
0.00044047623028268314
0.00023868105234026122
5.604790064181324e-5
0.0
0.0
0.0
0.0
0.0
0.0
0.0
0.0
0.0
2.7669138899504112e-6
1.606861198769386e-5
8.60495390714309e-5
0.00014526892652498983
0.00022160109583839417
0.0004462504677241722
0.0
0.0
0.0
0.0
0.0007747578650702728
0.0005789855749995106
0.00034974997616629293
0.0002140197635372128
3.445758009874571e-5
0.0
0.0
0.0
0.0
0.0
0.0
0.0
0.0
0.0
6.305143785731904e-7
8.372248545756428e-7
0.0
1.203915884129906e-6
5.067204098104165e-5
0.00021218360085487512
0.0
0.0
0.0
0.0
0.0006699326108914957
0.0004740432551984953
0.00025333458207471506
0.0001099826012312352
0.0
0.0
0.0
0.0
0.0
0.0
0.0
0.0
0.0
0.0
8.610711109920608e-7
1.918051807281656e-6
0.0
5.4230637238411955e-5
0.00010948057775290173
0.0002687338594977421
0.0
0.0
0.0
0.0
0.0004990838135035672
0.00029224338330796526
0.00014430781391407558
3.272432032680236e-5
0.0
0.0
0.0
0.0
0.0
0.0
0.0
0.0
0.0
0.0
0.0
1.949225099355879e-6
0.0
9.058551520430601e-7
3.867972550067061e-5
0.00019416298152081737
0.0
0.0
0.0
0.0
0.00037237505893139236
0.00023051459865488028
0.00010729008292339032
1.979467194762282e-5
0.0
0.0
0.0
0.0
0.0
0.0
0.0
0.0
0.0
0.0
0.0
0.0
0.0
0.0
8.691630952323408e-7
1.1892897278711733e-6
0.0
0.0
0.0
0.0
0.00022972949868889543
0.00014821143449026918
2.2464774070280395e-5
0.0
0.0
0.0
0.0
0.0
0.0
1.31691523473735e-6
9.354426015904111e-7
0.0
0.0
0.0
0.0
8.212171811311663e-7
0.0
1.0695727718305233e-6
3.697146463765155e-5
0.0001512307778498758
0.0
0.0
0.0
0.0
0.00025405894635130254
0.0001733340037509503
7.824139278058308e-5
9.906116511020024e-6
0.0
0.0
0.0
0.0
0.0
0.0
0.0
0.0
0.0
0.0
0.0
0.0
3.304670488656992e-6
1.0682146503068097e-6
8.179653237893665e-7
9.57863647655642e-5
0.0
0.0
0.0
0.0
0.0002781882989526757
0.00022483120659916864
0.00020108602452992863
0.00010017583543966914
0.0
0.0
0.0
0.0
0.0
0.0
0.0
0.0
0.0
0.0
0.0
4.445455753557954e-6
0.0
1.106198940497016e-5
1.4644702785473021e-5
0.00015310607159375119
0.0
0.0
0.0
0.0
0.0005122143549970914
0.00031580181533421995
0.00021841094730856015
5.0419240082736135e-5
0.0
0.0
0.0
0.0
0.0
0.0
0.0
0.0
0.0
0.0
0.0
1.2524978872412472e-6
0.0
2.2278664350657375e-5
9.469846989030804e-5
0.0002349727263648797
0.0
0.0
0.0
0.0
0.0007534889793644225
0.0005522741626875719
0.00029603280450372465
0.00010676114478393716
0.0
0.0
0.0
0.0
0.0
0.0
0.0
0.0
0.0
0.0
5.288567195113535e-7
1.787237204649716e-6
0.0
8.610320956521831e-5
0.00017207493731667564
0.0003187760180606469
0.0004334163379823946
0.0
0.0
0.0
0.0
0.0006026849019348139
0.0001701098292651198
0.0
0.0
0.0
0.0
0.0
0.0
0.0
0.0
7.643356938580483e-7
0.0
0.0
0.0
0.0
5.331423758296782e-5
7.540205599729443e-5
0.00013746747941028535
0.00022834612825201655
0.0004689587660107693
0.0
0.0
0.0
0.0
0.0007079532130613267
0.0004966370862023865
0.0002837551105269546
0.0002540198834727396
0.00021215736736061364
0.00013332697943693554
1.0074909412263258e-5
0.0
0.0
1.296070627346285e-6
3.4966780431780285e-6
8.185867509030844e-5
0.00010095064744704044
0.00012740097275420087
0.00020396992098957207
0.0003766143883274742
0.0004483887592059966
0.0005432438511660847
0.0006818791289851219
0.0007806860084369809
0.0
0.0
0.0
0.0
0.001011170408947011
0.0006169801671637197
0.0002460044545083986
0.00011981076416608059
3.9653344166537766e-5
0.0
0.0
0.0
0.0
8.978002586781936e-7
6.118289058205588e-7
2.4859031560920757e-5
2.3926561916959897e-5
7.432526816651626e-5
0.00013111920050740245
0.00024434383817520145
0.00041685017570777973
0.000544386280299781
0.0007318919093981473
0.001087968479724468
0.0
0.0
0.0
0.0
0.0013582163435039197
0.0011137513110379574
0.0006338925587965394
0.0002786613122797967
9.260382809781063e-5
4.217945344880622e-6
0.0
0.0
0.0
1.1050639666981239e-6
5.041526736382868e-7
0.0
2.3341226769664353e-6
0.00010373396985208362
0.00021462694571231333
0.00025671884090496785
0.0003429416980775125
0.0004758320272094842
0.0007077048221052546
0.001056370140667117
0.0
0.0
0.0
0.0
0.001241687887574989
0.0008798228822178495
0.00042204802316318666
0.0001316093763415734
1.354609234018279e-5
0.0
0.0
0.0
0.0
0.0
0.0
0.0
0.0
7.378090190549548e-6
6.451452801775737e-5
0.00017488467437435642
0.00028983411014593577
0.00030290612280568096
0.0003492482797768414
0.0006228757948273238
0.0
0.0
0.0
0.0
0.0011545039417502696
0.0008929944386116865
0.0004149683069470642
0.00011315013195314343
2.6995688242285553e-6
0.0
0.0
0.0
0.0
0.0
0.0
0.0
9.470485333192862e-7
5.8414485731207086e-6
4.165530302314652e-5
0.00014166208655149682
0.0001926203491966499
0.00020303751719900106
0.00039613994105072866
0.0007166653028966948
0.0
0.0
0.0
0.0
0.0008906765626440378
0.000614656953416128
0.00015219026666430494
2.5558119414406534e-6
0.0
0.0
0.0
0.0
0.0
0.0
0.0
0.0
0.0
3.1057744479630575e-6
0.0
5.1063919418551196e-5
0.00010188455846014932
0.0001760658638246648
0.00023824200246807647
0.000548417505881546
0.0
0.0
0.0
0.0
0.0009500567339709311
0.0006351191740174401
0.00022947991329968256
2.4018381959422732e-5
0.0
0.0
0.0
0.0
0.0
0.0
0.0
0.0
0.0
2.2024758329438137e-6
5.23819129319969e-6
9.045666520602391e-5
0.00014851505488702878
0.00023341228019685555
0.0003173861973249526
0.0006332160197630665
0.0
0.0
0.0
0.0
0.0009591558154090158
0.000622743328943839
0.00023945800898628644
3.8664403630905406e-5
0.0
0.0
0.0
0.0
0.0
0.0
0.0
0.0
0.0
1.1826309946487837e-6
0.0
5.364256358822168e-6
6.514255191004843e-5
0.00015647677451222642
0.00018123448256454546
0.0003627865039437776
0.0
0.0
0.0
0.0
0.0007330046968358268
0.0004553539278350204
0.0001356485507324226
7.114521051808896e-6
0.0
0.0
0.0
0.0
0.0
0.0
0.0
0.0
0.0
0.0
2.6242571830226126e-6
2.001669511738254e-5
6.890424357291034e-5
0.00013621190403902015
0.00020497417296865643
0.00043514634734882003
0.0
0.0
0.0
0.0
0.000766082127461424
0.0005135704090614907
0.00016809249693749173
1.1729430471607029e-5
0.0
0.0
0.0
0.0
0.0
0.0
0.0
0.0
0.0
0.0
0.0
9.555421707746354e-7
0.0
9.057911484951973e-6
0.0001013905638111969
0.00025246058609314264
0.0
0.0
0.0
0.0
0.0005374053633922433
0.00028181555593918497
0.00015218606564607013
5.736009435043296e-5
0.0
0.0
0.0
0.0
0.0
0.0
0.0
0.0
0.0
0.0
0.0
1.104501578370017e-6
0.0
7.1336537504246804e-6
3.400309129041593e-5
0.00016542525424781065
0.0
0.0
0.0
0.0
0.0004300055882671503
0.00023605984992023318
0.00016655550580750505
0.0001730513609827777
0.00016087189300941247
0.00011233060517208934
6.976993429048805e-6
0.0
0.0
1.1413949636907247e-6
4.409341350201721e-6
4.224665885969689e-5
5.457608025751979e-5
2.6023592490510336e-5
3.311880207551935e-5
6.709928922301403e-5
0.00010045973902468447
0.00016218431347377274
0.0002252794862680771
0.00044264122628948673
0.0
0.0
0.0
0.0
0.0006640218804148729
0.00044192223426312385
0.00018245273751104873
7.72967173424447e-5
0.0
0.0
0.0
0.0
0.0
0.0
0.0
3.462141504656517e-7
0.0
0.0
0.0
8.563261449881714e-6
5.046160175778936e-5
0.00011750900447561251
0.00018436493983557838
0.00039585440722972505
0.0
0.0
0.0
0.0
0.0006457086999625717
0.00037349056099845557
0.00012600381458342997
1.0933754776975538e-5
0.0
0.0
0.0
0.0
0.0
0.0
0.0
3.80448322399552e-7
0.0
0.0
0.0
4.8061745810435626e-5
0.00011357347436190064
0.00017595585201526766
0.00023298845861330304
0.0004614000539796767
0.0
0.0
0.0
0.0
0.0007166923094154333
0.00047177697953800055
0.00022269366475127293
0.00010436684072053705
6.23472028805338e-5
6.0091585497434555e-6
0.0
0.0
0.0
0.0
0.0
1.0624938430330616e-6
0.0
0.0
0.0
0.0
0.0
1.0859714903555696e-6
8.721761730500541e-5
0.0002189445842019643
0.0
0.0
0.0
0.0
0.0005110703012146228
0.00036680018386805357
0.0001865348569485898
0.00011651568866689535
3.5007662072256847e-5
0.0
0.0
0.0
0.0
0.0
5.328208604323822e-7
0.0
0.0
0.0
0.0
9.248142931692005e-6
5.318559536283162e-5
0.00013434558014427695
0.00019553637944003991
0.0004243970724816228
0.0
0.0
0.0
0.0
0.0006188227631938277
0.00038312337005118026
0.00018952710988651944
0.000124164565863893
4.631414683691199e-5
0.0
0.0
0.0
0.0
1.279722962717609e-6
0.0
7.458719618934921e-7
2.9620781637410142e-5
3.123998969240909e-5
6.188616282470649e-5
0.0001871086522883843
0.00025404903794458216
0.0003376371759905317
0.0004550027292637312
0.0007067306427007084
0.0
0.0
0.0
0.0
0.0011163776529391097
0.0007673547152424961
0.0004193440753053927
0.00017724946903565058
5.0017294230127064e-5
0.0
0.0
0.0
0.0
6.533090421506264e-7
5.744775049650282e-7
7.352380644570163e-6
0.0
5.006290366860794e-5
0.00014400667054797217
0.00025463752188582345
0.0003309711874367308
0.00045816094477080005
0.0005910357466507345
0.000823746899802315
0.0
0.0
0.0
0.0
0.0009616468879700352
0.0007379988924463785
0.0004616457237721633
0.00019908951859726144
1.3180283397940539e-5
0.0
0.0
0.0
0.0
1.30112667429016e-6
5.521978935907301e-7
0.0
4.497332913893352e-5
6.124775670136939e-5
9.255947843448817e-5
0.00022531059124649246
0.00030951965516659666
0.0003619141134818651
0.0005128650275879838
0.0008931462647667765
0.0
0.0
0.0
0.0
0.0009326588701822177
0.0008158179946542291
0.0005192343327945218
0.00022673114839374375
5.8942560257525254e-5
0.0
0.0
0.0
0.0
0.0
0.0
1.5717375764250816e-5
0.00011157410578597522
0.00016181605201833572
0.0001998050424776703
0.00027164120455591977
0.0003080704972500775
0.0005041917671991885
0.0006295451182861822
0.0009497323278995983
0.0
0.0
0.0
0.0
0.0012855316597398746
0.0009963287442975941
0.0006789976731918813
0.00040357251192683983
0.00019009589434585593
8.508577428484394e-5
0.0
0.0
0.0
9.000427029685093e-7
4.507619334601978e-7
2.312161734350234e-5
6.535401721131293e-5
0.0001709552802548857
0.00024688142951777926
0.0003549246135688788
0.00043485523492939435
0.0006029078520237069
0.0007200845966962729
0.000997928065935699
0.0
0.0
0.0
0.0
0.001298962147041308
0.0010038927371947854
0.0006950048508893117
0.0003572509348502466
9.501466493219924e-5
5.079437131380139e-6
0.0
0.0
0.0
1.0826486328510058e-6
1.0212971460755889e-6
5.899349858375265e-6
4.6032386886745624e-5
0.0001269861313419254
0.00018291416039533997
0.00029699512916171495
0.00037835837151049367
0.0004558827929618713
0.0005782101820163747
0.0008261008104721575
0.0
0.0
0.0
0.0
0.0009009562875004407
0.0004999357176331058
0.00012384656444666188
3.344616396403936e-6
0.0
0.0
0.0
0.0
0.0
0.0
8.823228021827422e-7
0.0
0.0
0.0
0.0
6.180908738842842e-5
0.0001134437367443945
0.00016191062682343883
0.00021966092277422373
0.00046111746642077406
0.0
0.0
0.0
0.0
0.0006621642547737455
0.0004604084935984655
0.00027067084103049935
0.00018014356206978155
9.258768194322913e-5
1.1204355181773293e-5
0.0
0.0
0.0
1.1975105661912441e-6
8.605858834425889e-7
8.533112069116282e-6
4.52465774295585e-6
9.352639495067675e-5
0.00020566376743193183
0.0003444724262224675
0.0004273202149668753
0.0005337047226798085
0.0006776636280235633
0.0009920365862591274
0.0
0.0
0.0
0.0
0.00133185902422525
0.0010798309638405876
0.000756683192262446
0.0003758504114470893
0.0001616191108933803
6.965129912457896e-5
0.0
0.0
0.0
1.1619151479647134e-6
5.07737900555747e-7
4.011826514994266e-5
0.00010537454768247336
0.00023233311397345813
0.0003316491699605996
0.0005002740638083396
0.0005722853426829882
0.000648598431748477
0.0008476191738002409
0.0011773437240855142
0.0
0.0
0.0
0.0
0.001269532413900483
0.0009295059069422773
0.0006238261584869558
0.0005682704247642261
0.0004352003587764212
0.00021836203861903575
0.00010133090986363483
3.6986173097389796e-5
4.381095374831287e-5
9.329055992729769e-5
0.00012008803572571296
0.00021801546787246403
0.0003468796668689572
0.00043044834397871524
0.00043275724498350877
0.0004705724359036384
0.0005529750522288181
0.0007654743050292503
0.0009515028124791511
0.00124231445691609
0.0
0.0
0.0
0.0
0.0013863527942891297
0.001056228924256402
0.0008731880948562173
0.0006660329766518648
0.00038844042331664616
0.00010938734785697699
0.0
0.0
0.0
6.423699151991851e-7
0.0
5.122210534061763e-5
0.00018127704076755375
0.0002069047421767274
0.0003052182262322239
0.00045305618090201767
0.0005458387260561652
0.0005974434798765811
0.000698866067905272
0.0010074373806586456
0.0
0.0
0.0
0.0
0.0012587603021875535
0.0010216988280790252
0.0006964769634565921
0.0004174174310692072
0.0001901119414930761
1.6303012545451087e-5
0.0
0.0
0.0
0.0
0.0
0.0
1.0761624536921477e-5
0.00010021596594997946
0.00014806285820091535
0.00020393532712621447
0.0002459259195587253
0.0003364282387210308
0.00045323517835136863
0.0007055531782188926
0.0
0.0
0.0
0.0
0.0009707463557783103
0.0007140718499057351
0.0004247377944547347
0.0001485014233110888
2.630175147049974e-6
0.0
0.0
0.0
0.0
0.0
0.0
0.0
0.0
0.0
2.9118993447158934e-6
5.932176521299927e-6
1.1624860269671567e-5
0.00010863807738137127
0.00020686468183806197
0.0004091252471259667
0.0
0.0
0.0
0.0
0.0009600547984621905
0.0006941418748863464
0.00043504151356286763
0.00016885305349470346
1.6209578318408627e-5
0.0
0.0
0.0
0.0
0.0
0.0
8.812697505121948e-7
1.699095253937256e-6
2.1835525232967227e-5
7.724780359601635e-5
0.00011282778898499052
0.000139274648134867
0.0002034523484785289
0.00041925582409241014
0.0006706237839800354
0.0
0.0
0.0
0.0
0.0009458011368746452
0.0007087405749028027
0.0004129442292398574
0.00010200149519762547
0.0
0.0
0.0
0.0
0.0
0.0
0.0
1.1483557588554064e-6
1.098171943533408e-6
0.0
7.835112396968958e-6
0.00014632122761462293
0.0002256377000151883
0.0003116799002405338
0.00044375946912274055
0.0007889230725057865
0.0
0.0
0.0
0.0
0.0010701301373461515
0.000752293107183979
0.0004542739793066854
0.0002241995929490121
4.0665828662170584e-5
0.0
0.0
0.0
0.0
0.0
0.0
0.0
1.6600465555391555e-6
2.5311760699248383e-5
6.272002752891011e-5
0.00013479221726638222
0.00024535447009205907
0.00029338027049158853
0.0003835967544073225
0.0007438187030094444
0.0
0.0
0.0
0.0
0.0010611096282636778
0.0008382881887122865
0.0005262746919036052
0.00022885639855585338
3.306305859202076e-5
0.0
0.0
0.0
0.0
0.0
0.0
0.0
4.9841965990747105e-6
1.2262620245683942e-5
5.440510092714102e-5
0.0001677771245421315
0.00024103006557853985
0.00030005274485617086
0.000429047068692648
0.0007626570063849631
0.0
0.0
0.0
0.0
0.0011648463738257266
0.0009145096182683386
0.0006094355014883305
0.00031983686579147534
0.00011273286407925142
9.394441973134815e-6
0.0
0.0
0.0
1.027890242767869e-6
0.0
3.6887569379244167e-6
3.384769921309214e-5
5.742656593258724e-5
0.00011657496078979844
0.00018839220199783614
0.00027221556590910383
0.0002556599772987067
0.00030187206729071316
0.00047415863518607824
0.0
0.0
0.0
0.0
0.0009154656364746507
0.0007548252818627002
0.0005526349739219282
0.000472643836099219
0.00043325193708747446
0.00031121930237023795
0.00015894256122763592
5.3163958935190124e-5
6.0988048574148785e-5
0.00016208552836997442
0.0002550123246454075
0.00037442614940744363
0.0003525346517192906
0.0003905309172073401
0.00046367840550790257
0.0005950125415743018
0.0006421244393493826
0.0007294015272844464
0.0008632715852522246
0.001179351123668888
0.0
0.0
0.0
0.0
0.001573254811443415
0.0013751344723552763
0.001120222313803003
0.0009506608749012588
0.0008129238972639638
0.0005587221101372701
0.00031792593867797204
0.00014814696729817752
7.31789161916526e-5
0.0001351570002537204
0.00019503876266524858
0.0003348164184807509
0.0004581561326626534
0.0005695081660261395
0.000672746288546327
0.0008038526250097491
0.0008644005900104657
0.0008823628347747249
0.0009332543476133071
0.0012911519577328485
0.0
0.0
0.0
0.00015962222342014984
0.0017606952165186692
0.0014799892217313728
0.0010987103267194483
0.0007773012258289035
0.0004971897754076261
0.00020406076836401965
2.5804994075817077e-5
0.0
0.0
1.2619770641423364e-6
4.831923089805115e-7
0.00013039562942608875
0.0002327799510989562
0.00041658332477946595
0.0005192009669822997
0.0006246529945776095
0.0008469413650482592
0.000983479663639314
0.0009752253702062637
0.001162237628813993
0.0
0.0
0.0
0.0
0.0015971391304373359
0.0013189671284467243
0.0010497441873568586
0.0006550282213143913
0.00036390974809293324
0.00015685335807853482
1.4476619167095236e-5
0.0
0.0
1.3292580965809767e-6
4.977488701192545e-6
7.648598308743895e-5
0.0002142043440358187
0.0004074434332740887
0.0004716483158970465
0.0006267098417801044
0.000770984053893106
0.0008984523793050137
0.0010669649491829212
0.001386758267076569
0.0
0.0
0.0
0.0
0.0016417652226915036
0.0013838600266235974
0.001013933740861425
0.0006793729803160818
0.00042606361580930347
0.00017082728973141082
5.059966184602147e-6
0.0
0.0
1.277296387462828e-6
5.511822185011999e-7
4.886752680906696e-5
0.0001628912845575788
0.0003146201545690981
0.0003794661479730166
0.0005263597661687555
0.000670670836009276
0.0007686414303465541
0.000918831413457291
0.0012295612121638515
0.0
0.0
0.0
0.0
0.0013760625761676003
0.0012008326793649994
0.0009601108770650102
0.0005857681723496185
0.00017109223144173087
4.5463115714607216e-5
0.0
0.0
0.0
0.0
0.0
1.4870561048699493e-6
0.0001256258086445079
0.00021857905053901305
0.00028430158097139755
0.00042311869492430397
0.0005299657942913552
0.0006748313506213919
0.0008062228324522584
0.001103771168252233
0.0
0.0
0.0
0.0
0.001470461836626127
0.0011900913503712306
0.0008639540469240464
0.000485517050973725
0.00017566798074930911
2.356770411536249e-5
0.0
0.0
0.0
0.0
0.0
1.1857395180250075e-6
6.795801603457885e-5
9.999421966938651e-5
0.00018633751647973882
0.00037066303509734216
0.0004716836774817609
0.0005576963249330525
0.0007118527816748442
0.0010756462223970385
0.0
0.0
0.0
0.0
0.0013675753592757136
0.0010786215522259185
0.0008096814088310961
0.0005446989643919617
0.00024697015214027396
3.547128169835854e-5
0.0
0.0
0.0
0.0
3.982740089760572e-7
7.907231518108623e-6
5.833278951578559e-5
0.00019057132172907993
0.00031139432039602215
0.0004089216725551497
0.00048273761424065797
0.0005925970111091552
0.000765620523797551
0.0011013946553997298
0.0
0.0
0.0
0.0
0.0014209170908572805
0.001159029888792559
0.000838803183054594
0.0005636674584229747
0.00033885202216708815
0.00015075069896729027
2.803937045464936e-5
0.0
0.0
1.052273119461634e-6
6.872494323016368e-7
6.386911303499325e-5
0.00011888281528062702
0.00019500086940879962
0.00025137256110204284
0.0003632440583912334
0.00039560623853121123
0.0004924769820138995
0.0005910905957819403
0.0008549086637453719
0.0
0.0
0.0
0.0
0.0012929782349255213
0.0010869977738636948
0.0008068085527102537
0.0005040972315045972
0.00025630797039338717
9.876106125036712e-5
0.0
0.0
0.0
1.194043807571332e-6
5.02975640603184e-7
2.667726578571507e-5
6.466368267866498e-5
0.00016396270879358223
0.00019409440071727668
0.00022235958379990863
0.00023987071229410978
0.0002874413540254613
0.0002645075787131655
0.00038877005665468337
0.0
0.0
0.0
0.0
0.0006162644478254496
0.00043126927845410365
0.0002758439517973393
0.0002965844485207794
0.0002816636913364732
0.00021477207743565856
8.750528139888893e-5
0.0
0.0
1.2110793768618913e-6
1.0941663642200338e-6
7.204968206399037e-5
6.859053821340508e-5
0.00013140817453828014
0.00016616663813129665
0.00023384170575804842
0.0002549069200164382
0.0004345617612009727
0.0006136748585363966
0.0008707511292736623
0.0
0.0
0.0
0.0
0.0010817593014767115
0.000943572633540518
0.0007667431231441018
0.0006389470361115144
0.0004708306898111141
0.0002191782319155111
5.970437100267943e-5
0.0
0.0
7.016490606645715e-5
0.0001588834973469018
0.00022754301320770075
0.00021518012043715283
0.00022545567164320945
0.00028466675525325234
0.0003954704978762649
0.0005889445918586777
0.0008196783266172968
0.0010207875758783257
0.0013369970574084054
0.0
0.0
0.0
0.0
0.001701868580339396
0.0014230900548022809
0.0011874353555049308
0.0008748074638040971
0.0005612782409988936
0.00034114063371784754
0.00019690461524517837
0.00013933426003626129
0.00014754918244158188
0.0002192534089483729
0.0002496304556970897
0.00031304351039902203
0.00028681073688842146
0.0002297939620930441
0.00026088188472665546
0.0003566486631751133
0.0003956472593975345
0.0005666023017695969
0.0007856574875636905
0.0011779848656435121
0.0
0.0
0.0
0.0
0.00137837805578778
0.001104220240264128
0.0009337048608428323
0.0008341069997911229
0.0006841789066343913
0.0004749484180913519
0.0003101385429379955
0.00016380152158954219
0.00015456128813577476
0.0002169891757467684
0.0002500158298481256
0.00032536312459449293
0.00029512166849817795
0.000295319971672754
0.00035678008709016484
0.00043587267898832684
0.0004571125694106409
0.0005364243246857315
0.0006963011088635862
0.000924479163999297
0.0
0.0
0.0
0.0
0.0012632898847081808
0.0009847900580276377
0.0008713641362634827
0.000652154131649896
0.00035024495672212155
0.00013304808493310526
8.314066945140604e-6
0.0
0.0
8.148030591605789e-7
8.880006385570874e-6
9.989983691299584e-5
0.00014674207291662583
0.00017687825307933654
0.00020187034654711042
0.00022801583079286485
0.00024312004137332378
0.0003207943934930912
0.00048483623753062087
0.0006796443156954688
0.0
0.0
0.0
0.0
0.0008986949513176774
0.0006644550086903928
0.0005956581641742242
0.0006584687423680031
0.0006103871420635635
0.00045599235769929044
0.000254178904541549
0.00014403889789391195
0.00015309912829414844
0.00021794574367831504
0.0002536722685796674
0.00027106449174239155
0.00021564718290574905
0.00022594721937565295
0.0002321671574650278
0.0002573225997265409
0.0002648544150892433
0.00031856889882742626
0.000403974345637395
0.0006673092146842528
0.0
0.0
0.0
0.0
0.0008782968334136376
0.0006211761418470693
0.0004112692392726777
0.0003397918639626237
0.00026599904426026044
0.00014939259657268907
2.0103916483349624e-5
0.0
0.0
2.189184055381784e-6
4.8129430140435416e-5
0.0001605482039009997
0.00018819149111196163
0.00041333634725529477
0.0005376763132537267
0.0005663159963445949
0.0006960044001371048
0.0009117267641477546
0.0010288812150709224
0.0012577159255694704
0.0
0.0
0.0
0.0
0.001613534908571593
0.0013544181796409122
0.0011130347041846318
0.0008684978057268237
0.0006706906197729135
0.000442741361321488
0.00020369796571330573
3.015532638712407e-5
1.8339549876898815e-6
8.293422765391971e-5
0.00017879929324318317
0.0003062341598488668
0.00038899317824269764
0.0005373636773631213
0.0005936402430108497
0.0007237187105225848
0.0007557678213365742
0.0008492746577547067
0.0010009962174149423
0.0013866443162798975
0.0
0.0
0.0
0.0
0.0012736158562771328
0.0010333474622368402
0.0008463408900892112
0.0007685571045789497
0.0006887509605194328
0.00043788345325015987
0.00020584119203263153
5.3974449360301995e-5
3.616919760961527e-5
0.00011795492435070206
0.00019350756623583466
0.00031236696369496466
0.00036148928705172115
0.0004906184438572922
0.000601713586309909
0.000739401560937898
0.0008704654499009473
0.0009793280875311015
0.0010994706596933216
0.0013685733269625867
0.0
0.0
0.0
0.0
0.0017109091314285241
0.0013860172724989295
0.0011975390590988338
0.0010309937414376428
0.0007149349277096697
0.00048044085974873336
0.0003355729206131238
0.00025164825129015225
0.0002000135196884728
0.0002154429777371135
0.0002675315257493527
0.0003598916853291562
0.0003932530368696083
0.0004540363707304929
0.0005647995907910899
0.0007339481285596851
0.0008213484354410678
0.0008933940479473868
0.0009493566861106297
0.001226354768565925
0.0
0.0
0.0
0.0
0.00143531543927426
0.0011483259212280356
0.0009703986604861471
0.0008388918707333141
0.0006454243242104557
0.0003762105977655415
0.0002030037103755098
9.672332270536046e-5
6.621459749181956e-5
0.00011547147635084205
0.00014320168994170636
0.00021414454889267961
0.0002402168543402273
0.00021495827036692046
0.00031282374559143624
0.0004768916222675475
0.0005953215751310708
0.0007187588103801772
0.0008855811120014247
