0.00027779964955818774
0.00024418360819654416
0.0003249719144360021
0.0002571741671812574
0.00033856681580102883
0.0002671545577661804
0.00035032482870950705
0.00027264064329710985
0.0003432303792172946
0.0002558998664478742
0.00031717265725806693
0.0002334931432813649
0.0002825075240637198
0.00020709645448663066
0.00025527886962530276
0.00019552539491860752
0.00025413497530535887
0.0002043124207954078
0.0002665648626285299
0.00021267112802536534
0.00027859295558060865
0.00022224102092364213
0.00029510626576026655
0.00023720991947406898
0.00030656862612799625
0.00024238139401079343
0.0003136749504890697
0.0002421930926219129
0.0002998824860492407
0.00022016270735592095
0.00015613537469321705
0.0010623192929414594
0.0009863683490271727
0.0009102351366248594
0.0008286767085162475
0.0007377086159983859
0.000662122494738014
0.0005984245249164462
0.0005644946214550145
0.000568736861965495
0.0006268639622125869
0.0007139239188086358
0.0007423428757914811
0.0007765439185650188
0.0008176479583284958
0.0008203939353037909
8.152905842844748e-5
0.00013958973902939602
0.00013082816139911097
0.00015897093269545307
0.0001356379272908566
0.00017320881490073226
0.00015209848193119832
0.0001841741521297028
4.5624552322641564e-5
0.0007702704278947225
0.0007429373829659218
0.0006590266732376109
0.0005812989796638792
0.0005440855150501054
0.0005368940305510604
0.000553761480283017
0.0005841443068871349
0.0006291065976387348
0.0006755583495220058
0.0007442618800411027
0.0008064044498075958
0.0008373587461193321
0.0008763293702976451
0.0009360916882250967
0.00010023322679733445
0.00016181436874568723
0.00015614456077550233
0.0002074291159932944
0.00018621468169804833
0.0002387537339932828
0.00020847458931188032
0.00026277147253867786
0.00011329419027366875
0.0013372393079621743
0.0012952250963644875
0.0012912896731569429
0.0012783540030374357
0.0012597609625875658
0.0012401890204901227
0.0012088726830361176
0.0012070541681388628
0.001213626442023386
0.0012099796886008895
0.0012302232259278419
0.0012563229427733295
0.0012785051648613716
0.0013166071299502238
0.001331052621760846
0.00017885672046861218
0.00020828110647683876
0.0002973918379920239
0.0002476846312815363
0.0003253112970915085
0.00026175833523682274
0.0003401532854878787
0.0002728040440608526
0.00020372735811186434
0.001442474362142742
0.0014024797942000628
0.001371865860697846
0.0013311710446131737
0.0012714085213247
0.0012117035109055025
0.0011658473225795425
0.0011463027182664432
0.00113997719310487
0.0011496848620878425
0.0011956753726339027
0.0012454458026448128
0.0012616895206936504
0.001303942330297831
0.0013298896954758947
0.00017861877593820558
0.00020808200761900903
0.0002974418320989038
0.00024786052011157217
0.0003275640024218406
0.00026951653800503026
0.00035919771788138136
0.0002895248547207576
0.00022051640631985293
0.0014875364254068875
0.001428381875108465
0.0013712958427050895
0.0012794844154303073
0.0011853453450491201
0.0011280048948669101
0.0010622494504753438
0.001036025677296649
0.001052721072245573
0.0010864351292490014
0.0011428503130809175
0.0011921734105151958
0.0012236079688270804
0.0012620960580867631
0.0012768604861458073
0.00016984964037302898
0.00020180236669870285
0.00029227795705021454
0.00024808530145733625
0.00033285520827802505
0.0002685266899416491
0.0003502198197313605
0.00028006006362188575
0.00020731877395291587
0.0014398494565517424
0.0013914808403576533
0.0012843498018400069
0.0011642090408357788
0.0010568271665741796
0.0009625201568063734
0.0009065935780667268
0.0008675921567086744
0.0008509785319980349
0.0008855089401857333
0.0009689454446212389
0.00011692392121521306
0.00017909992690630166
0.00016291900135663172
0.0002028131767119037
0.00017107399564652851
0.00021363662219524857
0.00018549902558787223
0.00022947709285959622
0.00019134669332487481
0.00022791130923181555
0.00018770998385989494
0.00023506305909033574
0.00020680476524528548
0.00026250464364381565
0.00022164773985550222
0.0002606636818730303
0.00020703612139010515
0.00024266042457267754
0.00019571383041737357
0.000230281601397929
0.00018682461417852936
0.00022717451810586216
0.00019498097515324418
0.00024302098442232592
0.00020758336090177817
0.00025944345625579035
0.00022220515861287802
0.000278040154247991
0.0002361263173227279
0.0002909049736124282
0.0002474188479484134
0.0003089820781593028
0.0002605275330459909
0.00032081175220533974
0.00027145076662431005
0.00032946150652667273
0.0001722246171030077
0.0014786106588978542
0.0014606952162791802
0.001379940991793472
0.0012558913085319006
0.0011694742702059186
0.0011202439524287632
0.0010698488057713294
0.0010377537669744505
0.0010408234030207435
0.0010698135993413482
0.0011524200037442763
0.0012217045205546694
0.001249944823066825
0.001271742456382313
0.0013164273556126942
0.0001739776857990307
0.00020029012759093437
0.00028635835464150454
0.0002344743326362994
0.00029804081080520776
0.00023679009589612293
0.0003023797244158011
0.00023412391908802117
0.00016245598340610765
0.0012074355247597755
0.0010950053203618664
0.0009882240674542807
0.0008854892358677766
0.0008014158607317023
0.0007401161620967771
0.0006953482121275907
0.0006612317603005257
0.0006583316529043144
0.0006764650198786432
0.0006908190880401113
0.0006924264490027708
0.0006571525807702695
0.0006327015087051497
0.0005706063660327567
3.574730548951124e-5
9.302298478121494e-5
8.687064985194313e-5
0.00012333737290086722
0.00010014298459927989
0.00013350927006967224
0.00011055565864540724
0.00015511422314139298
3.2039995357825895e-5
0.0007211860924671922
0.0006963936473798419
0.0006571512646802514
0.0005846335290243499
0.000490274718982639
0.000410486360288505
0.00038082846025762443
0.0003747787121045012
0.0003567834535438294
0.0003548365925765077
0.00036977483228934504
0.0003852481519290102
0.000390856890412671
0.00039107230162073225
0.00038512977789200765
0.0
5.088062093194328e-5
4.820315547172571e-5
7.03710471838719e-5
5.5903470358344636e-5
7.51346593881849e-5
6.127065762858448e-5
8.396571613504847e-5
7.790143856935689e-6
0.0003619053325039109
0.00032641310466581254
0.0003598922286596351
0.00042536691567725423
0.0004788630779780462
0.000522091426503176
0.0005662318064137875
0.0006141743432137746
0.0006472385831153192
0.0006822423991986916
0.0007115065750176264
0.0007583214720390138
0.0008303789585351965
0.0009223438482063983
0.0009734326781862568
0.00010644070082445864
0.00017787411210267874
0.00017624988676781693
0.00023567455176150683
0.00020864679506171595
0.00026784881773466086
0.0002310098785540767
0.00028568811205339
0.0001236055868764704
0.0012620728751358442
0.0011852460275050224
0.0011248193859077292
0.0010644519984199503
0.0010066966131659111
0.000935820764133266
0.0008518506389403515
0.0007950837464631335
0.0008037862020978922
0.0008488133669735896
0.0008777045571582044
0.0009504164924408751
0.0010268104496171755
0.001047517139293101
0.0010697534066790582
0.00012774920056767846
0.00020619161809530152
0.00019298786438279824
0.0002412860233262402
0.00020347811026069737
0.00025179727720388387
0.00020901342061226946
0.0002496814481210745
9.979414211091681e-5
0.0010267714401607669
0.0009645130309066574
0.000910503955645976
0.0008533883007567657
0.0007824372544813695
0.0007163666280524836
0.0006616965069628222
0.0006395887215122456
0.000628808731575491
0.0006261173936175071
0.0006583076901105434
6.392062154467346e-5
0.00010763193716036475
9.842407751695457e-5
0.0001195661286166303
0.00010742234312789638
0.0001367099958237194
0.00011561830311829222
0.0001406376009563794
0.00012725618502281943
0.00016305755778916548
0.00013688044944004522
0.00016819921996527346
0.00014186849842125933
0.00016813830327312124
0.00013724088655401933
0.0001535301623826203
0.00011493487558303805
0.00012250627460691705
9.393875138070214e-5
0.00010291573516918727
8.16039516214599e-5
9.192570469604572e-5
7.621148606860485e-5
9.262280545192424e-5
8.315237899650987e-5
0.00010055769415873556
8.364969247824143e-5
9.749065099974951e-5
7.797634751312688e-5
8.564138344413887e-5
6.398918658827978e-5
6.748036528146103e-5
5.5198036129128087e-5
5.7322279170444334e-5
4.861292775783317e-5
5.495242610178623e-5
4.889651644467672e-5
5.971727530567212e-5
5.13334037997278e-5
5.9632269164420435e-5
4.857832250180503e-5
4.991054136785011e-5
4.101810976214117e-5
4.368445367255489e-5
3.451969873061585e-5
3.833362643766455e-5
3.5479072300388526e-5
4.434629574441215e-5
4.070867677538209e-5
4.9446267564937987e-5
4.6902280589200975e-5
6.1027980873241615e-5
6.356327064135201e-5
8.726038320667154e-5
8.256766496981224e-5
0.00010524199401244769
9.675083883039998e-5
0.00013038786621286832
0.00011560139178238075
0.00014235360934623152
2.3868410905595017e-5
0.000647424454799551
0.0005871815598567999
0.0005666828708378506
0.0005109294006189416
0.00043853374968615084
0.0003342322575754911
0.00025662524847049853
0.0002054033116278503
0.0001603306271830059
0.00015445255932963634
0.00021008065645200497
0.0002701311414628452
0.0003126324657985804
0.0003717302407479321
0.0004957001924723288
2.6930757859583376e-5
8.455900400847752e-5
8.201404262595035e-5
0.00012029361426715134
0.0001019605966775386
0.00013474047379661086
0.0001087309810418185
0.00014910955613327615
2.8956024030057683e-5
0.0006592139367597788
0.0005599738676327191
0.0005047193895896413
0.0004569212942102029
0.0004134699923890657
0.00036697294902204554
0.0003112800930086025
0.00027167675873441573
0.000228482503265106
0.0002015901955777792
0.00021860012832196777
0.0002418979525218421
0.0002462683702927438
0.0002725903262395824
0.0002874453620344917
0.0
2.3240676548583535e-5
4.5914130842237355e-5
3.821462751640817e-5
5.4187022678661495e-5
4.549695961972545e-5
6.045698505902701e-5
4.771770570106658e-5
8.805547894799786e-6
0.00025995752082450446
0.0002093748422568031
0.00019057844569968398
0.0001824603833052017
0.00017520981314558392
0.00016850826341535785
0.00017788724602217323
0.00016868429393007098
0.0001376188836225064
0.00015263420646078566
0.0001941227488606129
0.00020908705030596116
0.00020615513989384593
0.0002205782354016903
0.00022495738402191306
0.0
8.288110670472546e-6
3.2718509907159574e-5
3.291774559218105e-5
3.9320810987822974e-5
3.940793345376526e-5
5.2628720300022934e-5
4.8922355141651e-5
4.237098732181704e-6
0.0003371479647143768
0.00031257870401430154
0.0003064514727145881
0.0002991326150854017
0.00029268939641574095
0.0002869953691428827
0.00029444311558198124
0.0002993133900168588
0.0002960271776873836
0.0002924299773505552
0.00031206832343957214
0.0003576836237672162
0.0003746256907292938
0.0003903211619393826
0.0003954846130402001
9.545131743091328e-6
5.8026235136957136e-5
6.394324206128892e-5
8.722887834900133e-5
8.674904373543993e-5
0.00012089984135185495
0.00011749770342260642
0.00015737565643541112
3.014341549782928e-5
0.0008742796494288244
0.0008401663405391862
0.0007717037540478177
0.0006798400253605234
0.0006129475393106701
0.0005288056736284658
0.0005088463634110482
0.0005628552438913688
0.0005899706850104664
0.0006414916078072452
0.0007088884266218597
6.627929595200217e-5
0.00012771454349045554
0.00012401513326545325
0.00016879258878076356
0.00015123620242758737
0.00018672596581318233
0.00016724511804180165
0.00021400837934261888
0.00016987671429010123
0.00019191451568607268
0.00015593212708584294
0.00018861618164571131
0.00015412368233324222
0.00017961282163859692
0.00014543946242061385
0.00016829437173458044
0.00013068345110952358
0.00014241324337363736
0.00010929926823071695
0.0001284603802644588
0.00011198620963525304
0.00014347861855594106
0.0001315601551809655
0.00017236259426836725
0.00015433628868006087
0.0001986909428585536
0.0001762912871892249
0.000225075093449087
0.00019459219340878963
0.00024463912659819097
0.00021029958306082754
0.00026197702500715476
0.00022076915199345471
0.0002741118027698918
0.00022924832015162874
0.0002726795916742449
0.00012211483576977754
0.0011730699144640868
0.0011094966346130732
0.0010581055350909992
0.0010087521627769114
0.00095771626303752
0.0008981786074233898
0.0008394600756078014
0.000794529175274398
0.0007751780535077765
0.0007546842510711876
0.0007477690019156145
0.0007593001719326085
0.0007610619708767785
0.0007694753743798546
0.0007993372609089916
8.269589376286467e-5
0.00013863023752980612
0.00013353986566376185
0.00017590987239872048
0.0001545503683840039
0.00019401642855374588
0.00016626111954526603
0.00020322928036970966
6.324300089291414e-5
0.0009294405104996975
0.0008501214315599362
0.0007935804475094095
0.0007298617475266515
0.0006583259090478969
0.0005835968639381962
0.0005262978216559979
0.0004934106488854371
0.0004625703204865662
0.00046022652960731123
0.0005163151059706939
0.0006046143653572717
0.0006578156381272964
0.000695907482572883
0.0007380472433389377
6.945687403201787e-5
0.00013082873960821909
0.00013292213790491259
0.0001818284892188048
0.0001654881162253078
0.00021525060347785544
0.0001894801240205236
0.00023851211383723293
8.732941557886206e-5
0.00116394935364701
0.0010996436092227954
0.0010542958572750006
0.0010043803469158643
0.0009609241440841919
0.0009132943649072064
0.0008831305512645376
0.000859879341852518
0.0008581307634449854
0.0008776354493266593
0.0009098615219221149
0.000952000592300002
0.0009688657818583644
0.0009996104363082326
0.0010446989529096019
0.00012182946873823985
0.0001952302518367139
0.0001881344654538645
0.0002550241887727459
0.00022544157070204977
0.0002818107968773357
0.00023927403470774125
0.0002995771796166836
0.00014004413157651043
0.0013920473636059854
0.0013088188456397505
0.0012134792159650865
0.0010984449580554456
0.0010342921753699822
0.0009537506652259817
0.0008916703669813086
0.0008946399414706193
0.0009123258705426398
0.000946029770351426
0.00100135847774719
0.0010960617537308854
0.0011324374141476374
0.0011387583069031976
0.0012008677365948212
0.00015730560670856324
0.00018370298966683768
0.0002694774477508423
0.00022855021656545554
0.00029568220243082614
0.0002312413008520782
0.00029300363388854545
0.0002258480855150688
0.00015148049797605726
0.0011259628649367063
0.0010173723691579795
0.0009195735963078158
0.0008195101049884496
0.0007265194064708093
0.0006417216030144698
0.0005698949156153217
0.0005374903179218111
0.0005128103919180993
0.0005370138827545789
0.0006012333671329573
0.0006528247573762936
0.0006699723916836547
0.0007531382045614146
0.0007965381050476826
7.352684521250555e-5
0.00013749784414852443
0.00013596154632366898
0.0001853436932759421
0.00016825929119042497
0.00021770644596788292
0.00018802982730385914
0.0002324603533144191
8.602629232979964e-5
0.0010411160367063688
0.0009803224498301669
0.0009261547218776244
0.0008541549665970979
0.0007729919265094644
0.0006768589674868299
0.0005995093300890083
0.0005639448317634324
0.0005444335663935462
0.000542131193754495
0.0005466679801647113
3.466876801230249e-5
8.624961924339547e-5
7.79513426203786e-5
0.00010731854407244784
9.039528127854353e-5
0.0001218552250503356
9.821400889372066e-5
0.00012800496548115453
9.789865725320537e-5
0.00012675383341479728
0.00010129797610945901
0.00013211743542786253
0.00010217268296079395
0.00013004002525626414
0.00010047482350760014
0.00012390012351812707
8.570589953307706e-5
9.43089562488316e-5
5.7722089787726124e-5
5.967593529022292e-5
3.8333308801394686e-5
4.998165651922465e-5
3.957877754459708e-5
5.4418953666015135e-5
4.321394492624635e-5
5.702723811979403e-5
4.62978116016528e-5
6.473394625093472e-5
5.115550950147827e-5
7.466469754184498e-5
6.469032530936655e-5
9.354238943387281e-5
7.441836076733467e-5
9.671671386426643e-5
7.120677591198463e-5
8.727337505673743e-5
9.276554706514392e-6
0.00035981032399885445
0.00031808627622372405
0.00028466293131349744
0.00023291837574986239
0.0001867300516077903
0.0001669388800541338
0.00014211224473720566
0.00012247179581384166
0.00011507165506560123
0.00010785179820993308
0.0001114501191109631
0.00012455008557507428
0.00011472229131132688
0.00012783496313004488
0.00013996883831425569
0.0
0.0
2.296667564124667e-5
3.611673628605868e-5
3.916615177429769e-5
4.6131020577518946e-5
3.914484104739735e-5
4.6090393530331187e-5
2.626047734941588e-6
0.00033179266962680786
0.0003771978603792483
0.00043299685245176515
0.0005013801491485797
0.0005389481101715106
0.000567624946492813
0.0005958445522690498
0.0006184213303533193
0.0006561767015848629
0.0006869604662478943
0.0007198390532925263
0.000792318023087705
0.0008642429492844093
0.0009314061538246015
0.0009697893620359549
0.00010230005373433352
0.0001689477006301816
0.0001604698940588705
0.00020748070544751715
0.00018045560949554883
0.00022677224046305244
0.00019407771328459216
0.00023683603542134647
8.808171018751657e-5
0.0010655308820290742
0.001013510975713369
0.000981089919800779
0.0009473259316935008
0.0009155163096091752
0.0008838551019838196
0.0008661161395098818
0.0008605771826535328
0.0008406161691900713
0.000824539867266044
0.0008304764302347887
0.0008334620786727881
0.0008297918597476149
0.000827470067025652
0.0008200375586629778
8.324634597219006e-5
0.00014302456401287005
0.00013404339054691786
0.00017037376188461687
0.00014580248648229601
0.00018101701434884422
0.00015381156443146766
0.0001859077360805437
4.853179466775094e-5
0.0008035722462117366
0.0007633959765678336
0.0007285697138449385
0.0006800572759204116
0.0006356798762051682
0.0006165310340837154
0.0005966963373675249
0.0005810424104037008
0.0005755493349029836
0.0005547182697907165
0.000548758401472036
0.0005792947837747708
0.0005959199096645419
0.0006089850125361538
0.0006257709361064508
4.497371235934715e-5
0.00012507543879590425
0.00012750051163995922
0.00019710216831886153
0.00017277397842207774
0.00024080948716178382
0.00020343670825219017
0.0002799160699556974
0.00012395264173801346
0.001344239092034808
0.0012775980958061686
0.0012032801851465651
0.0011325876350141019
0.001058416217701984
0.0010033245712311502
0.0009560729701481525
0.0009270720339751103
0.0009208957269218477
0.0009284154480708389
0.0009877816907152487
0.0010947232909038346
0.0011596296158022338
0.0011436582877477942
0.0011326016503027056
0.00015038883035472644
0.0001880380258256682
0.0002826100222989686
0.0002445866219888829
0.0003374974230453375
0.00027896889466232555
0.00035340727384898404
0.0002748637595668786
0.0002007495382332232
0.0014281421387189737
0.001371598159379343
0.001297018085415693
0.0011826935652991294
0.0010694993318098459
0.001002272888098239
0.0009184628300392626
0.0008463957851176948
0.0007867821969048342
0.0007628725916386201
0.0007376294029136281
7.702018034070356e-5
0.00013148424059340676
0.00012165428520548576
0.00015246974813587158
0.00013125470348073441
0.00015953069502127375
0.0001330412439794144
0.00016307412183890776
0.00014029067878595125
0.0001726746622005628
0.0001449183283828686
0.00017566484683269584
0.0001470162765564149
0.0001758964207467683
0.00014463994744955822
0.00017204139585045355
0.0001396247242995034
0.00016468474188580193
0.00013482497608194893
0.0001568950408487907
0.000127563182341284
0.00015190768663229072
0.00012626563625512546
0.0001513541533583617
0.0001263440941451633
0.00015369622134520796
0.0001320083662651184
0.00016148434131876943
0.000135491290503266
0.00016553663259851704
0.00014186743968178702
0.00017354394778542337
0.0001501306213565205
0.00019928608638764721
0.0001803837398949101
0.00022302053329827242
8.088272529795082e-5
0.0010404051997268359
0.0009553883409864011
0.0008565760773440975
0.0007537204451420465
0.0006699445958047586
0.0006191865750184265
0.0005806127064116005
0.0005591351539797413
0.000548993459525824
0.0005687334420071106
0.0006053084002462241
0.0006720589782225673
0.0007237509323638408
0.0008164223649492633
0.0008869281680882191
8.814143794996519e-5
0.00015557666918311202
0.00015812276377854078
0.00021648231642317932
0.0001995424573325619
0.000265598958842762
0.00023092226310144593
0.00028251699519864665
0.0001239535000460898
0.0013732606357295543
0.0012614000273002864
0.0011164321062985508
0.0009834375024043909
0.00087806622124417
0.0007915797631975962
0.0007206019827165053
0.0006774414701793054
0.0006447461507738096
0.000681950034358058
0.0007834757226084433
0.0008558518065314082
0.0008886037447402774
0.0009549559817291846
0.0009621924919930914
9.818527609724214e-5
0.00016019817071829257
0.0001557057355798098
0.00021259011791142696
0.00019193140412928004
0.00024101055892824594
0.00021185706551033492
0.00027038158403903267
0.00011299221052134555
0.001277292127360854
0.001216730515477939
0.0011312559543911207
0.0010322683646176016
0.000952354080420205
0.0008773492994223529
0.000794979141714353
0.0007558563202500876
0.0007483869277011638
0.000742254785050723
0.0007754733157663945
0.0008121624559363008
0.0008311795952728018
0.0008551184938219945
0.0008601785954252455
8.446357413609982e-5
0.00014933628422458215
0.00015231819259109056
0.0002126572172448417
0.0001916138373551232
0.0002438052278676385
0.00020422825665839485
0.00025281936310026583
0.00010406928287595364
0.0011849998874105827
0.0011436405526352384
0.0010385299554102002
0.0009222216596004284
0.000807820791353698
0.0007031121277316399
0.0006475580724437783
0.0006280037726376325
0.0006063742722867766
0.0005891982702638552
0.0006098366466197319
0.000637088862989128
0.0006279156840611006
0.0006023731628893584
0.0005576844202336599
2.9343087018180296e-5
8.215941047960769e-5
7.500574958527839e-5
0.00010120235143267355
7.568167658573005e-5
9.265154103784987e-5
7.114965229081913e-5
0.00010122940551100537
1.3975677679936718e-5
0.0006249780763955727
0.0006280686188672588
0.0006326189595858914
0.0006491844244916166
0.0006506709781055809
0.0006393471133075339
0.0006062808623588812
0.000593122459934912
0.0005784259919461015
0.000578930283109625
0.00061676337795734
0.0006968380274709552
0.000754512278528752
0.0007925333515742303
0.0008272821518309191
7.949654890538779e-5
0.00014155074828904677
0.0001347719934912542
0.00017106122635106007
0.00014442314945342186
0.0001719727826407901
0.00013831536492874363
0.00016275441702565707
3.470789181199701e-5
0.0006095077676755342
0.0004753767742765916
0.0003753566845905356
0.00029232474810227224
0.0001934081740700028
9.804823322834664e-5
5.8573014894837774e-5
5.589069637371935e-5
6.173245262295923e-5
7.24312189087874e-5
0.00010552247561587891
0.0
7.308680665539998e-6
3.4018504574829115e-5
4.0660181635636884e-5
5.471185759135605e-5
5.4377318882953264e-5
7.254142193370103e-5
6.923087677586319e-5
9.618261380288829e-5
9.404537412616149e-5
0.00010705008539499878
9.099326982729979e-5
0.0001294507781615375
0.00012016981968508314
0.00014434189473382545
0.00011586115640235468
0.00012891595277176142
9.881521802753154e-5
0.000108574770919729
7.845947028369528e-5
6.931252649079377e-5
4.691711383508526e-5
5.3505738472831906e-5
4.6637995694179675e-5
5.498003530414636e-5
5.021997339273086e-5
7.274535237849803e-5
7.092313114763474e-5
9.111944520250405e-5
8.301287117012485e-5
9.96971991077461e-5
8.44993569235734e-5
0.00010030902273720184
8.408783062829338e-5
9.682373362500442e-5
8.31388494083664e-5
1.3898170496007112e-5
0.0005131905021851724
0.0004780022750298049
0.000484444763633817
0.0004977143339428478
0.0005126355967437188
0.0005150527924054662
0.0005071997380942238
0.0005130556369847576
0.0005317313833400529
0.0005499224416120876
0.0005793864616002723
0.0006052125728776285
0.0006096376549151475
0.0006334422120066734
0.0006622618158397693
5.367367807587363e-5
0.00011094204930462768
0.00011095259649283672
0.00014840647571650865
0.00013585563897521385
0.0001747794296826349
0.00015233343552500042
0.00018879796895410552
5.159243097163695e-5
0.0009011250374369146
0.0008392086204142071
0.0008194307860970762
0.0007531445241020097
0.0006898047669065077
0.0006398752530417775
0.0005946653293605774
0.0005763469657708233
0.0005691626294705503
0.0005755028009129081
0.0006050443353087287
0.000648017994805336
0.0006655191761479475
0.000692882446179354
0.0007356151813667386
6.250521730090501e-5
0.00011830766946617949
0.00011358617017059676
0.00014381243333066952
0.0001232903516953733
0.0001513683716754328
0.00012675710856239992
0.00015045764445267804
2.66959881528701e-5
0.0006312549088716396
0.0005804407759513415
0.0005458169085394836
0.000512949355441587
0.0004804769626399754
0.0004490411618217646
0.0004175384597208861
0.00040029179330682035
0.0003797721060030976
0.00035023248646655255
0.0003308006246333324
0.00033500329683609754
0.0003275379124341539
0.0003027826689529005
0.00026998208278586713
0.0
3.955459599564801e-5
7.018647978260195e-5
7.485103922387316e-5
9.648400377951653e-5
8.795343633046463e-5
0.00011366531318251852
9.56803699973794e-5
1.4213769882713171e-5
0.0005308916335036495
0.0004891981246439285
0.0004559317779948439
0.0004355997028941819
0.0003915735020287282
0.0003027362169629523
0.00020934814017784434
0.0001879255827063705
0.00023474363687693697
0.00028228346821468234
0.00035494256054734424
0.00044674920488215554
0.00047939168398280775
0.0005497282602610064
0.0005889008307936485
3.6291046818045014e-5
7.414682400710482e-5
0.00010537576500412687
9.968028411669699e-5
0.0001296561564977301
0.00011896039242652984
0.0001496940813192116
0.00012300055506986733
2.5524395416351475e-5
0.0006305837965050495
0.0005420765540157752
0.00045914462690259465
0.00036218457011010446
0.00026885834823326684
0.0001848743308000334
0.00011599593561084716
5.1042440103203166e-5
2.7546970972681242e-5
2.8729688986282227e-5
4.372404345420395e-5
8.446111295398275e-5
8.703829564925047e-5
7.618963474203889e-5
6.884845256619757e-5
0.0
0.0
0.0
1.1724328044962852e-5
2.1174190871585987e-5
2.9616338494853125e-5
2.5808264827384154e-5
3.904825716149925e-5
1.8980290208311645e-6
0.00022706588659775589
0.0001818252490835732
0.00014619559227861965
0.0001152994490383261
8.259452039622301e-5
5.2012461425563756e-5
4.0493740518790697e-5
6.232096051419317e-5
9.053013173817294e-5
0.00011670398896260175
0.0001493594533244533
0.0
0.0
3.221427727393206e-5
3.439495102331545e-5
6.24183630306867e-5
5.8569413309778595e-5
8.654474094754333e-5
7.823239144345807e-5
0.00011114921065062433
9.075673057707901e-5
0.00012685211448690587
0.00010806709608468076
0.00015226183734237802
0.00012796300406826044
0.00016019381730508764
0.0001151086994286389
0.00012245573143584228
7.904150535902304e-5
7.186169330154556e-5
3.980896416560837e-5
5.146969827919257e-5
3.529349576852089e-5
4.55597113592991e-5
4.191138367864227e-5
6.127374848030006e-5
4.818783142742611e-5
7.179524677090305e-5
5.788612151960304e-5
8.075346856957946e-5
6.953594151244417e-5
9.718994342769893e-5
8.219219540495277e-5
0.00011560318991772145
9.335001708735743e-5
0.0001236110457283403
0.00010297981256946841
0.0001345437504175394
0.00010113727401559185
0.00012482181016609405
9.086981743344571e-5
0.00010745137345738775
7.108631123244272e-5
7.370200604493116e-5
4.914034112965958e-5
6.181390955342651e-5
4.68548326944821e-5
6.073383155593943e-5
4.501133091565092e-5
6.173307524679899e-5
4.866773818186189e-5
7.042620958322669e-5
5.6954970974843575e-5
7.39259642873656e-5
5.554478155441401e-5
7.053507158142658e-5
5.3730998785907925e-5
7.042821322387153e-5
5.38106793435316e-5
7.098003461889861e-5
5.335970449438758e-5
1.1382966865859267e-5
0.0002490140498071669
0.00019773057891481059
0.00019213699920070623
0.00019152208435883056
0.0001935150462786057
0.00019290423156332506
0.00018418585347571402
0.0001762335715800443
0.00018467151351297498
0.00020458945490668752
0.0002197238052821033
0.00024598735200930113
0.00025859396235148544
0.00026822635185111014
0.00027105615628195747
0.0
2.8202650410345155e-5
4.761454465951098e-5
5.143316544304813e-5
7.177201916478277e-5
6.985966387503562e-5
9.102041643832648e-5
8.6767174997584e-5
1.3396248902904235e-5
0.000595185983757696
0.0005454937722493557
0.0005126874768535244
0.00047747102890951084
0.0004425561997970261
0.0004206343194559528
0.0004020814677253179
0.0003989372743258298
0.00041057902572257663
0.0004313085244192222
0.00047412414850938353
0.0005319136006080584
0.0005644467711344513
0.0006202935053162198
0.0006627227123436006
4.346673556765983e-5
0.00011119270777440513
0.00010045631807478763
0.00014872228648559542
0.000128908387863252
0.00018238618550212428
0.00015434545691950325
0.00020605924512162683
6.584880976044804e-5
0.0009397850648518829
0.0008623400129717368
0.0007881217711822895
0.0007170439005283363
0.0006569893485757032
0.0006090414877791874
0.0005784335727496502
0.0005607703057714358
0.0005335881867659115
0.0005322188324950453
0.0005682273196677258
0.0006338119950671104
0.0006659969209125193
0.0007073463281416716
0.0007250063259359289
6.689409277140736e-5
0.00013658949846436142
0.00012822027961164586
0.00016663418737208893
0.000152975049512106
0.0001947746620877423
0.00016574140110385161
0.00020619698604966975
6.643196705921755e-5
0.0009412262500318321
0.0008366141125829726
0.0007416438100384194
0.0006548225983757783
0.0005826971960557647
0.0005220434821590067
0.00048644162760539306
0.0004766541886101127
0.00047170382674308
0.00046621697651888207
0.0004910538531707588
0.0005688246372101625
0.0005976278537627053
0.0006294354311341818
0.0006470071260935103
4.146985969283945e-5
0.00012131351121702914
0.00012299741054534123
0.00017854504260212434
0.00015596227081354243
0.00021499088673537515
0.00017578182256313045
0.00023106510224912775
8.602955569439278e-5
0.001020819084352274
0.0009312361204288688
0.0008089991314983377
0.0006658621415597451
0.0005473381621544912
0.00046732312673335375
0.00040850131611825584
0.00038431991121046547
0.0003607424648935373
0.0003624320027285435
0.00041956004733198835
2.6327540347876873e-5
5.481352498015469e-5
8.558450135062077e-5
8.446297931054365e-5
0.00011126531441431037
0.00010276990657581228
0.00013356160445056377
0.00011866107411939098
0.00014373712968012884
0.00011950522664121644
0.00014711339659329134
0.00012621115813601106
0.00015341909383554287
0.00012770477047001637
0.00014773959436410684
0.00011256646737585886
0.00011398979961315743
8.125812656944923e-5
8.422159308330245e-5
6.413227551171566e-5
6.905195819743234e-5
5.323002581404201e-5
5.755845324355903e-5
4.938226439761658e-5
6.480905043195775e-5
6.242730674368105e-5
7.892469172913317e-5
7.36427412104734e-5
9.513008969975764e-5
8.413200534726019e-5
0.00010213065960293576
8.770706127319698e-5
0.00010961320465965269
9.713332707711507e-5
0.00011966991769259123
0.0001011116041763575
1.748098200359369e-5
0.0005455041321598548
0.00046644527521321106
0.00038176024525732707
0.000309740084449545
0.00023409315384264202
0.00015018569937509923
8.148059173625373e-5
5.1192173465685366e-5
5.539201397080262e-5
5.673708004446048e-5
7.537690255282583e-5
9.963772758968325e-5
7.466271549536852e-5
3.719151005361659e-5
3.403320169088345e-5
0.0
0.0
1.268399784199857e-5
2.3769038361294714e-5
3.275346158366646e-5
2.9159383022941814e-5
2.807055097081911e-5
3.1600215329567134e-5
2.935501606483796e-6
0.000360888782938698
0.0004130935228314526
0.00045256782064740443
0.0004428707263142672
0.00039707415761158527
0.00035596634295662186
0.0002976870362857334
0.0002476330118407568
0.0002454305394035988
0.0002646395054130414
0.00030956874578492543
0.000368886221198259
0.0004214426964284391
0.0004799508414073968
0.0005056404941328929
2.4003986114090636e-5
5.821355836772206e-5
9.366017819196159e-5
8.00709848052908e-5
0.00010909623341487529
8.88301358570315e-5
0.00012062431799071938
9.647955090809277e-5
2.5396128412682596e-5
0.0005440902458081772
0.00047962376694693677
0.0004355866136539356
0.0004002315816474334
0.0003967103134283963
0.0004008282936874646
0.00037888186621153796
0.00036221686541533515
0.0003583870061897308
0.0003541877784732474
0.00034829084248679594
0.0003690497357041136
0.00038499049262022005
0.00039896298220735196
0.00040361624607098334
2.471670628305539e-5
5.286875066357727e-5
7.644878765549207e-5
7.284892159312082e-5
9.039375191605378e-5
7.876867617098184e-5
9.698660230170468e-5
8.529153740407238e-5
1.2529138781418401e-5
0.0005162061487224928
0.000450939844708484
0.00042099825068913016
0.00039735566284592995
0.0003658919394213538
0.00034938396502123413
0.0003428241994024492
0.00033700982912765714
0.0003168672262622668
0.00030098198727979104
0.0003078897691334579
0.0003405283692192951
0.0003585327213776512
0.00037323633395819003
0.0003780622862422006
1.5987000212123784e-5
3.826407845059794e-5
6.88368641687487e-5
6.103656441089716e-5
8.657987795395648e-5
7.123634518190147e-5
9.707807024535571e-5
7.7253244444771e-5
1.6671426350217375e-5
0.0004392782500023624
0.000372931501250708
0.0003578976486681416
0.0003730956154876983
0.0003620999844539626
0.00034439281831087447
0.00031905382121438395
0.000313899824175153
0.0003029697141286886
0.0003142824321997665
0.00037600973552734775
0.00048023548284602003
0.0005486681695901263
0.0005991442140622042
0.0006459861150961566
4.1164608472098215e-5
0.00011425335122023769
0.00010850161567252109
0.0001511417711291927
0.00012401985952674392
0.00016581175791035473
0.00013285378418597426
0.0001740379112854186
3.966437127327052e-5
0.0006990903627186015
0.0006377641669809886
0.0006131146276754411
0.0005929948302237272
0.000562634923737276
0.0005335760319904579
0.0005041337814729937
0.000508794441700005
0.0005114109209964084
0.0005256743152928766
0.0005423351266280348
3.201575664925737e-5
8.208240728625463e-5
7.513666579422992e-5
0.00010481657489972172
8.685663446715161e-5
0.00011885972736303973
0.00010045869667965053
0.00014016913300326603
0.00011453777363916635
0.00015199063671052882
0.00012379044276909697
0.00016453139263032047
0.00013163389291764006
0.00017463645026904635
0.0001377778158843026
0.00017295954127122623
0.00013274202748709624
0.00016786583252903785
0.0001278593042305611
0.000160768718152926
0.00012454381102633782
0.00016724126836427554
0.00013328509280754322
0.00017680006602012065
0.00014826862176776253
0.00020150266032175376
0.0001671681065282011
0.0002315781092085766
0.0001953749668395051
0.00025406475482106137
0.00020273413104206838
0.00026747284643002014
0.0002125221107332022
0.00027478717938356586
0.00021598190386567246
0.0002621777632423077
0.00010640508054632807
0.0007825547226694595
0.0006412051036912456
0.0004842209150695585
0.0003648786051749116
0.0003120162278690217
0.0002855229587473392
0.0002863096025600118
0.0002851775177012028
0.0002747324112340895
0.00025002355072801445
0.0002561073426406936
0.0002802238683745249
0.0002836636933939078
0.0002934499281175253
0.0002964683049464713
0.0
4.410273228153539e-5
4.6832529958418256e-5
7.227808540261425e-5
6.274593134352578e-5
8.95163742652678e-5
7.836573574591229e-5
0.00011669460826828435
1.4976324032268359e-5
0.000574209407616183
0.00047933907308594475
0.00042614710721012287
0.0004147246053968932
0.0004035136805042518
0.00039196997144141336
0.00035905045551217515
0.00033290985763552824
0.00031907824354552466
0.000326856069112501
0.0004058027890816709
0.0005021019210013808
0.0005058807436844706
0.000510881169875501
0.0005451821248744108
3.629689503826088e-5
7.535715110283115e-5
0.00010709575682068623
0.00010279846724416452
0.00014005039330821823
0.0001256594093627975
0.0001637417890218541
0.00014642666329865684
4.104882780334154e-5
0.0007291409298571487
0.0006180295212411187
0.0005214771294036075
0.0004265542515484587
0.00035646069623376136
0.0002975035103822668
0.000255186998943197
0.00022175187768449682
0.0002176653576278975
0.00022237324382025117
0.00022374805273476964
0.00025710326015630536
0.0002729642566788872
0.0002880584058066027
0.0002930069713658635
0.0
1.0418307007592877e-5
4.3958954508937074e-5
4.562776312058425e-5
5.820795369509807e-5
5.4283453144966756e-5
6.79034302691275e-5
5.96405356669801e-5
6.058840752858792e-6
0.00032736540388502154
0.00026127202181966256
0.00021774838215551795
0.00018336177064132706
0.00013280009338831585
0.00010198607991237789
7.691801263089419e-5
5.494709881082422e-5
4.252834708088057e-5
2.2255994392219025e-5
2.391304416879222e-5
4.7616373238300685e-5
8.297993421991049e-5
0.00013395185673864852
0.00013767371294744419
0.0
0.0
0.0
1.4425040772093662e-5
3.1605028111813116e-5
5.981423160681069e-5
6.30219772931553e-5
9.970628575585954e-5
1.0500643811448548e-5
0.0005648575179475838
0.0005001793344764073
0.0004277412137299338
0.0003586024727057958
0.00029918743734053376
0.00023541214079783823
0.00016883544933346884
0.0001424516781558408
0.00015380778208542425
0.00016655213689055424
0.00019524167178522114
0.0003046441610546542
0.0003876605583985775
0.00042637920748806173
0.0004261689577190923
0.0
5.033266999101415e-5
8.389911784405323e-5
8.220065449960004e-5
0.00010530244364053223
9.050157775487504e-5
0.00010924352978648028
9.70685005900414e-5
1.5904204335004645e-5
0.0005251820831979133
0.0004020331530579934
0.0003045316951147932
0.00022196757247833532
0.00014211776074869503
7.648649819141066e-5
3.3848392906247846e-5
2.047397684982223e-5
2.284963638115341e-5
1.9510893046024186e-5
2.439332827290428e-5
0.0
0.0
0.0
2.4283994761949473e-6
4.038837042747396e-6
8.164194730620794e-6
9.33341301278151e-6
1.588403732471723e-5
2.2592563216967544e-5
2.6184337754469943e-5
3.1893349600719916e-5
3.021402063726896e-5
3.754798884590774e-5
3.808817634664118e-5
5.270883492928772e-5
5.3229546798636177e-5
6.280628548113963e-5
5.567504811074486e-5
7.479651750762369e-5
6.987430561094539e-5
8.699957946954311e-5
7.461775398397884e-5
9.166573990919234e-5
7.894646894297416e-5
9.757198824850623e-5
8.852699874866075e-5
0.00011354284099077152
0.00010263094774148123
0.00012927676946696953
0.0001123843284768899
0.00014227219863401774
0.00012755153067628829
0.0001598403060517108
0.00013708883023133534
0.00016989034523617321
4.164811197815459e-5
0.0008510235382848606
0.0007646689869414437
0.0006589493740502501
0.0005736384585252079
0.00047245329780600545
0.00038869587925977197
0.0003427800487063935
0.0002951991353530127
0.0002371543060018737
0.00019091357497733134
0.00018153081767140525
0.0001940451858059808
0.00019760227533571837
0.00019280516119790991
0.00020009381656910084
0.0
7.5276647922816996e-6
3.311168837339065e-5
4.206450174666832e-5
5.583028752927576e-5
4.6196627989557704e-5
5.1882693843613995e-5
4.39660110887987e-5
3.6208382994796416e-6
0.0002644735046921863
0.00022209458322081785
0.00017713371992069923
0.00015721512555588578
0.00014723593527487755
0.00015197945182103727
0.00014791865955684138
0.0001329166354559076
0.00014669739686643836
0.00015442265200758218
0.00016031083552649723
0.00023116993453022605
0.0002879317271526119
0.0003413699112754875
0.000372206867328951
0.0
4.2476690247081176e-5
6.672881511853612e-5
6.615099487379363e-5
8.727396973801184e-5
8.322776709996746e-5
0.00010702116291611462
9.858654518658115e-5
1.6656196199670474e-5
0.0006413706766167157
0.0005239006179138265
0.00040756988533024633
0.00030044185268236545
0.00022166098559335198
0.0001767241586706963
0.0001249132234269623
7.238706847724831e-5
4.947674489608754e-5
2.9114696608753065e-5
2.5894621397710177e-5
8.477387596350289e-5
0.00013255429062460463
0.0001647783302180795
0.00021016262534221072
0.0
1.0760684175486612e-5
4.961404006566769e-5
5.756096285624977e-5
8.3162234161358e-5
8.219760070424694e-5
0.00010806210203646442
9.90066776717513e-5
1.5810625106905413e-5
0.0006514323413511772
0.0005855058208877743
0.0005422390109364114
0.0005084160519927858
0.0004609972266797036
0.00043243307199947666
0.000411029392303915
0.00036191426546791503
0.00031891392466892085
0.0003031390405438523
0.0002931241824919712
0.00035621334585591923
0.00041297471643014295
0.0004672105658080082
0.0004985978809850224
0.0
6.628186320525154e-5
6.814532506548608e-5
9.950846335866095e-5
8.437170121762702e-5
0.0001177478168199841
9.644058665996542e-5
0.00012457957472052666
1.6383034156039605e-5
0.0005554097311742106
0.00042721702731560597
0.0003099181023972532
0.00021544383925444922
0.00013022126309166523
7.605034393945095e-5
4.0465365637236925e-5
2.5571978911867222e-5
2.6365897193888975e-5
2.6822041874513207e-5
2.8382197119369168e-5
3.990409453312264e-5
4.5029583133994365e-5
5.565857491041041e-5
5.947914094857806e-5
0.0
0.0
0.0
0.0
0.0
2.3556284517648952e-5
1.844625700709586e-5
2.6385278056212e-5
9.242964575990598e-7
0.00017145003346505543
0.00011071110501205979
4.5510486153905235e-5
8.433732318130618e-6
0.0
0.0
0.0
0.0
0.0
0.0
0.0
0.0
0.0
0.0
0.0
0.0
0.0
0.0
0.0
0.0
3.1753914780899756e-6
2.960280354423799e-6
1.8594314169147913e-6
8.871219690164229e-6
1.2430282301672317e-5
1.4450384409531663e-5
0.0
0.0
0.0
0.0
0.0
0.0
0.0
0.0
0.0
0.0
0.0
0.0
0.0
0.0
0.0
0.0
0.0
0.0
0.0
0.0
0.0
8.261586676071529e-7
4.825473614880873e-5
5.576040644374522e-6
0.0
0.0
0.0
0.0
0.0
0.0
0.0
0.0
1.1999192783962334e-5
7.858351238110344e-5
0.0001797180132774374
0.00029168786778292034
0.00034446921357307917
0.0
2.864481683468123e-5
6.824945582467499e-5
6.686394697566948e-5
9.524083452668478e-5
7.822059540052579e-5
0.00010899051074705854
9.170167330276467e-5
2.1935468382562515e-5
0.0005803780703819274
0.0005156969517390423
0.00045817112836604235
0.00041234298793109967
0.00036399111034362175
0.0003184511397574679
0.0002832267721882657
0.00024509449999668035
0.00021719078016032127
0.000213535680615787
0.00021102921300265152
0.0002601211339228874
0.00033700768870791454
0.00042535838670214673
0.0004256692691433537
0.0
5.098849034385267e-5
7.578250040723769e-5
7.116440394537449e-5
9.644779355736228e-5
8.926698585963062e-5
0.00011578414854389175
0.000103768083206952
1.6647360041505726e-5
0.0005534837643683335
0.0003820901021913117
0.00020370916851179983
8.720246300597122e-5
2.4451087719689548e-5
0.0
0.0
0.0
0.0
0.0
0.0
0.0
4.2820844877145724e-6
1.9128130413898102e-5
5.978232641538162e-5
0.0
0.0
0.0
0.0
7.90338229570762e-6
8.956579992610458e-6
0.0
6.148875572351183e-6
1.9690764160536777e-6
1.5036292055089697e-5
0.0
0.0
0.0
0.0
0.0
0.0
0.0
0.0
0.0
0.0
0.0
0.0
0.0
0.0
0.0
0.0
0.0
0.0
0.0
0.0
0.0
0.0
0.0
5.021077028519922e-7
0.0
0.0
0.0
0.0
0.0
0.0
0.0
0.0
0.0
0.0
0.0
0.0
1.2025816936348636e-5
4.336747395678675e-5
0.0
0.0
0.0
0.0
2.476633018701495e-5
4.7575436273916615e-5
3.574715615790128e-5
5.1681646725283964e-5
2.941313811570479e-6
0.00021162577198379423
0.00012918074885701853
5.258789421616278e-5
7.224104772463092e-6
0.0
0.0
0.0
0.0
0.0
0.0
0.0
0.0
0.0
0.0
0.0
0.0
0.0
0.0
0.0
0.0
0.0
0.0
0.0
0.0
0.0
0.0
0.0
0.0
0.0
0.0
0.0
0.0
0.0
0.0
0.0
0.0
0.0
0.0
8.019885387989664e-7
2.0758548477721363e-6
2.8529917967878973e-6
1.2872503702164054e-5
1.4671882929499377e-5
2.579990326719904e-5
2.1852491121642944e-5
3.2337868923720634e-5
2.6793051126314915e-5
4.50159973240628e-6
0.00018387589246584844
0.00013486847657230385
8.853118900325479e-5
5.942470161720712e-5
2.9225822892576924e-5
9.517068805892437e-6
0.0
0.0
0.0
0.0
0.0
0.0
0.0
2.548211778595806e-5
6.700700846152613e-5
0.0
0.0
0.0
0.0
1.290740666674787e-5
2.2864883220289253e-5
1.824115606218399e-5
2.7644260757035083e-5
1.1640341186934596e-6
0.0001214751228149465
3.100791891222155e-5
0.0
0.0
0.0
0.0
0.0
0.0
0.0
0.0
0.0
0.0
0.0
0.0
0.0
0.0
0.0
0.0
0.0
0.0
0.0
0.0
0.0
0.0
0.0
0.0
0.0
0.0
0.0
0.0
0.0
0.0
0.0
0.0
0.0
0.0
0.0
0.0
0.0
0.0
0.0
0.0
0.0
0.0
0.0
0.0
0.0
1.2583600055638628e-6
9.78682066863202e-5
6.860326285563679e-5
5.478546270905655e-5
4.001911250450848e-5
2.405081352514903e-5
1.3622007399216398e-5
3.0562788676249684e-6
0.0
0.0
0.0
0.0
0.0
0.0
0.0
0.0
0.0
0.0
0.0
0.0
0.0
0.0
0.0
2.042098109101324e-5
6.102935162199558e-7
0.00013420175938848514
3.988223394847782e-5
2.6552816411710448e-6
0.0
0.0
0.0
0.0
0.0
0.0
0.0
0.0
0.0
0.0
0.0
3.51579525881688e-6
0.0
0.0
0.0
0.0
0.0
0.0
0.0
0.0
0.0
0.0
0.0
0.0
0.0
0.0
0.0
0.0
0.0
0.0
0.0
0.0
0.0
0.0
0.0
0.0
0.0
0.0
0.0
0.0
0.0
0.0
0.0
0.0
0.0
0.0
0.0
0.0
0.0
0.0
0.0
0.0
0.0
0.0
0.0
0.0
0.0
0.0
0.0
0.0
0.0
0.0
0.0
0.0
0.0
0.0
0.0
0.0
0.0
8.659185182414409e-6
9.201817147819637e-6
1.162165036650313e-5
2.5236940988613774e-5
4.028058655059462e-5
6.867842768308819e-5
8.233400341907022e-5
8.450096359703353e-5
8.342435733103175e-5
8.830380000535169e-5
0.00010432262852116064
0.0001534634649460167
0.00015572238242322886
0.0001769751189778921
0.0001722881980778853
0.0
0.0
0.0
0.0
2.449986026514367e-5
4.542371150316526e-5
4.158574034884801e-5
5.977277032255167e-5
3.939782601227943e-6
0.0003379617849563041
0.00021397704517025747
0.0001077286860083956
4.9651807953581415e-5
1.8119712666637025e-5
0.0
0.0
0.0
0.0
0.0
0.0
0.0
0.0
0.0
5.40093757995641e-6
0.0
0.0
0.0
0.0
0.0
0.0
0.0
1.5497350178526625e-5
2.811536608432773e-6
0.00011068942975732124
1.1704336000342748e-5
0.0
0.0
0.0
0.0
0.0
0.0
0.0
0.0
0.0
0.0
0.0
0.0
0.0
0.0
0.0
0.0
0.0
0.0
0.0
0.0
1.6625726534691178e-5
1.9881251201488217e-6
0.00017096831823508696
1.3128495238982873e-5
0.0
0.0
0.0
0.0
0.0
0.0
0.0
0.0
0.0
0.0
0.0
0.0
0.0
0.0
0.0
0.0
0.0
0.0
0.0
0.0
0.0
0.0
0.0
0.0
0.0
0.0
0.0
0.0
0.0
0.0
0.0
0.0
0.0
0.0
0.0
0.0
0.0
0.0
0.0
0.0
0.0
0.0
0.0
0.0
0.0
3.3750395035165074e-7
2.3392030805896895e-5
1.3390220638303498e-5
2.6857624951999576e-6
0.0
0.0
0.0
0.0
0.0
0.0
0.0
0.0
0.0
0.0
0.0
0.0
0.0
0.0
1.2168011599101085e-5
1.6308461768686118e-5
2.1303730728842303e-5
2.6476255610246e-5
4.679048584803518e-5
6.1244731761387e-5
8.28367539420807e-5
6.955884205588699e-5
7.071818577692315e-5
4.8295895595649356e-5
3.71163439516764e-5
1.4382172820139335e-5
5.73774879804283e-7
0.0
0.0
0.0
0.0
0.0
0.0
8.293746219390759e-7
0.0
1.0484768834505452e-6
5.239310236090878e-6
1.628601822325428e-5
2.600449921156213e-5
3.207191630001252e-5
4.655211657620722e-5
4.643406625935492e-5
7.027210037172762e-5
6.787415143837086e-5
7.151479909772975e-6
0.00031504200418745217
0.00022550472623814424
0.00014209156514676826
7.350693642326385e-5
1.651957756480549e-5
0.0
0.0
0.0
0.0
0.0
0.0
0.0
0.0
0.0
0.0
0.0
0.0
0.0
0.0
0.0
0.0
1.4310448217848694e-5
4.2312049117191465e-5
2.3634529630582526e-6
0.00013743188709371455
1.6213797801543462e-5
0.0
0.0
0.0
0.0
0.0
0.0
0.0
0.0
0.0
0.0
0.0
0.0
0.0
0.0
0.0
0.0
0.0
0.0
0.0
0.0
0.0
0.0
1.694381809042456e-5
1.5630452453156723e-6
0.0
0.0
0.0
0.0
0.0
0.0
0.0
0.0
0.0
0.0
0.0
0.0
0.0
0.0
0.0
0.0
0.0
0.0
0.0
0.0
1.4835702110313429e-5
2.6378569123223983e-6
5.270208737688497e-5
2.2305988518336478e-6
0.0
0.0
0.0
0.0
0.0
0.0
0.0
0.0
0.0
0.0
0.0
0.0
0.0
0.0
0.0
0.0
0.0
0.0
0.0
0.0
3.207476358008925e-5
2.4889114748748e-6
0.0001294098699332684
6.58517857638916e-6
0.0
0.0
0.0
0.0
0.0
0.0
0.0
0.0
0.0
0.0
0.0
0.0
0.0
0.0
0.0
0.0
0.0
0.0
0.0
0.0
0.0
0.0
0.0
0.0
0.0
0.0
0.0
0.0
0.0
0.0
0.0
0.0
0.0
0.0
0.0
0.0
0.0
0.0
0.0
0.0
0.0
0.0
0.0
0.0
0.0
0.0
0.0
0.0
0.0
0.0
0.0
0.0
0.0
0.0
0.0
0.0
0.0
0.0
0.0
0.0
0.0
0.0
0.0
0.0
0.0
0.0
0.0
0.0
0.0
0.0
0.0
0.0
0.0
0.0
0.0
0.0
0.0
0.0
0.0
0.0
0.0
0.0
0.0
0.0
0.0
0.0
0.0
0.0
0.0
0.0
0.0
0.0
3.4582423633784236e-5
1.5988290261690982e-6
0.00021615430800291262
6.558130432846601e-5
6.550883781018576e-6
0.0
0.0
0.0
0.0
0.0
0.0
0.0
0.0
0.0
0.0
0.0
0.0
0.0
0.0
0.0
0.0
0.0
0.0
0.0
0.0
5.273982852458124e-7
1.026989491243891e-6
0.0
0.0
0.0
0.0
0.0
0.0
0.0
0.0
0.0
0.0
0.0
0.0
0.0
0.0
0.0
0.0
0.0
0.0
0.0
0.0
0.0
0.0
2.7905575876774976e-6
6.29799998649871e-5
7.2383398069794975e-6
0.0
0.0
0.0
0.0
0.0
0.0
0.0
0.0
0.0
0.0
0.0
0.0
1.551149095377657e-5
0.0
0.0
0.0
0.0
0.0
1.9519352066125884e-5
2.7903061502786523e-5
3.276397051316513e-5
1.6629953129048355e-6
0.00017600230200427388
5.8779297709266325e-5
1.3148323531032236e-5
0.0
0.0
0.0
0.0
0.0
0.0
0.0
0.0
0.0
0.0
0.0
0.0
0.0
0.0
0.0
0.0
0.0
0.0
0.0
0.0
1.104184590865326e-6
6.197989490827537e-5
3.186690660368795e-5
1.5289993874221646e-5
7.57153567793261e-7
0.0
3.381679152408773e-5
9.615478219021246e-5
0.00015290962858422748
0.00016957608494280548
0.00017087946465267628
0.00017818228459598684
0.0
0.0
0.0
1.3001930033731072e-5
2.2875571722852414e-5
3.4133588723443713e-5
2.8869416072831432e-5
4.2208682979130045e-5
3.4961160939783255e-5
4.947639736944872e-5
4.0209187717255085e-5
5.799631386766727e-5
4.729131398507231e-5
6.193399097254983e-5
4.657836811135859e-5
5.623059190274872e-5
3.690368460536197e-5
3.9148902578624563e-5
2.0701736971644146e-5
1.7149641631999903e-5
4.058777732683729e-6
3.5800072499226374e-6
1.5804509455658855e-6
8.37016121693401e-7
9.984638246820207e-7
1.3590564322991006e-6
1.3149953857080373e-5
3.366673513881705e-5
4.20624240173455e-5
5.434541034899702e-5
5.212800792504222e-5
7.01412915324441e-5
6.393786391101047e-5
7.683699102250983e-5
7.11372344175967e-5
8.773043842734985e-5
9.039622194745144e-6
0.0002610651737333894
9.701654641560477e-5
4.526808103300134e-6
0.0
0.0
0.0
0.0
0.0
0.0
0.0
0.0
0.0
0.0
0.0
0.0
0.0
0.0
0.0
0.0
0.0
0.0
0.0
0.0
0.0
0.0
0.0
0.0
0.0
0.0
0.0
0.0
0.0
0.0
0.0
0.0
0.0
0.0
0.0
0.0
0.0
0.0
0.0
0.0
0.0
0.0
0.0
0.0
0.0
3.308338789312531e-6
0.0
0.0
0.0
0.0
0.0
0.0
0.0
0.0
0.0
0.0
0.0
0.0
0.0
0.0
0.0
0.0
0.0
0.0
0.0
0.0
0.0
0.0
0.0
0.0
0.0
0.0
0.0
0.0
0.0
0.0
0.0
0.0
0.0
0.0
0.0
0.0
0.0
0.0
0.0
0.0
0.0
0.0
0.0
0.0
0.0
0.0
0.0
0.0
0.0
0.0
0.0
0.0
0.0
0.0
0.0
0.0
0.0
0.0
0.0
0.0
0.0
0.0
0.0
0.0
0.0
0.0
0.0
0.0
0.0
0.0
0.0
0.0
0.0
0.0
0.0
0.0
0.0
0.0
0.0
0.0
0.0
0.0
0.0
0.0
0.0
0.0
0.0
0.0
0.0
5.137656467489313e-6
1.6701986359618343e-5
2.2618094221089165e-5
3.1337938836488384e-5
3.515684690903424e-5
4.358781164111205e-5
3.4250334661146464e-5
3.2453814578657e-5
2.2006357365081814e-5
1.1479164278665171e-5
5.810072239326947e-6
0.0
0.0
0.0
0.0
0.0
0.0
0.0
0.0
0.0
1.746790400289562e-7
7.139249367163732e-7
4.78603726965752e-7
1.3877697216446931e-6
3.651713528431187e-7
0.0
1.8763503314655866e-7
0.0
0.0
0.0
0.0
0.0
0.0
0.0
0.0
0.0
0.0
0.0
0.0
0.0
0.0
0.0
0.0
0.0
0.0
0.0
0.0
0.0
0.0
0.0
0.0
0.0
0.0
0.0
0.0
0.0
0.0
0.0
0.0
0.0
0.0
0.0
0.0
0.0
0.0
0.0
0.0
0.0
0.0
0.0
0.0
0.0
0.0
0.0
0.0
0.0
0.0
0.0
0.0
0.0
0.0
0.0
0.0
0.0
0.0
0.0
0.0
0.0
0.0
0.0
0.0
0.0
0.0
0.0
0.0
0.0
0.0
0.0
0.0
0.0
0.0
0.0
0.0
0.0
0.0
0.0
0.0
0.0
0.0
0.0
0.0
0.0
0.0
0.0
0.0
0.0
0.0
0.0
0.0
0.0
0.0
0.0
0.0
0.0
0.0
0.0
0.0
0.0
0.0
0.0
0.0
0.0
0.0
0.0
0.0
0.0
0.0
0.0
0.0
0.0
0.0
0.0
0.0
0.0
0.0
0.0
0.0
0.0
0.0
0.0
0.0
0.0
0.0
0.0
0.0
0.0
0.0
0.0
0.0
0.0
0.0
0.0
0.0
0.0
0.0
0.0
0.0
0.0
0.0
0.0
0.0
0.0
0.0
0.0
0.0
0.0
0.0
0.0
0.0
0.0
0.0
0.0
0.0
0.0
0.0
0.0
0.0
0.0
0.0
0.0
0.0
0.0
0.0
0.0
0.0
0.0
0.0
0.0
0.0
0.0
0.0
0.0
0.0
0.0
0.0
0.0
0.0
0.0
0.0
0.0
0.0
0.0
0.0
0.0
0.0
0.0
0.0
0.0
0.0
0.0
0.0
0.0
3.3323160280912877e-7
0.0
0.0
0.0
0.0
0.0
0.0
0.0
0.0
0.0
0.0
0.0
0.0
0.0
0.0
0.0
0.0
0.0
0.0
0.0
0.0
0.0
0.0
0.0
0.0
0.0
0.0
0.0
0.0
0.0
0.0
0.0
0.0
0.0
0.0
0.0
0.0
0.0
0.0
0.0
0.0
0.0
0.0
0.0
0.0
0.0
0.0
0.0
2.3445473672202986e-6
0.0
0.0
0.0
0.0
0.0
0.0
0.0
0.0
0.0
0.0
0.0
0.0
0.0
0.0
0.0
0.0
0.0
0.0
0.0
0.0
0.0
0.0
3.5513387213444277e-6
8.467708248431779e-5
4.636153868584798e-6
0.0
0.0
0.0
0.0
0.0
0.0
0.0
0.0
0.0
0.0
0.0
0.0
0.0
0.0
0.0
0.0
0.0
0.0
0.0
0.0
0.0
0.0
0.0
0.0
0.0
0.0
0.0
0.0
0.0
0.0
0.0
0.0
0.0
0.0
0.0
0.0
0.0
0.0
0.0
0.0
0.0
0.0
0.0
0.0
0.0
0.0
0.0
0.0
0.0
0.0
0.0
0.0
0.0
0.0
0.0
0.0
0.0
0.0
0.0
0.0
0.0
0.0
0.0
0.0
0.0
0.0
0.0
0.0
0.0
0.0
0.0
0.0
0.0
0.0
0.0
0.0
0.0
0.0
0.0
0.0
0.0
0.0
0.0
0.0
0.0
0.0
0.0
0.0
0.0
0.0
0.0
0.0
0.0
0.0
0.0
0.0
0.0
0.0
0.0
0.0
0.0
0.0
0.0
0.0
0.0
0.0
0.0
0.0
0.0
0.0
0.0
0.0
0.0
0.0
0.0
0.0
0.0
0.0
0.0
0.0
0.0
0.0
0.0
0.0
0.0
0.0
0.0
0.0
0.0
0.0
0.0
0.0
0.0
0.0
0.0
0.0
0.0
0.0
0.0
0.0
0.0
0.0
0.0
0.0
0.0
0.0
0.0
0.0
0.0
0.0
0.0
0.0
0.0
0.0
0.0
0.0
0.0
0.0
0.0
0.0
0.0
0.0
0.0
0.0
0.0
0.0
0.0
0.0
0.0
0.0
0.0
0.0
0.0
0.0
0.0
0.0
0.0
0.0
0.0
0.0
0.0
0.0
0.0
0.0
0.0
0.0
0.0
0.0
0.0
0.0
0.0
0.0
0.0
0.0
0.0
0.0
0.0
0.0
0.0
0.0
0.0
0.0
0.0
0.0
0.0
0.0
0.0
0.0
0.0
0.0
0.0
0.0
0.0
0.0
0.0
0.0
0.0
0.0
0.0
0.0
0.0
0.0
0.0
0.0
0.0
0.0
0.0
0.0
0.0
0.0
0.0
0.0
0.0
0.0
0.0
1.9673981175264295e-6
0.0
1.1209279429033071e-6
3.931054942938253e-6
0.0
0.0
0.0
0.0
0.0
0.0
0.0
0.0
0.0
0.0
0.0
0.0
0.0
0.0
0.0
0.0
0.0
0.0
0.0
0.0
0.0
0.0
0.0
3.8345799368571514e-7
0.0
0.0
0.0
0.0
0.0
0.0
0.0
0.0
0.0
0.0
0.0
0.0
0.0
0.0
0.0
0.0
0.0
0.0
0.0
0.0
0.0
0.0
0.0
0.0
0.0
0.0
0.0
0.0
0.0
0.0
0.0
0.0
0.0
0.0
0.0
0.0
0.0
0.0
0.0
0.0
0.0
0.0
0.0
0.0
0.0
0.0
0.0
0.0
0.0
0.0
0.0
0.0
0.0
0.0
0.0
0.0
0.0
0.0
0.0
0.0
0.0
0.0
0.0
0.0
0.0
0.0
0.0
0.0
0.0
0.0
0.0
0.0
0.0
0.0
0.0
0.0
0.0
0.0
0.0
0.0
0.0
0.0
0.0
0.0
0.0
0.0
0.0
0.0
0.0
0.0
0.0
0.0
0.0
0.0
0.0
0.0
0.0
0.0
0.0
0.0
0.0
0.0
0.0
0.0
0.0
0.0
0.0
0.0
0.0
0.0
0.0
0.0
0.0
0.0
0.0
0.0
0.0
0.0
0.0
0.0
0.0
0.0
0.0
0.0
0.0
0.0
0.0
0.0
0.0
0.0
0.0
0.0
0.0
0.0
0.0
0.0
0.0
0.0
0.0
0.0
0.0
0.0
0.0
0.0
0.0
0.0
0.0
0.0
0.0
0.0
0.0
0.0
0.0
0.0
0.0
0.0
0.0
0.0
0.0
0.0
0.0
0.0
0.0
0.0
0.0
0.0
0.0
0.0
0.0
0.0
0.0
0.0
0.0
0.0
0.0
0.0
0.0
0.0
0.0
0.0
0.0
0.0
0.0
0.0
0.0
0.0
0.0
0.0
0.0
0.0
0.0
0.0
0.0
0.0
0.0
0.0
0.0
0.0
0.0
0.0
0.0
0.0
0.0
0.0
0.0
0.0
0.0
0.0
0.0
0.0
0.0
0.0
0.0
0.0
0.0
0.0
0.0
0.0
0.0
0.0
0.0
0.0
0.0
0.0
0.0
0.0
0.0
0.0
0.0
0.0
0.0
0.0
0.0
0.0
0.0
0.0
0.0
0.0
0.0
0.0
0.0
0.0
0.0
0.0
0.0
0.0
0.0
0.0
0.0
0.0
0.0
0.0
0.0
0.0
0.0
0.0
0.0
0.0
0.0
0.0
0.0
0.0
0.0
0.0
0.0
0.0
0.0
0.0
0.0
0.0
0.0
0.0
0.0
0.0
0.0
0.0
0.0
0.0
0.0
0.0
0.0
0.0
0.0
0.0
0.0
0.0
0.0
0.0
0.0
0.0
0.0
0.0
0.0
0.0
0.0
0.0
0.0
0.0
0.0
0.0
0.0
0.0
0.0
0.0
0.0
0.0
0.0
0.0
0.0
0.0
0.0
0.0
0.0
0.0
0.0
0.0
0.0
0.0
0.0
0.0
0.0
0.0
0.0
0.0
0.0
0.0
0.0
0.0
0.0
0.0
0.0
0.0
0.0
0.0
0.0
0.0
0.0
0.0
0.0
0.0
0.0
0.0
0.0
0.0
0.0
0.0
0.0
0.0
0.0
0.0
0.0
0.0
0.0
0.0
0.0
0.0
0.0
0.0
0.0
0.0
0.0
0.0
0.0
0.0
0.0
0.0
0.0
0.0
0.0
0.0
0.0
0.0
0.0
0.0
0.0
0.0
0.0
0.0
0.0
0.0
0.0
0.0
0.0
0.0
0.0
0.0
0.0
0.0
0.0
0.0
0.0
0.0
0.0
0.0
0.0
0.0
0.0
0.0
0.0
0.0
0.0
0.0
0.0
0.0
0.0
0.0
0.0
0.0
0.0
0.0
0.0
0.0
0.0
0.0
0.0
0.0
0.0
0.0
0.0
0.0
0.0
0.0
0.0
0.0
0.0
0.0
0.0
0.0
0.0
0.0
0.0
0.0
0.0
0.0
0.0
0.0
0.0
0.0
0.0
0.0
0.0
0.0
0.0
0.0
0.0
0.0
0.0
0.0
0.0
0.0
0.0
0.0
0.0
0.0
0.0
0.0
0.0
0.0
0.0
0.0
0.0
0.0
0.0
0.0
0.0
0.0
0.0
0.0
0.0
0.0
0.0
0.0
0.0
0.0
0.0
0.0
0.0
0.0
0.0
0.0
0.0
0.0
0.0
0.0
0.0
0.0
0.0
0.0
0.0
0.0
0.0
0.0
0.0
0.0
0.0
0.0
0.0
0.0
0.0
0.0
0.0
0.0
0.0
0.0
0.0
0.0
0.0
0.0
0.0
0.0
0.0
0.0
0.0
0.0
0.0
0.0
0.0
0.0
0.0
0.0
0.0
0.0
0.0
0.0
0.0
0.0
0.0
0.0
0.0
0.0
0.0
0.0
0.0
0.0
0.0
0.0
0.0
0.0
0.0
0.0
0.0
0.0
0.0
0.0
0.0
0.0
0.0
0.0
0.0
0.0
0.0
0.0
0.0
0.0
0.0
0.0
0.0
0.0
0.0
0.0
0.0
0.0
0.0
0.0
0.0
0.0
0.0
0.0
0.0
0.0
0.0
0.0
0.0
0.0
0.0
0.0
0.0
0.0
0.0
0.0
0.0
0.0
0.0
0.0
0.0
0.0
0.0
0.0
0.0
0.0
0.0
0.0
0.0
0.0
0.0
0.0
0.0
0.0
0.0
0.0
0.0
0.0
0.0
0.0
0.0
0.0
0.0
0.0
0.0
0.0
0.0
0.0
0.0
0.0
0.0
0.0
0.0
0.0
0.0
0.0
0.0
0.0
0.0
0.0
0.0
0.0
0.0
0.0
0.0
0.0
0.0
0.0
0.0
0.0
0.0
0.0
0.0
0.0
0.0
0.0
0.0
0.0
0.0
0.0
0.0
0.0
0.0
0.0
0.0
0.0
0.0
0.0
0.0
0.0
0.0
0.0
0.0
0.0
0.0
0.0
0.0
0.0
0.0
0.0
0.0
0.0
0.0
0.0
0.0
0.0
0.0
0.0
0.0
0.0
0.0
0.0
0.0
0.0
0.0
0.0
0.0
0.0
0.0
0.0
0.0
0.0
0.0
0.0
0.0
0.0
0.0
0.0
0.0
0.0
0.0
0.0
0.0
0.0
0.0
0.0
0.0
0.0
0.0
0.0
0.0
0.0
0.0
0.0
0.0
0.0
0.0
0.0
0.0
0.0
0.0
0.0
0.0
0.0
0.0
0.0
0.0
0.0
0.0
0.0
0.0
0.0
0.0
0.0
0.0
0.0
0.0
0.0
0.0
0.0
0.0
0.0
0.0
0.0
0.0
0.0
0.0
0.0
0.0
0.0
0.0
0.0
0.0
0.0
0.0
0.0
0.0
0.0
0.0
0.0
0.0
0.0
0.0
0.0
0.0
0.0
0.0
0.0
0.0
0.0
0.0
0.0
0.0
0.0
0.0
0.0
0.0
0.0
0.0
0.0
0.0
0.0
0.0
0.0
0.0
0.0
0.0
0.0
0.0
0.0
0.0
0.0
0.0
0.0
0.0
0.0
0.0
0.0
0.0
0.0
0.0
0.0
0.0
0.0
0.0
0.0
0.0
0.0
0.0
0.0
0.0
0.0
0.0
0.0
0.0
0.0
0.0
0.0
0.0
0.0
0.0
0.0
0.0
0.0
0.0
0.0
0.0
0.0
0.0
0.0
0.0
0.0
0.0
0.0
0.0
0.0
0.0
0.0
0.0
0.0
0.0
0.0
0.0
0.0
0.0
0.0
0.0
0.0
0.0
0.0
0.0
0.0
0.0
0.0
0.0
0.0
0.0
0.0
0.0
0.0
0.0
0.0
0.0
0.0
0.0
0.0
0.0
0.0
0.0
0.0
0.0
0.0
0.0
0.0
0.0
0.0
0.0
0.0
0.0
0.0
0.0
0.0
0.0
0.0
0.0
0.0
0.0
0.0
0.0
0.0
0.0
0.0
0.0
0.0
0.0
0.0
0.0
0.0
0.0
0.0
0.0
0.0
0.0
0.0
0.0
0.0
0.0
0.0
0.0
0.0
0.0
0.0
0.0
0.0
0.0
0.0
0.0
0.0
0.0
0.0
0.0
0.0
0.0
0.0
0.0
0.0
0.0
0.0
0.0
0.0
0.0
0.0
0.0
0.0
0.0
0.0
0.0
0.0
0.0
0.0
0.0
0.0
0.0
0.0
0.0
0.0
0.0
0.0
0.0
0.0
0.0
0.0
0.0
0.0
0.0
0.0
0.0
0.0
0.0
0.0
0.0
0.0
0.0
0.0
0.0
0.0
0.0
0.0
0.0
0.0
0.0
0.0
0.0
0.0
0.0
0.0
0.0
0.0
0.0
0.0
0.0
0.0
0.0
0.0
0.0
0.0
0.0
0.0
0.0
0.0
0.0
0.0
0.0
0.0
0.0
0.0
0.0
0.0
0.0
0.0
0.0
0.0
0.0
0.0
0.0
0.0
0.0
0.0
0.0
0.0
0.0
0.0
0.0
0.0
0.0
0.0
0.0
0.0
0.0
0.0
0.0
0.0
0.0
0.0
0.0
0.0
0.0
0.0
0.0
0.0
0.0
0.0
0.0
0.0
0.0
0.0
0.0
0.0
0.0
0.0
0.0
0.0
0.0
0.0
0.0
0.0
0.0
0.0
0.0
0.0
0.0
0.0
0.0
0.0
0.0
0.0
0.0
0.0
0.0
0.0
0.0
0.0
0.0
0.0
0.0
0.0
0.0
0.0
0.0
0.0
0.0
0.0
0.0
0.0
0.0
0.0
0.0
0.0
0.0
0.0
0.0
0.0
0.0
0.0
0.0
0.0
0.0
0.0
0.0
0.0
0.0
0.0
0.0
0.0
0.0
0.0
0.0
0.0
0.0
0.0
0.0
0.0
0.0
0.0
0.0
0.0
0.0
0.0
0.0
0.0
0.0
0.0
0.0
0.0
0.0
0.0
0.0
0.0
0.0
0.0
0.0
0.0
0.0
0.0
0.0
0.0
0.0
0.0
0.0
0.0
0.0
0.0
0.0
0.0
0.0
0.0
0.0
0.0
0.0
0.0
0.0
0.0
0.0
0.0
0.0
0.0
0.0
0.0
0.0
0.0
0.0
0.0
0.0
0.0
0.0
0.0
0.0
0.0
0.0
0.0
0.0
0.0
0.0
0.0
0.0
0.0
0.0
0.0
0.0
0.0
0.0
0.0
0.0
0.0
0.0
0.0
0.0
0.0
0.0
0.0
0.0
0.0
0.0
0.0
0.0
0.0
0.0
0.0
0.0
0.0
0.0
0.0
0.0
0.0
0.0
0.0
0.0
0.0
0.0
0.0
0.0
0.0
0.0
0.0
0.0
0.0
0.0
0.0
0.0
0.0
0.0
0.0
0.0
0.0
0.0
0.0
0.0
0.0
0.0
0.0
0.0
0.0
0.0
0.0
0.0
0.0
0.0
0.0
0.0
0.0
0.0
0.0
0.0
0.0
0.0
0.0
0.0
0.0
0.0
0.0
0.0
0.0
0.0
0.0
0.0
0.0
0.0
0.0
0.0
0.0
0.0
0.0
0.0
0.0
0.0
0.0
0.0
0.0
0.0
0.0
0.0
0.0
0.0
0.0
0.0
0.0
0.0
0.0
0.0
0.0
0.0
0.0
0.0
0.0
0.0
0.0
0.0
0.0
0.0
0.0
0.0
0.0
0.0
0.0
0.0
0.0
0.0
0.0
0.0
0.0
0.0
0.0
0.0
0.0
0.0
0.0
0.0
0.0
0.0
0.0
0.0
0.0
0.0
0.0
0.0
0.0
0.0
0.0
0.0
0.0
0.0
0.0
0.0
0.0
0.0
0.0
0.0
0.0
0.0
0.0
0.0
0.0
0.0
0.0
0.0
0.0
0.0
0.0
0.0
0.0
0.0
0.0
0.0
0.0
0.0
0.0
0.0
0.0
0.0
0.0
0.0
0.0
0.0
0.0
0.0
0.0
0.0
0.0
0.0
0.0
0.0
0.0
0.0
0.0
0.0
0.0
0.0
0.0
0.0
0.0
0.0
0.0
0.0
0.0
0.0
0.0
0.0
0.0
0.0
0.0
0.0
0.0
0.0
0.0
0.0
0.0
0.0
0.0
0.0
0.0
0.0
0.0
0.0
0.0
0.0
0.0
0.0
0.0
0.0
0.0
0.0
0.0
0.0
0.0
0.0
0.0
0.0
0.0
0.0
0.0
0.0
0.0
0.0
0.0
0.0
0.0
0.0
0.0
0.0
0.0
0.0
0.0
0.0
0.0
0.0
0.0
0.0
0.0
0.0
0.0
0.0
0.0
0.0
0.0
0.0
0.0
0.0
0.0
0.0
0.0
0.0
0.0
0.0
0.0
0.0
0.0
0.0
0.0
0.0
0.0
0.0
0.0
0.0
0.0
0.0
0.0
0.0
0.0
0.0
0.0
0.0
0.0
0.0
0.0
0.0
0.0
0.0
0.0
0.0
0.0
0.0
0.0
0.0
0.0
0.0
0.0
0.0
0.0
0.0
0.0
0.0
0.0
0.0
0.0
0.0
0.0
0.0
0.0
0.0
0.0
0.0
0.0
0.0
0.0
0.0
0.0
0.0
0.0
0.0
0.0
0.0
0.0
0.0
0.0
0.0
0.0
0.0
0.0
0.0
0.0
0.0
0.0
0.0
0.0
0.0
0.0
0.0
0.0
0.0
0.0
0.0
0.0
0.0
0.0
0.0
0.0
0.0
0.0
0.0
0.0
0.0
0.0
0.0
0.0
0.0
0.0
0.0
0.0
0.0
0.0
0.0
0.0
0.0
0.0
0.0
0.0
0.0
0.0
0.0
0.0
0.0
0.0
0.0
0.0
0.0
0.0
0.0
0.0
0.0
0.0
0.0
0.0
0.0
0.0
0.0
0.0
0.0
0.0
0.0
0.0
0.0
0.0
0.0
0.0
0.0
0.0
0.0
0.0
0.0
0.0
0.0
0.0
0.0
0.0
0.0
0.0
0.0
0.0
0.0
0.0
0.0
0.0
0.0
0.0
0.0
0.0
0.0
0.0
0.0
0.0
0.0
0.0
0.0
0.0
0.0
0.0
0.0
0.0
0.0
0.0
0.0
0.0
0.0
0.0
0.0
0.0
0.0
0.0
0.0
0.0
0.0
0.0
0.0
0.0
0.0
0.0
0.0
0.0
0.0
0.0
0.0
0.0
0.0
0.0
0.0
0.0
0.0
0.0
0.0
0.0
0.0
0.0
0.0
0.0
0.0
0.0
0.0
0.0
0.0
0.0
0.0
0.0
0.0
0.0
0.0
0.0
0.0
0.0
0.0
0.0
0.0
0.0
0.0
0.0
0.0
0.0
0.0
0.0
0.0
0.0
0.0
0.0
0.0
0.0
0.0
0.0
0.0
0.0
0.0
0.0
0.0
0.0
0.0
0.0
0.0
0.0
0.0
0.0
0.0
0.0
0.0
0.0
0.0
0.0
0.0
0.0
0.0
0.0
0.0
0.0
0.0
0.0
0.0
0.0
0.0
0.0
0.0
0.0
0.0
0.0
0.0
0.0
0.0
0.0
0.0
0.0
0.0
0.0
0.0
0.0
0.0
0.0
0.0
0.0
0.0
0.0
0.0
0.0
0.0
0.0
0.0
0.0
0.0
0.0
0.0
0.0
0.0
0.0
0.0
0.0
0.0
0.0
0.0
0.0
0.0
0.0
0.0
0.0
0.0
0.0
0.0
0.0
0.0
0.0
0.0
0.0
0.0
0.0
0.0
0.0
0.0
0.0
0.0
0.0
0.0
0.0
0.0
0.0
0.0
0.0
0.0
0.0
0.0
0.0
0.0
0.0
0.0
0.0
0.0
0.0
0.0
0.0
0.0
0.0
0.0
0.0
0.0
0.0
0.0
0.0
0.0
0.0
0.0
0.0
0.0
0.0
0.0
0.0
0.0
0.0
0.0
0.0
0.0
0.0
0.0
0.0
0.0
0.0
0.0
0.0
0.0
0.0
0.0
0.0
0.0
0.0
0.0
0.0
0.0
0.0
0.0
0.0
0.0
0.0
0.0
0.0
0.0
0.0
0.0
0.0
0.0
0.0
0.0
0.0
0.0
0.0
0.0
0.0
0.0
0.0
0.0
0.0
0.0
0.0
0.0
0.0
0.0
0.0
0.0
0.0
0.0
0.0
0.0
0.0
0.0
0.0
0.0
0.0
0.0
0.0
0.0
0.0
0.0
0.0
0.0
0.0
0.0
0.0
0.0
0.0
0.0
0.0
0.0
0.0
0.0
0.0
0.0
0.0
0.0
0.0
0.0
0.0
0.0
0.0
0.0
0.0
0.0
0.0
0.0
0.0
0.0
0.0
0.0
0.0
0.0
0.0
0.0
0.0
0.0
0.0
0.0
0.0
0.0
0.0
0.0
0.0
0.0
0.0
0.0
0.0
0.0
0.0
0.0
0.0
0.0
0.0
0.0
0.0
0.0
0.0
0.0
0.0
0.0
0.0
0.0
0.0
0.0
0.0
0.0
0.0
0.0
0.0
0.0
0.0
0.0
0.0
0.0
0.0
0.0
0.0
0.0
0.0
0.0
0.0
0.0
0.0
0.0
0.0
0.0
0.0
0.0
0.0
0.0
0.0
0.0
0.0
0.0
0.0
0.0
0.0
0.0
0.0
0.0
0.0
0.0
0.0
0.0
0.0
0.0
0.0
0.0
0.0
0.0
0.0
0.0
0.0
0.0
0.0
0.0
0.0
0.0
0.0
0.0
0.0
0.0
0.0
0.0
0.0
0.0
0.0
0.0
0.0
0.0
0.0
0.0
0.0
0.0
0.0
0.0
0.0
0.0
0.0
0.0
0.0
0.0
0.0
0.0
0.0
0.0
0.0
0.0
0.0
0.0
0.0
0.0
0.0
0.0
0.0
0.0
0.0
0.0
0.0
0.0
0.0
0.0
0.0
0.0
0.0
0.0
0.0
0.0
0.0
0.0
0.0
0.0
0.0
0.0
0.0
0.0
0.0
0.0
0.0
0.0
0.0
0.0
0.0
0.0
0.0
0.0
0.0
0.0
0.0
0.0
0.0
0.0
0.0
0.0
0.0
0.0
0.0
0.0
0.0
0.0
0.0
0.0
0.0
0.0
0.0
0.0
0.0
0.0
0.0
0.0
0.0
0.0
0.0
0.0
0.0
0.0
0.0
0.0
0.0
0.0
0.0
0.0
0.0
0.0
0.0
0.0
0.0
0.0
0.0
0.0
0.0
0.0
0.0
0.0
0.0
0.0
0.0
0.0
0.0
0.0
0.0
0.0
0.0
0.0
0.0
0.0
0.0
0.0
0.0
0.0
0.0
0.0
0.0
0.0
0.0
0.0
0.0
0.0
0.0
0.0
0.0
0.0
0.0
0.0
0.0
0.0
0.0
0.0
0.0
0.0
0.0
0.0
0.0
0.0
0.0
0.0
0.0
0.0
0.0
0.0
0.0
0.0
0.0
0.0
0.0
0.0
0.0
0.0
0.0
0.0
0.0
0.0
0.0
0.0
0.0
0.0
0.0
0.0
0.0
0.0
0.0
0.0
0.0
0.0
0.0
0.0
0.0
0.0
0.0
0.0
0.0
0.0
0.0
0.0
0.0
0.0
0.0
0.0
0.0
0.0
0.0
0.0
0.0
0.0
0.0
0.0
0.0
0.0
0.0
0.0
0.0
0.0
0.0
0.0
0.0
0.0
0.0
0.0
0.0
0.0
0.0
0.0
0.0
0.0
0.0
0.0
0.0
0.0
0.0
0.0
0.0
0.0
0.0
0.0
0.0
0.0
0.0
0.0
0.0
0.0
0.0
0.0
0.0
0.0
0.0
0.0
0.0
0.0
0.0
0.0
0.0
0.0
0.0
0.0
0.0
0.0
0.0
0.0
0.0
0.0
0.0
0.0
0.0
0.0
0.0
0.0
0.0
0.0
0.0
0.0
0.0
0.0
0.0
0.0
0.0
0.0
0.0
0.0
0.0
0.0
0.0
0.0
0.0
0.0
0.0
0.0
0.0
0.0
0.0
0.0
0.0
0.0
0.0
0.0
0.0
0.0
0.0
0.0
0.0
0.0
0.0
0.0
0.0
0.0
0.0
0.0
0.0
0.0
0.0
0.0
0.0
0.0
0.0
0.0
0.0
0.0
0.0
0.0
0.0
0.0
0.0
0.0
0.0
0.0
0.0
0.0
0.0
0.0
0.0
0.0
0.0
0.0
0.0
0.0
0.0
0.0
0.0
0.0
0.0
0.0
0.0
0.0
0.0
0.0
0.0
0.0
0.0
0.0
0.0
0.0
0.0
0.0
0.0
0.0
0.0
0.0
0.0
0.0
0.0
0.0
0.0
0.0
0.0
0.0
0.0
0.0
0.0
0.0
0.0
0.0
0.0
0.0
0.0
0.0
0.0
0.0
0.0
0.0
0.0
0.0
0.0
0.0
0.0
0.0
0.0
0.0
0.0
0.0
0.0
0.0
0.0
0.0
0.0
0.0
0.0
0.0
0.0
0.0
0.0
0.0
0.0
0.0
0.0
0.0
0.0
0.0
0.0
0.0
0.0
0.0
0.0
0.0
0.0
0.0
0.0
0.0
0.0
0.0
0.0
0.0
0.0
0.0
0.0
0.0
0.0
0.0
0.0
0.0
0.0
0.0
0.0
0.0
0.0
0.0
0.0
0.0
0.0
0.0
0.0
0.0
0.0
0.0
0.0
0.0
0.0
0.0
0.0
0.0
0.0
0.0
0.0
0.0
0.0
0.0
0.0
0.0
0.0
0.0
0.0
0.0
0.0
0.0
0.0
0.0
0.0
0.0
0.0
0.0
0.0
0.0
0.0
0.0
0.0
0.0
0.0
0.0
0.0
0.0
0.0
0.0
0.0
0.0
0.0
0.0
0.0
0.0
0.0
0.0
0.0
0.0
0.0
0.0
0.0
0.0
0.0
0.0
0.0
0.0
0.0
0.0
0.0
0.0
0.0
0.0
0.0
0.0
0.0
0.0
0.0
0.0
0.0
0.0
0.0
0.0
0.0
0.0
0.0
0.0
0.0
0.0
0.0
0.0
0.0
0.0
0.0
0.0
0.0
0.0
0.0
0.0
0.0
0.0
0.0
0.0
0.0
0.0
0.0
0.0
0.0
0.0
0.0
0.0
0.0
0.0
0.0
0.0
0.0
0.0
0.0
0.0
0.0
0.0
0.0
0.0
0.0
0.0
0.0
0.0
0.0
0.0
0.0
0.0
0.0
0.0
0.0
0.0
0.0
0.0
0.0
0.0
0.0
0.0
0.0
0.0
0.0
0.0
0.0
0.0
0.0
0.0
0.0
0.0
0.0
0.0
0.0
0.0
0.0
0.0
0.0
0.0
0.0
0.0
0.0
0.0
0.0
0.0
0.0
0.0
0.0
0.0
0.0
0.0
0.0
0.0
0.0
0.0
0.0
0.0
0.0
0.0
0.0
0.0
0.0
0.0
0.0
0.0
0.0
0.0
0.0
0.0
0.0
0.0
0.0
0.0
0.0
0.0
0.0
0.0
0.0
0.0
0.0
0.0
0.0
0.0
0.0
0.0
0.0
0.0
0.0
0.0
0.0
0.0
0.0
0.0
0.0
0.0
0.0
0.0
0.0
0.0
0.0
0.0
0.0
0.0
0.0
0.0
0.0
0.0
0.0
0.0
0.0
0.0
0.0
0.0
0.0
0.0
0.0
0.0
0.0
0.0
0.0
0.0
0.0
0.0
0.0
0.0
0.0
0.0
0.0
0.0
0.0
0.0
0.0
0.0
0.0
0.0
0.0
0.0
0.0
0.0
0.0
0.0
0.0
0.0
0.0
0.0
0.0
0.0
0.0
0.0
0.0
0.0
0.0
0.0
0.0
0.0
0.0
0.0
0.0
0.0
0.0
0.0
0.0
0.0
0.0
0.0
0.0
0.0
0.0
0.0
0.0
0.0
0.0
0.0
0.0
0.0
0.0
0.0
0.0
0.0
0.0
0.0
0.0
0.0
0.0
0.0
0.0
0.0
0.0
0.0
0.0
0.0
0.0
0.0
0.0
0.0
0.0
0.0
0.0
0.0
0.0
0.0
0.0
0.0
0.0
0.0
0.0
0.0
0.0
0.0
0.0
0.0
0.0
0.0
0.0
0.0
0.0
0.0
0.0
0.0
0.0
0.0
0.0
0.0
0.0
0.0
0.0
0.0
0.0
0.0
0.0
0.0
0.0
0.0
0.0
0.0
0.0
0.0
0.0
0.0
0.0
0.0
0.0
0.0
0.0
0.0
0.0
0.0
0.0
0.0
0.0
0.0
0.0
0.0
0.0
0.0
0.0
0.0
0.0
0.0
0.0
0.0
0.0
0.0
0.0
0.0
0.0
0.0
0.0
0.0
0.0
0.0
0.0
0.0
0.0
0.0
0.0
0.0
0.0
0.0
0.0
0.0
0.0
0.0
0.0
0.0
0.0
0.0
0.0
0.0
0.0
0.0
0.0
0.0
0.0
0.0
0.0
0.0
0.0
0.0
0.0
0.0
0.0
0.0
0.0
0.0
0.0
0.0
0.0
0.0
0.0
0.0
0.0
0.0
0.0
0.0
0.0
0.0
0.0
0.0
0.0
0.0
0.0
0.0
0.0
0.0
0.0
0.0
0.0
0.0
0.0
0.0
0.0
0.0
0.0
0.0
0.0
0.0
0.0
0.0
0.0
0.0
0.0
0.0
0.0
0.0
0.0
0.0
0.0
0.0
0.0
0.0
0.0
0.0
0.0
0.0
0.0
0.0
0.0
0.0
0.0
0.0
0.0
0.0
0.0
0.0
0.0
0.0
0.0
0.0
0.0
0.0
0.0
0.0
0.0
0.0
0.0
0.0
0.0
0.0
0.0
0.0
0.0
0.0
0.0
0.0
0.0
0.0
0.0
0.0
0.0
0.0
0.0
0.0
0.0
0.0
0.0
0.0
0.0
0.0
0.0
0.0
0.0
0.0
0.0
0.0
0.0
0.0
0.0
0.0
0.0
0.0
0.0
0.0
0.0
0.0
0.0
0.0
0.0
0.0
0.0
0.0
0.0
0.0
0.0
0.0
0.0
0.0
0.0
0.0
0.0
0.0
0.0
0.0
0.0
0.0
0.0
0.0
0.0
0.0
0.0
0.0
0.0
0.0
0.0
0.0
0.0
0.0
0.0
0.0
0.0
0.0
0.0
0.0
0.0
0.0
0.0
0.0
0.0
0.0
0.0
0.0
0.0
0.0
0.0
0.0
0.0
0.0
0.0
0.0
0.0
0.0
0.0
0.0
0.0
0.0
0.0
0.0
0.0
0.0
0.0
0.0
6.138831845685604e-6
0.0
0.0
0.0
0.0
0.0
0.0
0.0
0.0
0.0
0.0
0.0
0.0
0.0
0.0
0.0
0.0
0.0
0.0
0.0
0.0
0.0
0.0
1.376998569686458e-7
9.732107812731198e-6
0.0
0.0
0.0
0.0
0.0
0.0
0.0
0.0
0.0
0.0
0.0
0.0
0.0
0.0
0.0
0.0
0.0
0.0
0.0
0.0
0.0
0.0
0.0
0.0
0.0
0.0
0.0
0.0
0.0
0.0
0.0
0.0
0.0
0.0
0.0
0.0
0.0
0.0
0.0
0.0
0.0
0.0
0.0
0.0
0.0
0.0
0.0
0.0
0.0
0.0
0.0
0.0
0.0
0.0
0.0
0.0
0.0
0.0
0.0
0.0
0.0
0.0
0.0
0.0
0.0
0.0
0.0
0.0
0.0
0.0
0.0
0.0
0.0
0.0
0.0
0.0
0.0
0.0
0.0
0.0
0.0
0.0
0.0
0.0
0.0
0.0
0.0
0.0
0.0
0.0
0.0
0.0
0.0
0.0
0.0
0.0
0.0
0.0
0.0
0.0
0.0
0.0
0.0
0.0
0.0
0.0
0.0
0.0
0.0
0.0
0.0
0.0
0.0
0.0
0.0
0.0
0.0
0.0
0.0
0.0
0.0
0.0
0.0
0.0
0.0
0.0
0.0
0.0
0.0
0.0
0.0
0.0
0.0
0.0
0.0
0.0
2.5202007708029848e-6
1.442466985016929e-6
1.47086711467438e-6
1.8178220209480152e-6
6.960371346332459e-7
8.342085729627674e-7
0.0
0.0
0.0
0.0
0.0
0.0
0.0
0.0
0.0
0.0
0.0
0.0
0.0
0.0
0.0
0.0
0.0
0.0
0.0
0.0
0.0
0.0
0.0
0.0
0.0
0.0
0.0
0.0
0.0
0.0
0.0
0.0
0.0
0.0
0.0
0.0
0.0
0.0
0.0
0.0
0.0
0.0
0.0
0.0
0.0
0.0
0.0
0.0
0.0
2.622796223094095e-6
0.0
0.0
0.0
0.0
0.0
0.0
0.0
0.0
0.0
0.0
0.0
0.0
0.0
0.0
0.0
0.0
0.0
0.0
0.0
0.0
0.0
0.0
2.0500697702241235e-6
7.493449818383911e-5
1.1390113516007237e-5
0.0
0.0
0.0
0.0
0.0
0.0
0.0
0.0
0.0
0.0
0.0
0.0
0.0
0.0
0.0
0.0
0.0
0.0
0.0
0.0
0.0
9.915002538855049e-7
1.616184493045198e-5
0.0
0.0
0.0
0.0
0.0
0.0
0.0
0.0
0.0
0.0
0.0
0.0
0.0
0.0
0.0
0.0
0.0
0.0
0.0
0.0
0.0
0.0
0.0
0.0
0.0
0.0
0.0
0.0
0.0
0.0
0.0
0.0
0.0
0.0
0.0
0.0
0.0
0.0
0.0
0.0
0.0
0.0
0.0
0.0
0.0
0.0
0.0
0.0
0.0
0.0
0.0
0.0
0.0
0.0
0.0
0.0
0.0
0.0
0.0
0.0
0.0
0.0
0.0
0.0
0.0
0.0
0.0
0.0
0.0
0.0
0.0
0.0
0.0
0.0
0.0
0.0
0.0
0.0
0.0
0.0
0.0
0.0
0.0
0.0
0.0
0.0
0.0
0.0
0.0
0.0
0.0
0.0
0.0
0.0
0.0
1.3236305810390435e-5
0.0
0.0
0.0
0.0
0.0
0.0
0.0
0.0
0.0
0.0
0.0
0.0
0.0
0.0
0.0
0.0
0.0
0.0
0.0
0.0
0.0
0.0
1.6775126387506456e-6
4.885027082572317e-5
1.7603394515600027e-6
0.0
0.0
0.0
0.0
0.0
0.0
0.0
0.0
0.0
0.0
0.0
0.0
0.0
0.0
0.0
0.0
0.0
0.0
0.0
0.0
0.0
2.6360929332810043e-7
6.351124685097162e-6
0.0
0.0
0.0
0.0
0.0
0.0
0.0
0.0
0.0
0.0
0.0
0.0
0.0
0.0
0.0
0.0
0.0
0.0
0.0
0.0
0.0
0.0
0.0
0.0
0.0
0.0
0.0
0.0
0.0
0.0
0.0
0.0
0.0
0.0
0.0
0.0
0.0
0.0
0.0
0.0
0.0
0.0
0.0
0.0
0.0
0.0
0.0
0.0
0.0
0.0
0.0
0.0
0.0
0.0
0.0
0.0
0.0
0.0
0.0
0.0
0.0
0.0
0.0
0.0
0.0
0.0
0.0
3.202485647510386e-6
6.479712790202571e-6
1.1272807673740912e-5
1.569778948113372e-5
2.05961041673099e-5
2.725145052187377e-5
2.9159253722447972e-5
3.433242907647363e-5
2.7577435558942985e-5
2.618775143659833e-5
1.9384221798496446e-5
1.5593176335155436e-5
1.0586914596656158e-5
7.919926963601614e-6
1.1490429641302082e-5
1.4572171443324308e-5
1.6987793135474586e-5
1.9106344035761366e-5
1.907814944868083e-5
2.5639640463162888e-5
3.1133142364541496e-5
4.5839999769468763e-5
4.751794098296635e-5
6.199218764112772e-5
5.8201995532189665e-5
7.604021168150434e-5
7.113925022600235e-5
9.848787998836348e-6
0.0004029018674554576
0.0002957411458536416
0.00021777851503803933
0.00013849988221615285
5.5256837698937595e-5
6.550124666644503e-6
0.0
0.0
0.0
0.0
0.0
1.4989680203368621e-5
3.995807769369795e-5
6.869396858285615e-5
8.88513696577128e-5
0.0
0.0
0.0
1.6298952391881717e-5
2.7904408565286738e-5
4.0026377066510915e-5
4.263621673325956e-5
5.3538849066130875e-5
3.363686768661945e-6
0.0002524410796806014
0.00011931110759580382
3.353997556681211e-5
1.4693588351146895e-6
0.0
0.0
0.0
0.0
0.0
0.0
0.0
0.0
0.0
0.0
0.0
0.0
0.0
0.0
0.0
0.0
0.0
0.0
0.0
0.0
2.5411080594821763e-6
0.0
0.0
0.0
0.0
0.0
0.0
0.0
0.0
0.0
0.0
0.0
0.0
0.0
0.0
0.0
0.0
0.0
0.0
0.0
0.0
8.252383914816086e-6
3.170819569414132e-5
1.6094662659078693e-6
0.00025197891518066815
9.355666118328486e-5
1.843395443422826e-5
0.0
0.0
0.0
0.0
0.0
0.0
0.0
0.0
0.0
0.0
0.0
8.719578405953998e-6
0.0
0.0
0.0
0.0
0.0
0.0
2.5481643291380348e-5
2.5876334335324404e-5
8.751143652750139e-7
0.00012529611455641384
3.4295875295428656e-5
2.8323503159697274e-6
0.0
0.0
0.0
0.0
0.0
0.0
0.0
0.0
0.0
0.0
0.0
0.0
0.0
0.0
0.0
0.0
0.0
0.0
0.0
0.0
0.0
0.0
0.0
0.0
0.0
0.0
0.0
0.0
0.0
0.0
0.0
0.0
0.0
0.0
0.0
0.0
0.0
0.0
0.0
0.0
0.0
0.0
0.0
0.0
0.0
0.0
0.0
0.0
0.0
0.0
0.0
0.0
0.0
0.0
0.0
0.0
0.0
0.0
0.0
0.0
1.0397770352274563e-6
6.198357214506481e-6
1.3796083696997725e-5
3.0319973025676676e-5
2.7481239814995973e-5
4.2102855178012366e-5
3.687823746500682e-5
5.574028411751538e-5
3.765134195051787e-6
0.00023438903805178505
0.00010193940188102337
2.337579403044534e-5
0.0
0.0
0.0
0.0
0.0
0.0
0.0
0.0
0.0
0.0
0.0
0.0
0.0
0.0
0.0
0.0
3.750203448371102e-5
3.887883400542301e-5
6.425986287620706e-5
5.698483852322901e-5
1.0353327088902893e-5
0.0003654189182007665
0.00023149353516711544
0.00012927779175125333
4.827785900637941e-5
1.1054799247515718e-5
0.0
0.0
0.0
0.0
0.0
0.0
0.0
0.0
1.7470950144101947e-5
6.353891667571317e-5
0.0
0.0
0.0
0.0
3.3434571857847926e-5
4.3836390385669156e-5
4.5332623717875225e-5
5.7311590393745855e-5
3.6548162593440673e-6
0.000279913043886487
0.0001346884312496031
4.376274623975562e-5
3.5360166561094866e-6
0.0
0.0
0.0
0.0
0.0
0.0
0.0
0.0
0.0
0.0
0.0
0.0
0.0
0.0
0.0
0.0
0.0
0.0
0.0
2.586907655456416e-6
0.00012007953398608133
3.168468349227164e-5
2.175348943674492e-6
0.0
0.0
0.0
0.0
0.0
0.0
0.0
0.0
0.0
0.0
0.0
0.0
0.0
0.0
0.0
0.0
0.0
0.0
0.0
0.0
0.0
0.0
0.0
0.0
0.0
0.0
0.0
0.0
0.0
0.0
0.0
0.0
0.0
0.0
0.0
0.0
0.0
0.0
0.0
0.0
0.0
0.0
0.0
0.0
0.0
2.7971061106219508e-5
9.332057733435706e-6
0.0
0.0
0.0
0.0
0.0
0.0
0.0
0.0
0.0
0.0
0.0
0.0
0.0
0.0
0.0
1.3270001913453987e-5
2.358017250133324e-5
3.745924965487684e-5
4.510461791549624e-5
6.080771540193155e-5
5.513573664069589e-5
6.60403151660291e-5
5.591305537966521e-5
6.240160874545873e-5
4.954666549077028e-5
5.3050551390174115e-5
4.244868383706674e-5
4.482502111988919e-5
3.419833426845633e-5
3.038992300574226e-5
2.052744543194534e-5
1.998400636165171e-5
2.4662847950239696e-5
3.653032357397868e-5
3.799110649576635e-5
4.845601325224626e-5
4.632175296958412e-5
5.651709197885935e-5
4.8610885137069214e-5
5.567373163597537e-5
4.774390130299336e-5
5.613602983699582e-5
4.9215463129478556e-5
5.770752536278673e-5
4.947999145185696e-5
4.722903248376478e-6
0.0001872229087312892
8.881039306394174e-5
2.545084074916913e-5
2.2539884389852553e-6
0.0
0.0
0.0
0.0
0.0
0.0
0.0
0.0
0.0
0.0
0.0
0.0
0.0
0.0
0.0
0.0
0.0
0.0
0.0
0.0
4.205120505331429e-6
3.793098215088433e-7
6.732899225309216e-6
9.797254576430735e-6
7.695194389878002e-6
6.097181145942145e-6
1.005560734899458e-5
1.7126764839737617e-5
2.8412360565574317e-5
4.5840056351961226e-5
6.874223479556e-5
0.00013967983612810526
0.00016073725754165875
0.0001780410945405993
0.00018475286321805598
0.0
0.0
8.643247310652338e-6
3.122678405701915e-5
3.062281810778798e-5
3.8190941070279915e-5
3.708178758311412e-5
4.35241219258898e-5
2.317106243478677e-6
0.00017675833892078654
6.415880159098794e-5
1.8653736686724195e-5
0.0
0.0
0.0
0.0
0.0
0.0
0.0
0.0
0.0
0.0
0.0
0.0
0.0
0.0
0.0
0.0
0.0
0.0
0.0
0.0
2.4101371653431727e-7
1.9512433994338367e-5
0.0
0.0
0.0
0.0
0.0
0.0
0.0
0.0
0.0
0.0
0.0
0.0
0.0
0.0
0.0
0.0
0.0
0.0
0.0
0.0
0.0
0.0
0.0
0.0
0.0
0.0
0.0
0.0
0.0
0.0
0.0
0.0
0.0
0.0
0.0
0.0
0.0
0.0
0.0
0.0
0.0
0.0
0.0
2.671748007359991e-5
4.14607826394623e-5
5.119291555481308e-5
2.855714280366044e-6
0.0002996268094121479
0.000218443796618458
0.0001573636544302825
9.22951901994229e-5
3.8851938468686095e-5
8.176983489697152e-6
0.0
0.0
0.0
0.0
0.0
0.0
0.0
0.0
0.0
0.0
0.0
1.950931905238015e-5
1.4807023174211743e-5
1.8247028704490523e-5
1.082146918890083e-5
1.2986459973897047e-5
7.852213490113964e-6
1.0103000880755231e-5
3.444654706640471e-6
2.6795038054323867e-6
0.0
0.0
0.0
0.0
0.0
0.0
0.0
0.0
0.0
0.0
0.0
0.0
0.0
0.0
0.0
1.8395497985715603e-7
3.4861425748116864e-7
7.265241675280482e-7
6.169052639076488e-6
1.1274311649856974e-5
2.54050294904202e-5
2.5120696622363584e-5
4.358814053135832e-6
7.949741801054832e-5
1.4667480780324415e-5
0.0
0.0
0.0
0.0
0.0
0.0
0.0
0.0
0.0
0.0
0.0
0.0
0.0
0.0
0.0
0.0
0.0
0.0
2.226648431500199e-5
2.8420044097728157e-5
3.0422260585525354e-5
2.2083068313348093e-6
0.00015601857840118395
5.9461056698237114e-5
1.3816474767222167e-5
0.0
0.0
0.0
0.0
0.0
0.0
0.0
0.0
0.0
0.0
0.0
0.0
0.0
0.0
0.0
0.0
0.0
0.0
0.0
0.0
3.77129508343597e-7
5.85513474072667e-5
6.102196511786849e-5
6.514269346331125e-5
6.127293528431716e-5
5.767900182293783e-5
5.095188998384982e-5
4.1801991396921814e-5
3.641481074024159e-5
4.3639963770107944e-5
5.874831813334939e-5
8.392014515350512e-5
0.0001762455834203788
0.00024362709064701797
0.00032069248819041694
0.0003644224827136767
0.0
3.4603339197021715e-5
5.642251916411616e-5
7.612613682535464e-5
7.260111963745201e-5
9.578769943484413e-5
8.980740827509799e-5
0.0001165358762936024
1.444260767858222e-5
0.0005118754298342892
0.0004023359436977915
0.0003191209028492375
0.00024219787435953596
0.0001645800721861875
0.00010327477431325081
5.7146093312381705e-5
2.9031714355684988e-5
2.6020134904439014e-5
3.88417108164566e-5
5.4703042721963324e-5
0.00010748791685014681
0.00012116470789469936
0.0001456292908394292
0.0001565463441330878
0.0
0.0
0.0
2.0448600506116487e-5
2.8809663782485518e-5
3.37805400614003e-5
3.175883793868354e-5
3.6237873126174076e-5
1.7616602615150942e-6
0.0001610577961591354
9.373649438776797e-5
4.9172272724648653e-5
2.2768731066263238e-5
4.057825199006678e-6
0.0
0.0
0.0
0.0
1.4841578301950984e-6
1.9973174911945977e-5
6.1002835281741326e-5
0.00010261678129369879
0.00015426001341217722
0.00019153880180411867
0.0
0.0
2.421565491810599e-5
3.720534794781017e-5
4.8088288924035166e-5
4.620419561537338e-5
5.6826724507276934e-5
5.158331262963269e-5
6.110474679525886e-5
5.191596483012366e-5
5.80213075304861e-5
4.594790443421877e-5
4.5733677057905926e-5
3.262987748462274e-5
2.899849646485887e-5
2.0173770777083335e-5
1.4787038483151432e-5
1.1562530499132411e-5
1.0948787475144913e-5
1.2071330154693877e-5
1.2407917445101545e-5
1.2941303285371743e-5
1.3221401032019829e-5
1.4385046583131042e-5
1.6595609241812757e-5
1.7802392496440453e-5
2.0676892565889685e-5
1.846885041798013e-5
1.892964488575879e-5
1.6789082850036464e-5
1.6761372414792023e-5
1.5108420160528272e-5
1.5095551882970788e-5
1.4493362874091442e-5
1.484215308677225e-5
1.682950758295143e-5
2.4005677533840584e-5
2.8026955470932637e-5
3.557973599320202e-5
3.187047666318502e-5
3.698297199522033e-5
3.457327299671522e-5
4.4013911811786015e-5
4.284521375189858e-5
5.543099709579212e-5
5.362074430050391e-5
6.9653250173014e-5
6.55674773034975e-5
8.449719555893022e-5
7.79191692813195e-5
9.924741744461724e-5
8.990923884655446e-5
0.00011434741356615381
9.959693437801485e-5
0.00011930744606167803
9.93980622830002e-5
1.7032014709939307e-5
0.0005092660475166371
0.00045106542465695804
0.0003880385058822369
0.0003096442186058165
0.0002319542130840975
0.00020851868700844027
0.00022327646298150555
0.00024030019668376009
0.0002676973060274845
0.00030337619260675395
0.0003496903040301731
0.000408830396335493
0.00046198523394844025
0.0005218524557688315
0.0005618963380108848
3.447176470259153e-5
9.603486075550155e-5
9.465401547736687e-5
0.0001378325238442427
0.00011736398225622447
0.0001601215842106299
0.00013037027143836
0.00017127945797874587
4.014434382018373e-5
0.0006906076782458821
0.0006051518535869556
0.0005137459821084555
0.0004011357121643537
0.0002883155796073083
0.0002190852293876872
0.00017780191567983214
0.0001378273701963653
0.00011888338319739029
0.00011295443796832194
0.00011828480862426453
0.0001383970698314431
0.00014971315923795618
0.0001696227684087725
0.000171810138995524
0.0
0.0
2.4298423057058932e-5
2.0177111786899575e-5
2.9306781834588414e-5
2.2284001785754035e-5
2.9884659888218237e-5
2.1214049967142556e-5
3.168414652369672e-6
9.966010816575053e-5
5.220596135799253e-5
3.018213665525697e-5
1.9966077144454482e-5
1.1037739775128111e-5
1.4557574119741498e-6
0.0
0.0
0.0
0.0
0.0
0.0
0.0
1.0709629126433056e-6
5.874043828182943e-6
0.0
0.0
0.0
0.0
0.0
0.0
1.9844243195046537e-5
1.7577860469538207e-5
3.0772367078195287e-6
0.00023581595210754317
0.00023610217422486484
0.00024005607004112404
0.00023390624253626975
0.00022838083489038207
0.00022361065599083835
0.00021950634031953645
0.0002163731467441502
0.00020894424121697697
0.0001970825577599945
0.0001826297192429608
0.00022164447800586745
0.00024457222747974964
0.0002773426618873995
0.0003192899736452363
0.0
5.6306231441200466e-5
6.189384236364092e-5
9.503623305152132e-5
8.40838877688045e-5
0.00011882267626685379
9.892823199756818e-5
0.00013350771709306962
1.9687500274124637e-5
0.0005732677763490067
0.0004957335460841866
0.0004297958779319362
0.0003600410716353988
0.00027651302764440075
0.00020640573437466782
0.00015509548166363956
0.0001336509913223648
0.00015289863058769447
0.00018798785276132596
0.00022642365967773465
0.00029348837559652264
0.00032648445223103743
0.0003686604075165827
0.00037522968515012336
0.0
2.884323501931431e-5
5.7605189468552225e-5
4.8244983015203906e-5
6.384477032084935e-5
4.945145076652692e-5
6.512226449027142e-5
5.03775051356389e-5
9.024715598424503e-6
0.00023702084675495964
0.00018663094199773952
0.00015167852159820143
0.00012150333446574852
9.175192952148812e-5
6.271475977669518e-5
4.10262166890867e-5
3.4864094623811265e-5
4.965449830320942e-5
9.46826514848389e-5
0.000150214861554062
0.0
1.2497475043091172e-5
3.0421476053516546e-5
5.714009532771064e-5
5.210410866333458e-5
7.735406939648566e-5
6.741853011574325e-5
9.721649028354302e-5
8.289001040358151e-5
0.00011364262059716955
9.002975501063371e-5
0.00011711497494677967
9.059570433021631e-5
0.00011611407317006352
8.876564636402899e-5
0.00010957568630702344
7.67308049217161e-5
8.803925071402582e-5
5.8402259465140556e-5
6.595571354270699e-5
4.202752923594153e-5
4.9278965879601396e-5
3.648668010041075e-5
4.9372265648381474e-5
3.709426199073509e-5
4.906684619512121e-5
3.6907094993057105e-5
5.005181147556128e-5
3.887628716804109e-5
5.3317425854021925e-5
4.343952915184829e-5
6.506833923477128e-5
5.604353294805359e-5
7.894292786006164e-5
6.202166827395692e-5
8.11104899814807e-5
7.934201675598924e-6
0.0003109292680890116
0.0002599479272905607
0.00023968594171446228
0.000228677065423816
0.00021899269585118076
0.00020502886682411133
0.0001880905452479025
0.00017215720792453754
0.00016738885233749968
0.00017013369290164775
0.00018337355896518574
0.00021093536674270108
0.00022995373165646984
0.0002562421159817283
0.00026706454687581597
0.0
1.962454455863339e-5
4.402557004160128e-5
3.9528164036169825e-5
5.683372250874857e-5
4.6401994759163475e-5
6.477372244460316e-5
5.110061931368945e-5
9.637711432924461e-6
0.0002797376422478227
0.00022023146898340993
0.00017961122239564686
0.00013725285186348983
9.640300883920871e-5
4.472777214322328e-5
9.805787076822376e-6
0.0
0.0
4.079449087037978e-6
2.9194377935879402e-5
9.696702189772316e-5
0.0001521205069008489
0.00021646960551372516
0.00025287075770198686
0.0
9.962902112397775e-6
4.1489555305797366e-5
4.204612498912875e-5
5.310096290415313e-5
4.857255575268328e-5
5.7810735965123016e-5
4.983892822801976e-5
4.212713736348119e-6
0.00018685719126601533
7.805502555306636e-5
4.822975383615411e-5
5.940551192820119e-5
7.723946072837407e-5
9.619460640565629e-5
0.00011465279004749991
0.00013462267614114756
0.00014249786036296574
0.00013885972539430825
0.00013484958977878246
0.0001694849418014178
0.00018549878064555677
0.0002103311082381774
0.00023761574293704193
0.0
1.8798295374668814e-5
4.241194078241438e-5
7.406605041904657e-5
7.110425916057806e-5
0.00010493763014850819
8.67355234775162e-5
0.00011810755140207657
9.355223570134644e-5
0.00011785782886395629
8.700797260338425e-5
0.00010439535265450329
7.256830874139215e-5
8.1550467820017e-5
5.509367483175163e-5
6.662418822250718e-5
4.830003717920018e-5
6.140289694926595e-5
5.086096292842787e-5
7.189175284084466e-5
5.809282303966646e-5
7.415085266614029e-5
5.5779611114006054e-5
7.140761988161243e-5
5.462014181975457e-5
7.113693243589658e-5
5.385297851999949e-5
6.931728391694215e-5
5.208644888989843e-5
6.806235697607633e-5
5.3299060206177004e-5
7.05330325917533e-5
6.138516705489991e-6
0.00023824452313473738
0.00017897879372132388
0.0001550510924458063
0.00014438319177736047
0.00013502054037359184
0.0001214487148062386
0.00010749318202781599
9.401201803746702e-5
8.486718864549948e-5
7.893168939394739e-5
8.373375523327892e-5
9.276495195102427e-5
8.762456996282599e-5
8.897036441884544e-5
8.824794034039915e-5
0.0
0.0
5.291592456725528e-6
1.6930811857873008e-5
2.0092611639336066e-5
2.7468471842110212e-5
3.234208300885019e-5
4.501774298894088e-5
2.7843148097821176e-6
0.00031745499740279767
0.00031864423683120724
0.0003161549789286396
0.00030469591251323377
0.0002936436783066473
0.00028120488976145685
0.00026903785035923053
0.0002777545752184705
0.00028288119359352887
0.0002915390846840824
0.0003063782480438121
0.0
3.5272208583592554e-5
3.6032762673094956e-5
5.410175279037312e-5
4.4078736976276996e-5
5.9562444276631024e-5
4.6528847729553756e-5
6.211535192837651e-5
4.833455233127623e-5
6.389523146774993e-5
4.931202914848677e-5
6.490599761929917e-5
4.9237335713555476e-5
6.250185308336949e-5
4.588695720242973e-5
5.827447306397675e-5
4.380595816661305e-5
5.822543922427565e-5
4.4680543316292915e-5
6.207138605724101e-5
5.081186394551721e-5
7.056979736080884e-5
5.7276727931453605e-5
7.866676735072362e-5
6.4891206239169e-5
9.233630018167066e-5
7.803935763726559e-5
0.000109836379692661
9.249992087889236e-5
0.0001290548917192581
0.000108492223315429
0.00015195571167805154
0.00012845064754672144
0.00017600886557340005
0.0001434599063673826
0.00019010978724656833
5.621434820658262e-5
0.0008454878251226931
0.0007843487875815714
0.0007489694768042684
0.0007209438741911529
0.0006933174210242056
0.0006702847496462122
0.000651990467642202
0.0006353477617427548
0.000625350395688683
0.0006194934642217674
0.000624174993601387
0.0006327666461434389
0.0006302812833671482
0.0006333613670953373
0.0006377623459048498
5.4758689523242566e-5
0.00010693107887490365
0.000104943944110209
0.00013483571530916556
0.00011776324022631466
0.00014635289353143405
0.00012663241313318646
0.00015515758149017844
2.9473516781215928e-5
0.0007014462612412722
0.0006429446522255327
0.0006079349027957129
0.0005821572927900762
0.0005573966019513988
0.0005322547826974414
0.0005103990716496304
0.0004890560061595347
0.0004894804883546781
0.0005092727977382523
0.0005397321266135386
0.0005598794900552288
0.0005594098404586403
0.0005656851144513511
0.000576024774766619
3.748187348997252e-5
0.00010081604171551419
9.455426441470812e-5
0.0001324266610577017
0.00010866724092417203
0.00014433592793805907
0.0001155152327097218
0.00015032897009353854
2.8531546620258827e-5
0.0006067697055160362
0.0005382967716185865
0.0004941619751711819
0.00046038192177212016
0.00042782503204764205
0.0004146124672170714
0.0004174601741273033
0.0004212287674748766
0.00042578148908283307
0.0004275687470225087
0.00044084254502724734
0.00046074475069273716
0.00046667456608503213
0.00048037106897423935
0.0004998311691503851
3.559219289463747e-5
7.164347788150954e-5
0.00010635886549105831
0.00010273693081380752
0.00013613745657954456
0.000124338258229464
0.000162161513927605
0.00014488969172612868
4.1242249607203365e-5
0.000773017737552437
0.0006715416942470994
0.000593244693749163
0.0005199524625633639
0.0004454261862139602
0.00038480011333368795
0.00033224982057644166
0.00028113217055774064
0.00026821281437556437
0.0002785311166635654
0.0002955589276237578
0.0003127046256700507
0.00029926379052056174
0.0003035270706765837
0.00030882375154419396
0.0
3.9024555493646515e-5
5.8185781558063804e-5
6.0026993826011955e-5
7.971138087032181e-5
7.488751220713885e-5
9.593254417097441e-5
8.762647859393929e-5
1.3454654041776186e-5
0.0005354060687472282
0.0004287707195557147
0.0003239319669400644
0.00022453573520770447
0.0001263372454993486
5.470402095221983e-5
2.3733299767320766e-5
1.2541740274808366e-5
1.9803857548057304e-5
4.267151636925051e-5
6.969902988215385e-5
0.00011202237024853267
0.00013207829611788002
0.00017318947561559983
0.00017495714408559073
0.0
0.0
0.0
2.4872855446106067e-5
1.849446286193483e-5
2.6684613003845873e-5
2.1035554297754852e-5
3.354008526903507e-5
1.62506695627298e-6
0.00015394197714520998
0.00010539810623937069
6.948338830423372e-5
4.5862520034315796e-5
3.5313001194087e-5
3.2908734523657e-5
2.2595276959476416e-5
2.8881721093679373e-5
3.2448502317043814e-5
4.1530782132214656e-5
5.2223405045462954e-5
0.0
0.0
0.0
1.894465694963307e-5
1.9043169545854495e-5
3.408729229326767e-5
3.171105658479634e-5
4.5104695226466606e-5
3.724585473616035e-5
5.2590235668475365e-5
4.181731916849992e-5
5.762905778182476e-5
4.5752710970717126e-5
6.20177277951169e-5
4.846104654509825e-5
6.482152762902585e-5
5.017061477481333e-5
6.778976739192587e-5
5.3831451057865585e-5
7.095121563812219e-5
5.5958675801754464e-5
7.612776843551034e-5
6.057263527303585e-5
8.25555805798051e-5
6.718796470704758e-5
9.507047522252875e-5
7.661634197817073e-5
0.00010487756808524771
8.607410076056167e-5
0.00012108918322856658
0.0001029436933410037
0.00013601408147261387
0.00010849499592970075
0.00014402964729108748
0.00011327778476552141
0.00014648580094875309
2.812973106379645e-5
0.0006015534215649321
0.0005211944208594783
0.00046378041872739207
0.0004277070855655549
0.00039217691787974524
0.0003582870831432275
0.0003401193261331457
0.00033251351158373826
0.00032598498536825273
0.00031962393996389486
0.0003367451709517049
0.0003594492122715171
0.0003497988883100536
0.00034978302164614397
0.00039310422701913214
2.711804732841909e-5
5.8887094138657814e-5
8.781266796253474e-5
8.246363816562332e-5
0.00010484332023915817
9.449673932957675e-5
0.00011951575641942782
0.00010289876814052078
1.7253753615323912e-5
0.0006034415353326167
0.0005535708165209703
0.0005346771801971702
0.0005131928720128956
0.0004961923632475489
0.0005020394597490612
0.0005053513241711156
0.0004876483308966709
0.0004742655898314365
0.00046989082340862757
0.0004608703477145516
0.0004651582259849782
0.0004578921562382665
0.00047415799075543034
0.0004871951741467815
3.341281970093729e-5
7.029958705483611e-5
0.00010512376305484596
0.0001050132419608172
0.00014030486194636962
0.00012725854739598558
0.00016288460480415312
0.000146166411078513
4.4618989692360866e-5
0.0008775647568005739
0.0007858771081166327
0.0007073095543309598
0.0006453565320667171
0.0005836267860491296
0.0005383073373710474
0.0004866575755415597
0.00046272320984397353
0.0004699524826948936
0.0004912159755982077
0.0005345939613701281
0.0006486961603852134
0.0007093682247561856
0.0007386883448613187
0.00076961823278915
7.617853437760516e-5
0.0001360126872059349
0.0001359745527702385
0.0001849466284846207
0.00016424701275046072
0.0002066973029243302
0.00017206486392615507
0.0002108060230364822
7.182893675161107e-5
0.0009906197458978982
0.0008474208812122947
0.0006582833783954101
0.0005558559030041736
0.00045387171501027305
0.0003641726054814748
0.0003220239379626004
0.0002895100797887467
0.0002870187293198831
0.00030481841324872007
0.00033488728950071357
0.0003898646225038937
0.0004596442462230939
0.0004902045581347977
0.0004986429281516768
3.278484841886619e-5
6.496394951389032e-5
9.499711831753002e-5
8.532002790340081e-5
0.00010193800412753543
8.750213271130914e-5
0.00010540426103425566
8.531566174530808e-5
1.227193252212871e-5
0.00038994600197910894
0.0003058995240871056
0.00024932335332510347
0.00020435940879205255
0.00018490701653167625
0.00012134320817629362
7.302579836838427e-5
5.142648346670017e-5
3.855407168403355e-5
4.5575143831332874e-5
3.79153008890218e-5
3.467613335510643e-5
6.217907126945117e-5
9.557476003765539e-5
9.935467606379029e-5
0.0
0.0
0.0
2.451429062829153e-5
2.6326779814732273e-5
5.8469082643288174e-5
6.002621126585371e-5
9.62452412437354e-5
1.040570745960182e-5
0.0005431542148370785
0.0005589213911906594
0.0005693825249553627
0.0005652436123001862
0.0005341657603129106
0.0005106847540810709
0.0005210903557244382
0.0005495403505970739
0.0005698024014366165
0.0006100510262132897
0.0006378057826467188
5.69798963202544e-5
0.00011236760672719627
0.00011146231976801278
0.00014660134687110454
0.0001324958149391716
0.00017226097812363632
0.00015486056476549562
0.00019755066950551716
0.00017117790692913065
0.00021480547617561246
0.00018453560457838981
0.00023022076151176107
0.00019686653227238786
0.00024267979704261218
0.0002008501671060413
0.00023509716840189955
0.00018586399576987544
0.00021474338897372661
0.00017114567029847774
0.00019772978122911572
0.00015728199759745232
0.00018685475473203034
0.00015785823841393823
0.0001921555231977704
0.00016013221178781995
0.0001952516348487704
0.0001650705897811305
0.00019870610263808224
0.00016320864542823533
0.000193090408571784
0.0001575869225490657
0.00018682312360378305
0.00015723826519823322
0.00019107123123538854
0.00015939736598863795
0.00019030245907390015
6.023464060795229e-5
0.0008153728191099903
0.0007581112927276317
0.0007079902900497216
0.000641175709411043
0.0005827885062032764
0.0005321110261342601
0.0004884413497984119
0.00045469508983007195
0.0004508650654018652
0.00048254159238236366
0.0005475570577667848
0.0005906505985637299
0.0005658498858917068
0.0005701509556019517
0.0005690050663463619
3.3713151515220225e-5
8.926661998516277e-5
8.372856267742329e-5
0.00011899575879282959
9.863762775497358e-5
0.0001307925075273799
0.00010463173874964777
0.00013761942919989233
2.2221145735285435e-5
0.000579605763125219
0.0005243179975994185
0.00046501852373893675
0.0004061339236305408
0.00036160601809237937
0.000329825934570005
0.00028456982942713573
0.00028554756888522293
0.0003014154897293966
0.0002963817402256757
0.0003145226365430629
0.00033884054112301155
0.00034395445861619726
0.0003558543235687733
0.000375402659248365
1.0422557482984166e-5
5.2817034409744334e-5
5.726072826381854e-5
7.496926166885171e-5
7.224595041845335e-5
9.611785936050116e-5
9.201451434466392e-5
0.0001210178195037859
1.5836226616708253e-5
0.0006401276116795884
0.0006190945768874428
0.0006375276329249108
0.0006259413645937054
0.0006076591063092269
0.0006009702253581843
0.0005802590937281542
0.0005631965466964816
0.0005709570774507051
0.0006204718623260376
0.0006754824878618019
0.0007189830907564858
0.0007515332886934571
0.0007634264495945776
0.0007577724886419377
6.806728775674582e-5
0.00012127712215764732
0.00011567533447127939
0.00015145228026542176
0.00013485917737312756
0.00016852687739613934
0.00014460205396438222
0.00017896700799453666
4.4095449732408267e-5
0.0007921623296145106
0.0007299840688718302
0.000682720490960869
0.0006380729941286847
0.0006064726979291973
0.0005750512824822758
0.0005731096974175665
0.0005792748399491112
0.000575159679195883
0.0005707034825587771
0.0005769342319252334
0.0005928881927855764
0.0005986941064666049
0.000612029430296992
0.0006159517789329346
4.166175691955618e-5
0.00010519698428690694
9.764807104453707e-5
0.00013872816265884057
0.00011649109578366653
0.0001561333327938618
0.00012742274074746803
0.00017621154591303197
4.7961411016949314e-5
0.000817956452425822
0.0007413133158600446
0.0006821114623093562
0.0006079803782386916
0.0005522439895360166
0.0005035488805773845
0.00047175043431684714
0.0004645098043280745
0.0004717416403442611
0.0005059421903956268
0.0005593924785548744
0.0006012959442916149
0.0005957894941132586
0.0005864005408681022
0.000580373010901938
3.2792802791909386e-5
9.515989395654928e-5
9.285684381850008e-5
0.00013870127546639812
0.00011899625074549889
0.0001610348070988397
0.00013724710577070516
0.00019963144326943017
6.178865430779719e-5
0.0009740821514166392
0.0009230843305163769
0.0008527643718885901
0.000777327257844706
0.0006855368521802466
0.0006341427874277661
0.0006190629577826745
0.0006630462494965205
0.000686899464645933
0.0007145167691476618
0.0007566363150788388
7.211407709247454e-5
0.00012200274885807054
0.00011690610273185332
0.00014927789984544917
0.00013022675342100334
0.00016458014947311094
0.00013889884205205619
0.00016805877089285352
0.00013981989354771822
0.00016965656474917631
0.0001441663259688022
0.0001750504315663752
0.00014660242364579546
0.00017549575076334403
0.00014443779926910956
0.00017372241781594432
0.0001444784110464789
0.00017198081521454115
0.000139372200651466
0.00016424799855550905
0.00013603442580036114
0.00016481256904655973
0.00013746560436772
0.00016324993078494873
0.0001359146722134179
0.00016348424196426447
0.00013656874630020439
0.00016448064414631726
0.00013752168913624762
0.00016562602759818994
0.00013683370727545337
0.0001624444455313178
0.00013547639172942086
0.00016267677021546983
0.0001358340209281887
0.00016188456576015362
3.806538694823881e-5
0.000695501660817244
0.0006431790792871398
0.0006058844879316806
0.0005818545764553787
0.000557702722613958
0.0005224816966100567
0.0005014202313397901
0.0004929317811279211
0.00048562494842061427
0.0004936717182933589
0.0005081853993417259
0.0005615910544229378
0.0006099368185522517
0.0006438145355456313
0.0006563331412351677
6.603005129908067e-5
0.00013195100015442717
0.00012495011850648395
0.00017128695964375542
0.00015596109133429338
0.0001906308049932241
0.00015576507334869158
0.00018337022660986973
4.811786992886759e-5
0.0007349803003114852
0.0007075643328141666
0.0007832800236538349
0.0007851339205238651
0.0007121743018129819
0.0006679912101762889
0.0006364295213680706
0.0006514761104220075
0.000682631715122274
0.0007313751899682515
0.0007850502219600083
0.0008417718946134123
0.0008978720115929381
0.0009495154933188419
0.0009664920498710791
0.00010919596271503694
0.00018209879071084275
0.00017432088218186098
0.0002296825320345929
0.00020134569108529014
0.00025389215633630564
0.00021948673293486787
0.00027516904243341666
0.0001182919252974745
0.001277778366472914
0.0011967612724239985
0.0010828810152898622
0.0009752772950946772
0.0008877720042242167
0.0008144281309934973
0.0007489222432881811
0.0007245237462899567
0.0007615373003648762
0.0008172528463665968
0.0008884206978522166
0.0009792371262051876
0.0010451163172051404
0.0010974522914481027
0.0010584587865891343
0.00010926876836756762
0.00017730252377141595
0.000166901831747395
0.00020910921364180875
0.00017878600519410427
0.00022543883990543817
0.00019459303264762816
0.00024025355741610205
9.569837167046618e-5
0.0011253870999614276
0.0010656170006787967
0.0009682043690728035
0.0008730433575579224
0.0007748867234077508
0.0006796880404092111
0.000622269536686564
0.0005894889032425648
0.000586487176046485
0.0006059905258791655
0.0006515139629792607
0.0006884020840326202
0.0006946886860663643
0.0007089848888301496
0.0007008938480265589
5.715081762586876e-5
0.00010506366607540229
0.0001000753068643814
0.00012452075701520826
0.00010811865629780241
0.0001313667020198703
0.00011280172831383268
0.00013517660748842136
2.0632406366674284e-5
0.0006284277255592277
0.0005855109337520106
0.0005130203774109989
0.0004430811814442591
0.0003973224010934522
0.0003650681637387629
0.0003210242765760782
0.00027828948874034814
0.0002610926096293223
0.00028402631527021536
0.0003386959763415678
0.00034830134162918265
0.0003927454197117919
0.00045068625005702554
0.0004250625742491267
9.580240140838399e-6
5.7959612582581156e-5
5.9876404439914434e-5
7.746905697251644e-5
7.142319237908336e-5
8.912221141275894e-5
7.861733921305014e-5
9.452446508754289e-5
9.89490716205119e-6
0.0004236441141660137
0.0003901751589093733
0.0003657842441575151
0.0003503329722118759
0.00034555650159406767
0.0003262471902735371
0.00031137903325592723
0.00032862265797025986
0.00033227153257493227
0.0003318971351437008
0.0003377429626872329
1.6256206131963676e-5
3.8715197918148116e-5
6.761055178546827e-5
5.8763477840737166e-5
8.275916046804656e-5
6.911736111413921e-5
9.600394043128944e-5
7.756733874198682e-5
0.0001035677013236715
8.26569713804914e-5
0.00011076572147332427
9.062202245139473e-5
0.00012121000346643132
9.445427466194302e-5
0.00011898268883824371
8.921278101014837e-5
0.0001128778272213255
8.586459250359293e-5
0.00010701957658638106
8.043584838712863e-5
0.00010033381101495134
7.31097517097623e-5
9.440357891291898e-5
7.26243375766951e-5
9.43262648885852e-5
7.249837951385143e-5
9.415584991572112e-5
7.226422942510814e-5
9.226839010506277e-5
6.859058813685463e-5
8.885825745197536e-5
6.803888197485087e-5
8.855142576895834e-5
6.798275295992037e-5
8.860751104247201e-5
6.803708619611206e-5
8.871084490951565e-5
6.814261612755945e-5
8.682413976454413e-5
6.406556773492007e-5
8.262631648660307e-5
6.260324099842081e-5
7.925162387969506e-5
5.7994862994448825e-5
7.586701214303033e-5
5.7856034446536894e-5
7.41764427656615e-5
5.80531534461634e-5
7.573299433337294e-5
5.832269589596815e-5
7.67036852432825e-5
6.079789904887382e-5
8.282501755965152e-5
6.460899779962789e-5
8.501371837603251e-5
6.580531573872486e-5
8.636672723209975e-5
6.94070009775252e-5
9.764128888856156e-5
7.756701206406071e-5
1.8679114028378704e-5
0.0004199360501381442
0.00035833396148574314
0.000349536201744198
0.0003338257413437015
0.00031342836336167846
0.00030317417723765497
0.00029370226415119545
0.00028529051291461215
0.0002779935296008836
0.00028357622258373016
0.0002965454523975261
0.0003373442826376873
0.00034796559174764003
0.0003483955898340381
0.00035128791226802614
8.81403206321029e-6
4.637719566028281e-5
5.433522994904024e-5
7.576524048662125e-5
7.135374171005628e-5
9.351871344817133e-5
8.48436117813594e-5
0.00010399437878966917
1.1742376424456369e-5
0.0005283529413073872
0.0005072059381214371
0.0005089695906051394
0.00047280253514542096
0.0004145090083058455
0.0003721199722029508
0.00035629977278764467
0.0003625332024280535
0.0003958887000482799
0.00044117329073680426
0.0004972324610369749
0.0004914110322585645
0.00045301734197816465
0.00045722247827272873
0.0004614159431356976
2.182545391706163e-5
5.3174018091968275e-5
9.194030329171262e-5
8.653430110495536e-5
0.00013060428299257752
0.0001096132660996307
0.00014255375294820396
0.00011380922299696392
3.455362254394467e-5
0.0006117420465432642
0.0005361353730691922
0.0004794067996602152
0.0004347082674878642
0.00040033030354837834
0.0003691880824231256
0.0003533248067298528
0.00036037972590854375
0.000395338771846219
0.0004129921908736728
0.00041957868348406523
0.0005048449337081479
0.000561912029132
0.0005917941552643817
0.0006359077002125437
4.605750955556559e-5
0.00012663213976736652
0.00012491453367356964
0.00017969227394249408
0.00014901849201019287
0.00020555113296859813
0.0001717934573080626
0.0002259705640792597
7.895505248062972e-5
0.0010187357900823982
0.0009711291556216683
0.0009260550744092613
0.0008755248509381813
0.0008302383206220146
0.0008106961779960183
0.0007862441433311647
0.00078511124063531
0.0008049502472878051
0.0008405233640431728
0.0009117676042983188
0.0009754679150912601
0.001007379187515091
0.0010608643783912388
0.00110306482189659
0.0001302048995214129
0.00021027173514431412
0.0002007381129222443
0.000265094712166111
0.00023239102978165962
0.0002972733134210635
0.00025737377713313506
0.0003187677590814747
0.00015449917565649632
0.001499692281771238
0.0014711306133060116
0.0014063415476276361
0.0013010403770571139
0.0012108287054135454
0.001157422085808843
0.001123591635997292
0.0011260762136403998
0.0011582071850853954
0.001235771065249583
0.0012678082953996002
0.0001665880818026195
0.00019746841974684052
0.00028609398526951936
0.00024182970629280657
0.00032853624185966553
0.000272922988972641
0.0003598221964630196
0.0002869930344237184
0.00037743602818566104
0.000302942709875654
0.0003918369270766678
0.0003109801132177396
0.00039496648333321504
0.0003115874290044253
0.00040031611488120655
0.0003146611176845708
0.00039122717797828945
0.0002894158878537733
0.0003484863048193364
0.0002612294738533659
0.0003215958653161393
0.0002522173357206108
0.000332607729729896
0.00026661734751933235
0.0003405646907067246
0.0002716919285174789
0.0003541639606826339
0.00028459906860445845
0.0003798937537929793
0.00031073496073186994
