0.00046304955229080314
0.00045227063435476604
0.0006910294859038916
0.0005305069643665182
0.000709516942125655
0.0005464282405144535
0.0007705860064626354
0.0005707419847104421
0.0006362235011207941
0.0002736659649982778
0.00021660331901687173
5.2646288694477704e-5
1.931063459748786e-5
0.0
0.0
0.0
0.0
0.0
6.935171565066002e-6
1.6139958527598195e-5
0.00010933811756348564
0.00019694778810303224
0.0003056417526967274
0.0003276905336422
0.0004463598951530945
0.00045656679588808053
0.000640666338226568
0.0005891489996408513
0.0007326475126647799
0.0007241093692396164
0.0060433213102273975
0.004264726845675482
0.0020684778311944327
0.0014429763895128635
0.0011341116253570632
0.0009585115127327276
0.0010068037881305772
0.0005832653466100014
0.0003781902551343609
0.000337553001886768
0.0004046849207418242
0.0005756313687111012
0.0010292273816325972
0.0011315258194113205
0.001511797712148608
0.0016084885645149827
0.0
0.0
0.0
0.0
0.0
5.1184629999129e-6
2.7759247417168916e-5
3.33400106789145e-5
0.003383142880474353
0.002474878825797885
0.0009508108821292909
0.0006793961279946507
0.0005435513379919156
0.0004713998948583538
0.00046291823572434856
0.00031560682676741875
0.0002900504820769329
0.0003147036272111074
0.0003516640907330552
0.00043982931641660335
0.0005557750889692742
0.0006316245860318661
0.000815882018863529
0.0009320736750465906
0.0
0.0
0.0
0.0
0.0
0.0
0.0
0.0
0.0019735616428599614
0.001598366804780833
0.0008313192753753896
0.0006940557846786286
0.0006096053494425183
0.0003808056283528842
0.000336068558153789
0.00018706098248964928
0.0001417664664925298
0.00012176216352331099
0.00014396941769123078
0.00025792734728219006
0.0004070056180173174
0.0004935381572073085
0.0006593655006688714
0.0007227084549220743
0.0
0.0
0.0
0.0
0.0
0.0
0.0
0.0
0.0014335954139690994
0.0012082421842752216
0.0007794695505620494
0.0009131746285060908
0.0008314315801525372
0.0005835288080932583
0.0004994861226315745
0.0003466962374103003
0.00037214705371294753
0.00039370360864568
0.00040731188446291365
0.000514156971259778
0.0006744353762623128
0.0007232318845046884
0.0008465444008409757
0.0008859556146774012
0.0
0.0
0.0
0.0
0.0
0.0
0.0
0.0
0.0019350600216088065
0.0015137069729401484
0.0009619754705693053
0.0007747323337544019
0.00045797197007088294
0.0003750805147813952
0.00038766571234033774
0.00023484664924992808
0.00010612898713570366
8.23643270304252e-5
0.00010693492092537539
0.00028586520424876645
0.00046658206796591593
0.0005279957995244912
0.0006936360478776721
0.0007875487792783366
0.0
0.0
0.0
0.0
0.0
0.0
0.0
0.0
0.002030822373054645
0.001609651449571786
0.0011826370349461665
0.000844683613264097
0.0006752760274093605
0.0005996886824094093
0.0005365445071689815
0.0004501944214174623
0.0005903593252866081
0.0006959261685303399
0.0008752885199097317
0.0012511823506955388
0.0
0.0
0.0
0.0
0.0
0.0
0.0
0.0
1.5027808427750302e-5
2.7676681129539968e-5
4.113578781478907e-5
4.086390210303351e-5
5.568760066707164e-5
5.996868478802513e-5
4.6229283928941665e-5
2.422554555082021e-5
1.6674941730724614e-5
0.0
0.0
0.0
0.0
0.0
0.0
0.0
0.0
0.0
0.0
3.6611715436313373e-6
2.0616216733746165e-5
2.2007360023492218e-5
2.790929778731352e-5
2.943324674148228e-5
4.1304871580518535e-5
4.253980418591129e-5
6.064003797340468e-5
9.054117052863504e-5
0.0031137764140454524
0.0022665879379000103
0.0010695851496882402
0.0007442109981092584
0.0005676305686892093
0.00048542591288980286
0.0004998877953037851
0.0003127694155664906
0.00016999747744898355
0.00014388906184370037
0.00015074219077569818
0.00031772118612379186
0.0005011872323357928
0.0005658560353959298
0.0007193607647088978
0.0008329163425048171
0.0
0.0
0.0
0.0
0.0
0.0
9.807881470462346e-6
2.222706310980868e-5
0.0022143792694466783
0.0016189155747030426
0.0008349430490632397
0.0005274811068121991
0.00039371094119769343
0.00031819389474476616
0.00032236279954978345
0.00016106707016460737
5.8394420030314604e-5
4.00244134646829e-5
4.2260540388003664e-5
0.0001758361330576961
0.0003527445852065631
0.0004350290320147768
0.0005638644278798638
0.0006359291896303765
0.0
0.0
0.0
0.0
0.0
0.0
0.0
0.0
0.0015529900605317168
0.0012457608425450132
0.0007606145638353405
0.0006238011646357908
0.0004786791117958747
0.00032854936003086523
0.0002961160553600407
0.00019190714884866032
0.00016761974043764285
0.0001496855464976064
0.0001523803856434981
0.00027366770097983235
0.0004929270446701002
0.0006005828568122453
0.000785419972735588
0.0008706056006177324
0.0
0.0
0.0
0.0
0.0
0.0
0.0
3.50694862068518e-5
0.002199321755683767
0.0015476764868383875
0.0007125212325339563
0.00042434543013459604
0.0003206375848743774
0.00025950857995979756
0.0002693170359801404
0.00011582695920593115
3.0735797620471675e-5
2.138419122512596e-5
2.3644735970878925e-5
9.415105935577915e-5
0.00028158408974379777
0.0003736417201292966
0.0005138464354352183
0.000570766460955388
0.0
0.0
0.0
0.0
0.0
0.0
0.0
0.0
0.0017916535926742478
0.0012233911516502118
0.0004500706920591235
0.0003269998121130694
0.000245705935718433
0.00018052073980538087
0.00019470619206295642
4.89752652362304e-5
6.229823597033843e-6
4.22784773323014e-6
5.870844660605105e-6
9.175121991799508e-5
0.00029320589622247313
0.0003700492200178149
0.0005019072611563214
0.0005745577527047477
0.0
0.0
0.0
0.0
0.0
0.0
0.0
5.023762001968339e-6
0.001853951371508162
0.001401327636482789
0.0008622696203910794
0.00055186637413035
0.0004462689296119334
0.00042857859455890275
0.0004108240175377928
0.00031724352684697906
0.0003135492334633848
0.0002988834946510838
0.0003133717011224536
0.0006213760756505547
0.0
0.0
0.0
0.0
0.0
0.0
0.0
0.0
0.0
0.0
0.0
0.0
0.0
0.0
0.0
0.0
0.0
0.0
0.0
0.0
0.0
0.0
0.0
0.0
0.0
0.0
0.0
0.0
0.0
0.0
0.0
1.6243157751504212e-5
1.81399371450123e-5
3.439554401377649e-5
3.0127413505601435e-5
3.845725300789715e-5
2.9110214458518863e-5
3.91898350220072e-5
2.715365879325181e-5
1.558085108055601e-5
0.0
0.0
0.0
0.0
0.0
0.0
0.0
0.0
0.0
0.0
0.0
0.0
0.0
0.0
0.0
1.2059094553964135e-5
1.823192714445722e-5
2.7984555995284702e-5
2.8628648657771225e-5
3.604591329813955e-5
0.002425148520673598
0.0018200739011912615
0.0010347823275463546
0.0008354490189065087
0.0006445544618219717
0.0005106653823385808
0.0004858381585171934
0.00026878294153638457
0.0001882214101988336
0.00020994710901911222
0.0004975098351691819
0.0007851005636177944
0.0009808487074505642
0.0011332870649334722
0.001233809764050687
0.0011121045393820705
0.0
0.0
0.0
0.0
0.0
1.321001871401173e-5
2.8220017663135048e-5
4.0943278033164204e-5
0.002729240230680135
0.002111940549423628
0.0014824924485455449
0.001280325819118414
0.0010214956250647763
0.0009135521579727976
0.0008892889715096313
0.0007898099932323239
0.0007933051027621684
0.0007536764331974796
0.0008034396419724296
0.0009047851435723789
0.0010796460312962786
0.001123776572588503
0.0012837450146828736
0.0013650246828705692
0.0
0.0
0.0
4.0411560166286454e-5
4.307901663692775e-5
9.757776386468394e-5
0.00034080500752272215
0.0005178244373170757
0.003416904500813434
0.0026183394535209846
0.0012444899996955157
0.000783880549073228
0.0005858436726310849
0.0005592799123489611
0.0006057602942014093
0.00046680907042595423
0.0003502783591487554
0.00026912560866645415
0.00029829519639267986
0.0004939837163524435
0.0006948158230483284
0.0007573978324374824
0.0009471121841405134
0.0010475599200643042
0.0
0.0
0.0
1.0537547522614462e-5
2.730762293928604e-5
5.353284528379458e-5
5.9498526342084357e-5
0.0003635975675603399
0.003051533167877205
0.002497470960234082
0.0010794434791727996
0.000620036661140727
0.0005373798893400628
0.0004954346529428787
0.0005428038658477755
0.0004055866730185766
0.00026641859820343214
0.00021378641947943203
0.00023054679179255737
0.00042739988300828283
0.0006371728657716668
0.0006891947676684635
0.0008627157346817305
0.0009521593807296851
0.0
0.0
0.0
1.4337415001706453e-5
3.740143658950941e-5
4.56267158518982e-5
0.00010618200167763338
0.000273960135518353
0.002908531636760198
0.0024961374555887337
0.001499320009501813
0.0010672468849112684
0.0008688867880063118
0.0008118823719309909
0.0007725670550248206
0.0006853969279185033
0.0009276153593254253
0.0009718517659940148
0.0010605967149182663
0.0014104264511504907
0.0
0.0
0.0
0.0
0.0
0.0
2.0754812563510064e-5
2.0586342617115925e-5
3.32105103920618e-5
2.927059202514767e-5
4.213635885352984e-5
3.441709048693636e-5
4.84712604393553e-5
3.81468143068773e-5
2.9266916648296683e-5
1.6934569586552688e-5
1.7429863349690606e-5
2.7255314709032556e-6
0.0
0.0
0.0
0.0
0.0
0.0
0.0
0.0
1.4307341743525533e-5
1.4870622552931549e-5
2.188453416777204e-5
2.039096997674995e-5
3.1110761989393104e-5
2.8596597530639316e-5
5.158692209119453e-5
0.0001345954370527731
0.00035057282770502556
0.0002944329835171742
0.0036662422719761284
0.002633536108482201
0.001094696665275674
0.0007443087110199423
0.0005837347950225531
0.0005160048270814615
0.000535128344659133
0.0003652141584838366
0.0002187382298267493
0.0001609190149256989
0.00016820412048641252
0.0003394620406919035
0.0005370032846172614
0.0005863338069455108
0.0007493764769531671
0.0008526878710084606
0.0
0.0
0.0
0.0
0.0
1.4535758334748584e-5
3.427348025353993e-5
3.4842998204794514e-5
0.0025471580163035504
0.0018031008003234412
0.0007897952320339124
0.0005266639721031102
0.0004139487621971923
0.00036585803441938037
0.0003813538514833837
0.00021472059924301646
9.272139271285142e-5
6.814514085713194e-5
6.709137462380545e-5
0.00014401375543678744
0.0003527098378720473
0.00043700812925064416
0.0005641379702982983
0.0006207293424926901
0.0
0.0
0.0
0.0
0.0
0.0
0.0
0.0
0.0018700061714614989
0.0013704663648583723
0.0005561232384455313
0.0003616194109245498
0.0003040445298178087
0.0002599678887992533
0.0002813273214199064
0.00012745782290943315
3.430724212997114e-5
2.0274589146265626e-5
1.964552426333067e-5
8.498591245771488e-5
0.00028176671269372134
0.00036809155745413783
0.00050687319211271
0.0005756576831351163
0.0
0.0
0.0
0.0
0.0
0.0
0.0
0.0
0.0017413516151159349
0.0012543356669798003
0.0004657780655776366
0.00030666099920639644
0.00021891976623998074
0.0001475694760508767
0.00011479709247173989
2.004295490099502e-5
1.944538872813395e-7
0.0
0.0
9.846339077374012e-7
8.776275715118316e-5
0.00019735583932422646
0.00032692110387137394
0.0003646428464935049
0.0
0.0
0.0
0.0
0.0
0.0
0.0
0.0
0.0005394080544867855
0.0005341470514224106
0.0001318794834695267
6.253848120587745e-5
2.6411173445054914e-5
3.5282363941197663e-6
3.0660949758259336e-6
0.0
0.0
0.0
0.0
4.8152511440918674e-8
3.0351873228048387e-5
6.824307006993282e-5
0.0001496260528845475
0.00019173071399415501
0.0
0.0
0.0
0.0
0.0
0.0
0.0
0.0
0.0006100262536167257
0.0006303403109106563
0.0003594307841914381
0.00017964805219068087
0.00010919479799466012
8.438568156244193e-5
5.705674079000968e-5
1.584598366071586e-5
4.419488978984427e-6
2.1085742775721594e-5
4.433295741163357e-5
0.00015539174646838423
0.0
0.0
0.0
0.0
0.0
0.0
0.0
0.0
0.0
0.0
0.0
0.0
0.0
0.0
0.0
0.0
0.0
0.0
0.0
0.0
0.0
0.0
0.0
0.0
0.0
0.0
0.0
0.0
0.0
0.0
0.0
0.0
0.0
0.0
0.0
0.0
0.0009652292904504846
0.0008415839506750747
0.0002871871086385069
0.0001863035858180032
0.00010191962468011711
6.298069284389308e-5
6.262241097469325e-5
8.866215900476578e-6
0.0
0.0
0.0
5.213664357607651e-7
6.32159760550176e-5
0.00015823599796198524
0.0002968220094646442
0.0003641520416125989
0.0
0.0
0.0
0.0
0.0
0.0
0.0
0.0
0.0013713250028876836
0.0010836608965636523
0.0004248976500375735
0.00027623709165919085
0.00016102726632682705
9.16323335131959e-5
8.604754101869626e-5
1.6780057403353933e-5
9.703506400724543e-7
8.056629279635104e-7
1.954832687568396e-6
2.4148738870996867e-5
0.00019150306723503073
0.0002871189195606764
0.00043045899651945093
0.0005025332282937682
0.0
0.0
0.0
0.0
0.0
0.0
0.0
0.0
0.0017705298881350482
0.0014197717903969304
0.0006295686718066719
0.0004038686212042287
0.00030599680642885593
0.0002213724962423816
0.00023465480608569883
9.599946051010283e-5
2.3038422085664436e-5
1.7795495278510927e-5
2.109635331900384e-5
7.468483862760245e-5
0.00026614514613525935
0.0003460343523340177
0.0004793644745971231
0.0005565385332446731
0.0
0.0
0.0
0.0
0.0
0.0
1.6439847483283528e-5
3.331701886483713e-5
0.0021695494548234513
0.001652384003655614
0.0007247642339210486
0.0004386533583350895
0.00033581102269035636
0.0002754014513615999
0.00030127658731769123
0.00015678304548368756
5.561817326410909e-5
2.9483947640577248e-5
2.665139013350126e-5
8.308067943298055e-5
0.00025858013366826093
0.00033751988444704234
0.0004634481069814604
0.0005238256829489421
0.0
0.0
0.0
0.0
0.0
9.88521775240672e-6
2.4032756814257706e-5
4.072341466787659e-5
0.0021164981822213848
0.0015343010615963535
0.0008100657135760511
0.00045416530112579685
0.00032495074715573985
0.000287946448139956
0.0002995076813498605
0.00013726640224890818
9.292635090568786e-5
5.424875910463841e-5
0.00011276437786024206
0.0002442608419777135
0.00039983958291266484
0.0007422962145831684
0.000898564808667548
0.0007830907334112646
0.0
0.0
0.0
0.0
0.0
1.1712009882468703e-5
2.2619046949027685e-5
1.9117467490782376e-5
0.00217810589986093
0.0016661077147968168
0.0011693465754493944
0.0008615599358378494
0.0006543535251248269
0.0005651621258787516
0.0005316727814389052
0.0005079264855927789
0.0007019646421200043
0.0008270098108131218
0.0009618219535074807
0.0012670435216608612
0.0
0.0
0.0
0.0
0.0
0.0
0.0
0.0
0.0
0.0
0.0
7.911711384759943e-6
3.920000108986877e-5
3.4409913738265195e-5
2.4179174942322042e-5
0.0
0.0
0.0
0.0
0.0
0.0
0.0
0.0
0.0
0.0
0.0
0.0
0.0
0.0
0.0
0.0
1.2636027694812756e-5
2.243485334656181e-5
3.1126945372727726e-5
3.021196383711317e-5
4.2528776451790765e-5
0.002576751215420936
0.0018425305814378523
0.0007814725590246357
0.0004580731084531836
0.0003306129470276681
0.0002545649372761526
0.0002909054573305622
0.0001269514747319219
4.563171417797089e-5
2.952205909230023e-5
2.5266477750837367e-5
8.179674524938152e-5
0.000269928226541681
0.00033313946650777337
0.00046278389194544483
0.0005388843455363749
0.0
0.0
0.0
0.0
0.0
0.0
0.0
0.0
0.0019229673008294567
0.0014147789667150162
0.0007557248788665906
0.0004748174912231784
0.0003299151831443849
0.00022334870765498428
0.00017688182610620034
8.271336068272166e-5
2.116011700510757e-5
1.5122266658729666e-5
2.077395413408724e-5
7.89682824939581e-5
0.00020594011918317298
0.0002474506409198646
0.00035759714644940645
0.0004547614423852765
0.0
0.0
0.0
0.0
0.0
0.0
0.0
0.0
0.0012968998398878624
0.0011128201110626279
0.00043055138546616137
0.00024869795542431587
0.00016313223619678142
9.789498375374838e-5
8.461830877504078e-5
1.5825830951039234e-5
2.9694387431668503e-8
0.0
0.0
1.2047512404309604e-6
5.653511372503694e-5
0.00015045454145031802
0.00029743764424187996
0.00040786567185318245
0.0
0.0
0.0
0.0
0.0
0.0
0.0
0.0
0.0016864424874312503
0.0012668003137145832
0.0005314283803306589
0.0003032915793364
0.00019510916745430696
0.0001177004112568
9.424340701660838e-5
2.170017206505953e-5
7.015085875055101e-6
1.3051966272479428e-5
1.0441627101291284e-5
3.568310021372085e-5
0.00014575079749998258
0.00020261423330041034
0.0003274490147671418
0.0003822127290306409
0.0
0.0
0.0
0.0
0.0
0.0
0.0
0.0
0.0013873926469385113
0.0011300955873313236
0.00048237592002814845
0.00025647786760468603
0.00015622157790231826
8.864493668915513e-5
8.664970792262668e-5
2.8044471071373113e-5
2.841892804878093e-6
1.0863600059261917e-6
1.2391438466551128e-6
8.324187435235576e-6
0.00011223976504820516
0.00019757558462386063
0.00033039169449419525
0.00039879297720684656
0.0
0.0
0.0
0.0
0.0
0.0
0.0
0.0
0.0017203443774493896
0.0012728470564474193
0.0006842232828036932
0.0004372817203744518
0.0003635693410615115
0.0003167165400369358
0.0003021691144737
0.00022258398267958215
0.00024916437668425303
0.00023957236482824828
0.0002544450475646045
0.00036162343569962535
0.0
0.0
0.0
0.0
0.0
0.0
0.0
0.0
0.0
0.0
0.0
2.2165187199682895e-5
3.467611206259004e-5
2.6707354976471872e-5
1.509865406056832e-5
0.0
0.0
0.0
0.0
0.0
0.0
0.0
0.0
0.0
0.0
0.0
0.0
0.0
0.0
0.0
0.0
0.0
0.0
9.332135842113062e-6
2.2122800547089007e-5
3.321283695917242e-5
0.002131562280783182
0.001433691985235415
0.0006683206667970588
0.00045196821006901407
0.0003271359541015227
0.00013905457394413297
0.00014508086275387964
6.089609510311555e-5
1.1482050647284551e-5
6.799923876668244e-6
1.4795472460118086e-5
0.00010120374066289279
0.00020239181812062084
0.00025848748294512953
0.00039233347008054683
0.00046062846995075554
0.0
0.0
0.0
0.0
0.0
0.0
0.0
0.0
0.001623115417472098
0.0012851217971036534
0.0008957952105437579
0.0009089602782373726
0.0006725001011771635
0.00035247288928420866
0.0002918840477780935
0.00016998855880111488
8.074475059920283e-5
6.416826135289833e-5
6.704926589699388e-5
0.0001516100381892507
0.00038241397257118804
0.00047245934729438574
0.0006279503083426737
0.0008257700711908565
0.0
0.0
0.0
0.0
0.0
0.0
0.0
0.0
0.0017939046544898707
0.001407045910539455
0.0008729410376110117
0.0006763982572417105
0.0006158606834060713
0.0009372499666029634
0.0008835782988418837
0.00041912391731480786
0.00035494569260174143
0.0003238294802417767
0.00032862664055891954
0.0005476280635705322
0.0007807434252312612
0.000847535875295683
0.001020968606003878
0.0011196179438991629
0.0
0.0
0.0
0.0
2.8630345393804756e-5
4.500191881616052e-5
5.566240773512804e-5
7.520604415774418e-5
0.00275121765065524
0.001978543440818198
0.0011624008535944992
0.0007651012758659589
0.0004904370478772389
0.0004364338567036193
0.0004438335736058808
0.00029061728762357444
0.0001623641500719688
0.00011738991737630235
0.00010747053810013395
0.00017251753897957716
0.00039225062355751966
0.00044997280467071535
0.00058959790868649
0.0006525017193213309
0.0
0.0
0.0
0.0
0.0
0.0
2.4640076196167873e-5
2.856534795393319e-5
0.002146294292469912
0.0015344708584590042
0.000817055435410127
0.0005248316503635019
0.0004241028751634224
0.0003981916293190648
0.00043605961185785614
0.0003209043305597357
0.0002045890620548335
0.0001466142800385334
0.0001503955393187497
0.0002164124101102509
0.00046603276003392784
0.0005602396404740425
0.0007686922859161351
0.0009151170831461545
0.0
0.0
0.0
1.4149219666473524e-5
2.9548236991684644e-5
4.699211292504078e-5
5.371543848394983e-5
7.858444699781563e-5
0.002536382225982439
0.0018908542694078703
0.0011762300405887525
0.0007733904079859715
0.0006334063572188051
0.000615711890286746
0.0005915982105903047
0.0005124672391067471
0.0005825044526053713
0.0006247770372158092
0.0006801060147888642
0.0009413882808436912
0.0
0.0
0.0
0.0
0.0
0.0
1.814988227955805e-5
3.209241689641868e-5
3.513294823676667e-5
5.103149548390326e-5
0.0002111740679087392
0.0003838894524811675
0.0006497007810252508
0.0004697404002454104
0.00025896111038638275
3.099017355319736e-5
1.163628013588252e-5
4.476207291082854e-6
0.0
0.0
0.0
0.0
0.0
0.0
0.0
0.0
0.0
0.0
1.2373079969472001e-5
2.2496622601494377e-5
2.6510966164915707e-5
4.037686314071113e-5
4.821355593716458e-5
0.00017830325035202727
0.0003105395996448616
0.0003539394731039675
0.000519995279588411
0.00041729452615475287
0.00022281608663851212
2.8100891800224622e-5
1.1906450503040699e-5
4.9177330808590465e-6
0.0
0.0
0.0
0.0
0.0
0.0
0.0
0.0
0.0
0.0
0.0
0.0
1.0441268057727495e-5
1.2555662124158154e-5
1.941930003018687e-5
1.826842208639243e-5
2.9906006754403546e-5
2.6328350867838797e-5
0.002663462287207042
0.002017133007578218
0.0007469966702028143
0.0004937749999477213
0.00036579936736163096
0.0003149590415974323
0.00038755037819669495
0.00031898703068910096
0.00027803352663379545
0.00028036549046727354
0.00035022239996613895
0.00046816637596299956
0.0006960371838716312
0.0008174212737922874
0.0010250763920279804
0.0011245007993454699
0.0
0.0
0.0
1.680237023222168e-5
3.437989372690415e-5
5.2301959305077154e-5
6.492744695972922e-5
0.00023673765480097673
0.0031676170571399804
0.002100775808405357
0.0009865629576296738
0.0006938990132123387
0.0005270567370771859
0.0004890223936184176
0.0005465263394780444
0.00040031494561745725
0.0002630721208976452
0.0001913816252940169
0.00019257501642863951
0.00026838163463314794
0.0005047099815664406
0.0006234338064545236
0.0008852009961267208
0.0010134248449954924
0.0
0.0
1.388105393827107e-5
2.9166774284889407e-5
5.634742112618494e-5
0.00025275942497229224
0.00038314012211336355
0.00044958276917206704
0.0031969134293199225
0.0024437068856955776
0.0010623018702798392
0.0005615910099390488
0.0004253915698484677
0.0003744453702113892
0.00040124793150105834
0.00024779421340742576
0.00012631253425422553
9.869576703998252e-5
8.957876277035688e-5
0.00014727530104320573
0.0003115731137174054
0.00041686028478602947
0.0005719733196641428
0.0007360394302286567
0.0
0.0
0.0
0.0
0.0
7.878979914172763e-6
2.351346797816118e-5
4.729330269114193e-5
0.0022714630986154067
0.001371034751773935
0.0005945736924286865
0.0003732888967921092
0.00026674852941698673
0.00018942209983957632
0.0001687379205438847
4.1162811931136016e-5
3.2313042303338756e-6
3.512404296791688e-7
0.0
2.5874514400140957e-6
7.561891409946076e-5
0.00017314667597518468
0.00032087174720374335
0.0003770101185028225
0.0
0.0
0.0
0.0
0.0
0.0
0.0
0.0
0.0017493836247509964
0.0012951677200590658
0.0008152362490428935
0.00041572896811072063
0.0003039639467782622
0.0002590658472819937
0.0002487846225068931
0.00016124063355615453
0.00018251248619757798
0.00018146017298793297
0.00022267969364386778
0.0005008619943097477
0.0
0.0
0.0
0.0
0.0
0.0
0.0
0.0
0.0
0.0
0.0
0.0
0.0
0.0
0.0
0.0
0.0
0.0
0.0
0.0
0.0
0.0
0.0
0.0
0.0
0.0
0.0
0.0
0.0
0.0
0.0
0.0
0.0
0.0
0.0
0.0
0.0016630429298022575
0.0011358601596145592
0.0003912887605933701
0.00023710312597813248
0.0001623070299184047
8.4903934912736e-5
5.399467249020489e-5
2.2212604387320314e-6
0.0
0.0
0.0
0.0
8.085419582047978e-7
2.0284356242927817e-5
0.0001397907533227288
0.0002396540821525061
0.0
0.0
0.0
0.0
0.0
0.0
0.0
0.0
0.001142742853485788
0.0008638756836541962
0.0002585430009073281
0.00011630688053019408
6.084523119659118e-5
2.272826175320304e-5
1.0157777094174272e-5
2.8747788767302413e-8
0.0
0.0
0.0
0.0
0.0
1.8820631739701082e-7
4.9794613323297224e-5
0.00015080210747928799
0.0
0.0
0.0
0.0
0.0
0.0
0.0
0.0
0.0005698137419762504
0.0005022064964368373
9.87191865458723e-5
2.310064340902974e-5
6.185117216425318e-7
0.0
0.0
0.0
0.0
0.0
0.0
0.0
0.0
0.0
2.9487065316974107e-8
8.912286360618073e-6
0.0
0.0
0.0
0.0
0.0
0.0
0.0
0.0
0.00017772364654120652
0.00020811938658650957
3.44138581016077e-5
0.00016544020324004753
0.0002843871650928265
0.00013898075436961943
4.864881580464455e-7
0.0
0.0
0.0
0.0
0.0
2.6676782625837815e-6
1.606342349092308e-5
7.144088248196487e-5
0.00011532891655103475
0.0
0.0
0.0
0.0
0.0
0.0
0.0
0.0
0.0006869671556350432
0.000628413449768436
0.00015867678924601675
6.831930157759578e-5
3.2169330279302934e-5
1.3424907728955084e-5
9.075800619082961e-6
9.78996872926455e-8
0.0
0.0
0.0
1.0349996947193942e-7
3.3808699742391274e-5
8.331454671788209e-5
0.00020155566180934885
0.00029484562722422846
0.0
0.0
0.0
0.0
0.0
0.0
0.0
0.0
0.0013606301131483967
0.0009567738498256138
0.0004821777860923093
0.0003477534373125852
0.0002857769114598219
0.00024366802106044004
0.0002342025702357162
0.0001673881703231078
0.00019609384876601452
0.0001975695234376512
0.00020866203055842192
0.00027848336371424296
0.0
0.0
0.0
0.0
0.0
0.0
0.0
0.0
0.0
0.0
8.853902691550906e-6
2.4990059519468414e-5
4.682583929179365e-5
2.687668338198984e-5
1.872953748830926e-5
2.211836059161807e-6
0.0
0.0
0.0
0.0
0.0
0.0
0.0
0.0
0.0
0.0
0.0
0.0
0.0
0.0
0.0
0.0
0.0
0.0
3.2753413596272203e-6
2.4277538745865924e-5
0.0020312616021766657
0.0012555178169861474
0.0004937861506659003
0.0002680506304653578
0.00016038037353022162
8.633594946577992e-5
6.736742231738192e-5
5.920009456260247e-6
0.0
0.0
0.0
0.0
1.8468983500412878e-6
1.0811874935238186e-5
9.1580200933425e-5
0.000146041307518091
0.0
0.0
0.0
0.0
0.0
0.0
0.0
0.0
0.0004696535271522693
0.00040374263093529745
0.0001062672981287877
4.995025085191649e-5
3.1889285095233275e-5
1.1159684443205264e-5
7.066316842981065e-6
3.8318747851502015e-8
0.0
0.0
0.0
0.0
3.375894279411162e-8
1.2936569302495624e-5
0.0001496623306687308
0.00024008054819309833
0.0
0.0
0.0
0.0
0.0
0.0
0.0
0.0
0.0009927611609087713
0.0011455106882836065
0.0008134446925037526
0.0007346065349101462
0.0006985494800066388
0.0006834382114279967
0.0007410316202620458
0.000403239014626598
0.0004691186513283349
0.0007119590462790803
0.0007525980226437863
0.0008787435929049957
0.0010665808850088214
0.0011227697619247772
0.0012609435841642487
0.0013006665111908646
0.0
0.0
0.0
0.0
0.0
1.9749681074359738e-5
3.224560376692861e-5
4.695286215053226e-5
0.002760512503850721
0.0021554270878112653
0.0013420564472198186
0.001232112941256973
0.0013248250265764914
0.0009362927432743469
0.0004976781109761988
0.00034243037773927965
0.0002544466473027509
0.000677215228243305
0.0009869901193074477
0.0008539256911364209
0.0008234674510880542
0.0008971491146028653
0.0010694988298857425
0.0011613867652470978
0.0
0.0
0.0
6.914204434538877e-6
3.6439910392498185e-5
4.2756525360562123e-5
6.301924889070595e-5
9.006371839924379e-5
0.002736186323509616
0.001737984686878789
0.0008696050875467622
0.0005150254603396935
0.00038354702648457824
0.00035028516737007704
0.00039437245320517953
0.00024358410505358465
0.00011366455636706901
8.115200859296562e-5
7.331981119473318e-5
0.00013318565620330797
0.00027229375196719853
0.0003640895131880952
0.0004888799396769022
0.0005831278979533238
0.0
0.0
0.0
0.0
0.0
0.0
0.0
0.0
0.0017010778051907132
0.0011484451062271455
0.000649485485924773
0.0004337020659161608
0.0003504296863236702
0.00028604828194172985
0.00024697467879194416
0.0001394263281742339
0.00016311223300781297
0.00019197376816548417
0.00026738148876718246
0.0005138811668537278
0.0
0.0
0.0
0.0
0.0
0.0
0.0
0.0
0.0
0.0
0.0
0.0
0.0
0.0
0.0
0.0
0.0
0.0
0.0
0.0
0.0
0.0
0.0
0.0
0.0
0.0
0.0
0.0
0.0
0.0
0.0
0.0
0.0
0.0
0.0
0.0008891004452172009
0.0009156528709692223
0.0003292416598773517
0.00014639491456900673
6.478493874822212e-5
2.0276532119671765e-5
7.738301092030687e-6
0.0
0.0
0.0
0.0
0.0
0.0
0.0
0.0
1.230023425111212e-6
0.0
0.0
0.0
0.0
0.0
0.0
0.0
0.0
0.0007281335459690769
0.0006564576468990119
0.00015699126208990825
5.317694607665273e-5
1.4972100837704089e-5
1.4276834283526564e-6
5.050350413451809e-7
0.0
0.0
0.0
0.0
0.0
0.0
0.0
0.0
0.0
0.0
0.0
0.0
0.0
0.0
0.0
0.0
0.0
0.000505694660604433
0.0005638448224115513
0.00010903985429621734
3.9431085796126126e-5
5.7889315664769195e-6
1.073338415046759e-7
0.0
0.0
0.0
0.0
0.0
0.0
0.0
0.0
0.0
0.0
0.0
0.0
0.0
0.0
0.0
0.0
0.0
0.0
0.0003324405463206423
0.00042345667453359126
6.382226592261943e-5
9.794357220986989e-6
2.643699021264763e-7
0.0
0.0
0.0
0.0
0.0
0.0
0.0
0.0
0.0
0.0
0.0
0.0
0.0
0.0
0.0
0.0
0.0
0.0
0.0
0.00016286149032837245
0.00020755202595418634
1.4811167012635268e-5
2.747190480400216e-7
0.0
0.0
0.0
0.0
0.0
0.0
0.0
0.0
0.0
0.0
0.0
0.0
0.0
0.0
0.0
0.0
0.0
0.0
0.0
0.0
8.662150535764242e-5
0.00017376530703037605
5.610696839618361e-5
2.509996246953226e-5
1.3473865633879138e-6
0.0
0.0
0.0
0.0
0.0
0.0
0.0
0.0
0.0
0.0
0.0
0.0
0.0
0.0
0.0
0.0
0.0
0.0
0.0
0.0
0.0
0.0
0.0
0.0
0.0
0.0
0.0
0.0
0.0
0.0
0.0
0.0
0.0
0.0
0.0
0.0
0.0
0.0
0.0
0.0
0.0
0.0
0.0
0.0008231701843662238
0.000867050960437205
0.000580301528212576
0.0005354233454442636
0.0003232944974933934
8.943063333653135e-5
7.449821196438619e-5
1.3594550146508973e-5
3.868777242667177e-6
5.710753855535559e-7
6.603312456427158e-7
2.432820325355078e-6
3.797790498297131e-5
0.00010321778526037884
0.00019667595833065403
0.0002658460094023469
0.0
0.0
0.0
0.0
0.0
0.0
0.0
0.0
0.0005635675536132436
0.0005626395542862473
0.0001580469341752485
6.253926916786319e-5
2.965018981278617e-5
4.5397008616159644e-6
3.7605396621373412e-6
3.36781609301379e-7
0.0
0.0
0.0
0.0
0.0
0.0
7.197169050973876e-6
4.405184488581481e-5
0.0
0.0
0.0
0.0
0.0
0.0
0.0
0.0
0.0005165026801803118
0.0005212269401022277
9.85570564115349e-5
5.2040495262672293e-5
2.4136808154818843e-5
3.724321797529681e-6
2.252215124748713e-6
3.9686821260954376e-8
0.0
0.0
0.0
0.0
0.0
0.0
0.0
1.0448075010555363e-6
0.0
0.0
0.0
0.0
0.0
0.0
0.0
0.0
0.0006173483579088446
0.0005951231384589555
0.0001229469355421251
5.097718844258512e-5
2.043389500920223e-5
4.591154797832856e-6
1.4292732949850558e-6
0.0
0.0
0.0
0.0
0.0
0.0
0.0
1.2970889633297056e-7
2.2936223290462592e-5
0.0
0.0
0.0
0.0
0.0
0.0
0.0
0.0
0.0005304249989679652
0.0005396484497276931
0.00011761497784422224
5.370140631043283e-5
2.1387291034908128e-5
3.37087916195172e-6
1.867958318155032e-6
0.0
0.0
0.0
0.0
0.0
0.0
0.0
0.0
0.0
0.0
0.0
0.0
0.0
0.0
0.0
0.0
0.0
0.0005961744627819926
0.0006375747670719242
0.0002950828303485003
0.00016308450846153202
8.536146235616778e-5
4.882272897137432e-5
2.7817966237839896e-5
1.1790479479803716e-5
2.2604871812675796e-6
0.0
0.0
0.0
0.0
0.0
0.0
0.0
0.0
0.0
0.0
0.0
0.0
0.0
0.0
0.0
0.0
0.0
0.0
0.0
0.0
0.0
0.0
0.0
0.0
0.0
0.0
0.0
0.0
0.0
0.0
0.0
0.0
0.0
0.0
0.0
0.0
0.0
0.0
0.0
0.0005933150554807241
0.0005825107857997202
0.0001044613087635778
2.2240468246524905e-5
3.4092376300939358e-6
1.30208311893005e-6
1.1828149561522313e-6
0.0
0.0
0.0
0.0
0.0
0.0
0.0
0.0
5.316043173612049e-7
0.0
0.0
0.0
0.0
0.0
0.0
0.0
0.0
0.0005005356427616012
0.0004972122303219676
9.207802339695475e-5
3.8434797736755646e-5
8.664243257250086e-6
8.356098345941228e-7
1.1937308743443745e-7
0.0
0.0
0.0
0.0
0.0
0.0
0.0
0.0
0.0
0.0
0.0
0.0
0.0
0.0
0.0
0.0
0.0
0.0003341858408929874
0.0003338357534335307
4.622887999146962e-5
9.553516469520003e-6
9.95869927932128e-7
0.0
0.0
0.0
0.0
0.0
0.0
0.0
0.0
0.0
0.0
0.0
0.0
0.0
0.0
0.0
0.0
0.0
0.0
0.0
0.00021991283421003507
0.0002195953105406531
1.7403561562745143e-5
9.868630868392707e-7
0.0
0.0
0.0
0.0
0.0
0.0
0.0
0.0
0.0
0.0
0.0
0.0
0.0
0.0
0.0
0.0
0.0
0.0
0.0
0.0
1.1247267414165409e-5
4.454803959065001e-5
6.97924533827151e-8
0.0
0.0
0.0
0.0
0.0
0.0
0.0
0.0
0.0
0.0
0.0
0.0
0.0
0.0
0.0
0.0
0.0
0.0
0.0
0.0
0.0
0.00030432168080176834
0.00032276023868396247
0.00010749091938400617
6.416183290184958e-5
2.9388490375040142e-5
2.7366349227316413e-6
3.2943736901560023e-7
0.0
0.0
0.0
0.0
0.0
0.0
0.0
0.0
0.0
0.0
0.0
0.0
0.0
0.0
0.0
0.0
0.0
0.0
0.0
0.0
0.0
0.0
0.0
0.0
0.0
0.0
0.0
0.0
0.0
0.0
0.0
0.0
0.0
0.0
0.0
0.0
0.0
0.0
0.0
0.0
0.0
7.957927147269586e-5
7.46425259246037e-5
2.3221084640116726e-7
0.0
0.0
0.0
0.0
0.0
0.0
0.0
0.0
0.0
0.0
0.0
0.0
0.0
0.0
0.0
0.0
0.0
0.0
0.0
0.0
0.0
0.00013249953571638676
0.00011185871928094284
7.162541475430966e-6
3.2978915571816053e-7
0.0
0.0
0.0
0.0
0.0
0.0
0.0
0.0
0.0
0.0
0.0
0.0
0.0
0.0
0.0
0.0
0.0
0.0
0.0
0.0
0.0004261635828589331
0.00030442898897009644
4.9487831755555614e-5
1.3380768598404521e-5
1.2797176984313999e-6
0.0
0.0
0.0
0.0
0.0
0.0
0.0
0.0
0.0
0.0
0.0
0.0
0.0
0.0
0.0
0.0
0.0
0.0
0.0
0.000622389520177547
0.0004985482957689761
8.859025521481138e-5
3.698979511218109e-5
6.573537545581133e-6
5.893746206992371e-7
0.0
0.0
0.0
0.0
0.0
0.0
0.0
0.0
0.0
0.0
0.0
0.0
0.0
0.0
0.0
0.0
0.0
0.0
0.0004446006000597414
0.0003058372921440206
3.6014106924481914e-5
5.645034601438526e-6
5.795909306430243e-7
0.0
0.0
0.0
0.0
0.0
0.0
0.0
0.0
0.0
0.0
0.0
0.0
0.0
0.0
0.0
0.0
0.0
0.0
0.0
0.0002807030951704522
0.00029780105094546946
9.18909074661284e-5
5.275627016550091e-5
1.8047388260387974e-5
2.0406696337346076e-6
1.3004314156210788e-7
0.0
0.0
0.0
0.0
0.0
0.0
0.0
0.0
0.0
0.0
0.0
0.0
0.0
0.0
0.0
0.0
0.0
0.0
0.0
0.0
0.0
0.0
0.0
0.0
0.0
0.0
0.0
0.0
0.0
0.0
0.0
0.0
0.0
0.0
0.0
0.0
0.0
0.0
0.0
0.0
0.0
0.0005766932668270029
0.00047038246504712894
6.196084583407303e-5
1.7152473841039716e-5
2.2397564483113665e-6
6.999265897227381e-8
0.0
0.0
0.0
0.0
0.0
0.0
0.0
0.0
0.0
0.0
0.0
0.0
0.0
0.0
0.0
0.0
0.0
0.0
0.0003137110620911198
0.0002153561724083375
2.1465782675313654e-5
1.7510457392821956e-6
5.003002836801906e-8
0.0
0.0
0.0
0.0
0.0
0.0
0.0
0.0
0.0
0.0
0.0
0.0
0.0
0.0
0.0
0.0
0.0
0.0
0.0
0.0007168857072420835
0.0004981065197269249
8.561954243422518e-5
3.155512958809443e-5
4.889443994429637e-6
4.994068177789777e-7
0.0
0.0
0.0
0.0
0.0
0.0
0.0
0.0
0.0
0.0
0.0
0.0
0.0
0.0
0.0
0.0
0.0
0.0
0.0004505639319693386
0.00028630833865614527
3.359372796421467e-5
4.703001668484723e-6
3.9971204753458646e-7
0.0
0.0
0.0
0.0
0.0
0.0
0.0
0.0
0.0
0.0
0.0
0.0
0.0
0.0
0.0
0.0
0.0
0.0
0.0
0.0003858419449156549
0.0002467969194385008
2.632589899508686e-5
2.261184335256678e-6
0.0
0.0
0.0
0.0
0.0
0.0
0.0
0.0
0.0
0.0
0.0
0.0
0.0
0.0
0.0
0.0
0.0
0.0
0.0
0.0
0.0
5.969054144106689e-7
0.0
0.0
0.0
0.0
0.0
0.0
0.0
0.0
0.0
0.0
0.0
0.0
0.0
0.0
0.0
0.0
0.0
0.0
0.0
0.0
0.0
0.0
0.0
0.0
0.0
0.0
0.0
0.0
0.0
0.0
0.0
0.0
0.0
0.0
0.0
0.0
0.0
0.0
0.0
0.0
0.0
0.0
0.0
0.0
0.0
0.0
9.10517089239199e-5
6.842106158166495e-5
1.2438404046482306e-6
0.0
0.0
0.0
0.0
0.0
0.0
0.0
0.0
0.0
0.0
0.0
0.0
0.0
0.0
0.0
0.0
0.0
0.0
0.0
0.0
0.0
6.030239581375985e-6
1.702506482169183e-5
0.0
0.0
0.0
0.0
0.0
0.0
0.0
0.0
0.0
0.0
0.0
0.0
0.0
0.0
0.0
0.0
0.0
0.0
0.0
0.0
0.0
0.0
0.00032747011729740904
0.00025692109972198383
4.6582294554443366e-5
1.4862930484660875e-5
2.3524519263184393e-6
5.906183592480262e-7
1.1512086813990424e-6
0.0
0.0
0.0
0.0
0.0
0.0
3.0532130784182604e-7
4.654847825245045e-5
9.910072882073259e-5
0.0
0.0
0.0
0.0
0.0
0.0
0.0
0.0
0.0006944284274526955
0.00045919636720149576
0.00012471138682320382
7.553428797544792e-5
4.714325416988679e-5
2.6573982977460748e-5
2.4700853614646335e-5
2.1900365226969628e-6
0.0
0.0
0.0
0.0
0.0
0.0
0.0
2.6350923815708786e-5
0.0
0.0
0.0
0.0
0.0
0.0
0.0
0.0
0.0008008379218153311
0.0005973141805357894
0.00012883935577944462
5.284871693039549e-5
1.1323605241947763e-5
1.7351953487186475e-6
2.6925549339067936e-7
0.0
0.0
0.0
0.0
0.0
0.0
0.0
1.082577781214535e-6
3.146647897022867e-5
0.0
0.0
0.0
0.0
0.0
0.0
0.0
0.0
0.001130984302424297
0.0007545123119359937
0.00044048520050029465
0.00027866917172031836
0.00015053196175202242
8.891945548876401e-5
6.246020544874662e-5
3.308432626497593e-5
1.1123283465542387e-5
1.1024286486166687e-5
1.1551860447259364e-5
2.329161097750271e-5
0.0
0.0
0.0
0.0
0.0
0.0
0.0
0.0
0.0
0.0
0.0
0.0
0.0
0.0
0.0
0.0
0.0
0.0
0.0
0.0
0.0
0.0
0.0
0.0
0.0
0.0
0.0
0.0
0.0
0.0
0.0
0.0
0.0
0.0
0.0
0.0
0.0007288800455614579
0.0005181915105060931
9.626937677163712e-5
3.3464673223822166e-5
3.3306688084259763e-6
0.0
0.0
0.0
0.0
0.0
0.0
0.0
0.0
0.0
0.0
0.0
0.0
0.0
0.0
0.0
0.0
0.0
0.0
0.0
0.00034600655993528845
0.0001812459587996938
1.4947719604136205e-5
5.452997392969074e-7
0.0
0.0
0.0
0.0
0.0
0.0
0.0
0.0
0.0
0.0
0.0
0.0
0.0
0.0
0.0
0.0
0.0
0.0
0.0
0.0
0.00022390742039105134
0.00010299710061719436
3.6459196164486684e-6
9.925072353870598e-9
0.0
0.0
0.0
0.0
0.0
0.0
0.0
0.0
0.0
0.0
0.0
0.0
0.0
0.0
0.0
0.0
0.0
0.0
0.0
0.0
7.261241728989714e-5
4.37430988640419e-5
1.290864346660147e-7
0.0
0.0
0.0
0.0
0.0
0.0
0.0
0.0
0.0
0.0
0.0
0.0
0.0
0.0
0.0
0.0
0.0
0.0
0.0
0.0
0.0
9.479798841215856e-5
5.55798060672939e-5
3.527013223897842e-7
0.0
0.0
0.0
0.0
0.0
0.0
0.0
0.0
0.0
0.0
0.0
0.0
0.0
0.0
0.0
0.0
0.0
0.0
0.0
0.0
0.0
3.153769260385168e-5
4.382060816374601e-5
1.0816303665736185e-5
1.2522913804144654e-6
9.938849069501515e-9
0.0
0.0
0.0
0.0
0.0
0.0
0.0
0.0
0.0
0.0
0.0
0.0
0.0
0.0
0.0
0.0
0.0
0.0
0.0
0.0
0.0
0.0
0.0
0.0
0.0
0.0
0.0
0.0
0.0
0.0
0.0
0.0
0.0
0.0
0.0
0.0
0.0
0.0
0.0
0.0
0.0
0.0
0.0
1.2057715222588948e-5
4.9744045328839095e-6
0.0
0.0
0.0
0.0
0.0
0.0
0.0
0.0
0.0
0.0
0.0
0.0
0.0
0.0
0.0
0.0
0.0
0.0
0.0
0.0
0.0
0.0
0.0
0.0
0.0
0.0
0.0
0.0
0.0
0.0
0.0
0.0
0.0
0.0
0.0
0.0
0.0
0.0
0.0
0.0
0.0
0.0
0.0
0.0
0.0
0.0
0.0
0.0
0.0
0.0
0.0
0.0
0.0
0.0
0.0
0.0
0.0
0.0
0.0
0.0
0.0
0.0
0.0
0.0
0.0
0.0
0.0
0.0
0.0
0.0
0.0
0.0
0.0
0.0
0.0
0.0
0.0
0.0
0.0
0.0
0.0
0.0
0.0
0.0
0.0
0.0
0.0
0.0
0.0
0.0
0.0
0.0
0.0
0.0
0.0
0.0
0.0
0.0
0.0
0.0
0.0
0.0
0.0
0.0
0.0
0.0
0.0
0.0
0.0
0.0
0.0
0.0
0.0
0.0
0.0
0.0
0.0
0.0
2.4970533493568363e-5
3.914536465901981e-5
5.8991537437613435e-6
1.1831556729731713e-6
1.4913772108776287e-7
0.0
0.0
0.0
0.0
0.0
0.0
0.0
0.0
0.0
0.0
0.0
0.0
0.0
0.0
0.0
0.0
0.0
0.0
0.0
0.0
0.0
0.0
0.0
0.0
0.0
0.0
0.0
0.0
0.0
0.0
0.0
0.0
0.0
0.0
0.0
0.0
0.0
0.0
0.0
0.0
0.0
0.0
0.0
9.780592005568209e-5
6.226634496062424e-5
5.13971348621326e-7
0.0
0.0
0.0
0.0
0.0
0.0
0.0
0.0
0.0
0.0
0.0
0.0
0.0
0.0
0.0
0.0
0.0
0.0
0.0
0.0
0.0
2.2242530404491705e-5
2.9933014009357242e-5
0.0
0.0
0.0
0.0
0.0
0.0
0.0
0.0
0.0
0.0
0.0
0.0
0.0
0.0
0.0
0.0
0.0
0.0
0.0
0.0
0.0
0.0
3.48588094168518e-7
1.1342999966778524e-6
0.0
0.0
0.0
0.0
0.0
0.0
0.0
0.0
0.0
0.0
0.0
0.0
0.0
0.0
0.0
0.0
0.0
0.0
0.0
0.0
0.0
0.0
2.6482064294888086e-5
1.0509263295353773e-5
0.0
0.0
0.0
0.0
0.0
0.0
0.0
0.0
0.0
0.0
0.0
0.0
0.0
0.0
0.0
0.0
0.0
0.0
0.0
0.0
0.0
0.0
4.5223922854390844e-5
4.514698931920977e-5
1.7918841611574033e-7
0.0
0.0
0.0
0.0
0.0
0.0
0.0
0.0
0.0
0.0
0.0
0.0
0.0
0.0
0.0
0.0
0.0
0.0
0.0
0.0
0.0
0.0003750906024180494
0.00024393148146667398
9.937557036823053e-5
6.660957197971904e-5
3.8906184940274266e-5
1.5702273748841788e-5
4.289537840734966e-6
2.2730795557487144e-6
3.589090966935088e-7
0.0
0.0
0.0
0.0
0.0
0.0
0.0
0.0
0.0
0.0
0.0
0.0
0.0
0.0
0.0
0.0
0.0
0.0
0.0
0.0
0.0
0.0
0.0
0.0
0.0
0.0
0.0
0.0
0.0
0.0
0.0
0.0
0.0
0.0
0.0
0.0
0.0
0.0
0.0
0.00034393624435703063
0.00015892012170811933
9.097661200014133e-6
4.3904836932093974e-7
0.0
0.0
0.0
0.0
0.0
0.0
0.0
0.0
0.0
0.0
0.0
0.0
0.0
0.0
0.0
0.0
0.0
0.0
0.0
0.0
0.0002506798101980429
0.00012043484009240102
3.467815777202241e-6
0.0
0.0
0.0
0.0
0.0
0.0
0.0
0.0
0.0
0.0
0.0
0.0
0.0
0.0
0.0
0.0
0.0
0.0
0.0
0.0
0.0
5.291879741616476e-6
6.96234017003038e-6
0.0
0.0
0.0
0.0
0.0
0.0
0.0
0.0
0.0
0.0
0.0
0.0
0.0
0.0
0.0
0.0
0.0
0.0
0.0
0.0
0.0
0.0
5.799719079594921e-5
3.0407885436096674e-5
0.0
0.0
0.0
0.0
0.0
0.0
0.0
0.0
0.0
0.0
0.0
0.0
0.0
0.0
0.0
0.0
0.0
0.0
0.0
0.0
0.0
0.0
2.996744754724175e-8
0.0
0.0
0.0
0.0
0.0
0.0
0.0
0.0
0.0
0.0
0.0
0.0
0.0
0.0
0.0
0.0
0.0
0.0
0.0
0.0
0.0
0.0
0.0
0.0
0.0
0.0
0.0
0.0
0.0
0.0
0.0
0.0
0.0
0.0
0.0
0.0
0.0
0.0
0.0
0.0
0.0
0.0
0.0
0.0
0.0
0.0
0.0
0.0
0.0
0.0
0.0
0.0
0.0
0.0
0.0
0.0
0.0
0.0
0.0
0.0
0.0
0.0
0.0
0.0
0.0
0.0
0.0
0.0
0.0
0.0
0.0
0.0
0.0
0.0
0.0
0.0
0.0
0.0
0.0
0.0
0.0
0.0
0.0
0.0
0.0
0.0
0.0
0.0
0.0
0.0
0.0
0.0
0.0
0.0
0.0
0.0
1.3984813507321e-7
0.0
0.0
0.0
0.0
0.0
0.0
0.0
0.0
0.0
0.0
0.0
0.0
0.0
0.0
0.0
0.0
0.0
0.0
0.0
0.0
0.0
0.0
2.225077138949568e-5
1.6441566435907938e-5
0.0
0.0
0.0
0.0
0.0
0.0
0.0
0.0
0.0
0.0
0.0
0.0
0.0
0.0
0.0
0.0
0.0
0.0
0.0
0.0
0.0
0.0
2.062513316773428e-5
1.7357762015769623e-5
0.0
0.0
0.0
0.0
0.0
0.0
0.0
0.0
0.0
0.0
0.0
0.0
0.0
0.0
0.0
0.0
0.0
0.0
0.0
0.0
0.0
0.0
3.857575844573126e-7
3.597043271483843e-7
0.0
0.0
0.0
0.0
0.0
0.0
0.0
0.0
0.0
0.0
0.0
0.0
0.0
0.0
0.0
0.0
0.0
0.0
0.0
0.0
0.0
0.0
0.0
0.0
0.0
0.0
0.0
0.0
0.0
0.0
0.0
0.0
0.0
0.0
0.0
0.0
0.0
0.0
0.0
0.0
0.0
0.0
0.0
0.0
0.0
0.0
0.0
0.0
0.0
0.0
0.0
0.0
0.0
0.0
0.0
0.0
0.0
0.0
0.0
0.0
0.0
0.0
0.0
0.0
0.0
0.0
0.0
0.0
0.0
0.0
0.0
0.0
0.0
0.0
0.0
0.0
0.0
0.0
0.0
0.0
0.0
0.0
0.0
0.0
0.0
0.0
0.0
0.0
0.0
0.0
0.0
0.0
0.0
0.0
0.0
0.0
0.0
0.0
0.0
0.0
0.0
0.0
0.0
0.0
0.0
0.0
0.0
0.0
0.0
0.0
0.0
0.0
0.0
0.0
0.0
0.0
0.0
0.0
0.0
0.0
0.0
0.0
0.0
0.0
0.0
0.0
0.0
0.0
0.0
0.0
0.0
0.0
0.0
0.0
0.0
0.0
0.0
0.0
0.0
0.0
0.0
0.0
0.0
0.0
0.0
0.0
0.0
0.0
0.0
0.0
0.0
0.0
0.0
0.0
0.0
0.0
0.0
0.0
0.0
0.0
0.0
0.0
0.0
0.0
0.0
0.0
0.0
0.0
0.0
0.0
0.0
0.0
0.0
0.0
0.0
0.0
0.0
0.0
0.0
0.0
0.0
0.0
0.0
0.0
0.0
0.0
0.0
0.0
0.0
0.0
8.992615964688301e-8
1.4388225631493623e-6
0.0
0.0
0.0
0.0
0.0
0.0
0.0
0.0
0.0
0.0
0.0
0.0
0.0
0.0
0.0
0.0
0.0
0.0
0.0
0.0
0.0
0.0
0.0
0.0
0.0
0.0
0.0
0.0
0.0
0.0
0.0
0.0
0.0
0.0
0.0
0.0
0.0
0.0
0.0
0.0
0.0
0.0
0.0
0.0
0.0
0.0
0.0
0.0
0.0
0.0
0.0
0.0
0.0
0.0
0.0
0.0
0.0
0.0
0.0
0.0
0.0
0.0
0.0
0.0
0.0
0.0
0.0
0.0
0.0
0.0
0.0
0.0
0.0
0.0
0.0
0.0
0.0
0.0
0.0
0.0
0.0
0.0
0.0
0.0
0.0
0.0
0.0
0.0
0.0
0.0
0.0
0.0
0.0
0.0
4.0648718540253024e-9
0.0
0.0
0.0
0.0
0.0
0.0
0.0
0.0
0.0
0.0
0.0
0.0
0.0
0.0
0.0
0.0
0.0
0.0
0.0
0.0
0.0
0.0
0.0
0.0
0.0
0.0
0.0
0.0
0.0
0.0
0.0
0.0
0.0
0.0
0.0
0.0
0.0
0.0
0.0
0.0
0.0
0.0
0.0
0.0
0.0
0.0
0.0
0.0
0.0
0.0
0.0
0.0
0.0
0.0
0.0
0.0
0.0
0.0
0.0
0.0
0.0
0.0
0.0
0.0
0.0
0.0
0.0
0.0
0.0
0.0
0.0
0.0
0.0
0.0
0.0
0.0
0.0
0.0
0.0
0.0
0.0
0.0
0.0
0.0
0.0
0.0
0.0
0.0
0.0
0.0
0.0
0.0
0.0
0.0
0.0
0.0
0.0
0.0
0.0
0.0
0.0
0.0
0.0
0.0
0.0
0.0
0.0
0.0
0.0
0.0
0.0
0.0
0.0
0.0
0.0
0.0
0.0
0.0
0.0
0.0
0.0
0.0
0.0
0.0
0.0
0.0
0.0
0.0
0.0
0.0
0.0
0.0
0.0
0.0
1.3139527278154055e-5
0.0
0.0
0.0
0.0
0.0
0.0
0.0
0.0
7.549109223326732e-6
1.136069250464274e-5
0.0
0.0
0.0
0.0
0.0
0.0
0.0
0.0
0.0
0.0
0.0
0.0
0.0
0.0
0.0
0.0
0.0
0.0
0.0
0.0
0.0
0.0
9.700330918110472e-6
1.3705146747245472e-5
0.0
0.0
0.0
0.0
0.0
0.0
0.0
0.0
0.0
0.0
0.0
0.0
0.0
0.0
0.0
0.0
0.0
0.0
0.0
0.0
0.0
0.0
0.0
0.0
0.0
0.0
0.0
0.0
0.0
0.0
0.0
0.0
0.0
0.0
0.0
0.0
0.0
0.0
0.0
0.0
0.0
0.0
0.0
0.0
0.0
0.0
1.06197697313157e-6
7.545373192131078e-7
0.0
0.0
0.0
0.0
0.0
0.0
0.0
0.0
0.0
0.0
0.0
0.0
0.0
0.0
0.0
0.0
0.0
0.0
0.0
0.0
0.0
0.0
0.0
0.0
0.0
0.0
0.0
0.0
0.0
0.0
0.0
0.0
0.0
0.0
0.0
0.0
0.0
0.0
0.0
0.0
0.0
0.0
0.0
0.0
0.0
0.0
0.0
0.0
0.0
0.0
0.0
0.0
0.0
0.0
0.0
0.0
0.0
0.0
0.0
0.0
0.0
0.0
0.0
0.0
0.0
0.0
0.0
0.0
0.0
0.0
0.0
0.0
0.0
0.0
0.0
0.0
0.0
0.0
0.0
0.0
0.0
0.0
0.0
0.0
0.0
0.0
0.0
0.0
0.0
0.0
0.0
0.0
0.0
0.0
0.0
0.0
0.0
0.0
0.0
0.0
0.0
0.0
0.0
0.0
0.0
0.0
0.0
0.0
0.0
0.0
0.0
0.0
0.0
0.0
0.0
0.0
0.0
0.0
0.0
0.0
0.0
0.0
0.0
0.0
0.0
0.0
0.0
0.0
0.0
0.0
0.0
0.0
0.0
0.0
0.0
0.0
0.0
0.0
0.0
0.0
0.0
0.0
0.0
0.0
0.0
0.0
0.0
0.0
0.0
0.0
0.0
0.0
0.0
0.0
0.0
0.0
0.0
0.0
0.0
0.0
0.0
0.0
0.0
0.0
0.0
0.0
0.0
0.0
0.0
0.0
0.0
0.0
0.0
0.0
0.0
0.0
0.0
0.0
0.0
0.0
0.0
0.0
0.0
0.0
0.0
0.0
0.0
0.0
0.0
0.0
0.0
0.0
0.0
0.0
0.0
0.0
0.0
0.0
0.0
0.0
0.0
0.0
0.0
0.0
0.0
0.0
0.0
0.0
0.0
0.0
0.0
0.0
0.0
0.0
0.0
0.0
0.0
0.0
0.0
0.0
0.0
0.0
0.0
0.0
0.0
0.0
0.0
0.0
0.0
0.0
0.0
0.0
0.0
0.0
0.0
0.0
0.0
0.0
0.0
0.0
0.0
0.0
0.0
0.0
0.0
0.0
0.0
0.0
0.0
0.0
0.0
0.0
0.0
0.0
0.0
0.0
0.0
0.0
0.0
0.0
0.0
0.0
0.0
0.0
0.0
0.0
0.0
0.0
0.0
0.0
0.0
0.0
0.0
0.0
0.0
0.0
0.0
0.0
0.0
0.0
0.0
0.0
0.0
0.0
0.0
0.0
0.0
0.0
0.0
0.0
0.0
0.0
0.0
0.0
0.0
0.0
0.0
0.0
0.0
0.0
0.0
0.0
0.0
0.0
0.0
0.0
0.0
0.0
0.0
0.0
0.0
0.0
0.0
0.0
0.0
0.0
0.0
0.0
0.0
0.0
0.0
0.0
0.0
0.0
0.0
0.0
0.0
0.0
0.0
0.0
0.0
0.0
0.0
0.0
0.0
0.0
0.0
0.0
0.0
0.0
0.0
0.0
0.0
0.0
0.0
0.0
0.0
0.0
0.0
0.0
0.0
0.0
0.0
0.0
0.0
0.0
0.0
0.0
0.0
0.0
0.0
0.0
0.0
0.0
0.0
0.0
0.0
0.0
0.0
0.0
0.0
0.0
0.0
0.0
0.0
0.0
0.0
0.0
0.0
0.0
0.0
0.0
0.0
0.0
0.0
0.0
0.0
0.0
0.0
0.0
0.0
0.0
0.0
0.0
0.0
0.0
0.0
0.0
0.0
0.0
0.0
0.0
0.0
0.0
0.0
0.0
0.0
0.0
0.0
0.0
0.0
0.0
0.0
0.0
0.0
0.0
0.0
0.0
0.0
0.0
0.0
0.0
0.0
0.0
0.0
0.0
0.0
0.0
0.0
0.0
0.0
0.0
0.0
0.0
0.0
0.0
0.0
0.0
0.0
0.0
0.0
0.0
0.0
0.0
0.0
0.0
0.0
0.0
0.0
0.0
0.0
0.0
0.0
0.0
0.0
0.0
0.0
0.0
0.0
0.0
0.0
0.0
0.0
0.0
0.0
0.0
0.0
0.0
0.0
0.0
0.0
0.0
0.0
0.0
0.0
0.0
0.0
0.0
0.0
0.0
0.0
0.0
0.0
0.0
0.0
0.0
0.0
0.0
0.0
0.0
0.0
0.0
0.0
0.0
0.0
0.0
0.0
0.0
0.0
0.0
0.0
0.0
0.0
0.0
0.0
0.0
0.0
0.0
0.0
0.0
0.0
0.0
0.0
0.0
0.0
0.0
0.0
0.0
0.0
0.0
0.0
0.0
0.0
0.0
0.0
0.0
0.0
0.0
0.0
0.0
0.0
0.0
0.0
0.0
0.0
0.0
0.0
0.0
0.0
0.0
0.0
0.0
0.0
0.0
0.0
0.0
0.0
0.0
0.0
0.0
0.0
0.0
0.0
0.0
0.0
0.0
0.0
0.0
0.0
0.0
0.0
0.0
0.0
0.0
0.0
0.0
0.0
0.0
0.0
0.0
0.0
0.0
0.0
0.0
0.0
0.0
0.0
0.0
0.0
0.0
0.0
0.0
0.0
0.0
0.0
0.0
0.0
0.0
0.0
0.0
0.0
0.0
0.0
0.0
0.0
0.0
0.0
0.0
0.0
0.0
0.0
0.0
0.0
0.0
0.0
0.0
0.0
0.0
0.0
0.0
0.0
0.0
0.0
0.0
0.0
0.0
0.0
0.0
0.0
0.0
0.0
0.0
0.0
0.0
0.0
0.0
0.0
0.0
0.0
0.0
0.0
0.0
0.0
0.0
0.0
0.0
0.0
0.0
0.0
0.0
0.0
0.0
0.0
0.0
0.0
0.0
0.0
0.0
0.0
0.0
0.0
0.0
0.0
0.0
0.0
0.0
0.0
0.0
0.0
0.0
0.0
0.0
0.0
0.0
0.0
0.0
0.0
0.0
0.0
0.0
0.0
0.0
0.0
0.0
0.0
0.0
0.0
0.0
0.0
0.0
0.0
0.0
0.0
0.0
0.0
0.0
0.0
0.0
0.0
0.0
0.0
0.0
0.0
0.0
0.0
0.0
0.0
0.0
0.0
0.0
0.0
0.0
0.0
0.0
0.0
0.0
0.0
0.0
0.0
0.0
0.0
0.0
0.0
0.0
0.0
0.0
0.0
0.0
0.0
0.0
0.0
0.0
0.0
0.0
0.0
0.0
0.0
0.0
0.0
0.0
0.0
0.0
0.0
0.0
0.0
0.0
0.0
0.0
0.0
0.0
0.0
0.0
0.0
0.0
0.0
0.0
0.0
0.0
0.0
0.0
0.0
0.0
0.0
0.0
0.0
0.0
0.0
0.0
0.0
0.0
0.0
0.0
0.0
0.0
0.0
0.0
0.0
0.0
0.0
0.0
0.0
0.0
0.0
0.0
0.0
0.0
0.0
0.0
0.0
0.0
0.0
0.0
0.0
0.0
0.0
0.0
0.0
0.0
0.0
0.0
0.0
0.0
0.0
0.0
0.0
0.0
0.0
0.0
0.0
0.0
0.0
0.0
0.0
0.0
0.0
0.0
0.0
0.0
0.0
0.0
0.0
0.0
0.0
0.0
0.0
0.0
0.0
0.0
0.0
0.0
0.0
0.0
0.0
0.0
0.0
0.0
0.0
0.0
0.0
0.0
0.0
0.0
0.0
0.0
0.0
0.0
0.0
0.0
0.0
0.0
0.0
0.0
0.0
0.0
0.0
0.0
0.0
0.0
0.0
0.0
0.0
0.0
0.0
0.0
0.0
0.0
0.0
0.0
0.0
0.0
0.0
0.0
0.0
0.0
0.0
0.0
0.0
0.0
0.0
0.0
0.0
0.0
0.0
0.0
0.0
0.0
0.0
0.0
0.0
0.0
0.0
0.0
0.0
0.0
0.0
0.0
0.0
0.0
0.0
0.0
0.0
0.0
0.0
0.0
0.0
0.0
0.0
0.0
0.0
0.0
0.0
0.0
0.0
0.0
0.0
0.0
0.0
0.0
0.0
0.0
0.0
0.0
0.0
0.0
0.0
0.0
0.0
0.0
0.0
0.0
0.0
0.0
0.0
0.0
0.0
0.0
0.0
0.0
0.0
0.0
0.0
0.0
0.0
0.0
0.0
0.0
0.0
0.0
0.0
0.0
0.0
0.0
0.0
0.0
0.0
0.0
0.0
0.0
0.0
0.0
0.0
0.0
0.0
0.0
0.0
0.0
0.0
0.0
0.0
0.0
0.0
0.0
0.0
0.0
0.0
0.0
0.0
0.0
0.0
0.0
0.0
0.0
0.0
0.0
0.0
0.0
0.0
0.0
0.0
0.0
0.0
0.0
0.0
0.0
0.0
0.0
0.0
0.0
0.0
0.0
0.0
0.0
0.0
0.0
0.0
0.0
0.0
0.0
0.0
0.0
0.0
0.0
0.0
0.0
0.0
0.0
0.0
0.0
0.0
0.0
0.0
0.0
0.0
0.0
0.0
0.0
0.0
0.0
0.0
0.0
0.0
0.0
0.0
0.0
0.0
0.0
0.0
0.0
0.0
0.0
0.0
0.0
0.0
0.0
0.0
0.0
0.0
0.0
0.0
0.0
0.0
0.0
0.0
0.0
0.0
0.0
0.0
0.0
0.0
0.0
0.0
0.0
0.0
0.0
0.0
0.0
0.0
0.0
0.0
0.0
0.0
0.0
0.0
0.0
0.0
0.0
0.0
0.0
0.0
0.0
0.0
0.0
0.0
0.0
0.0
0.0
0.0
0.0
0.0
0.0
0.0
0.0
0.0
0.0
0.0
0.0
0.0
0.0
0.0
0.0
0.0
0.0
0.0
0.0
0.0
0.0
0.0
0.0
0.0
0.0
0.0
0.0
0.0
0.0
0.0
0.0
0.0
0.0
0.0
0.0
0.0
0.0
0.0
0.0
0.0
0.0
0.0
0.0
0.0
0.0
0.0
0.0
0.0
0.0
0.0
0.0
0.0
0.0
0.0
0.0
0.0
0.0
0.0
0.0
0.0
0.0
0.0
0.0
0.0
0.0
0.0
0.0
0.0
0.0
0.0
0.0
0.0
0.0
0.0
0.0
0.0
0.0
0.0
0.0
0.0
0.0
0.0
0.0
0.0
0.0
0.0
0.0
0.0
0.0
0.0
0.0
0.0
0.0
0.0
0.0
0.0
0.0
0.0
0.0
0.0
0.0
0.0
0.0
0.0
0.0
0.0
0.0
0.0
0.0
0.0
0.0
0.0
0.0
0.0
0.0
0.0
0.0
0.0
0.0
0.0
0.0
0.0
0.0
0.0
0.0
0.0
0.0
0.0
0.0
0.0
0.0
0.0
0.0
0.0
0.0
0.0
0.0
0.0
0.0
0.0
0.0
0.0
0.0
0.0
0.0
0.0
0.0
0.0
0.0
0.0
0.0
0.0
0.0
0.0
0.0
0.0
0.0
0.0
0.0
0.0
0.0
0.0
0.0
0.0
0.0
0.0
0.0
0.0
0.0
0.0
0.0
0.0
0.0
0.0
0.0
0.0
0.0
0.0
0.0
0.0
0.0
0.0
0.0
0.0
0.0
0.0
0.0
0.0
0.0
0.0
0.0
0.0
0.0
0.0
0.0
0.0
0.0
0.0
0.0
0.0
0.0
0.0
0.0
0.0
0.0
0.0
0.0
0.0
0.0
0.0
0.0
0.0
0.0
0.0
0.0
0.0
0.0
0.0
0.0
0.0
0.0
0.0
0.0
0.0
0.0
0.0
0.0
0.0
0.0
0.0
0.0
0.0
0.0
0.0
0.0
0.0
0.0
0.0
0.0
0.0
0.0
0.0
0.0
0.0
0.0
0.0
0.0
0.0
0.0
0.0
0.0
0.0
0.0
0.0
0.0
0.0
0.0
0.0
0.0
0.0
0.0
0.0
0.0
0.0
0.0
0.0
0.0
0.0
0.0
0.0
0.0
0.0
0.0
0.0
0.0
0.0
0.0
0.0
0.0
0.0
0.0
0.0
0.0
0.0
0.0
0.0
0.0
0.0
0.0
0.0
0.0
0.0
0.0
0.0
0.0
0.0
0.0
0.0
0.0
0.0
0.0
0.0
0.0
0.0
0.0
0.0
0.0
0.0
0.0
0.0
0.0
0.0
0.0
0.0
0.0
0.0
0.0
0.0
0.0
0.0
0.0
0.0
0.0
0.0
0.0
0.0
0.0
0.0
0.0
0.0
0.0
0.0
0.0
0.0
0.0
0.0
0.0
0.0
0.0
0.0
0.0
0.0
0.0
0.0
0.0
0.0
0.0
0.0
0.0
0.0
0.0
0.0
0.0
0.0
0.0
0.0
0.0
0.0
0.0
0.0
0.0
0.0
0.0
0.0
0.0
0.0
0.0
0.0
0.0
0.0
0.0
0.0
0.0
0.0
0.0
0.0
0.0
0.0
0.0
0.0
0.0
0.0
0.0
0.0
0.0
0.0
0.0
0.0
0.0
0.0
0.0
0.0
0.0
0.0
0.0
0.0
0.0
0.0
0.0
0.0
0.0
0.0
0.0
0.0
0.0
0.0
0.0
0.0
0.0
0.0
0.0
0.0
0.0
0.0
0.0
0.0
0.0
0.0
0.0
0.0
0.0
0.0
0.0
0.0
0.0
0.0
0.0
0.0
0.0
0.0
0.0
0.0
0.0
0.0
0.0
0.0
0.0
0.0
0.0
0.0
0.0
0.0
0.0
0.0
0.0
0.0
0.0
0.0
0.0
0.0
0.0
0.0
0.0
0.0
0.0
0.0
0.0
0.0
0.0
0.0
0.0
0.0
0.0
0.0
0.0
0.0
0.0
0.0
0.0
0.0
0.0
0.0
0.0
0.0
0.0
0.0
0.0
0.0
0.0
0.0
0.0
0.0
0.0
0.0
0.0
0.0
0.0
0.0
0.0
0.0
0.0
0.0
0.0
0.0
0.0
0.0
0.0
0.0
0.0
0.0
0.0
0.0
0.0
0.0
0.0
0.0
0.0
0.0
0.0
0.0
0.0
0.0
0.0
0.0
0.0
0.0
0.0
0.0
0.0
0.0
0.0
0.0
0.0
0.0
0.0
0.0
0.0
0.0
0.0
0.0
0.0
0.0
0.0
0.0
0.0
0.0
0.0
0.0
0.0
0.0
0.0
0.0
0.0
0.0
0.0
0.0
0.0
0.0
0.0
0.0
0.0
0.0
0.0
0.0
0.0
0.0
0.0
0.0
0.0
0.0
0.0
0.0
0.0
0.0
0.0
0.0
0.0
0.0
0.0
0.0
0.0
0.0
0.0
0.0
0.0
0.0
0.0
0.0
0.0
0.0
0.0
0.0
0.0
0.0
0.0
0.0
0.0
0.0
0.0
0.0
0.0
0.0
0.0
0.0
0.0
0.0
0.0
0.0
0.0
0.0
0.0
0.0
0.0
0.0
0.0
0.0
0.0
0.0
0.0
0.0
0.0
0.0
0.0
0.0
0.0
0.0
0.0
0.0
0.0
0.0
0.0
0.0
0.0
0.0
0.0
0.0
0.0
0.0
0.0
0.0
0.0
0.0
0.0
0.0
0.0
0.0
0.0
0.0
0.0
0.0
0.0
0.0
0.0
0.0
0.0
0.0
0.0
0.0
0.0
0.0
0.0
0.0
0.0
0.0
0.0
0.0
0.0
0.0
0.0
0.0
0.0
0.0
0.0
0.0
0.0
0.0
0.0
0.0
0.0
0.0
0.0
0.0
0.0
0.0
0.0
0.0
0.0
0.0
0.0
0.0
0.0
0.0
0.0
0.0
0.0
0.0
0.0
0.0
0.0
0.0
0.0
0.0
0.0
0.0
0.0
0.0
0.0
0.0
0.0
0.0
0.0
0.0
0.0
0.0
0.0
0.0
0.0
0.0
0.0
0.0
0.0
0.0
0.0
0.0
0.0
0.0
0.0
0.0
0.0
0.0
0.0
0.0
0.0
0.0
0.0
0.0
0.0
0.0
0.0
0.0
0.0
0.0
0.0
0.0
0.0
0.0
0.0
0.0
0.0
0.0
0.0
0.0
0.0
0.0
0.0
0.0
0.0
0.0
0.0
0.0
0.0
0.0
0.0
0.0
0.0
0.0
0.0
0.0
0.0
0.0
0.0
0.0
0.0
0.0
0.0
0.0
0.0
0.0
0.0
0.0
0.0
0.0
0.0
0.0
0.0
0.0
0.0
0.0
0.0
0.0
0.0
0.0
0.0
0.0
0.0
0.0
0.0
0.0
0.0
0.0
0.0
0.0
0.0
0.0
0.0
0.0
0.0
0.0
0.0
0.0
0.0
0.0
0.0
0.0
0.0
0.0
0.0
0.0
0.0
0.0
0.0
0.0
0.0
0.0
0.0
0.0
0.0
0.0
0.0
0.0
0.0
0.0
0.0
0.0
0.0
0.0
0.0
0.0
0.0
0.0
0.0
0.0
0.0
0.0
0.0
0.0
0.0
0.0
0.0
0.0
0.0
0.0
0.0
0.0
0.0
0.0
0.0
0.0
0.0
0.0
0.0
0.0
0.0
0.0
0.0
0.0
0.0
0.0
0.0
0.0
0.0
0.0
0.0
0.0
0.0
0.0
0.0
1.769186440174127e-6
4.633699515517313e-6
0.0
0.0
0.0
0.0
0.0
0.0
0.0
0.0
0.0
0.0
0.0
0.0
0.0
0.0
0.0
0.0
0.0
0.0
0.0
0.0
0.0
0.0
0.0
0.0
0.0
0.0
0.0
0.0
0.0
0.0
0.0
0.0
0.0
0.0
0.0
0.0
0.0
0.0
0.0
0.0
0.0
0.0
0.0
0.0
0.0
0.0
0.0
0.0
0.0
0.0
0.0
0.0
0.0
0.0
0.0
0.0
0.0
0.0
0.0
0.0
0.0
0.0
0.0
0.0
0.0
0.0
0.0
0.0
0.0
0.0
0.0
0.0
0.0
0.0
0.0
0.0
0.0
0.0
0.0
0.0
0.0
0.0
0.0
0.0
0.0
0.0
0.0
0.0
0.0
0.0
0.0
0.0
0.0
0.0
0.0
0.0
0.0
0.0
0.0
0.0
0.0
0.0
0.0
0.0
0.0
0.0
0.0
0.0
0.0
0.0
0.0
0.0
0.0
0.0
0.0
0.0
0.0
0.0
0.0
0.0
0.0
0.0
0.0
0.0
0.0
0.0
0.0
0.0
0.0
0.0
0.0
0.0
0.0
0.0
0.0
0.0
0.0
0.0
0.0
0.0
0.0
0.0
0.0
0.0
0.0
0.0
0.0
0.0
0.0
0.0
0.0
0.0
0.0
0.0
0.0
0.0
0.0
0.0
0.0
0.0
0.0
0.0
0.0
0.0
0.0
0.0
1.1992939332329698e-8
0.0
0.0
0.0
0.0
0.0
0.0
0.0
0.0
0.0
0.0
0.0
0.0
0.0
0.0
0.0
0.0
0.0
0.0
0.0
0.0
0.0
0.0
0.0
0.0
0.0
0.0
0.0
0.0
0.0
0.0
0.0
0.0
0.0
0.0
0.0
0.0
0.0
0.0
0.0
0.0
0.0
0.0
0.0
0.0
0.0
0.0
0.0
5.566358972597432e-6
1.7619292486559053e-5
0.0
0.0
0.0
0.0
0.0
0.0
0.0
0.0
0.0
0.0
0.0
0.0
0.0
0.0
0.0
0.0
0.0
0.0
0.0
0.0
0.0
0.0
0.0
0.0
0.0
0.0
0.0
0.0
0.0
0.0
0.0
0.0
0.0
0.0
0.0
0.0
0.0
0.0
0.0
0.0
0.0
0.0
0.0
0.0
0.0
0.0
0.0
0.0
0.0
0.0
0.0
0.0
0.0
0.0
0.0
0.0
0.0
0.0
0.0
0.0
0.0
0.0
0.0
0.0
0.0
0.0
0.0
0.0
0.0
0.0
0.0
0.0
0.0
0.0
0.0
0.0
0.0
0.0
0.0
0.0
0.0
0.0
0.0
0.0
0.0
0.0
0.0
0.0
0.0
0.0
0.0
0.0
0.0
0.0
0.0
0.0
0.0
0.0
0.0
0.0
0.0
0.0
0.0
0.0
0.0
0.0
0.0
0.0
0.0
0.0
0.0
0.0
0.0
0.0
0.0
0.0
0.0
0.0
0.0
0.0
0.0
0.0
0.0
0.0
0.0
0.0
0.0
0.0
0.0
0.0
0.0
0.0
0.0
0.0
0.0
0.0
0.0
0.0
0.0
0.0
0.0
0.0
0.0
0.0
0.0
0.0
0.0
0.0
0.0
0.0
0.0
0.0
0.0
0.0
0.0
0.0
0.0
0.0
0.0
0.0
0.0
0.0
0.0
0.0
0.0
0.0
1.5244164701028978e-6
9.667515691035507e-6
0.0
0.0
0.0
0.0
0.0
0.0
0.0
0.0
0.0
0.0
0.0
0.0
0.0
0.0
0.0
0.0
0.0
0.0
0.0
0.0
0.0
0.0
2.029883669734672e-5
3.378887651798085e-5
0.0
0.0
0.0
0.0
0.0
0.0
0.0
0.0
0.0
0.0
0.0
0.0
0.0
0.0
0.0
0.0
0.0
0.0
0.0
0.0
0.0
0.0
0.0
0.0
0.0
0.0
0.0
0.0
0.0
0.0
0.0
0.0
0.0
0.0
0.0
0.0
0.0
0.0
0.0
0.0
0.0
0.0
0.0
0.0
0.0
0.0
0.0
0.0
0.0
0.0
0.0
0.0
0.0
0.0
0.0
0.0
0.0
0.0
0.0
0.0
0.0
0.0
0.0
0.0
0.0
0.0
0.0
0.0
0.0
0.0
0.0
0.0
0.0
0.0
0.0
0.0
0.0
0.0
0.0
0.0
0.0
0.0
0.0
0.0
0.0
0.0
0.0
0.0
0.0
0.0
0.0
0.0
0.0
0.0
7.220445390591113e-7
0.0
0.0
0.0
0.0
0.0
0.0
0.0
0.0
0.0
0.0
0.0
0.0
0.0
0.0
0.0
0.0
0.0
0.0
0.0
0.0
0.0
0.0
0.0
0.0
0.0
0.0
0.0
0.0
0.0
0.0
0.0
0.0
0.0
0.0
0.0
0.0
0.0
0.0
0.0
0.0
0.0
0.0
0.0
0.0
0.0
0.0
0.0
0.0
0.0
0.0
0.0
0.0
0.0
0.0
0.0
0.0
0.0
0.0
0.0
0.0
0.0
0.0
0.0
0.0
0.0
0.0
0.0
0.0
0.0
0.0
0.0
0.0
0.0
0.0
0.0
0.0
0.0
0.0
0.0
0.0
0.0
0.0
0.0
0.0
0.0
0.0
0.0
0.0
0.0
0.0
0.0
0.0
0.0
0.0
0.0
0.0
0.0
0.0
0.0
0.0
0.0
0.0
0.0
0.0
0.0
0.0
0.0
0.0
0.0
0.0
0.0
0.0
0.0
0.0
0.0
0.0
0.0
0.0
0.0
0.0
0.0
0.0
0.0
0.0
0.0
0.0
0.0
0.0
0.0
0.0
0.0
0.0
0.0
0.0
0.0
0.0
0.0
0.0
0.0
0.0
0.0
0.0
0.0
8.294672427987197e-5
7.976747878681782e-5
5.100783567025077e-7
0.0
0.0
0.0
0.0
0.0
0.0
0.0
0.0
0.0
0.0
0.0
0.0
0.0
0.0
0.0
0.0
0.0
0.0
0.0
0.0
0.0
5.560851506045456e-7
8.086028076102961e-6
0.0
0.0
0.0
0.0
0.0
0.0
0.0
0.0
0.0
0.0
0.0
0.0
0.0
6.363754158117492e-7
0.0
0.0
0.0
0.0
0.0
0.0
0.0
0.0
0.00011781851711910518
0.00012154977105962324
4.159791576790216e-6
3.2523560274332096e-7
0.0
0.0
0.0
0.0
0.0
0.0
0.0
0.0
0.0
0.0
0.0
0.0
0.0
0.0
0.0
0.0
0.0
0.0
0.0
0.0
0.0001565897148908758
0.0001507549332740204
1.145711609315603e-5
1.3517535613215664e-6
0.0
0.0
0.0
0.0
0.0
0.0
0.0
0.0
0.0
0.0
0.0
0.0
0.0
0.0
0.0
0.0
0.0
0.0
0.0
0.0
8.011367328684586e-5
9.21916575794785e-5
1.1102354515480226e-6
0.0
0.0
0.0
0.0
0.0
0.0
0.0
0.0
0.0
0.0
0.0
0.0
0.0
0.0
0.0
0.0
0.0
0.0
0.0
0.0
0.0
1.7165312966274416e-5
5.716778813085058e-5
1.3718868474869336e-5
2.640119911121924e-6
3.0059364267239174e-8
0.0
0.0
0.0
0.0
0.0
0.0
0.0
0.0
0.0
0.0
0.0
0.0
0.0
0.0
0.0
0.0
0.0
0.0
0.0
0.0
0.0
0.0
0.0
0.0
0.0
0.0
0.0
0.0
0.0
0.0
0.0
0.0
0.0
0.0
0.0
0.0
0.0
0.0
0.0
0.0
0.0
0.0
0.0
0.0
0.0
0.0
0.0
0.0
0.0
0.0
0.0
0.0
0.0
0.0
0.0
0.0
0.0
0.0
0.0
0.0
0.0
0.0
0.0
0.0
0.0
0.0
0.0
7.47108582464917e-5
0.00010294917788094932
2.506010883738908e-7
0.0
0.0
0.0
1.0024047750902286e-8
0.0
0.0
0.0
0.0
0.0
0.0
0.0
0.0
0.0
0.0
0.0
0.0
0.0
0.0
0.0
0.0
0.0
9.753847173249267e-5
0.00011075753812771064
3.3199860926365426e-6
1.002828457983748e-8
0.0
0.0
0.0
0.0
0.0
0.0
0.0
0.0
0.0
0.0
0.0
0.0
0.0
0.0
0.0
0.0
0.0
0.0
0.0
0.0
4.029893489701466e-5
6.485160270166545e-5
1.4043166983843706e-7
0.0
0.0
0.0
0.0
0.0
0.0
0.0
0.0
0.0
0.0
0.0
0.0
0.0
0.0
0.0
0.0
0.0
0.0
0.0
0.0
0.0
4.3059168748690865e-5
6.292984622957116e-5
1.204017294139863e-7
0.0
0.0
0.0
0.0
0.0
0.0
0.0
0.0
0.0
0.0
0.0
0.0
0.0
0.0
0.0
0.0
0.0
0.0
0.0
0.0
0.0
2.8739249225542397e-7
2.1409041262867148e-5
8.629342895717889e-7
7.023893804960528e-8
0.0
0.0
0.0
0.0
0.0
0.0
0.0
0.0
0.0
0.0
0.0
0.0
0.0
0.0
0.0
0.0
0.0
0.0
0.0
0.0
0.0
0.0
0.0
0.0
0.0
0.0
0.0
0.0
0.0
0.0
0.0
0.0
0.0
0.0
0.0
0.0
0.0
0.0
0.0
0.0
0.0
0.0
0.0
0.0
0.0003602526771880928
0.0003452572547578555
5.7765631331974824e-5
2.1956579574282587e-5
3.7650688836669923e-6
8.327523825084212e-7
5.41791835451968e-7
0.0
0.0
0.0
0.0
0.0
0.0
0.0
0.0
1.518083247631813e-5
0.0
0.0
0.0
0.0
0.0
0.0
0.0
0.0
0.000570250034595091
0.0004947370887875255
9.091029048017393e-5
3.938518254978715e-5
8.470645000291692e-6
1.0518937468865854e-6
1.1019859730210833e-7
0.0
0.0
0.0
0.0
0.0
0.0
0.0
0.0
4.47967391455133e-6
0.0
0.0
0.0
0.0
0.0
0.0
0.0
0.0
0.0005711904382950256
0.0004888589390449765
9.344151505487619e-5
3.965735972191395e-5
5.7923685843784655e-6
2.201270922570437e-7
0.0
0.0
0.0
0.0
0.0
0.0
0.0
0.0
0.0
0.0
0.0
0.0
0.0
0.0
0.0
0.0
0.0
0.0
0.0002939008813864444
0.00034034447644167763
0.00010826164224059987
3.6628282562939005e-5
5.100319414992743e-6
2.2026943652171802e-7
0.0
0.0
0.0
0.0
0.0
0.0
0.0
1.2014703633389112e-7
4.813631437340863e-5
0.00010076909481220236
0.0
0.0
0.0
0.0
0.0
0.0
0.0
0.0
0.000623859643394021
0.0005924957619987229
0.00012754865130966704
7.458815307718092e-5
3.398901426107469e-5
5.479911740927998e-6
1.7206374312162943e-6
0.0
0.0
0.0
0.0
0.0
0.0
0.0
0.0
0.0
0.0
0.0
0.0
0.0
0.0
0.0
0.0
0.0
0.0005722723842365152
0.0005991227259757254
0.0002670872772603991
0.000168553200989209
9.211025809667166e-5
4.723983983839301e-5
1.81576564468978e-5
2.600549009480293e-6
0.0
0.0
0.0
0.0
0.0
0.0
0.0
0.0
0.0
0.0
0.0
0.0
0.0
0.0
0.0
0.0
0.0
0.0
0.0
0.0
0.0
0.0
0.0
0.0
0.0
0.0
0.0
0.0
0.0
0.0
0.0
0.0
0.0
0.0
0.0
0.0
0.0
0.0
0.0
0.0
0.0006551237353783124
0.0006134484792058611
0.0001729086194298633
7.978827442536777e-5
2.828246339620705e-5
2.5229518725679624e-6
6.181840391931438e-7
0.0
0.0
0.0
0.0
0.0
0.0
0.0
0.0
0.0
0.0
0.0
0.0
0.0
0.0
0.0
0.0
0.0
0.00046523609935235745
0.0004354584472434863
7.686063544402595e-5
2.6719403171924166e-5
1.4758704726210121e-6
0.0
0.0
0.0
0.0
0.0
0.0
0.0
0.0
0.0
0.0
0.0
0.0
0.0
0.0
0.0
0.0
0.0
0.0
0.0
0.00017648067172138586
0.00019894646226610273
1.8332148519467666e-5
9.581690978055413e-7
0.0
0.0
0.0
0.0
0.0
0.0
0.0
0.0
0.0
0.0
0.0
0.0
0.0
0.0
0.0
0.0
0.0
0.0
0.0
0.0
0.00021976852372022497
0.00023866986701224897
2.740924280471395e-5
3.2307686776608274e-6
3.9958278120106084e-8
0.0
0.0
0.0
0.0
0.0
0.0
0.0
0.0
0.0
0.0
0.0
0.0
0.0
0.0
0.0
0.0
0.0
0.0
0.0
0.0003433630001874564
0.0003493202007846806
6.245739573510656e-5
2.3273303315908664e-5
1.6691483020765423e-6
0.0
0.0
0.0
0.0
0.0
0.0
0.0
0.0
0.0
0.0
0.0
0.0
0.0
0.0
0.0
0.0
0.0
0.0
0.0
0.00018818825548214558
0.00028149363231814897
0.00011915067267349024
7.040793348748273e-5
2.9164564610673872e-5
2.0126644553518877e-6
0.0
0.0
0.0
0.0
0.0
0.0
0.0
0.0
0.0
0.0
0.0
0.0
0.0
0.0
0.0
0.0
0.0
0.0
0.0
0.0
0.0
0.0
0.0
0.0
0.0
0.0
0.0
0.0
0.0
0.0
0.0
0.0
0.0
0.0
0.0
0.0
0.0
0.0
0.0
0.0
0.0
0.0
0.00028797324441208965
0.00032272768153552954
6.246959182376564e-5
1.2777874512485713e-5
1.4015939567440665e-6
0.0
0.0
0.0
0.0
0.0
0.0
0.0
0.0
0.0
1.0595134152785485e-5
5.152422945060228e-5
0.0
0.0
0.0
0.0
0.0
0.0
0.0
0.0
0.0005820786905189716
0.0005596121233210104
0.00011020191297721482
5.6641050292621625e-5
2.256508543463482e-5
2.7622510385481094e-6
1.4205836999888225e-6
0.0
0.0
0.0
0.0
0.0
0.0
0.0
0.0
1.287923485725749e-5
0.0
0.0
0.0
0.0
0.0
0.0
0.0
0.0
0.0005633643525235792
0.0006265953649563819
0.00018612122404615446
9.223837811872925e-5
4.368807003781725e-5
1.1539010952686663e-5
3.771077880334138e-6
3.9967586398991466e-8
0.0
0.0
0.0
0.0
0.0
0.0
2.102824793184308e-5
9.147864610223525e-5
0.0
0.0
0.0
0.0
0.0
0.0
0.0
0.0
0.0008125710078649376
0.0007564569984070291
0.00023430955356194393
0.00012609816389765293
6.471845639282169e-5
2.7017051662503396e-5
1.409197442865619e-5
8.561854660680256e-7
0.0
0.0
0.0
0.0
0.0
0.0
1.4270731248990512e-5
7.432670957599786e-5
0.0
0.0
0.0
0.0
0.0
0.0
0.0
0.0
0.0006134057028444656
0.000571438598752015
0.00012647656497513096
6.295750765033803e-5
2.8138594850813603e-5
4.82246237365403e-6
2.303943323673081e-6
0.0
0.0
0.0
0.0
0.0
0.0
0.0
4.235182996349802e-6
6.27176098145476e-5
0.0
0.0
0.0
0.0
0.0
0.0
0.0
0.0
0.0007384010089632654
0.0007633844551487221
0.00041156618450602725
0.0002651091880582149
0.00017189301744632005
9.726522860677973e-5
6.325839400709625e-5
3.322399387023356e-5
8.391906392531314e-6
5.06400039937768e-6
8.325029804832638e-6
5.070594764621195e-5
0.0
0.0
0.0
0.0
0.0
0.0
0.0
0.0
0.0
0.0
0.0
0.0
0.0
0.0
0.0
0.0
0.0
0.0
0.0
0.0
0.0
0.0
0.0
0.0
0.0
0.0
0.0
0.0
0.0
0.0
0.0
0.0
0.0
0.0
0.0
0.0
0.0
0.0002953819860489842
0.0002600620740408057
4.924946762443547e-5
9.72072428259055e-6
3.978963939224263e-7
0.0
0.0
0.0
0.0
0.0
0.0
0.0
0.0
0.0
2.3285339143546964e-5
6.100942329144117e-5
0.0
0.0
0.0
0.0
0.0
0.0
0.0
0.0
0.00041986299185086756
0.00023905331256623478
4.9796399242817695e-5
1.226494847091982e-5
1.165184639701132e-6
0.0
0.0
0.0
0.0
0.0
0.0
0.0
0.0
0.0
3.5071047411509076e-5
9.988676060176225e-5
0.0
0.0
0.0
0.0
0.0
0.0
0.0
0.0
0.0005608657889701937
0.00034117361570883744
8.659578467246724e-5
3.688732129317551e-5
6.125181802552795e-6
9.861660166186273e-7
3.6856814958067225e-7
0.0
0.0
0.0
0.0
0.0
0.0
0.0
3.204820821411687e-5
0.00010602491003634271
0.0
0.0
0.0
0.0
0.0
0.0
0.0
0.0
0.0007224273417500418
0.0005435572885439304
0.0001213583482933674
4.356972763732984e-5
5.707028626282139e-6
6.167486176573777e-7
1.6910879077745005e-7
0.0
0.0
0.0
0.0
0.0
0.0
1.7087924185442787e-6
7.557333807663971e-5
0.00014769482626897945
0.0
0.0
0.0
0.0
0.0
0.0
0.0
0.0
0.0009618632830679943
0.0006389362749133344
0.0002193236250295208
0.00010010826354307998
4.9191715701152935e-5
1.546606648789341e-5
7.083699617066701e-6
0.0
0.0
0.0
0.0
0.0
3.83920257193528e-7
1.076737328473296e-5
0.00010604897641420668
0.0002011095891635866
0.0
0.0
0.0
0.0
0.0
0.0
0.0
0.0
0.0
0.0
0.0
0.0
0.0
0.0
0.0
0.0
0.0
0.0
0.0
0.0
0.0
0.0
0.0
0.0
0.0
0.0
0.0
0.0
0.0
0.0
0.0
0.0
0.0
0.0
0.0
0.0
0.0
0.0
0.0
0.0
0.0
0.0
0.0
0.0
0.0
0.0
0.0
0.0
0.0
0.0
0.0
0.0
0.0
0.0
0.0
0.0
0.0006232233980466856
0.00042435321192486517
8.305129998104227e-5
1.919874016011568e-5
1.1307730982161392e-6
0.0
0.0
0.0
0.0
0.0
0.0
0.0
0.0
0.0
2.5543157046595413e-5
8.615420303306561e-5
0.0
0.0
0.0
0.0
0.0
0.0
0.0
0.0
0.0006728277064399038
0.00044140773172174076
0.00011992813811283785
4.891856514556591e-5
9.5835751220725e-6
1.051396812069502e-6
1.7853961950149785e-7
0.0
0.0
0.0
0.0
0.0
0.0
0.0
4.012347955303374e-5
0.00011039602746325879
0.0
0.0
0.0
0.0
0.0
0.0
0.0
0.0
0.0008087783779145141
0.0005632056299703101
0.00017602516178135105
7.770363168896314e-5
3.245458688442714e-5
4.9474943494138775e-6
1.5749279729101977e-6
0.0
0.0
0.0
0.0
0.0
0.0
8.726550215909945e-9
5.032607961555511e-5
0.00012130233214820175
0.0
0.0
0.0
0.0
0.0
0.0
0.0
0.0
0.000805372035422737
0.0006782239524178745
0.00024224792322825872
0.00011321495012854883
3.709734881781694e-5
4.904325730262232e-6
4.2838245473112784e-6
0.0
0.0
0.0
0.0
3.4885192740421e-8
2.609169399167671e-5
7.873947314835168e-5
0.00016395181149979815
0.00021691525521065557
0.0
0.0
0.0
0.0
0.0
0.0
0.0
0.0
0.0009323917995152966
0.0007295218645027618
0.0002026133523554399
8.832947952771616e-5
3.7935256452237635e-5
6.5335489684408755e-6
2.967619836227248e-6
0.0
0.0
0.0
0.0
0.0
4.529523275591868e-7
2.8111550701839076e-5
0.0001318355280072965
0.00021023286386105463
0.0
0.0
0.0
0.0
0.0
0.0
0.0
0.0
0.0009900555995801812
0.0006938550246017343
0.00032948225957312333
0.00021847565144250883
0.00013023883861376507
8.18270981505981e-5
5.1169728781745574e-5
2.3012868793795612e-6
9.189637281928646e-6
1.7701093453618883e-5
3.263287548696734e-5
0.0001197675137763084
0.0
0.0
0.0
0.0
0.0
0.0
0.0
0.0
0.0
0.0
0.0
0.0
0.0
0.0
0.0
0.0
0.0
0.0
0.0
0.0
0.0
0.0
0.0
0.0
0.0
0.0
0.0
0.0
0.0
0.0
0.0
0.0
0.0
0.0
0.0
0.0
0.0009342973284221799
0.0007117606478742626
0.0002388688446759309
0.00012709353119211967
6.930842016418373e-5
4.102850243746403e-5
3.082908344610936e-5
2.4647932977154343e-7
0.0
0.0
0.0
4.0824093514385103e-7
3.460674727056393e-5
9.78764174929512e-5
0.00024716955467340675
0.0003314198950738224
0.0
0.0
0.0
0.0
0.0
0.0
0.0
0.0
0.0009216723584386275
0.000810720713483703
0.0003386596966198544
0.0001739611323076036
8.812418243164584e-5
3.1647673183339195e-5
3.178576793414088e-5
3.96654841431132e-6
1.8889549728740173e-6
1.969593752548602e-6
2.3807084160487382e-6
4.28772286851935e-5
0.00012774633235733936
0.0001592112268412638
0.00025432737197298344
0.00033181445460753634
0.0
0.0
0.0
0.0
0.0
0.0
0.0
0.0
0.0008497974739862158
0.0007539824238055216
0.0002960338199278905
0.00016396016698431282
8.58694000999417e-5
7.082551001966157e-5
8.129138715517027e-5
5.363601279535703e-6
2.4261871884806483e-6
2.5102967507274846e-6
9.429916760815256e-6
5.116073048802684e-5
0.00014536659581602381
0.00017843362027510906
0.00030230317996183035
0.0003824500971787685
0.0
0.0
0.0
0.0
0.0
0.0
0.0
0.0
0.0
0.0
0.0
0.0
0.0
0.0
0.0
0.0
0.0
0.0
0.0
0.0
0.0
0.0
0.0
0.0
0.0
0.0
0.0
0.0
0.0
0.0
0.0
0.0
0.0015573756436937376
0.001117626716871385
0.000406719586500136
0.00025438137282863274
0.0001614134998146547
0.0001101094245853817
9.91219035713747e-5
1.663064207588099e-5
5.230158760649324e-6
4.328480958241533e-6
3.750333699549214e-6
3.956471127249774e-5
0.000180103715546657
0.00026278041897409554
0.0004039183268921976
0.00047932555176414784
0.0
0.0
0.0
0.0
0.0
0.0
0.0
0.0
0.001473105101214108
0.0011141924375999634
0.0006061685678876854
0.0004357551256714261
0.0003608777281379835
0.00034976457849543116
0.0003064577687379383
0.0001743024030773678
0.00023256282176225456
0.00025811780036874804
0.0002775165792337103
0.00046867158680423437
0.0
0.0
0.0
0.0
0.0
0.0
0.0
0.0
0.0
0.0
0.0
0.0
0.0
0.0
0.0
0.0
0.0
0.0
0.0
0.0
0.0
0.0
0.0
0.0
0.0
0.0
0.0
0.0
0.0
0.0
0.0
0.0
0.0
0.0
0.0
0.0
0.0009284989394121254
0.0008539434829578545
0.00035890954377771847
0.0002025420690503964
0.00011574235270767054
9.067879103031386e-5
8.454373887451154e-5
1.4794580577380834e-5
1.7202886516815888e-5
3.242558053718612e-5
4.257544074650767e-5
0.00012340877155619007
0.000222590893936103
0.00028150793332857096
0.00042414053943520027
0.0005129248509768143
0.0
0.0
0.0
0.0
0.0
0.0
0.0
0.0
0.0012306712676027555
0.0010451355736265846
0.0005332877708292171
0.00035463537852424836
0.00021488559467734708
0.00017194506123152897
0.0001737906483641206
5.8059374662848334e-5
2.9841820833403873e-5
3.189010358483728e-5
6.91154173453683e-5
0.0001366979767998564
0.00023749904411651248
0.0002762094524370645
0.0004058686540916345
0.000514931995447017
0.0
0.0
0.0
0.0
0.0
0.0
0.0
0.0
0.0016868484987709032
0.00122794420171515
0.0005466085582163381
0.0003645713266622461
0.00030691510548846643
0.00029881882073695123
0.0003285441641727929
0.000181875277273675
0.00010955011326387115
0.0001115695351379686
0.00013374210515672123
0.00031811415172331657
0.0004885931589705627
0.000554380283406457
0.0007139009959150314
0.0008052892919349091
0.0
0.0
0.0
0.0
0.0
0.0
1.5409779106454872e-5
2.6029746830496738e-5
0.0020549149638631106
0.0013506705279458652
0.0006105491452861914
0.0004434660590169417
0.00037253569476599805
0.00033176326567940773
0.00032850456730293024
0.0001662172807117806
8.965740998074969e-5
9.646532530816228e-5
0.00013185512832983244
0.00031240563250320105
0.0004842392553627425
0.0005540375880942858
0.0007365452546738222
0.0008439733854126036
0.0
0.0
0.0
0.0
0.0
0.0
0.0
0.0
0.001699821272386664
0.001209627253789556
0.000474268984177452
0.0003267661678915959
0.0002454336088401107
0.00018794402550088542
0.0001973466781666814
4.4541364896245204e-5
1.065467498133558e-5
6.8916633485989785e-6
1.4143353367573932e-5
8.683824073702978e-5
0.000255376699794572
0.00032098804205189243
0.00044800987737932916
0.0004945844387890417
0.0
0.0
0.0
0.0
0.0
0.0
0.0
0.0
0.0015666033606611944
0.0012316770933887924
0.0007170685737787064
0.000511852319472776
0.00043033631163407306
0.0004271272259625798
0.0003879060112475224
0.000282929600443082
0.00030418257729926813
0.0002905456384298877
0.00034057382040952893
0.0006670128575268457
0.0
0.0
0.0
0.0
0.0
0.0
0.0
0.0
0.0
0.0
0.0
9.73940389407387e-6
2.093104511121374e-5
2.353444471812675e-5
2.9654770738599455e-6
0.0
0.0
0.0
0.0
0.0
0.0
0.0
0.0
0.0
0.0
0.0
0.0
0.0
0.0
0.0
0.0
0.0
0.0
0.0
1.17607972467859e-5
1.9928140588481384e-5
0.0020512250974628436
0.0013251203037975225
0.0004814155642978375
0.00033478604498235487
0.00025218314766664243
0.00021016838805931745
0.00021722097889650003
5.9010896901908224e-5
1.6748561804679793e-5
1.0070678574138076e-5
1.7934491288133335e-5
9.473236025565768e-5
0.0002668033516223344
0.00032738239545031787
0.0004440774908316318
0.0005039238798387513
0.0
0.0
0.0
0.0
0.0
0.0
0.0
0.0
0.0015624880366728608
0.0011439481032418663
0.0004068518047741708
0.00025620665155590773
0.00016284841796184257
8.643872384600098e-5
7.472433335978492e-5
1.5717192910624905e-5
1.0584397549945832e-6
4.536634528101684e-6
2.3877531587989033e-5
0.00010233166669032815
0.0002512713273191535
0.0003228019773935426
0.00045107438653633407
0.00052617779183925
0.0
0.0
0.0
0.0
0.0
0.0
0.0
0.0
0.0016082333878515657
0.0011727277712494152
0.0004514870177379548
0.0003119949213343968
0.00020381729592197103
0.00012675104195034712
0.00011471262766183697
1.6168924749749413e-5
3.0215966652886676e-6
1.2974324510914585e-6
1.3763163654084097e-6
4.3687905582390275e-5
0.00020018164554261273
0.0002648140817248314
0.0003792450915096962
0.0004599225771167932
0.0
0.0
0.0
0.0
0.0
0.0
0.0
0.0
0.0012831732883976988
0.0009960100067387793
0.0003684507232600386
0.0002341115857269835
0.00015415100318036235
0.00010204705415093487
9.805630288977503e-5
1.1612166321139361e-5
1.2906670916947364e-6
9.531481321112683e-7
1.7832635016159316e-6
5.5839519241293095e-5
0.00018831599226352288
0.0002629602504001007
0.00039612844764191343
0.0004646605875707144
0.0
0.0
0.0
0.0
0.0
0.0
0.0
0.0
0.0013231979912823929
0.0010723606899871994
0.0004613155028556523
0.00022414693360996545
0.00013075540899596947
8.173032045487639e-5
7.313383457472543e-5
5.33494115689152e-6
7.000424738062859e-7
8.11027701534702e-8
3.414860111332569e-7
1.3490482357413414e-5
0.00012166957526751295
0.00019478543618342363
0.0003471709394811582
0.0004207523346687399
0.0
0.0
0.0
0.0
0.0
0.0
0.0
0.0
0.001373515942886672
0.0011281503366199108
0.0005806344215385234
0.000424051803870138
0.0003497509809006902
0.00031624939902646893
0.00026165083636563375
0.00013402857568043988
0.00017015101132433367
0.00017442657096356697
0.00020771179555330476
0.00042159543107681506
0.0
0.0
0.0
0.0
0.0
0.0
0.0
0.0
0.0
0.0
0.0
0.0
0.0
0.0
0.0
0.0
0.0
0.0
0.0
0.0
0.0
0.0
0.0
0.0
0.0
0.0
0.0
0.0
0.0
0.0
0.0
0.0
0.0
0.0
0.0
0.0
0.0015229162728144922
0.0011653831577751706
0.0004637979145944437
0.0002805202951100815
0.00019061795568147484
0.00012055633989348321
8.563936121292404e-5
7.54649121379527e-6
1.2009957833306587e-6
7.495645359372897e-7
8.603022260870115e-7
1.7649345658261233e-5
0.00012321238138040478
0.0001929461036823372
0.0003168364272354303
0.00036824873029099494
0.0
0.0
0.0
0.0
0.0
0.0
0.0
0.0
0.0007081172364672451
0.0006843169891888577
0.0002969089134324443
0.0001860794016877888
9.253264712657337e-5
5.200992525755498e-5
6.023310739463058e-5
5.350573382088323e-6
0.00013433089447777356
0.00014549186471889087
6.67321739343267e-5
0.00012880964191186824
0.00040615272339259903
0.0006103980628946683
0.0006526442387817447
0.0005660291420100604
0.0
0.0
0.0
0.0
0.0
0.0
0.0
0.0
0.0010540202474034449
0.0008759522125895976
0.0002749737183829648
0.00015809514507497774
0.00010220547202636739
7.757389517506817e-5
6.627700959900218e-5
3.4279648322314136e-6
0.0
0.0
0.0
1.4997793663884608e-5
0.00010809255100751102
0.000153234747712039
0.0002634797308984216
0.0003034035087710359
0.0
0.0
0.0
0.0
0.0
0.0
0.0
0.0
0.0008734306761956897
0.0007545165266859575
0.00023849500419246547
0.0001205609424913924
8.002474954193354e-5
5.4952205193674916e-5
5.986164820899404e-5
1.927361345203749e-6
0.0
0.0
6.956427960034148e-8
3.6056886648582586e-5
0.00015004765927774377
0.00022133226668134755
0.00035664212425660664
0.0004192670336852961
0.0
0.0
0.0
0.0
0.0
0.0
0.0
0.0
0.0010716786286802547
0.000967551444758578
0.0005303388716534093
0.000343134726062441
0.00022814887567849333
0.000180224862203868
0.00020962635422092844
0.00042557818783566545
0.0005828023222207371
0.0006092441961103603
0.0006249401912400015
0.0007524769227772409
0.0009291134821478847
0.0009744853253440547
0.0011357990553136203
0.001189152889402201
0.0
0.0
0.0
0.0
0.0
0.0
0.0
0.0
0.00173420463775357
0.001464561673794491
0.0010428231005584706
0.0009045637800457035
0.0008051877597810367
0.0006523984459802928
0.0005605715268433299
0.0004892203210650159
0.0005635029741181265
0.0006956294409183502
0.0009647142299348415
0.0013364466736557644
0.0
0.0
0.0
0.0
0.0
0.0
0.0
5.894616715011713e-6
3.1613875280488995e-5
3.611248830743436e-5
5.299182092708629e-5
6.266115562019844e-5
7.498475147524776e-5
7.204856003385352e-5
4.8019951565108985e-5
2.4726227815542455e-5
2.0679245513213302e-5
1.7454419743097277e-5
1.4107211378039159e-5
2.7650441014127553e-6
0.0
0.0
0.0
8.24959948260434e-6
1.532248790700593e-5
2.324269424477414e-5
2.3775191822444832e-5
3.202813950624993e-5
3.361375703165215e-5
4.7912921621736194e-5
4.876897833209926e-5
6.618735712836853e-5
0.00018153170526479076
0.0003153822654996543
0.0004881148982960796
0.000518608804977918
0.0038127633514712946
0.00268781531234615
0.0011488975863220082
0.0007844742556025715
0.0006612242269434182
0.0006205066614078914
0.0006468944318853429
0.00047753376222903356
0.0003477797427015743
0.0002788898541496222
0.00029387874976071106
0.0004974491412738362
0.0006780679994890565
0.0007333361970647613
0.0009281375060539902
0.0010294702533083645
0.0
0.0
0.0
9.963388769051857e-6
2.4672592698949894e-5
4.2703526040557326e-5
4.0462439516123786e-5
8.01060451518565e-5
0.0027861865276032354
0.0020097191086167403
0.0009424641125256718
0.0006612846317777606
0.00055743015049576
0.0004826172614935865
0.0004895489580559453
0.000339799159059368
0.00021663991960877872
0.00016243493112529168
0.00017448578281544508
0.0003551810967984484
0.0004896340636945266
0.0005078692709603648
0.0006135235070206646
0.0006996891396610287
0.0
0.0
0.0
0.0
0.0
0.0
0.0
0.0
0.0014261071316115732
0.001134387221179661
0.00059163925491923
0.000836311267356218
0.0009997167476959005
0.0010465368726806723
0.0011781203703078755
0.0011314747667266001
0.001162956413166262
0.00120849178435294
0.001058461302634518
0.0009992663965164795
0.0011815172846600757
0.001192022605189671
0.0013368764417291718
0.0013855907653389818
0.0
0.0
0.0
1.9139550129920053e-5
3.272430639779517e-5
4.9570954349492256e-5
7.133772474139432e-5
0.00016377170507392313
0.0029876510200149047
0.002284940778813408
0.0014038034275219281
0.0011769075048025722
0.0009719519117799618
0.0008400728634875573
0.0008950496024870733
0.0012260058271971765
0.0010610161363908254
0.0007361424432891391
0.0012248927317164663
0.0013469100399515126
0.0012265374421545077
0.001290931288425687
0.0015053165683484731
0.0015749327417286549
0.0
2.720182440416434e-5
8.55901322272971e-5
8.126561549090695e-5
0.00042617430635799304
0.0004374365818003051
0.00070202291265379
0.0005780975377465251
0.003814061928859453
0.0029671421460159414
0.0014910579286092093
0.0010079505573333872
0.0007785180444304666
0.0007395384846543718
0.000777322932452446
0.0006282444989671781
0.0005316690077298553
0.00047470357091154724
0.0005162730634863059
0.0008231018544377202
0.001113679413854462
0.0012045537868146424
0.0014306716848803808
0.0015445523674506676
0.0
5.545545216127413e-5
0.00029855469867959435
0.0006526848670806232
0.0007659622911243456
0.001017757405717415
0.0009509956855122558
0.001177401687227572
0.003987621470647767
0.0051647837075426
0.0024353046805220186
0.001568822674232484
0.0012851596706170642
0.0012274215063032066
0.0011778193968319246
0.0010880285221623685
0.0014529313363363884
0.0015075007691752803
0.0016295648327733206
0.002162171516462887
0.0
1.2966763695845513e-5
3.3936795465613526e-5
0.00022589874165834082
0.00035704093910815033
0.0003305899173442657
0.00048198909387850376
0.0005356597458872355
0.0009469323446368359
0.0008908278273415377
0.0010631272929201674
0.0009116558005150124
0.0010877792553634308
0.000884473015346291
0.0008728205737863758
0.0005134281933028322
0.0003719293099408693
0.00018303066158337458
0.0001057647444827708
3.035328866961101e-5
2.7218659715497704e-5
1.825896593225065e-5
1.955047130025674e-5
2.1599907441592613e-5
0.00014663276247104128
0.00016254954563807393
0.0002790619135982344
0.0002649625450357836
0.00041163298171114813
0.00035854286094970004
0.0006142365255583918
0.0006128722635298601
0.0009600667070033782
0.0008126416857035574
0.001127908674201622
0.0009136825908418896
0.0012267276976671818
0.000890574613253345
0.0008616676477102947
0.0005188171818810603
0.00046890301995734595
0.0002219208875679713
0.0002461766576508347
6.93964237126211e-5
4.444380130881528e-5
2.8468042397277606e-5
3.248237484941177e-5
0.00013693120600847156
0.00020452148334986476
0.00030620052784029325
0.00029888342267004735
0.00042306426378040975
0.0004987648942467746
0.0007239738719690913
0.0007804284163507242
0.0009246472066284841
0.0009322699140203151
0.0010590872612156156
0.0010079547840502732
0.001184381253931553
0.005997704680647923
0.004919498913900785
0.0023074217495184786
0.001559468814537508
0.001276777617740323
0.0011075953983477045
0.0011855256117995596
0.0007561043834737902
0.000541904660012377
0.0004004687011800393
0.00039557663575114506
0.0006380153789717934
0.0011208868145998984
0.0012482327329658934
0.0016696010137313476
0.0017625242966772163
0.0
0.0
4.6527429872505715e-6
2.8110166356323526e-5
0.00022203092395520004
0.000388412722381781
0.0004618807176991737
0.0006085004895975976
0.0041153097494914526
0.003107939554372574
0.0013533550460402873
0.0008030831766820046
0.0006606196831694201
0.0005647165827692923
0.0005895593588026419
0.00042533294234139583
0.00030445639848715315
0.000248598172475447
0.00028911367210353984
0.00044022131778137974
0.0006363492806522272
0.0007110370637410126
0.0009248536109041872
0.0010549965573744661
0.0
0.0
0.0
0.0
5.490633269035882e-6
3.130274227061578e-5
3.3837775503763936e-5
4.757680276152287e-5
0.0033659926805280167
0.0026345156620874574
0.001461355874179972
0.001352157482039928
0.0011740109394303305
0.0008422804566553411
0.0008932617694557441
0.0007482615248044927
0.0007413805637435842
0.000747983862892794
0.0009889808156022305
0.0010624585920834023
0.0010218611552986927
0.0010697097391092704
0.0012241711346906309
0.001273619774967777
0.0
0.0
0.0
0.0
2.1323529460966148e-5
3.769332930768157e-5
3.3453378268331134e-5
4.573232931258615e-5
0.0027773554650390407
0.002351523615073619
0.0015652241782741876
0.0013905535334976938
0.0012865944824381492
0.00095070885813492
0.0007242375020662807
0.0005549807430494458
0.00039963652153681594
0.0004804462421118041
0.0005721186945518392
0.0007091829578950887
0.000851096083685064
0.0008980915420289962
0.0010590531124067086
0.0011439160348823666
0.0
0.0
0.0
0.0
1.4512633286944011e-5
3.5102328539005324e-5
6.471917063856727e-5
0.00013614284468655113
0.0032016603668583925
0.0025893756504830703
0.0014167364248836637
0.001031277660035828
0.0008927035514322367
0.0008620071875844463
0.0007889240377115868
0.0006826818822058021
0.001031325132217456
0.0009999295369228906
0.0010316691638758181
0.0014417045803344062
0.0
0.0
0.0
0.0
0.0
0.0
0.0
2.426673537956787e-5
2.497294810730834e-5
4.160471540295716e-5
3.9717732598590786e-5
0.00012277236202268342
0.00023404411777587885
0.00034363124502898094
8.04412951237734e-5
3.191915037429155e-5
1.4138055515424513e-5
7.758416518761512e-6
0.0
0.0
0.0
0.0
0.0
0.0
0.0
0.0
0.0
0.0
0.0
6.096858287886848e-6
