0.0
0.0
0.0
0.0
0.0
0.0
0.0010450853258935301
0.00214304988512832
0.002160127942908386
0.0021373187753091134
0.0015419064863738787
0.0012804556690476827
0.000802101871987298
0.0006024760993027687
0.0004514597196040831
0.00039709653362235783
0.0005836194629794293
0.0016305423328197063
0.0025519278118725924
0.0027223147030118852
0.00290851021571536
0.0020938713337307633
0.0
0.0
0.0
0.0
0.0
0.0
0.0
0.0
0.008667083430446537
0.008300337353788287
0.00684008596857818
0.004946472007288004
0.003451759583530848
0.0019519092995319539
0.0011497516095044745
0.0008745815330099632
0.0005132028655124074
0.00011966209165622823
0.00030428659494494484
0.000870466775749739
0.0016265151040966831
0.002335266003120489
0.003177460893462451
0.002802748340660473
0.0
0.0
0.0
0.0
0.0
0.0
0.0
0.0
0.011714354339942511
0.010478301418791832
0.007953910706390364
0.00565606585425966
0.003919569318539466
0.0022944035892503494
0.001173702771824869
0.00045709147761481404
5.918483612414471e-5
0.0
0.0
0.0005262021863141202
0.0017653426307999405
0.002567260485399482
0.0032119303668420507
0.002995925046919029
0.0
0.0
0.0
0.0
0.0
0.0
0.0
0.0
0.006457412473324349
0.006185855262929828
0.005058889604412407
0.003326142065858386
0.0021046344982554232
0.0009043599852626005
9.703483643318876e-5
0.0
0.0
0.0
0.0
0.0
0.0
0.0
0.0
0.0
0.0
0.0
0.0
0.0
0.0
0.0
0.0
0.0
4.154553578828379e-5
0.0005206520319626495
0.0
0.0
0.0
0.0
0.0
0.0
0.0
0.0
0.0
0.0
9.913736383109988e-6
0.0
0.0
0.0
0.0
0.0
0.0
0.0
0.0
0.0
0.0
0.0
0.0
1.8437696842059685e-5
0.0
0.0
0.0
0.0
0.0
0.0
0.0
0.0
0.0
0.0
0.0
0.0
0.0
2.1638047737323296e-5
0.0
0.0
0.0
0.0
0.0
0.0
0.0
0.0
0.0011380204382159637
0.0022163548071543293
0.0015424708527562927
0.0004575722611049305
0.0
0.0
0.0
0.0
0.0
0.0
0.0
0.0
7.95819046630726e-6
0.0
0.0
0.0
0.0
0.0
0.0
0.0
0.0
0.0
0.0
0.0
0.0007584864744846525
0.002060636337821908
0.0007766849950005022
0.0
0.0
0.0
0.0
0.0
0.0
0.0
0.0
3.289384842783886e-5
2.2090109064410376e-5
3.318981072706164e-5
9.041140439629782e-5
0.0
0.0
0.0
0.0
0.0
0.0
0.0
0.0
0.0
0.005678620103307037
0.005824723948183625
0.004107755801733555
0.0012029981366137674
0.0
0.0
0.0
0.0
0.0
0.0
0.0
0.0
1.131150814108594e-5
0.0
0.0
0.0
0.0
0.0
0.0
0.0
0.0
0.0
0.0
0.0
0.0
0.00026721343222294605
0.0
0.0
0.0
0.0
0.0
0.0
0.0
0.0
0.0
0.0
1.1018901432187668e-5
0.0
0.0
0.0
0.0
0.0
0.0
0.0
0.0
0.0
0.0
0.0
0.0008215341023882206
0.0020351232135279148
0.0016297445612472846
0.0006444115018298485
9.444297260810918e-5
0.0
0.0
0.0
0.0
0.0
0.0
0.0
9.410905749298473e-6
0.0
1.6852591177816983e-5
3.3153784717777363e-6
0.0
0.0
0.0
0.0
0.0
0.0
0.0
0.0
0.002660933130383693
0.004367220144401333
0.004481679708454313
0.004004675723337885
0.004296744671185443
0.004074759802729397
0.003708312803727529
0.003402408199953032
0.0031092721395685947
0.002589482420948559
0.0024666823366845604
0.002766138385101771
0.003519379981505936
0.003999087519964945
0.0046587170818287215
0.004292308667997838
0.0
0.0
0.0
0.0
0.0
0.0
0.0
4.805159984887755e-6
0.012257905253255657
0.011581170130798213
0.009583527428405857
0.00660829172864372
0.004522743678604954
0.0028004954926237513
0.0016301147879749552
0.0007963220733535717
0.0001358288977810625
0.0
0.0
0.0
0.0
0.0
0.00011090177479852214
0.0
0.0
0.0
0.0
0.0
0.0
0.0
0.0
0.0
0.0002758813412927609
0.001262147852361803
0.0004630730111831571
0.0
0.0
0.0
0.0
0.0
0.0
0.0
0.0
0.0
7.599407714779626e-6
0.0
0.0
0.0
0.0
0.0
0.0
0.0
0.0
0.0
0.0
0.0
0.0
0.0007803618869355703
0.00010532280388464794
0.0
0.0
0.0
0.0
0.0
0.0
0.0
0.0
0.0
1.749538520041583e-5
0.0
0.0
0.0
0.0
0.0
0.0
0.0
0.0
0.0
0.0
0.0
0.001089039494740035
0.0020230970299233747
0.0008509522010564172
8.291299855118729e-5
0.0
0.0
0.0
0.0
0.0
0.0
0.0
0.0
1.148555875363673e-5
0.0
0.0
0.0
0.0
0.0
0.0
0.0
0.0
0.0
0.0
0.0
0.0011363339377599817
0.0024462832842146198
0.0012896166196756493
5.556383643294951e-6
0.0
0.0
0.0
0.0
0.0
0.0
0.0
0.0
1.0002456035087265e-5
0.0
0.0
0.0
0.0
0.0
0.0
0.0
0.0
0.0
0.0
0.0
0.0008215806448265661
0.0020383905230775164
0.0005190252820898266
0.0
0.0
0.0
0.0
0.0
0.0
0.0
0.0
0.0
1.0355041543972401e-5
0.0
0.0
0.0
0.0
0.0
0.0
0.0
0.0
0.0
0.0
0.0
2.4962756738888294e-5
0.0006425924301008786
0.00011683336532372216
0.0
0.0
0.0
0.0
0.0
0.0
0.0
0.0
0.0
9.381072889240778e-6
0.0
0.0
0.0
0.0
0.0
0.0
0.0
0.0
0.0
0.0
0.0
4.062569852541281e-5
0.0006511010272418332
2.7944769836431577e-5
0.0
0.0
0.0
0.0
0.0
0.0
0.0
0.0
0.0
0.0
0.0
0.0
0.0
0.0
0.0
0.0
0.0
0.0
0.0
0.0
0.0
0.0
2.8516304179414403e-5
0.0
0.0
0.0
0.0
0.0
1.0124135677297805e-5
0.0
0.0
0.0
0.0
7.657816997661062e-6
0.0
0.0
0.0
0.0
0.0
0.0
0.0
0.0
0.0
0.0
0.0
0.0
2.8223417370063173e-5
0.0
0.0
0.0
0.0
0.0
0.0
0.0
0.0
0.0
1.0891128318329035e-5
1.0285768294093908e-5
0.0
0.0
0.0
0.0
0.0
0.0
0.0
0.0
0.0
0.0
0.0
0.0
2.7781449242405307e-5
0.0
0.0
0.0
0.0
0.0
0.0
0.0
0.0
0.0
0.0
0.0
0.0
0.0
0.0
0.0
0.0
0.0
0.0
0.0
0.0
0.0
0.0
2.4488381962109162e-5
0.0005976688220757104
0.0
0.0
0.0
0.0
0.0
0.0
0.0
0.0
0.0
0.0
0.0
0.0
0.0
0.0
0.0
0.0
0.0
0.0
0.0
0.0
0.0
0.0
0.0
1.7954769184379647e-5
0.0
0.0
0.0
0.0
0.0
0.0
0.0
0.0
0.0
0.0
0.0
0.0
0.0
0.0
0.0
0.0
0.0
0.0
0.0
0.0
0.0
0.0
0.0
0.00028468970515780083
0.0
0.0
0.0
0.0
0.0
0.0
0.0
0.0
0.0
0.0
0.0
0.0
0.0
0.0
0.0
0.0
0.0
0.0
0.0
0.0
0.0
0.0
0.0
2.811405451123182e-5
0.0
0.0
0.0
0.0
0.0
0.0
0.0
0.0
0.0
0.0
0.0
0.0
0.0
0.0
0.0
0.0
0.0
0.0
0.0
0.0
0.0
0.0
0.0
0.0004237384239039185
0.00032023854886156105
0.0
0.0
0.0
0.0
0.0
0.0
0.0
0.0
0.0
2.2883542402085253e-5
2.304464463421477e-5
9.118472553880595e-5
3.186261865876146e-6
0.0
0.0
0.0
0.0
0.0
0.0
0.0
0.0
0.005189316637775923
0.0062775732203989056
0.004444937703266434
0.003593095970833512
0.0021182277124070776
0.0010794641348836143
3.256194515082915e-5
0.0
0.0
0.0
0.0
3.105005600430512e-5
0.0005499298549576612
0.0012143027129471354
0.0020155302167908016
0.0013491746326038322
0.0
0.0
0.0
0.0
0.0
0.0
0.0
0.0
0.004925665094680721
0.0054199083670664755
0.003924087239645375
0.0014337456506076304
0.00011617686255044803
0.0
0.0
0.0
0.0
0.0
0.0
0.0
1.69131969049453e-5
0.0
0.00012155596714505593
0.00010471017290934974
0.0
0.0
0.0
0.0
0.0
0.0
0.0
0.0
0.0063771377461241865
0.006105557573669145
0.0042808496162178725
0.0018443618940520523
0.0003416167885300052
0.0
0.0
0.0
0.0
0.0
0.0
0.0
2.6711968186201827e-5
6.403598724548707e-5
0.0005539600259988404
0.00021622485925154892
0.0
0.0
0.0
0.0
0.0
0.0
0.0
0.0
0.0027976214121039687
0.0037194558426763835
0.002063565142277496
8.073350034427751e-5
0.0
0.0
0.0
0.0
0.0
0.0
0.0
0.0
1.0989951342444925e-5
0.0
0.0
5.170206810108828e-6
0.0
0.0
0.0
0.0
0.0
0.0
0.0
0.0
0.0016427602350303034
0.0025777680697250034
0.0010409528063527278
0.0
0.0
0.0
0.0
0.0
0.0
0.0
0.0
0.0
0.0
0.0
0.0
0.0
0.0
0.0
0.0
0.0
0.0
0.0
0.0
0.0
0.0
0.0001694519911633937
0.0
0.0
0.0
0.0
0.0
0.0
0.0
0.0
0.0
0.0
1.0389004692500132e-5
0.0
0.0
0.0
0.0
0.0
0.0
0.0
0.0
0.0
0.0
0.0
0.00029286192065254574
0.0016436604589819017
0.0012958632612570353
0.0005926888690492333
0.00026560186205398914
1.8386051297266077e-5
0.0
0.0
0.0
0.0
0.0
0.0
8.066622563405925e-6
1.7391661129620576e-5
0.00019498679521372882
2.6756159493351292e-5
0.0
0.0
0.0
0.0
0.0
0.0
0.0
0.0
0.0022068133663116643
0.0024126880770643866
0.0013565895906749324
0.0009007876987274308
9.638008903719366e-5
0.0
0.0
0.0
0.0
0.0
0.0
1.0073329348274945e-5
2.377028768218075e-5
0.00033005022244189474
0.0007361343801014372
0.0
0.0
0.0
0.0
0.0
0.0
0.0
0.0
0.0
0.00041369025850706854
0.0014591455480603194
0.0005776607951724533
0.0
0.0
0.0
0.0
0.0
0.0
0.0
0.0
0.0
9.323031560838768e-6
0.0
0.0
0.0
0.0
0.0
0.0
0.0
0.0
0.0
0.0
0.0
0.0
1.7686076203728535e-5
0.0
0.0
0.0
0.0
0.0
0.0
0.0
0.0
0.0
0.0
0.0
0.0
0.0
0.0
0.0
0.0
0.0
0.0
0.0
0.0
0.0
0.0
2.8305600873759355e-6
0.0007093229909566677
0.00014757309612705802
0.0
0.0
0.0
0.0
0.0
0.0
0.0
0.0
0.0
1.4669142216252397e-5
1.0387511203997437e-5
0.0
6.635028624263514e-6
0.0
0.0
0.0
0.0
0.0
0.0
0.0
0.0
0.004141641039660521
0.004740733107352966
0.0035340212916852693
0.0017140935886458552
0.0008755621694686115
0.00011939886105554312
0.0
0.0
0.0
0.0
0.0
0.0
2.4026541844373938e-5
0.00017392808090907364
0.0009062482383407992
0.0006011159798867471
0.0
0.0
0.0
0.0
0.0
0.0
0.0
0.0
0.006537015936466725
0.006813923313513467
0.005468036481870925
0.003378690568226791
0.002004009904149991
0.0008403456206397009
9.937934760050006e-5
0.0
0.0
0.0
0.0
0.0002714916558454777
0.0011887547197497784
0.0019127642130771034
0.002643651951578864
0.002148945060067836
0.0
0.0
0.0
0.0
0.0
0.0
0.0
0.0
0.005812110311667857
0.006054396528726858
0.005367001934127605
0.003859543937463576
0.002470383554871363
0.0015916020435002482
0.0010685061044831904
0.0005400488783673608
0.00017569399503744696
0.00017648963333562035
0.00017943425668187448
0.00036849061827043655
0.0014011012735967465
0.0021741838113220765
0.0028320364675713115
0.0022782272789886628
0.0
0.0
0.0
0.0
0.0
0.0
0.0
0.0
0.010048708125402216
0.01006434836195404
0.006804490748736946
0.005075961798144901
0.0028668259732656373
0.00121619827895871
2.3048887383999317e-5
0.0
0.0
0.0
0.0
1.4117158922320078e-5
0.00017233572677292884
0.0008078312589968695
0.0017405492869943457
0.0009607019246572142
0.0
0.0
0.0
0.0
0.0
0.0
0.0
0.0
0.005144049350893478
0.005114071722044375
0.0032016251239767183
0.0007823969837758579
0.0
0.0
0.0
0.0
0.0
0.0
0.0
0.0
1.5254779453267553e-5
0.0
0.0
0.0
0.0
0.0
0.0
0.0
0.0
0.0
0.0
0.0
0.0015823697472721093
0.0022748749641455664
0.0005716264579426761
0.0
0.0
0.0
0.0
0.0
0.0
0.0
0.0
0.0
1.2037537265366197e-5
0.0
0.0
0.0
0.0
0.0
0.0
0.0
0.0
0.0
0.0
0.0
0.0004491550380099349
0.0010795373896215219
5.538318055945992e-5
0.0
0.0
0.0
0.0
0.0
0.0
0.0
0.0
0.0
1.069340227348276e-5
0.0
0.0
0.0
0.0
0.0
0.0
0.0
0.0
0.0
0.0
0.0
0.00042356080764909974
0.0014758721008285899
0.00030303345134792385
0.0
0.0
0.0
0.0
0.0
0.0
0.0
0.0
0.0
1.0112081166394199e-5
0.0
0.0
0.0
0.0
0.0
0.0
0.0
0.0
0.0
0.0
0.0
0.0
1.7470112100591844e-5
0.0
0.0
0.0
0.0
0.0
0.0
0.0
0.0
0.0
0.0
1.1107491169213792e-5
0.0
0.0
0.0
0.0
0.0
0.0
0.0
0.0
0.0
0.0
0.0
0.0
1.7878910859886343e-5
0.0
0.0
0.0
0.0
0.0
0.0
0.0
0.0
0.0
0.0
0.0
1.0223278650437607e-5
0.0
0.0
0.0
0.0
0.0
0.0
0.0
0.0
0.0
0.0
0.0
1.7745746116460126e-5
0.0
0.0
0.0
0.0
0.0
0.0
0.0
0.0
0.0
0.0
1.0825617894699218e-5
0.0
0.0
0.0
0.0
0.0
0.0
0.0
0.0
0.0
0.0
0.0
0.0
1.7771172976739913e-5
0.0
0.0
0.0
0.0
0.0
0.0
0.0
0.0
0.0
0.0
9.841110799671361e-6
0.0
0.0
0.0
0.0
0.0
0.0
0.0
0.0
0.0
0.0
0.0
0.0
2.867720633578101e-5
0.0
0.0
0.0
0.0
0.0
0.0
0.0
0.0
0.0
0.0
0.0
0.0
0.0
0.0
0.0
0.0
0.0
0.0
0.0
0.0
0.0
0.0
0.0
2.8526338569914574e-5
0.0
0.0
0.0
0.0
0.0
0.0
0.0
0.0
0.0
0.0
0.0
0.0
0.0
0.0
0.0
0.0
0.0
0.0
0.0
0.0
0.0
0.0
0.0
2.75706385103186e-5
0.0
0.0
0.0
0.0
0.0
0.0
0.0
0.0
0.0
0.0
0.0
0.0
0.0
0.0
0.0
0.0
0.0
0.0
0.0
0.0
0.0
0.0
0.0
2.8458123693588562e-5
0.0
0.0
0.0
0.0
0.0
0.0
0.0
0.0
0.0
0.0
0.0
0.0
0.0
0.0
0.0
0.0
0.0
0.0
0.0
0.0
0.0
0.0
0.0
2.8425383525591836e-5
0.0
0.0
0.0
0.0
0.0
0.0
0.0
0.0
0.0
0.0
6.160867736420306e-6
1.7173612220001904e-5
0.0
3.3692427565522417e-6
0.0
0.0
0.0
0.0
0.0
0.0
0.0
0.0
0.006992131417875315
0.007233777114545021
0.00470601424536994
0.0038160127446331842
0.0024405649833994206
0.0013937434127816945
0.00010088791623242622
0.0
0.0
0.0
0.0
1.7973471855669977e-5
0.00021662006517477595
0.0008422468880477994
0.0013838483163397268
0.000689177704817847
0.0
0.0
0.0
0.0
0.0
0.0
0.0
0.0
0.003977537705713932
0.0037542564859433477
0.0013545386320819649
0.0
0.0
0.0
0.0
0.0
0.0
0.0
0.0
0.0
0.0
0.0
0.0
0.0
0.0
0.0
0.0
0.0
0.0
0.0
0.0
0.0
0.0
1.7293727688820966e-5
0.0
0.0
0.0
0.0
0.0
0.0
0.0
0.0
0.0
0.0
0.0
0.0
0.0
0.0
0.0
0.0
0.0
0.0
0.0
0.0
0.0
0.0
0.002435309944214096
0.0031988947219809627
0.0016890826246630827
8.499431402508676e-5
0.0
0.0
0.0
0.0
0.0
0.0
0.0
0.0
2.3551203832739433e-5
0.0
0.0
3.222877136137395e-6
0.0
0.0
0.0
0.0
0.0
0.0
0.0
0.0
0.001945741893717526
0.0026331595261812973
0.0005892764546438297
0.0
0.0
0.0
0.0
0.0
0.0
0.0
0.0
0.0
9.690221219098741e-6
0.0
0.0
0.0
0.0
0.0
0.0
0.0
0.0
0.0
0.0
0.0
0.0
1.6101516150461704e-5
0.0
0.0
0.0
0.0
0.0
0.0
0.0
0.0
0.0
0.0
0.0
0.0
0.0
0.0
0.0
0.0
0.0
0.0
0.0
0.0
0.0
0.0
0.0
1.7828132671928032e-5
0.0
0.0
0.0
0.0
0.0
0.0
0.0
0.0
0.0
0.0
0.0
9.477402448455731e-6
0.0
0.0
0.0
0.0
0.0
0.0
0.0
0.0
0.0
0.0
0.0
1.6723491072854875e-5
0.0
0.0
0.0
0.0
0.0
0.0
0.0
0.0
0.0
0.0
1.179481246976936e-5
0.0
0.0
0.0
0.0
0.0
0.0
0.0
0.0
0.0
0.0
0.0
0.0
1.844935662001958e-5
0.0
0.0
0.0
0.0
0.0
0.0
0.0
0.0
0.0
0.0
9.668581292610792e-6
0.0
0.0
0.0
0.0
0.0
0.0
0.0
0.0
0.0
0.0
0.0
0.0
0.0002382311794988252
0.0
0.0
0.0
0.0
0.0
0.0
0.0
0.0
0.0
0.0
0.0
0.0
0.0
0.0
0.0
0.0
0.0
0.0
0.0
0.0
0.0
0.0
0.0
1.669944384534405e-5
0.0
0.0
0.0
0.0
0.0
0.0
0.0
0.0
0.0
0.0
0.0
0.0
0.0
0.0
0.0
0.0
0.0
0.0
0.0
0.0
0.0
0.0
0.0
2.8480702550859833e-5
0.0
0.0
0.0
0.0
0.0
0.0
0.0
0.0
0.0
0.0
0.0
0.0
0.0
0.0
0.0
0.0
0.0
0.0
0.0
0.0
0.0
0.0
0.0
2.862120139663067e-5
0.0
0.0
0.0
0.0
0.0
0.0
0.0
0.0
0.0
0.0
1.6464089481859907e-5
0.0
0.0
5.349589270012252e-6
0.0
0.0
0.0
0.0
0.0
0.0
0.0
0.0
0.003789517255736552
0.004339204722636822
0.0034094674220262098
0.002083293500623415
0.0007206522909980422
0.0
0.0
0.0
0.0
0.0
0.0
0.0
7.4601091588763e-6
0.0
0.0
0.0
0.0
0.0
0.0
0.0
0.0
0.0
0.0
3.6011913427857486e-5
0.0015032736197015785
0.0008066122945804128
0.00027030160110868174
0.0
0.0
0.0
0.0
0.0
0.0
0.0
0.0
2.1931998020619486e-5
0.0
0.0
0.0
0.0
0.0
0.0
0.0
0.0
0.0
0.0
0.0
0.0
2.8546386575004267e-5
0.0
0.0
0.0
0.0
0.0
0.0
0.0
0.0
0.0
0.0
0.0
0.0
0.0
0.0
0.0
0.0
0.0
0.0
0.0
0.0
0.0
0.0
0.0
2.87999200006794e-5
0.0
0.0
0.0
0.0
0.0
0.0
0.0
0.0
0.0
0.0
0.0
1.0271490517429951e-5
1.0688855858496155e-5
0.0
0.0
0.0
0.0
0.0
0.0
0.0
0.0
0.0
0.0040693473944436115
0.005100764650205097
0.004448134516033474
0.0032896689337090505
0.0027105508152792217
0.002009819109868626
0.0013393369684528685
0.0005974803956092237
6.633668653741517e-5
0.0
0.0
0.0
2.9210659211310982e-5
0.0005960628747853084
0.0012574696862827585
0.0009594106363010812
0.0
0.0
0.0
0.0
0.0
0.0
0.0
0.0
0.008692708682891785
0.008581048941387516
0.007258244357036768
0.005295513471493765
0.0038603310113137198
0.002505219556492198
0.0014804548895682988
0.00048287435202768646
0.0
0.0
0.0
0.0
0.0
0.00018078060035894676
0.0007620347086919189
0.000449254948147613
0.0
0.0
0.0
0.0
0.0
0.0
0.0
0.0
0.004122321536262441
0.004731698067166167
0.0037892583635577843
0.002063448896378185
0.0006577071725606124
0.0
0.0
0.0
0.0
0.0
0.0
0.0
0.0
0.0
0.0
0.0
0.0
0.0
0.0
0.0
0.0
0.0
0.0
0.0
0.00014588291468506972
0.0010572469506542823
0.0004344193300473772
0.0
0.0
0.0
0.0
0.0
0.0
0.0
0.0
0.0
1.3891281368815313e-5
0.0
0.0
0.0
0.0
0.0
0.0
0.0
0.0
0.0
0.0
0.0
0.0
3.027950461823395e-5
4.080638856685275e-5
0.00016485454445721448
0.00015523178248895653
0.000481576688648882
0.0005088868298260895
0.0009390780002997199
0.001058250760301624
0.0008728810150845039
0.0006222201224981432
0.001107844484582729
0.0011968097134389235
0.0015922805454360942
0.0022591339101477163
0.0012983275930904805
0.0
0.0
0.0
0.0
0.0
0.0
0.0
0.0
0.0056060501375427155
0.006416754093870361
0.00550419964959953
0.00397502317385243
0.002887232088609345
0.0016530100530068091
0.0007734205581416805
8.289903292790149e-5
0.0
0.0
0.0
0.0
0.0
3.094278393204894e-5
0.0004746354289208572
0.00017899247163491027
0.0
0.0
0.0
0.0
0.0
0.0
0.0
0.0
0.005547693175329585
0.006162621147474635
0.005036699790105718
0.0030440077410907227
0.0014673717090493172
0.00016203138784687938
0.0
0.0
0.0
0.0
0.0
0.0
9.727820629273553e-6
0.0
0.0
6.007463100845012e-6
0.0
0.0
0.0
0.0
0.0
0.0
0.0
0.0
0.0029524371260055897
0.003946048761320608
0.002776250131242568
0.0008708854048276835
1.7275374314867967e-5
0.0
0.0
0.0
0.0
0.0
0.0
0.0
9.846735409552225e-6
0.0
0.0
0.0
0.0
0.0
0.0
0.0
0.0
0.0
0.0
0.0
0.0
1.761953695138853e-5
0.0
0.0
0.0
0.0
0.0
0.0
0.0
0.0
0.0
0.0
0.0
0.0
0.0
0.0
0.0
0.0
0.0
0.0
0.0
0.0
0.0
0.0
0.0
1.8327596176361973e-5
0.0
0.0
0.0
0.0
0.0
0.0
0.0
0.0
0.0
0.0
0.0
0.0
0.0
0.0
0.0
0.0
0.0
0.0
0.0
0.0
0.0
0.0
0.0
1.775529739216968e-5
0.0
0.0
0.0
0.0
0.0
0.0
0.0
0.0
0.0
0.0
0.0
9.812508809375604e-6
0.0
0.0
0.0
0.0
0.0
0.0
0.0
0.0
0.0
0.0
0.0
1.7262759415888076e-5
0.0
0.0
0.0
0.0
0.0
0.0
0.0
0.0
0.0
0.0
1.095330920574932e-5
0.0
0.0
0.0
0.0
0.0
0.0
0.0
0.0
0.0
0.0
0.0
0.0
0.00028162289381462164
0.0
0.0
0.0
0.0
0.0
0.0
0.0
0.0
0.0
0.0
0.0
0.0
0.0
0.0
0.0
0.0
0.0
0.0
0.0
0.0
0.0
0.0
0.0
1.0261901339721248e-5
0.0
0.0
0.0
0.0
0.0
0.0
0.0
0.0
0.0
0.0
0.0
0.0
0.0
0.0
0.0
0.0
0.0
0.0
0.0
0.0
0.0
0.0
0.0
1.8489288247824883e-5
0.0
0.0
0.0
0.0
0.0
0.0
0.0
0.0
0.0
0.0
0.0
0.0
0.0
0.0
0.0
0.0
0.0
0.0
0.0
0.0
0.0
0.0
0.0
2.8007114507280768e-5
0.0
0.0
0.0
0.0
0.0
0.0
0.0
0.0
0.0
0.0
0.0
0.0
0.0
0.0
0.0
0.0
0.0
0.0
0.0
0.0
0.0
0.0
0.0
1.8146589845078785e-5
0.0
0.0
0.0
0.0
0.0
0.0
0.0
0.0
0.0
0.0
0.0
0.0
0.0
0.0
0.0
0.0
0.0
0.0
0.0
0.0
0.0
0.0
0.0
1.7938639506678834e-5
0.0
0.0
0.0
0.0
0.0
0.0
0.0
0.0
0.0
0.0
0.0
0.0
0.0
0.0
0.0
0.0
0.0
0.0
0.0
0.0
0.0
0.0
0.0
9.045659472527667e-6
0.0
0.0
0.0
0.0
0.0
0.0
0.0
0.0
0.0
0.0
0.0
0.0
0.0
0.0
0.0
0.0
0.0
0.0
0.0
0.0
0.0
0.0
0.0
9.087348666569427e-6
0.0
0.0
0.0
0.0
0.0
0.0
0.0
0.0
0.0
0.0
0.0
0.0
0.0
0.0
0.0
0.0
0.0
0.0
0.0
0.0
0.0
0.0
0.0
1.9470297896107726e-5
0.0
0.0
0.0
0.0
0.0
0.0
0.0
0.0
0.0
0.0
0.0
0.0
0.0
0.0
0.0
0.0
0.0
0.0
0.0
0.0
0.0
0.0
0.0
9.232209506493387e-6
0.0
0.0
0.0
0.0
0.0
0.0
0.0
0.0
0.0
0.0
0.0
0.0
0.0
0.0
0.0
0.0
0.0
0.0
0.0
0.0
0.0
0.0
7.121386306179275e-5
0.0015689422996193918
0.0013975651246992675
0.0005363168673798441
0.00010283427129719913
0.0
0.0
0.0
0.0
0.0
0.0
0.0
2.093733466846606e-5
9.965161328910043e-6
0.0
0.0
0.0
0.0
0.0
0.0
0.0
0.0
0.0
0.0
0.002710066268635309
0.003497848376123995
0.0025713228226039377
0.0008316356571961658
0.0
0.0
0.0
0.0
0.0
0.0
0.0
0.0
0.0
0.0
0.0
0.0
0.0
0.0
0.0
0.0
0.0
0.0
0.0
0.0
1.721285376938421e-5
0.0009020081522713205
0.00019768770542998466
0.0
0.0
0.0
0.0
0.0
0.0
0.0
0.0
0.0
0.0
0.0
0.0
0.0
0.0
0.0
0.0
0.0
0.0
0.0
0.0
0.0
0.00042314845139880677
0.0012240109291370115
0.0003034732307708295
0.0
0.0
0.0
0.0
0.0
0.0
0.0
0.0
0.0
0.0
0.0
9.663921939025252e-6
0.0
0.0
0.0
0.0
0.0
0.0
0.0
0.0
0.0
0.0029196901393924216
0.0038963692886796538
0.002580060930106751
0.0004873833458558113
0.0
0.0
0.0
0.0
0.0
0.0
0.0
0.0
0.0
0.0
0.0
0.0
0.0
0.0
0.0
0.0
0.0
0.0
0.0
0.0
0.0
2.8269281952210548e-5
0.0
0.0
0.0
0.0
0.0
0.0
0.0
0.0
0.0
0.0
0.0
0.0
0.0
0.0
0.0
0.0
0.0
0.0
0.0
0.0
0.0
0.0
0.0
2.851178617688938e-5
0.0
0.0
0.0
0.0
0.0
0.0
0.0
0.0
0.0
0.0
0.0
0.0
0.0
0.0
0.0
0.0
0.0
0.0
0.0
0.0
0.0
0.0
0.0
9.908479862471215e-6
0.0
0.0
0.0
0.0
0.0
0.0
0.0
0.0
0.0
0.0
0.0
0.0
0.0
0.0
0.0
0.0
0.0
0.0
0.0
0.0
0.0
0.0
0.0
2.285837855360399e-5
0.0
0.0
0.0
0.0
0.0
0.0
0.0
0.0
0.0
0.0
0.0
0.0
0.0
0.0
0.0
0.0
0.0
0.0
0.0
0.0
0.0
0.0
0.0
1.0283393326751785e-5
0.0
0.0
0.0
0.0
0.0
0.0
0.0
0.0
0.0
0.0
0.0
0.0
0.0
0.0
0.0
0.0
0.0
0.0
0.0
0.0
0.0
0.0
0.0
1.7970483100546104e-5
0.0
0.0
0.0
0.0
0.0
0.0
1.2162151757635153e-5
0.0
0.0
0.0
0.0
0.0
0.0
0.0
0.0
0.0
0.0
0.0
0.0
0.0
0.0
0.0
0.0
4.434708138059398e-5
0.0
0.0
0.0
0.0
0.0
0.0
0.0
0.0
0.0
0.0
0.0
0.0
0.0
0.0
0.0
0.0
0.0
0.0
0.0
0.0
0.0
0.0
0.0
1.7982650980540495e-5
0.0
0.0
0.0
0.0
0.0
0.0
0.0
0.0
0.0
0.0
0.0
0.0
0.0
0.0
0.0
0.0
0.0
0.0
0.0
0.0
0.0
0.0
0.0
1.4545746156274546e-5
0.0
0.0
0.0
0.0
0.0
0.0
0.0
0.0
0.0
0.0
0.0
0.0
0.0
0.0
0.0
0.0
0.0
0.0
0.0
0.0
0.0
0.0
0.0
0.00010450464309555902
0.0
0.0
0.0
0.0
0.0
0.0
0.0
0.0
0.0
0.0
0.0
0.0
0.0
0.0
0.0
0.0
0.0
0.0
0.0
0.0
0.0
0.0
0.0
2.6630333793567365e-5
0.0
0.0
0.0
0.0
0.0
0.0
0.0
0.0
0.0
0.0
0.0
0.0
0.0
0.0
0.0
0.0
0.0
0.0
0.0
0.0
0.0
0.0
0.0
1.7456323727642803e-5
0.0
0.0
0.0
0.0
0.0
0.0
0.0
0.0
0.0
0.0
0.0
0.0
0.0
0.0
0.0
0.0
0.0
0.0
0.0
0.0
0.0
0.0
0.0
2.27079481206566e-5
0.0
0.0
0.0
0.0
0.0
0.0
0.0
0.0
0.0
0.0
1.109840109064497e-5
1.036353257442581e-5
0.0
0.0
0.0
0.0
0.0
0.0
0.0
0.0
0.0
0.0
0.0
1.8828103426984276e-5
0.0
0.0
0.0
0.0
0.0
0.0
0.0
0.0
0.0
0.0
0.0
0.0
0.0
0.0
0.0
0.0
0.0
0.0
0.0
0.0
0.0
0.0
1.275331073569793e-5
0.00012759185124432433
0.0
0.0
0.0
0.0
0.0
0.0
0.0
0.0
0.0
0.0
0.0
0.0
0.0
0.0
0.0
0.0
0.0
0.0
0.0
0.0
0.0
0.0
0.0
0.0001492406653299402
0.0
0.0
0.0
0.0
0.0
0.0
0.0
0.0
0.0
0.0
0.0
0.0
0.0
0.0
0.0
0.0
0.0
0.0
0.0
0.0
0.0
0.0
1.2750120753713408e-5
0.0008821248056319991
5.213574019238019e-5
0.0
0.0
0.0
0.0
0.0
0.0
0.0
0.0
0.0
0.0
0.0
0.0
0.0
0.0
0.0
0.0
0.0
0.0
0.0
0.0
0.0
0.0
1.866224873337057e-5
0.0
0.0
0.0
0.0
0.0
0.0
0.0
0.0
0.0
0.0
0.0
0.0
0.0
0.0
0.0
0.0
0.0
0.0
0.0
0.0
0.0
0.0
0.0
1.3845229691169924e-5
0.0
0.0
0.0
0.0
0.0
0.0
0.0
0.0
0.0
0.0
0.0
0.0
0.0
0.0
0.0
0.0
0.0
0.0
0.0
0.0
0.0
0.0
0.0010620240315925829
0.0023786009618597397
0.0007127589565413192
0.0
0.0
0.0
0.0
0.0
0.0
0.0
0.0
0.0
0.0
0.0
0.0
0.0
0.0
0.0
0.0
0.0
0.0
0.0
0.0
0.0
0.0
0.000547532878158597
3.3993929489921294e-5
0.0
0.0
0.0
0.0
0.0
0.0
0.0
0.0
0.0
0.0
0.0
0.0
0.0
0.0
0.0
0.0
0.0
0.0
0.0
0.0
0.0
0.0
2.8479269181478742e-5
0.0
0.0
0.0
0.0
0.0
0.0
0.0
0.0
0.0
0.0
0.0
0.0
0.0
0.0
0.0
0.0
0.0
0.0
0.0
0.0
0.0
0.0
0.0
2.8700104253016955e-5
0.0
0.0
0.0
0.0
0.0
0.0
0.0
0.0
0.0
0.0
0.0
0.0
0.0
0.0
0.0
0.0
0.0
0.0
0.0
0.0
0.0
0.0
0.0
1.9053261095185235e-5
0.0
0.0
0.0
0.0
0.0
0.0
0.0
0.0
0.0
0.0
0.0
0.0
0.0
0.0
0.0
0.0
0.0
0.0
0.0
0.0
0.0
0.0
0.0
1.753176488682401e-5
0.0
0.0
0.0
0.0
0.0
0.0
0.0
0.0
0.0
0.0
0.0
0.0
0.0
0.0
0.0
0.0
0.0
0.0
0.0
0.0
0.0
0.0
0.0
0.0005780276990646133
7.430189427436558e-5
0.0
0.0
0.0
0.0
0.0
0.0
0.0
0.0
0.0
0.0
0.0
0.0
0.0
0.0
0.0
0.0
0.0
0.0
0.0
0.0
0.0
2.270242915908892e-6
0.0008035137331536813
0.0003698942052900283
0.0
0.0
0.0
0.0
0.0
0.0
0.0
0.0
0.0
0.0
0.0
0.0
0.0
0.0
0.0
0.0
0.0
0.0
0.0
0.0
0.0
0.0
1.736248585521031e-5
0.0
0.0
0.0
0.0
0.0
0.0
0.0
0.0
0.0
0.0
0.0
0.0
0.0
0.0
0.0
0.0
0.0
0.0
0.0
0.0
0.0
0.0
0.0
2.239796092129306e-5
0.0
0.0
0.0
0.0
0.0
0.0
0.0
0.0
0.0
0.0
0.0
0.0
0.0
0.0
0.0
0.0
0.0
0.0
0.0
0.0
0.0
0.0
0.0
4.0694125231800726e-5
0.0
0.0
0.0
0.0
0.0
0.0
0.0
0.0
0.0
0.0
0.0
0.0
0.0
0.0
0.0
0.0
0.0
0.0
0.0
0.0
0.0
0.0
0.0
1.8202056547765683e-5
0.0
0.0
0.0
0.0
0.0
0.0
0.0
0.0
0.0
0.0
0.0
0.0
0.0
0.0
0.0
0.0
0.0
0.0
0.0
0.0
0.0
0.0
0.0
2.294900493817689e-5
0.0
0.0
0.0
0.0
0.0
0.0
0.0
0.0
0.0
0.0
0.0
0.0
0.0
0.0
0.0
0.0
0.0
0.0
0.0
0.0
0.0
0.0
0.0
1.7296313690750935e-5
0.0
0.0
0.0
0.0
0.0
0.0
0.0
0.0
0.0
0.0
0.0
0.0
0.0
0.0
0.0
0.0
0.0
0.0
0.0
0.0
0.0
0.0
0.0
2.204384133601133e-5
0.0
0.0
0.0
0.0
0.0
0.0
0.0
0.0
0.0
0.0
0.0
0.0
0.0
0.0
0.0
0.0
0.0
0.0
0.0
0.0
0.0
0.0
0.0
2.1345004462904475e-5
0.0
0.0
0.0
0.0
0.0
0.0
0.0
0.0
0.0
0.0
0.0
0.0
0.0
0.0
0.0
0.0
0.0
0.0
0.0
0.0
0.0
0.0
0.0
4.371437383800821e-6
0.0
0.0
0.0
0.0
0.0
0.0
0.0
0.0
0.0
0.0
0.0
0.0
0.0
0.0
0.0
0.0
0.0
0.0
0.0
0.0
0.0
0.0
0.0
4.366061978160575e-6
0.0
0.0
0.0
0.0
0.0
0.0
0.0
0.0
0.0
0.0
0.0
0.0
0.0
0.0
0.0
0.0
0.0
0.0
0.0
0.0
0.0
0.0
0.0
2.0513595624279544e-5
0.0
0.0
0.0
0.0
0.0
0.0
0.0
0.0
0.0
0.0
0.0
0.0
0.0
0.0
0.0
0.0
0.0
0.0
0.0
0.0
0.0
0.0
0.0
1.978474588937386e-5
0.0
0.0
0.0
0.0
0.0
0.0
0.0
0.0
0.0
0.0
0.0
0.0
0.0
0.0
0.0
0.0
0.0
0.0
0.0
0.0
0.0
0.0
0.0
2.0427921000196724e-5
0.0
0.0
0.0
0.0
0.0
0.0
0.0
0.0
0.0
0.0
0.0
0.0
0.0
0.0
0.0
0.0
0.0
0.0
0.0
0.0
0.0
0.0
4.834100426933972e-6
9.167224856588184e-6
0.0
0.0
0.0
0.0
0.0
0.0
0.0
0.0
0.0
0.0
0.0
0.0
0.0
0.0
0.0
0.0
0.0
0.0
0.0
0.0
0.0
0.0
0.0
1.0141114060306928e-5
0.0
0.0
0.0
0.0
0.0
0.0
0.0
0.0
0.0
0.0
0.0
0.0
0.0
0.0
0.0
0.0
0.0
0.0
0.0
0.0
0.0
0.0
0.0
1.7214070404839803e-5
0.0
0.0
0.0
0.0
0.0
0.0
0.0
0.0
0.0
0.0
0.0
0.0
0.0
0.0
0.0
0.0
0.0
0.0
0.0
0.0
0.0
0.0
0.0
1.796527515997587e-5
0.0
0.0
0.0
0.0
0.0
0.0
0.0
0.0
0.0
0.0
0.0
0.0
0.0
0.0
0.0
0.0
0.0
0.0
0.0
0.0
0.0
0.0
0.0
1.6003982159299035e-5
0.0
0.0
0.0
0.0
1.4076337870293303e-5
0.0
0.0
0.0
0.0
0.0
0.0
0.0
0.0
0.0
0.0
0.0
0.0
0.0
0.0
0.0
0.0
0.0
0.0
0.0002633642330269102
0.0
0.0
0.0
0.0
0.0
0.0
0.0
0.0
0.0
0.0
0.0
0.0
0.0
0.0
0.0
0.0
0.0
0.0
0.0
0.0
0.0
0.0
0.0
7.804141868279641e-5
0.0
0.0
0.0
0.0
0.0
0.0
0.0
0.0
0.0
0.0
0.0
0.0
0.0
0.0
0.0
0.0
0.0
0.0
0.0
0.0
0.0
0.0
0.0
2.1435934288074986e-5
0.0
0.0
0.0
0.0
0.0
0.0
0.0
0.0
0.0
0.0
0.0
0.0
0.0
0.0
0.0
0.0
0.0
0.0
0.0
0.0
0.0
0.0
0.0
2.2687805791060878e-5
0.0
0.0
0.0
0.0
0.0
0.0
0.0
0.0
0.0
0.0
0.0
0.0
0.0
0.0
0.0
0.0
0.0
0.0
0.0
0.0
0.0
0.0
0.0
2.146298190334794e-5
0.0
0.0
0.0
0.0
0.0
0.0
0.0
0.0
0.0
0.0
0.0
0.0
0.0
0.0
0.0
0.0
0.0
0.0
0.0
0.0
0.0
0.0
0.0
9.20040116522873e-6
0.0
0.0
0.0
0.0
0.0
0.0
0.0
0.0
0.0
0.0
0.0
0.0
0.0
0.0
0.0
0.0
0.0
0.0
0.0
0.0
0.0
0.0
0.0
9.146605520506756e-6
0.0
0.0
0.0
0.0
0.0
0.0
0.0
0.0
0.0
0.0
0.0
0.0
0.0
0.0
0.0
0.0
0.0
0.0
0.0
0.0
0.0
0.0
0.0
9.007535450020364e-6
0.0
0.0
0.0
0.0
0.0
0.0
0.0
0.0
0.0
0.0
0.0
0.0
0.0
0.0
0.0
0.0
0.0
0.0
0.0
0.0
0.0
0.0
0.0
2.30208957562676e-5
0.0
0.0
0.0
0.0
0.0
0.0
0.0
0.0
0.0
0.0
0.0
0.0
0.0
0.0
0.0
0.0
0.0
0.0
0.0
0.0
0.0
0.0
0.0
9.121731335948313e-6
0.0
0.0
0.0
0.0
0.0
0.0
0.0
0.0
0.0
0.0
0.0
0.0
0.0
0.0
0.0
0.0
0.0
0.0
0.0
0.0
0.0
0.0
0.0
1.0176325345062874e-5
0.0
0.0
0.0
0.0
0.0
0.0
0.0
0.0
0.0
0.0
0.0
0.0
0.0
0.0
0.0
0.0
0.0
0.0
0.0
0.0
0.0
0.0
0.0
1.3958020378728599e-5
0.0
0.0
0.0
0.0
0.0
0.0
0.0
0.0
0.0
0.0
0.0
0.0
0.0
0.0
0.0
0.0
0.0
0.0
0.0
0.0
0.0
0.0
0.0
2.360559799307713e-5
0.0
0.0
0.0
0.0
0.0
0.0
0.0
0.0
0.0
0.0
0.0
0.0
0.0
0.0
0.0
0.0
0.0
0.0
0.0
0.0
0.0
0.0
0.0
1.7899561946612835e-5
0.0
0.0
0.0
0.0
0.0
0.0
0.0
0.0
0.0
0.0
0.0
0.0
0.0
0.0
0.0
0.0
0.0
0.0
0.0
0.0
0.0
0.0
0.0
2.223513009596392e-5
0.0
0.0
0.0
0.0
0.0
0.0
0.0
0.0
0.0
0.0
0.0
0.0
0.0
0.0
0.0
0.0
0.0
0.0
0.0
0.0
0.0
0.0
0.0
2.1951383685934448e-5
0.0
0.0
0.0
0.0
0.0
0.0
0.0
0.0
0.0
0.0
0.0
0.0
0.0
0.0
0.0
0.0
0.0
0.0
0.0
0.0
0.0
0.0
0.0
1.8842083949031222e-5
0.0
0.0
0.0
0.0
0.0
0.0
0.0
0.0
0.0
0.0
0.0
0.0
0.0
0.0
0.0
0.0
0.0
0.0
0.0
0.0
0.0
0.0
0.0
2.3566315556328332e-5
0.0
0.0
0.0
0.0
0.0
0.0
0.0
0.0
0.0
0.0
0.0
0.0
0.0
0.0
0.0
0.0
0.0
0.0
0.0
0.0
0.0
0.0
0.0
2.907840809323458e-5
0.0
0.0
0.0
0.0
0.0
0.0
0.0
0.0
0.0
0.0
0.0
0.0
0.0
0.0
0.0
0.0
0.0
0.0
0.0
0.0
0.0
0.0
0.0
2.678214918428064e-5
0.0
0.0
0.0
0.0
0.0
0.0
0.0
0.0
0.0
0.0
0.0
0.0
0.0
0.0
0.0
0.0
0.0
0.0
0.0
0.0
0.0
0.0
0.0
2.111514498152041e-5
0.0
0.0
0.0
0.0
0.0
0.0
0.0
0.0
0.0
0.0
0.0
0.0
0.0
0.0
0.0
0.0
0.0
0.0
0.0
0.0
0.0
0.0
0.0
9.225579053359155e-6
0.0
0.0
0.0
0.0
0.0
0.0
0.0
0.0
0.0
0.0
0.0
0.0
0.0
0.0
0.0
0.0
0.0
0.0
0.0
0.0
0.0
0.0
0.0
9.289461102290202e-6
0.0
0.0
0.0
0.0
0.0
0.0
0.0
0.0
0.0
0.0
0.0
0.0
0.0
0.0
0.0
0.0
0.0
0.0
0.0
0.0
0.0
0.0
0.0
2.0230231135382224e-5
0.0
0.0
0.0
0.0
0.0
0.0
0.0
0.0
0.0
0.0
0.0
0.0
0.0
0.0
0.0
0.0
0.0
0.0
0.0
0.0
0.0
0.0
0.0
2.0373965314517312e-5
0.0
0.0
0.0
0.0
0.0
0.0
0.0
0.0
0.0
0.0
0.0
0.0
0.0
0.0
0.0
0.0
0.0
0.0
0.0
0.0
0.0
0.0
0.0
9.00727627427849e-6
0.0
0.0
0.0
0.0
0.0
0.0
0.0
0.0
0.0
0.0
0.0
0.0
0.0
0.0
0.0
0.0
0.0
0.0
0.0
0.0
0.0
0.0
0.0
6.7365813344485085e-6
0.0
0.0
0.0
0.0
0.0
0.0
0.0
0.0
0.0
0.0
0.0
0.0
0.0
0.0
0.0
0.0
0.0
0.0
0.0
0.0
0.0
0.0
0.0
7.765476969270875e-6
0.0
0.0
0.0
0.0
0.0
0.0
0.0
0.0
0.0
0.0
0.0
0.0
0.0
0.0
0.0
0.0
0.0
0.0
0.0
0.0
0.0
0.0
0.0
9.285054884458815e-6
0.0
0.0
0.0
0.0
0.0
0.0
0.0
0.0
0.0
0.0
0.0
0.0
0.0
0.0
0.0
0.0
0.0
0.0
0.0
0.0
0.0
0.0
0.0
1.5994436414473796e-5
0.0
0.0
0.0
0.0
0.0
0.0
0.0
0.0
0.0
0.0
0.0
0.0
0.0
0.0
0.0
0.0
0.0
0.0
0.0
0.0
0.0
0.0
0.0
2.369931308174942e-5
0.0
0.0
0.0
0.0
0.0
0.0
0.0
0.0
0.0
0.0
9.526400421627425e-6
0.0
0.0
0.0
0.0
0.0
0.0
0.0
0.0
0.0
0.0
0.0
0.0
1.0264301013551703e-5
0.0
0.0
0.0
0.0
0.0
0.0
0.0
0.0
0.0
0.0
0.0
0.0
0.0
0.0
0.0
0.0
0.0
0.0
0.0
0.0
0.0
0.0
0.0
1.9688967181905032e-5
0.0
0.0
0.0
0.0
0.0
0.0
0.0
0.0
0.0
0.0
0.0
0.0
0.0
0.0
0.0
0.0
0.0
0.0
0.0
0.0
0.0
0.0
0.0
8.320227186816648e-6
0.0
0.0
0.0
0.0
0.0
0.0
0.0
0.0
0.0
0.0
0.0
0.0
0.0
0.0
0.0
0.0
0.0
0.0
0.0
0.0
0.0
0.0
0.0
2.1141950604226953e-5
0.0
0.0
0.0
0.0
0.0
0.0
0.0
0.0
0.0
0.0
0.0
0.0
0.0
0.0
0.0
0.0
0.0
0.0
0.0
0.0
0.0
0.0
0.0
2.4364141080608092e-5
0.0
0.0
0.0
0.0
0.0
0.0
0.0
0.0
0.0
0.0
0.0
0.0
0.0
0.0
0.0
0.0
0.0
0.0
0.0
0.0
0.0
0.0
0.0
2.1539922868031694e-5
0.0
0.0
0.0
0.0
0.0
0.0
0.0
0.0
0.0
0.0
0.0
0.0
0.0
0.0
0.0
0.0
0.0
0.0
0.0
0.0
0.0
0.0
0.0
1.997352614528659e-5
0.0
0.0
0.0
0.0
0.0
0.0
0.0
0.0
0.0
0.0
0.0
0.0
0.0
0.0
0.0
0.0
0.0
0.0
0.0
0.0
0.0
0.0
5.7596194933346e-6
1.9255174318934346e-5
0.0
0.0
0.0
0.0
0.0
0.0
0.0
0.0
0.0
0.0
0.0
0.0
0.0
0.0
0.0
0.0
0.0
0.0
0.0
0.0
0.0
0.0
0.0
9.579630475872792e-6
0.0
0.0
0.0
0.0
0.0
0.0
0.0
0.0
0.0
0.0
0.0
0.0
0.0
0.0
0.0
0.0
0.0
0.0
0.0
0.0
0.0
0.0
0.0
2.179741731465624e-5
0.0
0.0
0.0
0.0
0.0
0.0
0.0
0.0
0.0
0.0
0.0
0.0
0.0
0.0
0.0
0.0
0.0
0.0
0.0
0.0
0.0
0.0
0.0
2.8677676966308203e-5
0.0
0.0
0.0
0.0
0.0
0.0
0.0
0.0
0.0
0.0
0.0
0.0
0.0
0.0
0.0
0.0
0.0
0.0
0.0
0.0
0.0
0.0
0.0
3.053436742143473e-5
0.0
0.0
0.0
0.0
0.0
0.0
0.0
0.0
0.0
0.0
0.0
0.0
0.0
0.0
0.0
0.0
0.0
0.0
0.0
0.0
0.0
0.0
0.0
2.890638988882177e-5
0.0
0.0
0.0
0.0
0.0
0.0
0.0
0.0
0.0
0.0
0.0
0.0
0.0
0.0
0.0
0.0
0.0
0.0
0.0
0.0
0.0
0.0
0.0
1.793604778669418e-5
0.0
0.0
0.0
0.0
0.0
0.0
0.0
0.0
0.0
0.0
0.0
0.0
0.0
0.0
0.0
0.0
0.0
0.0
0.0
0.0
0.0
0.0
0.0
2.1874270047229395e-5
0.0
0.0
0.0
0.0
0.0
0.0
0.0
0.0
0.0
0.0
0.0
0.0
0.0
0.0
0.0
0.0
0.0
0.0
0.0
0.0
0.0
0.0
0.0
2.1368226746384973e-5
0.0
0.0
0.0
0.0
0.0
0.0
0.0
0.0
0.0
0.0
0.0
0.0
0.0
0.0
0.0
0.0
0.0
0.0
0.0
0.0
0.0
0.0
0.0
1.9116758669980342e-5
0.0
0.0
0.0
0.0
0.0
0.0
0.0
0.0
0.0
0.0
0.0
0.0
0.0
0.0
0.0
0.0
0.0
0.0
0.0
0.0
0.0
0.0
0.0
1.2792215500081891e-5
0.0
0.0
0.0
0.0
0.0
0.0
0.0
0.0
0.0
0.0
0.0
0.0
0.0
0.0
0.0
0.0
0.0
0.0
0.0
0.0
0.0
0.0
0.0
0.0
0.0
0.0
0.0
0.0
0.0
0.0
0.0
0.0
0.0
0.0
0.0
0.0
0.0
0.0
0.0
0.0
0.0
0.0
0.0
0.0
0.0
0.0
0.0
1.731867132200792e-5
0.0
0.0
0.0
0.0
0.0
0.0
0.0
0.0
0.0
0.0
0.0
0.0
0.0
0.0
0.0
0.0
0.0
0.0
0.0
0.0
0.0
0.0
0.0
2.0900859946304463e-5
0.0
0.0
0.0
0.0
0.0
0.0
0.0
0.0
0.0
0.0
0.0
0.0
0.0
0.0
0.0
0.0
0.0
0.0
0.0
0.0
0.0
0.0
0.0
1.866470264917314e-5
0.0
0.0
0.0
0.0
0.0
0.0
0.0
0.0
0.0
0.0
0.0
0.0
0.0
0.0
0.0
0.0
0.0
0.0
0.0
0.0
0.0
0.0
0.0
6.944677686322803e-6
0.0
0.0
0.0
0.0
0.0
0.0
0.0
0.0
0.0
0.0
0.0
0.0
0.0
0.0
0.0
0.0
0.0
0.0
0.0
0.0
0.0
0.0
0.0
1.774279223117547e-5
0.0
0.0
0.0
0.0
0.0
0.0
0.0
0.0
0.0
0.0
0.0
0.0
0.0
0.0
0.0
0.0
0.0
0.0
0.0
0.0
0.0
0.0
0.0
7.819732901485605e-6
0.0
0.0
0.0
0.0
0.0
0.0
0.0
0.0
0.0
0.0
0.0
0.0
0.0
0.0
0.0
0.0
0.0
0.0
0.0
0.0
0.0
0.0
0.0
8.377609634352297e-6
0.0
0.0
0.0
0.0
0.0
0.0
0.0
0.0
0.0
0.0
0.0
0.0
0.0
0.0
0.0
0.0
0.0
0.0
0.0
0.0
0.0
0.0
0.0
2.1660750332923634e-5
0.0
0.0
0.0
0.0
0.0
0.0
0.0
0.0
0.0
0.0
0.0
0.0
0.0
0.0
0.0
0.0
0.0
0.0
0.0
0.0
0.0
0.0
0.0
2.0340362375359258e-5
0.0
0.0
0.0
0.0
0.0
0.0
0.0
0.0
0.0
0.0
0.0
0.0
0.0
0.0
0.0
0.0
0.0
0.0
0.0
0.0
0.0
0.0
0.0
2.4042836784149545e-5
0.0
0.0
0.0
0.0
0.0
0.0
0.0
0.0
0.0
0.0
0.0
0.0
1.1873901841425524e-5
0.0
0.0
0.0
0.0
0.0
0.0
0.0
0.0
0.0
0.0
2.435593277099277e-5
0.0
0.0
0.0
0.0
0.0
0.0
0.0
0.0
0.0
0.0
0.0
0.0
0.0
0.0
0.0
0.0
0.0
0.0
0.0
0.0
0.0
0.0
0.0
2.803846501017691e-5
0.0
0.0
0.0
0.0
0.0
0.0
0.0
0.0
0.0
0.0
0.0
0.0
0.0
0.0
0.0
0.0
0.0
0.0
0.0
0.0
0.0
0.0
0.0
2.0407908772722527e-5
0.0
0.0
0.0
0.0
0.0
0.0
0.0
0.0
0.0
0.0
0.0
0.0
0.0
0.0
0.0
0.0
0.0
0.0
0.0
0.0
0.0
0.0
0.0
2.7461227932402394e-5
0.0
0.0
0.0
0.0
0.0
0.0
0.0
0.0
0.0
0.0
0.0
0.0
0.0
0.0
0.0
0.0
0.0
0.0
0.0
0.0
0.0
0.0
0.0
2.053675990366357e-5
0.0
0.0
0.0
0.0
0.0
0.0
0.0
0.0
0.0
0.0
0.0
0.0
0.0
0.0
0.0
0.0
0.0
0.0
0.0
0.0
0.0
0.0
0.0
1.888821392939929e-5
0.0
0.0
0.0
0.0
0.0
0.0
0.0
0.0
0.0
0.0
0.0
0.0
0.0
0.0
0.0
0.0
0.0
0.0
0.0
0.0
0.0
0.0
0.0
7.670055110527796e-6
0.0
0.0
0.0
0.0
0.0
0.0
0.0
0.0
0.0
0.0
0.0
0.0
0.0
0.0
0.0
0.0
0.0
0.0
0.0
0.0
0.0
0.0
0.0
1.950307105288149e-5
0.0
0.0
0.0
0.0
0.0
0.0
0.0
0.0
0.0
0.0
0.0
0.0
0.0
0.0
0.0
0.0
0.0
0.0
0.0
0.0
0.0
0.0
0.0
1.0089318114765591e-5
0.0
0.0
0.0
0.0
0.0
0.0
0.0
0.0
0.0
0.0
0.0
0.0
0.0
0.0
0.0
0.0
0.0
0.0
0.0
0.0
0.0
0.0
0.0
1.8577594374953686e-5
0.0
0.0
0.0
0.0
0.0
0.0
0.0
0.0
0.0
0.0
0.0
0.0
0.0
0.0
0.0
0.0
0.0
0.0
0.0
0.0
0.0
0.0
0.0
9.305703459358996e-6
0.0
0.0
0.0
0.0
0.0
0.0
0.0
0.0
0.0
0.0
0.0
0.0
0.0
0.0
0.0
0.0
0.0
0.0
0.0
0.0
0.0
0.0
0.0
9.206492850335677e-6
0.0
0.0
0.0
0.0
0.0
0.0
0.0
0.0
0.0
0.0
0.0
0.0
0.0
0.0
0.0
0.0
0.0
0.0
0.0
0.0
0.0
0.0
0.0
2.2659665737228807e-5
0.0
0.0
0.0
0.0
0.0
0.0
0.0
0.0
0.0
0.0
0.0
0.0
0.0
0.0
0.0
0.0
0.0
0.0
0.0
0.0
0.0
0.0
0.0
9.245947818856296e-6
0.0
0.0
0.0
0.0
0.0
0.0
0.0
0.0
0.0
0.0
0.0
0.0
0.0
0.0
0.0
0.0
0.0
0.0
0.0
0.0
0.0
0.0
0.0
8.478551436371628e-6
0.0
0.0
0.0
0.0
0.0
0.0
0.0
0.0
0.0
0.0
0.0
0.0
0.0
0.0
0.0
0.0
0.0
0.0
0.0
0.0
0.0
0.0
0.0
8.255248096807172e-6
0.0
0.0
0.0
0.0
0.0
0.0
0.0
0.0
0.0
0.0
0.0
0.0
0.0
0.0
0.0
0.0
0.0
0.0
0.0
0.0
0.0
0.0
0.0
6.95236694256551e-6
0.0
0.0
0.0
0.0
0.0
0.0
0.0
0.0
0.0
0.0
0.0
0.0
0.0
0.0
0.0
0.0
0.0
0.0
0.0
0.0
0.0
0.0
0.0
0.0
0.0
0.0
0.0
0.0
0.0
0.0
0.0
0.0
0.0
0.0
0.0
0.0
0.0
0.0
0.0
0.0
0.0
0.0
0.0
0.0
0.0
0.0
0.0
1.0208068624972403e-5
0.0
0.0
0.0
0.0
0.0
0.0
0.0
0.0
0.0
0.0
0.0
0.0
0.0
0.0
0.0
0.0
0.0
0.0
0.0
0.0
0.0
0.0
0.0
2.0898806228820296e-5
0.0
0.0
0.0
0.0
0.0
0.0
0.0
0.0
0.0
0.0
0.0
0.0
0.0
0.0
0.0
0.0
0.0
0.0
0.0
0.0
0.0
0.0
0.0
5.006144103361917e-6
0.0
0.0
0.0
0.0
0.0
0.0
0.0
0.0
0.0
0.0
0.0
0.0
0.0
0.0
0.0
0.0
0.0
0.0
0.0
0.0
0.0
0.0
0.0
0.0
0.0
0.0
0.0
0.0
0.0
0.0
0.0
0.0
0.0
0.0
0.0
0.0
0.0
0.0
0.0
0.0
0.0
0.0
0.0
0.0
0.0
0.0
0.0
1.4091725819908577e-5
0.0
0.0
0.0
0.0
0.0
0.0
0.0
0.0
0.0
0.0
0.0
0.0
0.0
0.0
0.0
0.0
0.0
0.0
0.0
0.0
0.0
0.0
0.0
0.0
0.0
0.0
0.0
0.0
0.0
0.0
0.0
0.0
0.0
0.0
0.0
0.0
0.0
0.0
0.0
0.0
0.0
0.0
0.0
0.0
0.0
0.0
0.0
1.1936094286615918e-5
0.0
0.0
0.0
0.0
0.0
0.0
0.0
0.0
0.0
0.0
0.0
0.0
0.0
0.0
0.0
0.0
0.0
0.0
0.0
0.0
0.0
0.0
0.0
2.159978392849973e-5
0.0
0.0
0.0
0.0
0.0
0.0
0.0
0.0
0.0
0.0
0.0
0.0
0.0
0.0
0.0
0.0
0.0
0.0
0.0
0.0
0.0
0.0
0.0
2.500394429856756e-5
0.0
0.0
0.0
0.0
0.0
0.0
0.0
0.0
0.0
0.0
0.0
0.0
0.0
0.0
0.0
0.0
0.0
0.0
0.0
0.0
0.0
0.0
0.0
9.148888811803533e-6
0.0
0.0
0.0
0.0
0.0
0.0
0.0
0.0
0.0
0.0
0.0
0.0
0.0
0.0
0.0
0.0
0.0
0.0
0.0
0.0
0.0
0.0
0.0
7.653659371087342e-6
0.0
0.0
0.0
0.0
0.0
0.0
0.0
0.0
0.0
0.0
0.0
0.0
0.0
0.0
0.0
0.0
0.0
0.0
0.0
0.0
0.0
0.0
0.0
9.296836383987083e-6
0.0
0.0
0.0
0.0
0.0
0.0
0.0
0.0
0.0
0.0
0.0
0.0
0.0
0.0
0.0
0.0
0.0
0.0
0.0
0.0
0.0
0.0
0.0
2.209562148437376e-5
0.0
0.0
0.0
0.0
0.0
0.0
0.0
0.0
0.0
0.0
0.0
0.0
0.0
0.0
0.0
0.0
0.0
0.0
0.0
0.0
0.0
0.0
0.0
1.4116102570207546e-5
0.0
0.0
0.0
0.0
0.0
0.0
0.0
0.0
0.0
0.0
0.0
0.0
0.0
0.0
0.0
0.0
0.0
0.0
0.0
0.0
0.0
0.0
0.0
9.10187574573844e-6
0.0
0.0
0.0
0.0
0.0
0.0
0.0
0.0
0.0
0.0
0.0
0.0
0.0
0.0
0.0
0.0
0.0
0.0
0.0
0.0
0.0
0.0
0.0
9.123830115633983e-6
0.0
0.0
0.0
0.0
0.0
0.0
0.0
0.0
0.0
0.0
0.0
0.0
0.0
0.0
0.0
0.0
0.0
0.0
0.0
0.0
0.0
0.0
0.0
1.975597535216337e-5
0.0
0.0
0.0
0.0
0.0
0.0
0.0
0.0
0.0
0.0
0.0
0.0
0.0
0.0
0.0
0.0
0.0
0.0
0.0
0.0
0.0
0.0
0.0
6.646610815427376e-6
0.0
0.0
0.0
0.0
0.0
0.0
0.0
0.0
0.0
0.0
0.0
0.0
0.0
0.0
0.0
0.0
0.0
0.0
0.0
0.0
0.0
0.0
0.0
4.271190398422301e-6
0.0
0.0
0.0
0.0
0.0
0.0
0.0
0.0
0.0
0.0
0.0
0.0
0.0
0.0
0.0
0.0
0.0
0.0
0.0
0.0
0.0
0.0
0.0
2.2354039139470866e-5
0.0
0.0
0.0
0.0
0.0
0.0
0.0
0.0
0.0
0.0
0.0
0.0
0.0
0.0
0.0
0.0
0.0
0.0
0.0
0.0
0.0
0.0
0.0
8.395624767121501e-6
0.0
0.0
0.0
0.0
0.0
0.0
0.0
0.0
0.0
0.0
0.0
0.0
0.0
0.0
0.0
0.0
0.0
0.0
0.0
0.0
0.0
0.0
0.0
8.973057517476064e-6
0.0
0.0
0.0
0.0
0.0
0.0
0.0
0.0
0.0
0.0
0.0
0.0
0.0
0.0
0.0
0.0
0.0
0.0
0.0
0.0
0.0
0.0
5.103212554095505e-6
9.314512642000802e-6
0.0
0.0
0.0
0.0
0.0
0.0
0.0
0.0
0.0
0.0
0.0
0.0
0.0
0.0
0.0
0.0
0.0
0.0
0.0
0.0
0.0
0.0
0.0
8.805158983358416e-6
0.0
0.0
0.0
0.0
0.0
0.0
0.0
0.0
0.0
0.0
0.0
0.0
0.0
0.0
0.0
0.0
0.0
0.0
0.0
0.0
0.0
0.0
0.0
1.8631428961406192e-5
0.0
0.0
0.0
0.0
0.0
0.0
0.0
0.0
0.0
0.0
0.0
0.0
0.0
0.0
0.0
0.0
0.0
0.0
0.0
0.0
0.0
0.0
0.0
2.3411913751910288e-5
0.0
0.0
0.0
0.0
0.0
0.0
0.0
0.0
0.0
0.0
0.0
0.0
0.0
0.0
0.0
0.0
0.0
0.0
0.0
0.0
0.0
0.0
0.0
1.040202065078211e-5
0.0
0.0
0.0
0.0
0.0
0.0
0.0
0.0
0.0
0.0
0.0
0.0
0.0
0.0
0.0
0.0
0.0
0.0
0.0
0.0
0.0
0.0
0.0
1.7561631259735765e-5
0.0
0.0
0.0
0.0
0.0
0.0
0.0
0.0
0.0
0.0
0.0
0.0
0.0
0.0
0.0
0.0
0.0
0.0
0.0
0.0
0.0
0.0
0.0
2.1412163614138677e-5
0.0
0.0
0.0
0.0
0.0
0.0
0.0
0.0
0.0
0.0
0.0
0.0
0.0
0.0
0.0
0.0
0.0
0.0
0.0
0.0
0.0
0.0
0.0
9.080845502386108e-6
0.0
0.0
0.0
0.0
0.0
0.0
0.0
0.0
0.0
0.0
0.0
0.0
0.0
0.0
0.0
0.0
0.0
0.0
0.0
0.0
0.0
0.0
0.0
2.2714914770138378e-5
0.0
0.0
0.0
0.0
0.0
0.0
0.0
0.0
0.0
0.0
0.0
0.0
0.0
0.0
0.0
0.0
0.0
0.0
0.0
0.0
0.0
0.0
0.0
1.9913014162436168e-5
0.0
0.0
0.0
0.0
0.0
0.0
0.0
0.0
0.0
0.0
0.0
0.0
0.0
0.0
0.0
0.0
0.0
0.0
0.0
0.0
0.0
0.0
0.0
7.220752065398362e-6
0.0
0.0
0.0
0.0
0.0
0.0
0.0
0.0
0.0
0.0
0.0
0.0
0.0
0.0
0.0
0.0
0.0
0.0
0.0
0.0
0.0
0.0
0.0
9.017312605735355e-6
0.0
0.0
0.0
0.0
0.0
0.0
0.0
0.0
0.0
0.0
0.0
0.0
0.0
0.0
0.0
0.0
0.0
0.0
0.0
0.0
0.0
0.0
0.0
2.9529736068110016e-5
0.0
0.0
0.0
0.0
0.0
0.0
0.0
0.0
0.0
0.0
0.0
0.0
0.0
0.0
0.0
0.0
0.0
0.0
0.0
0.0
0.0
0.0
0.0
2.782283182424759e-5
0.0
0.0
0.0
0.0
0.0
0.0
0.0
0.0
0.0
0.0
0.0
0.0
0.0
0.0
0.0
0.0
0.0
0.0
0.0
0.0
0.0
0.0
0.0
2.3154020632405827e-5
0.0
0.0
0.0
0.0
0.0
0.0
0.0
0.0
0.0
0.0
0.0
0.0
0.0
0.0
0.0
0.0
0.0
0.0
0.0
0.0
0.0
0.0
0.0
9.219285885904001e-6
0.0
0.0
0.0
0.0
0.0
0.0
0.0
0.0
0.0
0.0
0.0
0.0
0.0
0.0
0.0
0.0
0.0
0.0
0.0
0.0
0.0
0.0
0.0
2.4805515784620052e-5
0.0
0.0
0.0
0.0
0.0
0.0
0.0
0.0
0.0
0.0
0.0
0.0
0.0
0.0
0.0
0.0
0.0
0.0
0.0
0.0
0.0
0.0
0.0
1.8277971313482897e-5
0.0
0.0
0.0
0.0
0.0
0.0
0.0
0.0
0.0
0.0
0.0
0.0
2.2303985890416248e-5
0.0
0.0
0.0
0.0
0.0
0.0
0.0
0.0
0.0
6.026634493524795e-6
2.3647712860259983e-5
0.0
0.0
0.0
0.0
0.0
0.0
0.0
0.0
0.0
0.0
0.0
0.0
0.0
0.0
0.0
0.0
0.0
0.0
0.0
0.0
0.0
0.0
5.493139300646742e-6
3.6567296446886655e-5
0.0
0.0
0.0
0.0
0.0
0.0
0.0
0.0
0.0
0.0
0.0
0.0
0.0
0.0
0.0
0.0
0.0
0.0
0.0
0.0
0.0
0.0
0.0
1.062914663998767e-5
0.0
0.0
0.0
0.0
0.0
0.0
0.0
0.0
0.0
0.0
0.0
0.0
0.0
0.0
0.0
0.0
0.0
0.0
0.0
0.0
0.0
0.0
0.0
1.812289062342976e-5
0.0
0.0
0.0
0.0
0.0
0.0
0.0
0.0
0.0
0.0
0.0
0.0
0.0
0.0
0.0
0.0
0.0
0.0
0.0
0.0
0.0
0.0
0.0
2.7924461692608483e-5
0.0
0.0
0.0
0.0
0.0
0.0
0.0
0.0
0.0
0.0
0.0
0.0
0.0
0.0
0.0
0.0
0.0
0.0
0.0
0.0
0.0
0.0
0.0
2.3504226064197842e-5
0.0
0.0
0.0
0.0
0.0
0.0
0.0
0.0
0.0
0.0
0.0
0.0
0.0
0.0
0.0
0.0
0.0
0.0
0.0
0.0
0.0
0.0
0.0
2.3758663513383012e-5
0.0
0.0
0.0
0.0
0.0
0.0
0.0
0.0
0.0
0.0
0.0
0.0
0.0
0.0
0.0
0.0
0.0
0.0
0.0
0.0
0.0
0.0
0.0
2.2220080129237336e-5
0.0
0.0
0.0
0.0
0.0
0.0
0.0
0.0
0.0
0.0
0.0
0.0
0.0
0.0
0.0
0.0
0.0
0.0
0.0
0.0
0.0
0.0
0.0
2.9006259541549663e-5
0.0
0.0
0.0
0.0
0.0
0.0
0.0
0.0
0.0
0.0
0.0
0.0
0.0
0.0
0.0
0.0
0.0
0.0
0.0
0.0
0.0
0.0
0.0
1.3773510049737582e-5
0.0
0.0
0.0
0.0
0.0
0.0
0.0
0.0
0.0
0.0
0.0
0.0
0.0
0.0
0.0
0.0
0.0
0.0
0.0
0.0
0.0
0.0
5.140139112071972e-6
1.8989448381644633e-5
0.0
0.0
0.0
0.0
0.0
0.0
0.0
0.0
0.0
0.0
0.0
0.0
0.0
0.0
0.0
0.0
0.0
0.0
0.0
0.0
0.0
0.0
0.0
1.0234146014576812e-5
0.0
0.0
0.0
0.0
0.0
0.0
0.0
0.0
0.0
0.0
0.0
0.0
0.0
0.0
0.0
0.0
0.0
0.0
0.0
0.0
0.0
0.0
0.0
2.805252369456876e-5
0.0
0.0
0.0
0.0
0.0
0.0
0.0
0.0
0.0
0.0
0.0
0.0
0.0
0.0
0.0
0.0
0.0
0.0
0.0
0.0
0.0
0.0
0.0
2.9028025620864412e-5
0.0
0.0
0.0
0.0
0.0
0.0
0.0
0.0
0.0
0.0
0.0
0.0
0.0
0.0
0.0
0.0
0.0
0.0
0.0
0.0
0.0
0.0
0.0
9.015885077005546e-6
0.0
0.0
0.0
0.0
0.0
0.0
0.0
0.0
0.0
0.0
0.0
0.0
0.0
0.0
0.0
0.0
0.0
0.0
0.0
0.0
0.0
0.0
0.0
9.375633793268336e-6
0.0
0.0
0.0
0.0
0.0
0.0
0.0
0.0
0.0
0.0
0.0
0.0
0.0
0.0
0.0
0.0
0.0
0.0
0.0
0.0
0.0
0.0
0.0
1.7844940767338025e-5
0.0
0.0
0.0
0.0
0.0
0.0
0.0
0.0
0.0
0.0
0.0
0.0
0.0
0.0
0.0
0.0
0.0
0.0
0.0
0.0
0.0
0.0
0.0
8.01905924547573e-6
0.0
0.0
0.0
0.0
0.0
0.0
0.0
0.0
0.0
0.0
0.0
0.0
0.0
0.0
0.0
0.0
0.0
0.0
0.0
0.0
0.0
0.0
0.0
2.3503464262090538e-5
0.0
0.0
0.0
0.0
0.0
0.0
0.0
0.0
0.0
0.0
0.0
0.0
0.0
0.0
0.0
0.0
0.0
0.0
0.0
0.0
0.0
0.0
0.0
2.897027891172065e-5
0.0
0.0
0.0
0.0
0.0
0.0
0.0
0.0
0.0
0.0
0.0
0.0
0.0
0.0
0.0
0.0
0.0
0.0
0.0
0.0
0.0
0.0
0.0
2.6760600194515088e-5
0.0
0.0
0.0
0.0
0.0
0.0
0.0
0.0
0.0
0.0
0.0
0.0
0.0
0.0
0.0
0.0
0.0
0.0
0.0
0.0
0.0
0.0
0.0
2.299524695872614e-5
0.0
0.0
0.0
0.0
0.0
0.0
0.0
0.0
0.0
0.0
0.0
0.0
0.0
0.0
0.0
0.0
0.0
0.0
0.0
0.0
0.0
0.0
0.0
2.1453675203155844e-5
0.0
0.0
0.0
0.0
0.0
0.0
0.0
0.0
0.0
0.0
0.0
0.0
0.0
0.0
0.0
0.0
0.0
0.0
0.0
0.0
0.0
0.0
0.0
2.1003244822488365e-5
0.0
0.0
0.0
0.0
0.0
0.0
0.0
0.0
0.0
0.0
5.262870799604916e-6
0.0
0.0
0.0
0.0
0.0
0.0
0.0
0.0
0.0
0.0
0.0
0.0
2.94369447587799e-5
0.0
0.0
0.0
0.0
0.0
0.0
0.0
0.0
0.0
0.0
0.0
0.0
0.0
0.0
0.0
0.0
0.0
0.0
0.0
0.0
0.0
0.0
0.0
2.8848789865093977e-5
0.0
0.0
0.0
0.0
0.0
0.0
0.0
0.0
0.0
0.0
0.0
0.0
0.0
0.0
0.0
0.0
0.0
0.0
0.0
0.0
0.0
0.0
0.0
2.8821623593167403e-5
0.0
0.0
0.0
0.0
0.0
0.0
0.0
0.0
0.0
0.0
0.0
0.0
0.0
0.0
0.0
0.0
0.0
0.0
0.0
0.0
0.0
0.0
0.0
1.8773609916616227e-5
0.0
0.0
0.0
0.0
0.0
0.0
0.0
0.0
0.0
0.0
0.0
0.0
0.0
0.0
0.0
0.0
0.0
0.0
0.0
0.0
0.0
0.0
0.0
1.870650335089639e-5
0.0
0.0
0.0
0.0
0.0
0.0
0.0
0.0
0.0
0.0
0.0
0.0
0.0
0.0
0.0
0.0
0.0
0.0
0.0
0.0
0.0
0.0
0.0
1.4150721432679043e-5
0.0
0.0
0.0
0.0
0.0
0.0
0.0
0.0
0.0
0.0
0.0
0.0
0.0
0.0
0.0
0.0
0.0
0.0
0.0
0.0
0.0
0.0
0.0
1.6150372884875093e-5
0.0
0.0
0.0
0.0
0.0
0.0
0.0
0.0
0.0
0.0
0.0
0.0
0.0
0.0
0.0
0.0
0.0
0.0
0.0
0.0
0.0
0.0
0.0
2.8246069298645388e-5
0.0
0.0
0.0
0.0
0.0
0.0
0.0
0.0
0.0
0.0
0.0
0.0
0.0
0.0
0.0
0.0
0.0
0.0
0.0
0.0
0.0
0.0
0.0
1.410002595530554e-5
0.0
0.0
0.0
0.0
0.0
0.0
0.0
0.0
0.0
0.0
0.0
0.0
0.0
0.0
0.0
0.0
0.0
0.0
0.0
0.0
0.0
0.0
0.0003137469457238346
0.001477358160539452
0.0005545954345782631
0.0
0.0
0.0
0.0
0.0
0.0
0.0
0.0
0.0
0.0
0.0
0.0
0.0
0.0
0.0
0.0
0.0
0.0
0.0
0.0
0.0
0.00032506331781443335
0.0014566910005577652
0.00039969033587733453
0.0
0.0
0.0
0.0
0.0
0.0
0.0
0.0
0.0
0.0
0.0
0.0
0.0
0.0
0.0
0.0
0.0
0.0
0.0
0.0
0.0
0.0
0.0002535106826975335
0.0
0.0
0.0
0.0
0.0
0.0
0.0
0.0
0.0
0.0
0.0
0.0
0.0
0.0
0.0
0.0
0.0
0.0
0.0
0.0
0.0
0.0
0.0
0.00041439468016956087
0.0
0.0
0.0
0.0
0.0
0.0
0.0
0.0
0.0
0.0
0.0
0.0
0.0
0.0
0.0
0.0
0.0
0.0
0.0
0.0
0.0
0.0
0.0
0.0007153432825478276
0.0001355329244387881
0.0
0.0
0.0
0.0
0.0
0.0
0.0
0.0
0.0
0.0
0.0
0.0
0.0
0.0
0.0
0.0
0.0
0.0
0.0
0.0
0.0
0.0
3.686447790836496e-5
0.0
0.0
0.0
0.0
0.0
0.0
0.0
0.0
0.0
0.0
0.0
0.0
0.0
0.0
0.0
0.0
0.0
0.0
0.0
0.0
0.0
0.0
0.0
2.7416342672403355e-5
0.0
0.0
0.0
0.0
0.0
0.0
0.0
0.0
0.0
0.0
0.0
0.0
0.0
0.0
0.0
0.0
0.0
0.0
0.0
0.0
0.0
0.0
0.0
2.009886438792741e-5
0.0
0.0
0.0
0.0
0.0
0.0
0.0
0.0
0.0
0.0
0.0
0.0
0.0
0.0
0.0
0.0
0.0
0.0
0.0
0.0
0.0
0.0
0.0
1.699730274188712e-5
0.0
0.0
0.0
0.0
0.0
0.0
0.0
0.0
0.0
0.0
0.0
0.0
0.0
0.0
0.0
0.0
0.0
0.0
0.0
0.0
0.0
0.0
0.0
2.315109077979619e-5
0.0
0.0
0.0
0.0
0.0
0.0
0.0
0.0
0.0
0.0
0.0
0.0
0.0
0.0
0.0
0.0
0.0
0.0
0.0
0.0
0.0
0.0
0.0
1.618625964876547e-5
0.0
0.0
0.0
0.0
0.0
0.0
0.0
0.0
0.0
0.0
0.0
0.0
0.0
0.0
0.0
0.0
0.0
0.0
0.0
0.0
0.0
0.0
0.0
1.7704005496424413e-5
0.0
0.0
0.0
0.0
0.0
0.0
0.0
0.0
0.0
0.0
0.0
0.0
0.0
0.0
0.0
0.0
0.0
0.0
0.0
0.0
0.0
0.0
0.0
1.3195353319727455e-5
0.0
0.0
0.0
0.0
0.0
0.0
0.0
0.0
0.0
0.0
9.58986447420995e-6
0.0
0.0
0.0
0.0
0.0
0.0
0.0
0.0
0.0
0.0
0.0
0.0
0.0
2.8699943071256135e-5
0.0
0.0
0.0
0.0
0.0
0.0
0.0
0.0
0.0
0.0
0.0
0.0
0.0
0.0
0.0
0.0
0.0
0.0
0.0
0.0
0.0
0.0
0.0
1.6696171227642864e-5
0.0
0.0
0.0
0.0
0.0
0.0
0.0
0.0
0.0
0.0
0.0
0.0
0.0
0.0
0.0
0.0
0.0
0.0
0.0
0.0
0.0
0.0
0.0
1.6794098136196694e-5
0.0
0.0
0.0
0.0
0.0
0.0
0.0
0.0
0.0
0.0
0.0
0.0
0.0
0.0
0.0
0.0
0.0
0.0
0.0
0.0
0.0
0.0
0.0
2.8101674389400722e-5
0.0
0.0
0.0
0.0
0.0
0.0
0.0
0.0
0.0
0.0
0.0
0.0
0.0
0.0
0.0
0.0
0.0
0.0
0.0
0.0
0.0
0.0
0.0
1.7502213250241467e-5
0.0
0.0
0.0
0.0
0.0
0.0
0.0
0.0
0.0
0.0
1.1256564981988746e-5
0.0
0.0
0.0
0.0
0.0
0.0
0.0
0.0
0.0
0.0
0.0
0.002765863326082626
0.003592958329489646
0.002054837745598886
0.0008840499739471746
0.0
0.0
0.0
0.0
0.0
0.0
0.0
1.552445911186239e-5
2.695619593176337e-5
2.3110073067865693e-5
0.0
0.0
0.0
0.0
0.0
0.0
0.0
0.0
0.0
0.0
0.0023558527041768747
0.003106302066854824
0.0016906440335482495
0.0005514096905051673
0.0
0.0
0.0
0.0
0.0
0.0
0.0
1.2187469272987026e-5
2.59295217958131e-5
2.253010537097779e-5
0.00013867874975204142
0.0
0.0
0.0
0.0
0.0
0.0
0.0
0.0
0.0
0.0011589918941638416
0.002018835696929026
0.0007501935295180608
0.0
0.0
0.0
0.0
0.0
0.0
0.0
0.0
0.0
1.1732415222764318e-5
0.0
0.0
0.0
0.0
0.0
0.0
0.0
0.0
0.0
0.0
0.0
1.3817540296786969e-5
0.00039678812599114836
0.0
0.0
0.0
0.0
0.0
0.0
0.0
0.0
0.0
0.0
0.0
0.0
0.0
0.0
0.0
0.0
0.0
0.0
0.0
0.0
0.0
0.0
0.0
2.911491030136444e-5
0.0
0.0
0.0
0.0
0.0
0.0
0.0
0.0
0.0
0.0
0.0
0.0
0.0
0.0
0.0
0.0
0.0
0.0
0.0
0.0
0.0
0.0
0.0
9.764501107818669e-6
0.0
0.0
0.0
0.0
0.0
0.0
0.0
0.0
0.0
0.0
0.0
0.0
0.0
0.0
0.0
0.0
0.0
0.0
0.0
0.0
0.0
0.0
0.0
2.8606032267890468e-5
0.0
0.0
0.0
0.0
0.0
0.0
0.0
0.0
0.0
0.0
0.0
0.0
0.0
0.0
0.0
0.0
0.0
0.0
0.0
0.0
0.0
0.0
0.0
2.876525419588007e-5
0.0
0.0
0.0
0.0
0.0
0.0
0.0
0.0
0.0
0.0
0.0
9.325753947263594e-6
0.0
0.0
0.0
0.0
0.0
0.0
0.0
0.0
0.0
0.0
0.0
8.40540212123708e-6
0.0
0.0
0.0
0.0
0.0
0.0
0.0
0.0
0.0
0.0
1.0596182663025608e-5
0.0
0.0
0.0
0.0
0.0
0.0
0.0
0.0
0.0
0.0
0.0
1.4663489661835867e-5
0.0006586189258324252
2.8191239087505658e-5
0.0
0.0
0.0
0.0
0.0
0.0
0.0
0.0
0.0
0.0
0.0
1.959906368672032e-5
0.0
0.0
0.0
0.0
0.0
0.0
0.0
0.0
0.0
4.2446992088289795e-5
0.0005297741833903187
1.2328522807496498e-5
0.0
0.0
0.0
0.0
0.0
0.0
0.0
0.0
0.0
9.825600487429209e-6
1.0864416720655932e-5
0.0
3.1866793035211246e-6
0.0
0.0
0.0
0.0
0.0
0.0
0.0
0.0
0.0023459598696887823
0.0031267864278342536
0.0014829316925632412
2.3203523319828384e-5
0.0
0.0
0.0
0.0
0.0
0.0
0.0
0.0
9.9061958880026e-6
0.0
0.0
0.0
0.0
0.0
0.0
0.0
0.0
0.0
0.0
0.0
0.0
1.3121279168674013e-5
0.0
0.0
0.0
0.0
0.0
0.0
0.0
0.0
0.0
0.0
1.3982468852711877e-5
0.0
0.0
0.0
0.0
0.0
0.0
0.0
0.0
0.0
0.0
0.0
0.0
1.6606584349849545e-5
0.0
0.0
0.0
0.0
0.0
0.0
0.0
0.0
0.0
0.0
0.0
0.0
0.0
0.0
0.0
0.0
0.0
0.0
0.0
0.0
0.0
0.0
0.0
0.00019080383101320218
0.0
0.0
0.0
0.0
0.0
0.0
0.0
0.0
0.0
0.0
1.8710239318197524e-5
3.556067567845706e-5
0.0
0.0
0.0
0.0
0.0
0.0
0.0
0.0
0.0
0.0
0.003428580546699305
0.0037766783699794814
0.001485565416385616
0.00011905250322881712
0.0
0.0
0.0
0.0
0.0
0.0
0.0
1.5381225267191606e-5
1.47322885658554e-5
0.0
0.0
0.0
0.0
0.0
0.0
0.0
0.0
0.0
0.0
0.0
0.0005582936619697845
0.001541304682174826
0.00025537983270023604
0.0
0.0
0.0
0.0
0.0
0.0
0.0
0.0
0.0
0.0
0.0
0.0
0.0
0.0
0.0
0.0
0.0
0.0
0.0
0.0
0.0
0.0004917065241504722
0.0012644425367187688
6.669181449368608e-5
0.0
0.0
0.0
0.0
0.0
0.0
0.0
0.0
0.0
0.0
0.0
0.0
0.0
0.0
0.0
0.0
0.0
0.0
0.0
0.0
0.0
0.0
1.8640261746231173e-5
0.0
0.0
0.0
0.0
0.0
0.0
0.0
0.0
0.0
0.0
0.0
0.0
0.0
0.0
0.0
0.0
0.0
0.0
0.0
0.0
0.0
0.0
0.0
1.8136457162060826e-5
0.0
0.0
0.0
0.0
0.0
0.0
0.0
0.0
0.0
0.0
0.0
0.0
0.0
0.0
0.0
0.0
0.0
0.0
0.0
0.0
0.0
0.0
0.004163870824198903
0.004836944560195169
0.0035384454694491396
0.001888743594641383
0.0007271494426141032
0.0
0.0
0.0
0.0
0.0
0.0
0.0
5.3182472515488075e-5
0.0005382979279482509
0.0010969544101271465
0.0007546238071641642
0.0
0.0
0.0
0.0
0.0
0.0
0.0
0.0
0.0010303810544105762
0.0015760891267824508
0.0009015612199457018
3.119421591179654e-5
0.0
0.0
0.0
0.0
0.0
0.0
0.0
0.0
7.885437706219939e-6
0.0
0.0
0.0
0.0
0.0
0.0
0.0
0.0
0.0
0.0
0.0
0.0
0.00010769120295069588
0.0
0.0
0.0
0.0
0.0
0.0
0.0
0.0
0.0
1.417310517420211e-5
1.452979222218904e-5
0.0
0.0
0.0
0.0
0.0
0.0
0.0
0.0
0.0
0.0
0.0
0.0
3.709889144128657e-5
0.0
0.0
0.0
0.0
0.0
0.0
0.0
0.0
0.0
0.0
0.0
0.0
0.0
0.0
0.0
0.0
0.0
0.0
0.0
0.0
0.0
0.0
0.0
0.0005167022434812619
0.0
0.0
0.0
0.0
0.0
0.0
0.0
0.0
0.0
0.0
9.918795766560604e-6
0.0
0.0
0.0
0.0
0.0
0.0
0.0
0.0
0.0
0.0
0.0
0.0013260471612081652
0.0021051020301772008
0.0006085342056716853
0.0
0.0
0.0
0.0
0.0
0.0
0.0
0.0
0.0
1.2658018455935197e-5
0.0
0.0
0.0
0.0
0.0
0.0
0.0
0.0
0.0
0.0
0.0
0.0016567192530738764
0.002552060306967241
0.0015691220168615706
0.00026862753802994564
0.0
0.0
0.0
0.0
0.0
0.0
0.0
0.0
1.5583668108208798e-5
0.0
0.00011115206004158738
2.0681739168149903e-5
0.0
0.0
0.0
0.0
0.0
0.0
0.0
0.0
0.0034900442777597226
0.0037296704192804966
0.002209990570175293
0.00027224133024890743
0.0
0.0
0.0
0.0
0.0
0.0
0.0
0.0
0.0
0.0
0.0
0.0
0.0
0.0
0.0
0.0
0.0
0.0
0.0
0.0
0.002960890557675845
0.003204775780531463
0.0017500621310126173
0.00011614166329138811
0.0
0.0
0.0
0.0
0.0
0.0
0.0
0.0
8.117584181130624e-6
9.400074490322901e-6
0.0
0.0
0.0
0.0
0.0
0.0
0.0
0.0
0.0
0.0
0.0016807590976496087
0.0024271188140308282
0.0014838033093960757
0.0009327752986668692
0.00022894469726251256
0.0
0.0
0.0
0.0
0.0
0.0
1.5179556356921443e-5
2.1312321980814595e-5
0.0
0.00018233969198139547
0.0
0.0
0.0
0.0
0.0
0.0
0.0
0.0
0.0
0.00027849821865915915
0.0009544670972693403
0.0
0.0
0.0
0.0
0.0
0.0
0.0
0.0
0.0
0.0
1.0186284708321765e-5
0.0
0.0
0.0
0.0
0.0
0.0
0.0
0.0
0.0
0.0
0.0
0.0009647776782335159
0.0015562555581020091
0.00011427223318823263
0.0
0.0
0.0
0.0
0.0
0.0
0.0
0.0
0.0
0.0
0.0
0.0
0.0
0.0
0.0
0.0
0.0
0.0
0.0
0.0
0.0
0.0
1.8600909569803947e-5
0.0
0.0
0.0
0.0
0.0
0.0
0.0
0.0
0.0
0.0
0.0
0.0
0.0
0.0
0.0
0.0
0.0
0.0
0.0
0.0
0.0
0.0
8.168044920661112e-5
0.0007616005773219824
2.6642014272569756e-5
0.0
0.0
0.0
0.0
0.0
0.0
0.0
0.0
0.0
0.0
0.0
0.0
0.0
0.0
0.0
0.0
0.0
0.0
0.0
0.0
0.0
0.0
1.2046307656949617e-5
0.0
0.0
0.0
0.0
0.0
0.0
0.0
0.0
0.0
0.0
0.0
0.0
0.0
0.0
0.0
0.0
0.0
0.0
0.0
0.0
0.0
0.0
0.0
1.6094933733666096e-5
0.0
0.0
0.0
0.0
0.0
0.0
0.0
0.0
0.0
0.0
1.3755055201370567e-5
1.0337581711988923e-5
0.0
0.0
0.0
0.0
0.0
0.0
0.0
0.0
0.0
0.0
0.00015962398406747197
0.0007340918306986804
4.944865364004596e-5
0.0
0.0
0.0
0.0
0.0
0.0
0.0
0.0
0.0
1.2468622409517802e-5
0.0
0.0
0.0
0.0
0.0
0.0
0.0
0.0
0.0
0.0
0.0
2.0885601219109983e-5
0.0002880476254726082
0.0
0.0
0.0
0.0
0.0
0.0
0.0
0.0
0.0
0.0
0.0
0.0
0.0
0.0
0.0
0.0
0.0
0.0
0.0
0.0
0.0
0.0
0.0
1.6280980600344025e-5
0.0
0.0
0.0
0.0
0.0
0.0
0.0
0.0
0.0
0.0
0.0
0.0
0.0
0.0
0.0
0.0
0.0
0.0
0.0
0.0
0.0
0.0
0.0
0.0006015813104042631
3.800119817792677e-5
0.0
0.0
0.0
0.0
0.0
0.0
0.0
0.0
0.0
2.224121943114692e-5
8.144709569434121e-5
0.000603657005245652
0.0002561388934167731
0.0
0.0
0.0
0.0
0.0
0.0
0.0
0.0
0.005670834894176119
0.005387559286870577
0.003425610434679757
0.0012169412058704399
0.0001156762478921111
0.0
0.0
0.0
0.0
0.0
0.0
0.0
2.1459098473873833e-5
3.4219983619949494e-6
0.00022683971325354558
6.796875839371233e-6
0.0
0.0
0.0
0.0
0.0
0.0
0.0
0.0
0.004592732644567345
0.0046521811824842135
0.0030653726347633784
0.0012123201464059625
0.00021461478775571387
0.0
0.0
0.0
0.0
0.0
0.0
0.0
2.596939278041977e-5
0.0002874426315161752
0.0008816047207634928
0.000550159882190486
0.0
0.0
0.0
0.0
0.0
0.0
0.0
0.0
0.0039579672199567565
0.0036521649805913636
0.0017576128746334037
3.984735110989186e-5
0.0
0.0
0.0
0.0
0.0
0.0
0.0
0.0
7.91802975226815e-6
0.0
0.0
0.0
0.0
0.0
0.0
0.0
0.0
0.0
0.0
0.0
2.6328311750796482e-5
0.0005832425847784567
0.00018974216803511763
0.0
0.0
0.0
0.0
0.0
0.0
0.0
0.0
1.7557432962913183e-5
1.6131668931467755e-5
0.0
0.0
0.0
0.0
0.0
0.0
0.0
0.0
0.0
0.0
0.0
0.002256249274155135
0.0028611295423718727
0.0015384514103205017
0.0006569375387772611
0.0
0.0
0.0
0.0
0.0
0.0
0.0
1.7474326391122214e-5
1.6715098475297027e-5
0.0
0.0
0.0
0.0
0.0
0.0
0.0
0.0
0.0
0.0
0.0
0.00046947236590855906
0.0016856104038041654
0.0010716066499158032
0.00016651881225559318
0.0
0.0
0.0
0.0
0.0
0.0
0.0
0.0
1.596663624330963e-5
1.6555550796002168e-5
0.0004714960773626435
0.0003747762909562036
0.0
0.0
0.0
0.0
0.0
0.0
0.0
0.0
0.005043069089107308
0.004692767198131238
0.0026397277938330775
0.0003809320924886851
0.0
0.0
0.0
0.0
0.0
0.0
0.0
0.0
1.380233631692459e-5
0.0
0.0
0.0
0.0
0.0
0.0
0.0
0.0
0.0
0.0
0.0
0.0009349568056890922
0.001728097069009909
0.0001993252773062084
0.0
0.0
0.0
0.0
0.0
0.0
0.0
0.0
0.0
0.0
0.0
0.0
0.0
0.0
0.0
0.0
0.0
0.0
0.0
0.0
0.0
0.0
1.7252690052604992e-5
0.0
0.0
0.0
0.0
0.0
0.0
0.0
0.0
0.0
0.0
9.620294295433473e-6
0.0
0.0
0.0
0.0
0.0
0.0
0.0
0.0
0.0
0.0
0.0
0.0
0.00015185856455295256
0.0
0.0
0.0
0.0
0.0
0.0
0.0
0.0
0.0
0.0
6.017299794517627e-6
9.76299497595774e-6
0.0
0.0
0.0
0.0
0.0
0.0
0.0
0.0
0.0
0.0
0.0
9.27787393800971e-5
0.0
0.0
0.0
0.0
0.0
0.0
0.0
0.0
0.0
1.65083212365255e-5
1.5068978753055198e-5
0.0
0.0
0.0
0.0
0.0
