0.00033444935613903846
0.00045911141704307765
0.0005269707299745949
0.0005662586735249676
0.0006061721309111621
0.0006026155133091457
0.0005955735264554402
0.0005581978740413164
0.0003520617430395763
0.00028494016548993476
0.0002716925876307382
0.00021703885216497595
0.00018380947980549777
9.107462364960834e-5
6.156371326312946e-5
7.671170868441789e-5
7.356780071285969e-5
9.319459083860465e-5
0.0001715271237468144
0.00018029543885736312
0.00020886914667658763
0.00021484704392796128
0.00022184957737935923
0.0002394424026470071
0.00024701731360782204
0.00021633844517067832
0.00019830523160349354
0.0002174215382351327
0.00023033624324290714
0.00017441207171301206
8.172121451152367e-5
1.8532782213697834e-5
4.487418859399282e-7
0.0
0.0
0.0
0.0
0.0
0.0
0.0
0.0
0.0
0.0
0.0
0.0
0.0
0.0
0.0
0.0
0.0
0.0
0.0
0.0
0.0
0.0
0.0
0.0
0.0
0.0
0.0
0.0
0.0
0.0
0.0
0.0
0.0
0.0
0.0
6.52418100186486e-7
0.0
1.2652908393879908e-5
4.7047190354984825e-5
0.00010228506040856811
0.00014212899779090818
0.00019212933096914427
0.00028030953531736207
0.00036367569082170896
0.00039006003772791353
0.00045598854709131073
0.0004771556267831098
0.00021494396648117327
4.931779010973872e-5
3.080358234591981e-5
9.326263853443112e-7
7.624248425504959e-8
0.0
0.0
0.0
0.0
1.0896943043459968e-5
0.0001138320100437715
0.000294961876366834
0.00043846148639406247
0.0003889211248036789
0.00046524472893477335
0.0005599477632272081
0.0006786370176442671
0.0007533110403466325
0.0007749195387535581
0.0008418050605108884
0.0008485659266317338
0.0007737520679760589
0.0007081751048766483
0.0005732667568531744
0.0002033563671770828
1.1106517694330997e-5
0.0
0.0
7.772862108121173e-8
0.0
0.0
0.0
0.0
0.0
6.800469031688938e-7
0.0
4.073087660240213e-6
1.6049691317979264e-5
2.252013370039447e-5
1.1589610988759666e-5
3.3127992684842116e-7
4.736579853408884e-6
1.950775068639876e-5
3.3856489609970584e-5
8.564175226158956e-5
0.00012395824809400023
0.00012000408192930963
4.446011009712559e-5
3.8997107358707225e-7
0.0
0.0
0.0
0.0
0.0
0.0
0.0
0.0
0.0
0.0
0.0
0.0
0.0
0.0
0.0
0.0
0.0
0.0
0.0
0.0
0.0
0.00011683871176992218
0.00032809654389740254
0.0003013820534191505
0.0003478302644529852
0.0004210126811862412
0.00042673075638107556
0.000453457600714296
0.0003788643522273777
0.00035133153696216134
0.000386877946710013
0.00039487852245523704
0.0004112248696039355
0.0005183618105369149
0.0005514539328965895
0.0005953023634786364
0.0005959321939626158
0.0006145690890439557
0.0006459545885403937
0.000657522529849299
0.0006868855994979174
0.0007583939143380144
0.0008000706858824222
0.000812899635144149
0.0008480257776136954
0.0008666915074594441
0.0008261054944783144
0.0005886336451070955
0.0005240738042098949
0.0004376809866779504
0.0003068444782273127
0.00023528894968924166
8.273848492729257e-5
3.590267910363339e-5
7.24693666927409e-5
0.00010961689939313596
0.00022365343092903156
0.00046793750291503587
0.0005559159360971429
0.0006924616931998917
0.0008147707202671045
0.0008835898119209709
0.000940998245012843
0.000997384678561462
0.0010435704500152939
0.0010895546703360531
0.0011500580124856278
0.0011829131318672904
0.0011842415113274502
0.0011630883298964297
0.0010368884440833685
0.0006017182491039736
0.0002835871178040279
0.00011285529225623179
3.43154254770891e-5
1.696650021436713e-5
0.0
0.0
0.0
0.0
2.9789103723260072e-5
0.00022951488008667904
0.000377020284639447
0.0005010618611585036
0.0005694779089897835
0.0005390445756813453
0.0006048964443195164
0.0006908091914196198
0.0007674281999065641
0.0008570874677319031
0.0009416643398115831
0.001002170332793971
0.0010212085714425988
0.0009025531341032754
0.0007220422191524001
0.0004792483873652134
0.00039894847470120715
0.00031840184533977496
0.00023370301233860102
0.0001996361088300047
8.934106500275257e-5
7.814434979977776e-5
0.00013564892765850962
0.0002032598767757162
0.00034651637090705946
0.0006038862996867487
0.0008207612782890961
0.0010349084606959683
0.0011465869878226043
0.0013050782074936756
0.0014458862606799203
0.0015589256921504247
0.0016666994955797832
0.0017445096477031253
0.0018181667562345175
0.0019113511846776427
0.0019259641553807565
0.0019161720502842016
0.0018615730712141893
0.0014447427341933803
0.0012610494094810922
0.0011550909525444972
0.0010045904422676226
0.0008443027627657639
0.0007366462424250738
0.0006749244300141875
0.000638953056543715
0.0006591087961188931
0.0007757178743651748
0.0009568352847309815
0.0009955605011774964
0.0010546574486744351
0.0010723444913934637
0.00116331002144495
0.0012211585893200318
0.0012429731213591773
0.001267978916054242
0.0013142196905495539
0.0013478709503436522
0.0013619800653913283
0.0013063864334929502
0.0012447373132143968
0.0011548127959958485
0.0008917485822021875
0.0008358579493604011
0.0008094664173753353
0.0008484129038288141
0.0008449509445269817
0.0007557242410437805
0.0006529827635810839
0.0006094299579967125
0.0005638107960557811
0.0005610022373857522
0.0007316011810678942
0.0007904228422732491
0.0008281206723676657
0.0008414494197190527
0.0009073762409159231
0.0009765391520213983
0.0010407037995791338
0.0010843138251465615
0.0011266973561173644
0.00115911869210428
0.0012263155497400607
0.0013006867263604834
0.0013001084743168134
0.00121722074064894
0.0009751221270769403
0.0009594077814338588
0.001012667790757896
0.000980678190901803
0.0009715521588615936
0.0010291575319593804
0.0010934814216886754
0.0011555649489338679
0.0011263953133734364
0.001164498869519271
0.0013111788278679466
0.0013616116257211808
0.0014314866576667792
0.0014517644163461003
0.0015009201833188835
0.0015842394600451106
0.0016952146076441577
0.0017596723000730245
0.0018246821441047628
0.001874661423426047
0.0019198364161518997
0.0019464567045723868
0.0019137732787971214
0.0017928359866565434
0.0012956862937914065
0.001059459861945103
0.0008998229258934553
0.0007378156088785188
0.0005920512168744412
0.00037837870034877
0.00028755810623376244
0.0002675236153861836
0.0002763924432411962
0.00039182581895221637
0.0006132883580427027
0.0006769216072006794
0.0007636031400840997
0.0008525356823546347
0.0009416241259472641
0.000997839512943165
0.001056216808034311
0.0011286092449323342
0.0012458810371218847
0.0013140583341474932
0.0013565758313206799
0.001386017255517077
0.0012904680067717003
0.0011338928313221542
0.0006685533291134112
0.0003820346959161642
0.00014680208312085874
9.093667571892154e-6
4.753970712524621e-8
0.0
0.0
0.0
0.0
0.0
3.5003662983232024e-5
0.00012638950611120446
0.00020459099229887785
0.00024799457939068834
0.00035772802619681135
0.0005206971585877326
0.0006222291755767469
0.0006841209698587469
0.0007353452157676717
0.0007871764640372126
0.0008712457453788822
0.0009103695921157132
0.0009205098938428624
0.0008411710055665066
0.00044275986276468693
0.00015183896742414224
2.6156554719915993e-5
0.0
5.81756305410437e-8
0.0
0.0
0.0
8.584994381782826e-5
0.0002783856708781296
0.0005555080952934057
0.0006900530215306172
0.0007850756257204739
0.0008473388158556315
0.0009464061544179624
0.001063071020693158
0.0011579118134965333
0.0012342149889080203
0.0013005969781019044
0.0013371864112454556
0.0013868949507839146
0.0014405837679729995
0.0014631679773206314
0.0013564956966795273
0.0009572789400428093
0.0007776125912104173
0.0007193608369696066
0.0006695485251537768
0.0005487642510327916
0.00047886539655364667
0.00044229375460323565
0.0004887011929931965
0.0005051027483446156
0.0005208948287032759
0.0006624061023497469
0.0007342347270244566
0.0007663718765138301
0.0007504221639644846
0.0007815238688483105
0.000812823651387134
0.0007999160373571345
0.0007646753171616599
0.0007187167051208431
0.0007084560560188266
0.0006926604483479211
0.0006253328671705649
0.0005526470492639816
0.00044114923822893056
0.00027894518202084036
0.0001653145087301253
3.6212689809192275e-5
0.0
6.545225925301487e-8
0.0
0.0
0.0
0.0
0.0
3.7267873996088477e-7
0.0
1.6076886827553542e-6
0.0
0.0
0.0
0.0
0.0
0.0
0.0
0.0
0.0
0.0
0.0
4.5996406767982344e-7
0.0
0.0
0.0
0.0
0.0
0.0
0.0
0.0
0.0
0.0
0.0
1.2766468801837462e-6
0.0
0.0
0.0
0.0
0.0
0.0
0.0
0.0
0.0
0.0
0.0
0.0
0.0
0.0
0.0
0.0
0.0
0.0
0.0
0.0
0.0
0.0
0.0
0.0
0.0
0.0
0.0
0.0
0.0
0.0
0.0
0.0
0.0
0.0
0.0
0.0
0.0
0.0
0.0
0.0
0.0
0.0
0.0
0.0
0.0
0.0
0.0
1.0520130220406284e-6
0.0
0.0
0.0
0.0
0.0
0.0
0.0
0.0
0.0
0.0
0.0
0.0
0.0
0.0
0.0
0.0
0.0
0.0
0.0
0.0
0.0
0.0
0.0
0.0
0.0
0.0
7.359119439940492e-7
0.0
8.102709901843556e-6
3.0225896743824633e-5
4.767122021146096e-5
4.8040998378239904e-5
4.180119376590797e-5
5.665528278670372e-5
6.192081007359081e-5
1.5522531145907196e-7
1.0387281794555867e-5
5.447987537753991e-5
6.668223371128144e-5
6.746653810302493e-5
2.5325886844817334e-7
0.0
0.0
0.0
3.5964386464830905e-5
0.00019179565443182888
0.0003624299868189954
0.0004886493389462863
0.0005504528499722907
0.000621042630456917
0.0006737213826773699
0.0006895951176445406
0.0007852613618701833
0.0008547794455232729
0.0009317495536854081
0.000986590644761438
0.0009670059118811492
0.0009087261488260354
0.000761868559196795
0.0003711455824483385
0.00012189943095643271
4.831032658389506e-5
1.7372538869245372e-6
7.678136232572968e-8
0.0
0.0
0.0
0.0
0.0
6.337149766390043e-5
0.00013353668832552623
0.00021234032162304614
0.0002801566501872883
0.00037341293307174736
0.00043805622936959193
0.0004552153589078297
0.0004900412030692933
0.000493812345404581
0.0004909143324331553
0.000498213667319744
0.0004343481438068156
0.0003597737303219425
0.0002586311229343825
5.8414957815882184e-5
1.7972105043730627e-6
0.0
0.0
0.0
0.0
0.0
0.0
0.0
0.0
0.0
5.672624151963114e-7
3.954036023410349e-6
3.882073872860241e-5
9.690997497554464e-5
0.0001705729521272581
0.0002464041192739843
0.00030145374896706076
0.00038641436249275686
0.00047777720976783296
0.0005677749173674406
0.0006022201827316826
0.0007324880850217914
0.0007068644445988162
0.00035984579331633024
0.00013741682502664475
5.825276869748226e-5
1.0122855516244133e-5
2.6351717311120873e-6
0.0
0.0
0.0
0.0
4.546966999861589e-6
6.880420469680601e-5
0.00014158141156919482
0.0002829297782329547
0.0003663565585794339
0.0004302936845828214
0.0005665195673946167
0.000703984799689758
0.0007401537177786692
0.0008121737060567629
0.0009044554249553429
0.0009709696079115603
0.0009173833826487001
0.0008028814085295526
0.0006093363247200039
0.00028256300994420496
6.890112012720939e-5
1.4611015800883682e-5
0.0
7.612987830344998e-8
0.0
0.0
0.0
0.0
0.0
9.242688947898669e-7
0.0
9.626362009733434e-6
2.484795189884319e-5
4.585254597554858e-5
0.00010346978534204806
0.0001394321509382221
0.0001865777511219117
0.00019822487971232918
0.00019400147694704253
0.00018400257758231672
0.00019836497579165386
0.00016489624340459315
0.00012562196790651947
2.0410640110127365e-7
0.0
0.0
0.0
0.0
0.0
0.0
0.0
0.0
0.0
0.0
0.0
2.4816773304240234e-6
0.0
0.0
7.618550756939457e-7
5.229313041383437e-6
1.8555951666573712e-6
0.0
0.0
3.0414343970175602e-6
0.0
0.0
2.4189434420468956e-6
3.942409485476897e-7
0.0
0.0
0.0
0.0
0.0
0.0
0.0
0.0
0.0
0.0
0.0
0.0
0.0
0.0
0.0
0.0
0.0
0.0
0.0
0.0
0.0
0.0
0.0
0.0
0.0
0.0
0.0
0.0
0.0
0.0
1.063107723595513e-6
0.0
1.1794077933562873e-5
7.759481044131677e-5
0.00012050922264726854
0.00018558459451820838
0.00021127085999669745
0.0002720064327555249
0.0003549003156075863
0.00040350350839230665
0.0004099230119521918
0.0004477589484358708
0.0005022188747136456
0.0005249954785150993
0.0005014598502221029
0.0005124539810238136
0.0005124871949675086
0.00038205136963716474
0.0003090883111455545
0.0002442356161884819
0.00013988396556215152
0.00010290260487385197
5.024671185969048e-7
0.0
0.0
1.172777423003686e-5
4.991177861193714e-5
0.000260904326349649
0.00046447278624265443
0.0005788566697605788
0.0006350191695109534
0.0007084428399474373
0.0007844727480661512
0.0008365327918204551
0.0008784315260845352
0.0009363530797012537
0.001007631621518503
0.001089818678673349
0.001133842702055964
0.0011495639809140014
0.001108476113186572
0.0008390900264925624
0.00070184442952415
0.0005933500516375063
0.0004987013367186798
0.0003573206430270067
0.00025747405484931345
0.0001940065096157563
0.00020515840471494506
0.00023386212936093388
0.00032133279160405934
0.0004889370086624959
0.0005376207903304876
0.0006185045360500824
0.0006577608873785273
0.0006979106668578885
0.0007565348222332377
0.0007863441386262735
0.0008343989629848736
0.0008689176171947576
0.0009925095769851226
0.0010915761347345602
0.0010896737864825694
0.0010659976940549836
0.0010172677362361132
0.000813880936663428
0.0008058748338274251
0.0008046091242990827
0.0008061660726012787
0.0007756141057405264
0.0006898345955159047
0.0006632337927168941
0.0007026497191364525
0.0006821994523806133
0.000684656735001142
0.0008067554544900411
0.0008103170814529238
0.0008457551292777337
0.0008758853959493728
0.000920610475902082
0.0009570541897741433
0.0009777913226472685
0.001004843166301851
0.0010238510708305022
0.0009880301791727164
0.0009667386091361448
0.0009359665155705338
0.0008672658420453306
0.0008127606874111649
0.0006100651616353134
0.0005442554909854706
0.0005383926550108928
0.0005041777589329424
0.00040415058303076504
0.00027378102817287046
0.00012158850974894186
8.750557018030912e-5
7.729218928010276e-5
0.00011617701450104939
0.00035163954773264136
0.00046942321217264963
0.0006152497653364988
0.0007063094847481911
0.0007620359859016342
0.0008440792224179016
0.0009333388879808927
0.0009854002121013606
0.001032619467431548
0.0010719037452141032
0.0011438603436261924
0.0011898758416868766
0.001148643022629353
0.001004521698032426
0.0006791733525243839
0.0004874520059457542
0.00027787607401280596
6.449612782614417e-5
1.8138523258011537e-5
0.0
0.0
0.0
1.0760867263447427e-5
4.4478420055116345e-5
0.00014690851179709584
0.0002090901134206243
0.0002735723386636018
0.0003285752613434801
0.00037914292970879596
0.00041283932488880333
0.0004035718929213183
0.00042112705262032464
0.00042009639438563885
0.0003958503837744331
0.00039047352633620727
0.0003885180127099717
0.0003725040691248392
0.0003251127748320509
0.00014181943704856482
1.7671426348096666e-5
0.0
0.0
7.891603140921608e-8
2.813206562706403e-6
0.0
2.06156906643004e-5
1.7447900802456954e-5
2.0342119256298283e-5
0.00012415641958917495
0.0002452355571152195
0.0003186198654674553
0.00036516381887729497
0.0005116526568765028
0.00064332450701707
0.00070215741365009
0.000733177896686038
0.0008184927674045139
0.0008783792982423681
0.0009518127958065986
0.000983300904710147
0.0008895679730380517
0.0007149318472478654
0.00033013608074867286
9.969920561297656e-5
3.990987887495732e-5
2.0021139129734894e-6
4.801874241035263e-8
0.0
0.0
0.0
0.0
2.7273967311463333e-7
4.717849292263305e-5
9.881642071235022e-5
0.00016106276857946045
0.00019709053416955275
0.00023722252297759131
0.0003357114116404568
0.00038773621636438416
0.0004231997307087206
0.00044866780507733415
0.0004166200738839511
0.000380979007140459
0.00034282834826983505
0.000331290981203918
0.0002742921023904578
0.00011458487187084132
5.3095515659602724e-5
5.4675789907737636e-5
3.615715978423597e-5
5.2152117057647346e-5
5.869709543186526e-7
6.965008718685952e-6
5.7539590037654666e-5
7.205306556648704e-5
9.010730579523592e-5
0.00022058854342263322
0.0002798200985226118
0.0003353476763288568
0.0003631443599103444
0.00036160653604495744
0.0003490791095360371
0.00034343293983368024
0.0003320580481204463
0.0003070163455989313
0.0002824725985425749
0.00023945910567675624
0.00019586363003317378
0.00016463945136823793
0.00012532204026278863
3.2049161529891453e-6
0.0
0.0
0.0
5.172720800410476e-8
0.0
3.245245432029599e-6
0.00016485030154976416
0.00032685512323349733
0.00038776800139787187
0.0005234576929163278
0.0005634915282037121
0.0006424235793922591
0.0006762032411619512
0.0007117214455442479
0.0007756368568958109
0.0007944389691328283
0.0008161632749285805
0.0008391173916450002
0.0008643918505938517
0.0008811871641996884
0.0008565243499606896
0.0008173526436897799
0.000746008376438442
0.0005615941254769155
0.0005276886235075922
0.0005763686533948513
0.0005620395084394594
0.0005183412143138955
0.0005050640766248975
0.0005194011461614932
0.0006197731990653779
0.0006357504993223179
0.0006577619486683179
0.0008474457666972297
0.0009090327044214949
0.0009747068803785772
0.0009623516556393124
0.0009801882886458582
0.0010126564812336502
0.0010732681074684916
0.001143565018412661
0.0011846127653332217
0.001233118291192091
0.001262563539440942
0.001236995452489922
0.001194839982719714
0.001100010640331305
0.0008303268580678475
0.0007813713540347104
0.0007808016565798855
0.0007792698484003806
0.0007239321965033847
0.0006146461820110002
0.0004992834182069174
0.00044392980026039747
0.0004161676414281219
0.000461470126775635
0.0006406253519047482
0.000733031255536995
0.00083115723405564
0.000888464392549523
0.0009606564863219471
0.001039786006987215
0.0011175562200701123
0.0011923093992667584
0.001234102979915621
0.0012547314103797972
0.0012683145212289738
0.0012477106448864554
0.0012115413600468235
0.0010813206461465408
0.0007079000328781105
0.00048324822664872933
0.00039032273169393945
0.00030238990718619874
0.0002114063960869783
9.942806603098999e-5
8.585457416526273e-5
0.00013457470236035959
0.0001686300523950367
0.00022050668400076071
0.00036565767207431176
0.00042045762262514236
0.0004714218019190675
0.0005048648827153346
0.0005828281211293902
0.0006652365917910075
0.0006928850898176419
0.0007046209178134976
0.000715162289066787
0.000723749111882245
0.0007314084216897129
0.0007126551307833649
0.0006878489302318727
0.000631095680039417
0.00043192332623492446
0.0003640813226850714
0.00033621456562531925
0.00029892434656100824
0.00025809149495110073
0.00015638349223295368
0.00016734353182881108
0.00020092346247784168
0.00021386324699050943
0.0002500047486149301
0.000388180897830292
0.0004616399788011651
0.0004664597638106864
0.00046751693506986053
0.0005244187704423918
0.0005854487953271325
0.000627072659101193
0.0006752539697564378
0.000677808777455432
0.0006731708715816953
0.0006811235332629137
0.0006340476488516043
0.0005896283355063203
0.0005144048676944282
0.0003252339178916098
0.0002456407852657894
0.00021319441969451996
0.00013633951378687044
0.00012203332123437252
2.72367109433949e-5
1.3242168533926663e-6
1.6817440832653945e-5
2.3523138913330808e-5
3.7499270575761464e-5
0.00011514254795540394
0.00020267399950013842
0.00027279285049068016
0.00033191066859966493
0.0003847388531708769
0.00045670913468100265
0.0004525205032236888
0.0004375837526866706
0.00044412929638925247
0.00045034199741885675
0.00041800163393803215
0.0003663992436843825
0.0003174063889124854
0.00025711533994371633
0.00012057951572372388
8.21545254614188e-5
6.606333187696716e-5
3.127998334852427e-5
1.7950802149384977e-5
0.0
0.0
0.0
0.0
0.0
2.502787091422292e-5
4.089590018118739e-5
7.39944975913713e-5
8.666255244214581e-5
0.00011322513222359462
0.00012699125229128497
0.00014131557008708164
0.00014820133931032844
0.00016968578578613667
0.00018641449365179125
0.00017201546350727659
0.0001455656128524442
0.0001422715004054944
9.727285694162098e-5
0.0
0.0
0.0
0.0
6.718273321060833e-8
0.0
0.0
0.0
0.0
0.0
0.0
0.0
1.356904454577491e-6
6.6642164999192e-6
2.1222343128900328e-5
2.927249425714727e-5
0.00015507975438584958
0.0003606540607670684
0.0005404759258202524
0.0006569125999186647
0.0007159059840391651
0.0007356616072748053
0.0007520696206393928
0.0007059099677160324
0.0005439096025275423
0.0005731867852799855
0.0006408594549690688
0.0006203166229229695
0.0005265821849377402
0.0005036804549569111
0.0004909179047086736
0.0005377594889825932
0.0005882451843437644
0.0006432630132618591
0.0008050711472384301
0.0008832205121216724
0.0009588598304617248
0.0010042367630746748
0.0010823945543536003
0.0011685661428412534
0.0012236574227882406
0.0012830841032738373
0.0013303031142195036
0.0013787067865238861
0.0014138633758259854
0.0013930762493592154
0.0013525761916323511
0.0012578858683789517
0.0009191430390402973
0.0007698229932310941
0.0006829225842653824
0.0006128101135372039
0.0004953999307418021
0.0003621058907636964
0.0002687519544336709
0.0002563753336991247
0.0002632424415985786
0.0003262940149814105
0.000482500015693915
0.0005689850013260455
0.0006839422211060422
0.0007213928356455191
0.0007594263991947989
0.0007944498323291871
0.0008091030267241828
0.0008407249119755204
0.0008459428067624188
0.0008760935193736422
0.000880119190796801
0.0008496092811206263
0.0008135514804119752
0.0007300851647378436
0.000478574911979995
0.00041556817272044553
0.00039785348219784235
0.00036027309312885243
0.0003400171421588069
0.00023642513115986207
0.00020250999330889956
0.00022954946284460128
0.00023369392375653184
0.00024164450068993657
0.0003298666364647186
0.00032842786060212115
0.00033284201792281977
0.0003305096620604185
0.00031361513399201534
0.00028235512055507664
0.0002644732949366377
0.0002669820833778763
0.0002694948622443762
0.0002529459582463768
0.00026331798337618566
0.000276766822237934
0.00022587742225930375
0.00014918934418396232
2.4427686507777856e-7
0.0
0.0
0.0
0.0
0.0
0.0
0.0
0.0
0.0
0.0
1.1923637717787803e-6
1.9816118571370164e-6
9.733846270556665e-7
2.422601412171645e-5
4.7677996228900295e-5
0.00011933723101703661
0.0001306741027605885
8.399991795263558e-5
6.916399940801742e-5
7.541213896751884e-5
6.32417668713894e-5
4.20149086384457e-5
2.5068360506900165e-5
0.0
0.0
0.0
0.0
6.899886042929582e-8
0.0
0.0
0.0
0.0
0.0
0.0
0.0
1.1803910844786594e-6
0.0
0.0
0.0
0.0
0.0
0.0
0.0
0.0
0.0
0.0
0.0
3.7393225757161753e-7
0.0
0.0
0.0
0.0
0.0
0.0
0.0
0.0
0.0
0.0
1.2930494996079827e-6
2.0247563197552926e-6
0.0
1.166969205665043e-6
3.0629093554600164e-5
8.729657592963039e-5
0.00010235861919277058
0.000167839099457168
0.000295135797699035
0.00034872609296432276
0.00035450098895183915
0.0003431683641068414
0.0002453483991892301
4.3835625189713506e-5
2.851861627749909e-7
0.0
0.0
0.0
0.0
0.0
0.0
0.0
0.0
0.0
8.172707278246497e-7
0.0
1.2375497513717354e-6
1.302461196280724e-5
3.3080160554878266e-5
4.48325007953144e-5
5.310533794314371e-5
6.469729644091063e-5
7.551600646788334e-5
6.994270427201849e-5
6.153564388321049e-5
6.435799473722053e-5
4.9744505764982754e-5
0.0
0.0
0.0
0.0
0.0
0.0
0.0
0.0
0.0
0.0
0.0
0.0
4.194179384264854e-7
0.0
1.0438899136358884e-5
3.5844223195868754e-5
0.00016257701681793988
0.00027874702974594294
0.00027203672982646014
0.00027968878680576366
0.000319354272088638
0.0003313081646536297
0.0003361275649966965
0.00025902292141627344
5.00428623989087e-5
0.0
0.0
0.0
0.0
0.0
0.0
0.0
0.0
0.0
0.0
0.0
2.9092570493228455e-6
1.605186969724336e-5
7.001692139855132e-5
0.00015167228944042139
0.0002677472937547701
0.00036836002662356027
0.0004735008799249521
0.0005433673854598495
0.0006092153743850354
0.0006395663043638448
0.0006509673779214046
0.0005863808429290489
0.0003210648033648215
6.161922654644153e-5
8.058140286103829e-7
0.0
7.380943306424711e-8
0.0
0.0
0.0
0.0
0.0
9.183233124776348e-6
4.284393731089143e-5
0.00010267467117066202
0.00017579728205432504
0.00025858939075512714
0.0003827214499908698
0.000501362600489329
0.0006138052521776464
0.0006843693956823685
0.0007318942594223141
0.0007849742572823075
0.0008132636565856688
0.0008518694840620936
0.0007736745005899528
0.0004497464811307349
0.00030100402830972057
0.00023612520273340497
0.0001273151618838034
7.682905459991116e-5
0.0
0.0
0.0
0.0
2.071878839690805e-5
0.0001730572125377133
0.00037671499097260036
0.0004262453294058029
0.0004250674240180373
0.0005267082296028551
0.0005956572378945291
0.0006490132901614411
0.0007325027490497261
0.0008216041734610295
0.0008708995107820235
0.00089504540157733
0.0008727307848837564
0.0008065695704050753
0.0006009171119412608
0.00021925825393654698
2.5570200277037953e-5
8.618285994531363e-8
0.0
7.277078206420634e-8
0.0
0.0
0.0
0.0
0.0
7.265453889690268e-7
0.0
2.2169364283488497e-5
6.464208209813756e-5
0.00013475595357577313
0.0002479079577754974
0.00040672507255460954
0.00046211887288246067
0.0004652858336285055
0.0005165638518723772
0.0006106612754044531
0.0006046071088749317
0.0005488192365933862
0.00039433088326904913
0.00011731204214624554
7.191109778872987e-6
0.0
0.0
0.0
0.0
0.0
0.0
0.0
0.0
0.0
0.0
7.598938107693529e-7
0.0
1.208139420539752e-6
9.23789106226436e-6
1.9449630646456985e-5
2.001682155969967e-5
1.755406256905154e-5
1.870200990200361e-5
1.9183417508538578e-5
2.1280961417568685e-5
2.2780800344620654e-5
3.6162471573121355e-6
4.021384843863802e-7
0.0
0.0
0.0
0.0
0.0
0.0
0.0
0.0
0.0
6.505302682011127e-7
0.0
1.3979418068937928e-6
0.0
0.0
0.0
0.0
0.0
0.0
5.364578856299028e-6
1.2104108355125655e-5
3.0384472771882114e-6
0.0
0.0
4.0789237165415693e-7
0.0
0.0
0.0
8.821502253279442e-8
0.0
0.0
0.0
0.0
0.0
8.524998551489853e-7
0.0
8.162060180422393e-6
1.3602400154219548e-5
3.349597412966396e-5
5.4698462755612005e-5
7.11636936594106e-5
4.895997166048636e-5
3.958170198951812e-5
5.586487110401917e-5
5.355710685586165e-5
9.529608020962292e-5
0.00022096849603887538
0.0002443248728080223
0.00014214673628048255
0.00010941491393397874
9.367405770155723e-5
5.127303852223851e-5
6.429310317616672e-5
1.16476959190818e-6
0.0
1.9381565661077918e-5
1.1713050358333805e-5
1.1650148600402734e-6
6.564477005474126e-5
0.0001335410291512273
0.0002750542038657581
0.00038406660449159124
0.00046590836336408184
0.0005363846623743418
0.0005819113277309815
0.0006258106318648883
0.0006679195182926418
0.0006897425556088801
0.0006985534918147662
0.0006818333560188423
0.0006562559270563956
0.0005887326509296384
0.00039434793252469816
0.0002636061002030087
0.00018063172648239328
9.350921973325065e-5
5.641599989244216e-5
0.0
0.0
0.0
0.0
6.918043155361424e-6
0.00012487934770421684
0.00022784727395148635
0.0002969977939790126
0.0003029166963721313
0.00034181194400151213
0.000434518385108188
0.0004918093046420034
0.0005159538901108764
0.0005438735826842721
0.000564220415822287
0.0005930277928145952
0.000588092195024133
0.0005809414757569731
0.0004589032752682267
0.0001500639463776698
5.980337749126025e-6
0.0
0.0
0.0
0.0
0.0
0.0
0.0
0.0
2.950236304219993e-7
3.590828264937041e-7
2.0987407026453026e-5
9.124977881924756e-5
0.00018292050928042915
0.00022986387092348238
0.00026326406858506594
0.0003211790622602678
0.00039903303626794516
0.0003960863282456812
0.0004233309257993613
0.0004423575036536076
0.000464394566932573
0.0003433456499442329
6.321064278931948e-5
0.0
0.0
0.0
0.0
0.0
0.0
0.0
0.0
0.0
2.3999563015055847e-7
0.0
1.6755989562083116e-6
2.555919088481426e-5
0.00012057831989199227
0.00022360345716445138
0.00029080165543631545
0.0002773468083680691
0.00024006323586697688
0.0002569600263620467
0.0003737160073618696
0.0004274739559747234
0.00037469985091501655
0.0002814161696557398
8.68635611372477e-5
1.406361774655464e-5
2.2930457694381407e-6
0.0
0.0
0.0
0.0
0.0
0.0
0.0
0.0
0.0
1.4056022380000618e-6
0.0
0.0
0.0
0.0
0.0
0.0
0.0
0.0
0.0
0.0
0.0
0.0
0.0
0.0
0.0
0.0
0.0
0.0
0.0
0.0
0.0
0.0
0.0
7.554895084936363e-7
1.2015694523001875e-5
3.587026245356747e-5
5.432826646518097e-5
7.381758706250744e-5
0.00010470428592340386
0.00016177535166290397
0.00020300834405080148
0.0002284775175409731
0.00023936713638903097
0.00022446658224353132
0.0001998193915678487
1.9553375076168143e-5
0.0
0.0
0.0
7.36642698066791e-8
0.0
0.0
0.0
0.0
0.0
1.074636485108411e-6
4.9852394973566626e-5
0.00018381214124859967
0.00023691355675930012
0.00030077376243026037
0.00041420899072214885
0.0005177480601195795
0.0005677978057607232
0.0006219873172609955
0.0006591752318335453
0.0006930389057831355
0.0007052334397855087
0.0006926340173357472
0.0004620061937024743
5.171775582831048e-5
9.52614440523783e-8
0.0
0.0
0.0
0.0
0.0
0.0
0.0
0.0
0.0
0.0
1.406269754751443e-6
0.0
8.462168446926444e-6
1.9353674594889816e-5
2.4172327286564107e-5
2.810361004132902e-5
3.961620374397307e-5
4.752723676582784e-5
5.621710726289998e-5
4.881148646933744e-5
4.639111933960652e-5
1.1331168052342923e-5
3.534022013568909e-7
0.0
0.0
0.0
0.0
0.0
0.0
0.0
0.0
0.0
0.0
0.0
0.0
0.0
0.0
0.0
0.0
0.0
0.0
0.0
0.0
0.0
0.0
3.815736737357795e-7
0.0
0.0
0.0
0.0
0.0
0.0
0.0
0.0
0.0
0.0
0.0
8.242391506759779e-7
3.010566643870985e-7
3.109284828441579e-5
7.812264621048394e-5
0.00015203956693606488
0.00021192526147443316
0.00027376579266782236
0.0003449207197500356
0.0004039941093618613
0.0004365062648116783
0.0004368300335134764
0.0003976141306063092
0.00023246159845832307
9.760947652953987e-5
4.335253111255862e-5
2.2950656570781533e-6
0.0
0.0
0.0
0.0
0.0
0.0
0.0
8.941574247666879e-7
2.4926334355160598e-5
0.0001124813494989097
0.00023278368647297829
0.00035717899723672743
0.00045376127448573656
0.0005598588646614306
0.0006294154189605682
0.0006762391107217863
0.0007420016233341865
0.0007916313682587893
0.0008200814926520266
0.0007903212160572464
0.0005220622407763083
0.0003997433732750032
0.00030157183765495304
0.00017369401232902472
0.00013347996250362613
1.821097873741906e-5
0.0
5.79526903702563e-6
3.6157376077582636e-6
1.3658897046092947e-5
6.995739900021512e-5
0.0001843101960330192
0.0003636676866633388
0.0005152450208894282
0.0006235995077710179
0.0006550151971048985
0.0007424002731056887
0.000880411510341631
0.0009722145774561669
0.0010208364642652424
0.00104427319988312
0.00107210826200987
0.0010160442612233232
0.0008741046642193372
0.00046055603343482206
0.00020645439313758028
8.00201578231953e-5
1.5673677562734096e-5
1.5617133246348455e-6
0.0
0.0
0.0
0.0
0.0
2.0288371177167364e-5
7.282322710420376e-5
0.00014703226324831256
0.00017148348319405454
0.00020496970481587192
0.0002593752480583058
0.0002832852560437967
0.00029375797046631783
0.00030224577337016097
0.00033127613001744606
0.00035318872156312923
0.00033055142033054793
0.00032003101048554654
0.00028430119432910737
0.00015894159042602552
0.00012754595445104298
0.0001299194459683471
6.39472539502161e-5
7.069551012546631e-5
3.077095313350223e-7
0.0
2.5480208407967187e-5
2.0703957926590198e-5
2.902266845809781e-5
9.370848852362236e-5
0.00013923815198261014
0.0002058477180434955
0.00022452933697068966
0.00025035801270207047
0.0003151892701793716
0.0003528329314445237
0.00034373917729441425
0.0003359666320495232
0.0003231312269488676
0.0002971599151045945
0.0002484030335908766
0.00019089302489929766
0.0001324245947326425
5.0072792336456854e-6
0.0
0.0
0.0
8.302860349816169e-8
5.819280729409772e-7
0.0
0.0
0.0
0.0
4.3177478593115236e-5
6.898993451512999e-5
0.00010404901274956297
0.00014726238354069503
0.00020991267623524557
0.00028621163327420085
0.00035173270337241397
0.0004177356987896807
0.0005095921761847997
0.0005915026002371382
0.0006162854938977266
0.0005883549439549339
0.0005787756351582075
0.0005663681138708072
0.00042566222098075896
0.0004088147012751503
0.00044073196496540297
0.00042261701164648843
0.00039012793418363956
0.0002765934920379716
0.00019229855307400297
0.00017927826342977002
0.00016960160218919536
0.0001750405619087867
0.0002731225185130615
0.00035595882645920855
0.00048727830708174014
0.0005850828393342644
0.0006640058342934262
0.0007346526489071154
0.0008318280886995201
0.0008863942225768585
0.0009543874797944251
0.001010256802653845
0.001056169160010252
0.0010570748299123473
0.0010741279939743336
0.0009864150123027411
0.0006154285337443288
0.00039692152756640745
0.00026690841736018114
0.00016295572489948536
0.00011195346788807665
4.035038881884646e-6
0.0
0.0
0.0
0.0
8.63332006237652e-6
0.00010032040593154561
0.0002559734223074457
0.0003535446326564212
0.000421115830500507
0.0004973088893776661
0.0005358498166743517
0.0005096722108109345
0.000533981026678625
0.0005871171286149875
0.0006261871209175877
0.000634071149597703
0.0006406026945896409
0.000567674171979349
0.00025607765804571087
5.31025903392784e-5
8.414200624414042e-6
0.0
4.5885270228323703e-8
0.0
0.0
0.0
0.0
0.0
0.0
4.191264427444911e-7
2.0491425770771365e-6
2.0666080273929666e-5
6.259834523361394e-5
0.00015427553884786606
0.00022522428401472458
0.0002520619572501066
0.00029937533880058465
0.00031203141219143744
0.0003906073693026952
0.00045548185309664436
0.0004935757455305742
0.0004374960402120317
0.0001480077435456916
6.272819504399585e-6
0.0
0.0
0.0
0.0
0.0
0.0
0.0
0.0
0.0
0.0
1.287609303615805e-6
0.0
2.349369582279725e-5
5.218432946835046e-5
8.971049316915183e-5
9.808573543254676e-5
0.0001188354197555273
0.0001573699896628491
0.00019595887650863074
0.0002621695868540473
0.0002808303533458379
0.0002404999537893087
2.893611583587506e-5
0.0
0.0
0.0
0.0
0.0
0.0
0.0
0.0
0.0
0.0
5.678441675046869e-7
1.4638785135749983e-6
1.010199932375472e-6
8.08021599040225e-6
1.2535090311837211e-5
1.634850198529708e-5
1.973339458489812e-5
2.243768262446598e-5
2.4809869093639265e-5
2.689481038860995e-5
1.7460009672814066e-5
1.1011825928252257e-5
1.7087523029784065e-7
3.7630920099854054e-7
0.0
0.0
0.0
0.0
0.0
0.0
0.0
0.0
0.0
0.0
0.0
7.602583834240739e-7
0.0
0.0
0.0
0.0
0.0
0.0
0.0
0.0
0.0
0.0
0.0
0.0
0.0
0.0
0.0
0.0
0.0
0.0
0.0
0.0
0.0
0.0
0.0
0.0
0.0
0.0
0.0
0.0
0.0
0.0
0.0
0.0
0.0
0.0
0.0
0.0
0.0
0.0
0.0
0.0
0.0
0.0
0.0
0.0
0.0
0.0
0.0
0.0
0.0
0.0
0.0
0.0
0.0
0.0
0.0
0.0
0.0
0.0
0.0
0.0
0.0
0.0
0.0
0.0
0.0
0.0
0.0
0.0
0.0
0.0
0.0
0.0
0.0
0.0
0.0
0.0
0.0
0.0
3.676197013745474e-6
2.8066229106730453e-5
5.256922284385376e-5
5.269459188578269e-5
3.744338619324949e-5
3.572937382045582e-7
0.0
0.0
0.0
0.0
0.0
0.0
0.0
0.0
0.0
0.0
0.0
6.587646899285775e-7
0.0
0.0
0.0
0.0
0.0
0.0
0.0
0.0
0.0
0.0
0.0
0.0
0.0
0.0
0.0
0.0
0.0
0.0
0.0
0.0
0.0
0.0
0.0
0.0
0.0
0.0
0.0
0.0
0.0
0.0
0.0
0.0
0.0
0.0
0.0
0.0
0.0
0.0
0.0
0.0
0.0
0.0
3.9167997618392213e-7
2.685567995653648e-5
6.700084956979944e-5
0.00015809085703368144
0.00019993936132079736
0.00024291380014862207
0.0002771743222078853
0.00030051022755536077
0.00034618174909737385
0.0003715473170308604
0.0003851531789483523
0.000417162385661517
0.00044079434885427006
0.00045028522019793457
0.0004434211062262888
0.00042683915691861096
0.00038365550154585975
0.0002803892611145166
0.00026863382069553584
0.00029178462590184393
0.00028478344387075714
0.00022252708710947705
0.0001892206902280141
0.00018581115401505714
0.00022434387112243631
0.00022536837773778578
0.00020783629793907834
0.000258311610784762
0.00025539916260236794
0.0002726055691524343
0.00023330302645343384
0.00022038906181769808
0.00021966885306749868
0.00021423239598455536
0.00021823376262784366
0.0002284325698354186
0.00021503965006574175
0.0001892480463356157
0.00012169350699285376
5.177756322596191e-5
8.79731458664615e-6
4.617788236491354e-7
0.0
0.0
0.0
0.0
0.0
0.0
0.0
0.0
0.0
0.0
0.0
6.617858754816922e-7
0.0
0.0
0.0
0.0
0.0
0.0
0.0
0.0
0.0
2.7426894778328933e-6
0.0
3.757228965283835e-7
0.0
0.0
0.0
0.0
0.0
0.0
0.0
0.0
0.0
0.0
0.0
0.0
0.0
0.0
0.0
0.0
0.0
0.0
0.0
0.0
0.0
0.0
0.0
3.688555091956675e-7
0.0
0.0
0.0
0.0
0.0
0.0
0.0
0.0
0.0
0.0
0.0
0.0
0.0
0.0
2.5454644117238357e-8
3.2643660874011713e-6
2.7425698424779815e-5
7.332702982125782e-5
0.00015256754099556198
0.00022477419295394111
0.0002532640569663753
0.00024258358360909661
0.00020854003891224374
3.2530393040419854e-5
0.0
0.0
0.0
0.0
0.0
0.0
0.0
0.0
0.0
0.0
2.9939569985785846e-7
1.4910983911560307e-6
1.9887829425926556e-5
4.0772549824978876e-5
8.611342135368345e-5
0.0001850679028484481
0.00021784208512063918
0.00025706787568638103
0.0002899981638331199
0.0002653235410384224
0.0002435316817079999
0.000192119455051463
0.00014053724008806332
6.3426986482669505e-6
0.0
0.0
0.0
0.0
0.0
0.0
0.0
0.0
0.0
0.0
0.0
0.0
0.0
0.0
2.621529058276021e-8
0.0
1.01666299499762e-5
2.7010419886853247e-5
2.755767668518967e-5
5.107707048835487e-5
5.318301699819113e-5
4.0359882887887654e-5
1.6733642250045458e-5
3.955579491688478e-7
0.0
0.0
0.0
0.0
0.0
0.0
0.0
0.0
0.0
0.0
0.0
0.0
0.0
0.0
0.0
0.0
0.0
0.0
0.0
2.0856816296124103e-6
0.0
0.0
0.0
0.0
0.0
3.1959381449143078e-6
2.165205205968061e-5
4.0294436286971215e-5
3.290690792308472e-7
0.0
1.6670124173485339e-6
7.368164837264462e-6
2.230800882312104e-5
7.125486360102466e-5
8.708247734730358e-5
0.00017178502568895577
0.00024097968364827273
0.000293562802465605
0.00037445392146623314
0.0004339875691437095
0.0005017412193400849
0.0005398774314327861
0.0005519710216694544
0.0005796760631427784
0.0005870352560607084
0.0005895848112318895
0.0004995730590016993
0.0002432829672323407
9.607354929676405e-5
5.610574033212568e-5
1.2310665248523524e-5
2.8619863540948903e-6
2.147407167452246e-7
0.0
0.0
0.0
0.0
5.976700958703209e-7
1.6421271294435776e-6
9.922159894238093e-5
0.00020945880347619404
0.0002569639352968111
0.00026506925903112944
0.00035024863636138855
0.00044189231736970933
0.00046860595554607264
0.0004600867269670484
0.00043991658914297366
0.00041092379717961675
0.0003848793420048271
0.00030808466566256665
0.0001226726825407379
5.080766952394866e-5
2.1876215788101907e-5
0.0
6.59148130894693e-8
0.0
0.0
0.0
0.0
0.0
9.295022849469197e-7
0.0
0.0
2.904196019828872e-6
1.5240594333988501e-5
2.271682325131171e-5
2.5581831127792902e-5
2.8054257891825333e-5
3.8514378979941305e-5
3.732511700868979e-5
1.9230437664408167e-5
7.2987318342995364e-6
1.3068484176438645e-5
5.953337781956504e-6
3.923243533738722e-7
0.0
0.0
0.0
0.0
0.0
0.0
0.0
0.0
0.0
0.0
0.0
0.0
0.0
0.0
0.0
0.0
0.0
0.0
0.0
0.0
0.0
0.0
0.0
0.0
0.0
0.0
0.0
0.0
0.0
0.0
0.0
0.0
0.0
0.0
0.0
7.094494647473437e-7
0.0
6.5042165015265665e-6
2.01179629463822e-5
3.624565315873807e-5
6.587182764377137e-5
0.00011245423864552506
0.00017167163153204826
0.00022436824443433612
0.0002377021465597279
0.0002431147668461135
0.00020149949062236902
2.994212145585325e-5
0.0
0.0
0.0
0.0
0.0
0.0
0.0
0.0
0.0
0.0
2.7597743779644934e-7
1.1230584940791427e-5
4.781401300874943e-5
8.870618880462225e-5
0.00012762233070177478
0.00014696582109791138
0.00019680358543116522
0.0002304592405808915
0.00024143388993566543
0.00026691600154244707
0.0003148475154725731
0.00032287328430496265
0.0002595741387049415
4.79074346101961e-5
0.0
0.0
0.0
0.0
0.0
0.0
0.0
0.0
0.0
0.0
0.0
4.4209606126681435e-7
2.769997567789713e-5
6.80326400875443e-5
0.0001181201176551196
0.00014781900416242894
0.00017907423749031554
0.00020064248428812388
0.00015837465660355972
9.530233036549388e-5
7.06628838439236e-5
8.813599736258028e-5
5.855699903075309e-5
0.0
0.0
0.0
0.0
0.0
0.0
0.0
0.0
0.0
0.0
0.0
0.0
1.2880119701643513e-6
0.0
0.0
0.0
0.0
0.0
0.0
0.0
0.0
0.0
0.0
0.0
8.125598267295921e-7
0.0
5.845744864818199e-7
0.0
2.93979061489885e-7
0.0
0.0
0.0
0.0
0.0
0.0
0.0
6.735860237441245e-7
8.536800729709262e-7
2.4353470320516503e-5
5.557111646544444e-5
7.722810655354135e-5
0.0001271702309915605
0.00017896384169666476
0.00022018749042071353
0.0002423683848615767
0.00023372777970966996
0.0002278407888907785
0.00015366766079054407
0.0
0.0
0.0
0.0
0.0
0.0
0.0
0.0
0.0
0.0
0.0
0.0
0.0
0.0
0.0
0.0
0.0
9.151415669029079e-7
6.388444144916546e-6
9.93553151072206e-6
1.31287115328003e-5
1.845598553462007e-5
1.4686896664188088e-5
0.0
4.4665988375583905e-7
0.0
0.0
0.0
0.0
0.0
0.0
0.0
0.0
0.0
0.0
0.0
0.0
0.0
0.0
0.0
0.0
0.0
0.0
0.0
0.0
0.0
0.0
0.0
0.0
0.0
0.0
0.0
0.0
0.0
0.0
0.0
0.0
0.0
0.0
0.0
0.0
0.0
0.0
0.0
0.0
0.0
0.0
0.0
0.0
0.0
7.009788466847257e-6
9.124198234423562e-6
0.0
0.0
0.0
0.0
0.0
0.0
0.0
0.0
0.0
0.0
0.0
0.0
0.0
0.0
0.0
0.0
0.0
0.0
0.0
1.7769405973074673e-6
8.447050061203315e-6
8.283274784636993e-6
1.0824286812169816e-6
0.0
0.0
0.0
0.0
0.0
0.0
0.0
0.0
0.0
0.0
0.0
0.0
0.0
0.0
0.0
0.0
0.0
0.0
0.0
0.0
0.0
0.0
0.0
0.0
0.0
0.0
0.0
0.0
0.0
0.0
0.0
0.0
0.0
0.0
0.0
0.0
0.0
0.0
0.0
0.0
0.0
0.0
0.0
0.0
0.0
0.0
0.0
0.0
0.0
0.0
0.0
0.0
0.0
0.0
0.0
0.0
0.0
0.0
0.0
0.0
0.0
0.0
0.0
0.0
0.0
0.0
0.0
0.0
0.0
0.0
0.0
0.0
0.0
0.0
0.0
0.0
0.0
0.0
0.0
0.0
0.0
0.0
0.0
0.0
0.0
0.0
0.0
0.0
0.0
0.0
0.0
0.0
0.0
0.0
0.0
0.0
0.0
0.0
0.0
0.0
0.0
0.0
0.0
0.0
0.0
0.0
0.0
0.0
0.0
0.0
0.0
0.0
0.0
0.0
0.0
0.0
0.0
0.0
0.0
0.0
0.0
0.0
0.0
0.0
0.0
0.0
0.0
0.0
0.0
0.0
0.0
0.0
0.0
0.0
0.0
0.0
0.0
0.0
0.0
0.0
0.0
0.0
0.0
0.0
0.0
0.0
0.0
0.0
0.0
0.0
0.0
0.0
0.0
0.0
0.0
0.0
0.0
0.0
0.0
0.0
0.0
0.0
0.0
0.0
0.0
0.0
0.0
0.0
0.0
0.0
0.0
0.0
0.0
0.0
0.0
0.0
0.0
0.0
0.0
4.4406810120061147e-7
0.0
1.2987522124091513e-6
0.0
0.0
6.4933440055104225e-6
1.898395004485724e-5
2.261371044687576e-5
1.871401931394848e-5
8.792569474153277e-6
5.911976966288601e-6
3.1801419356748142e-6
0.0
0.0
0.0
0.0
0.0
0.0
0.0
0.0
0.0
0.0
0.0
0.0
0.0
0.0
0.0
3.902124456558993e-7
0.0
0.0
0.0
3.0840776339405125e-5
6.421617773862506e-5
0.00012325495449235679
0.000176845798622667
0.00017362420993494244
0.00015533631447433368
8.193897032125501e-5
2.627362737698742e-7
0.0
0.0
0.0
0.0
0.0
0.0
0.0
0.0
0.0
0.0
0.0
0.0
0.0
0.0
0.0
0.0
0.0
0.0
0.0
0.0
0.0
0.0
0.0
0.0
0.0
0.0
0.0
0.0
0.0
0.0
0.0
0.0
0.0
0.0
0.0
0.0
0.0
0.0
0.0
0.0
0.0
0.0
0.0
0.0
0.0
0.0
0.0
0.0
0.0
0.0
0.0
0.0
0.0
0.0
0.0
0.0
0.0
0.0
0.0
0.0
0.0
0.0
0.0
0.0
0.0
0.0
0.0
0.0
0.0
0.0
0.0
0.0
0.0
0.0
0.0
0.0
0.0
0.0
0.0
0.0
0.0
0.0
0.0
0.0
0.0
0.0
0.0
0.0
0.0
0.0
0.0
0.0
0.0
0.0
0.0
0.0
0.0
0.0
0.0
0.0
0.0
0.0
0.0
0.0
0.0
0.0
0.0
0.0
0.0
0.0
0.0
0.0
0.0
0.0
0.0
0.0
0.0
0.0
0.0
0.0
0.0
0.0
0.0
0.0
0.0
0.0
0.0
0.0
0.0
0.0
0.0
0.0
0.0
0.0
0.0
0.0
0.0
0.0
0.0
0.0
0.0
0.0
0.0
0.0
0.0
0.0
0.0
0.0
0.0
0.0
0.0
0.0
0.0
0.0
0.0
0.0
0.0
0.0
0.0
0.0
0.0
0.0
0.0
0.0
0.0
0.0
0.0
0.0
0.0
0.0
0.0
0.0
0.0
0.0
0.0
0.0
0.0
0.0
0.0
0.0
0.0
0.0
0.0
0.0
0.0
0.0
0.0
0.0
0.0
0.0
0.0
0.0
0.0
0.0
0.0
0.0
0.0
0.0
0.0
0.0
0.0
0.0
0.0
0.0
0.0
0.0
0.0
0.0
0.0
0.0
0.0
0.0
0.0
0.0
0.0
0.0
0.0
0.0
0.0
0.0
0.0
0.0
0.0
0.0
0.0
0.0
0.0
0.0
0.0
0.0
0.0
0.0
0.0
0.0
0.0
0.0
0.0
0.0
0.0
0.0
0.0
0.0
0.0
0.0
0.0
0.0
0.0
0.0
0.0
0.0
0.0
0.0
0.0
0.0
0.0
0.0
0.0
0.0
0.0
0.0
0.0
0.0
0.0
0.0
0.0
0.0
0.0
0.0
0.0
0.0
0.0
0.0
0.0
0.0
0.0
0.0
0.0
0.0
0.0
1.022466250721697e-6
8.73819136129047e-6
2.210720561104698e-5
3.7752671755143265e-5
7.913154057725963e-5
0.00011678209718211553
0.00011735694454064861
6.670284137949769e-5
0.0
0.0
0.0
0.0
0.0
0.0
0.0
0.0
0.0
0.0
0.0
0.0
1.0961476098509107e-6
2.719026267339568e-6
3.8778637059084386e-5
9.594726233439792e-5
0.00016529204361779087
0.00019573040646403796
0.0002455131792357961
0.0002951738316708195
0.00035530091749829193
0.00036349794230614935
0.0003374735665811318
0.00019166916613488398
2.278557714882865e-6
0.0
0.0
0.0
0.0
0.0
0.0
0.0
0.0
0.0
0.0
0.0
0.0
0.0
0.0
0.0
1.8534036923835455e-5
5.5410777129142674e-5
0.00010282961513161459
0.00014111023395089718
0.0001713493707088366
0.00016778859335178566
0.00013535287259625853
5.186337637193269e-5
2.5057519470390375e-7
0.0
0.0
0.0
0.0
0.0
0.0
0.0
0.0
0.0
0.0
0.0
0.0
0.0
0.0
0.0
0.0
0.0
0.0
0.0
0.0
0.0
0.0
0.0
0.0
0.0
0.0
0.0
0.0
0.0
0.0
0.0
0.0
0.0
0.0
0.0
0.0
0.0
0.0
0.0
0.0
0.0
0.0
0.0
0.0
0.0
0.0
0.0
0.0
0.0
0.0
0.0
0.0
0.0
0.0
0.0
0.0
0.0
0.0
0.0
0.0
0.0
0.0
0.0
0.0
0.0
5.84836626277679e-6
1.4557736548670265e-5
1.8063832112477257e-5
3.658831915889171e-6
8.084835932796109e-7
0.0
0.0
0.0
0.0
0.0
0.0
0.0
0.0
0.0
0.0
0.0
0.0
0.0
0.0
0.0
0.0
0.0
0.0
0.0
0.0
0.0
0.0
5.367916497455857e-7
0.0
0.0
0.0
0.0
0.0
0.0
0.0
0.0
0.0
0.0
0.0
0.0
0.0
0.0
0.0
0.0
0.0
0.0
0.0
0.0
0.0
0.0
0.0
0.0
0.0
0.0
0.0
0.0
0.0
0.0
0.0
0.0
0.0
0.0
0.0
0.0
0.0
0.0
0.0
0.0
0.0
0.0
0.0
0.0
0.0
0.0
0.0
0.0
0.0
0.0
0.0
0.0
0.0
0.0
0.0
0.0
0.0
0.0
0.0
0.0
0.0
0.0
0.0
0.0
0.0
0.0
0.0
0.0
0.0
0.0
0.0
0.0
0.0
0.0
0.0
0.0
0.0
0.0
0.0
0.0
0.0
0.0
0.0
0.0
0.0
0.0
0.0
0.0
0.0
2.5543112009653362e-8
1.844939447538755e-5
4.166676835544251e-5
6.927150389796508e-5
0.0001198346206581046
0.00016301634956767847
0.00018630610485514926
0.00018102004844227406
0.00010067802597709401
0.0
0.0
0.0
0.0
0.0
0.0
0.0
0.0
0.0
0.0
0.0
0.0
0.0
0.0
0.0
0.0
1.5320885807385329e-6
1.857964797247119e-5
2.844418450134469e-5
3.221844751390702e-5
3.5305541293774365e-5
4.028792693565955e-5
4.279729758605775e-5
1.591712957865395e-5
4.1799458635807774e-7
0.0
0.0
0.0
0.0
0.0
0.0
0.0
0.0
0.0
0.0
0.0
0.0
0.0
0.0
0.0
0.0
0.0
0.0
0.0
0.0
0.0
0.0
0.0
0.0
0.0
0.0
0.0
0.0
0.0
0.0
0.0
0.0
0.0
0.0
0.0
0.0
0.0
0.0
0.0
0.0
0.0
0.0
0.0
0.0
0.0
0.0
0.0
0.0
0.0
0.0
0.0
0.0
0.0
0.0
0.0
0.0
0.0
0.0
0.0
0.0
0.0
0.0
0.0
0.0
0.0
0.0
0.0
0.0
0.0
0.0
0.0
0.0
0.0
0.0
0.0
0.0
0.0
0.0
0.0
0.0
0.0
0.0
0.0
0.0
0.0
0.0
0.0
0.0
0.0
0.0
0.0
0.0
0.0
0.0
0.0
0.0
0.0
0.0
0.0
0.0
0.0
0.0
0.0
0.0
0.0
0.0
0.0
0.0
0.0
0.0
0.0
0.0
0.0
0.0
0.0
0.0
0.0
0.0
0.0
0.0
0.0
0.0
0.0
0.0
0.0
0.0
0.0
0.0
0.0
0.0
0.0
0.0
0.0
0.0
0.0
0.0
0.0
0.0
0.0
0.0
0.0
0.0
0.0
0.0
0.0
0.0
0.0
0.0
0.0
0.0
0.0
0.0
0.0
0.0
0.0
0.0
0.0
0.0
0.0
0.0
0.0
0.0
0.0
0.0
0.0
0.0
0.0
0.0
0.0
0.0
0.0
0.0
0.0
0.0
0.0
0.0
0.0
0.0
0.0
0.0
0.0
0.0
0.0
0.0
0.0
0.0
0.0
0.0
0.0
0.0
0.0
0.0
0.0
0.0
0.0
0.0
0.0
0.0
0.0
0.0
0.0
0.0
0.0
0.0
0.0
0.0
0.0
0.0
0.0
0.0
0.0
0.0
0.0
0.0
0.0
0.0
0.0
0.0
0.0
0.0
0.0
0.0
0.0
0.0
0.0
0.0
0.0
0.0
0.0
0.0
0.0
0.0
0.0
0.0
0.0
0.0
0.0
0.0
0.0
0.0
0.0
0.0
0.0
0.0
0.0
0.0
0.0
0.0
0.0
0.0
0.0
0.0
0.0
0.0
0.0
0.0
0.0
0.0
0.0
0.0
0.0
0.0
0.0
0.0
0.0
0.0
0.0
0.0
0.0
0.0
0.0
0.0
0.0
0.0
0.0
0.0
0.0
0.0
0.0
0.0
0.0
0.0
0.0
0.0
0.0
0.0
0.0
0.0
0.0
0.0
0.0
0.0
0.0
0.0
0.0
0.0
0.0
0.0
0.0
0.0
0.0
0.0
0.0
0.0
0.0
0.0
0.0
0.0
0.0
0.0
0.0
0.0
0.0
0.0
0.0
0.0
0.0
0.0
0.0
0.0
0.0
0.0
0.0
0.0
0.0
0.0
0.0
0.0
0.0
0.0
0.0
0.0
0.0
0.0
0.0
0.0
0.0
0.0
0.0
0.0
0.0
0.0
0.0
0.0
0.0
0.0
0.0
0.0
0.0
0.0
0.0
0.0
0.0
0.0
0.0
0.0
0.0
0.0
0.0
0.0
0.0
0.0
0.0
0.0
0.0
0.0
0.0
0.0
0.0
0.0
0.0
0.0
0.0
0.0
0.0
0.0
0.0
0.0
0.0
0.0
0.0
0.0
0.0
0.0
0.0
0.0
0.0
0.0
0.0
0.0
0.0
0.0
0.0
0.0
0.0
0.0
0.0
0.0
0.0
0.0
0.0
0.0
0.0
0.0
0.0
0.0
0.0
0.0
0.0
0.0
0.0
0.0
0.0
0.0
0.0
0.0
0.0
0.0
0.0
0.0
0.0
0.0
0.0
0.0
0.0
0.0
0.0
0.0
0.0
0.0
0.0
0.0
0.0
0.0
0.0
0.0
0.0
0.0
0.0
0.0
0.0
0.0
0.0
0.0
0.0
0.0
0.0
0.0
0.0
0.0
0.0
0.0
0.0
0.0
0.0
0.0
0.0
0.0
0.0
0.0
0.0
0.0
0.0
0.0
0.0
0.0
0.0
0.0
0.0
0.0
0.0
0.0
0.0
0.0
0.0
0.0
0.0
0.0
0.0
0.0
0.0
0.0
0.0
0.0
0.0
0.0
0.0
0.0
0.0
0.0
0.0
0.0
0.0
0.0
0.0
0.0
0.0
0.0
0.0
0.0
0.0
0.0
0.0
0.0
0.0
0.0
0.0
0.0
0.0
0.0
0.0
0.0
0.0
0.0
0.0
0.0
0.0
0.0
0.0
0.0
0.0
0.0
0.0
0.0
0.0
0.0
0.0
0.0
0.0
0.0
0.0
0.0
0.0
0.0
0.0
0.0
0.0
0.0
0.0
0.0
0.0
0.0
0.0
0.0
0.0
0.0
0.0
0.0
0.0
0.0
0.0
0.0
0.0
0.0
0.0
0.0
0.0
0.0
0.0
0.0
0.0
0.0
0.0
0.0
0.0
0.0
0.0
0.0
0.0
0.0
0.0
0.0
0.0
0.0
0.0
0.0
0.0
0.0
0.0
0.0
0.0
0.0
0.0
0.0
0.0
0.0
0.0
0.0
0.0
0.0
0.0
0.0
0.0
0.0
0.0
0.0
0.0
0.0
0.0
0.0
0.0
0.0
0.0
0.0
0.0
0.0
0.0
0.0
0.0
0.0
0.0
0.0
0.0
0.0
0.0
0.0
0.0
0.0
0.0
0.0
0.0
0.0
0.0
0.0
0.0
0.0
0.0
0.0
0.0
0.0
0.0
0.0
0.0
0.0
0.0
0.0
0.0
0.0
0.0
0.0
0.0
0.0
0.0
0.0
0.0
0.0
0.0
0.0
0.0
0.0
0.0
0.0
0.0
0.0
0.0
0.0
0.0
0.0
0.0
0.0
0.0
0.0
0.0
0.0
0.0
0.0
0.0
0.0
0.0
0.0
0.0
0.0
0.0
0.0
0.0
0.0
0.0
0.0
0.0
0.0
0.0
0.0
0.0
0.0
0.0
0.0
0.0
0.0
0.0
0.0
0.0
0.0
0.0
0.0
0.0
0.0
0.0
0.0
0.0
0.0
0.0
0.0
0.0
0.0
0.0
0.0
0.0
0.0
0.0
0.0
0.0
0.0
0.0
0.0
0.0
0.0
0.0
0.0
0.0
0.0
0.0
0.0
0.0
0.0
0.0
0.0
0.0
0.0
0.0
0.0
0.0
0.0
0.0
0.0
0.0
0.0
0.0
0.0
0.0
0.0
0.0
0.0
0.0
0.0
0.0
0.0
0.0
0.0
0.0
0.0
0.0
0.0
0.0
0.0
0.0
0.0
0.0
0.0
0.0
0.0
0.0
0.0
0.0
0.0
0.0
0.0
0.0
0.0
0.0
0.0
0.0
0.0
0.0
0.0
0.0
0.0
0.0
0.0
0.0
0.0
0.0
0.0
0.0
0.0
0.0
0.0
0.0
0.0
0.0
0.0
0.0
0.0
0.0
0.0
0.0
0.0
0.0
0.0
0.0
0.0
0.0
0.0
0.0
0.0
0.0
0.0
0.0
0.0
0.0
0.0
0.0
0.0
0.0
0.0
0.0
0.0
0.0
0.0
0.0
0.0
0.0
0.0
0.0
0.0
0.0
0.0
0.0
0.0
0.0
0.0
0.0
0.0
0.0
0.0
0.0
0.0
0.0
0.0
0.0
0.0
0.0
0.0
0.0
0.0
0.0
0.0
0.0
0.0
0.0
0.0
0.0
0.0
0.0
0.0
0.0
0.0
0.0
0.0
0.0
0.0
0.0
0.0
0.0
0.0
0.0
0.0
0.0
0.0
0.0
0.0
0.0
0.0
0.0
0.0
0.0
0.0
0.0
0.0
0.0
0.0
0.0
0.0
0.0
0.0
0.0
0.0
0.0
0.0
0.0
0.0
0.0
0.0
0.0
0.0
0.0
0.0
0.0
0.0
0.0
0.0
0.0
0.0
0.0
0.0
0.0
0.0
0.0
0.0
0.0
0.0
0.0
0.0
0.0
0.0
0.0
0.0
0.0
0.0
0.0
0.0
0.0
0.0
0.0
0.0
0.0
0.0
0.0
0.0
0.0
0.0
0.0
0.0
0.0
0.0
0.0
0.0
0.0
0.0
0.0
0.0
0.0
0.0
0.0
0.0
0.0
0.0
0.0
0.0
0.0
0.0
0.0
0.0
0.0
0.0
0.0
0.0
0.0
0.0
0.0
0.0
0.0
0.0
0.0
0.0
0.0
0.0
0.0
0.0
0.0
0.0
0.0
0.0
0.0
0.0
0.0
0.0
0.0
0.0
0.0
0.0
0.0
0.0
0.0
0.0
0.0
0.0
0.0
0.0
0.0
0.0
0.0
0.0
0.0
0.0
0.0
0.0
0.0
0.0
0.0
0.0
0.0
0.0
0.0
0.0
0.0
0.0
0.0
0.0
0.0
0.0
0.0
0.0
0.0
0.0
0.0
0.0
0.0
0.0
0.0
0.0
0.0
0.0
0.0
0.0
0.0
0.0
0.0
0.0
0.0
0.0
0.0
0.0
0.0
0.0
0.0
0.0
0.0
0.0
0.0
0.0
0.0
0.0
0.0
0.0
0.0
0.0
0.0
0.0
0.0
0.0
0.0
0.0
0.0
0.0
0.0
0.0
0.0
0.0
0.0
0.0
0.0
0.0
0.0
0.0
0.0
0.0
0.0
0.0
0.0
0.0
0.0
0.0
0.0
0.0
0.0
0.0
0.0
0.0
0.0
0.0
0.0
0.0
0.0
0.0
0.0
0.0
0.0
0.0
0.0
0.0
0.0
0.0
0.0
0.0
0.0
0.0
0.0
0.0
0.0
0.0
0.0
0.0
0.0
0.0
0.0
0.0
0.0
0.0
0.0
0.0
0.0
0.0
0.0
0.0
0.0
0.0
0.0
0.0
0.0
0.0
0.0
0.0
0.0
0.0
0.0
0.0
0.0
0.0
0.0
0.0
0.0
0.0
0.0
0.0
0.0
0.0
0.0
0.0
0.0
0.0
0.0
0.0
0.0
0.0
0.0
0.0
0.0
0.0
0.0
0.0
0.0
0.0
0.0
0.0
0.0
0.0
0.0
0.0
0.0
0.0
0.0
0.0
0.0
0.0
0.0
0.0
0.0
0.0
0.0
0.0
0.0
0.0
0.0
0.0
0.0
0.0
0.0
0.0
0.0
0.0
0.0
0.0
0.0
0.0
0.0
0.0
0.0
0.0
0.0
0.0
0.0
0.0
0.0
0.0
0.0
0.0
0.0
0.0
0.0
0.0
0.0
0.0
0.0
0.0
0.0
0.0
0.0
0.0
0.0
0.0
0.0
0.0
0.0
0.0
0.0
0.0
0.0
0.0
0.0
0.0
0.0
0.0
0.0
0.0
0.0
0.0
0.0
0.0
0.0
0.0
0.0
0.0
0.0
0.0
0.0
0.0
0.0
0.0
0.0
0.0
0.0
0.0
0.0
0.0
0.0
0.0
0.0
0.0
0.0
0.0
0.0
0.0
0.0
0.0
0.0
0.0
0.0
0.0
0.0
0.0
0.0
0.0
0.0
0.0
0.0
0.0
0.0
0.0
0.0
0.0
0.0
0.0
0.0
0.0
0.0
0.0
0.0
0.0
0.0
0.0
0.0
0.0
0.0
0.0
0.0
0.0
0.0
0.0
0.0
0.0
0.0
0.0
0.0
0.0
0.0
0.0
0.0
0.0
0.0
0.0
0.0
0.0
0.0
0.0
0.0
0.0
0.0
0.0
0.0
0.0
0.0
0.0
0.0
0.0
0.0
0.0
0.0
0.0
0.0
0.0
0.0
0.0
0.0
0.0
0.0
0.0
0.0
0.0
0.0
0.0
0.0
0.0
0.0
0.0
0.0
0.0
0.0
0.0
0.0
0.0
0.0
0.0
0.0
0.0
0.0
0.0
0.0
0.0
0.0
0.0
0.0
0.0
0.0
0.0
0.0
0.0
0.0
0.0
0.0
0.0
0.0
0.0
0.0
0.0
0.0
0.0
0.0
0.0
0.0
0.0
0.0
0.0
0.0
0.0
0.0
0.0
0.0
0.0
0.0
0.0
0.0
0.0
0.0
0.0
0.0
0.0
0.0
0.0
0.0
0.0
0.0
0.0
0.0
0.0
0.0
0.0
0.0
0.0
0.0
0.0
0.0
0.0
0.0
0.0
0.0
0.0
0.0
0.0
0.0
0.0
0.0
0.0
0.0
0.0
0.0
0.0
0.0
0.0
0.0
0.0
0.0
0.0
0.0
0.0
0.0
0.0
0.0
0.0
0.0
0.0
0.0
0.0
0.0
0.0
0.0
0.0
0.0
0.0
0.0
0.0
0.0
0.0
0.0
0.0
0.0
0.0
0.0
0.0
0.0
0.0
0.0
0.0
0.0
0.0
0.0
0.0
0.0
0.0
0.0
0.0
0.0
0.0
0.0
0.0
0.0
0.0
0.0
0.0
0.0
0.0
0.0
0.0
0.0
0.0
0.0
0.0
0.0
0.0
0.0
0.0
0.0
0.0
0.0
0.0
0.0
0.0
0.0
0.0
0.0
0.0
0.0
0.0
0.0
0.0
0.0
0.0
0.0
0.0
0.0
0.0
0.0
0.0
0.0
0.0
0.0
0.0
0.0
0.0
0.0
0.0
0.0
0.0
0.0
0.0
0.0
0.0
0.0
0.0
0.0
0.0
0.0
0.0
0.0
0.0
0.0
0.0
0.0
0.0
0.0
0.0
0.0
0.0
0.0
0.0
0.0
0.0
0.0
0.0
0.0
0.0
0.0
0.0
0.0
0.0
0.0
0.0
0.0
0.0
0.0
0.0
0.0
0.0
0.0
0.0
0.0
0.0
0.0
0.0
0.0
0.0
0.0
0.0
0.0
0.0
0.0
0.0
0.0
0.0
0.0
0.0
0.0
0.0
0.0
0.0
0.0
0.0
0.0
0.0
0.0
0.0
0.0
0.0
0.0
0.0
0.0
0.0
0.0
0.0
0.0
0.0
0.0
0.0
0.0
0.0
0.0
0.0
0.0
0.0
0.0
0.0
0.0
0.0
0.0
0.0
0.0
0.0
0.0
0.0
0.0
0.0
0.0
0.0
0.0
0.0
0.0
0.0
0.0
0.0
0.0
0.0
0.0
0.0
0.0
0.0
0.0
0.0
0.0
0.0
0.0
0.0
0.0
0.0
0.0
0.0
0.0
0.0
0.0
0.0
0.0
0.0
0.0
0.0
0.0
0.0
0.0
0.0
0.0
0.0
0.0
0.0
0.0
0.0
0.0
0.0
0.0
0.0
0.0
0.0
0.0
0.0
0.0
0.0
0.0
0.0
0.0
0.0
0.0
0.0
0.0
0.0
0.0
0.0
0.0
0.0
0.0
0.0
0.0
0.0
0.0
0.0
0.0
0.0
0.0
0.0
0.0
0.0
0.0
0.0
0.0
0.0
0.0
0.0
0.0
0.0
0.0
0.0
0.0
0.0
0.0
0.0
0.0
0.0
0.0
0.0
0.0
0.0
0.0
0.0
0.0
0.0
0.0
0.0
0.0
0.0
0.0
0.0
0.0
0.0
0.0
0.0
0.0
0.0
0.0
0.0
0.0
0.0
0.0
0.0
0.0
0.0
0.0
0.0
0.0
0.0
0.0
0.0
0.0
0.0
0.0
0.0
0.0
0.0
0.0
0.0
0.0
0.0
0.0
0.0
0.0
0.0
0.0
0.0
0.0
0.0
0.0
0.0
0.0
0.0
0.0
0.0
0.0
0.0
0.0
0.0
0.0
0.0
0.0
0.0
0.0
0.0
0.0
0.0
0.0
0.0
0.0
0.0
0.0
0.0
0.0
0.0
0.0
0.0
0.0
0.0
0.0
0.0
0.0
0.0
0.0
0.0
0.0
0.0
0.0
0.0
0.0
0.0
0.0
0.0
0.0
0.0
0.0
0.0
0.0
0.0
0.0
0.0
0.0
0.0
0.0
0.0
0.0
0.0
0.0
0.0
0.0
0.0
0.0
0.0
0.0
0.0
0.0
0.0
0.0
0.0
0.0
0.0
0.0
0.0
0.0
0.0
0.0
0.0
0.0
0.0
0.0
0.0
0.0
0.0
0.0
0.0
0.0
0.0
0.0
0.0
0.0
0.0
0.0
0.0
0.0
0.0
0.0
0.0
0.0
0.0
0.0
0.0
0.0
0.0
0.0
0.0
0.0
0.0
0.0
0.0
0.0
0.0
0.0
0.0
0.0
0.0
0.0
0.0
0.0
0.0
0.0
0.0
0.0
0.0
0.0
0.0
0.0
0.0
0.0
0.0
0.0
0.0
0.0
0.0
0.0
0.0
0.0
0.0
0.0
0.0
0.0
0.0
0.0
0.0
0.0
0.0
0.0
0.0
0.0
0.0
0.0
0.0
0.0
0.0
0.0
0.0
0.0
0.0
0.0
0.0
0.0
0.0
3.5241529047360995e-6
8.1749184928757e-6
0.0
0.0
0.0
0.0
0.0
0.0
0.0
0.0
0.0
0.0
0.0
0.0
0.0
0.0
0.0
0.0
0.0
0.0
0.0
0.0
0.0
0.0
7.656280846573393e-6
1.1126421769944163e-5
0.0
0.0
0.0
0.0
0.0
0.0
0.0
0.0
0.0
0.0
0.0
0.0
0.0
0.0
0.0
0.0
0.0
0.0
0.0
0.0
0.0
0.0
0.0
0.0
0.0
0.0
0.0
0.0
0.0
0.0
0.0
0.0
0.0
0.0
0.0
0.0
0.0
0.0
0.0
0.0
0.0
0.0
0.0
0.0
0.0
0.0
0.0
0.0
0.0
0.0
0.0
0.0
0.0
0.0
0.0
0.0
0.0
0.0
0.0
0.0
0.0
0.0
0.0
0.0
0.0
0.0
0.0
0.0
0.0
0.0
0.0
0.0
0.0
0.0
0.0
0.0
0.0
0.0
0.0
0.0
0.0
0.0
0.0
0.0
0.0
0.0
0.0
0.0
0.0
0.0
0.0
0.0
0.0
0.0
0.0
0.0
0.0
0.0
0.0
0.0
0.0
0.0
0.0
0.0
0.0
0.0
0.0
0.0
0.0
0.0
0.0
0.0
0.0
0.0
0.0
0.0
0.0
0.0
0.0
0.0
0.0
0.0
0.0
0.0
0.0
0.0
0.0
0.0
0.0
0.0
0.0
0.0
0.0
0.0
0.0
0.0
0.0
0.0
0.0
0.0
0.0
0.0
0.0
0.0
0.0
0.0
0.0
0.0
0.0
0.0
0.0
0.0
0.0
0.0
0.0
0.0
0.0
0.0
0.0
0.0
0.0
0.0
0.0
0.0
0.0
0.0
0.0
0.0
0.0
0.0
0.0
0.0
0.0
0.0
0.0
0.0
0.0
0.0
0.0
0.0
0.0
0.0
0.0
0.0
0.0
0.0
0.0
0.0
0.0
0.0
0.0
0.0
0.0
0.0
0.0
0.0
0.0
0.0
0.0
0.0
0.0
0.0
0.0
0.0
0.0
0.0
0.0
0.0
0.0
0.0
0.0
0.0
0.0
0.0
0.0
0.0
0.0
0.0
0.0
0.0
0.0
0.0
0.0
0.0
0.0
0.0
0.0
0.0
0.0
0.0
0.0
0.0
0.0
0.0
0.0
0.0
0.0
0.0
0.0
0.0
0.0
0.0
0.0
0.0
0.0
0.0
0.0
0.0
0.0
0.0
0.0
0.0
0.0
0.0
0.0
0.0
0.0
0.0
0.0
0.0
0.0
0.0
0.0
0.0
0.0
0.0
0.0
0.0
0.0
0.0
0.0
0.0
0.0
0.0
0.0
0.0
0.0
0.0
0.0
0.0
0.0
0.0
0.0
0.0
0.0
0.0
0.0
0.0
0.0
0.0
0.0
0.0
0.0
0.0
0.0
0.0
0.0
0.0
0.0
0.0
0.0
0.0
0.0
0.0
0.0
0.0
0.0
0.0
0.0
0.0
0.0
0.0
0.0
0.0
0.0
0.0
0.0
0.0
0.0
0.0
0.0
0.0
0.0
0.0
0.0
0.0
0.0
0.0
0.0
0.0
0.0
0.0
0.0
0.0
0.0
0.0
0.0
0.0
0.0
0.0
0.0
0.0
0.0
0.0
0.0
0.0
0.0
0.0
0.0
0.0
0.0
0.0
0.0
0.0
0.0
0.0
0.0
0.0
0.0
0.0
0.0
0.0
0.0
0.0
0.0
0.0
0.0
0.0
0.0
0.0
0.0
0.0
0.0
0.0
0.0
0.0
0.0
0.0
0.0
0.0
0.0
0.0
0.0
0.0
0.0
0.0
0.0
0.0
0.0
0.0
0.0
0.0
0.0
0.0
0.0
0.0
0.0
0.0
0.0
0.0
0.0
0.0
0.0
0.0
0.0
0.0
0.0
0.0
0.0
0.0
0.0
0.0
0.0
0.0
0.0
0.0
0.0
0.0
0.0
0.0
0.0
0.0
0.0
0.0
0.0
0.0
0.0
0.0
0.0
0.0
0.0
0.0
0.0
0.0
0.0
0.0
0.0
0.0
0.0
0.0
0.0
0.0
0.0
0.0
0.0
0.0
0.0
0.0
0.0
0.0
0.0
0.0
0.0
0.0
0.0
0.0
0.0
0.0
0.0
0.0
0.0
0.0
0.0
0.0
0.0
0.0
0.0
0.0
0.0
0.0
0.0
0.0
0.0
0.0
0.0
0.0
0.0
0.0
0.0
0.0
0.0
0.0
0.0
0.0
0.0
0.0
0.0
0.0
0.0
0.0
0.0
0.0
0.0
0.0
0.0
0.0
0.0
0.0
0.0
0.0
0.0
0.0
0.0
0.0
0.0
0.0
0.0
0.0
0.0
0.0
0.0
0.0
0.0
0.0
0.0
0.0
0.0
0.0
0.0
0.0
0.0
0.0
0.0
0.0
0.0
0.0
0.0
0.0
0.0
0.0
0.0
0.0
0.0
0.0
0.0
0.0
0.0
0.0
0.0
0.0
0.0
0.0
0.0
0.0
0.0
0.0
0.0
0.0
0.0
0.0
0.0
0.0
0.0
0.0
0.0
0.0
0.0
0.0
0.0
0.0
0.0
0.0
0.0
0.0
0.0
0.0
0.0
0.0
0.0
0.0
0.0
0.0
0.0
0.0
0.0
0.0
0.0
0.0
0.0
0.0
0.0
0.0
0.0
0.0
0.0
0.0
0.0
0.0
0.0
0.0
0.0
0.0
0.0
0.0
0.0
0.0
0.0
0.0
0.0
0.0
0.0
0.0
0.0
0.0
0.0
0.0
0.0
0.0
0.0
0.0
0.0
0.0
0.0
0.0
0.0
0.0
0.0
0.0
0.0
0.0
0.0
0.0
0.0
0.0
0.0
0.0
0.0
0.0
0.0
0.0
0.0
0.0
0.0
0.0
0.0
0.0
0.0
0.0
0.0
0.0
0.0
0.0
0.0
0.0
0.0
0.0
0.0
0.0
0.0
0.0
0.0
0.0
0.0
0.0
0.0
0.0
0.0
0.0
0.0
0.0
0.0
0.0
0.0
0.0
0.0
0.0
0.0
0.0
0.0
0.0
0.0
0.0
0.0
0.0
0.0
0.0
0.0
0.0
0.0
0.0
0.0
0.0
0.0
0.0
0.0
0.0
0.0
0.0
0.0
0.0
0.0
0.0
0.0
0.0
0.0
0.0
0.0
0.0
0.0
0.0
0.0
0.0
0.0
0.0
0.0
0.0
0.0
0.0
0.0
0.0
0.0
0.0
0.0
0.0
0.0
0.0
0.0
0.0
0.0
0.0
0.0
0.0
0.0
0.0
0.0
0.0
0.0
0.0
0.0
0.0
0.0
0.0
0.0
0.0
0.0
0.0
0.0
0.0
0.0
0.0
0.0
0.0
0.0
0.0
0.0
0.0
0.0
0.0
0.0
0.0
0.0
0.0
0.0
0.0
0.0
0.0
0.0
0.0
0.0
0.0
0.0
0.0
0.0
0.0
0.0
0.0
0.0
0.0
0.0
0.0
0.0
0.0
0.0
0.0
0.0
0.0
0.0
0.0
0.0
0.0
0.0
0.0
0.0
0.0
0.0
0.0
0.0
0.0
0.0
0.0
0.0
0.0
0.0
0.0
0.0
0.0
0.0
0.0
0.0
0.0
0.0
0.0
0.0
0.0
0.0
0.0
0.0
0.0
0.0
0.0
0.0
0.0
0.0
0.0
0.0
0.0
0.0
0.0
0.0
0.0
0.0
0.0
0.0
0.0
0.0
0.0
0.0
0.0
0.0
0.0
0.0
0.0
0.0
0.0
0.0
0.0
0.0
0.0
0.0
0.0
0.0
0.0
0.0
0.0
0.0
0.0
0.0
0.0
0.0
0.0
0.0
0.0
0.0
0.0
0.0
0.0
0.0
0.0
0.0
0.0
0.0
0.0
0.0
0.0
0.0
0.0
0.0
0.0
0.0
0.0
0.0
0.0
0.0
0.0
0.0
0.0
0.0
0.0
0.0
0.0
0.0
0.0
0.0
0.0
0.0
0.0
0.0
0.0
0.0
0.0
0.0
0.0
0.0
0.0
0.0
0.0
0.0
0.0
0.0
0.0
0.0
0.0
0.0
0.0
0.0
0.0
0.0
0.0
0.0
0.0
0.0
0.0
0.0
0.0
0.0
0.0
0.0
0.0
0.0
0.0
0.0
0.0
0.0
0.0
0.0
0.0
0.0
0.0
0.0
0.0
0.0
0.0
0.0
9.426468812561711e-6
1.5863078471413755e-5
2.2995859740781767e-5
1.1868214021840602e-6
0.0
0.0
0.0
0.0
0.0
0.0
0.0
0.0
0.0
0.0
0.0
0.0
0.0
0.0
0.0
0.0
0.0
0.0
0.0
7.414292704371609e-6
1.481169348976223e-5
1.3688127087245197e-5
1.2860408611529433e-5
0.0
0.0
0.0
0.0
0.0
0.0
0.0
0.0
0.0
0.0
0.0
0.0
0.0
0.0
0.0
0.0
0.0
0.0
0.0
0.0
0.0
0.0
0.0
0.0
0.0
0.0
0.0
0.0
0.0
0.0
0.0
0.0
0.0
0.0
0.0
0.0
0.0
0.0
0.0
0.0
0.0
0.0
0.0
0.0
0.0
0.0
0.0
0.0
0.0
0.0
0.0
0.0
0.0
0.0
0.0
0.0
0.0
0.0
0.0
0.0
0.0
0.0
0.0
0.0
0.0
0.0
0.0
0.0
0.0
0.0
0.0
0.0
0.0
0.0
0.0
0.0
0.0
0.0
0.0
0.0
0.0
0.0
0.0
0.0
0.0
0.0
0.0
0.0
0.0
0.0
0.0
0.0
0.0
0.0
0.0
0.0
0.0
0.0
0.0
0.0
0.0
0.0
0.0
0.0
0.0
0.0
0.0
0.0
0.0
0.0
0.0
0.0
0.0
0.0
0.0
0.0
0.0
0.0
0.0
0.0
0.0
0.0
0.0
0.0
0.0
0.0
0.0
0.0
0.0
0.0
0.0
0.0
0.0
0.0
0.0
0.0
0.0
0.0
0.0
0.0
0.0
0.0
0.0
0.0
0.0
0.0
0.0
0.0
0.0
0.0
0.0
0.0
0.0
0.0
0.0
0.0
0.0
0.0
0.0
0.0
0.0
0.0
0.0
0.0
0.0
0.0
0.0
0.0
0.0
0.0
0.0
0.0
0.0
0.0
0.0
0.0
0.0
0.0
0.0
0.0
0.0
0.0
0.0
0.0
0.0
0.0
0.0
0.0
0.0
0.0
0.0
2.187960114859785e-6
0.0
0.0
0.0
0.0
0.0
0.0
0.0
0.0
0.0
0.0
0.0
0.0
0.0
0.0
0.0
0.0
0.0
0.0
0.0
0.0
0.0
0.0
0.0
0.0
0.0
0.0
0.0
0.0
0.0
0.0
0.0
0.0
0.0
0.0
0.0
0.0
0.0
0.0
0.0
0.0
0.0
0.0
0.0
0.0
0.0
0.0
0.0
0.0
0.0
0.0
0.0
0.0
0.0
0.0
0.0
0.0
0.0
0.0
0.0
0.0
0.0
0.0
0.0
0.0
0.0
0.0
0.0
0.0
0.0
0.0
0.0
0.0
0.0
0.0
0.0
0.0
0.0
0.0
0.0
0.0
0.0
0.0
0.0
0.0
0.0
0.0
0.0
0.0
0.0
0.0
0.0
8.744680596538166e-7
2.5192474082056122e-5
5.595791127427975e-5
8.840799916098778e-5
0.00012674506776072202
0.00012170398117427919
0.0
0.0
0.0
0.0
0.0
0.0
0.0
0.0
0.0
0.0
0.0
0.0
2.946586943214016e-7
0.0
3.7058892895210315e-6
2.144065666585435e-5
4.750673351328994e-5
6.22387581274881e-5
9.004904765629729e-5
0.00011358259085360168
0.0001254408888039057
0.0001103474857885264
0.00011524306296107698
6.970011328103628e-5
2.4057104002833807e-7
0.0
0.0
0.0
0.0
0.0
0.0
0.0
0.0
0.0
0.0
0.0
0.0
0.0
0.0
0.0
9.895318594371203e-7
0.0
0.0
7.4550630618152215e-6
3.353686763516384e-5
4.146730904950781e-5
5.697307705229184e-5
3.947914488591363e-5
3.4893088406214635e-7
0.0
0.0
0.0
0.0
0.0
0.0
0.0
0.0
0.0
0.0
0.0
0.0
1.086266169601284e-6
0.0
0.0
1.2286105099873983e-5
4.1763717521346165e-5
4.3433019111116446e-5
5.0491123202264805e-5
5.039663344043066e-5
5.180360055293594e-5
6.350107357228558e-5
5.733922319545068e-5
3.688118555974705e-7
0.0
0.0
0.0
0.0
0.0
0.0
0.0
0.0
0.0
0.0
0.0
0.0
0.0
0.0
0.0
0.0
0.0
0.0
0.0
0.0
0.0
0.0
0.0
0.0
0.0
0.0
0.0
0.0
0.0
0.0
0.0
0.0
0.0
0.0
0.0
0.0
0.0
0.0
0.0
0.0
0.0
0.0
0.0
0.0
0.0
0.0
0.0
0.0
0.0
0.0
0.0
0.0
0.0
0.0
0.0
0.0
0.0
0.0
0.0
0.0
0.0
0.0
0.0
0.0
1.8805762489461416e-6
9.702574835926538e-6
1.4036833420459926e-5
2.5731789357514287e-5
3.612947097450424e-5
4.769162120516612e-5
4.174222852079524e-5
3.5828113916142527e-7
0.0
0.0
0.0
0.0
0.0
0.0
0.0
0.0
0.0
0.0
0.0
0.0
0.0
0.0
0.0
0.0
2.1702847773765938e-6
1.22001123008408e-5
9.523607737393023e-6
1.5491746210413333e-5
1.7874660664338743e-5
1.6795386034103278e-5
1.1498099587178713e-6
3.5230537457810423e-7
0.0
0.0
0.0
0.0
0.0
0.0
0.0
0.0
0.0
0.0
0.0
0.0
0.0
0.0
0.0
0.0
0.0
0.0
0.0
1.7024736193456643e-6
8.883303002412479e-6
2.0807780533257252e-5
1.8563402428806267e-6
3.430751174968876e-7
0.0
0.0
0.0
0.0
0.0
0.0
0.0
0.0
0.0
0.0
0.0
0.0
0.0
0.0
0.0
0.0
0.0
0.0
0.0
7.128639779684829e-7
0.0
0.0
0.0
0.0
0.0
0.0
0.0
0.0
0.0
0.0
0.0
0.0
0.0
0.0
0.0
0.0
0.0
0.0
0.0
0.0
0.0
0.0
0.0
1.0078960516582642e-5
2.1618813181806897e-5
2.6079279690751667e-5
6.836282563980822e-6
3.4113035896382255e-7
0.0
0.0
0.0
0.0
0.0
0.0
0.0
0.0
0.0
0.0
0.0
0.0
0.0
0.0
0.0
0.0
0.0
0.0
1.0219552809545755e-6
1.2049869089198087e-5
3.053105040704057e-5
3.904059762803203e-5
1.3128772855051497e-5
3.4928510194467593e-7
0.0
0.0
0.0
0.0
0.0
0.0
0.0
0.0
0.0
0.0
0.0
0.0
0.0
0.0
0.0
0.0
0.0
0.0
0.0
0.0
0.0
0.0
0.0
0.0
0.0
0.0
0.0
0.0
0.0
0.0
0.0
0.0
0.0
0.0
0.0
0.0
0.0
0.0
0.0
0.0
0.0
0.0
0.0
0.0
0.0
0.0
0.0
0.0
0.0
0.0
0.0
0.0
0.0
0.0
0.0
0.0
0.0
0.0
0.0
0.0
0.0
0.0
0.0
1.0280682301365757e-6
0.0
2.5937720791780193e-6
2.6210353502312337e-5
4.845069927866747e-5
7.613341851328398e-5
9.606681576396477e-5
8.483508899085425e-5
0.0
0.0
8.696679268125186e-6
0.0
6.949550391484807e-8
0.0
0.0
0.0
0.0
0.0
0.0
3.7646636277076503e-6
4.425220367065651e-5
0.00010833040074324467
0.0001764922553631733
0.0002275306070986609
0.00027409665226042594
0.00033657767701714884
0.00039096751720606995
0.00043703946635174944
0.0005007672435294786
0.0005016750994989489
0.0005137710511336664
0.0004371864267661225
0.00014769584166921123
1.2071868705549935e-5
0.0
0.0
0.0
0.0
0.0
0.0
0.0
0.0
6.4854208219076e-7
3.6448864054072114e-5
0.0001276765347537192
0.0002212141619698299
0.00026352028175189346
0.00032041918468411003
0.00036622808181000074
0.00041511895005092315
0.00044290358460582195
0.00047349880865742334
0.000495477301228778
0.0004722237740767225
0.0004656768569505256
0.00037746431287683576
7.471732281270252e-5
0.0
0.0
0.0
0.0
0.0
0.0
0.0
0.0
0.0
0.0
3.7292754827672115e-7
7.9364900703939e-6
2.1914572269181702e-5
2.5943609467286835e-5
6.660410420598889e-5
0.00014909099732993071
0.00020682947163065392
0.00023204161096115823
0.00027973467282612204
0.00031189260856704835
0.0003161993312343725
0.00032294944026174704
0.00025262884837050836
1.667218756157012e-5
0.0
0.0
0.0
0.0
0.0
0.0
0.0
0.0
0.0
0.0
0.0
9.26220916587446e-7
1.3120938513484227e-6
1.84096962624079e-5
4.553335269119795e-5
6.941327331550306e-5
0.00011129679798277322
0.00013932765359545875
0.00016862500781149035
0.00020865137867372111
0.00022152614211893277
0.00020737531245985659
0.0001586890033688866
5.266085232403414e-6
0.0
0.0
0.0
0.0
0.0
0.0
0.0
0.0
0.0
0.0
0.0
0.0
0.0
0.0
0.0
0.0
7.787241823800346e-6
3.169004899937238e-5
5.8166737736197176e-5
0.00011931621481791302
0.0001303941106319742
0.00013228082931974764
0.00011079875467833833
1.9022451260712865e-6
0.0
0.0
0.0
0.0
0.0
0.0
0.0
0.0
0.0
0.0
0.0
0.0
0.0
0.0
0.0
3.016898024111933e-6
1.9345352127855125e-5
2.8267678937635396e-5
3.1700826148028356e-5
4.14629221125352e-5
4.372950897778517e-5
5.051477291855803e-5
3.628618014833492e-5
0.0
0.0
0.0
0.0
0.0
0.0
0.0
0.0
0.0
0.0
0.0
0.0
1.8927858892167662e-6
5.0783322894316165e-6
2.191040069498124e-5
3.680993138245777e-5
5.507860486117614e-5
8.436923167576389e-5
0.00010888043628925318
0.00014119355228748226
0.00016390667847062458
0.00019059863521754322
0.00019257304498543882
0.00015858020024916322
3.559702674814601e-6
0.0
0.0
0.0
0.0
0.0
0.0
0.0
0.0
0.0
0.0
0.0
0.0
0.0
0.0
0.0
0.0
0.0
0.0
0.0
0.0
0.0
0.0
0.0
0.0
0.0
0.0
0.0
0.0
0.0
0.0
0.0
0.0
0.0
0.0
0.0
0.0
0.0
0.0
0.0
0.0
0.0
0.0
6.671987060605234e-6
1.7669745695741676e-5
1.664038176844359e-5
1.571842064625966e-5
4.7233554085884e-6
3.7798379627012956e-7
0.0
0.0
0.0
0.0
0.0
0.0
0.0
0.0
0.0
0.0
0.0
0.0
0.0
0.0
0.0
0.0
0.0
0.0
0.0
0.0
0.0
0.0
0.0
3.4949087884269423e-7
0.0
0.0
0.0
0.0
0.0
0.0
0.0
0.0
0.0
0.0
0.0
0.0
0.0
0.0
0.0
3.6154668314482147e-6
2.7584743105815636e-5
4.9108924243554714e-5
7.078930549607903e-5
9.312267203978132e-5
7.862689932560142e-5
7.04409373266841e-5
6.571986040804387e-5
0.0
0.0
0.0
0.0
0.0
0.0
0.0
0.0
0.0
0.0
0.0
0.0
2.79393766333642e-6
6.097922011712203e-6
3.118386177645152e-5
4.258826052025456e-5
6.345003951806494e-5
6.083957447934551e-5
6.752646058752219e-5
6.874444094918703e-5
6.885655721856371e-5
8.787742671133461e-5
6.876125395197069e-5
4.620837098634974e-5
3.668732191140843e-7
0.0
0.0
0.0
0.0
0.0
0.0
0.0
0.0
0.0
0.0
0.0
0.0
0.0
0.0
0.0
0.0
0.0
0.0
0.0
0.0
0.0
0.0
0.0
0.0
0.0
0.0
0.0
0.0
0.0
0.0
0.0
0.0
0.0
0.0
0.0
0.0
0.0
0.0
0.0
0.0
0.0
0.0
0.0
0.0
0.0
0.0
0.0
0.0
0.0
0.0
0.0
0.0
0.0
0.0
0.0
0.0
0.0
0.0
0.0
0.0
0.0
0.0
0.0
0.0
0.0
0.0
0.0
0.0
0.0
0.0
0.0
0.0
0.0
0.0
0.0
0.0
0.0
0.0
0.0
0.0
0.0
0.0
0.0
0.0
0.0
0.0
0.0
0.0
0.0
0.0
0.0
0.0
0.0
0.0
0.0
0.0
0.0
0.0
0.0
0.0
0.0
0.0
0.0
0.0
0.0
0.0
0.0
1.4649558101169136e-6
0.0
0.0
0.0
0.0
6.185763533554053e-6
3.6020283736234714e-5
5.2069822857448126e-5
0.00012362529166481124
0.0002538320662546734
0.0002611479313624549
0.00022167844490069563
4.3978294394531164e-5
0.0
0.0
0.0
0.0
0.0
0.0
0.0
0.0
0.0
0.0
0.0
0.0
0.0
0.0
0.0
0.0
5.517763978374067e-6
1.006619858294873e-5
2.037828993960877e-5
2.7545358922597198e-5
3.406895272063947e-5
3.7807275545370476e-5
2.6973340145305813e-5
0.0
0.0
0.0
0.0
0.0
0.0
0.0
0.0
0.0
0.0
0.0
0.0
0.0
0.0
0.0
0.0
0.0
0.0
0.0
0.0
0.0
0.0
0.0
0.0
0.0
0.0
0.0
0.0
0.0
0.0
0.0
0.0
0.0
0.0
0.0
0.0
0.0
0.0
0.0
0.0
0.0
0.0
0.0
0.0
0.0
0.0
0.0
0.0
0.0
0.0
0.0
2.933215990307947e-7
2.9218884503134113e-5
0.0
0.0
2.8891586680123565e-5
9.55091198503378e-6
1.0348650654843951e-5
8.901563535590645e-5
0.0001966716622311968
0.00029430444512982304
0.00031879250904257977
0.0003251531140195357
0.00037764695499675006
0.000421073962474767
0.00048286905745446813
0.0005394295636623582
0.0005816412549178693
0.0006242643979540991
0.0006390231541995231
0.0006686992158883131
0.0006672101637809345
0.00042545817660375346
0.000267893735308626
0.00015048891818846168
4.0677519599383766e-5
1.6235091965138097e-5
0.0
0.0
0.0
0.0
0.0
2.8677688745315883e-5
0.0001616355816325365
0.00030340238564765875
0.00036314085964563866
0.0004512795776776053
0.0005528928008599729
0.0006123121331117758
0.0006377392146295375
0.0006722300208318727
0.0006963699038555291
0.000727359072972207
0.0007543982788161406
0.0007330527496339633
0.0006542254442602709
0.0004286085979967996
9.216187055516572e-5
2.6074611902912803e-6
0.0
0.0
7.535787034935786e-8
0.0
0.0
0.0
0.0
0.0
2.1497978385926e-6
3.0955905800352e-5
5.880089975752649e-5
8.445545894478607e-5
0.0001432215190536435
0.00014665257014929856
0.00013958979173889585
0.00014962725663348204
0.00015856051659795175
0.00016669502393166634
0.00017389765438475098
0.00015589135425000315
0.0001341886227371724
8.438852026765599e-5
0.0
0.0
0.0
0.0
0.0
0.0
0.0
0.0
0.0
0.0
1.156968869301939e-6
8.787175968650078e-6
3.8339264938216704e-5
5.4904300836730223e-5
8.753993229640563e-5
0.00011132717567450951
0.0001266334723956476
0.00015868450608491028
0.00018139044779797854
0.0002075231067385673
0.00023977939985684444
0.00030095230262991115
0.0003195663510633669
0.000263330137809906
0.00012615100047278063
9.779580172421793e-5
0.0001296825196975048
9.845563758315965e-5
9.431606001317314e-5
1.7397458784958496e-5
1.9657532115659984e-5
7.299366093013646e-5
8.726332441507664e-5
8.935117965193225e-5
0.00018481885640990022
0.00020404679458595925
0.0002583827065904452
0.0002942968982575071
0.0003263211096584532
0.00038872230077574186
0.0003947438825864831
0.0003927288548066276
0.0004156130778109056
0.0004267989778421238
0.0004314185920997543
0.000403629073246246
0.0003521826571082298
0.00028690502704152836
0.0001334987121015432
8.249638360113934e-5
8.702546957002355e-5
5.84332884291483e-5
6.093163928576098e-5
3.4416769294167155e-7
0.0
1.222460862251522e-6
1.1304989660709347e-5
4.95705595420879e-5
0.00022435747420845878
0.0002911427706557886
0.00037486483734039703
0.00039934319022979706
0.0004585172853106771
0.0005373900342035022
0.0006022124159132975
0.0005777980986390372
0.0005719556825131696
0.0006705012095065372
0.000725159799005495
0.0007646941157234507
0.0007774005974658775
0.0005443244977818307
0.00015310515006700242
6.565414937611797e-6
0.0
0.0
7.500554310723539e-8
0.0
0.0
0.0
0.0
2.949375964602637e-7
5.3410419125911256e-5
0.00016068762694647142
0.000294414224570057
0.0003525671819762267
0.00044143909401251523
0.0005246269301329762
0.0005751861352275065
0.0006032004536614329
0.0006546801321852004
0.0006913089071490874
0.0007026997965687727
0.0006872029985476409
0.0006857147434294977
0.0005106788261311568
0.0001228955893152064
0.0
0.0
0.0
0.0
0.0
0.0
0.0
0.0
0.0
1.1268615416398782e-6
2.5009495946470753e-6
4.835708385681374e-5
0.00016550620064367577
0.0002676058747811567
0.00036417892012222797
0.00042938819270745725
0.0004982694600450152
0.0005543923074066822
0.0005615251572080796
0.0005800587635629161
0.0005964302386585641
0.0005838674564060903
0.0004174597420496008
6.22715714632045e-5
0.0
0.0
0.0
0.0
0.0
0.0
0.0
0.0
0.0
2.760037129591351e-6
2.6938609130339757e-5
8.900292466474936e-5
0.00013973720448205696
0.00022229817891213774
0.0003144518167528759
0.0003645295463350228
0.00043296547402088765
0.0004888739038827763
0.0005130449079271734
0.0005456815737247663
0.0005150338558780207
0.00047241050689782426
0.00029655878701732245
2.0404274067290424e-5
0.0
0.0
0.0
0.0
0.0
0.0
0.0
0.0
0.0
7.892452638041367e-7
0.0
4.286161204306635e-5
0.00012997679779728748
0.00021379141811823235
0.0002988068783141031
0.00035032486250262444
0.0004203959053581096
0.0004777848220412735
0.0005034628111466055
0.0005554310119799845
0.0005564935312595713
0.0004723807520822234
0.00029953189230756325
2.5887590299319026e-5
0.0
0.0
0.0
0.0
0.0
0.0
0.0
0.0
0.0
9.212647097894362e-7
0.0
5.638358744300699e-7
4.870858550540562e-5
0.0001243529070923628
0.00019373098598418718
0.00023587185495334558
0.0002866866577309824
0.0003209651416177027
0.0003331224892538225
0.0003466632374812552
0.0002761087019409369
0.0002532624090667643
0.00017860589177549758
3.63741354768304e-6
0.0
0.0
0.0
0.0
0.0
0.0
0.0
0.0
0.0
0.0
0.0
6.272496642877483e-7
0.0
0.0
0.0
0.0
0.0
0.0
0.0
0.0
0.0
0.0
0.0
3.933578052454223e-7
0.0
0.0
0.0
0.0
0.0
0.0
0.0
0.0
0.0
0.0
0.0
8.157766655736786e-7
5.691712425950785e-6
3.653158002194884e-5
5.171148461710409e-5
4.173642584950675e-5
5.307334406090547e-5
5.708689405529964e-5
7.656280278662032e-5
7.864779378470625e-5
7.039511015864084e-5
7.054316124982574e-5
4.425253668587712e-5
3.6788584351050035e-7
0.0
0.0
0.0
0.0
0.0
0.0
0.0
0.0
0.0
0.0
0.0
1.8843035451325811e-6
8.730633339474306e-6
1.643579448383187e-5
1.6447536516498506e-5
2.044322636826914e-5
3.2139302795307564e-5
4.7071410148181155e-5
5.395133491995296e-5
8.141341660778884e-5
0.00010226211757232808
0.00011909131304823785
0.00010716599720890983
0.0
0.0
0.0
0.0
0.0
0.0
0.0
0.0
0.0
0.0
0.0
0.0
0.0
0.0
0.0
2.730145467355579e-6
7.900997228863389e-6
1.8491853720335727e-5
1.8907197111478453e-5
3.904424928938341e-6
2.7291906161557214e-6
1.2356444878994066e-5
1.5577420126782718e-5
0.0
4.939307064811993e-7
0.0
0.0
0.0
0.0
0.0
0.0
0.0
0.0
0.0
0.0
0.0
0.0
0.0
0.0
0.0
0.0
0.0
0.0
0.0
0.0
0.0
0.0
0.0
0.0
0.0
0.0
0.0
0.0
0.0
0.0
0.0
0.0
0.0
0.0
0.0
1.1062928827592805e-6
0.0
0.0
0.0
0.0
0.0
0.0
0.0
0.0
0.0
0.0
0.0
0.0
0.0
0.0
0.0
0.0
0.0
0.0
0.0
0.0
0.0
0.0
0.0
0.0
0.0
0.0
0.0
0.0
0.0
0.0
0.0
0.0
0.0
0.0
0.0
0.0
0.0
0.0
0.0
0.0
0.0
0.0
0.0
0.0
0.0
7.680363508744296e-7
0.0
1.1627788442958034e-6
0.0
0.0
0.0
0.0
0.0
0.0
6.897891049462288e-7
6.474255565410852e-6
4.2283957158627e-6
9.876576606292442e-6
2.6771074165766744e-6
3.7132342471710593e-7
0.0
0.0
0.0
0.0
0.0
0.0
0.0
0.0
0.0
4.9890149851270395e-5
0.00012689956365439595
0.00021752074478346737
0.00027304628515335046
0.0003360973794207635
0.0004185539437385702
0.00045057909423704633
0.0004842236054526079
0.0005468092381774005
0.0005822904135214151
0.0005939941346093658
0.0006090236603812114
0.0006252050484999473
0.0004578661939821441
7.252362655306514e-5
8.458520638327479e-8
0.0
0.0
0.0
0.0
0.0
0.0
0.0
0.0
0.0
0.0
1.5623646772199985e-6
0.0
0.0
0.0
0.0
0.0
0.0
0.0
0.0
0.0
0.0
0.0
0.0
0.0
0.0
0.0
0.0
0.0
0.0
0.0
0.0
0.0
0.0
0.0
0.0
0.0
0.0
0.0
0.0
0.0
0.0
0.0
0.0
0.0
0.0
0.0
0.0
0.0
0.0
0.0
0.0
0.0
0.0
0.0
0.0
0.0
0.0
0.0
0.0
0.0
0.0
0.0
0.0
0.0
0.0
0.0
0.0
0.0
0.0
0.0
0.0
0.0
0.0
0.0
0.0
0.0
0.0
0.0
0.0
0.0
0.0
0.0
0.0
0.0
0.0
0.0
0.0
0.0
0.0
0.0
8.230731048950548e-6
3.170052959045587e-5
4.106958051198383e-5
5.3810589951891316e-5
0.0
0.0
1.0695293669549565e-7
0.0
7.380566900340993e-8
0.0
0.0
0.0
0.0
0.0
2.736519963635747e-5
6.772130771396778e-5
0.00013845388378760608
0.00018545622559105505
0.00022961361795594448
0.0002861399533808151
0.0002964782296170394
0.0003152378308622081
0.0003772769906628871
0.0004334389734660754
0.0004559276053320272
0.0004712124790973138
0.00045063443445959026
0.0003474179248867889
0.00013184651706298154
3.8272159766521744e-5
2.8931853787220022e-5
0.0
7.398914969271609e-8
0.0
0.0
0.0
0.0
2.8685096405424344e-5
0.00012717018802858775
0.00026302989690174625
0.00039601658116425215
0.0004823945122870446
0.000563525600624136
0.0006547726502509785
0.0007559511739880077
0.0007653213153776206
0.0008410567498019653
0.0008969634800173425
0.0009825961458450117
0.0009866176044616916
0.0009088093726266866
0.0007655579400379578
0.00042902661806811475
0.00016945615539340107
6.061723883411204e-5
9.950645632326659e-6
1.4839793596033978e-6
0.0
0.0
0.0
0.0
2.322264816765723e-5
9.935279664210898e-5
0.00018358253294613753
0.00026867413135699825
0.00030154209579781973
0.00033527827642999304
0.00037477148845421667
0.00037707994498893167
0.0003818121781566292
0.0004144914180859863
0.0004498123522388707
0.0004735308792990134
0.0004563423560428728
0.00037725934149107187
0.00024484527138221145
2.4848466776153567e-5
0.0
0.0
0.0
0.0
0.0
0.0
0.0
0.0
0.0
0.0
0.0
1.4714534074897753e-6
0.0
0.0
0.0
0.0
0.0
0.0
0.0
0.0
0.0
0.0
0.0
0.0
0.0
0.0
0.0
0.0
0.0
0.0
0.0
0.0
0.0
0.0
0.0
0.0
0.0
0.0
0.0
0.0
0.0
0.0
0.0
0.0
0.0
0.0
0.0
0.0
0.0
0.0
1.0990287172404342e-5
0.0001661642326665487
0.0002404431060360568
0.0003179191757350515
0.00037986755260005267
0.00037247772734345474
0.0003843300350029943
0.0004911140493777752
0.0005452805573370401
0.0005837284838867757
0.000591442211517417
0.0006445114902896463
0.0007127186065753149
0.0007387288522656218
0.0007544953857448633
0.0007888257854268959
0.0008896352596630794
0.0010169135221802452
0.0010560571414511988
0.0010410121406600806
0.0009330412032826427
0.0007135514017959279
0.0006504879545432422
0.0005420919784754051
0.00036616733477560793
0.000205673623120012
4.8865868113165216e-5
1.5807902230013894e-5
5.269842795743253e-5
0.00012787837540852493
0.0003127580280776006
0.000550121474215227
0.0006664089176453373
0.0007867907281178075
0.0008494387226411938
0.0009057967854950855
0.0009437995952091933
0.0009429640706222362
0.0009808522100747822
0.0010452880853146895
0.0010820359144157817
0.001097519494974011
0.0010737607344813932
0.001009522228007433
0.0007828225394997774
0.00027018752198844446
1.9228228811003073e-5
0.0
0.0
4.666997526283358e-8
0.0
0.0
0.0
0.0
0.0
3.965305236386038e-6
3.070096031082652e-5
6.693934623054076e-5
6.0825864281587766e-5
0.0001043806957701545
8.075861506128596e-5
6.528040739676937e-5
6.676886644988174e-5
4.6462374334409854e-5
4.044558992227329e-5
4.6794716227846176e-5
1.7785599630687883e-5
0.0
0.0
0.0
0.0
0.0
0.0
0.0
0.0
0.0
0.0
0.0
0.0
0.0
2.041809351623517e-6
2.1964978159516427e-5
6.326516850695429e-5
0.00013064293782020966
0.00020289469402938817
0.00026721655397564414
0.0002950239165519191
0.00030680456953925125
0.00028019811015175675
0.0002655156317074993
0.0002424467029691015
0.00021035008113029364
0.00018326239244129803
6.507052416043288e-5
4.670060458365709e-5
8.10661865832028e-5
8.70372402069852e-5
0.00012150793478080353
5.9890984010859283e-5
6.89777316915351e-5
0.00012601218658598096
0.00019341505845976543
0.0002477358298430156
0.0003602422384089672
0.00039676726014182146
0.0004528039094301545
0.0005118421268912111
0.0005856245678938235
0.0006303827928233506
0.0006644742723699386
0.0007076210667296373
0.0007593950197874346
0.0008142735556163411
0.0009273439652165656
0.0009817189871804857
0.0009893598223008806
0.000951819647270149
0.0007608574414613913
0.0007273949346178102
0.0007160300250121153
0.0006966416655309249
0.00064735693641148
0.0006421658212108343
0.0007018899988012963
0.0008039030341036094
0.0008142732409603991
0.0008381826056319031
0.0010081918899923208
0.0010570128553892954
0.001077888772579563
0.0010748899788234267
0.00110953644718151
0.001160753386254161
0.0011699708781142937
0.0012095240493154803
0.0012770656656743392
0.001315366318371334
0.0013546787795161404
0.0013773316052536858
0.0013836780512350606
0.0012633072111054727
0.0008778491464645757
0.0007176908007303962
0.0005953029384345329
0.0004987983771156734
0.00045559175699034794
0.0003349561177090688
0.00029907688016003774
0.00035642085035522117
0.0004480332670169327
0.0006103615134377731
0.0008635394790424898
0.0010404357201957758
0.001167944487758748
0.0012039233196534732
0.0012895896835844918
0.001392488037559189
0.0014788896484114768
0.0015317719723292654
0.0016087190800812984
0.0016588262246888953
0.001704596854677556
0.001710899445378277
0.0017055516571744492
0.001521202418322512
0.0009737595998806998
0.0006783583762402073
0.0003909536043344019
0.00031752854786371384
0.0003188028974719988
0.00019238539411344546
0.0002382503674854397
0.0003368614968509394
0.00037368978977304613
0.0004408315935771117
0.0006211841960612431
0.0007037212626406188
0.0008024217402915968
0.000869593846471742
0.0009201402235531511
0.0009572981220534805
0.0009271770488492246
0.0010279066258712106
0.0011668826857172917
0.0012504987748368768
0.0012086526593432282
0.0011367647225452339
0.0010647094936713111
0.0009269321990408133
0.0006270531326909831
0.000493971159077017
0.0004258050506009678
0.00039058963046524256
0.0003051166820109205
0.00015718274850454937
5.527134350580946e-5
8.314452257332369e-5
0.00019137352878752792
0.00040686792496084847
0.0006557484239837221
0.0007645885980535692
0.0009103387074782922
0.0010224978032854959
0.0011395714631161826
0.0012341244683595665
0.0012855065948442987
0.0013234768770656103
0.0013517428986848292
0.0013756070802241243
0.0013928260022186396
0.0014184500975794904
0.00140987978115556
0.0012503090567849249
0.0006938547876815538
0.00035070054343398207
0.00015930850682397088
6.412606866065068e-5
7.668836035250887e-5
5.900998277805601e-7
0.0
0.0
3.489898349137936e-5
0.0001003608540919147
0.00028766047082150355
0.00033958163824484894
0.00041025230730992084
0.0004445995037749103
0.0004934570982370664
0.0005762490269978065
0.0006383384507805556
0.0007134311662639414
0.0007564401728039508
0.0007718009891026712
0.0007838966834813698
0.0006900669326628936
0.0005710550679788486
0.0004337013803455162
0.0002481126309425698
0.00014380801711808675
8.769985291766217e-5
5.95172193498441e-5
7.047799805668123e-5
3.210343207877712e-7
0.0
5.410199854254773e-5
7.466205360082113e-5
7.645586360764277e-5
0.00016479742465361788
0.00018234341462793644
0.00023797253211545178
0.00023942529860052232
0.0002369980910175899
0.0002956145435841654
0.0003615010368995965
0.000393840666965949
0.0004025796695881831
0.0004096694856235837
0.00043662033298283453
0.0004226425508725842
0.0003929101829901199
0.0003507584750891156
0.00022247985480001282
0.00020060553769700416
0.00023139822426776027
0.0002342206752846361
0.00018467947765567533
0.00012246632459895235
0.0002085989746311839
0.00033274081003049905
0.00036692692326488013
0.0004034019716680021
0.0005099401808735301
0.0005249385937997757
0.0005765126222295949
0.0005827011678930681
0.0005804164451829274
0.0005976716043576945
0.0006055240156816733
0.0006289214489634048
0.0006479644257147773
0.0006476565461813942
0.0006176939722545411
0.0005743912145634371
0.0005423405843260582
0.0004580914385859056
0.0003014016200093066
0.0002440306031442889
0.00023108260800746699
0.0001823476786594979
0.00013387443286496867
3.512204669803226e-5
3.427460669585277e-5
8.127541830432103e-5
7.444426322068153e-5
6.979100847704865e-5
0.00016658262940311692
0.00017222782791616854
0.00018428634036406243
0.00021313337992051918
0.0002252737602263348
0.00020034262743763156
0.00018604480727270754
0.0002064921186282628
0.00022013583709959506
0.00022388758591419174
0.0002624379541067169
0.00027016624844633226
0.00028014308406333757
0.0002677904921541828
3.2426769811516064e-5
0.0
0.0
0.0
0.0
0.0
0.0
0.0
0.0
0.0
4.122901626043525e-6
3.607509756669574e-5
0.00012687027169090237
0.00019141837526049076
0.00023259355688097163
0.0002905790341829797
0.00037544241510890935
0.00042638231788807784
0.00044007606300149515
0.000490090229126355
0.000541953555255961
0.0005585797922570471
0.0005662964764185767
0.0005222726120163549
0.0002709408233597741
0.00010742868404343016
5.1207191035040833e-5
9.785808020595353e-6
5.743475044350128e-7
0.0
0.0
0.0
5.094133900351754e-6
0.00010654723360404675
0.00034451179121775536
0.00045004313541339557
0.0005043582670802601
0.0003992917445050672
0.0004587715989748973
0.0005912037498856008
0.0006482088793767495
0.0006934094664674119
0.0007001331410038292
0.0006568434777136714
0.0006403645869240173
0.0006152921594412312
0.0005841141655371627
0.00047649493514349616
0.0001697467393732832
7.730518947559935e-6
0.0
0.0
0.0
0.0
0.0
0.0
0.0
0.0
0.0
0.0
6.659216734406805e-7
0.0
0.0
0.0
0.0
0.0
0.0
0.0
0.0
0.0
0.0
0.0
0.0
0.0
0.0
0.0
0.0
0.0
0.0
0.0
0.0
0.0
0.0
0.0
0.0
0.0
0.0
0.0
0.0
0.0
0.0
0.0
0.0
0.0
0.0
0.0
0.0
0.0
0.0
0.0
0.0
0.0
0.0
0.0
0.0
0.0
0.0
0.0
1.4267527077195629e-6
0.0
9.8845499513402e-6
6.0360126984518485e-6
2.6353571754788537e-5
0.00013389296390832996
0.0002624915492846284
0.0003691149001439962
0.00045710519502021566
0.000501666864784221
0.0005200910731474035
0.0004845705681587944
0.00024996557612436756
8.539239589824467e-5
5.4787750005838646e-5
1.0414150524628439e-5
1.0584460714605521e-5
0.0
0.0
0.0
2.887685811206316e-5
0.0001563131834150043
0.00045075237564707406
0.0005931160298027739
0.0007185024958262402
0.0008236282231172859
0.000938799325273232
0.0010004075585429131
0.0010582990841725786
0.001163253783435427
0.0011987427330772103
0.0012099651946852153
0.0012793853992066773
0.001287794684494778
0.0012505996560714533
0.0010986701181783184
0.0005603551812718145
0.00018805800251653262
5.4699000392861585e-5
7.829592168048933e-6
1.8186757083073716e-6
0.0
0.0
0.0
2.8993669347272615e-6
4.313225485480922e-5
0.0002100872921934858
0.0003455321096390175
0.00044617508304851554
0.0005244425984550219
0.0005240923283826594
0.0005235974706000183
0.000497440970862271
0.0005439618649836025
0.0006284946884492511
0.0006648291133895124
0.0006985320458119759
0.0007425932577350835
0.0007277976882229067
0.0005517440210628935
0.0002768863427060299
0.00015413704753124044
7.412324501013884e-5
2.8060390743126127e-6
6.883492221348108e-8
0.0
0.0
0.0
0.0
0.0
1.2868603450704765e-5
3.350384033688552e-5
7.552901182067606e-5
9.68900595504012e-5
0.0001079522648345692
0.00011492673041931889
0.00015942310229169357
0.00022486992141481312
0.00025636026300143163
0.0004019515062240919
0.0004905979933686786
0.0004969674498486273
0.0004868120205456793
0.00043190510523811754
0.00022229812768705484
9.2631665705012e-5
6.416192478368551e-5
2.6985431378231997e-5
2.5471691555223162e-5
0.0
0.0
0.0
4.039199575320895e-6
0.00012340914799279938
0.000451920016276164
0.0006092235470904525
0.0007272072853982389
0.0008034478982853404
0.0009075480284494668
0.0009773586133268403
0.0010544520934919128
0.0011481460645313434
0.001192375135224166
0.0011943729378089112
0.0012217113810190155
0.0012209914555287398
0.0011404121771780072
0.0009011955633034266
0.00046417239026773274
0.00017477760033736162
3.776020378175182e-5
0.0
7.337982063491334e-8
0.0
0.0
0.0
3.8172584615014123e-7
2.5434318247856806e-6
8.859208888956912e-5
0.0001731842962284062
0.00025717793916926474
0.00032687847134798236
0.0003615713698950893
0.00040720692742830295
0.00045234581647221
0.0004960107533282104
0.0005192972735212264
0.0005463481665982941
0.0005271990579978627
0.0004393973627447902
0.00038502842804271676
0.00026953709006327073
5.8478228811864155e-5
2.7902095531147075e-6
0.0
0.0
7.475670299532026e-8
0.0
0.0
0.0
0.0
0.0
2.9147728079653297e-6
2.157529583015473e-5
5.043169567034702e-5
0.00011880431169325412
0.00019657814401524316
0.00024126682128458905
0.00025595857120794334
0.0003020095315499171
0.00035055180127381374
0.00037289266347344604
0.0004034336274646932
0.00041305430986509446
0.0004378228424127969
0.0004004893773767128
0.00024373687799709892
0.000161913574852313
0.00013317418163318967
9.788272747203183e-5
9.911785762618073e-5
9.12265608112549e-7
0.0
5.531015534221875e-6
3.630787531027637e-5
6.704698961960541e-5
0.0001713348821855153
0.0002910580214086959
0.00043698611677593326
0.000475839808600368
0.0005362431309490608
0.0006331173542955215
0.000732657372440805
0.0007865574446548134
0.0008298338296903319
0.0008652032538197838
0.0009112043557188411
0.0009023926186970579
0.0008900123397610478
0.0007039645089908748
0.0003637224993284075
0.0001563921011777865
9.772218232221785e-5
3.253836050632397e-5
5.644998759579775e-6
8.874814197358158e-8
0.0
0.0
0.0
3.133476301733408e-6
5.237613316390273e-5
7.022285731175061e-5
0.00015910501922621956
0.00020398351247526486
0.00021787665213706731
0.00022324183469183957
0.0002235785120275599
0.00021146007501659576
0.0002328257010424615
0.00024933889733101515
0.00024954022834407924
0.0002290090944023113
0.00016752006955387126
9.852950371785957e-5
2.151563535891258e-7
0.0
0.0
0.0
8.5481056932704e-8
0.0
0.0
0.0
0.0
0.0
9.486708196816348e-7
0.0
1.2792225173581749e-6
0.0
0.0
4.6019297170262284e-6
1.178178131327542e-5
1.4214173683414854e-5
1.6156647029874072e-5
1.7820818597182192e-5
1.928234836330311e-5
2.464469791877898e-5
2.7405812647566382e-5
1.5753962052473604e-5
0.0
0.0
0.0
0.0
7.660642995476176e-8
0.0
0.0
0.0
0.0
0.0
0.0
7.077192733887051e-6
3.509924512648183e-5
2.8888201154385424e-5
2.6397155699048477e-5
3.9583918409276726e-5
8.790604344300529e-5
0.00021133265249241728
0.00031545035294694955
0.0003658664811667537
0.00041150562741273635
0.00041119777710113233
0.0004684273464665142
0.000578828060508292
0.0004744311522168222
0.00038610711783731126
0.0003680084853168397
0.0003354496783404169
0.0003784366138272611
0.00037718016751590557
0.0004055660744406103
0.0004625895912144037
0.00048674843099751796
0.000526047830963758
0.0006478836456723682
0.0007134620086341461
0.0007693563442058218
0.0008127629405320865
0.0008854383051299437
0.0009603024479446316
