0.001500356440378846
0.0
0.0
0.0
0.0
0.002675765288061804
0.0018906436357006896
0.0012078293563508443
0.000994957365569958
0.000537236649129344
7.731149571945423e-5
0.0
0.0
0.0
0.0
0.0
4.440702451076157e-6
5.471561502592822e-6
0.0
6.447738574062611e-5
0.0002379863550992524
0.00035502074641298475
0.0005605817480845351
0.000707182527716563
0.0013323959908465946
0.0
0.0
0.0
0.0
0.0018331952122952995
0.0014758580404176257
0.0008680920162792245
0.0005373939365229519
0.00019177368121349908
0.0
0.0
0.0
0.0
4.1771679755018035e-6
2.0262792105203213e-5
9.009761789814388e-5
2.1913125450591496e-5
0.00012907943898282244
0.00023350867991740382
0.0002699446375790894
0.0002633013809439046
0.0003194591708081336
0.00039205523512854894
0.0011135642375943338
0.0
0.0
0.0
0.0
0.0015252729376899314
0.0008128330665377986
0.0004639072205302
0.00042379925585788684
0.0003138688416638648
7.301585450925635e-5
0.0
0.0
0.0
2.7006989088691986e-6
1.0767283902875857e-5
1.8664192005579557e-5
0.0
1.120805926339814e-5
5.5782859305781325e-5
0.00011041020861472647
0.00017211514201630573
0.0002483603261208321
0.00031719664364396734
0.0006642050862797703
0.0
0.0
0.0
0.0
0.0013063932030561208
0.0007263585593070618
0.0003693088996403842
0.0002961759224832963
7.96764438357554e-5
0.0
0.0
0.0
0.0
5.541793789876506e-6
2.825048317246154e-6
0.0
0.0
0.0
0.0
2.867065926444957e-6
2.6693713335721482e-5
0.00016059938312893928
0.00024855657156559166
0.0006434134677119505
0.0
0.0
0.0
0.0
0.0012908563032541546
0.0005914425075552322
0.00044601545602898103
0.0007059025460198613
0.0008629308809961104
0.0007398549147706341
0.0005295488995382192
0.0003720447953840522
0.00043956226746855767
0.0006766935263996034
0.0006679810966678846
0.0005575903735204942
0.00032662867777650417
0.00031307444796335255
0.00033623842825614055
0.00041799078090610587
0.0004970302937527911
0.0006494161566368389
0.0009646593656878394
0.001442281901514436
0.0
0.0
0.0
0.0
0.002424400201260144
0.0019121251438489507
0.0014116348914657536
0.0010135734429816301
0.0005046789006135232
0.0001181851500489637
0.0
0.0
0.0
3.6590169925797177e-6
1.5662954988451933e-6
0.00010695437637201167
0.00015560440718846602
0.00022700914117741996
0.0002543688972069943
0.00035505582851725324
0.00048463707860596565
0.0006321754921238907
0.0008248911138875769
0.0015039512961882683
0.0
0.0
0.0
0.0
0.002316367231408518
0.001573086407344648
0.0009855160161423503
0.0006758806527256459
0.00022531578377889836
0.0
0.0
0.0
0.0
3.979636451849985e-6
0.0
5.385947526939274e-5
0.00024774709904834774
0.00018864710205017935
0.00019310848977424036
0.0003288087369700961
0.00039978146265114216
0.0006278169294913176
0.00093852292689772
0.001633136081887303
0.0
0.0
0.0
0.0
0.001962933269657937
0.001438253866989519
0.0009878060887830355
0.0008039184980775828
0.00036550436638925325
4.1532756814556806e-5
0.0
0.0
0.0
2.047277905263651e-6
0.0
6.338690135092365e-5
0.00021597049608114614
0.00012077262348920425
0.00011951020302727419
0.0002610813874712529
0.00033520297485085856
0.00046989521946115044
0.0006585565708935024
0.0014319349974717176
0.0
0.0
0.0
0.0
0.0021330607002202078
0.0014987275891684031
0.00094541073661815
0.0005436444554889542
0.00017508065960967735
0.0
0.0
0.0
0.0
0.0
2.1015938860440897e-6
9.442578951089027e-7
0.0
0.0
2.0716267287109447e-5
0.00016857584960973867
0.0002433437638650034
0.0003443942586221475
0.0004895677851741499
0.000889772517584216
0.0
0.0
0.0
0.0
0.0018730913364384315
0.0013588718543250259
0.0005574156127364062
9.428259323606524e-5
0.0
0.0
0.0
0.0
0.0
0.0
1.9682905025497302e-6
3.865715683257461e-6
0.0
0.0
5.7380652496152205e-5
0.0001507795525744079
0.00017914395313237927
0.0002749034441249516
0.0003715527225280871
0.0007477539276814177
0.0
0.0
0.0
0.0
0.0016702901287458446
0.001109022021999659
0.0006747508189594438
0.0005925333165355004
0.0004286536887409082
8.096633745501822e-5
0.0
0.0
0.0
2.5922872587522045e-6
1.997947252775497e-6
1.0880595533523332e-6
0.0
0.0
0.0
0.00010747536156259753
0.00021655358556377374
0.0004205024554281812
0.0005318788677610588
0.0010399130613774744
0.0
0.0
0.0
0.0
0.0015228146584086145
0.0010778151497641934
0.0006302401338516238
0.000357132544034487
6.20741769516476e-5
0.0
0.0
0.0
0.0
0.0
1.6115504934311815e-6
0.0
0.0
0.0
0.0
3.4350331058249676e-6
6.814400560913018e-5
0.0002720347348104679
0.0003896727779140248
0.0008354973896129649
0.0
0.0
0.0
0.0
0.0017206248801823795
0.0008404373359361538
0.0003995989636446496
0.00016353095987550563
0.0
0.0
0.0
0.0
0.0
0.0
0.0
2.9439017640952717e-6
2.4931638691675404e-6
2.2550455446461236e-6
9.037997086166362e-5
0.00019247338038983516
0.0002678602679530829
0.00027322438680849975
0.0004229231811011072
0.0011019902132174144
0.0
0.0
0.0
0.0
0.001529957947644571
0.0008100027575292552
0.00015355370092696711
0.0
0.0
0.0
0.0
0.0
0.0
0.0
0.0
2.7034655915924016e-6
0.0
0.0
0.0
0.0
3.6101144346825554e-5
0.0001677374684885337
0.00047441746467224364
0.0010344242673506218
0.0
0.0
0.0
0.0
0.0013103337777097218
0.0008056420684206527
0.000529774512921519
0.0004428360096406956
0.00013225415969116957
0.0
0.0
0.0
0.0
5.251487493187003e-5
0.00014255584619188132
0.00018741769711558973
0.00018213421897216316
8.191989924189187e-5
0.00012343186383865812
0.00023242763252106238
0.00031805942172710597
0.0004361021774540495
0.000529006962128568
0.001062467856686463
0.0
0.0
0.0
0.0
0.0019007063051834343
0.0013676634025437178
0.0008249437002008188
0.00048568325267595095
0.00018044759529854283
8.12654187661524e-6
0.0
0.0
0.0
1.423732601289385e-5
0.00017167653924601096
0.00032418643986846534
0.00031996623442799273
0.00020075406180123523
0.00020765362018007627
0.0002506986577412238
0.00026301689914083175
0.0003960853551154104
0.0005579791402384163
0.0011213951052554609
0.0
0.0
0.0
0.0
0.0019407032136776828
0.0012556926120068472
0.0005121708297306892
0.000387815229848938
0.0005147924794663885
0.0006212872702854367
0.0002117095798282729
3.6837099997394805e-5
7.958158430519579e-5
0.0003922370547378835
0.0005595253258228359
0.0005914334251367453
0.0005074338489057993
0.0005274693987706993
0.000502881741733403
0.0005128884615162255
0.0005188315706470998
0.0006035932763968127
0.0008188005549505237
0.0014281446585697358
0.0
0.0
0.0
0.0
0.001738661851227879
0.0011913422114111657
0.0005887876588874003
0.00036487262087813653
0.0001797384735417049
1.2107890374545588e-5
0.0
0.0
0.0
3.2835842039177625e-6
2.1058804012959897e-6
9.498000790469997e-6
4.937799511588259e-5
0.000142115688570676
0.00017939777496054992
0.0002830440828275639
0.0003681044302035177
0.00045401139704002714
0.0005292725450120625
0.0010744313234709744
0.0
0.0
0.0
0.0
0.0014954207636914117
0.000972925561480572
0.0005240968691931164
0.0003486452019179399
8.676361435668484e-5
0.0
0.0
0.0
0.0
0.0
1.2703902792861838e-6
0.0
0.0
6.788314838240211e-5
0.00018588040375552752
0.0003200684702606223
0.0004189398234274302
0.0006309223894827575
0.0009190971505803243
0.0017827741588822643
0.0
0.0
0.0
0.0
0.002730587536279075
0.002140640157797216
0.0012182130324171606
0.0008890889277208738
0.00047435012695979544
3.022284036658567e-5
0.0
0.0
0.0
3.848181476072727e-6
2.2878976343339375e-6
6.358312336899402e-5
0.00011885908533574863
0.00013638181791494314
0.00016081625508995197
0.0003682313972976306
0.0005059036921818861
0.0007530151136964795
0.0010809186749103845
0.0020167954024778293
0.0
0.0
0.0
0.0
0.0028248137861958613
0.0021604301658361908
0.0015501814488403588
0.000979059143497543
0.0004029663833770322
7.667880366350447e-5
0.0
0.0
0.0
2.9888976585720785e-6
0.0
0.0001356247804222628
0.00031072621827713567
0.00021664901741460637
0.00018576175830338406
0.00028199757485194944
0.00036657400097924364
0.000530757571876058
0.0006817839696205907
0.00166844343203441
0.0
0.0
0.0
0.0
0.0018226934942168398
0.00156235291357456
0.001262877323846538
0.0007826663684983038
0.00017978173967062635
0.0
0.0
0.0
0.0
0.0
0.0
2.8052067155738226e-6
0.0
0.0
0.0
1.7231099233554216e-5
0.00017455487083556362
0.00041034204034409136
0.000616679092456325
0.001384042690172236
0.0
0.0
0.0
0.0
0.0024400743270069653
0.0017432897107199526
0.0009074499997120344
0.0004913414492400019
0.00011431189623874092
0.0
0.0
0.0
0.0
0.0
0.0
2.662898423493268e-6
0.0
1.9130083478732466e-5
7.644163125979957e-5
0.00023261306901656292
0.0003143265783157836
0.0004529559512379539
0.0005782987863276473
0.001261796938700223
0.0
0.0
0.0
0.0
0.002229901158017603
0.0016041897016368636
0.0006069017507790484
0.0001204710440032066
0.0
0.0
0.0
0.0
0.0
0.0
0.0
0.0
0.0
0.0
0.0
0.0
0.0
2.91563364025511e-5
0.00016429525238905793
0.0005593157519590701
0.0
0.0
0.0
0.0
0.0012006428751125525
0.0004568073851379116
5.342330085732988e-5
0.0
0.0
0.0
0.0
0.0
0.0
0.0
0.0
0.0
0.0
0.0
0.0
0.0
0.0
2.400001475952568e-6
1.1247088299040012e-5
0.00014445044123713726
0.0
0.0
0.0
0.0
0.0004158773441115151
8.579141917588211e-5
0.0
0.0
0.0
0.0
0.0
0.0
0.0
0.0
0.0
0.0
0.0
0.0
0.0
0.0
0.0
4.653391378617236e-6
1.093541608324771e-5
1.1844500648567632e-5
0.0
0.0
0.0
0.0
0.0005049032154491854
0.00017515477011468048
0.0
0.0
0.0
0.0
0.0
0.0
0.0
0.0
0.0
0.0
2.2975825849492713e-6
0.0
0.0
4.6964246379064124e-6
0.0
3.456354912773279e-6
9.815735868179268e-5
0.0004786025143221256
0.0
0.0
0.0
0.0
0.001013107838808666
0.0005087378632342328
0.00018944763486404884
5.0077514965663253e-5
0.0
0.0
0.0
0.0
0.0
0.0
0.0
0.0
0.0
0.0
0.0
2.8969014904342415e-6
0.0
8.525397487081881e-6
0.00018384720786670055
0.0005404136930654692
0.0
0.0
0.0
0.0
0.0013893660361611736
0.0009268231667761069
0.0005762195142657874
0.00028881402145494197
1.2570710770949859e-6
0.0
0.0
0.0
0.0
3.204182875009584e-6
0.0
0.00010873622865661222
0.00023976663332352072
0.00017959871992428628
0.00018574091288314212
0.00032404700796830933
0.00035628896170167675
0.00042749956189194906
0.0006764614921106942
0.0014623817336583175
0.0
0.0
0.0
0.0
0.00189408700054212
0.0012163650209378286
0.0006859460441996645
0.0005263943767373518
0.00021236326560398065
2.705206261796545e-5
0.0
0.0
0.0
4.257400532466232e-6
2.3294895259049297e-6
9.007312982469505e-5
0.00012119579428137297
0.0001831951809369389
0.00018746518915508037
0.00028306043447123575
0.0003282503216304664
0.00042564889886361347
0.000618449254799854
0.0014141139887550737
0.0
0.0
0.0
0.0
0.0020864074777818217
0.0013522251997771793
0.0007534143628730072
0.0005542425056889965
0.00030316048558862125
2.429371942536141e-5
0.0
0.0
0.0
3.3848519975531513e-6
1.524714999225933e-6
0.00012819611499812072
0.00011337785558060255
0.00015506068358065928
0.00020311561673192169
0.0003161678836446556
0.0003574221349876061
0.00043780315876848925
0.0005203814111194364
0.0009660824816748026
0.0
0.0
0.0
0.0
0.001117586838100577
0.0005967358133917291
0.00038080536337040295
0.00037007705313183716
0.0003496996997617002
0.00025916127624298134
7.469646324719241e-6
0.0
0.0
5.784882169462077e-6
8.405316511843176e-6
1.3048064663593417e-5
5.7925712143567874e-6
1.4116955244180499e-5
4.663479953708257e-5
0.00014252595985384523
0.0001872446555631571
0.0002812419524378858
0.0003744727782328275
0.0006798640386689182
0.0
0.0
0.0
0.0
0.0009941767004654272
0.0004988239131405552
0.00029997000154541683
0.00033971887029376634
0.00036354601219155887
0.0002167510318406928
0.0
0.0
0.0
1.1774302004419475e-5
0.00019813101144612206
0.0002883427619726202
0.0001337855227389588
0.000167765675149176
0.00024340367084482484
0.0004048593263656793
0.0004792167917722761
0.0005725281122273566
0.0007057317830663212
0.0013593391940657634
0.0
0.0
0.0
0.0
0.0022190069522936757
0.0018429723970994948
0.001171338219451566
0.0006240367785343713
0.000183980850779388
0.0
0.0
0.0
0.0
2.301922226185621e-6
1.6925132871765764e-6
0.0
0.0
1.5525056943239046e-6
0.000134188901106965
0.0003083377403339775
0.0004119694641716921
0.0005448928762680217
0.0008126931955320443
0.001670602868326549
0.0
0.0
0.0
0.0
0.0022661993954799535
0.0017496707705666865
0.0012742333143357365
0.0008319026410889739
0.00028652090033232997
1.422877782487617e-5
0.0
0.0
0.0
2.5470161783030836e-6
0.0
0.0
6.180778697120866e-5
9.39918067803004e-5
0.00019839270519797974
0.00033023043252575706
0.0003804645780340311
0.0004807549974524236
0.000701586444782789
0.0013662435827452172
0.0
0.0
0.0
0.0
0.0020136526618417952
0.0014415053081584933
0.0010569082825446455
0.0008309166805617158
0.0002991741514973132
1.3704305338729565e-5
0.0
0.0
0.0
4.41767131378237e-6
0.0
0.0
6.11200447909321e-5
4.5543606113490724e-5
0.000133805068939581
0.0002679391521731645
0.00032192398731749306
0.0005036736161958861
0.0006840419574292574
0.0013348109087397224
0.0
0.0
0.0
0.0
0.0015937385701453586
0.0009986906297811571
0.0006259973991657635
0.000611941179661664
0.00029643381024393317
1.0572964449420395e-5
0.0
0.0
0.0
0.0
1.3059442976403837e-6
0.0
0.0
1.245712436910528e-5
7.320450199051303e-5
0.00018485069728089816
0.0002401450155995484
0.0003862603877437042
0.0005159803938111845
0.001057675844923496
0.0
0.0
0.0
0.0
0.0019421934792220829
0.0014732861071678146
0.001031981884155401
0.0008276897757793925
0.0004283682022086141
9.377458258476526e-5
0.0
0.0
0.0
0.0
1.5979041897780201e-6
0.0
0.0
1.843426607235265e-5
0.00011709785345004618
0.0002530645496680857
0.00030323017014091105
0.0004358928095875804
0.000558145396276976
0.0010672279717724223
0.0
0.0
0.0
0.0
0.0012768169915169123
0.0007024847723453898
0.0004426252746380627
0.0005299203708250803
0.0005331701176720833
0.00033839530406444795
8.936658074005564e-6
0.0
0.0
3.4485976918104184e-6
1.4494044269644002e-5
0.00013922620515874882
0.00010946575985628667
0.00020311257856144536
0.0002554636296363344
0.0003539965310986864
0.00039835575350810967
0.0004911000076639783
0.0005870531127581157
0.0012085758982001652
0.0
0.0
0.0
0.0
0.001927269812285551
0.0015304897181955242
0.0012359554041568221
0.0007011833178056342
7.813732275367315e-5
0.0
0.0
0.0
0.0
0.0
0.0
0.0
2.028620341757515e-6
0.0
0.0
2.4717684245579648e-6
9.492191161562608e-5
8.050661474817418e-5
8.213069254477198e-5
0.0003560309033965963
0.0
0.0
0.0
0.0
0.001569609647769381
0.0008550038434159968
0.00023947990038013768
0.0
0.0
0.0
0.0
0.0
0.0
0.0
0.0
0.0
0.0
0.0
0.0
3.3390245181743837e-6
0.0
4.7697591865463486e-6
3.819288508441895e-5
0.0004138882015439783
0.0
0.0
0.0
0.0
0.0012265661361289476
0.0007065513135348061
0.0002754948422038256
1.81176972104518e-5
0.0
0.0
0.0
0.0
0.0
0.0
0.0
0.0
0.0
2.050576252642684e-6
0.0
2.418572702261068e-6
0.0
2.7457969284174347e-6
9.023265146637145e-5
0.0004481265930224828
0.0
0.0
0.0
0.0
0.0007996324221629992
0.0002898688286422241
0.0
0.0
0.0
0.0
0.0
0.0
0.0
0.0
0.0
0.0
0.0
0.0
0.0
0.0
0.0
0.0
2.5910112688613826e-6
0.00011399134711283331
0.0
0.0
0.0
0.0
0.000754349598014232
0.00041003892725572315
2.5728037749221848e-5
0.0
0.0
0.0
0.0
0.0
0.0
0.0
0.0
0.0
0.0
0.0
0.0
0.0
0.0
3.5126316965471704e-6
0.00013838063299400998
0.0005581405452607747
0.0
0.0
0.0
0.0
0.00105323047586435
0.0007644928963218343
0.0003766583092151262
8.197654761790942e-5
0.0
0.0
0.0
0.0
0.0
0.0
1.8401431813364464e-6
2.9439670251510584e-6
0.0
0.0
0.0
9.03350461416858e-5
0.00014316728257088103
0.00024415299168804584
0.00034621589410567576
0.0007096639676748011
0.0
0.0
0.0
0.0
0.0009661425205021626
0.0004893912656504886
0.0002903848442233395
0.00032001142916894884
0.0002957655522333719
0.00016024693739553994
0.0
0.0
0.0
5.509253715418947e-6
4.7300368413981645e-5
9.618374724451146e-5
1.7022460006633917e-5
3.6920775265060765e-5
8.973065343357585e-5
0.00016824754935473426
0.00018858883681551614
0.00028074138178793226
0.0003747064757934967
0.0006788585577544224
0.0
0.0
0.0
0.0
0.0008686797242490465
0.00043360066098538857
0.0002284873251773391
0.0002497972942094676
0.00025692540058731335
0.00015922518832536554
7.83441368097885e-5
0.0
4.319222063674387e-5
0.0002512943838487868
0.00038485820376999715
0.0003977484938691209
0.00021455448289950475
0.00022412778599245275
0.0002449073570319929
0.00032422416610676166
0.0003966610190790661
0.0005070081444859141
0.0005971633439811239
0.0011622234837195444
0.0
0.0
0.0
0.0
0.0016038114342929609
0.0009983049180332661
0.000544359166932614
0.0004083058694511131
0.0001525095558724231
0.0
0.0
0.0
0.0
1.9191909658203577e-6
1.4540144010713998e-6
0.0
0.0
3.878371533834899e-5
9.822955452418443e-5
0.0002028258844308263
0.0002492822198668432
0.0003442134998177887
0.0004432416984919902
0.0009913620083227973
0.0
0.0
0.0
0.0
0.0018290263180239488
0.0011885159706754404
0.0005623902894159491
0.0003586346357701394
0.00015221869132769434
0.0
0.0
0.0
0.0
0.0
0.0
0.0
1.4974846756308953e-5
6.7193912478421825e-6
6.036687777659021e-5
0.00017560943298106725
0.0002762689798124697
0.0004436315663338189
0.0005702756782355664
0.0010891752509306026
0.0
0.0
0.0
0.0
0.0019566174822211718
0.0013330746522999253
0.0008298395668100379
0.0006643589991642339
0.00044150016397972915
0.00028913414890044436
0.00021410939253516177
0.00018514851447768872
0.00015364703012237996
0.00018380327992801687
0.00017976802673878126
0.00022709612169372195
0.0002774741935275324
0.0002154723862067719
0.00022919299973509798
0.0003187963266567806
0.00039955587359823163
0.0005962054825046718
0.0008357966733297668
0.0015039995746322862
0.0
0.0
0.0
0.0
0.0023295018533022026
0.0018033912745681233
0.0011385693832583255
0.0006757066510497057
0.00024638873874022714
1.5070378639799515e-5
0.0
0.0
0.0
3.449248351302783e-6
0.0
0.0
5.853636735486675e-5
4.917617256658812e-5
0.00013856033924255343
0.00035395590537313295
0.0004552927502755343
0.0003502959456127235
0.0007883885465713798
0.001860541657887184
0.0
0.0
0.0
0.0
0.0026702289936999563
0.001923185911710907
0.0010894121547731525
0.0005685988326673659
0.00014922393215160453
0.0
0.0
0.0
0.0
2.379932463923894e-6
1.9636842845914108e-6
0.0
1.0865129129054917e-5
0.0001174484159649659
0.00024095994368523952
0.00033759595229402125
0.0003680682384017766
0.000513912373048234
0.0006615858628631846
0.0011529524382121314
0.0
0.0
0.0
0.0
0.0020125837576269213
0.0014807520315014027
0.0007978135455139054
0.0004305283035313958
0.00020769944188040826
1.031604749912488e-5
0.0
0.0
0.0
3.665654244011374e-6
2.2019868828474348e-6
2.995383194964443e-5
1.526535635078036e-5
6.408484473050496e-5
9.993806032435118e-5
0.0002463650657348217
0.0003604959682535017
0.0004816543278905018
0.0005773894516969027
0.001187653144394959
0.0
0.0
0.0
0.0
0.0018937881825784857
0.001193005509818574
0.0004932114412565123
0.00022096301075943234
1.2332941132653251e-5
0.0
0.0
0.0
0.0
0.0
0.0
0.0
0.0
0.0
0.0
2.7665324239602727e-5
7.887651087025659e-5
0.0001691115635838547
0.0003592220587268289
0.0010110399431734324
0.0
0.0
0.0
0.0
0.0022120625686250484
0.0014867227831986353
0.0006372554123356232
0.0002195846995320415
1.9769093715070736e-6
0.0
0.0
0.0
0.0
0.0
0.0
0.0
0.0
0.0
1.029146294988932e-5
0.00015096101589415515
0.0002159045953910087
0.00036564297638568504
0.0004979917605295094
0.001021832024057649
0.0
0.0
0.0
0.0
0.0019331028620891693
0.0013334558724262238
0.000687037979792819
0.0003078544739203685
1.2899028205526322e-5
0.0
0.0
0.0
0.0
0.0
0.0
0.0
2.1538544580085466e-6
8.76265793203855e-6
6.20694650125863e-5
0.00021985913612836301
0.0003030300677501439
0.00044293033045009124
0.0005688214902559361
0.0010712940402571314
0.0
0.0
0.0
0.0
0.0015126867913608124
0.0009004185521781421
0.0004707036010500794
0.0002284342312858318
0.0
0.0
0.0
0.0
0.0
0.0
0.0
0.0
2.124203222207598e-6
0.0
8.371399942132145e-6
0.00022490344376382374
0.0003880243928767006
0.0005644507663678919
0.0007355756078020868
0.0015104906015825149
0.0
0.0
0.0
0.0
0.002605963321947315
0.0018336637191995726
0.00098038548084235
0.0004896321270046556
0.00013516635304217615
0.0
0.0
0.0
0.0
2.434651882647035e-6
1.454715465483812e-6
0.0
5.51427835559576e-5
0.00018193790500839287
0.00022735280706968878
0.0003329843981020213
0.0004307671795257915
0.0005967724836911275
0.0008749353556091471
0.001616553127813554
0.0
0.0
0.0
0.0
0.00231971915059742
0.0016827987515029418
0.0010254773804866501
0.0006240704522566732
0.0003083536846174161
0.00013323061220350143
0.0
0.0
0.0
3.838193895269325e-6
2.2439927678109027e-5
0.00015403842862376065
0.00011578190165938002
0.00022270471769305264
0.00029523917376013566
0.0004472404987796492
0.0005455235375706452
0.0006764724755436026
0.000932368405684235
0.0014958210229266745
0.0
0.0
0.0
0.0
0.0020522842336942815
0.0015228126616946616
0.0008976388156217561
0.0003971682523164966
2.917137281488987e-5
0.0
0.0
0.0
0.0
0.0
1.1799941637513606e-6
0.0
0.0
0.0
8.62591393512222e-6
0.00010897425797663017
0.00014968152791898303
0.0002090766896380664
0.00036623179961421134
0.0007747958664012012
0.0
0.0
0.0
0.0
0.001177510442297755
0.0005860551246766689
0.00031754793762307825
0.00022576057946746854
5.799619387527194e-5
0.0
0.0
0.0
0.0
0.0
2.5700211801243446e-6
0.0
0.0
0.0
0.0
1.4484921905292183e-5
0.00012256579487339908
0.000257309057460035
0.00039843425678380936
0.0008704986342655312
0.0
0.0
0.0
0.0
0.0014278323191660067
0.0007542108378645402
0.00016517613332460695
0.0
0.0
0.0
0.0
0.0
0.0
0.0
0.0
0.0
0.0
0.0
0.0
2.6918610501874102e-6
0.0
9.748372328443538e-5
0.00020969669923526148
0.0004542128540541862
0.0
0.0
0.0
0.0
0.0009079257100335818
0.0003236817884329222
0.0
0.0
0.0
0.0
0.0
0.0
0.0
0.0
0.0
0.0
0.0
0.0
0.0
0.0
0.0
1.091118456101013e-5
4.918761246077259e-6
4.4333404089315446e-5
0.0
0.0
0.0
0.0
0.00024138107978487606
1.699521285312927e-5
0.0
6.616272161832387e-6
0.0
0.0
0.0
0.0
0.0
3.843669029983875e-6
0.0
0.0
0.0
0.0
0.0
3.0112520518789335e-5
4.7005069806409833e-5
8.876146831585681e-5
0.00019697094536374725
0.000492272234005437
0.0
0.0
0.0
0.0
0.0004129713166141222
0.0001822046589946284
0.00013397185528794155
9.44235958829861e-5
4.778971596510573e-6
0.0
0.0
0.0
0.0
3.7383211783533354e-6
3.656781337983016e-6
0.0
0.0
0.0
0.0
1.31418120242495e-5
3.7629407123716096e-5
0.00013436360947644276
0.00027235576433412036
0.0005780967465427335
0.0
0.0
0.0
0.0
0.0007057138837781684
0.0002588025295180342
2.5865207803696282e-5
5.2461159711733996e-5
5.632247749637569e-5
0.0
0.0
0.0
0.0
0.0
5.293977987833289e-6
0.0
0.0
0.0
0.0
2.3860818840974624e-6
0.0
5.002931405448581e-5
0.00013841171536764312
0.0005035040352358326
0.0
0.0
0.0
0.0
0.000811068807441881
0.00034385590913391307
3.5325664812935474e-5
0.0
0.0
0.0
0.0
0.0
0.0
0.0
0.0
0.0
0.0
0.0
0.0
5.5808489470878235e-5
9.73534809259948e-5
0.0001755432749912694
0.0003204209052191349
0.0005916511318386591
0.0
0.0
0.0
0.0
0.0006892530754422345
0.0003443006559068147
0.00013675755357756047
0.00013539088363046252
4.2121712330885824e-5
0.0
0.0
0.0
0.0
0.0
0.0
0.0
0.0
0.0
0.0
2.9944236553862797e-6
6.347453271672678e-5
0.0002205709484323429
0.0003927878053097127
0.0007692904549501377
0.0
0.0
0.0
0.0
0.0010968804565333582
0.0005092401960995295
0.0001948099423799078
9.921166223001519e-5
1.9571068451351984e-5
0.0
0.0
0.0
0.0
0.0
3.574147144505712e-6
0.0
0.0
0.0
0.0
5.82022840443745e-5
8.89540840836171e-5
0.00023474405057077584
0.0003574441458798418
0.0007274898781538865
0.0
0.0
0.0
0.0
0.0010506107394241257
0.0005515195789697261
0.00017895572543144024
1.4093391280628578e-5
0.0
0.0
0.0
0.0
0.0
0.0
0.0
0.0
0.0
0.0
0.0
2.771128745011357e-6
4.6107432670743535e-6
0.000147361936815749
0.00032176986681370704
0.0
0.0
0.0
0.0
0.000731713326487683
0.0003819456487767176
0.00021673345100257896
0.0002226347123967157
0.00011055467141376229
5.304864516276645e-5
0.0
0.0
0.0
2.789492945195434e-6
0.0
0.0
0.0
0.0
0.0
5.712745463819538e-6
6.652421545277514e-5
0.00023175151255068783
0.00040266563867827923
0.000774955717986129
0.0
0.0
0.0
0.0
0.001005966453136029
0.00047255185444299686
0.0002516215318860668
0.00020742562895306724
5.7949615801064414e-5
0.0
0.0
0.0
0.0
0.0
0.0
0.0
0.0
0.0
0.0
2.8222600499918246e-6
4.030387289787634e-5
0.00020239727250624142
0.0003392759624348638
0.0007094684903751911
0.0
0.0
0.0
0.0
0.00149949318379805
0.0008178074667777748
0.00042418123347030704
0.0003070157331033217
0.0002299222777133487
2.1405724699588787e-5
0.0
0.0
0.0
3.609203365874344e-6
1.3889629328192542e-6
0.0
0.0
0.0
0.0
0.0001105692460816547
0.00016624426207204255
0.0002207490120551998
0.000452855612712258
0.0010593627424182698
0.0
0.0
0.0
0.0
0.0017895898113876921
0.0011823720568165598
0.0007435557324380268
0.0005789832564876481
0.00030570130258762875
4.581660362521145e-5
0.0
0.0
0.0
6.071745280428159e-6
1.0501904845480198e-5
5.010159366293234e-5
0.0
0.0
0.0
0.00010153600234718953
0.00021768160676231255
0.00038492023375007823
0.0004693508758918511
0.0009874572744181767
0.0
0.0
0.0
0.0
0.0017618970391553306
0.0013522985528887474
0.000770553950838449
0.00042652378861457257
8.83876925008596e-5
0.0
0.0
0.0
0.0
0.0
0.0
0.0
0.0
0.0
0.0
9.613821551607695e-6
0.0
0.0001419826299117382
0.00035829580010896775
0.0008534860703968288
0.0
0.0
0.0
0.0
0.0014414712430644995
0.0012108824939558375
0.0007382978845523843
0.0003613328988895806
8.081770815790684e-5
0.0
0.0
0.0
0.0
0.0
0.0
0.0
0.0
7.746711478985004e-7
0.0
5.411556638139254e-5
0.00016708645018085567
0.0002865537303694163
0.0003606685872681726
0.0005898858300117691
0.0
0.0
0.0
0.0
0.001362805908897716
0.0009168028945029783
0.0006078850395978373
0.00043630776437801307
0.00019843075971115795
6.354915735761463e-5
0.0
0.0
0.0
0.0
0.0
0.0
0.0
0.0
0.0
8.015260596104736e-5
0.00018616325238700795
0.000317756564918839
0.00046856528399933517
0.0010098445675092342
0.0
0.0
0.0
0.0
0.0015753478660571448
0.0009858820072986571
0.0005194924718430745
0.0003344020022130649
4.8937499580326864e-5
0.0
0.0
0.0
0.0
4.313015798442567e-6
0.0
0.0
0.0
1.6819517017420717e-5
0.00011895858279464229
0.0002454516257563802
0.00022158908550560106
0.0003107131607364644
0.00039928180381149434
0.0007694717647798859
0.0
0.0
0.0
0.0
0.0021872813911466
0.0015791177231739325
0.0010108395298171174
0.0006044638568882401
0.00025957022003693554
1.2856730952101002e-5
0.0
0.0
0.0
2.4160151681991127e-6
2.5619794836147973e-6
0.0
0.0
4.135294307203599e-6
1.5233159594336847e-5
0.0001878145343395194
0.00030274543880614505
0.00048308079869058
0.0006220697912193801
0.0012726435799032712
0.0
0.0
0.0
0.0
0.0017265661541067425
0.0011370753050260545
0.0006956645985584662
0.000735063519377531
0.0005395121307196744
0.000482280518889588
0.0004721398992419946
0.0004178675586064915
0.00027508534807963597
0.00032206294651294156
0.00036377509717384253
0.0006793600188966262
0.00046598302423712804
0.0003269277490079056
0.00041502100408111756
0.0005772164204559208
0.0006452036708813313
0.0007892284348559322
0.0011556973313337827
0.001933820963335361
0.0
0.0
0.0
0.0
0.0025660775298778113
0.0018030663123266794
0.0011798114177334865
0.0007473658167254183
0.00037443827519182565
7.60316827829676e-5
0.0
0.0
0.0
2.9190022035157922e-6
2.5236280632195146e-6
0.0
0.0
0.0
6.832695947804462e-6
0.00014456926469504365
0.00025806753950586073
0.0003120487102618346
0.00045085970050353085
0.001188032265387951
0.0
0.0
0.0
0.0
0.0018087607762325374
0.0013081155536356713
0.0009245116979910243
0.00048084987577531256
0.0001838213419517167
6.22629558633504e-6
0.0
0.0
0.0
2.7439367427064236e-6
0.00014479169890746786
0.00023817532459900515
5.36787318047652e-5
7.559000453559946e-5
0.00010622530649969118
0.00020711017423994153
0.0002995617807116034
0.0004228399700109265
0.0004760465487592703
0.0008394279297188423
0.0
0.0
0.0
0.0
0.0012252734514201053
0.0006427874875762387
0.0004399606764356397
0.0003720854628188445
0.00010179169277243434
0.0
0.0
0.0
0.0
0.0
0.0
2.4188978095579764e-6
0.0
0.0
7.09391959714773e-6
6.134876569790378e-6
0.0001805508788672534
0.0003337221251671382
0.00033480550040244575
0.0005363719913498391
0.0
0.0
0.0
0.0
0.0017848597584673822
0.0012340749329257578
0.0007476741504201878
0.0002341548139573485
0.0
0.0
0.0
0.0
0.0
0.0
0.0
0.0
0.0
0.0
0.0
0.0
0.0
2.8923094445801436e-6
1.153839547843214e-5
0.00043437233543175803
0.0
0.0
0.0
0.0
0.0015613589017738877
0.0008628834124064805
0.0004058576031677463
0.0001232754811184418
0.0
0.0
0.0
0.0
0.0
0.0
0.0
0.0
0.0
0.0
0.0
2.062949672353013e-6
6.834309594838738e-5
0.00021821830440248426
0.00037148164720439815
0.0008103105529431251
0.0
0.0
0.0
0.0
0.0015227054810000432
0.000882665505885658
0.00047075925391925174
0.00036218990858498043
0.00017397981897816046
0.0
0.0
0.0
0.0
0.0
0.0
0.0
0.0
0.0
0.0
0.00011082058150623597
0.0002330966227604842
0.00032497081593666757
0.000403119118670651
0.0006786567893112795
0.0
0.0
0.0
0.0
0.0013136846930962747
0.0008189884629501465
0.0004262348186656768
0.00013832704788352748
0.0
0.0
0.0
0.0
0.0
0.0
0.0
0.0
0.0
0.0
0.0
1.7551001648444062e-6
6.930125300431245e-6
5.42375832608311e-5
0.0002009368715647293
0.0005986180753394497
0.0
0.0
0.0
0.0
0.001351063233445052
0.0008384686447987539
0.00030071855702410415
1.8451723870528914e-5
0.0
0.0
0.0
0.0
0.0
0.0
0.0
0.0
0.0
0.0
0.0
1.553460263319382e-6
2.3954895512292025e-6
0.0
2.1829762571221763e-6
0.00023715447452513137
0.0
0.0
0.0
0.0
0.0005112196943324444
0.0004031897801460029
7.918081225484078e-5
0.0
0.0
0.0
0.0
0.0
0.0
0.0
0.0
0.0
0.0
0.0
0.0
2.1243805411583375e-6
0.0
2.5383293371894253e-6
7.837817032061948e-5
0.00034007075005596573
0.0
0.0
0.0
0.0
0.0007095730382899632
0.0004613509497947468
3.255864206674868e-5
0.0
0.0
0.0
0.0
0.0
0.0
0.0
0.0
0.0
0.0
0.0
0.0
1.3989960126093388e-6
0.0
0.00011579343428710562
0.00030007085726567505
0.0006408070247013154
0.0
0.0
0.0
0.0
0.0012567753680916753
0.0008274411059922687
0.0004376710153261118
0.0003085472868550198
0.00013651246174797984
0.0
0.0
0.0
0.0
3.040052200232969e-6
0.0
0.0
0.0
0.0
0.0
0.00017684616648382015
0.00028080681941283086
0.00042640781005116385
0.0005529620487386895
0.0010494736848617992
0.0
0.0
0.0
0.0
0.0014068724921038108
0.0009627140794581259
0.0005688000561097872
0.00042480193599699084
0.0001868007535413738
2.3435096231226863e-6
0.0
0.0
0.0
3.996548120838088e-6
0.0
0.0
0.0
0.0
0.0
0.00012094098322591477
0.0001603914405598503
0.000286076878836749
0.00038022014961306674
0.0007391149697008802
0.0
0.0
0.0
0.0
0.0017086136577096438
0.0010390983932793726
0.00048620355550338856
0.00027280375469549984
4.831637901121025e-5
0.0
0.0
0.0
0.0
2.463958408967386e-6
1.5250883346840548e-6
0.0
0.0
0.0
0.0
0.00011350801500717313
0.00019246335775241645
0.00030649664100240194
0.0004968901912607609
0.0008802645140122422
0.0
0.0
0.0
0.0
0.001459985128206525
0.000968509701476224
0.0004298524817820794
0.00015823950803784924
0.0
0.0
0.0
0.0
0.0
0.0
1.8249097915557715e-6
0.0
0.0
0.0
0.0
5.265011470594031e-5
0.00012502018636704345
0.00027652788597368953
0.0004089400148654921
0.0008510372832114118
0.0
0.0
0.0
0.0
0.0014348131050363137
0.0008907328897251313
0.00043405245986371496
0.00032393854378772314
0.00010676355576989328
0.0
0.0
0.0
0.0
0.0
0.0
0.0
0.0
0.0
0.0
2.8175159299355443e-6
0.0
7.258074669511917e-5
0.00018077961650426425
0.0004768234616543267
0.0
0.0
0.0
0.0
0.0010968724467374646
0.000613790506140611
0.00029625221470589867
7.591436889827574e-5
0.0
0.0
0.0
0.0
0.0
0.0
0.0
0.0
0.0
0.0
0.0
9.185193997644159e-6
9.214079330167093e-5
0.00017140577116262447
3.8814700390424726e-5
6.869132684733762e-5
0.0
0.0
0.0
0.0
0.0009064866194081227
0.0005570159012824808
0.0001961769217400429
1.5147013075121114e-5
0.0
0.0
0.0
0.0
0.0
0.0
0.0
0.0
0.0
0.0
0.0
0.0
0.0
0.0
1.296632433618046e-5
9.801014360594135e-5
0.0
0.0
0.0
0.0
0.0007625430767612893
0.00045148515718829456
3.239676890452713e-5
0.0
0.0
0.0
0.0
0.0
0.0
0.0
0.0
0.0
0.0
0.0
0.0
0.0
3.399762494334067e-6
2.9538079006581965e-6
3.4434649181145974e-6
0.00020188732717189546
0.0
0.0
0.0
0.0
0.0006313583717542598
0.000325168270485919
3.835592513211393e-5
0.0
0.0
0.0
0.0
0.0
0.0
0.0
0.0
0.0
0.0
0.0
0.0
2.0622487078110558e-6
0.0
6.355000375393076e-6
0.00014887332693105853
0.0004299445887577618
0.0
0.0
0.0
0.0
0.000897572345461477
0.0004499837538868019
9.52179558917021e-5
0.0
0.0
0.0
0.0
0.0
0.0
0.0
0.0
0.0
0.0
0.0
0.0
1.1638268294986866e-6
0.0
0.0
1.1520461833452432e-5
0.0003006965227283512
0.0
0.0
0.0
0.0
0.0007465682964540151
0.00042007981594220054
0.00017214497925329897
0.00011984203512794082
7.0842644273924015e-6
0.0
0.0
0.0
0.0
0.0
0.0
0.0
0.0
0.0
0.0
0.0
0.0
0.0
0.0
0.0
0.0
0.0
0.0
0.0
0.00029836846733755074
0.0002417595225393001
0.0
0.0
0.0
0.0
0.0
0.0
0.0
0.0
0.0
0.0
0.0
0.0
0.0
4.865700279379685e-6
0.0
0.0
3.079323643019745e-6
0.0001670796621876003
0.0
0.0
0.0
0.0
0.0005759593067763141
0.0003717487010337177
2.549584758361806e-5
0.0
0.0
0.0
0.0
0.0
0.0
0.0
0.0
0.0
0.0
0.0
0.0
1.2237583392186607e-6
0.0
1.6736925337243746e-5
5.180159082470863e-5
0.00039590280999703706
0.0
0.0
0.0
0.0
0.0009608971636066964
0.0005019645442159732
7.061307900975453e-5
0.0
0.0
0.0
0.0
0.0
0.0
0.0
0.0
0.0
0.0
0.0
0.0
1.7754189475523925e-6
0.0
2.1666012565082617e-6
8.39821941373555e-5
0.000392235943186667
0.0
0.0
0.0
0.0
0.0007665017149911008
0.000406556464868909
9.025523525817502e-5
2.4794214998684897e-6
0.0
0.0
0.0
0.0
0.0
0.0
0.0
0.0
0.0
0.0
0.0
1.7580526828497772e-6
0.0
2.4038469264304883e-6
2.5752674029499536e-6
0.00020073527894920012
0.0
0.0
0.0
0.0
0.0005166040602427278
0.0003100895939436585
1.754809723949686e-5
0.0
0.0
0.0
0.0
0.0
0.0
0.0
0.0
0.0
0.0
0.0
0.0
1.5859188791699471e-6
0.0
2.3678184140424907e-6
2.914951731274095e-6
0.0001409906796597136
0.0
0.0
0.0
0.0
0.0005933735880816147
0.0003931895869321951
0.00014607530363086225
3.633221543037805e-5
0.0
0.0
0.0
0.0
0.0
0.0
0.0
0.0
0.0
0.0
0.0
1.6339378989054657e-6
0.0
3.0461063008925884e-6
0.00014848276972819808
0.000475473502977227
0.0
0.0
0.0
0.0
0.0008094341468296145
0.00045205729787985377
0.00022251695639409163
9.748978838706534e-5
0.0
0.0
0.0
0.0
0.0
0.0
0.0
0.0
0.0
0.0
0.0
1.531502020192605e-6
0.0
2.223531414119098e-6
8.410650504810497e-5
0.00039283779568626936
0.0
0.0
0.0
0.0
0.0007664306577414153
0.00037170502960685327
3.3479236454109245e-5
0.0
0.0
0.0
0.0
0.0
0.0
0.0
0.0
0.0
0.0
0.0
0.0
3.1436492996094534e-6
0.0
0.00010782645902167787
0.00019812755066836855
0.00047488080009432977
0.0
0.0
0.0
0.0
0.0005338013362564818
0.00027520009065926544
7.620712565214224e-5
7.0288151132089e-5
2.0926736078207873e-5
0.0
0.0
0.0
0.0
0.0
0.0
0.0
0.0
0.0
0.0
1.4438799217189257e-6
0.0
6.69623339556346e-6
0.00014285615734626784
0.0005054919427464623
0.0
0.0
0.0
0.0
0.0009477431962728595
0.0005023235708562568
0.00021609705871150083
0.00014854644393281992
1.6890399778822367e-5
0.0
0.0
0.0
0.0
3.439876051288444e-6
4.788178079128514e-6
0.0
0.0
0.0
3.784754903836587e-5
0.0002175228195971613
0.00023961751375747796
0.00040061949325253783
0.0005563069169807569
0.0009849970980616441
0.0
0.0
0.0
0.0
0.0014342694125945772
0.0008712220868070731
0.00046414920942412503
0.00037016788195106564
0.0002174649658936551
0.00012329144099650145
0.00023938236703247527
0.00010955631698616729
0.0001345058615699583
0.00019625611782937244
5.412362472220558e-6
0.0
0.0
1.3632182654342834e-5
0.00014883674329418985
0.00026582817182102655
0.0003033057215610871
0.00040764644012783544
0.0005124346612895862
0.0009709112420578495
0.0
0.0
0.0
0.0
0.0017253543165011076
0.001238439902792579
0.0008032247147079732
0.0005611699512357099
0.0005229678624284343
0.000455080414565
0.0003005887057361218
0.00019465034839587372
7.055950893776984e-5
1.3039783384581312e-5
4.516811558533906e-5
1.1706899698263374e-5
1.4254795301965429e-5
7.930529850659618e-6
7.56095235325292e-5
0.00019662887878907194
0.0002972284532730069
0.00042575815783691854
0.0005260574847267127
0.000902189170542683
0.0
0.0
0.0
0.0
0.0018120273884420046
0.0010658257416868346
0.0004550109204849011
0.00029631922731800147
0.00012914474441260554
0.0
0.0
0.0
0.0
1.7525254908341636e-6
2.3607842574935325e-6
0.0
0.0
0.0
0.0
0.0
4.062962274878145e-5
0.00012243258272446217
0.0002488929934204214
0.000567538257787499
0.0
0.0
0.0
0.0
0.0011603637113934348
0.0005479451078556589
0.00025187521442855134
0.00010585859423698764
0.0
0.0
0.0
0.0
0.0
0.0
0.0
0.0
0.0
0.0
0.0
1.6952943612092223e-6
7.450343520677742e-5
0.00025911097327885086
0.00035944905801544994
0.0006423244522289547
0.0
0.0
0.0
0.0
0.0007007842122942629
0.0003518209897108205
0.00012065479824924359
0.00010005297717908386
0.00010805002269711946
7.705127634284787e-6
0.0
0.0
0.0
2.9974161125367875e-6
0.0
0.0
0.0
0.0
0.0
0.0
0.0
0.00010058963593697618
0.0002469193671531886
0.0005633859095712166
0.0
0.0
0.0
0.0
0.0005503883226867598
0.00024048263520468836
0.0
0.0
0.0
0.0
0.0
0.0
0.0
0.0
3.231324724271929e-6
0.0
0.0
0.0
0.0
2.4940933132126626e-6
0.0
2.2687146025428446e-6
9.45105653926834e-5
0.0003491901634791288
0.0
0.0
0.0
0.0
0.00044690731147629557
0.00019900973534203812
0.0
0.0
0.0
0.0
0.0
0.0
0.0
4.333805685150102e-6
0.00011012478232911073
0.00016949378049144716
4.5560291106668526e-5
7.627471315658776e-6
0.0
4.350002281677911e-5
7.200145544115956e-5
0.00019760369537236727
0.0003592701668581216
0.0007619287821640073
0.0
0.0
0.0
0.0
0.0011088963569289535
0.0005264328722793879
0.00019494916939501365
3.421824105004156e-5
0.0
0.0
0.0
0.0
0.0
1.6035324921719673e-6
0.0
0.0
0.0
0.0
0.0
1.907704571164044e-6
4.680595481235808e-6
8.984244476014852e-5
0.00017976214469336645
0.0004726262171498645
0.0
0.0
0.0
0.0
0.0006420994111890997
0.00036382538414943136
0.00028241172998358534
0.000328617670422499
0.00031619131844396343
0.00021955726794491685
9.201771670633111e-5
0.0
0.0
1.0213344467407398e-5
5.267275881393769e-5
6.117003576995559e-5
0.0
0.0
0.0
2.4314902064799795e-6
0.0
5.423410927515193e-5
0.0001361120511545234
0.0004001017013212816
0.0
0.0
0.0
0.0
0.0005578981269934071
0.00030943916593756984
4.528681685834726e-5
0.0
0.0
0.0
0.0
0.0
0.0
0.0
0.0
0.0
0.0
0.0
0.0
1.445714510701746e-6
0.0
1.4445127407795077e-5
0.00018132963181172716
0.0005179888917827475
0.0
0.0
0.0
0.0
0.0009056829845622978
0.0004235874051331135
9.58720332244759e-5
2.7848473284583386e-6
0.0
0.0
0.0
0.0
0.0
0.0
0.0
0.0
0.0
0.0
0.0
1.4453860819591138e-6
0.0
9.328110561044464e-5
0.00026166646011233086
0.0006010393112553982
0.0
0.0
0.0
0.0
0.0006997950072516548
0.0003298320488159364
7.312593719368598e-5
6.6560808844971366e-6
0.0
0.0
0.0
0.0
0.0
0.0
0.0
0.0
0.0
0.0
0.0
3.1704232664332252e-6
0.0
5.8458787289998156e-5
0.00016049844419874947
0.00045770516839494483
0.0
0.0
0.0
0.0
0.0005131461228883824
0.00025218101521393014
4.8442735806470984e-5
3.176768914672704e-5
0.0
0.0
0.0
0.0
0.0
0.0
0.0
0.0
0.0
0.0
0.0
1.9467667515160374e-6
0.0
5.149447842279748e-5
0.00015383463042367883
0.00045239530190514554
0.0
0.0
0.0
0.0
0.0005289075741100828
0.00026219278250981266
1.85381703811282e-5
0.0
0.0
0.0
0.0
0.0
0.0
0.0
1.5594199620683077e-6
0.0
0.0
0.0
0.0
3.132949190609329e-6
1.588203674201604e-5
0.00013732311771853375
0.00024385366000561926
0.0005374850146707417
0.0
0.0
0.0
0.0
0.00052498175409974
0.0002860587425010886
6.666973961290997e-5
2.6673236764182143e-5
0.0
0.0
0.0
0.0
0.0
0.0
0.0
0.0
0.0
0.0
0.0
2.0068389363032045e-6
4.348899037551502e-6
0.0001290248883498032
0.00029150690802177195
0.0006184608064052833
0.0
0.0
0.0
0.0
0.0008075191310800275
0.00044046422883273797
0.000213723270020783
5.7659859100064266e-5
0.0
0.0
0.0
0.0
0.0
0.0
0.0
0.0
0.0
0.0
0.0
1.4026811387976244e-6
0.0
6.048285817057104e-5
0.00016617802279557248
0.00046418358432507635
0.0
0.0
0.0
0.0
0.0006634578471910062
0.00036262845690154664
2.9455962575376013e-5
0.0
0.0
0.0
0.0
0.0
0.0
0.0
0.0
0.0
0.0
0.0
0.0
1.4694141298456764e-6
0.0
2.590544069773468e-6
8.640960779405077e-5
0.0004274254339154092
0.0
0.0
0.0
0.0
0.0007759355847935848
0.00038541364176512393
2.436967162497963e-5
0.0
0.0
0.0
0.0
0.0
0.0
0.0
0.0
0.0
0.0
0.0
0.0
1.1052488902441822e-6
0.0
2.5994060479812356e-6
5.932912524220146e-6
0.000335605357549817
0.0
0.0
0.0
0.0
0.00088955971774254
0.00042417377446808506
5.340614860481748e-5
0.0
0.0
0.0
0.0
0.0
0.0
0.0
0.0
0.0
0.0
0.0
0.0
1.2141710417491924e-6
0.0
2.489123425680617e-6
2.994535260040836e-6
0.0002890020995355724
0.0
0.0
0.0
0.0
0.0005314922613499935
0.00025520472046278067
0.0
0.0
0.0
0.0
0.0
0.0
0.0
0.0
0.0
0.0
0.0
0.0
0.0
0.0
0.0
2.446519956926429e-6
2.549021806447293e-6
0.00017620480126970421
0.0
0.0
0.0
0.0
0.0004993847589702224
0.00024470010521424355
1.1211307041337349e-5
0.0
0.0
0.0
0.0
0.0
0.0
0.0
0.0
0.0
0.0
0.0
0.0
0.0
0.0
2.312498994941672e-6
2.932902629975626e-6
8.454631625090947e-5
0.0
0.0
0.0
0.0
0.0003546984192685668
0.00012814926683341957
0.0
0.0
0.0
0.0
0.0
0.0
0.0
0.0
0.0
0.0
0.0
0.0
0.0
1.1388016969991355e-6
0.0
2.2998576485203407e-6
3.4329192190340327e-6
0.00020438010764047034
0.0
0.0
0.0
0.0
0.0004959403208110446
0.0002684769770518609
8.472725271345408e-5
1.377743432106844e-5
0.0
0.0
0.0
0.0
0.0
0.0
0.0
0.0
0.0
0.0
2.2138309740827477e-6
1.4396656060864206e-6
0.0
2.5280500489207477e-6
0.00010709067718277576
0.00042991120537810623
0.0
0.0
0.0
0.0
0.0004959195002541435
0.0002410356341362119
3.102153183341705e-5
0.0
0.0
0.0
0.0
0.0
0.0
0.0
0.0
0.0
0.0
0.0
0.0
1.619339606900125e-6
0.0
2.4879780413198477e-6
7.716077250269145e-5
0.00032048474561190187
0.0
0.0
0.0
0.0
0.0003452365641888117
9.085000974628096e-5
0.0
0.0
0.0
0.0
0.0
0.0
0.0
0.0
0.0
0.0
0.0
0.0
0.0
1.6953411763541097e-6
0.0
2.4853590394256643e-6
7.430823983845062e-5
0.0003182179277256435
0.0
0.0
0.0
0.0
0.00041844461751247016
0.0001655774498427321
0.0
0.0
0.0
0.0
0.0
0.0
0.0
0.0
0.0
0.0
0.0
0.0
0.0
1.4202728178377829e-6
0.0
2.0179697212327722e-5
0.00015048278485158331
0.0004028613356465473
0.0
0.0
0.0
0.0
0.00047444871230714993
0.00024782398539588635
1.1463481312862504e-5
0.0
0.0
0.0
0.0
0.0
0.0
0.0
0.0
0.0
0.0
0.0
0.0
3.1733342538542766e-6
0.0
3.328674440058585e-5
0.00018755762632890409
0.000516383944368832
0.0
0.0
0.0
0.0
0.0007513554539567285
0.0004183047509093577
0.00011470552655515116
7.078572444027668e-5
0.00011026011335372702
0.00015401630266036933
0.0
0.0
0.0
3.3447424446857085e-6
1.2108831112525731e-6
0.0
0.0
0.0
0.0
1.94096349230458e-6
3.101377713586314e-5
0.00014933184762398128
0.0003029016498696715
0.0006293449476898657
0.0
0.0
0.0
0.0
0.0011558622308952063
0.0006545163598197268
0.00020078133401272376
1.4281144323477463e-5
0.0
0.0
0.0
0.0
0.0
0.0
0.0
0.0
0.0
0.0
0.0
1.0676904699973968e-6
0.0
2.581003514689436e-6
0.00012858109317318687
0.00045543103887910866
0.0
0.0
0.0
0.0
0.0011450896298475786
0.0006147879450504124
0.00014067347042428212
0.0
0.0
0.0
0.0
0.0
0.0
0.0
0.0
0.0
0.0
0.0
0.0
1.2985377691167222e-6
0.0
2.644519094441372e-6
0.00013119979147045496
0.0004583339094505534
0.0
0.0
0.0
0.0
0.0009387601695119771
0.00042718681026190876
2.2287337857046798e-5
0.0
0.0
0.0
0.0
0.0
0.0
0.0
0.0
0.0
0.0
0.0
0.0
9.826669845516224e-7
0.0
2.6686515780911978e-6
5.275929582199948e-6
0.0002830774145341069
0.0
0.0
0.0
0.0
0.0004254534078926419
0.00012793132259739033
0.0
0.0
0.0
0.0
0.0
0.0
0.0
0.0
0.0
0.0
0.0
0.0
0.0
1.5142797332337488e-6
0.0
2.574262620433491e-6
8.145347335057822e-5
0.00044212747579875164
0.0
0.0
0.0
0.0
0.0004604498328109361
0.00013555835762514158
0.0
0.0
0.0
0.0
0.0
0.0
0.0
0.0
0.0
0.0
0.0
0.0
0.0
1.2454826400905672e-6
0.0
2.6141997658447915e-6
7.003408335843969e-5
0.00036108947241722175
0.0
0.0
0.0
0.0
0.00042226165218108724
0.0001709013684995195
0.0
0.0
0.0
0.0
0.0
0.0
0.0
0.0
0.0
0.0
0.0
0.0
0.0
2.0187296200024125e-6
0.0
3.439510177844878e-5
0.0001669527605538206
0.000468620545265098
0.0
0.0
0.0
0.0
0.0006570520581682503
0.0002966799438776142
2.654395520123126e-5
2.366347407970867e-6
0.0
0.0
0.0
0.0
0.0
0.0
0.0
0.0
0.0
0.0
0.0
2.0014333698185102e-6
0.0
2.6326709270548296e-6
7.211604749678026e-5
0.000421726723777314
0.0
0.0
0.0
0.0
0.000691191469683657
0.0003565694287587881
0.00012847583112672944
1.0595582961848177e-5
0.0
0.0
0.0
0.0
0.0
0.0
0.0
0.0
0.0
0.0
0.0
0.0
0.0
2.6260528734589633e-6
0.0
0.00011027141053279907
0.0
0.0
0.0
0.0
0.00020128189662206285
1.897585167384249e-5
0.0
0.0
0.0
0.0
0.0
0.0
0.0
0.0
0.0
0.0
0.0
0.0
0.0
0.0
0.0
0.0
0.0
2.9192673839051315e-6
0.0
0.0
0.0
0.0
0.00018220297289864615
0.0
0.0
0.0
0.0
0.0
0.0
0.0
0.0
0.0
0.0
0.0
0.0
0.0
0.0
0.0
0.0
0.0
0.0
4.121343894538132e-6
0.0
0.0
0.0
0.0
7.993275558962896e-5
0.0
7.660486659941974e-7
0.0
0.0
0.0
0.0
0.0
0.0
0.0
0.0
0.0
0.0
0.0
0.0
0.0
0.0
0.0
0.0
4.062525118028132e-6
0.0
0.0
0.0
0.0
3.883935467519053e-5
0.0
0.0
0.0
0.0
0.0
0.0
0.0
0.0
0.0
0.0
0.0
0.0
0.0
0.0
0.0
0.0
2.6994458451566885e-6
2.7685206477659637e-6
0.00015498110137963662
0.0
0.0
0.0
0.0
0.0004089457501175578
0.00012941864314511972
0.0
0.0
0.0
0.0
0.0
0.0
0.0
0.0
0.0
0.0
0.0
0.0
0.0
1.2987984889346799e-6
0.0
2.503949996521341e-6
7.655792449624389e-5
0.0004735778340581004
0.0
0.0
0.0
0.0
0.0008441871557028594
0.00047970383472574875
5.843204884090848e-5
0.0
0.0
0.0
0.0
0.0
0.0
0.0
0.0
0.0
0.0
0.0
0.0
1.385014310831445e-6
0.0
2.0979246019516076e-5
0.0001475283212029056
0.0004536169024850152
0.0
0.0
0.0
0.0
0.0005248428963967728
0.00021926780642946906
0.0
0.0
0.0
0.0
0.0
0.0
0.0
0.0
0.0
0.0
0.0
0.0
0.0
9.535755831312975e-7
0.0
2.9845088178126854e-6
5.979681239772744e-5
0.0003051188870567863
0.0
0.0
0.0
0.0
0.0003322211139324911
0.0001077846726902087
0.0
0.0
0.0
0.0
0.0
0.0
0.0
0.0
0.0
0.0
0.0
0.0
0.0
2.2239800210820593e-6
0.0
4.7306447187973254e-5
0.00014684412231516015
0.0003977590680880521
0.0
0.0
0.0
0.0
0.0004196663858561674
0.00016252938936435867
0.0
0.0
2.245396834029874e-5
0.0
0.0
0.0
0.0
2.6425736133368263e-6
0.0
0.0
0.0
0.0
0.0
1.5925562587416537e-6
0.0
3.332132031689684e-5
0.00018858592150192014
0.000517488774836626
0.0
0.0
0.0
0.0
0.0005123075597990369
0.00018521081021513692
0.0
0.0
0.0
0.0
0.0
0.0
0.0
0.0
0.0
0.0
0.0
0.0
0.0
1.362250094592567e-6
0.0
2.5614301798901216e-6
2.5774945071526827e-6
0.00031991092867237513
0.0
0.0
0.0
0.0
0.00034295005073651223
8.812386142857032e-5
0.0
0.0
0.0
0.0
0.0
0.0
0.0
0.0
0.0
0.0
0.0
0.0
0.0
9.695378793999354e-7
0.0
0.0
2.370564988278187e-6
0.00019130740211553452
0.0
0.0
0.0
0.0
0.00035176474642419986
9.108338162730977e-5
0.0
0.0
0.0
0.0
0.0
0.0
0.0
0.0
0.0
0.0
0.0
0.0
0.0
1.6041870642226578e-6
0.0
2.39873136706443e-6
2.8680446036122326e-5
0.00028596427431904875
0.0
0.0
0.0
0.0
0.0003354045396138848
4.2054448860882925e-5
0.0
0.0
0.0
0.0
0.0
0.0
0.0
0.0
0.0
0.0
0.0
0.0
0.0
1.020029727757887e-6
0.0
2.646160230181259e-6
1.6490057586200558e-5
0.00033054534770670584
0.0
0.0
0.0
0.0
0.0005425320793564086
0.00020337682318083826
0.0
0.0
0.0
0.0
0.0
0.0
0.0
0.0
0.0
0.0
0.0
0.0
0.0
1.274331223529985e-6
0.0
2.4830616203977024e-6
5.4362086497515445e-6
0.00027725760671868294
0.0
0.0
0.0
0.0
0.0002693859726791804
4.02827750903955e-5
0.0
0.0
0.0
0.0
0.0
0.0
0.0
0.0
0.0
0.0
0.0
0.0
0.0
1.1902323151245906e-6
0.0
2.5809853804392372e-6
6.134706164377703e-5
0.00031309939982036606
0.0
0.0
0.0
0.0
0.00027594906068144375
1.9009385959841632e-5
0.0
0.0
0.0
0.0
0.0
0.0
0.0
0.0
0.0
0.0
0.0
0.0
0.0
1.1928658767871993e-6
0.0
2.5241964558725234e-6
2.529862157782395e-6
0.00025585902650121435
0.0
0.0
0.0
0.0
0.00025923963932929467
7.108580325103078e-6
0.0
0.0
0.0
0.0
0.0
0.0
0.0
0.0
0.0
0.0
0.0
0.0
0.0
1.688443533680611e-6
0.0
2.8968076469639133e-6
2.623238797454479e-6
0.00024091639738609165
0.0
0.0
0.0
0.0
0.0004406765705679402
0.00017015147417743552
0.0
0.0
0.0
0.0
0.0
0.0
0.0
0.0
0.0
0.0
0.0
0.0
0.0
1.6103492126656282e-6
0.0
2.4114115804717414e-6
2.533580098482661e-6
0.0002676945976976116
0.0
0.0
0.0
0.0
0.000330668801724314
3.823024423506944e-5
0.0
0.0
0.0
0.0
0.0
0.0
0.0
0.0
0.0
0.0
0.0
0.0
0.0
0.0
0.0
2.4632047716813758e-6
2.5124712658596753e-6
6.761276251784646e-5
0.0
0.0
0.0
0.0
0.00021545540767323954
0.0
0.0
0.0
0.0
0.0
0.0
0.0
0.0
0.0
0.0
0.0
0.0
0.0
0.0
0.0
0.0
2.3081023232726773e-6
2.9207098562229924e-6
1.7825548625949127e-5
0.0
0.0
0.0
0.0
9.696409357459809e-5
0.0
0.0
0.0
0.0
0.0
0.0
0.0
0.0
0.0
0.0
0.0
0.0
0.0
0.0
1.479635487225584e-6
0.0
2.597475009859246e-6
3.633692027886873e-5
0.0003255757064908873
0.0
0.0
0.0
0.0
0.000325824790126348
6.0044468117394616e-5
0.0
0.0
0.0
0.0
0.0
0.0
0.0
0.0
0.0
0.0
0.0
0.0
0.0
1.1904034251916851e-6
0.0
2.9433261765985536e-6
3.0816625673747646e-6
0.00031450242655241674
0.0
0.0
0.0
0.0
0.0004235348169661279
7.278150450023191e-5
0.0
0.0
0.0
0.0
0.0
0.0
0.0
0.0
0.0
0.0
0.0
0.0
0.0
0.0
0.0
2.4453058079338057e-6
3.08583965727984e-6
0.00021127226689301906
0.0
0.0
0.0
0.0
0.0003948690381692365
9.904793430428367e-5
0.0
0.0
0.0
0.0
0.0
0.0
0.0
0.0
0.0
0.0
0.0
0.0
0.0
0.0
0.0
2.5147162169822903e-6
2.5220550039090403e-6
0.0001671032621554941
0.0
0.0
0.0
0.0
0.00039129803795899906
9.948263591677763e-5
0.0
0.0
0.0
0.0
0.0
0.0
0.0
0.0
0.0
0.0
0.0
0.0
0.0
1.1413757449073587e-6
0.0
2.391193291077071e-6
2.4969699646613856e-6
9.693876364650584e-5
0.0
0.0
0.0
0.0
3.190826499227506e-5
0.0
0.0
0.0
0.0
0.0
0.0
0.0
0.0
0.0
0.0
0.0
0.0
0.0
0.0
0.0
0.0
2.3786599776091393e-6
2.443247371258799e-6
4.127748234628272e-5
0.0
0.0
0.0
0.0
0.0001699831297341126
0.0
0.0
0.0
0.0
0.0
0.0
0.0
0.0
0.0
0.0
0.0
0.0
0.0
0.0
0.0
0.0
2.8758745840251607e-6
2.6428441533633635e-6
9.40681368424512e-5
0.0
0.0
0.0
0.0
0.00024338972211674918
5.7492000685233425e-6
0.0
0.0
0.0
0.0
0.0
0.0
0.0
0.0
0.0
0.0
0.0
0.0
0.0
0.0
0.0
4.933361921997321e-6
2.8943993439243556e-6
6.847284238397753e-5
0.0
0.0
0.0
0.0
0.00019986298756796505
0.0
0.0
0.0
0.0
0.0
0.0
0.0
0.0
0.0
0.0
0.0
0.0
0.0
0.0
0.0
0.0
2.56568813705787e-6
2.9337805932340555e-6
0.00019951111202303325
0.0
0.0
0.0
0.0
0.0002548415710959505
6.164521165712214e-6
0.0
0.0
0.0
0.0
0.0
0.0
0.0
0.0
0.0
0.0
0.0
0.0
0.0
1.63357654396278e-6
0.0
2.5598238018493118e-6
2.9661441240692808e-6
0.00024915894265006426
0.0
0.0
0.0
0.0
0.00026022061235845314
0.0
0.0
0.0
0.0
0.0
0.0
0.0
0.0
0.0
0.0
0.0
0.0
0.0
0.0
0.0
0.0
2.471629792316605e-6
2.5456221257772166e-6
0.0001539416357309476
0.0
0.0
0.0
0.0
0.0003221385769489535
1.7044609690996286e-5
0.0
0.0
0.0
0.0
0.0
0.0
0.0
0.0
0.0
0.0
0.0
0.0
0.0
0.0
0.0
0.0
2.8374068203423473e-6
4.328576479693961e-6
0.0
0.0
0.0
0.0
0.00017677690968294696
0.0
0.0
0.0
0.0
0.0
0.0
0.0
0.0
0.0
0.0
0.0
0.0
0.0
0.0
0.0
0.0
0.0
2.8342097677891707e-6
7.509676963706699e-6
0.0
0.0
0.0
0.0
0.0002904588646827302
1.0461224974383216e-5
6.983594329467524e-7
0.0
0.0
0.0
0.0
0.0
0.0
0.0
0.0
0.0
0.0
0.0
0.0
0.0
0.0
0.0
2.5486849950745153e-6
4.359169406994598e-6
0.0
0.0
0.0
0.0
0.00010730696530713118
0.0
0.0
0.0
0.0
0.0
0.0
0.0
0.0
0.0
0.0
0.0
0.0
0.0
0.0
1.6824053715114805e-6
0.0
2.465306738898707e-6
2.4500015777134893e-6
0.00018522656594964398
0.0
0.0
0.0
0.0
0.0003353675303110615
0.00011285341410759224
0.0
0.0
0.0
0.0
0.0
0.0
0.0
0.0
0.0
0.0
0.0
0.0
0.0
0.0
0.0
2.2725290567998822e-6
2.840540792306058e-6
2.7289423223024957e-5
0.0
0.0
0.0
0.0
0.0002720880443155685
7.355735441216334e-6
0.0
0.0
0.0
0.0
0.0
0.0
0.0
0.0
0.0
0.0
0.0
0.0
0.0
0.0
0.0
2.2872481325046703e-6
4.850759552669292e-6
7.959047490752734e-5
0.0
0.0
0.0
0.0
0.00027072935265071667
1.1810678225877502e-5
0.0
0.0
0.0
0.0
0.0
0.0
0.0
0.0
0.0
0.0
0.0
0.0
0.0
0.0
0.0
2.6969584266424914e-6
2.4967501569724218e-6
6.447603211362145e-5
0.0
0.0
0.0
0.0
4.604898556062695e-5
0.0
0.0
0.0
0.0
0.0
0.0
0.0
0.0
0.0
0.0
0.0
0.0
0.0
0.0
0.0
0.0
2.7027710261745624e-6
0.0
2.6085083779953026e-5
0.0
0.0
0.0
0.0
7.228839709293965e-5
0.0
0.0
0.0
0.0
0.0
0.0
0.0
0.0
0.0
0.0
0.0
0.0
0.0
0.0
0.0
0.0
4.757396938887375e-6
4.952879130064165e-6
4.171302831597447e-6
0.0
0.0
0.0
0.0
1.0719420213212051e-5
0.0
0.0
0.0
0.0
0.0
0.0
0.0
0.0
0.0
0.0
0.0
0.0
0.0
0.0
0.0
0.0
4.688809161157569e-6
4.917222745188387e-6
4.194582840968166e-6
0.0
0.0
0.0
0.0
4.7558306364736016e-6
0.0
0.0
0.0
0.0
0.0
0.0
0.0
0.0
0.0
0.0
0.0
0.0
0.0
0.0
0.0
0.0
0.0
2.390616839272236e-6
3.0179699040975696e-6
0.0
0.0
0.0
0.0
1.0516387764632965e-5
0.0
0.0
0.0
0.0
0.0
0.0
0.0
0.0
0.0
0.0
0.0
0.0
0.0
0.0
0.0
0.0
0.0
0.0
2.7237333296069584e-6
0.0
0.0
0.0
0.0
4.801336563109487e-6
0.0
0.0
0.0
0.0
0.0
0.0
0.0
0.0
0.0
0.0
0.0
0.0
0.0
0.0
0.0
0.0
0.0
0.0
2.832466588079154e-6
0.0
0.0
0.0
0.0
4.469339120068353e-6
0.0
0.0
0.0
0.0
0.0
0.0
0.0
0.0
0.0
0.0
0.0
0.0
0.0
0.0
0.0
0.0
0.0
0.0
2.798823869644792e-6
0.0
0.0
0.0
0.0
3.1815141307550957e-6
0.0
0.0
0.0
0.0
0.0
0.0
0.0
0.0
0.0
0.0
0.0
0.0
0.0
0.0
0.0
0.0
0.0
4.858197241470176e-6
4.180693462822279e-6
0.0
0.0
0.0
0.0
8.888628149852971e-6
0.0
0.0
0.0
0.0
0.0
0.0
0.0
0.0
0.0
0.0
0.0
0.0
0.0
0.0
0.0
0.0
0.0
4.8824176296581475e-6
4.222503721491467e-6
0.0
0.0
0.0
0.0
3.955865255944627e-5
0.0
0.0
0.0
0.0
0.0
0.0
0.0
0.0
0.0
0.0
0.0
0.0
0.0
0.0
0.0
0.0
0.0
0.0
4.058588639453509e-6
0.0
0.0
0.0
0.0
4.7106839376092176e-6
0.0
0.0
0.0
0.0
0.0
0.0
0.0
0.0
0.0
0.0
0.0
0.0
0.0
0.0
0.0
0.0
2.3482443586002156e-6
2.348752351640948e-6
4.205636702243598e-6
0.0
0.0
0.0
0.0
4.787558085195455e-6
0.0
0.0
0.0
0.0
0.0
0.0
0.0
0.0
0.0
0.0
0.0
0.0
0.0
0.0
0.0
0.0
2.275712976040603e-6
2.3454386939589083e-6
4.206083076835407e-6
0.0
0.0
0.0
0.0
3.2544770964200977e-6
0.0
0.0
0.0
0.0
0.0
0.0
0.0
0.0
0.0
0.0
0.0
0.0
0.0
0.0
0.0
0.0
2.3400185273868573e-6
0.0
2.9168008987944985e-6
0.0
0.0
0.0
0.0
0.0001222448042088542
0.0
0.0
0.0
0.0
0.0
0.0
0.0
0.0
0.0
0.0
0.0
0.0
0.0
0.0
0.0
0.0
0.0
2.6890718491095655e-6
2.84458843527105e-6
0.0
0.0
0.0
0.0
0.00010334389155465336
0.0
0.0
0.0
0.0
0.0
0.0
0.0
0.0
0.0
0.0
0.0
0.0
0.0
0.0
0.0
0.0
0.0
0.0
2.742344571295817e-6
0.0
0.0
0.0
0.0
2.6989020493687264e-6
0.0
0.0
0.0
0.0
0.0
0.0
0.0
0.0
0.0
0.0
0.0
0.0
0.0
0.0
0.0
0.0
0.0
0.0
2.794646028973416e-6
0.0
0.0
0.0
0.0
4.832502322779894e-6
0.0
0.0
0.0
0.0
0.0
0.0
0.0
0.0
0.0
0.0
0.0
0.0
0.0
0.0
0.0
0.0
0.0
2.3274391205755894e-6
2.7953703492988454e-6
0.0
0.0
0.0
0.0
4.5501147382747035e-6
0.0
0.0
0.0
0.0
0.0
0.0
0.0
0.0
0.0
0.0
0.0
0.0
0.0
0.0
0.0
0.0
0.0
0.0
2.795175393364721e-6
0.0
0.0
0.0
0.0
2.8451868910165805e-6
0.0
0.0
0.0
0.0
0.0
0.0
0.0
0.0
0.0
0.0
0.0
0.0
0.0
0.0
0.0
0.0
0.0
0.0
4.114637734809466e-6
0.0
0.0
0.0
0.0
2.4518209880091233e-6
0.0
0.0
0.0
0.0
0.0
0.0
0.0
0.0
0.0
0.0
0.0
0.0
0.0
0.0
0.0
0.0
0.0
0.0
3.005139590725384e-6
0.0
0.0
0.0
0.0
2.8964343284212053e-6
0.0
0.0
0.0
0.0
0.0
0.0
0.0
0.0
0.0
0.0
0.0
0.0
0.0
0.0
0.0
0.0
0.0
0.0
2.9121764935225596e-6
0.0
0.0
0.0
0.0
2.71251887849307e-6
0.0
0.0
0.0
0.0
0.0
0.0
0.0
0.0
0.0
0.0
0.0
0.0
0.0
0.0
0.0
0.0
0.0
0.0
4.030864519947503e-6
0.0
0.0
0.0
0.0
2.7683132532099303e-6
0.0
0.0
0.0
0.0
0.0
0.0
0.0
0.0
0.0
0.0
0.0
0.0
0.0
0.0
0.0
0.0
0.0
0.0
3.0691157238931725e-6
0.0
0.0
0.0
0.0
1.7415338972814748e-6
0.0
0.0
0.0
0.0
0.0
0.0
0.0
0.0
0.0
0.0
0.0
0.0
0.0
0.0
0.0
0.0
0.0
0.0
0.0
0.0
0.0
0.0
0.0
1.6288337224541375e-6
0.0
0.0
0.0
0.0
0.0
0.0
0.0
0.0
0.0
0.0
0.0
0.0
0.0
0.0
0.0
0.0
0.0
0.0
3.1698427920040174e-6
0.0
0.0
0.0
0.0
2.4945884852967955e-6
0.0
0.0
0.0
0.0
0.0
0.0
0.0
0.0
0.0
0.0
0.0
0.0
0.0
0.0
0.0
0.0
0.0
0.0
2.7830387069524986e-6
0.0
0.0
0.0
0.0
2.9424561450470538e-6
0.0
0.0
0.0
0.0
0.0
0.0
0.0
0.0
0.0
0.0
0.0
0.0
0.0
0.0
0.0
0.0
0.0
2.45759683475019e-6
2.8846710810450474e-6
0.0
0.0
0.0
0.0
0.00012730734716990232
0.0
0.0
0.0
0.0
0.0
0.0
0.0
0.0
0.0
0.0
0.0
0.0
0.0
0.0
0.0
0.0
2.2329150782790094e-6
4.874073374329673e-6
4.5228076671312055e-6
0.0
0.0
0.0
0.0
0.00010047386580390298
0.0
0.0
0.0
0.0
0.0
0.0
0.0
0.0
0.0
0.0
0.0
0.0
0.0
0.0
0.0
0.0
0.0
2.6934957117265484e-6
4.234648026791327e-6
0.0
0.0
0.0
0.0
4.856193914285646e-6
0.0
0.0
0.0
0.0
0.0
0.0
0.0
0.0
0.0
0.0
0.0
0.0
0.0
0.0
0.0
0.0
2.396523785102683e-6
2.39481772893246e-6
4.95929647416812e-5
0.0
0.0
0.0
0.0
8.129198252304652e-6
0.0
0.0
0.0
0.0
0.0
0.0
0.0
0.0
0.0
0.0
0.0
0.0
0.0
0.0
0.0
0.0
4.8330037721044805e-6
2.4361687596127207e-6
8.867637426208629e-5
0.0
0.0
0.0
0.0
0.00017068095720835336
0.0
0.0
0.0
0.0
0.0
0.0
0.0
0.0
0.0
0.0
0.0
0.0
0.0
0.0
3.018401451054952e-6
0.0
4.857269215539175e-6
2.3743994761778184e-6
0.00012270788939867876
0.0
0.0
0.0
0.0
0.0003369760851107052
6.975587307238576e-5
0.0
0.0
0.0
0.0
0.0
0.0
0.0
0.0
0.0
0.0
0.0
0.0
0.0
1.5910541461513817e-6
0.0
2.339279861400429e-6
0.0
1.7637440813582946e-5
0.0
0.0
0.0
0.0
3.1748097228144624e-6
0.0
0.0
0.0
0.0
0.0
0.0
0.0
0.0
0.0
0.0
0.0
0.0
0.0
0.0
0.0
0.0
0.0
0.0
0.0
0.0
0.0
0.0
0.0
1.6045868340695174e-6
0.0
0.0
0.0
0.0
0.0
0.0
0.0
0.0
0.0
0.0
0.0
0.0
0.0
0.0
0.0
0.0
0.0
0.0
2.3426444622834168e-6
0.0
0.0
0.0
0.0
3.122681029438716e-6
0.0
0.0
0.0
0.0
0.0
0.0
0.0
0.0
0.0
0.0
0.0
0.0
0.0
0.0
0.0
0.0
2.4022337127088602e-6
2.8897144533044828e-6
5.343715504446403e-5
0.0
0.0
0.0
0.0
0.00015406386727393563
0.0
0.0
0.0
0.0
0.0
0.0
0.0
0.0
0.0
0.0
0.0
0.0
0.0
0.0
0.0
0.0
4.801523434402805e-6
2.4125265564801783e-6
8.867520677414609e-5
0.0
0.0
0.0
0.0
5.0080315092244514e-5
0.0
0.0
0.0
0.0
0.0
0.0
0.0
0.0
0.0
0.0
0.0
0.0
0.0
0.0
0.0
0.0
0.0
0.0
4.148725940355719e-6
0.0
0.0
0.0
0.0
4.755185591508228e-6
0.0
0.0
0.0
0.0
0.0
0.0
0.0
0.0
0.0
0.0
0.0
0.0
0.0
0.0
0.0
0.0
0.0
0.0
2.20414701151294e-6
0.0
0.0
0.0
0.0
2.259909470551917e-6
0.0
0.0
0.0
0.0
0.0
0.0
0.0
0.0
0.0
0.0
0.0
0.0
0.0
0.0
0.0
0.0
0.0
0.0
4.11891425954006e-6
0.0
0.0
0.0
0.0
2.5868097535625765e-6
0.0
0.0
0.0
0.0
0.0
0.0
0.0
0.0
0.0
0.0
0.0
0.0
0.0
0.0
0.0
0.0
2.219159763359079e-6
4.80643501473606e-6
3.942453511147918e-6
0.0
0.0
0.0
0.0
3.339736265481466e-6
0.0
0.0
0.0
0.0
0.0
0.0
0.0
0.0
0.0
0.0
0.0
0.0
0.0
0.0
0.0
0.0
0.0
0.0
2.3597283371330077e-6
0.0
0.0
0.0
0.0
2.9026761855368796e-6
0.0
0.0
0.0
0.0
0.0
0.0
0.0
0.0
0.0
0.0
0.0
0.0
0.0
0.0
0.0
0.0
0.0
0.0
2.2169736398738694e-6
0.0
0.0
0.0
0.0
1.7564567033856592e-6
0.0
0.0
0.0
0.0
0.0
0.0
0.0
0.0
0.0
0.0
0.0
0.0
0.0
0.0
0.0
0.0
0.0
0.0
4.109947106852065e-6
0.0
0.0
0.0
0.0
2.99654561986648e-6
0.0
0.0
0.0
0.0
0.0
0.0
0.0
0.0
0.0
0.0
0.0
0.0
0.0
0.0
0.0
0.0
2.635435549805067e-6
2.4223341503318595e-6
3.196505179662212e-5
0.0
0.0
0.0
0.0
8.874287266878893e-5
0.0
0.0
0.0
0.0
0.0
0.0
0.0
0.0
0.0
0.0
0.0
0.0
0.0
0.0
0.0
0.0
2.7589983312052278e-6
2.4143265047815077e-6
4.209707537862595e-6
0.0
0.0
0.0
0.0
6.201327043308792e-6
0.0
0.0
0.0
0.0
0.0
0.0
0.0
0.0
0.0
0.0
0.0
0.0
0.0
0.0
0.0
0.0
4.677391815451087e-6
4.95642195684212e-6
3.494897185377015e-5
0.0
0.0
0.0
0.0
8.473130907596717e-6
0.0
0.0
0.0
0.0
0.0
0.0
0.0
0.0
0.0
0.0
0.0
0.0
0.0
0.0
0.0
0.0
2.2212559607983634e-6
2.8118504273031476e-6
4.29978781064934e-6
0.0
0.0
0.0
0.0
9.716374036144574e-5
0.0
0.0
0.0
0.0
0.0
0.0
0.0
0.0
0.0
0.0
0.0
0.0
0.0
0.0
0.0
0.0
2.275705812710541e-6
4.899985938780036e-6
4.2022836038418266e-6
0.0
0.0
0.0
0.0
4.497234490757712e-5
0.0
0.0
0.0
0.0
0.0
0.0
0.0
0.0
0.0
0.0
0.0
0.0
0.0
0.0
0.0
0.0
0.0
0.0
2.9163973317848733e-6
0.0
0.0
0.0
0.0
4.89237546482268e-6
0.0
0.0
0.0
0.0
0.0
0.0
0.0
0.0
0.0
0.0
0.0
0.0
0.0
0.0
0.0
0.0
0.0
0.0
2.936988073096955e-6
0.0
0.0
0.0
0.0
3.953302619452446e-6
0.0
0.0
0.0
0.0
0.0
0.0
0.0
0.0
0.0
0.0
0.0
0.0
0.0
0.0
0.0
0.0
0.0
0.0
2.950244441710069e-6
0.0
0.0
0.0
0.0
2.9613671162781337e-6
0.0
0.0
0.0
0.0
0.0
0.0
0.0
0.0
0.0
0.0
0.0
0.0
0.0
0.0
0.0
0.0
0.0
0.0
4.1378711943524006e-6
0.0
0.0
0.0
0.0
2.919440435537297e-6
0.0
0.0
0.0
0.0
0.0
0.0
0.0
0.0
0.0
0.0
0.0
0.0
0.0
0.0
0.0
0.0
0.0
4.828440141827968e-6
4.170627547433876e-6
0.0
0.0
0.0
0.0
4.852094204287436e-6
0.0
0.0
0.0
0.0
0.0
0.0
0.0
0.0
0.0
0.0
0.0
0.0
0.0
0.0
0.0
0.0
0.0
4.809156834538474e-6
2.9619330643063075e-6
0.0
0.0
0.0
0.0
2.0771573603484587e-5
0.0
0.0
0.0
0.0
0.0
0.0
0.0
0.0
0.0
0.0
0.0
0.0
0.0
0.0
0.0
0.0
0.0
2.6892998503467913e-6
4.008530707832862e-6
0.0
0.0
0.0
0.0
7.82518941400488e-5
0.0
0.0
0.0
0.0
0.0
0.0
0.0
0.0
0.0
0.0
0.0
0.0
0.0
0.0
0.0
0.0
0.0
2.9263687780643644e-6
4.018483542523087e-6
0.0
0.0
0.0
0.0
0.00012620365158732684
0.0
0.0
0.0
0.0
0.0
0.0
0.0
0.0
0.0
0.0
0.0
0.0
0.0
0.0
0.0
0.0
2.360709067321709e-6
2.5721041418318202e-6
4.784877501927226e-5
0.0
0.0
0.0
0.0
0.0001238645393321857
0.0
0.0
0.0
0.0
0.0
0.0
0.0
0.0
0.0
0.0
0.0
0.0
0.0
0.0
0.0
0.0
2.2544029489399453e-6
4.833776204036972e-6
4.165208935689565e-6
0.0
0.0
0.0
0.0
4.807640504427253e-6
0.0
0.0
0.0
0.0
0.0
0.0
0.0
0.0
0.0
0.0
0.0
0.0
0.0
0.0
0.0
0.0
0.0
0.0
4.173153635046886e-6
0.0
0.0
0.0
0.0
2.66292284193546e-6
0.0
0.0
0.0
0.0
0.0
0.0
0.0
0.0
0.0
0.0
0.0
0.0
0.0
0.0
0.0
0.0
0.0
4.627510473796372e-6
4.13346193228621e-6
0.0
0.0
0.0
0.0
4.880262168024757e-6
0.0
0.0
0.0
0.0
0.0
0.0
0.0
0.0
0.0
0.0
0.0
0.0
0.0
0.0
0.0
0.0
2.7243746809875097e-6
2.446962624030336e-6
4.219196408248098e-6
0.0
0.0
0.0
0.0
0.0001886377449995262
0.0
0.0
0.0
0.0
0.0
0.0
0.0
0.0
0.0
0.0
0.0
0.0
0.0
0.0
0.0
0.0
0.0
4.783990140186967e-6
4.159514431233057e-6
0.0
0.0
0.0
0.0
2.103251984004562e-5
0.0
0.0
0.0
0.0
0.0
0.0
0.0
0.0
0.0
0.0
0.0
0.0
0.0
0.0
0.0
0.0
0.0
0.0
3.022572613613745e-6
0.0
0.0
0.0
0.0
3.1463265693103702e-6
0.0
0.0
0.0
0.0
0.0
0.0
0.0
0.0
0.0
0.0
0.0
0.0
0.0
0.0
0.0
0.0
0.0
0.0
0.0
0.0
0.0
0.0
0.0
3.024855503923492e-6
0.0
0.0
0.0
0.0
0.0
0.0
0.0
0.0
0.0
0.0
0.0
0.0
0.0
0.0
0.0
0.0
0.0
0.0
0.0
0.0
0.0
0.0
0.0
2.6411768914196705e-6
0.0
0.0
0.0
0.0
0.0
0.0
0.0
0.0
0.0
0.0
0.0
0.0
0.0
0.0
0.0
0.0
0.0
0.0
4.62642624444854e-6
0.0
0.0
0.0
0.0
3.157400752253862e-6
0.0
0.0
0.0
0.0
0.0
0.0
0.0
0.0
0.0
0.0
0.0
0.0
0.0
0.0
0.0
0.0
0.0
5.369686827945647e-6
4.113934484601217e-6
0.0
0.0
0.0
0.0
7.273961776535602e-5
0.0
0.0
0.0
0.0
0.0
0.0
0.0
0.0
0.0
0.0
0.0
0.0
0.0
0.0
0.0
0.0
0.0
0.0
2.9698875050880915e-6
0.0
0.0
0.0
0.0
2.6020774644856278e-5
0.0
0.0
0.0
0.0
0.0
0.0
0.0
0.0
0.0
0.0
0.0
0.0
0.0
0.0
0.0
0.0
2.2344137999081594e-6
0.0
4.070760535414896e-6
0.0
0.0
0.0
0.0
6.123095037547328e-6
0.0
0.0
0.0
0.0
0.0
0.0
0.0
0.0
0.0
0.0
0.0
0.0
0.0
0.0
0.0
0.0
0.0
0.0
3.968302056550941e-6
0.0
0.0
0.0
0.0
4.7212963784235506e-6
0.0
0.0
0.0
0.0
0.0
0.0
0.0
0.0
0.0
0.0
0.0
0.0
0.0
0.0
0.0
0.0
0.0
0.0
4.0836367498044835e-6
0.0
0.0
0.0
0.0
2.949069529525343e-6
0.0
0.0
0.0
0.0
0.0
0.0
0.0
0.0
0.0
0.0
0.0
0.0
0.0
0.0
0.0
0.0
0.0
0.0
4.096370893257682e-6
0.0
0.0
0.0
0.0
6.8319686012420345e-6
0.0
0.0
0.0
0.0
0.0
0.0
0.0
0.0
0.0
0.0
0.0
0.0
0.0
0.0
0.0
0.0
0.0
2.3438807194898334e-6
4.1604894912824485e-6
0.0
0.0
0.0
0.0
7.081504360217923e-5
0.0
0.0
0.0
0.0
0.0
0.0
0.0
0.0
0.0
0.0
0.0
0.0
0.0
0.0
0.0
0.0
4.575047698685817e-6
4.7503690387242504e-6
4.1495291791954926e-6
0.0
0.0
0.0
0.0
6.364244194731366e-6
0.0
0.0
0.0
0.0
0.0
0.0
0.0
0.0
0.0
0.0
0.0
0.0
0.0
0.0
0.0
0.0
4.598533390216594e-6
4.780544718384905e-6
4.166693170541456e-6
0.0
0.0
0.0
0.0
6.568018025031767e-6
0.0
0.0
0.0
0.0
0.0
0.0
0.0
0.0
0.0
0.0
0.0
0.0
0.0
0.0
0.0
0.0
2.6447445050714276e-6
2.4186936799084766e-6
4.743487456888342e-5
0.0
0.0
0.0
0.0
0.00019506763477910406
0.0
0.0
0.0
0.0
0.0
0.0
0.0
0.0
0.0
0.0
0.0
0.0
0.0
0.0
0.0
0.0
2.5781617877767454e-6
2.467918131173973e-6
7.940220651690859e-5
0.0
0.0
0.0
0.0
0.0004172192118914236
0.00016904399952927016
0.0
0.0
0.0
0.0
0.0
0.0
0.0
0.0
0.0
0.0
0.0
0.0
0.0
0.0
0.0
0.0
2.6789470310071264e-6
1.5256106872888661e-5
0.0
0.0
0.0
0.0
0.00037376379995577143
0.00015978270788957456
0.0
0.0
0.0
0.0
0.0
0.0
0.0
0.0
0.0
0.0
0.0
0.0
0.0
0.0
0.0
0.0
0.0
3.7863124426758337e-6
0.0
0.0
0.0
0.0
0.0002090577261850269
2.3472620527291567e-5
0.0
0.0
0.0
0.0
0.0
0.0
0.0
0.0
0.0
0.0
0.0
0.0
0.0
0.0
0.0
0.0
0.0
4.074163562092803e-6
0.0
0.0
0.0
0.0
6.016184679043753e-6
0.0
0.0
0.0
0.0
0.0
0.0
0.0
0.0
0.0
0.0
0.0
0.0
0.0
0.0
0.0
0.0
0.0
0.0
0.0
0.0
0.0
0.0
0.0
2.499614434680273e-6
0.0
0.0
0.0
0.0
0.0
0.0
0.0
0.0
0.0
0.0
0.0
0.0
0.0
0.0
0.0
0.0
0.0
0.0
3.196100509674936e-6
0.0
0.0
0.0
0.0
9.178142439073862e-5
0.0
0.0
0.0
0.0
0.0
0.0
0.0
0.0
0.0
0.0
0.0
0.0
0.0
0.0
0.0
0.0
4.676035266482525e-6
0.0
4.058929380763461e-6
0.0
0.0
0.0
0.0
8.707022471839052e-5
0.0
0.0
0.0
0.0
0.0
0.0
0.0
0.0
0.0
0.0
0.0
0.0
0.0
0.0
0.0
0.0
4.679904428662755e-6
4.877313385081729e-6
4.207539572726256e-6
0.0
0.0
0.0
0.0
1.0303571832459459e-5
0.0
0.0
0.0
0.0
0.0
0.0
0.0
0.0
0.0
0.0
0.0
0.0
0.0
0.0
0.0
0.0
0.0
4.652602339456125e-6
4.1223788953981715e-6
0.0
0.0
0.0
0.0
4.817687629803535e-6
0.0
0.0
0.0
0.0
0.0
0.0
0.0
0.0
0.0
0.0
0.0
0.0
0.0
0.0
0.0
0.0
4.667234707446206e-6
4.946883681863149e-6
3.947381511018216e-5
0.0
0.0
0.0
0.0
2.303817636507466e-5
0.0
0.0
0.0
0.0
0.0
0.0
0.0
0.0
0.0
0.0
0.0
0.0
0.0
0.0
0.0
0.0
4.756838218143429e-6
4.627518660393095e-6
4.184688325062633e-6
0.0
0.0
0.0
0.0
0.00016484647123978088
0.0
0.0
0.0
0.0
0.0
0.0
0.0
0.0
0.0
0.0
0.0
0.0
0.0
0.0
0.0
0.0
2.323416491568033e-6
0.0
4.099477207361648e-6
0.0
0.0
0.0
0.0
4.380755115248921e-6
0.0
0.0
0.0
0.0
0.0
0.0
0.0
0.0
0.0
0.0
0.0
0.0
0.0
0.0
2.451587293460788e-6
0.0
0.0
4.738209521138094e-6
9.78141278632291e-6
0.0
0.0
0.0
0.0
0.00028509793194972876
9.235000705250236e-5
0.0
0.0
0.0
0.0
0.0
0.0
0.0
0.0
0.0
0.0
0.0
0.0
0.0
0.0
0.0
2.2500655498069045e-6
2.887544140864866e-6
8.269013641106094e-5
0.0
0.0
0.0
0.0
0.0004931022367369358
0.00023581585937070256
0.0
0.0
0.0
0.0
0.0
0.0
0.0
0.0
0.0
0.0
0.0
0.0
0.0
0.0
0.0
0.0
2.8581770990732413e-6
8.937325465854264e-6
0.0
0.0
0.0
0.0
0.0003929086478655302
0.00012999245686376638
0.0
0.0
0.0
0.0
0.0
0.0
0.0
0.0
0.0
0.0
0.0
0.0
0.0
0.0
0.0
0.0
0.0
3.967481679848342e-6
0.0
0.0
0.0
0.0
5.344805519792542e-5
0.0
0.0
0.0
0.0
0.0
0.0
0.0
0.0
0.0
0.0
0.0
0.0
0.0
0.0
0.0
0.0
4.617555131917454e-6
4.842502513676522e-6
2.7917105072511766e-6
0.0
0.0
0.0
0.0
2.8766487399395263e-5
0.0
0.0
0.0
0.0
0.0
0.0
0.0
0.0
0.0
0.0
0.0
0.0
0.0
0.0
0.0
0.0
4.702998834237583e-6
2.7588737109509568e-6
4.280757671488384e-6
0.0
0.0
0.0
0.0
0.00040841454449507377
0.00014820135186264255
0.0
0.0
0.0
0.0
0.0
0.0
0.0
0.0
0.0
0.0
0.0
0.0
0.0
3.021899104410007e-6
0.0
4.660013883515764e-6
2.3300422011264157e-6
3.599397966392065e-5
0.0
0.0
0.0
0.0
6.911242248901243e-5
0.0
0.0
0.0
0.0
0.0
0.0
0.0
0.0
0.0
0.0
0.0
0.0
0.0
0.0
0.0
0.0
2.55432948088487e-6
2.411747508998962e-6
4.191009304604486e-6
0.0
0.0
0.0
0.0
5.447445637757515e-5
0.0
0.0
0.0
0.0
0.0
0.0
0.0
0.0
0.0
0.0
0.0
0.0
0.0
0.0
0.0
0.0
2.3083360947513863e-6
0.0
4.376396868216256e-6
0.0
0.0
0.0
0.0
5.8380228401979947e-5
0.0
0.0
0.0
0.0
0.0
0.0
0.0
0.0
0.0
0.0
0.0
0.0
0.0
0.0
0.0
0.0
4.858155854319295e-6
2.41735536482885e-6
6.411695273432247e-5
0.0
0.0
0.0
0.0
0.00013366754078811887
0.0
0.0
0.0
0.0
0.0
0.0
0.0
0.0
0.0
0.0
0.0
0.0
0.0
0.0
2.4196027374045003e-6
0.0
2.7204865665925625e-6
2.4826503835224805e-6
0.00010517450136022437
0.0
0.0
0.0
0.0
0.00025694085571406703
1.000180549138875e-5
0.0
0.0
0.0
0.0
0.0
0.0
0.0
0.0
0.0
0.0
0.0
0.0
0.0
2.471739538592851e-6
0.0
4.6952889949701046e-6
4.924865091955797e-6
1.0660767337516925e-5
0.0
0.0
0.0
0.0
6.809297866529979e-5
0.0
0.0
0.0
0.0
0.0
0.0
0.0
0.0
0.0
0.0
0.0
0.0
0.0
0.0
2.425395650175814e-6
0.0
2.704947365599199e-6
2.4468869217617457e-6
8.870014577081096e-5
0.0
0.0
0.0
0.0
0.00011743406374634758
0.0
0.0
0.0
0.0
0.0
0.0
0.0
0.0
0.0
0.0
0.0
0.0
0.0
0.0
2.5740540441156892e-6
0.0
2.3219696166082885e-6
3.3274417003313154e-6
0.00022894253341519623
0.0
0.0
0.0
0.0
0.0005812125063989999
0.000284635487019893
0.0
0.0
0.0
0.0
0.0
0.0
0.0
0.0
0.0
0.0
0.0
0.0
0.0
2.2854098589740296e-6
0.0
2.7407527799027203e-6
2.5115827802871455e-6
8.52192227098017e-5
0.0
0.0
0.0
0.0
0.00042761684502766315
0.0001724214226433062
0.0
0.0
0.0
0.0
0.0
0.0
0.0
0.0
0.0
0.0
0.0
0.0
0.0
2.4437159560203176e-6
0.0
4.797278240262158e-6
0.0
8.292923587428987e-5
0.0
0.0
0.0
0.0
0.000326107644342232
0.0001587241595689382
0.0
0.0
0.0
0.0
0.0
0.0
0.0
0.0
0.0
0.0
0.0
0.0
0.0
0.0
0.0
0.0
4.775458501468407e-6
4.201162438645773e-6
0.0
0.0
0.0
0.0
0.0001013896216183186
0.0
0.0
0.0
0.0
0.0
0.0
0.0
0.0
0.0
0.0
0.0
0.0
0.0
0.0
0.0
0.0
0.0
4.589498207442785e-6
2.754769586724964e-6
0.0
0.0
0.0
0.0
2.9068612025145244e-6
0.0
0.0
0.0
0.0
0.0
0.0
0.0
0.0
0.0
0.0
0.0
0.0
0.0
0.0
0.0
0.0
2.204476671604991e-6
4.833795865308749e-6
4.182772072865831e-6
0.0
0.0
0.0
0.0
0.0001519119522466431
0.0
0.0
0.0
0.0
0.0
0.0
0.0
0.0
0.0
0.0
0.0
0.0
0.0
0.0
0.0
0.0
4.501606026817325e-6
4.832684800700049e-6
4.18962164286089e-6
0.0
0.0
0.0
0.0
4.286175407338679e-6
0.0
0.0
4.5034943871192066e-6
0.0
0.0
0.0
0.0
0.0
0.0
0.0
0.0
0.0
0.0
0.0
0.0
0.0
0.0
0.0
2.8761364902392473e-6
0.0
0.0
0.0
0.0
3.294322365646837e-5
0.0
0.0
0.0
0.0
0.0
0.0
0.0
0.0
0.0
0.0
0.0
0.0
0.0
0.0
2.432702422944534e-6
0.0
4.849309526344831e-6
2.3460787639389534e-6
4.421574661318233e-5
0.0
0.0
0.0
0.0
0.0004486313297302477
0.0002103392742258515
0.0
0.0
0.0
0.0
0.0
0.0
0.0
0.0
0.0
0.0
0.0
0.0
0.0
0.0
0.0
4.71949039850284e-6
2.343857005470343e-6
9.022149848540697e-5
0.0
0.0
0.0
0.0
0.0001917307880810323
5.744194795336457e-6
0.0
0.0
0.0
0.0
0.0
0.0
0.0
0.0
0.0
0.0
0.0
0.0
0.0
0.0
0.0
2.745709063271347e-6
3.3877788599739613e-6
0.0001536851395063791
0.0
0.0
0.0
0.0
0.0007496916476234778
0.0004974906295854468
0.0001886463022986954
1.208194832629769e-5
0.0
0.0
0.0
0.0
0.0
0.0
0.0
0.0
0.0
0.0
0.0
2.4879732378058353e-6
0.0
2.710124895625532e-6
4.6158899971449436e-5
0.00043704392062684957
0.0
0.0
0.0
0.0
0.0009764451386018968
0.0006423574453955086
0.00037678198660888045
0.0001160902678178405
0.0
0.0
0.0
0.0
0.0
0.0
0.0
0.0
0.0
0.0
0.0
2.9693431276879656e-6
0.0
2.2954023711997776e-5
0.00012192945437129258
0.0005111311534966873
0.0
0.0
0.0
0.0
0.0012005647458296952
0.0007064298650364347
0.0003894681739377912
0.0001349182190797415
0.0
0.0
0.0
0.0
0.0
0.0
0.0
0.0
0.0
0.0
0.0
2.531050590712061e-6
0.0
3.102947526527694e-6
3.652056812000295e-5
0.00032430225089976445
0.0
0.0
0.0
0.0
0.000870600257667503
0.000680751443972161
0.0004564447040731471
9.301189722087471e-5
0.0
0.0
0.0
0.0
0.0
0.0
0.0
0.0
0.0
0.0
0.0
0.0
0.0
1.0734566916364355e-5
0.0
0.00014686888476588548
0.0
0.0
0.0
0.0
0.0006871824404368776
0.0004894585660563397
0.00014895003724243723
0.0
0.0
0.0
0.0
0.0
0.0
0.0
0.0
0.0
0.0
0.0
0.0
0.0
0.0
0.0
2.674428275237303e-6
3.4627059693107335e-5
0.0
0.0
0.0
0.0
0.0004753900284236874
0.0003083272671440915
7.233406824609106e-5
0.0
0.0
0.0
0.0
0.0
0.0
0.0
0.0
0.0
0.0
0.0
0.0
2.3982751398235232e-6
0.0
2.744225414665979e-6
2.5602028994387867e-5
0.0003448676246527513
0.0
0.0
0.0
0.0
0.0005073632523114858
0.00034242852837727296
0.00017059149473744745
3.8919154366722195e-5
0.0
0.0
0.0
0.0
0.0
0.0
0.0
0.0
0.0
0.0
0.0
3.1258863450555526e-6
0.0
7.0518367129900606e-6
0.00010345461999078826
0.0004833250280657875
0.0
0.0
0.0
0.0
0.0010850875274724967
0.000609412692840545
0.0003541815410013602
0.0001744712704128097
0.0
0.0
0.0
0.0
0.0
0.0
0.0
0.0
0.0
0.0
0.0
3.0421152202898947e-6
0.0
2.602165225358617e-6
3.096016695349372e-5
0.0003466947502307078
0.0
0.0
0.0
0.0
0.0007021144415744942
0.00045273118686938363
0.000269458640368923
0.0001049009561830252
0.0
0.0
0.0
0.0
0.0
0.0
0.0
0.0
0.0
0.0
0.0
2.3208236413666352e-6
0.0
2.3703827536619256e-6
2.468389929864066e-6
0.00020589855044049964
0.0
0.0
0.0
0.0
0.0002696447606642234
8.376467107195189e-5
0.0
0.0
0.0
0.0
0.0
0.0
0.0
0.0
0.0
0.0
1.0173712594232734e-6
0.0
0.0
2.6804800865231423e-6
0.0
7.817613428953729e-5
0.00022107085321746927
0.0005043066792555159
0.0
0.0
0.0
0.0
0.001209438031412127
0.0006962145566547564
0.0004283511099942338
0.00024895825215902876
1.4341707218155356e-5
0.0
0.0
0.0
0.0
0.0
0.0
0.0
7.893117161566651e-7
0.0
0.0
2.7105498061795703e-6
0.0
6.134942291964974e-5
0.0001816287564077826
0.0005182948677469296
0.0007076358037971001
0.0
0.0
0.0
0.0
0.0013789423843382769
0.0008015594054518143
0.00028385734462916124
2.7628153035417045e-5
0.0
0.0
0.0
0.0
0.0
0.0
0.0
9.53942232598425e-7
0.0
0.0
0.0
2.949365136804455e-6
0.0
2.4380196881898773e-6
3.2184043444327145e-5
0.00026435696322787614
0.0
0.0
0.0
0.0
0.0006180492298314829
0.0003301597694283792
1.9381006366500568e-5
0.0
0.0
0.0
0.0
0.0
0.0
0.0
0.0
0.0
0.0
0.0
0.0
0.0
9.41191679803773e-6
2.9400952561433965e-6
5.4247343037357564e-5
0.00038311106863382486
0.0
0.0
0.0
0.0
0.0008164381756367304
0.0004257641477470595
1.0169360636026422e-5
0.0
0.0
0.0
0.0
0.0
0.0
0.0
0.0
0.0
0.0
0.0
0.0
0.0
0.0
2.9984032589967377e-6
3.5410242367297683e-6
0.00021092277287611258
0.0
0.0
0.0
0.0
0.00046728665136479367
0.00024627714381782607
0.0
0.0
0.0
0.0
0.0
0.0
0.0
0.0
0.0
0.0
0.0
0.0
0.0
2.182918125797342e-6
0.0
2.9064654212294924e-6
3.1477511344616666e-6
0.00022065135972034752
0.0
0.0
0.0
0.0
0.0006090350687457933
0.0003090817875073765
0.0
0.0
0.0
0.0
0.0
0.0
0.0
0.0
0.0
0.0
0.0
0.0
0.0
0.0
0.0
2.782223694521458e-6
3.0050614021227196e-6
0.00014588034612105608
0.0
0.0
0.0
0.0
0.0005303143688084314
0.00037338608108836017
0.00010556198005050576
0.0
0.0
0.0
0.0
0.0
0.0
0.0
0.0
0.0
0.0
0.0
0.0
2.3996630888974323e-6
0.0
2.8219847342574346e-6
2.7632687362636057e-5
0.00034352513447831137
0.0
0.0
0.0
0.0
0.00048741011503655957
0.00024227728040801126
0.0
0.0
0.0
0.0
0.0
0.0
0.0
0.0
0.0
0.0
0.0
0.0
0.0
2.3725152752139256e-6
0.0
2.543001874923046e-6
4.838313170523932e-5
0.00036716458897201115
0.0
0.0
0.0
0.0
0.0007227660077013706
0.0003460863945656081
1.6138583423177645e-5
0.0
0.0
0.0
0.0
0.0
0.0
0.0
0.0
2.624600882165915e-6
0.0
0.0
0.0
3.0284016396343995e-6
0.0
9.913775005244299e-5
0.00024459558070298875
0.0005442317952588839
0.0
0.0
0.0
0.0
0.0013519057844010717
0.000774971346901378
0.00023615216652512537
9.477912168147504e-6
0.0
0.0
0.0
0.0
0.0
0.0
0.0
3.5313174147164317e-6
0.0
0.0
0.0
4.848802722017407e-6
3.0205929309333065e-5
0.00017992770022525902
0.00037251150068092284
0.0007795180385925401
0.0
0.0
0.0
0.0
0.0015852711919242895
0.0010032159593904666
0.0006737771719263787
0.0007831844846030334
0.0008001017421657124
0.000521974151861154
0.00023194723153216538
0.0
0.0
4.2363055959713386e-5
0.0001606980160248261
0.0002039990911711168
8.173679097927813e-5
5.306116597504861e-5
0.0
4.7126864862212895e-5
2.1567737807892725e-5
8.118821721262675e-5
0.0001250993230670511
0.00046096723893173264
0.0
0.0
0.0
0.0
0.0008422630114229049
0.0004300639923448376
5.426000765382672e-5
0.0
0.0
0.0
0.0
0.0
0.0
0.0
0.0
0.0
0.0
0.0
0.0
2.9416498892390005e-6
0.0
3.004218539505999e-5
0.0001178277920331256
0.0004907835390455988
0.0
0.0
0.0
0.0
0.001023029241184744
0.0005598046620961373
0.0001859562536748233
1.145339887366396e-5
0.0
0.0
0.0
0.0
0.0
0.0
0.0
0.0
0.0
0.0
0.0
2.4264088927162323e-6
0.0
8.110955928833797e-5
0.0001917954939173345
0.0005198542422561231
0.0
0.0
0.0
0.0
0.0009759978911284054
0.0006084559496351313
0.00043409374019260093
0.00026712257402363923
7.728750690559497e-6
0.0
0.0
0.0
0.0
0.0
4.052004840728673e-6
0.0
0.0
0.0
0.0
2.3206969819940178e-6
0.0
8.410859275771412e-5
0.00023511353997363564
0.0005942856630093543
0.0
0.0
0.0
0.0
0.0009000996285076179
0.000499983776168452
0.0003307859131569947
0.00034582753567485896
7.325298981491044e-5
0.0
0.0
0.0
0.0
0.0
0.0
0.0
0.0
0.0
0.0
2.381470526865757e-6
1.7890002679796407e-5
0.00014726214600187514
0.00022301725591082053
0.0004463674889567742
0.0
0.0
0.0
0.0
0.0006392048085473933
0.00041989668573589277
3.3285285666299186e-5
0.0
0.0
0.0
0.0
0.0
0.0
0.0
0.0
0.0
0.0
0.0
0.0
0.0
0.0
0.0
2.632687330371614e-6
4.527873543842203e-5
0.0
0.0
0.0
0.0
0.0005135725048516816
0.00028644749902341884
0.0
0.0
0.0
0.0
0.0
0.0
0.0
0.0
0.0
0.0
0.0
0.0
0.0
2.5454071100163655e-6
0.0
4.703974830427669e-6
8.676508307801703e-5
0.00038705820832162755
0.0
0.0
0.0
0.0
0.0005451134750422167
0.0003617955150590138
0.00017729902028148532
0.0001347918418469537
1.5023502302824675e-5
0.0
0.0
0.0
0.0
8.69457040101694e-7
2.5525690683076508e-6
5.969863401668555e-6
0.0
0.0
0.0
3.2950393822211e-5
0.00012521253526519025
0.000289782056509914
0.00045432711373351656
0.0008796195383305486
0.0
0.0
0.0
0.0
0.0010167369983816155
0.0005894856419139304
0.0004107253860195472
0.00042160201315302514
0.00011801987948385993
0.0
0.0
0.0
0.0
0.0
0.0
0.0
0.0
0.0
0.0
3.467147562988606e-5
6.720746302229685e-5
0.00016434111693404703
0.0002647561215709502
0.0005526376201437853
0.0
0.0
0.0
0.0
0.0006439667882680494
0.0002991709116163232
7.156072482769908e-5
0.00010864937975613073
4.725797016163435e-5
0.0
0.0
0.0
0.0
0.0
0.0
0.0
0.0
0.0
0.0
2.837887442853646e-6
4.599562667642187e-6
8.970008980701553e-5
0.00019902621878690487
0.0005308833479396826
0.0
0.0
0.0
0.0
0.0008931492567825931
0.0005058856480699871
0.0002084024887097733
3.193752163666287e-5
0.0
0.0
0.0
0.0
0.0
0.0
0.0
4.240776291112058e-6
0.0
0.0
0.0
6.4116678496076755e-6
5.5049893188081495e-5
0.00017498023405070298
0.0001535410232647749
0.00035387914021410517
0.0
0.0
0.0
0.0
0.0004453870678798771
0.0002570903654932114
1.2536554470436755e-5
0.0
0.0
0.0
0.0
0.0
0.0
0.0
0.0
0.0
0.0
0.0
0.0
3.560728638177942e-6
2.2431394795064844e-5
0.00013250362206969116
0.0001981978343275315
0.0005144006017026812
0.0
0.0
0.0
0.0
0.0016745121619778525
0.0010771938565883432
0.000475939181068231
0.00010930378853832289
0.0
0.0
0.0
0.0
0.0
0.0
0.0
3.9686055932198015e-6
0.0
0.0
0.0
2.9368321964024934e-6
9.579498872940647e-5
0.00024415533157634773
0.0003861719727308177
0.000904444327452619
0.0
0.0
0.0
0.0
0.0020690202180386557
0.0014192974595673331
0.0005318746681041383
9.099884668588662e-5
0.0
0.0
0.0
0.0
0.0
0.0
0.0
9.006810110396436e-7
0.0
0.0
0.0
8.290886000739069e-5
0.00019229544166297698
0.0003457728984256536
0.00047898049595774194
0.0011312259195673058
0.0
0.0
0.0
0.0
0.002019441222949185
0.0014431424592757577
0.0007335364743945572
0.00013459956695953415
0.0
0.0
0.0
0.0
0.0
0.0
0.0
4.287586706634828e-6
0.0
0.0
0.0
2.9299024682018227e-6
3.4063714066550764e-5
0.00011198259464539771
0.0002787217981958256
0.0008228292241510256
0.0
0.0
0.0
0.0
0.0016226363118620171
0.0009660866597819497
0.0004377450332366045
0.00024139781121433978
0.0001598405884955398
5.527433950053348e-6
0.0
0.0
0.0
4.711457335805744e-6
3.833375847904287e-6
3.520423274336978e-5
1.0809393328012543e-5
0.0
1.561860948004026e-5
0.00014601836926849668
0.00023768123347931355
0.0003782634598457223
0.0004984540161457442
0.0009490680010348551
0.0
0.0
0.0
0.0
0.0012423521763372833
0.0006905642767359653
0.00040672274083521635
0.0003440650121467152
0.00025077122277989506
3.163447715999272e-5
0.0
0.0
0.0
5.781890224408336e-6
8.967417247380886e-5
0.00024814351848473457
0.0001780449632788228
0.0001955540800391834
0.00016219257041440283
0.000221522505951257
0.00025941747153539115
0.00034878222765844777
0.00048609167255552117
0.0010361805741167089
0.0
0.0
0.0
0.0
0.001231076260635219
0.0007054825838035818
0.0005384301179861705
0.0006435500497125001
0.0005858763662937511
0.0005655482731567724
0.00044481578014225325
0.00039817125083612445
0.00043026190036620296
0.0005626457719438098
0.000599136738993799
0.0006056671890531929
0.0005288091611609157
0.00035188221841007884
0.00035864300241174324
0.00041797666395076673
0.00042608206413946456
0.0004898481224691848
0.0005064335746946253
0.0008782886081033858
0.0
0.0
0.0
0.0
0.0009326933053618209
0.0004357429135345402
0.00019368822571820196
0.00011454043758743918
0.0
0.0
0.0
0.0
0.0
0.0
0.0
0.0
0.0
0.0
0.0
7.384308763143373e-5
0.00011639255212046003
0.00021238016326793324
0.0003110716905733691
0.0006582551787746746
0.0
0.0
0.0
0.0
0.0007704663327037434
0.0004250491399360855
6.484372709233689e-5
0.0
0.0
0.0
0.0
0.0
0.0
0.0
0.0
3.5594202471600414e-6
0.0
0.0
0.0
2.3820348273789948e-6
5.2848788740649785e-5
0.00017213552166020824
0.0002388139859653662
0.0004994022210065207
0.0
0.0
0.0
0.0
0.0006787475381878
0.00038897206640811725
0.00012120615657102702
0.0
0.0
0.0
0.0
0.0
0.0
0.0
0.0
3.2182440002153313e-6
0.0
0.0
0.0
4.41424918427305e-6
8.81432061967405e-5
0.00033107752237384024
0.0004844577666487606
0.0009102722725088329
0.0
0.0
0.0
0.0
0.0010234271431528554
0.0005846630012031009
0.0003238298743049944
0.00011921483006139814
0.0
0.0
0.0
0.0
0.0
0.0
0.0
2.973540467428523e-6
0.0
0.0
0.0
1.5033524407291981e-5
7.359294395566661e-5
0.0002420684872021669
0.00032681336744491056
0.0007097564157393704
0.0
0.0
0.0
0.0
0.0015093971290039072
0.0010570270016367674
0.0005028614520424257
0.00017123380707569143
0.0
0.0
0.0
0.0
0.0
0.0
0.0
2.141356325356749e-6
0.0
0.0
0.0
1.2051240501629803e-5
0.00015628195729912677
0.0003576318960795109
0.0004942534149744232
0.0010973144087235162
0.0
0.0
0.0
0.0
0.0014570823962024404
0.0009180811517543697
0.000579189465342707
0.00033081067987133107
2.66440642102543e-5
0.0
0.0
0.0
0.0
2.588704057431001e-6
3.8267159298184725e-6
3.5873228868428665e-5
0.0
0.0
7.848055315514435e-5
0.00026610966654744066
0.0003182757200470531
0.0004190926347245509
0.0005185893537426687
0.0010492989982274694
0.0
0.0
0.0
0.0
0.00199340133896164
0.0014240960780737405
0.0009298021381710913
0.0005091614416415245
6.541070726197057e-5
0.0
0.0
0.0
0.0
0.0
0.0
8.544759784718299e-7
0.0
0.0
0.0
0.00019161551456596353
0.00042706562082425444
0.0006161993407412467
0.0008752127797455633
0.0015829324501630488
0.0
0.0
0.0
0.0
0.0023769294033579875
0.0018122991795139903
0.0013927202382357513
0.0009992681023037549
0.00044133537100858253
8.30147394200991e-5
0.0
0.0
6.912948891317989e-5
0.00029292909250239993
0.00027327107450849015
0.00045468027512793986
0.0005752154551729019
0.0004927748046133953
0.0005657092457933544
0.0009942227277691352
0.001186083624345123
0.0013230760495984274
0.0014550676504186094
0.00207796579129332
0.0
0.0
0.0
0.0
0.002679508136129229
0.0018308381136028686
0.0010645841480150199
0.0006483190750504772
0.00034898192732334165
8.470754143693301e-5
0.0
0.0
0.0
2.920972631379556e-6
2.647371876619549e-6
0.00011264979514137867
0.00015617709086480027
0.00026919080032045036
0.0003623517381147037
0.0005312228203619014
0.0007264240240429657
0.0009155830380644485
0.0011797527275048507
0.001994009582475231
0.0
0.0
0.0
0.0
0.003096255360248676
0.0024392705783876055
0.0015174740753815508
0.0008942343400112335
0.00037870839384676294
4.676378102523143e-5
0.0
0.0
0.0
2.8277622308306177e-6
1.8166706578758226e-6
0.00025787898802536894
0.0003091139636362842
0.0003177697322938394
0.00032318934575503884
0.0005063738864565901
0.000731484819410076
0.0009878620514591656
0.0013726482497894467
0.002258604731409599
0.0
0.0
0.0
0.0
0.002980148944119703
0.0022483209485069946
0.0012757933626808562
0.0006596236185838095
0.0001984100288291204
0.0
0.0
0.0
0.0
2.2206336832844755e-6
2.5775902877854394e-6
0.00020903474142840677
0.00016111190143671715
0.0001114770835592692
0.00015291545971167248
0.0003601385552973273
0.0004599918354762742
0.0006457743617134032
0.000697789517443088
0.0016321638761401598
0.0
0.0
0.0
0.0
0.0023046921212153725
0.001617182826791349
0.0006673462778810156
0.0001541078929976127
0.0
0.0
0.0
0.0
0.0
0.0
0.0
3.544978974682307e-5
5.562991226825979e-5
7.855658756830679e-5
0.00013210488744614066
0.00013961683326731538
0.00019388421680611965
0.0003858352433862101
0.0004341156238716579
0.0007921076655576448
0.0
0.0
0.0
0.0
0.0017325984966784578
0.0012243528235494948
0.00041476257896645296
4.141440550523472e-5
0.0
0.0
0.0
0.0
0.0
0.0
1.3204832281300607e-6
0.0
3.6868639295740013e-6
0.0
0.0
0.0
0.0
2.9578760298110246e-6
9.50418133732168e-6
0.00047187793254951205
0.0
0.0
0.0
0.0
0.0009149313471952931
0.0006655287319883606
0.0001854536663368257
0.0
0.0
0.0
0.0
0.0
0.0
0.0
0.0
0.0
0.0
0.0
0.0
0.0
1.2654745352122983e-5
2.6659704224795244e-6
6.427301649472026e-5
0.0004392480087446855
0.0
0.0
0.0
0.0
0.0018077875347059617
0.0011304863670278332
0.0002988242988041241
0.0
0.0
0.0
0.0
0.0
0.0
0.0
0.0
0.0
0.0
0.0
0.0
0.0
7.474949582611855e-6
2.95294562934231e-6
0.00019268917412067888
0.0006769933972898017
0.0
0.0
0.0
0.0
0.0011694037194627481
0.0007750496186908019
0.00011637046527106604
0.0
0.0
0.0
0.0
0.0
0.0
0.0
0.0
0.0
0.0
0.0
0.0
0.0
2.4005936637263646e-6
3.2501494037221e-6
3.0485602917689937e-6
3.76477303399386e-5
0.0
0.0
0.0
0.0
0.00070822456886441
0.0003732125050783747
1.862360937493869e-5
0.0
0.0
0.0
0.0
0.0
0.0
0.0
0.0
0.0
0.0
0.0
0.0
0.0
0.0
2.580003681669322e-6
3.5089554233765574e-6
0.00024344987332733614
0.0
0.0
0.0
0.0
0.0008619547731179508
0.0004757702127705532
8.51543508243851e-5
0.0
0.0
0.0
0.0
0.0
0.0
0.0
0.0
9.703525947685082e-7
0.0
0.0
0.0
2.47488225791083e-6
0.0
2.3895458804139113e-6
0.0
4.823698385295225e-5
0.0
0.0
0.0
0.0
0.0014141526719886849
0.0007628608300242268
0.00018121279276354834
0.0
0.0
0.0
0.0
0.0
0.0
0.0
0.0
2.1226479484117415e-6
0.0
0.0
0.0
2.486272726647205e-6
0.0
7.720052240374348e-5
0.00036884219712412944
0.0007774989677923539
0.0
0.0
0.0
0.0
0.0017425961263960997
0.001227731627586915
0.0005245752134531
0.00012018489515137066
0.0
0.0
0.0
0.0
0.0
0.0
2.1266568481281625e-6
0.0
0.0
0.0
0.0
1.5713300213310073e-5
5.900912521842389e-6
9.775677812318777e-5
0.00017519942108302038
0.0005154931335062336
0.0
0.0
0.0
0.0
0.0017703331280322545
0.001136733069830195
0.0006088150886586418
0.0002576341624397632
0.0
0.0
0.0
0.0
0.0
0.0
0.0
0.0
0.0
0.0
0.0
9.029634520482014e-5
7.021044677368851e-5
0.00019685498939284296
0.0004503251931313524
0.001075818389004173
0.0
0.0
0.0
0.0
0.0020840908101718287
0.0014492179723000344
0.0008340577493524242
0.00041110962079694553
1.898339267179375e-5
0.0
0.0
0.0
0.0
0.0
0.0
1.839071468931205e-6
0.0
0.0
0.0
0.0
0.0
0.00011689065844954895
0.00018663264850908213
0.0007434453612183513
0.0
0.0
0.0
0.0
0.001976622540083543
0.0013846987978180722
0.0006304493223683657
9.384815191239376e-5
0.0
0.0
0.0
0.0
0.0
0.0
0.0
0.0
1.567019235936432e-6
0.0
0.0
2.8012390570259472e-6
0.0
8.684809704570035e-5
0.00017920318456156144
0.00037239056543790776
0.0
0.0
0.0
0.0
0.0013830382482812249
0.0008121214907020316
0.0005478372739480158
0.0005992890145589179
0.00024601663903416667
0.0
0.0
0.0
0.0
3.3913127354858142e-6
1.7171486783523232e-6
0.00013736970473705583
0.00020718718731405102
0.00023215027766832635
0.00022711402737729132
0.0003242560713573345
0.0004163289191502595
0.0005405753664172646
0.0007208320545670186
0.0012731180442771659
0.0
0.0
0.0
0.0
0.0015424275205901913
0.0009659447589265692
0.0007487213143894429
0.0006260379632543304
0.00023174555716652795
0.0
0.0
0.0
0.0
0.0
3.545418972394925e-6
2.638269233786191e-5
5.4174864429497926e-5
0.00013174183018721308
0.00016685258436975115
0.0002270880378639296
0.00029443830585887523
0.000457366114918859
0.0005816970444809591
0.001197067323265762
0.0
0.0
0.0
0.0
0.0017095129659027947
0.0010981910558237407
0.0007259484555328303
0.0005441114485795732
0.0001586519207196868
0.0
0.0
0.0
0.0
4.656551692282487e-6
6.236910103342595e-5
0.00018582283823969034
0.0
0.0
0.0
1.683129979167222e-5
0.0
4.3848865543920287e-5
0.0001367666558079358
0.00043572986387228077
0.0
0.0
0.0
0.0
0.0009208914417185525
0.0004879184656181565
0.00021381426013890694
6.368889774393584e-5
0.0
0.0
0.0
0.0
0.0
0.0
3.3005644846038444e-6
0.0
0.0
0.0
0.0
0.0
0.0
2.3988390649536105e-6
2.3967532206742914e-6
0.0001499571637486099
0.0
0.0
0.0
0.0
0.00047589213026614423
0.00018681138381288777
0.0
0.0
0.0
0.0
0.0
0.0
0.0
0.0
0.0
3.0790200067121468e-6
0.0
0.0
0.0
4.447182664906203e-6
2.1255528761755354e-5
0.00011187154627622873
0.00024744140021888623
0.0006057103910194018
0.0
0.0
0.0
0.0
0.0006722478748762226
0.00038098630523197683
0.00020124076716476264
0.00020064933766492872
6.47538574929158e-5
0.0
0.0
0.0
0.0
5.2222407918183024e-6
9.38084183011167e-6
6.789566006499532e-5
7.506347551518258e-5
0.0
0.0
2.8031682854304046e-5
5.096927411097962e-5
0.00013909202065159434
0.0001882461362372379
