0.00036822303465668723
0.00029154466053521433
0.0003901361400103628
0.00041683749442434655
0.0004743462342976904
0.0003783121008181927
0.0004904849561700826
0.0004208964937671278
0.00046106070195472553
0.00026459297198357817
0.00027636685957076684
0.0001740166013114507
0.00018807004039147226
9.894538025525678e-5
0.00010694224792399673
8.754912210739354e-5
0.0001865717227892731
0.00022244568650126018
0.00029839877646938804
0.0002841488232196368
0.0003683484624536277
0.00035293213915138364
0.00043199376606485324
0.00038600049793379283
0.00042815548733168694
0.00038947296657564046
0.0004993107526513896
0.00043288693261888083
0.0005106172351087169
0.000522270786347645
0.0022164904812140354
0.002003061325861801
0.0011337998524657178
0.0006659644899091387
0.0004619722180060559
0.0003768831517218211
0.0003512075990865912
0.00019971248492003303
0.0001337319979653173
0.00011981569678372268
0.00016110601990899942
0.00046385858197603273
0.0006943094937545277
0.0007977573148702065
0.0009060940502985103
0.0009449059261947625
0.0
0.0
2.7191210222362244e-5
0.00011316034223633674
0.00012964333379396136
0.0001977245003668807
0.00017143397984262958
0.0002649431497198656
0.0016031977932793
0.00149603478341332
0.0007940169135671989
0.0005278947077155177
0.00041367968399478856
0.0003185167379293601
0.00031302860280311534
0.00017322225017497923
0.00017793252445452696
0.00018177558118644138
0.00017577520729538803
0.00040639826301077276
0.0005722189206451678
0.0006212058707137553
0.0006771681025931203
0.0007003722252444381
0.0
0.0
0.0
0.0
0.0
3.166423269269475e-6
8.403955937421542e-6
4.5907345742766874e-5
0.001388469993347746
0.0012504348300857633
0.0006141834540615268
0.00038913916775068665
0.0003000487239012335
0.00023417701922682414
0.0002430137067488119
0.00013172117063313548
0.00012819608075808342
0.000119766633879473
0.00012519231381868023
0.0003633417161270943
0.0005276816072811783
0.0005778479555491852
0.0006370543994099372
0.0006671262260115653
0.0
0.0
0.0
0.0
0.0
0.0
9.308082825307845e-6
2.5737864330573704e-5
0.0013896949737358902
0.0012195176708878284
0.0005865082274186358
0.00039026324933558404
0.00025270771498254866
0.00013600272376826492
0.00015269482079090937
5.215402359665525e-5
2.313598213169416e-5
3.8994947923143496e-5
6.782685638434096e-5
0.00028325098814385935
0.0004449197091068461
0.0005095725310698513
0.0005870876885943887
0.0006298533431855869
0.0
0.0
0.0
0.0
0.0
0.0
3.3924635006768567e-6
5.66950532551513e-6
0.0013826061051218945
0.0012290373285509329
0.0006501575995408347
0.0003763322930444231
0.00014038029545253503
8.313708064909382e-5
0.00011665966787143725
5.182350798688017e-5
4.635833690944865e-5
3.836746717814113e-5
5.693151763665145e-5
0.0002711933816964872
0.0004057244163369768
0.00046130930654786996
0.0005427045499585064
0.0005863464096595287
0.0
0.0
0.0
0.0
0.0
1.2483480911340763e-6
1.6101541484377224e-5
2.9544022166724887e-5
0.0013652453235924336
0.001310568019976892
0.0009230223187460489
0.0006861393811368055
0.0004972446161183914
0.0004085481062328579
0.0004283151468574086
0.0003913655780329862
0.0003910053191937405
0.0004111307857821076
0.0005225402301755112
0.0006587391803042392
0.0
0.0
0.0
0.0
0.0
2.5356553506306177e-5
3.2861848671302006e-5
4.510299032930081e-5
4.5957705238806116e-5
7.262684829320255e-5
7.674820412086443e-5
0.00010668266011822169
9.496151906738432e-5
0.0001583535278027613
0.00012303463805514914
0.00017951449625447344
0.00022762539726597575
0.0003022500389824865
0.000252693787779782
0.0003097468932212298
0.0002798646802044447
0.0002944802007754692
0.0003026067225334459
0.0002596545978837749
0.0002593011506265368
0.00025612549410180326
0.00023990139227083443
0.00023383092728735183
0.0002338706795378203
0.0002473096268001113
0.00022527574430920847
0.00021348290125992823
0.00025358915270876125
0.00027403581885609827
0.00025220684484702414
0.0002448533903029126
0.0019509933317872457
0.0016938857608277404
0.0009655207138635941
0.0007145770382468208
0.0005835082595807577
0.0005016406336781358
0.0005191982667585458
0.00038012983903575905
0.0003353820127358879
0.00026723584813256467
0.00017661685316734782
0.0003845667097620319
0.0005257020395885453
0.0005096889095365263
0.0005599090847636185
0.000579177246773689
0.0
0.0
0.0
0.0
0.0
0.0
0.0
0.0
0.0012600646087407982
0.0010753765208135863
0.0004533924274796707
0.0003033531330585521
0.0002088728588574361
0.00014747757854544538
0.0001618008224009171
5.7405121354155955e-5
4.3443386219533565e-5
3.5604570915767305e-5
8.656789838281229e-5
0.00036255078284330294
0.0005040745685583935
0.0005203449211560364
0.0005760709421987878
0.0006160653219840421
0.0
0.0
0.0
0.0
0.0
1.0743808937765349e-5
2.056537568660936e-5
1.0380983515930448e-5
0.001361507403960119
0.0011797485644187988
0.0005405209315459295
0.0002913103092710526
0.00014196462037413058
9.312998019862007e-5
0.00010595841378761399
3.5928825536010203e-5
1.9999414830155743e-5
1.1020055560669543e-5
1.1858755608273542e-5
0.0001835861961390653
0.00034222032710584535
0.00041264196670112794
0.00047674712901986415
0.0005290266727966814
0.0
0.0
0.0
0.0
0.0
0.0
0.0
8.98002233709316e-6
0.0012794011877287226
0.0011237940464423853
0.0005269557974461765
0.0003460606125331837
0.0002464636953454177
0.00017835034787440566
0.0001660690402581238
4.2471424863615325e-5
2.519747889505932e-5
2.528589503492843e-5
2.2952879451243197e-5
0.0002837990309576223
0.0004872586121792706
0.0005831695394766334
0.0007024403191109268
0.0007705710895197063
0.0
0.0
0.0
0.0
0.0
7.638165371535298e-6
3.781450752190704e-5
2.6776331925802452e-5
0.0014004178325867503
0.0012747069319699127
0.0006148473794303689
0.00037996530317405575
0.0003268942875634416
0.0002737300000471284
0.00024763342038774597
0.00013396791655596475
9.090942939415983e-5
3.744853630733602e-5
1.9024921152186822e-5
0.0002739488539778902
0.00038290227064865145
0.00039640641050309937
0.0004838087806917606
0.0005098055125270801
0.0
0.0
0.0
0.0
0.0
0.0
0.0
0.0
0.0010822220531748993
0.0008847604497193222
0.0006111771010257396
0.0005106439918632936
0.00044223283549670126
0.0003685884064558829
0.0004549442533668578
0.00046715116915405536
0.00047648150209794016
0.0005093412321012278
0.0005449462995047857
0.0006449798801050985
0.0
0.0
0.0
0.0
0.0
0.0
0.0
5.12693480594085e-6
1.706810877030299e-5
3.2872826947864535e-5
5.841918825505009e-5
7.381543313009106e-5
0.00011139011275298067
9.879593721904805e-5
0.00012230103082657996
9.714812679741568e-5
0.00011750797361333286
3.30109528281848e-5
1.5221523400179643e-5
3.2395830903106376e-6
1.2238177933193428e-5
2.2145555674604206e-5
1.1756486133801905e-5
1.7773761892444493e-5
9.50872980165985e-6
6.508686589828685e-5
0.0001214518171746517
0.00013440769656738148
0.00017476161312385507
0.0002032689888740275
0.0002225459739619005
0.00021323053949302858
0.00021021112700373486
0.00022280240423977346
0.0002372055211879495
0.0002458030224037493
0.0002649521237606868
0.0002707538328928082
0.00027352282539143505
0.000245634497930075
0.00016085834183697745
0.0001503502218301649
8.781653419582339e-5
8.557406770965077e-5
0.00011159589509173366
0.00014378050942916336
0.00015340559098318986
0.00020164119536120789
0.00023135224512453012
0.00026386209393975036
0.00023688931051499816
0.0002771743699768781
0.00024809212997090453
0.00027401306108499766
0.00024854073886048403
0.0002602931532066853
0.0002413888260924064
0.00026359239293697066
0.00024402171448198055
0.00027122327256625355
0.0018900751893215354
0.0016397935662486743
0.0007774417747015385
0.0003532611190677636
0.0001936828790570911
0.00015677882145340958
0.000158104035005444
8.130053845102985e-5
5.335337630299818e-5
6.238114374858546e-5
9.190534208935091e-5
0.00034855185401248817
0.0004990032016090029
0.0005319708847675902
0.0006122735412050881
0.0006584249669142794
0.0
0.0
0.0
0.0
0.0
1.427632255562777e-6
1.3603173060166686e-5
3.055307313886126e-5
0.0013685455430458213
0.001221404647160736
0.00047054829111612203
0.0001938929029957136
0.0001605034160640677
0.00011526103988943531
0.0001140542287456768
3.420695767030056e-5
1.6747115283536183e-5
6.280995894718982e-6
2.139530969008565e-5
0.00017851812803893708
0.00036105597411334445
0.00048555779923717597
0.0005958228427306697
0.0006585932044429793
0.0
0.0
0.0
0.0
1.1070913271162812e-5
4.807860577716905e-5
5.1097533264153845e-5
8.054911032620115e-5
0.0014062631446787066
0.0012741455976882326
0.0006478548125346457
0.0004253850558827598
0.0002594836731749293
0.00018729134855673878
0.00019523420884061756
7.734702897346709e-5
3.8444557423168394e-5
2.916850436583809e-5
3.350484036710645e-5
0.00027416013382895445
0.00044564643701211417
0.00051395776341668
0.0006026928036357292
0.0006444149426857204
0.0
0.0
0.0
0.0
0.0
0.0
1.802506504942176e-6
7.356875871245902e-6
0.001383396366754698
0.0011669605589374825
0.00041486307791258043
0.00018702435305709714
0.00011046004188695942
5.4836549759959e-5
3.95745439092562e-5
1.1758523427755412e-5
1.2519735623318898e-5
1.7965856018638746e-6
5.337560483924128e-6
0.00015011742223919878
0.0003240355976791423
0.0004210376593627348
0.0004995815726243308
0.000557455159767603
0.0
0.0
0.0
0.0
0.0
9.880487163687849e-6
5.574105826545485e-5
8.735135035425736e-5
0.0013737452214547005
0.0013475394899629197
0.001000204751856735
0.0007773609724180098
0.0005899130304405546
0.0004267636918475613
0.0004504133073273703
0.0004812474568397737
0.000533574019642902
0.0005860614220185545
0.000611428345166932
0.0007018961830894833
0.0
0.0
0.0
0.0
1.8720367372980002e-6
7.806848865351254e-6
3.9809409100702205e-5
8.309132637021035e-5
0.00012519202504908912
0.00011890303304852684
0.00016841000179758383
0.00013649542254063704
0.00015160303822402387
0.00017522192986776152
0.00021638704849076125
0.0002103177416586816
0.00019889355875190884
0.00015859939176409566
0.00015825264382692578
9.3879774446472e-5
4.113726921115408e-5
2.8443770209567306e-5
6.017207842570018e-5
4.6834226679535845e-5
5.307709244831132e-5
3.808458310887931e-5
6.547166901959332e-5
6.180329693601456e-5
7.693533830138065e-5
8.709202152880597e-5
0.00010961670442251762
0.00010904793503930856
0.00015495027862437165
0.00016268878071159324
0.0001785268817621008
0.0001579901541124364
0.001704463701326732
0.001447477181773144
0.0007443943442719691
0.00047023179695536465
0.0003631406022716783
0.00024590526835026956
0.00024094231435957132
0.00010329804830402087
4.8112648360427415e-5
2.763694514867175e-5
6.298048339276447e-5
0.0003614625885867046
0.0005488421222292266
0.0005711930925535215
0.000689273387809767
0.0007228354646146088
0.0
0.0
0.0
0.0
5.715630232054038e-5
0.00014028078320428155
0.00022226488466238996
0.00019217328017672854
0.0015691644093539
0.0014771174606110847
0.0007857042113846325
0.0005502197652184471
0.00038783640971720506
0.0002851086918039434
0.0002771639614032495
0.00014477739718027937
0.00012687207314320136
0.00011612542530553586
0.00011777602416393411
0.00034786929700299154
0.0005240124956708728
0.0005676906368173879
0.0006162909143200812
0.000646045687660001
0.0
0.0
0.0
0.0
0.0
1.3428565408732541e-6
3.6221347787343028e-6
3.0586214073403e-5
0.0013693433007799692
0.0012579476274405608
0.0005449114289681164
0.0002684816389456941
0.0001282410572124973
5.04399776704085e-5
3.865832355448331e-5
3.525925929760845e-6
0.0
0.0
2.6213408422237174e-6
0.00014528625164614756
0.0003075009683758877
0.0004062564916424419
0.0005202844330017672
0.0005573089052201596
0.0
0.0
0.0
0.0
0.0
3.483167496618171e-6
2.246181735999548e-5
8.368385675636715e-5
0.0013850688472417001
0.0013012741011953525
0.0006608169963043708
0.0004313930911278054
0.00027628195958239837
0.00016693437040310013
0.00019243473218371953
7.189573604542437e-5
3.205272970236896e-5
1.8956271309074873e-5
3.440989779411302e-5
0.0002801192244049085
0.00044959235717923217
0.0005141182524707448
0.0005741325806879866
0.0005884011563592767
0.0
0.0
0.0
0.0
0.0
0.0
4.877172783557597e-6
5.875639223719349e-6
0.001344961959097693
0.0011950683920058415
0.0005313269710257758
0.00026368951075041316
0.00011221802965236672
1.786970518095049e-5
5.214247421508497e-6
0.0
0.0
0.0
0.0
3.6769197902382544e-5
0.00014291969993516325
0.0001898998176024756
0.0002467286792340255
0.0002752079251191717
0.0
0.0
0.0
0.0
0.0
0.0
0.0
0.0
0.0010013556053693371
0.0008841555958339782
0.0006161152603969744
0.0005197290281479666
0.0005338764851906207
0.0005111604734187742
0.0005978546689803389
0.0006152493720537522
0.0006133897619573786
0.0005675591860569573
0.0005264210190191783
0.0006137753224674482
0.0
0.0
0.0
0.0
0.0
0.0
0.0
0.0
0.0
0.0
0.0
0.0
0.0
0.0
0.0
0.0
0.0
0.0
0.0
0.0
0.0
0.0
1.4907594925068256e-5
6.362743976925226e-5
8.025566887141901e-5
0.00011879458000588795
0.0001582380252288987
0.0001592866542486308
0.0002134606866483911
0.00020378419319786142
0.0002324586496313721
0.00023024060857749443
0.00022841414465903456
0.00023132994408378376
0.0002169093978212853
0.00019658114122703883
0.0018049701126985282
0.0015474678950222252
0.0008520224078171264
0.0006162669284859505
0.0005606385943449677
0.00047008877927783753
0.00048626781730327174
0.0004075324450971843
0.00033339215823877886
0.00032831283135128803
0.00033460818244813816
0.0005952905820825672
0.0007785491076501522
0.0008139305244939037
0.000855008696023906
0.0008818075952116255
0.0
0.0
0.0
1.2169791048069423e-5
9.097042922855373e-5
0.00012678287748869147
0.0002067470083838182
0.00020426993726145555
0.0016607331301092161
0.0015451482335772366
0.0008834774290441778
0.0006560171757174081
0.0005117786491182906
0.0004260015268141416
0.0004433641145220091
0.0003012821013672112
0.00028129453949642135
0.0002721117730953751
0.00028361424588459856
0.0005877811055300508
0.0007673485161471934
0.0008183284121896699
0.0008776116265073752
0.0009156857353756334
0.0
0.0
4.12251695991223e-6
3.339284036575541e-5
9.561985886215425e-5
0.00012492965053513232
0.00018765984331215282
0.00020130788707003238
0.0016244170643402655
0.0015036053888486428
0.0006771416218358184
0.00029446405964049326
0.00014949078223913028
8.316307064213972e-5
6.722712656029875e-5
1.0553174199498422e-5
0.0
0.0
0.0
8.393664826850134e-5
0.0001926903582858174
0.0003030347716427467
0.00044594969521171356
0.0004972431216613323
0.0
0.0
0.0
0.0
0.0
5.8502934029346205e-6
1.8899822594834398e-5
4.660720094387245e-5
0.0013484876181955165
0.0012863622098723754
0.000535951534495734
0.00030616038757601635
0.000148186684456874
6.349511405712734e-5
6.301697710839507e-5
1.2168680296365423e-5
0.0
0.0
0.0
5.4516252060977096e-5
0.00015738714633579398
0.00023800594631955747
0.0003274604276932816
0.00038817475625508083
0.0
0.0
0.0
0.0
0.0
0.0
0.0
0.0
0.0009465987119760388
0.0008013901047013882
0.0002275529377059112
8.293005534307395e-5
1.4867081749921558e-5
0.0
0.0
0.0
0.0
0.0
0.0
8.397300225691044e-5
0.00016442287360481103
0.00019830564172646
0.00025960655745627624
0.0003243177298911103
0.0
0.0
0.0
0.0
0.0
0.0
0.0
0.0
0.0008602338282190171
0.0008125574269128263
0.0006194310810908779
0.0005906386115262493
0.0005308845205054474
0.000496617343072382
0.0006034011908786802
0.0006033874084928553
0.0005192415422477102
0.0003998557825713465
0.00041588256767015563
0.0005219146054305532
0.0
0.0
0.0
0.0
0.0
0.0
0.0
0.0
0.0
0.0
0.0
0.0
2.658503487282301e-6
9.561799754191193e-7
0.0
0.0
0.0
0.0
0.0
0.0
0.0
0.0
0.0
8.05385627551977e-7
2.3180179225119146e-6
4.5581047916812565e-6
1.1146913509416934e-6
2.5370414869221914e-6
2.7005749657052504e-6
1.071839832772477e-5
9.583617538498652e-6
5.347267016134404e-6
2.2368221056664666e-5
2.3530370847699483e-5
2.336449617833956e-5
2.9171319941375685e-5
0.0016012510702226735
0.0012512874590359083
0.0004995242783174381
0.0003216370328963831
0.0002653488369038437
0.00020061872763721427
0.0002230394622747017
8.129219288500478e-5
7.16289558121331e-5
4.580194524535063e-5
5.206664443443784e-6
0.00020772151058562783
0.00034790074820808083
0.000405856014219128
0.0005067080229632552
0.00058077293106704
0.0
0.0
0.0
0.0
0.0
0.0
0.0
0.0
0.0011771138466109637
0.001018374641964417
0.0004056442880092145
0.000246732546076844
0.000153063471003661
7.583090332415088e-5
7.405895499430219e-5
3.1513295583556734e-6
0.0
0.0
0.0
9.020929625592402e-5
0.00023464988668270536
0.00033209861355899546
0.00043800744360073874
0.00047798680986409957
0.0
0.0
0.0
0.0
0.0
0.0
0.0
0.0
0.0012314203408776633
0.001061009588318124
0.0004234654095608487
0.00021341650173188132
0.00010465498066518279
6.12867015820752e-5
5.34661215546102e-5
6.347255674417253e-6
5.021380353134637e-6
3.5686341744220757e-7
0.0
0.00019215506550899204
0.00038713998081963563
0.0004294060632499662
0.0005229834310934401
0.0006109188541979547
0.0
0.0
0.0
0.0
0.0
0.0
0.0
0.0
0.0011998642076553156
0.001066393835534939
0.00043283383032069814
0.00024533885087870067
0.00012851336361418436
5.0698447946508914e-5
3.8566237438327676e-5
0.0
0.0
3.834203884050942e-6
4.3228666236259695e-6
0.0001402267873625214
0.0003005878623937373
0.00042425343747875735
0.0005097689779400367
0.0005282820615356453
0.0
0.0
0.0
0.0
0.0
0.0
0.0
0.0
0.001274528559368015
0.001190022847415244
0.0005052100096302854
0.00018955548123230658
0.0001024142196769916
7.205101541565087e-5
9.085887174475367e-5
2.1545200179913527e-5
1.692383485574434e-5
1.380542515753723e-5
6.460120597832948e-6
0.00015470902694818172
0.0002999424891506773
0.00037235692836638795
0.0005050845762634624
0.0005878281771821471
0.0
0.0
0.0
0.0
0.0
0.0
0.0
0.0
0.0013291851704864256
0.0012223946693596048
0.0009624997012815412
0.0008606993424698467
0.0007867496164604168
0.0007475824811745077
0.0008499824529963666
0.0008715382909217584
0.0008800028570995087
0.0008444575553020313
0.0008228852339819951
0.0009818076205357676
0.0
0.0
0.0
0.0
1.5143451446098971e-5
7.152663916651974e-5
0.00012633809714418756
0.00013415101967816496
0.00012629439141042
0.0001315483679712264
0.00016074135615709185
0.00017953041179000694
0.00020483036096340056
0.00022318848390129298
0.0001318674333241309
7.095883988396098e-5
4.166910656740305e-5
2.0167188041937414e-5
1.2885537186955552e-5
0.0
0.0
0.0
0.0
1.0749277117923713e-5
5.601941167715868e-5
6.123232935071231e-5
7.679907982976035e-5
0.00010576839279468531
0.000169946001094497
0.00018799291839811548
0.00018543507825786613
0.00022304641617680712
0.00026919274601982547
0.00026068676238884334
0.0003028366171234528
0.0002516136602493734
0.0017887378118086469
0.0015457277216420768
0.0008075128349641789
0.0004221392705056359
0.00020430681545262154
0.00013223422379157244
0.00014428381293105598
6.581599463412741e-5
3.536865839437099e-5
2.2342734773049832e-5
1.7739819198304153e-5
0.00013973378735554555
0.0002950706044652985
0.0003865420497218818
0.0004617230521992467
0.000494317729938819
0.0
0.0
0.0
0.0
0.0
0.0
0.0
1.2400156965363614e-5
0.001287178562754845
0.0011152074308894487
0.00039674370164429867
0.0002126454961427524
0.0001599276199861527
9.742611628452942e-5
0.00010003306999575149
2.4625560319565274e-5
7.804780299389218e-6
0.0
0.0
0.00011911602483174703
0.000291122305766344
0.00041195615956923635
0.0005392963470035636
0.0006093098932256847
0.0
0.0
0.0
0.0
5.6649233847057094e-5
0.00011108721269681771
0.00015862505977952768
0.00019609612643390522
0.0015376688169116068
0.0014625054346610843
0.0006549975712970822
0.0003086155725178367
0.0001867245526596791
0.000123258084853293
9.75926951982922e-5
1.871112530749854e-5
3.345614597779821e-6
4.883795112486213e-7
0.0
8.694016275778779e-5
0.00017998572001886112
0.0002361746325700734
0.0003757454531189855
0.0004658293338893297
0.0
0.0
0.0
0.0
0.0
0.0
0.0
1.284795382179254e-6
0.001273228660028643
0.0011318099267125274
0.0005165855436479269
0.00028633690541277025
0.00018811613973417174
0.0001016325840826001
0.00011866223637410701
3.4521496168532255e-5
1.4633764459516316e-5
7.903797707769134e-6
3.324158262345785e-6
0.0001479373895824457
0.00033932584554157184
0.0004083756402031154
0.0004339962759108996
0.0005125046239370495
0.0
0.0
0.0
0.0
0.0
0.0
0.0
0.0
0.0011017175933405352
0.0009599597959320426
0.00037759742229707326
0.00020838139452464892
0.00011215071864187985
7.897416956162762e-5
0.00015455099924434237
4.458381903921115e-5
2.2333326242990843e-7
0.0
3.5121670565219976e-6
0.00016848428090377295
0.00029430026399695033
0.00034416543528071475
0.0003882740995246271
0.00042971324111023407
0.0
0.0
0.0
0.0
0.0
0.0
0.0
0.0
0.0011305129696155007
0.0010711058909092163
0.0006711897588544654
0.0004044775791542216
0.00029558002379406485
0.00024243059365087395
0.00026073565500834444
0.00020143321787419375
0.00013304370564794509
0.0001027464844218955
0.00011519760933916901
0.000218988580939441
0.0
0.0
0.0
0.0
0.0
0.0
0.0
0.0
0.0
0.0
0.0
1.9089150963287227e-6
2.2481439537006655e-5
1.5105592502362827e-5
8.220650186741999e-6
0.0
0.0
0.0
0.0
0.0
0.0
0.0
0.0
0.0
0.0
0.0
9.208200174114868e-7
2.3956324355981527e-6
2.5833248604557993e-6
6.060433944163545e-6
1.2706896957972001e-5
2.0731239196998053e-5
1.1936450711795714e-5
1.119003093876414e-5
1.4644221397009747e-5
1.828354048822693e-5
1.1400684700478452e-5
1.1443088714323382e-5
9.462256349168126e-7
0.0
0.0
0.0
0.0
0.0
0.0
0.0
0.0
0.0
0.0
0.0
0.0
0.0
0.0
0.0
0.0
1.9336968610799436e-6
2.059262875611817e-6
3.21693759267339e-5
3.705321513540263e-5
5.689941709851678e-5
0.0014543603190992401
0.0011674233116790464
0.00035082498504429474
7.919843380723186e-5
5.102845617841314e-6
0.0
0.0
0.0
0.0
0.0
0.0
3.307375841844277e-6
4.697599993010281e-6
0.0
0.0
5.4963487494390366e-6
0.0
0.0
0.0
0.0
0.0
0.0
0.0
0.0
0.0001566083381097255
0.00012087945354634986
0.0
0.0
0.0
0.0
0.0
0.0
0.0
0.0
0.0
3.874874287373674e-6
1.3367293556648927e-5
9.523925076497679e-6
2.063132670468012e-5
6.596115358570867e-5
0.0
0.0
0.0
0.0
0.0
0.0
0.0
0.0
0.0006585052715576285
0.0006116920495191143
0.00011464514713104998
2.329348732294781e-5
3.757891363619522e-6
0.0
1.8304987416321708e-6
1.0792063753877665e-6
0.0
0.0
0.0
1.6193330203386033e-5
7.998931154585146e-5
0.00015929047914447315
0.0002327425211831585
0.00032609663047130613
0.0
0.0
0.0
0.0
0.0
0.0
0.0
5.8551051532492916e-6
0.001259505307082053
0.0011282859366587652
0.00035994761822702426
0.00012225431631918254
5.926672398951789e-5
1.4060335197478326e-5
3.827227829178905e-6
0.0
0.0
0.0
0.0
4.393117786791904e-6
5.6478396527745225e-6
2.2826757512514007e-5
5.363540516483845e-5
8.503408213407104e-5
0.0
0.0
0.0
0.0
0.0
0.0
0.0
0.0
0.0008329105989353642
0.0008477398758423933
0.0006307577466891968
0.0005355692152730733
0.0005218934160615017
0.0004788422909781475
0.00050755734993348
0.000525396626036534
0.000500520452931546
0.00036147579266508775
0.0003371540973165832
0.00047516470008622703
0.0
0.0
0.0
0.0
0.0
0.0
0.0
0.0
0.0
1.6863474770356762e-6
1.6401683363600755e-6
1.7038491383681586e-5
2.0005836635636477e-5
1.3412622108295784e-5
3.41221085599266e-6
0.0
0.0
0.0
0.0
0.0
0.0
0.0
0.0
1.5349799464026003e-6
1.5680930424801983e-6
0.0
1.9348814386937713e-5
2.6741211147762862e-5
4.5996660112597205e-5
6.4523494806657e-5
5.941133939740591e-5
5.8212056967613275e-5
0.00010939414890158527
0.00013622226463838122
0.00019800469618043326
0.00019854685470157066
0.001734638263832464
0.0014616365307067215
0.0007833405799437678
0.0005697617914302708
0.00038724941825255406
0.0003320335463852242
0.00039004478932995126
0.0002781353035611067
0.0003407015473307542
0.0003340240373854427
0.000253526515924352
0.0005260389072266196
0.0006998684193967752
0.0007442920526140005
0.00079942228734784
0.0008088366050908007
0.0
0.0
0.0
0.0
7.683293549544899e-6
1.5334003289151052e-5
5.3803182217918305e-5
7.021956297609581e-5
0.0014462607165827534
0.0012695826951208797
0.0005975930441149295
0.0003980246656883944
0.0002757158807212645
0.0002689577403905178
0.0003017717731582001
0.00023120835009449736
0.0002706845946454022
0.0002528479517522544
0.00020905349705700366
0.00045047044183625846
0.00065240637539769
0.000719198144740477
0.0007827215313092387
0.000813580231134541
0.0
0.0
0.0
0.0
1.6939776260500444e-5
5.5407226213271754e-5
0.00010371529226406829
0.00012063098627961564
0.0015094516015329582
0.0013545499158107968
0.000565924593638414
0.00025402290441728343
0.00018735882322573489
0.00010722486919084319
8.855538527657819e-5
3.1835262268980814e-5
3.001175284660744e-5
5.153391685733435e-5
6.916328612374106e-5
0.00029872681430738793
0.0004882058144669401
0.0005586587243421675
0.000627384239491856
0.0006874237823745179
0.0
0.0
0.0
1.5615674766211377e-6
3.341774336744726e-5
0.00011752070501997431
0.000173759109759715
0.00020181610560898595
0.0015179946944091924
0.0014469820797309752
0.0007160376974517795
0.00032173462818318993
0.00014554722124370594
9.375280515577604e-5
7.933811159122559e-5
1.8473064687981907e-5
3.640147136819264e-6
0.0
0.0
8.16064334713557e-5
0.00024064276282065623
0.00034695787890476473
0.00044336589688436726
0.0005151008665339979
0.0
0.0
0.0
0.0
0.0
5.70992737738627e-6
4.641311772049303e-5
6.520441669075502e-5
0.0013405004182100177
0.0012796905671259124
0.0006587361585470216
0.0004567791819699995
0.00029920955197895716
0.0001788477052003589
0.00017394543536616969
7.945660849543688e-5
3.049438188626392e-5
1.3928986738500925e-5
4.468375578932713e-6
0.00012643176658583584
0.0003481993311636585
0.00046649854142730683
0.0005733299251065872
0.000659617804087466
0.0
0.0
0.0
0.0
2.993854749850018e-5
7.656524253129582e-5
7.913210057999164e-5
0.00011470826292534292
0.0014494571109319365
0.0013247691703014545
0.0009801091891985482
0.0008203291366003197
0.000705211550894331
0.0005643758705598363
0.0006190771897795696
0.000634878358726291
0.000626084009992905
0.0006120368083360514
0.0006257427575129519
0.0007012596369575889
0.0
0.0
0.0
1.8463817217793898e-6
2.665009615020153e-5
5.773927663237487e-5
8.81851628204792e-5
0.00012248638656286222
0.0001725798146223261
0.00018185167006265113
0.0002184673734348026
0.00019525682429162038
0.00017844117682969758
0.00013741003266162351
8.730763411453925e-5
1.8263590569733905e-5
1.817811389687212e-6
0.0
0.0
0.0
0.0
0.0
0.0
0.0
0.0
0.0
0.0
0.0
0.0
1.5345819141576463e-6
0.0
0.0
0.0
0.0
0.0
3.1204034356804877e-6
0.0014751027609814407
0.0011522574298787388
0.0004277395746119388
0.0002689587416248899
0.0002851541128502093
0.0002143534827092087
0.00026414433217154825
0.00020818596828739135
0.00018892424696278216
0.000177369575963317
0.0001568554438667308
0.00036524121426382726
0.0005281473992578665
0.0005743909346879909
0.0006448804198680223
0.0006978986940704184
0.0
0.0
0.0
0.0
1.8171880255462361e-6
1.3181642877809385e-5
8.458710948386665e-6
3.683573131887772e-5
0.0014192258289695853
0.0012373881260399954
0.0004749523260413746
0.00020749782334142405
7.849886558951373e-5
2.6725984606678452e-5
3.9011467886946475e-5
0.0
0.0
7.06891613143627e-6
2.397458024084756e-5
0.00020522063090504586
0.00027100567070663547
0.00032440964543442
0.0003916086271486297
0.00046831357248997685
0.0
0.0
0.0
0.0
0.0
0.0
0.0
0.0
0.0013202727271864004
0.0011154594477077713
0.00041668843131173483
0.00014362642034279914
5.812566371298819e-5
4.962644143903989e-5
0.0001189975551239269
2.5325399464044446e-5
1.178509415786427e-5
1.14521116471879e-5
1.1373421315163363e-5
0.00021302214580135604
0.0003229396466891178
0.0003531559241566263
0.00040339578949408813
0.0004310854503911062
0.0
0.0
0.0
0.0
0.0
0.0
0.0
0.0
0.0009207360364537093
0.0007931262574936006
0.0002525088133307577
0.00013456261706432497
3.1075362564340085e-5
4.567939773061561e-5
0.00012111039339200597
2.6021125845795235e-5
4.6763942830763655e-6
0.0
0.0
0.00010141462167873422
0.0002560102818532575
0.00032445280568463877
0.00043464987145272607
0.00047854972080661973
0.0
0.0
0.0
0.0
0.0
0.0
0.0
0.0
0.0012753674837186232
0.0010974257200968742
0.0004402800483746938
0.0003111760918099186
0.00017677593855343611
3.14869798100117e-5
2.9355690288640883e-5
0.0
0.0
0.0
0.0
8.748184582224225e-5
0.0002432282964544578
0.0003273809206955008
0.0004270691209568302
0.000510626251403818
0.0
0.0
0.0
0.0
0.0
4.811455827309179e-6
6.062221290606062e-5
0.00012868902013016742
0.0013668830024940691
0.0012617425221678892
0.0008126319452166534
0.0005403777294860896
0.0003815320373315661
0.0003080150892615684
0.0003079848328922797
0.0002383200406292735
0.00017701284508756394
0.00018676256585842645
0.00024115185832798553
0.000344461008579164
0.0
0.0
0.0
0.0
0.0
0.0
0.0
0.0
0.0
0.0
0.0
0.0
0.0
0.0
0.0
0.0
0.0
0.0
0.0
0.0
0.0
0.0
0.0
0.0
0.0
0.0
0.0
0.0
0.0
0.0
0.0
0.0
0.0
0.0
0.0
0.0013924614465349722
0.0010620308287473473
0.000368395739423112
9.32387507437605e-5
1.0554818691902712e-5
0.0
0.0
0.0
0.0
0.0
2.4044341096871784e-7
1.2403170990048072e-5
4.910654763917452e-5
0.00012076055052088791
0.0001960723457250978
0.00022129741933472652
0.0
0.0
0.0
0.0
0.0
0.0
0.0
0.0
0.0008823864665560419
0.0007254859419244451
0.0001490472084079735
1.7421132487923767e-5
0.0
0.0
0.0
0.0
4.4113843370223497e-7
0.0
0.0
2.913819681125103e-5
0.00015243893741786557
0.00027338613759712307
0.0003197603044387751
0.0003613468769693947
0.0
0.0
0.0
0.0
0.0
0.0
0.0
0.0
0.000999937403457029
0.0008883479952039546
0.00027771954641393504
0.00010343948119636209
4.6955612681732e-5
2.8830866566684096e-5
0.00014359215046992713
5.324544108656119e-5
7.437770837617454e-7
0.0
1.2655607136004533e-5
0.000285516264297071
0.0004728154160861506
0.0005780803677260227
0.0006642809138323275
0.0007109999489679148
0.0
0.0
0.0
0.0
0.0
3.1679138408554702e-6
9.980381719063904e-6
3.462461854564654e-5
0.0013723338918169112
0.00123995688549288
0.000603851065476012
0.00034014153464771507
0.0001337734990051977
6.32095726161937e-5
5.1127089095892475e-5
2.991785254293822e-6
0.0
8.101220208153637e-7
2.0744388748153504e-5
0.0001233705854334171
0.0002003158804565208
0.00033566063611402815
0.0004455526202182676
0.0005806712989599699
0.0
0.0
0.0
0.0
0.0
1.962970597483066e-6
7.668563792030938e-6
4.2841272658695784e-5
0.0013240111813353575
0.0012277694254968629
0.0005077065517169562
0.00020431300359193363
9.571890927112689e-5
4.4802530841940035e-5
3.8685473830852674e-5
7.434699193460211e-7
0.0
0.0
0.0
1.6581101520768964e-5
5.641093098183234e-5
0.00011731325863084734
0.00017500620630692368
0.00019738078273381695
0.0
0.0
0.0
0.0
0.0
0.0
0.0
0.0
0.001110757321321044
0.0010802947759220775
0.0008852070584449364
0.0007938568971848759
0.0007062054474265497
0.0006306838122626939
0.0006933029779815744
0.0006794104300627115
0.0006765990371226472
0.0007053497072169391
0.0007491587183195993
0.0008658685816636435
0.0
0.0
0.0
0.0
0.0
0.0
2.8108741170456594e-6
2.5779146262805637e-5
6.50702410862499e-5
0.0001263363251917475
0.00012168182896266617
0.00016790332746050092
0.0001559304165291948
0.0001998186747274005
0.0001567314947391138
0.0001265157398418105
5.4841662547050527e-5
0.00011633717899993783
0.00011675221995626927
8.945751717088662e-5
2.4802690722455676e-5
3.5455224219317075e-5
9.889385521331556e-5
0.0002175337583950104
0.00022857711941715522
0.000331451153722761
0.0002788595444178645
0.0003244594970340131
0.0002707226855344054
0.0003121608354888857
0.0002807689698135634
0.00030460693355459324
0.0002640364479675512
0.0003131137762919146
0.0002909725888647811
0.00032363153305951786
0.0019758336454133467
0.001748865826347156
0.0010134302946459353
0.0006871422286620566
0.0004618398267037646
0.0003497797055789609
0.0003584014572943363
0.00020245089031359733
0.00014999615812139402
0.00021901921625279574
0.00027383715747750876
0.0005092201299901741
0.0006550766786077867
0.0007399725967366529
0.0008182828019594683
0.0008566153527934593
0.0
0.0
0.0
0.0
1.3412861933986053e-5
4.7574418162086035e-5
0.00011348508491272061
0.00015275818515560793
0.001530183711283364
0.0014228479962668293
0.000759892351051546
0.0004923813972096545
0.00027625916743167903
0.00010895967389582125
0.00011956987603699289
2.7302759543403654e-5
1.6685861767889458e-6
0.0
0.0
2.398954057996771e-5
8.234737554357134e-5
0.00014357885852184793
0.00023667536115375978
0.0003320656826858449
0.0
0.0
0.0
0.0
0.0
0.0
5.813850551853949e-6
6.197066838641898e-5
0.0013294971054103666
0.0012610375194927696
0.0005560278357324289
0.00025378119399405765
0.0001196356161101738
5.7382912254881675e-5
3.352652224820475e-5
0.0
0.0
0.0
0.0
4.337345690337741e-6
4.906509156168934e-6
2.499893152619999e-5
6.014482629730943e-5
9.598870115902165e-5
0.0
0.0
0.0
0.0
0.0
0.0
0.0
0.0
0.0007407372394074023
0.0007203159546378268
0.00012507198307871512
1.119174483190275e-5
0.0
0.0
0.0
0.0
0.0
0.0
0.0
6.069149722983843e-7
4.4247392670265953e-7
4.458367381893325e-7
0.0
4.3899518387642044e-6
0.0
0.0
0.0
0.0
0.0
0.0
0.0
0.0
0.0007621810161011503
0.0008077628642948202
0.0001960672367985109
4.9958028367672454e-5
5.207528829647351e-6
0.0
0.0
0.0
0.0
0.0
0.0
1.020601991444123e-6
8.559315661844133e-7
1.4889689645090868e-6
2.5597857616216336e-6
2.0219831304986946e-5
0.0
0.0
0.0
0.0
0.0
0.0
0.0
0.0
0.0006246308559163414
0.0007153444635539759
0.0004263038027937948
0.0002507331371362588
0.0001318618125253543
5.8638391302197435e-5
5.213882559641636e-5
3.090723270722837e-5
6.255713989294762e-6
0.0
0.0
0.0
0.0
0.0
0.0
0.0
0.0
0.0
0.0
0.0
0.0
0.0
0.0
0.0
0.0
0.0
0.0
0.0
0.0
0.0
0.0
0.0
0.0
0.0
0.0
0.0
0.0
0.0
0.0
0.0
0.0
0.0
0.0
0.0
0.0
0.0
0.0
0.0
0.0009180037310416635
0.000883370962855406
0.00033995236242803347
0.0002285731156320564
0.00012787572599661697
3.354846362820198e-5
3.8424433380549265e-5
1.3255389487878784e-6
3.9919429373794344e-7
0.0
0.0
2.1777148270310895e-6
7.524967334582246e-7
2.8142812256147484e-6
2.225708753694536e-5
4.346698271888652e-5
0.0
0.0
0.0
0.0
0.0
0.0
0.0
0.0
0.0007670003927371757
0.000747162779782359
0.00017197713896432483
2.6363301063192037e-5
0.0
0.0
0.0
0.0
0.0
0.0
0.0
0.0
0.0
0.0
0.0
0.0
0.0
0.0
0.0
0.0
0.0
0.0
0.0
0.0
0.00026570554772802025
0.00031205089503796987
7.740192070199659e-6
0.0
0.0
0.0
0.0
0.0
0.0
0.0
0.0
0.0
0.0
0.0
0.0
0.0
0.0
0.0
0.0
0.0
0.0
0.0
0.0
0.0
4.5783770315843866e-5
0.000116693804912218
1.9044136881436981e-6
0.0
0.0
0.0
3.3632545151166e-6
0.0
0.0
0.0
0.0
8.53884137157709e-6
1.5024255387204918e-5
0.0
0.0
1.1690980162776982e-5
0.0
0.0
0.0
0.0
0.0
0.0
0.0
0.0
0.00045177405609510567
0.00046982212807375224
4.060935270637613e-5
0.0
0.0
0.0
0.0
0.0
0.0
0.0
0.0
0.0
4.6330155801504687e-7
5.055558566869983e-7
7.289822337214451e-7
0.0
0.0
0.0
0.0
0.0
0.0
0.0
0.0
0.0
0.0006225104383828123
0.0008033935942705369
0.000654863087831734
0.000530570657826012
0.0003549993829385837
0.0002028733599372835
0.00022514677022578296
0.00018837421134113995
0.00013587996425228302
7.713638587519654e-5
6.989137732494169e-5
0.00011402036122958322
0.0
0.0
0.0
0.0
0.0
0.0
0.0
0.0
0.0
0.0
0.0
0.0
0.0
0.0
0.0
1.7487479630266673e-6
1.6519732341713219e-6
3.576935911234841e-6
6.290985549812028e-6
2.3396619072829664e-6
1.855108833965854e-6
1.7515215074636445e-6
1.6214452484164656e-6
1.1938827455507938e-5
2.3734920475451716e-5
3.9620168217815555e-5
4.9864580549723e-5
7.673487842698066e-5
6.233508867684758e-5
6.104221726139716e-5
4.23274742692043e-5
8.656661846225684e-5
0.00014318939079691574
0.0001897585553021868
0.00016075109751643212
0.0001594465019595505
0.0016391252402886307
0.001345210768047901
0.00054636636156574
0.000263482115604204
9.890355331963826e-5
3.075575541553301e-5
1.4625087412505624e-5
4.940813894583918e-7
5.964779073769872e-7
0.0
0.0
1.759709137361417e-5
2.5229740594859363e-5
6.992262855204751e-5
0.00017706369192910395
0.00025935261979679594
0.0
0.0
0.0
0.0
0.0
0.0
0.0
0.0
0.0010314510521135085
0.0008886773404277919
0.0003454935310932233
0.00025059362387506637
0.00018173580498547873
5.8375094838263134e-5
1.0169525399820615e-5
0.0
0.0
0.0
0.0
1.775671179684087e-5
8.315033333910557e-5
0.00014359887318350124
0.00014620156862361964
0.00014746656028096874
0.0
0.0
0.0
0.0
0.0
0.0
0.0
0.0
0.0006676519355176773
0.000716494239198307
0.00028020357796861
8.695235083200741e-5
5.578487405241546e-6
0.0
0.0
0.0
0.0
0.0
0.0
6.7290863434888835e-6
2.975532447017707e-6
3.5385686177794104e-5
9.600665534832819e-5
0.0001697572556046308
0.0
0.0
0.0
0.0
0.0
0.0
0.0
0.0
0.0010395230545184018
0.0009719091926253964
0.00034652540654060335
0.000157843131305356
3.0157760283338435e-5
1.8850715296701593e-6
0.0
0.0
0.0
1.5728198593872086e-6
0.0
2.202644529586619e-5
4.9319638316616476e-5
0.00010193574071827539
0.0002456734901796974
0.0003659626342632625
0.0
0.0
0.0
0.0
0.0
0.0
0.0
0.0
0.0009869988607649224
0.000891308331984322
0.0003136509653255893
0.00014795952717595428
4.004731197154691e-5
4.900148705823473e-6
7.948295388539093e-6
0.0
1.9806519797131094e-7
0.0
0.0
2.099965257741944e-5
0.0001324934751764524
0.00025105445692786193
0.00037246862352231504
0.00045893010843817296
0.0
0.0
0.0
0.0
0.0
0.0
0.0
0.0
0.0012012246894528272
0.0011033923753413454
0.0008569733856004064
0.0007445451590165535
0.0006702732604473233
0.0006119754789374795
0.0006075609743619573
0.0005969796060805303
0.0006160466995625033
0.0006247085196671877
0.0006489848813589602
0.000678612091716343
0.0
0.0
0.0
0.0
0.0
0.0
0.0
1.5978386612382824e-6
9.951615679359376e-6
3.7444842495794255e-5
6.055391155128201e-5
7.917187512919606e-5
9.59576525796016e-5
7.66190952078726e-5
4.5903067823423e-5
1.0453297156600793e-5
1.0017534232698522e-6
0.0
0.0
0.0
0.0
0.0
0.0
0.0
0.0
0.0
0.0
0.0
8.350042078567911e-6
3.1951275927567036e-5
5.775339152097086e-5
6.68409417624479e-5
0.00011467101402969551
0.00012272065370259373
0.0001501280831477052
0.00013351319072553498
0.0015980002602354578
0.001395601350368908
0.0006802077410538805
0.00034300573929175446
0.00019135306840292756
0.00017194918881443432
0.00011241712555860697
0.0
0.0
0.0
0.0
9.412919506579641e-5
0.00020325478394540205
0.00026701486650673793
0.00034443486182273917
0.00037871614507893684
0.0
0.0
0.0
0.0
0.0
0.0
0.0
0.0
0.001287671526346314
0.001193246680349432
0.0005905253980972144
0.0003366389661694798
0.00017796741692500888
0.00010871831888871015
9.564604341695326e-5
8.255221499727169e-5
5.0455333682448254e-5
7.397437932673957e-7
0.0
0.00019543293724986035
0.000413711490712025
0.0005087136982310715
0.0006135289116396978
0.0006370334537712556
0.0
0.0
0.0
0.0
1.2196040793539944e-6
3.969270615956956e-6
1.0650647215863463e-5
2.3928779539875513e-5
0.0013808731038295885
0.0011244362721257119
0.0004936101244000488
0.00038286574528072383
0.0002980725042840991
0.0002480916932153008
0.00029067654500730417
8.79371703382007e-5
2.9821320124132744e-6
0.0
0.0
3.510801665161276e-5
0.00013139801149351563
0.00019802305047935886
0.0002894342874202459
0.00035009252284909516
0.0
0.0
0.0
0.0
0.0
0.0
0.0
9.076236239294382e-6
0.0012633337182884402
0.0010512500796121807
0.00035003515767025094
0.00013052301082273757
2.931823300256692e-5
7.776950879579989e-7
0.0
0.0
0.0
0.0
0.0
1.1499959867649216e-6
1.6832125930102092e-6
1.0253725046545135e-6
6.13853108371577e-7
1.2397926421460337e-6
0.0
0.0
0.0
0.0
0.0
0.0
0.0
0.0
0.0006276565852284364
0.0005863423417247502
5.817884277951513e-5
0.0
0.0
0.0
0.0
0.0
0.0
0.0
0.0
0.0
0.0
0.0
0.0
0.0
0.0
0.0
0.0
0.0
0.0
0.0
0.0
0.0
0.00017801241669610274
0.0002782412588572199
0.00010906024897366324
3.922494663153763e-5
1.577707565227424e-5
2.6171511805469584e-6
8.16706953553753e-6
0.0
0.0
0.0
0.0
4.9553753993960513e-5
0.0
0.0
0.0
0.0
0.0
0.0
0.0
0.0
0.0
0.0
0.0
0.0
0.0
0.0
0.0
0.0
0.0
0.0
0.0
0.0
0.0
0.0
0.0
0.0
0.0
0.0
0.0
0.0
0.0
0.0
0.0
0.0
0.0
0.0
0.0
0.0
0.0008504328231211643
0.0006524485534279627
0.00010350662192210043
7.385280705999439e-6
0.0
0.0
0.0
0.0
0.0
0.0
0.0
0.0
2.248500260996468e-7
0.0
1.1330452008194843e-6
0.0
0.0
0.0
0.0
0.0
0.0
0.0
0.0
0.0
0.0004270256870141158
0.0004209986137190676
2.7390116963873334e-5
0.0
0.0
0.0
0.0
0.0
0.0
0.0
0.0
0.0
0.0
0.0
0.0
0.0
0.0
0.0
0.0
0.0
0.0
0.0
0.0
0.0
0.0002121736929185334
0.0002420871182116608
2.914010203753162e-6
0.0
0.0
0.0
0.0
0.0
0.0
0.0
0.0
0.0
0.0
0.0
0.0
0.0
0.0
0.0
0.0
0.0
0.0
0.0
0.0
0.0
0.00017467485179603785
0.0002453053585998203
9.201428712546143e-6
0.0
5.020786882168206e-7
0.0
0.0
0.0
0.0
0.0
0.0
1.1748027428100735e-5
1.2995316526142887e-5
2.8512237911763835e-6
3.5329126768863825e-5
0.00013822238177820084
0.0
0.0
0.0
0.0
0.0
0.0
0.0
0.0
0.0006712568521209646
0.0005870452082539488
7.793690899832123e-5
2.0858894658788894e-6
0.0
0.0
0.0
0.0
0.0
0.0
0.0
3.7503898633306235e-6
7.100979576075003e-6
0.0
1.1049494937691725e-6
7.066937726504598e-6
0.0
0.0
0.0
0.0
0.0
0.0
0.0
0.0
0.0003477338009714415
0.0003491337824540657
0.00020817625018711155
0.000154210951971695
0.00010534834973826951
5.240885186111992e-5
4.9597460457574745e-5
9.987148206151479e-5
7.110044728647878e-5
2.4492465195413795e-5
2.1708535463075406e-5
9.724507367308889e-5
0.0
0.0
0.0
0.0
0.0
0.0
0.0
0.0
0.0
0.0
0.0
0.0
0.0
0.0
0.0
0.0
0.0
0.0
0.0
0.0
0.0
0.0
0.0
0.0
0.0
0.0
0.0
0.0
0.0
0.0
0.0
0.0
0.0
0.0
0.0
0.0
0.0008508124718733263
0.0006401292022666778
0.00011607954265046701
8.037201146036887e-6
0.0
0.0
0.0
0.0
0.0
0.0
0.0
1.6460471691565185e-6
7.497869088596805e-7
2.698931431704856e-7
1.8629017011396242e-6
1.7139939865174613e-5
0.0
0.0
0.0
0.0
0.0
0.0
0.0
0.0
0.0004892465708036602
0.00042535593845838314
2.981193917459473e-5
0.0
0.0
0.0
0.0
0.0
0.0
0.0
0.0
1.0460012241356697e-6
8.484228016165158e-7
0.0
1.2560831216096498e-6
0.0
0.0
0.0
0.0
0.0
0.0
0.0
0.0
0.0
0.0004437228948455831
0.00046241133677640307
2.0482376487822117e-5
0.0
0.0
0.0
0.0
0.0
0.0
0.0
0.0
0.0
0.0
0.0
0.0
0.0
0.0
0.0
0.0
0.0
0.0
0.0
0.0
0.0
0.00037857296683514545
0.0003879332073584438
1.2532687466698038e-5
0.0
0.0
0.0
4.569009624543128e-6
0.0
0.0
0.0
0.0
1.9753114612586446e-5
4.974631556388967e-5
6.236110327340836e-5
0.00012127197521857858
0.0001879994337968265
0.0
0.0
0.0
0.0
0.0
0.0
0.0
0.0
0.0005398115632354219
0.00044854709903310326
3.156291950940642e-5
0.0
0.0
0.0
0.0
0.0
0.0
0.0
0.0
9.974482570217552e-6
4.16439946375029e-6
0.0
0.0
7.502949213129864e-7
0.0
0.0
0.0
0.0
0.0
0.0
0.0
0.0
0.00028369207769224055
0.00028529891634726295
8.471723874168902e-5
1.063807982881323e-5
0.0
0.0
0.0
0.0
0.0
0.0
0.0
0.0
0.0
0.0
0.0
0.0
0.0
0.0
0.0
0.0
0.0
0.0
0.0
0.0
0.0
0.0
0.0
0.0
0.0
0.0
0.0
0.0
0.0
0.0
0.0
0.0
0.0
0.0
0.0
0.0
0.0
0.0
0.0
0.0
0.0
0.0
0.0
0.0
0.00020693004777888157
0.0001896320469864796
0.0
0.0
0.0
0.0
0.0
0.0
0.0
0.0
0.0
8.171991938287736e-7
2.3503630053716704e-6
0.0
0.0
0.0
0.0
0.0
0.0
0.0
0.0
0.0
0.0
0.0
0.0001887574326542666
0.00020948113015371083
6.256985570391845e-7
0.0
0.0
0.0
0.0
0.0
0.0
0.0
0.0
0.0
0.0
0.0
0.0
0.0
0.0
0.0
0.0
0.0
0.0
0.0
0.0
0.0
0.00017469121221152064
0.0001704922506942345
1.7306466101294725e-6
0.0
0.0
0.0
0.0
0.0
0.0
0.0
0.0
0.0
0.0
0.0
0.0
0.0
0.0
0.0
0.0
0.0
0.0
0.0
0.0
0.0
3.4611401483675465e-5
4.432935898238407e-6
2.115064711396533e-6
0.0
0.0
0.0
0.0
0.0
0.0
0.0
0.0
0.0
0.0
0.0
0.0
0.0
0.0
0.0
0.0
0.0
0.0
0.0
0.0
0.0
5.367793211943181e-6
4.555755428742501e-6
2.8111377818324697e-6
0.0
0.0
0.0
0.0
0.0
0.0
0.0
0.0
0.0
0.0
0.0
0.0
0.0
0.0
0.0
0.0
0.0
0.0
0.0
0.0
0.0
1.2478057367067315e-5
3.77184450283151e-5
4.670138909522122e-7
0.0
0.0
0.0
0.0
0.0
0.0
0.0
0.0
0.0
0.0
0.0
0.0
0.0
0.0
0.0
0.0
0.0
0.0
0.0
0.0
0.0
0.0
0.0
0.0
0.0
0.0
0.0
0.0
0.0
0.0
0.0
0.0
0.0
0.0
0.0
0.0
0.0
0.0
0.0
0.0
0.0
0.0
0.0
0.0
0.0
0.00011807022763624385
0.00016993533494261853
0.0
0.0
0.0
0.0
0.0
0.0
0.0
0.0
0.0
0.0
0.0
0.0
0.0
0.0
0.0
0.0
0.0
0.0
0.0
0.0
0.0
0.0
4.3427105914324385e-5
0.00010007475837574444
2.1281934734462065e-6
0.0
0.0
0.0
0.0
0.0
0.0
0.0
0.0
5.023534487855055e-6
3.614828537394126e-6
0.0
0.0
0.0
0.0
0.0
0.0
0.0
0.0
0.0
0.0
0.0
0.0004043718585614276
0.0004195657730035041
1.2458551139641866e-5
0.0
0.0
0.0
0.0
0.0
0.0
0.0
0.0
0.0
6.060241785142459e-6
3.693959412542377e-7
1.9800839957601405e-6
3.188308297422323e-6
0.0
0.0
0.0
0.0
0.0
0.0
0.0
0.0
0.0005679757356639447
0.00048510856210327814
2.8543794502868925e-5
0.0
0.0
0.0
0.0
0.0
0.0
0.0
0.0
0.0
2.160490098329351e-7
0.0
0.0
0.0
0.0
0.0
0.0
0.0
0.0
0.0
0.0
0.0
0.00023967756443511707
0.00021981676386793287
1.14849180565152e-6
0.0
0.0
0.0
0.0
0.0
0.0
0.0
0.0
0.0
0.0
0.0
0.0
0.0
0.0
0.0
0.0
0.0
0.0
0.0
0.0
0.0
0.00021691948699096978
0.00020860944836456516
5.727760971056916e-5
7.84283919229917e-6
0.0
0.0
0.0
0.0
0.0
0.0
0.0
0.0
0.0
0.0
0.0
0.0
0.0
0.0
0.0
0.0
0.0
0.0
0.0
0.0
0.0
0.0
0.0
0.0
0.0
0.0
0.0
0.0
0.0
0.0
0.0
0.0
0.0
0.0
0.0
0.0
0.0
0.0
0.0
0.0
0.0
0.0
0.0
0.0
5.7523722127070175e-5
1.9803886087856097e-5
2.066342372802694e-6
0.0
0.0
0.0
0.0
0.0
0.0
0.0
0.0
0.0
0.0
0.0
0.0
0.0
0.0
0.0
0.0
0.0
0.0
0.0
0.0
0.0
1.4109530766722789e-5
6.520722890515671e-5
2.523912286964525e-6
0.0
0.0
0.0
0.0
0.0
0.0
0.0
0.0
0.0
3.5350314159646683e-7
0.0
0.0
0.0
0.0
0.0
0.0
0.0
0.0
0.0
0.0
0.0
0.00022108692003545361
0.0002973659105432709
4.655780240619381e-6
0.0
0.0
0.0
3.241360403282294e-6
0.0
0.0
0.0
0.0
1.6286477522340368e-5
3.330033902447241e-5
0.00010906974266530296
0.0002348441887640489
0.00029837862962866417
0.0
0.0
0.0
0.0
0.0
0.0
0.0
0.0
0.0009655465101015595
0.0008859328446559544
0.00034002904818436177
0.00015597691867042201
1.1509783131149408e-5
0.0
0.0
0.0
0.0
0.0
0.0
4.265946165317271e-6
2.907537449213946e-6
0.0
2.588264647000945e-6
2.1709953555126578e-5
0.0
0.0
0.0
0.0
0.0
0.0
0.0
0.0
0.00048527056097959475
0.0004737220771207042
3.864380723102044e-5
3.949224640040853e-7
0.0
0.0
0.0
0.0
0.0
0.0
0.0
0.0
3.5916444955132034e-7
0.0
0.0
0.0
0.0
0.0
0.0
0.0
0.0
0.0
0.0
0.0
0.0003157307077367608
0.0003490985450734196
0.00014645763276815608
5.1787028234368474e-5
5.994521049056626e-6
0.0
0.0
0.0
0.0
0.0
0.0
0.0
0.0
0.0
0.0
0.0
0.0
0.0
0.0
0.0
0.0
0.0
0.0
0.0
0.0
0.0
0.0
0.0
0.0
0.0
0.0
0.0
0.0
0.0
0.0
0.0
0.0
0.0
0.0
0.0
0.0
0.0
0.0
0.0
0.0
0.0
0.0
0.0
0.00034763879529580636
0.0003084329921579065
1.0290401531143402e-6
0.0
0.0
0.0
0.0
0.0
0.0
0.0
0.0
0.0
0.0
0.0
0.0
0.0
0.0
0.0
0.0
0.0
0.0
0.0
0.0
0.0
0.0002125492287927282
0.0002477440655248139
0.0
0.0
0.0
0.0
0.0
0.0
0.0
0.0
0.0
1.412431933643262e-5
1.2022621537970023e-5
0.0
3.308368665693977e-5
9.009005784671747e-5
0.0
0.0
0.0
0.0
0.0
0.0
0.0
0.0
0.0005349288445526404
0.00047917836826912003
2.0672390643240013e-5
0.0
0.0
0.0
0.0
0.0
0.0
0.0
0.0
0.0
1.4058579841367098e-7
0.0
0.0
0.0
0.0
0.0
0.0
0.0
0.0
0.0
0.0
0.0
0.00019863135269808398
0.000158061470194857
1.2651975467064161e-6
0.0
0.0
0.0
0.0
0.0
0.0
0.0
0.0
0.0
0.0
0.0
0.0
0.0
0.0
0.0
0.0
0.0
0.0
0.0
0.0
0.0
7.553642796475557e-5
0.00015880137381052117
1.0112323808421607e-6
0.0
0.0
0.0
6.372572197620722e-7
0.0
0.0
0.0
0.0
1.8444759066277907e-5
2.0833799630600753e-5
3.240246432570415e-6
9.518971899187058e-6
3.738684728642815e-5
0.0
0.0
0.0
0.0
0.0
0.0
0.0
0.0
0.0006901645920366165
0.0007154005680187556
0.000509530331144179
0.00036028038259037663
0.00019463639240561455
0.00011675374629610332
0.0001327316433465563
3.8649752696319656e-5
1.413548375654328e-5
3.868729973432573e-6
0.0
1.3009785995371142e-5
0.0
0.0
0.0
0.0
0.0
0.0
0.0
0.0
0.0
0.0
0.0
0.0
0.0
0.0
0.0
0.0
0.0
0.0
0.0
0.0
0.0
0.0
0.0
0.0
0.0
0.0
0.0
0.0
0.0
0.0
0.0
0.0
0.0
0.0
0.0
0.0
0.0
0.0
0.0
0.0
0.0
0.0
0.0
0.0
0.0
0.0
0.0
0.0
0.0
0.0
0.0
0.0
0.0
0.0
0.0
0.0
0.0
0.0
0.0
0.0
0.0005289712088683741
0.0004042619540266498
2.6803774006388487e-6
0.0
0.0
0.0
0.0
0.0
0.0
0.0
0.0
0.0
0.0
0.0
0.0
0.0
0.0
0.0
0.0
0.0
0.0
0.0
0.0
0.0
4.423545237898581e-5
1.3629117370573926e-5
2.20270238721989e-6
0.0
0.0
0.0
0.0
0.0
0.0
0.0
0.0
0.0
0.0
0.0
0.0
0.0
0.0
0.0
0.0
0.0
0.0
0.0
0.0
0.0
4.9730477488134115e-5
0.00011386693620764283
2.3738890418713553e-6
0.0
0.0
0.0
0.0
0.0
0.0
0.0
0.0
0.0
0.0
0.0
0.0
0.0
0.0
0.0
0.0
0.0
0.0
0.0
0.0
0.0
0.0001305372033823829
0.00018300393340851318
1.3763642078020107e-6
0.0
0.0
0.0
0.0
0.0
0.0
0.0
0.0
0.0
0.0
0.0
0.0
0.0
0.0
0.0
0.0
0.0
0.0
0.0
0.0
0.0
0.00016945250041271564
0.00019803339413504813
5.220691254913672e-5
1.5489559307752226e-5
2.0488727498177287e-6
0.0
0.0
0.0
0.0
0.0
0.0
0.0
0.0
0.0
0.0
0.0
0.0
0.0
0.0
0.0
0.0
0.0
0.0
0.0
0.0
0.0
0.0
0.0
0.0
0.0
0.0
0.0
0.0
0.0
0.0
0.0
0.0
0.0
0.0
0.0
0.0
0.0
0.0
0.0
0.0
0.0
0.0
0.0
0.00014490290095809806
0.00011131520895567416
1.452902878518031e-6
0.0
0.0
0.0
0.0
0.0
0.0
0.0
0.0
0.0
0.0
0.0
0.0
0.0
0.0
0.0
0.0
0.0
0.0
0.0
0.0
0.0
1.9751661814406156e-5
4.383002966838778e-6
2.782712699596195e-6
0.0
0.0
0.0
0.0
0.0
0.0
0.0
0.0
0.0
0.0
0.0
0.0
0.0
0.0
0.0
0.0
0.0
0.0
0.0
0.0
0.0
2.9997298982653066e-5
6.122199748780846e-5
2.6786966867133147e-6
0.0
0.0
0.0
0.0
0.0
0.0
0.0
0.0
0.0
0.0
0.0
0.0
0.0
0.0
0.0
0.0
0.0
0.0
0.0
0.0
0.0
3.059181391789797e-5
5.971308681442883e-5
2.7238642860455464e-6
0.0
0.0
0.0
0.0
0.0
0.0
0.0
0.0
0.0
0.0
0.0
0.0
0.0
0.0
0.0
0.0
0.0
0.0
0.0
0.0
0.0
3.9634618874285945e-5
6.309253978437286e-5
2.7309915344141684e-6
0.0
0.0
0.0
0.0
0.0
0.0
0.0
0.0
0.0
0.0
0.0
0.0
0.0
0.0
0.0
0.0
0.0
0.0
0.0
0.0
0.0
2.2993445365493333e-5
5.135105798407923e-5
0.0
0.0
0.0
2.595952615427668e-7
0.0
0.0
0.0
0.0
0.0
0.0
0.0
0.0
0.0
0.0
0.0
0.0
0.0
0.0
0.0
0.0
0.0
0.0
0.0
0.0
0.0
0.0
0.0
0.0
0.0
0.0
0.0
0.0
0.0
0.0
0.0
0.0
0.0
0.0
0.0
0.0
0.0
0.0
0.0
0.0
0.0
0.0
0.0005659883545787373
0.00036576988867594376
2.851313806237416e-6
0.0
0.0
0.0
0.0
0.0
0.0
0.0
0.0
2.849741582096539e-6
2.715235401231505e-6
0.0
7.278401902262317e-6
5.7542365771781555e-5
0.0
0.0
0.0
0.0
0.0
0.0
0.0
0.0
0.00046126070490670637
0.0003933101803088847
9.072576496226222e-6
0.0
0.0
0.0
0.0
0.0
0.0
0.0
0.0
0.0
0.0
0.0
0.0
0.0
0.0
0.0
0.0
0.0
0.0
0.0
0.0
0.0
6.252398363162611e-5
2.9488238565582656e-5
1.926120774304175e-6
0.0
0.0
0.0
0.0
0.0
0.0
0.0
0.0
0.0
0.0
0.0
0.0
0.0
0.0
0.0
0.0
0.0
0.0
0.0
0.0
0.0
7.002295148707658e-6
4.965323845042162e-5
1.987885693502244e-6
0.0
0.0
0.0
0.0
0.0
0.0
0.0
0.0
0.0
1.231392594220544e-6
0.0
0.0
0.0
0.0
0.0
0.0
0.0
0.0
0.0
0.0
0.0
5.372560921774156e-5
9.066940720228018e-5
2.0791280550668673e-6
0.0
0.0
0.0
0.0
0.0
0.0
0.0
0.0
0.0
0.0
0.0
0.0
0.0
0.0
0.0
0.0
0.0
0.0
0.0
0.0
0.0
2.239426211976995e-5
2.2070766175125208e-6
0.0
0.0
0.0
0.0
0.0
0.0
0.0
0.0
0.0
0.0
0.0
0.0
0.0
0.0
0.0
0.0
0.0
0.0
0.0
0.0
0.0
0.0
0.0
0.0
0.0
0.0
0.0
0.0
0.0
0.0
0.0
0.0
0.0
0.0
0.0
0.0
0.0
0.0
0.0
0.0
0.0
0.0
0.0
0.0
0.0
0.0
3.90555958754171e-6
4.645327405632413e-5
1.1790394071876264e-6
0.0
0.0
0.0
0.0
0.0
0.0
0.0
0.0
0.0
0.0
0.0
0.0
0.0
0.0
0.0
0.0
0.0
0.0
0.0
0.0
0.0
1.1026172353629792e-5
5.378104873459881e-6
1.8833355327414632e-6
0.0
0.0
0.0
0.0
0.0
0.0
0.0
0.0
0.0
0.0
0.0
0.0
0.0
0.0
0.0
0.0
0.0
0.0
0.0
0.0
0.0
3.952705922157257e-6
5.2989146176036286e-5
2.714200618881723e-6
0.0
0.0
0.0
0.0
0.0
0.0
0.0
0.0
0.0
0.0
0.0
0.0
0.0
0.0
0.0
0.0
0.0
0.0
0.0
0.0
0.0
2.6305671218902857e-5
5.049883753678968e-5
2.8630562745022903e-6
0.0
0.0
0.0
0.0
0.0
0.0
0.0
0.0
0.0
0.0
0.0
0.0
0.0
0.0
0.0
0.0
0.0
0.0
0.0
0.0
0.0
3.617799591396431e-5
1.2099430115966536e-5
2.7813540477931392e-6
0.0
0.0
0.0
0.0
0.0
0.0
0.0
0.0
0.0
0.0
0.0
0.0
0.0
0.0
0.0
0.0
0.0
0.0
0.0
0.0
0.0
2.1822892561819084e-5
4.656088723752773e-5
0.0
0.0
0.0
0.0
0.0
0.0
0.0
0.0
0.0
0.0
0.0
0.0
0.0
0.0
0.0
0.0
0.0
0.0
0.0
0.0
0.0
0.0
0.0
0.0
0.0
0.0
0.0
0.0
0.0
0.0
0.0
0.0
0.0
0.0
0.0
0.0
0.0
0.0
0.0
0.0
0.0
0.0
0.0
0.0
0.0
0.0
8.102450289785769e-5
4.114094318239071e-5
2.4726177882165177e-6
0.0
0.0
0.0
0.0
0.0
0.0
0.0
0.0
0.0
0.0
0.0
0.0
0.0
0.0
0.0
0.0
0.0
0.0
0.0
0.0
0.0
1.437752531695846e-5
8.767345759278204e-7
1.999282713821287e-6
0.0
0.0
0.0
0.0
0.0
0.0
0.0
0.0
0.0
0.0
0.0
0.0
0.0
0.0
0.0
0.0
0.0
0.0
0.0
0.0
0.0
5.009967026504796e-6
3.3561485878735563e-7
0.0
0.0
0.0
0.0
0.0
0.0
0.0
0.0
0.0
0.0
0.0
0.0
0.0
0.0
0.0
0.0
0.0
0.0
0.0
0.0
0.0
0.0
5.093794535943693e-6
2.600637153470328e-5
0.0
0.0
0.0
0.0
0.0
0.0
0.0
0.0
0.0
0.0
0.0
0.0
0.0
0.0
0.0
0.0
0.0
0.0
0.0
0.0
0.0
0.0
5.0643249067776485e-6
2.178561330070953e-6
1.9758677023630603e-6
0.0
0.0
0.0
0.0
0.0
0.0
0.0
0.0
0.0
0.0
0.0
1.307280537692093e-6
0.0
0.0
0.0
0.0
0.0
0.0
0.0
0.0
0.0
9.604426597902572e-6
3.9828491556111825e-6
0.0
0.0
0.0
0.0
5.019124689061875e-6
0.0
0.0
0.0
0.0
0.0
0.0
0.0
0.0
0.0
0.0
0.0
0.0
0.0
0.0
0.0
0.0
0.0
0.0
0.0
0.0
0.0
0.0
0.0
0.0
0.0
0.0
0.0
0.0
0.0
0.0
0.0
0.0
0.0
0.0
0.0
0.0
0.0
0.0
0.0
0.0
0.0
0.00010373544540452115
8.911936632794694e-5
2.7089961015895192e-6
0.0
0.0
0.0
0.0
0.0
0.0
0.0
0.0
0.0
0.0
0.0
0.0
0.0
0.0
0.0
0.0
0.0
0.0
0.0
0.0
0.0
0.0
0.0
0.0
0.0
0.0
0.0
0.0
0.0
0.0
0.0
0.0
0.0
0.0
0.0
0.0
0.0
0.0
0.0
0.0
0.0
0.0
0.0
0.0
0.0
0.00017288391533385649
5.385316958819581e-5
2.5049701003994583e-6
0.0
0.0
0.0
0.0
0.0
0.0
0.0
0.0
0.0
0.0
0.0
0.0
0.0
0.0
0.0
0.0
0.0
0.0
0.0
0.0
0.0
1.3572659848236716e-5
4.820622374788961e-6
2.226927196193168e-6
0.0
0.0
0.0
0.0
0.0
0.0
0.0
0.0
0.0
0.0
0.0
0.0
0.0
0.0
0.0
0.0
0.0
0.0
0.0
0.0
0.0
6.202528002669128e-6
2.2044770093621673e-6
1.7658396915803522e-6
0.0
0.0
0.0
0.0
0.0
0.0
0.0
0.0
0.0
0.0
0.0
0.0
0.0
0.0
0.0
0.0
0.0
0.0
0.0
0.0
0.0
5.078197837762872e-6
6.378281328969725e-6
0.0
0.0
0.0
0.0
0.0
0.0
0.0
0.0
0.0
0.0
0.0
0.0
0.0
0.0
0.0
0.0
0.0
0.0
0.0
0.0
0.0
0.0
0.0
0.0
0.0
0.0
0.0
0.0
0.0
0.0
0.0
0.0
0.0
0.0
0.0
0.0
0.0
0.0
0.0
0.0
0.0
0.0
0.0
0.0
0.0
0.0
1.9730311744645133e-5
4.512280787473771e-5
2.973123119493626e-6
0.0
0.0
0.0
0.0
0.0
0.0
0.0
0.0
0.0
0.0
0.0
0.0
0.0
0.0
0.0
0.0
0.0
0.0
0.0
0.0
0.0
3.7136503756801664e-6
4.985059213586978e-5
0.0
0.0
0.0
0.0
0.0
0.0
0.0
0.0
0.0
0.0
0.0
0.0
0.0
0.0
0.0
0.0
0.0
0.0
0.0
0.0
0.0
0.0
5.434733137660143e-6
5.678095814633157e-5
2.7254433342526497e-6
0.0
0.0
0.0
0.0
0.0
0.0
0.0
0.0
0.0
0.0
0.0
0.0
0.0
0.0
0.0
0.0
0.0
0.0
0.0
0.0
0.0
8.037685839121297e-6
4.626335547240508e-5
2.2296020054381013e-6
0.0
0.0
0.0
0.0
0.0
0.0
0.0
0.0
0.0
0.0
0.0
0.0
0.0
0.0
0.0
0.0
0.0
0.0
0.0
0.0
0.0
3.938561253897086e-6
4.12844581735875e-5
2.7255297346520897e-6
0.0
0.0
0.0
0.0
0.0
0.0
0.0
0.0
0.0
0.0
0.0
0.0
0.0
0.0
0.0
0.0
0.0
0.0
0.0
0.0
0.0
4.085087212104959e-6
5.061754792114765e-5
0.0
0.0
0.0
0.0
0.0
0.0
0.0
0.0
0.0
0.0
0.0
0.0
0.0
0.0
0.0
0.0
0.0
0.0
0.0
0.0
0.0
0.0
0.0
0.0
0.0
0.0
0.0
0.0
0.0
0.0
0.0
0.0
0.0
0.0
0.0
0.0
0.0
0.0
0.0
0.0
0.0
0.0
0.0
0.0
0.0
0.0
3.511243210863817e-5
3.2223993021649616e-5
2.7850061044236305e-6
0.0
0.0
0.0
0.0
0.0
0.0
0.0
0.0
0.0
0.0
0.0
0.0
0.0
0.0
0.0
0.0
0.0
0.0
0.0
0.0
0.0
1.2470169722198958e-5
2.2168706852258505e-6
1.6514659611679165e-6
0.0
0.0
0.0
0.0
0.0
0.0
0.0
0.0
0.0
0.0
0.0
0.0
0.0
0.0
0.0
0.0
0.0
0.0
0.0
0.0
0.0
5.386797917556868e-6
2.1363340351490516e-6
1.2411102389223413e-6
0.0
0.0
0.0
0.0
0.0
0.0
0.0
0.0
0.0
0.0
0.0
0.0
0.0
0.0
0.0
0.0
0.0
0.0
0.0
0.0
0.0
5.0508926303137875e-6
1.5505264073174904e-6
0.0
0.0
0.0
0.0
0.0
0.0
0.0
0.0
0.0
0.0
0.0
0.0
0.0
0.0
0.0
0.0
0.0
0.0
0.0
0.0
0.0
0.0
4.030574955819975e-6
4.675620866496429e-5
1.2094747508176213e-6
0.0
0.0
0.0
0.0
0.0
0.0
0.0
0.0
0.0
0.0
0.0
0.0
0.0
0.0
0.0
0.0
0.0
0.0
0.0
0.0
0.0
5.279449787848726e-6
3.0649509333147177e-6
0.0
0.0
0.0
0.0
0.0
0.0
0.0
0.0
0.0
0.0
0.0
0.0
0.0
0.0
0.0
0.0
0.0
0.0
0.0
0.0
0.0
0.0
0.0
0.0
0.0
0.0
0.0
0.0
0.0
0.0
0.0
0.0
0.0
0.0
0.0
0.0
0.0
0.0
0.0
0.0
0.0
0.0
0.0
0.0
0.0
0.0
3.3259347033427527e-6
0.0
0.0
0.0
0.0
0.0
0.0
0.0
0.0
0.0
0.0
0.0
0.0
0.0
0.0
0.0
0.0
0.0
0.0
0.0
0.0
0.0
0.0
0.0
3.928180441330448e-6
4.43650362492918e-5
4.591547177860062e-7
0.0
0.0
0.0
0.0
0.0
0.0
0.0
0.0
0.0
0.0
0.0
0.0
0.0
0.0
0.0
0.0
0.0
0.0
0.0
0.0
0.0
3.916510723411912e-6
5.360014319988405e-5
2.1236065178220045e-6
0.0
0.0
0.0
0.0
0.0
0.0
0.0
0.0
0.0
0.0
0.0
0.0
0.0
0.0
0.0
0.0
0.0
0.0
0.0
0.0
0.0
5.0243293619266545e-6
3.3185467595108167e-6
1.2272572582954396e-6
0.0
0.0
0.0
0.0
0.0
0.0
0.0
0.0
0.0
0.0
0.0
0.0
0.0
0.0
0.0
0.0
0.0
0.0
0.0
0.0
0.0
3.904193107172952e-6
3.663920193760721e-5
0.0
0.0
0.0
0.0
0.0
0.0
0.0
0.0
0.0
0.0
0.0
0.0
0.0
0.0
0.0
0.0
0.0
0.0
0.0
0.0
0.0
0.0
4.007787357038946e-6
4.478199341801666e-5
0.0
0.0
0.0
0.0
0.0
0.0
0.0
0.0
0.0
0.0
0.0
0.0
0.0
0.0
0.0
0.0
0.0
0.0
0.0
0.0
0.0
0.0
0.0
0.0
0.0
0.0
0.0
0.0
0.0
0.0
0.0
0.0
0.0
0.0
0.0
0.0
0.0
0.0
0.0
0.0
0.0
0.0
0.0
0.0
0.0
0.0
2.259025946203526e-6
0.0
0.0
0.0
0.0
0.0
0.0
0.0
0.0
0.0
0.0
0.0
0.0
0.0
0.0
0.0
0.0
0.0
0.0
0.0
0.0
0.0
0.0
0.0
5.085659813014091e-6
4.776808982877784e-6
3.0130360514651916e-7
0.0
0.0
0.0
0.0
0.0
0.0
0.0
0.0
0.0
0.0
0.0
0.0
0.0
0.0
0.0
0.0
0.0
0.0
0.0
0.0
0.0
5.748741461836913e-6
4.139847771825311e-6
1.975149126076672e-6
0.0
0.0
0.0
0.0
0.0
0.0
0.0
0.0
0.0
0.0
0.0
0.0
0.0
0.0
0.0
0.0
0.0
0.0
0.0
0.0
0.0
3.80170758848811e-6
3.909778550641029e-5
1.652982452105484e-6
0.0
0.0
0.0
0.0
0.0
0.0
0.0
0.0
0.0
0.0
0.0
0.0
0.0
0.0
0.0
0.0
0.0
0.0
0.0
0.0
0.0
3.889554912763192e-6
4.044350185306497e-5
8.144047035610505e-7
0.0
0.0
0.0
0.0
0.0
0.0
0.0
0.0
0.0
0.0
0.0
0.0
0.0
0.0
0.0
0.0
0.0
0.0
0.0
0.0
0.0
5.136434286416976e-6
6.700338008327694e-6
0.0
0.0
0.0
0.0
0.0
0.0
0.0
0.0
0.0
0.0
0.0
0.0
0.0
0.0
0.0
0.0
0.0
0.0
0.0
0.0
0.0
0.0
0.0
0.0
0.0
0.0
0.0
0.0
0.0
0.0
0.0
0.0
0.0
0.0
0.0
0.0
0.0
0.0
0.0
0.0
0.0
0.0
0.0
0.0
0.0
0.0
7.645011942007446e-7
3.587461909507701e-7
0.0
0.0
0.0
0.0
0.0
0.0
0.0
0.0
0.0
0.0
0.0
0.0
0.0
0.0
0.0
0.0
0.0
0.0
0.0
0.0
0.0
0.0
4.0458038996364006e-6
4.326008200537329e-7
0.0
0.0
0.0
0.0
0.0
0.0
0.0
0.0
0.0
0.0
0.0
0.0
0.0
0.0
0.0
0.0
0.0
0.0
0.0
0.0
0.0
0.0
3.912981081271999e-6
4.2727011381135346e-5
4.7125057703310005e-7
0.0
0.0
0.0
0.0
0.0
0.0
0.0
0.0
0.0
0.0
0.0
0.0
0.0
0.0
0.0
0.0
0.0
0.0
0.0
0.0
0.0
4.064714910225392e-6
5.3098638424279824e-5
2.4423348774779677e-6
0.0
0.0
0.0
0.0
0.0
0.0
0.0
0.0
0.0
0.0
0.0
0.0
0.0
0.0
0.0
0.0
0.0
0.0
0.0
0.0
0.0
6.458466381182298e-6
4.82557653163062e-6
2.183047472744923e-6
0.0
0.0
0.0
0.0
0.0
0.0
0.0
0.0
0.0
0.0
0.0
0.0
0.0
0.0
0.0
0.0
0.0
0.0
0.0
0.0
0.0
4.060272020568992e-6
5.1262501137457584e-6
0.0
0.0
0.0
0.0
0.0
0.0
0.0
0.0
0.0
0.0
0.0
0.0
0.0
0.0
0.0
0.0
0.0
0.0
0.0
0.0
0.0
0.0
0.0
0.0
0.0
0.0
0.0
0.0
0.0
0.0
0.0
0.0
0.0
0.0
0.0
0.0
0.0
0.0
0.0
0.0
0.0
0.0
0.0
0.0
0.0
0.0
3.70042620154551e-6
3.9025040403445136e-5
5.285590688796388e-7
0.0
0.0
0.0
0.0
0.0
0.0
0.0
0.0
0.0
0.0
0.0
0.0
0.0
0.0
0.0
0.0
0.0
0.0
0.0
0.0
0.0
3.900263939291352e-6
4.562771342845161e-5
2.8825246785851535e-6
0.0
0.0
0.0
0.0
0.0
0.0
0.0
0.0
0.0
0.0
0.0
0.0
0.0
0.0
0.0
0.0
0.0
0.0
0.0
0.0
0.0
3.741577249224365e-6
4.281350051456316e-5
2.189787919672097e-6
0.0
0.0
0.0
0.0
0.0
0.0
0.0
0.0
0.0
0.0
0.0
0.0
0.0
0.0
0.0
0.0
0.0
0.0
0.0
0.0
0.0
6.283385095761219e-6
3.3358759081417835e-6
2.862436991932702e-6
0.0
0.0
0.0
0.0
0.0
0.0
0.0
0.0
0.0
0.0
0.0
0.0
0.0
0.0
0.0
0.0
0.0
0.0
0.0
0.0
0.0
3.729551005056029e-6
2.576810810040439e-6
3.549097429803192e-7
0.0
0.0
0.0
0.0
0.0
0.0
0.0
0.0
0.0
0.0
0.0
0.0
0.0
0.0
0.0
0.0
0.0
0.0
0.0
0.0
0.0
3.966230927559319e-6
4.596784949270659e-5
0.0
0.0
0.0
0.0
0.0
0.0
0.0
0.0
0.0
0.0
0.0
0.0
0.0
0.0
0.0
0.0
0.0
0.0
0.0
0.0
0.0
0.0
0.0
0.0
0.0
0.0
0.0
0.0
0.0
0.0
0.0
0.0
0.0
0.0
0.0
0.0
0.0
0.0
0.0
0.0
0.0
0.0
0.0
0.0
0.0
0.0
3.4461042970076662e-6
3.465524235431321e-5
0.0
0.0
0.0
0.0
0.0
0.0
0.0
0.0
0.0
0.0
0.0
0.0
0.0
0.0
0.0
0.0
0.0
0.0
0.0
0.0
0.0
0.0
3.808037264273158e-6
5.5626186471167275e-5
2.8389470060164884e-6
0.0
0.0
0.0
0.0
0.0
0.0
0.0
0.0
0.0
0.0
0.0
0.0
0.0
0.0
0.0
0.0
0.0
0.0
0.0
0.0
0.0
3.785835219542999e-6
4.623682230058923e-5
2.1303170122265767e-6
0.0
0.0
0.0
0.0
0.0
0.0
0.0
0.0
0.0
0.0
0.0
0.0
0.0
0.0
0.0
0.0
0.0
0.0
0.0
0.0
0.0
4.0563040459724715e-6
5.048932546453811e-5
2.757973926846332e-6
0.0
0.0
0.0
0.0
0.0
0.0
0.0
0.0
0.0
0.0
0.0
0.0
0.0
0.0
0.0
0.0
0.0
0.0
0.0
0.0
0.0
3.8468260364894065e-6
4.677984148379159e-5
2.285090362481136e-6
0.0
0.0
0.0
0.0
0.0
0.0
0.0
0.0
0.0
0.0
0.0
0.0
0.0
0.0
0.0
0.0
0.0
0.0
0.0
0.0
0.0
4.00096098219201e-6
5.94051222562925e-6
0.0
0.0
0.0
0.0
0.0
0.0
0.0
0.0
0.0
0.0
0.0
0.0
0.0
0.0
0.0
0.0
0.0
0.0
0.0
0.0
0.0
0.0
0.0
0.0
0.0
0.0
0.0
0.0
0.0
0.0
0.0
0.0
0.0
0.0
0.0
0.0
0.0
0.0
0.0
0.0
0.0
0.0
0.0
0.0
0.0
0.0
1.1338548669621373e-5
4.007663584649459e-5
0.0
0.0
0.0
0.0
0.0
0.0
0.0
0.0
0.0
0.0
0.0
0.0
0.0
0.0
0.0
0.0
0.0
0.0
0.0
0.0
0.0
0.0
3.863749144536963e-6
5.315014767848548e-5
2.734710932843151e-6
0.0
0.0
0.0
0.0
0.0
0.0
0.0
0.0
0.0
0.0
0.0
0.0
0.0
0.0
0.0
0.0
0.0
0.0
0.0
0.0
0.0
3.898392303242748e-6
5.0540535020659334e-5
0.0
0.0
0.0
0.0
0.0
0.0
0.0
0.0
0.0
0.0
0.0
0.0
0.0
0.0
0.0
0.0
0.0
0.0
0.0
0.0
0.0
0.0
3.7025519759614234e-6
4.1529712981855584e-5
2.201560933940143e-6
0.0
0.0
0.0
0.0
0.0
0.0
0.0
0.0
0.0
0.0
0.0
0.0
0.0
0.0
0.0
0.0
0.0
0.0
0.0
0.0
0.0
3.8045045875076785e-6
2.8646571854580177e-6
1.6685738784886752e-6
0.0
0.0
0.0
0.0
0.0
0.0
0.0
0.0
0.0
0.0
0.0
0.0
0.0
0.0
0.0
0.0
0.0
0.0
0.0
0.0
0.0
0.0
2.836557635957131e-5
0.0
0.0
0.0
0.0
0.0
0.0
0.0
0.0
0.0
0.0
0.0
0.0
0.0
0.0
0.0
0.0
0.0
0.0
0.0
0.0
0.0
0.0
0.0
0.0
0.0
0.0
0.0
0.0
0.0
0.0
0.0
0.0
0.0
0.0
0.0
0.0
0.0
0.0
0.0
0.0
0.0
0.0
0.0
0.0
0.0
0.0
0.0
0.0
0.0
0.0
0.0
0.0
0.0
0.0
0.0
0.0
0.0
0.0
0.0
0.0
0.0
0.0
0.0
0.0
0.0
0.0
0.0
0.0
0.0
0.0
1.4161115394881456e-5
5.126317772451351e-5
2.731838494568516e-6
0.0
0.0
0.0
0.0
0.0
0.0
0.0
0.0
6.484679442255147e-7
6.0921319180896555e-6
0.0
0.0
0.0
0.0
0.0
0.0
0.0
0.0
0.0
0.0
0.0
4.159345782713941e-5
7.193164524991657e-5
2.7960948451980855e-6
0.0
0.0
0.0
0.0
0.0
0.0
0.0
0.0
0.0
0.0
0.0
0.0
0.0
0.0
0.0
0.0
0.0
0.0
0.0
0.0
0.0
2.0886726035739548e-5
4.739965071456802e-5
2.9844185605234487e-6
0.0
0.0
0.0
0.0
0.0
0.0
0.0
0.0
0.0
0.0
0.0
0.0
0.0
0.0
0.0
0.0
0.0
0.0
0.0
0.0
0.0
1.7419910784162977e-5
1.1878780457049626e-5
2.180140355230268e-6
0.0
0.0
0.0
0.0
0.0
0.0
0.0
0.0
0.0
0.0
0.0
0.0
0.0
0.0
0.0
0.0
0.0
0.0
0.0
0.0
0.0
1.3498574266650224e-5
7.269616624754596e-5
0.0
0.0
0.0
0.0
0.0
0.0
0.0
0.0
0.0
0.0
0.0
0.0
0.0
0.0
0.0
0.0
0.0
0.0
0.0
0.0
0.0
0.0
0.0
0.0
0.0
0.0
0.0
0.0
0.0
0.0
0.0
0.0
0.0
0.0
0.0
0.0
0.0
0.0
0.0
0.0
0.0
0.0
0.0
0.0
0.0
0.0
0.0003048206800952874
0.00022882460715285214
1.4704792200650597e-6
0.0
0.0
0.0
0.0
0.0
0.0
0.0
0.0
0.0
0.0
0.0
0.0
0.0
0.0
0.0
0.0
0.0
0.0
0.0
0.0
0.0
2.883885735040874e-5
1.1111116401688404e-5
2.263107607861148e-6
0.0
0.0
0.0
0.0
0.0
0.0
0.0
0.0
0.0
0.0
0.0
0.0
0.0
0.0
0.0
0.0
0.0
0.0
0.0
0.0
0.0
3.8465056971891655e-6
4.300917868336222e-5
1.9615332624486254e-6
0.0
0.0
0.0
0.0
0.0
0.0
0.0
0.0
0.0
0.0
0.0
0.0
0.0
0.0
0.0
0.0
0.0
0.0
0.0
0.0
0.0
3.998388286176745e-6
3.311727141507388e-6
1.2102698933959644e-6
0.0
0.0
0.0
0.0
0.0
0.0
0.0
0.0
0.0
0.0
0.0
0.0
0.0
0.0
0.0
0.0
0.0
0.0
0.0
0.0
0.0
1.2190772059345322e-5
5.489160622256118e-5
2.701617743717206e-6
0.0
0.0
0.0
0.0
0.0
0.0
0.0
0.0
0.0
2.1296704410746773e-6
0.0
0.0
0.0
0.0
0.0
0.0
0.0
0.0
0.0
0.0
0.0
0.0001447034613132897
0.00027888554136366016
0.00014778883430866064
4.844451355270054e-5
1.3549203462155732e-5
3.2102604157686305e-7
0.0
0.0
0.0
0.0
0.0
0.0
0.0
0.0
0.0
0.0
0.0
0.0
0.0
0.0
0.0
0.0
0.0
0.0
0.0
0.0
0.0
0.0
0.0
0.0
0.0
0.0
0.0
0.0
0.0
0.0
0.0
0.0
0.0
0.0
0.0
0.0
0.0
0.0
0.0
0.0
0.0
0.0
0.0006633489117536433
0.0005535593497194461
5.3268081602034685e-5
1.5626873577464692e-6
0.0
0.0
0.0
0.0
0.0
0.0
0.0
4.475177041040267e-6
1.4056247850699388e-5
2.4490282108828953e-6
1.1394051700423476e-5
2.693580833683952e-5
0.0
0.0
0.0
0.0
0.0
0.0
0.0
0.0
0.00024230374111643634
0.0002544743468404695
1.2954827879605754e-6
0.0
0.0
0.0
0.0
0.0
0.0
0.0
0.0
1.0621358988162934e-6
7.722008574597932e-6
0.0
0.0
0.0
0.0
0.0
0.0
0.0
0.0
0.0
0.0
0.0
0.00010588341712692381
0.00013040686341014854
2.1646775262912152e-6
0.0
0.0
0.0
0.0
0.0
0.0
0.0
0.0
0.0
0.0
0.0
0.0
0.0
0.0
0.0
0.0
0.0
0.0
0.0
0.0
0.0
0.00011692569713093324
0.00017896107700611798
1.6485903061901807e-6
0.0
0.0
0.0
0.0
0.0
0.0
0.0
0.0
0.0
0.0
0.0
0.0
0.0
0.0
0.0
0.0
0.0
0.0
0.0
0.0
0.0
0.0001389678405256491
0.00021630196968996227
1.6238683212578434e-6
0.0
0.0
0.0
0.0
0.0
0.0
0.0
0.0
0.0
7.166688041133781e-7
0.0
0.0
0.0
0.0
0.0
0.0
0.0
0.0
0.0
0.0
0.0
0.00014242702282771287
0.00018476840361429311
0.00011547792123675278
8.408389967123676e-5
2.9697498738886914e-5
3.5660367039541624e-6
0.0
0.0
0.0
0.0
0.0
0.0
0.0
0.0
0.0
0.0
0.0
0.0
0.0
0.0
0.0
0.0
0.0
0.0
0.0
0.0
0.0
0.0
0.0
0.0
0.0
0.0
0.0
0.0
0.0
0.0
0.0
0.0
0.0
0.0
0.0
0.0
0.0
0.0
0.0
0.0
0.0
0.0
0.0007938917750200117
0.0005619296550492793
5.9072300811249045e-5
0.0
0.0
0.0
0.0
0.0
0.0
0.0
0.0
7.115958073011675e-6
3.27791117179419e-6
3.5891265802513627e-7
0.0
0.0
0.0
0.0
0.0
0.0
0.0
0.0
0.0
0.0
0.00016170675450140803
0.00016994681798496912
1.05551150115654e-6
0.0
0.0
0.0
0.0
0.0
0.0
0.0
0.0
1.304092374668727e-5
2.009559108379345e-5
1.3705851761578578e-6
0.0
0.0
0.0
0.0
0.0
0.0
0.0
0.0
0.0
0.0
0.0001930453808594414
0.00021802346168464445
6.635856067858929e-7
0.0
0.0
0.0
0.0
0.0
0.0
0.0
0.0
0.0
2.2112822839581704e-7
0.0
0.0
0.0
0.0
0.0
0.0
0.0
0.0
0.0
0.0
0.0
8.573379052075995e-5
0.00012000629550789848
2.274581285126783e-6
0.0
0.0
0.0
0.0
0.0
0.0
0.0
0.0
0.0
0.0
0.0
0.0
0.0
0.0
0.0
0.0
0.0
0.0
0.0
0.0
0.0
6.557317885814226e-5
0.00010798897233205597
3.2831220867685213e-6
0.0
0.0
0.0
0.0
0.0
0.0
0.0
0.0
0.0
0.0
0.0
0.0
0.0
0.0
0.0
0.0
0.0
0.0
0.0
0.0
0.0
1.1457464246525158e-5
5.704119357577423e-5
0.0
0.0
0.0
0.0
0.0
0.0
0.0
0.0
0.0
0.0
0.0
0.0
0.0
0.0
0.0
0.0
0.0
0.0
0.0
0.0
0.0
0.0
0.0
0.0
0.0
0.0
0.0
0.0
0.0
0.0
0.0
0.0
0.0
0.0
0.0
0.0
0.0
0.0
0.0
0.0
0.0
0.0
0.0
0.0
0.0
0.0
0.00034663803647644385
0.00031675015735277
4.8044962343205164e-6
0.0
0.0
0.0
0.0
0.0
0.0
0.0
0.0
0.0
0.0
0.0
0.0
0.0
0.0
0.0
0.0
0.0
0.0
0.0
0.0
0.0
0.00023363296310438306
0.00030319233017042565
7.6107687623165345e-6
0.0
0.0
0.0
0.0
0.0
0.0
0.0
0.0
0.0
0.0
0.0
0.0
0.0
0.0
0.0
0.0
0.0
0.0
0.0
0.0
0.0
0.00022384521701547733
0.0002998354926706909
9.028059111517219e-6
0.0
0.0
0.0
0.0
0.0
0.0
0.0
0.0
3.4245902383857953e-6
1.1556642511187244e-5
1.2575091928054207e-6
0.0
0.0
0.0
0.0
0.0
0.0
0.0
0.0
0.0
0.0
0.00013432296137070522
0.00014431922094216738
2.0694626247471773e-6
0.0
0.0
0.0
0.0
0.0
0.0
0.0
0.0
0.0
7.688763043427244e-7
0.0
0.0
0.0
0.0
0.0
0.0
0.0
0.0
0.0
0.0
0.0
8.755246034916874e-5
0.00013350640042431933
1.8281838441651921e-6
0.0
0.0
0.0
0.0
0.0
0.0
0.0
0.0
0.0
1.5878615687268225e-6
0.0
0.0
0.0
0.0
0.0
0.0
0.0
0.0
0.0
0.0
0.0
0.0001964114372827566
0.00024762357552462604
0.00011432948726184544
7.480513974710751e-5
4.055076639804524e-5
2.429889226929184e-5
6.0480533920951136e-5
4.514906097750284e-5
2.489112699072728e-5
1.8315231267401537e-5
1.508752160097287e-5
3.255256028657198e-5
0.0
0.0
0.0
0.0
0.0
0.0
0.0
0.0
0.0
0.0
0.0
0.0
0.0
0.0
0.0
0.0
0.0
0.0
0.0
0.0
0.0
0.0
0.0
0.0
0.0
0.0
0.0
0.0
0.0
0.0
0.0
0.0
0.0
0.0
0.0
0.0
0.0
0.0
0.0
0.0
0.0
0.0
0.0
0.0
0.0
0.0
0.0
0.0
0.0
0.0
0.0
0.0
0.0
0.0
0.0
0.0
0.0
0.0
0.0
0.0
0.00011379926883992326
8.435949013318813e-5
0.0
0.0
0.0
0.0
1.5252652618051848e-6
0.0
0.0
0.0
0.0
1.1682924733845173e-5
1.1680940843539693e-5
0.0
1.0548254310877876e-5
2.9808114758914658e-5
0.0
0.0
0.0
0.0
0.0
0.0
0.0
0.0
0.00033732647326788337
0.0002848867729013594
8.919209362649499e-7
0.0
0.0
0.0
0.0
0.0
0.0
0.0
0.0
9.33975318222065e-6
1.469292839537928e-5
0.0
0.0
3.051600434247929e-6
0.0
0.0
0.0
0.0
0.0
0.0
0.0
0.0
0.00024646673304402287
0.000223833202971272
6.504570936523418e-7
0.0
0.0
0.0
0.0
0.0
0.0
0.0
0.0
1.2443609659375161e-5
1.539590249629239e-5
0.0
0.0
7.055494397415278e-6
0.0
0.0
0.0
0.0
0.0
0.0
0.0
0.0
0.00036197356633014486
0.0003229892493725885
4.870355020901192e-6
0.0
0.0
0.0
0.0
0.0
0.0
0.0
0.0
8.751726034435409e-7
5.3189279386438555e-6
0.0
0.0
2.8770962961966405e-6
0.0
0.0
0.0
0.0
0.0
0.0
0.0
0.0
0.00041281855521208325
0.00048142281152575194
0.0003090798575532468
0.000227671247193184
0.00011236423238069749
2.9197096185384058e-5
3.5651245473663594e-5
3.119879436512393e-5
2.2440365822342876e-5
1.4682015816539616e-5
1.2429970179445872e-5
4.81712535679454e-5
0.0
0.0
0.0
0.0
0.0
0.0
0.0
0.0
0.0
0.0
0.0
0.0
0.0
0.0
0.0
0.0
0.0
0.0
0.0
0.0
0.0
0.0
0.0
0.0
0.0
0.0
0.0
0.0
0.0
0.0
0.0
0.0
0.0
0.0
0.0
0.0
0.0012997639347631829
0.0011029811768547954
0.000362322768568758
0.00011382136047229904
4.247717914750385e-5
4.826543710973632e-6
0.0
0.0
0.0
0.0
0.0
1.705076021543359e-6
3.58756095161947e-6
0.0
3.94827528432142e-6
6.627733058968144e-6
0.0
0.0
0.0
0.0
0.0
0.0
0.0
0.0
0.00033774773403503046
0.0004173516466166074
1.586068177425416e-5
0.0
0.0
0.0
0.0
0.0
0.0
0.0
0.0
0.0
0.0
0.0
0.0
0.0
0.0
0.0
0.0
0.0
0.0
0.0
0.0
0.0
1.6103169666629418e-5
7.060949949305858e-5
0.0
0.0
0.0
0.0
0.0
0.0
0.0
0.0
0.0
2.1500223014859496e-6
7.500865934995777e-6
4.0829137383688265e-7
0.0
0.0
0.0
0.0
0.0
0.0
0.0
0.0
0.0
0.0
0.00036594167287525833
0.0004693700212980449
4.241335065795204e-5
0.0
0.0
0.0
0.0
0.0
0.0
0.0
0.0
2.7299793945965413e-6
5.604563660400162e-6
0.0
0.0
0.0
0.0
0.0
0.0
0.0
0.0
0.0
0.0
0.0
0.00022399610512885697
0.0002682743200492539
2.5424528177880588e-6
0.0
0.0
0.0
0.0
0.0
0.0
0.0
0.0
1.7982921752167284e-5
1.935490995096354e-5
7.664904456140386e-7
1.3109805281540585e-5
2.6036409430157708e-5
0.0
0.0
0.0
0.0
0.0
0.0
0.0
0.0
0.0003482866757541922
0.0003493580539597235
0.00018215315663632075
0.00011853408356023359
7.586908498303018e-5
7.39713901053175e-5
0.0001278166907941801
0.00010275943059551851
9.918424101142354e-5
6.47972087560317e-5
6.697969738519271e-5
0.0002114719150132405
0.0
0.0
0.0
0.0
0.0
0.0
0.0
0.0
0.0
0.0
0.0
0.0
0.0
0.0
0.0
0.0
0.0
0.0
0.0
0.0
0.0
0.0
0.0
0.0
0.0
0.0
0.0
0.0
0.0
0.0
0.0
0.0
0.0
0.0
0.0
0.0
0.0007370491429490742
0.0005183453041916534
3.504328839558044e-5
0.0
0.0
0.0
3.1775734784974963e-6
0.0
0.0
0.0
0.0
2.4647717907030884e-5
0.0001078379786213892
0.00014523440406960422
0.0001663776838809534
0.00018798821453642228
0.0
0.0
0.0
0.0
0.0
0.0
0.0
0.0
0.0007092657952861531
0.000602451191933867
0.0001642474852882673
4.410883385643368e-5
0.0
0.0
0.0
0.0
0.0
0.0
0.0
7.574881151682104e-6
5.887441145676891e-6
0.0
1.421521392606601e-5
3.7770641855689515e-5
0.0
0.0
0.0
0.0
0.0
0.0
0.0
0.0
0.0004912973258183987
0.0004644570614191025
4.5091378699493435e-5
0.0
0.0
0.0
0.0
0.0
0.0
0.0
0.0
9.670883223005716e-6
1.5071431793423311e-5
1.63409098642579e-5
5.303948435287059e-5
9.192250781379188e-5
0.0
0.0
0.0
0.0
0.0
0.0
0.0
0.0
0.0005401352329411901
0.000479496544534353
5.648699606119984e-5
1.6350616763312153e-5
5.2453384415115465e-6
0.0
1.2987896034991425e-5
0.0
0.0
0.0
0.0
2.2623367226967175e-5
0.00010631316683655078
0.00016133520335947317
0.00022904834951968488
0.00033471536695967074
0.0
0.0
0.0
0.0
0.0
0.0
0.0
0.0
0.0008710238652290668
0.0007962245489284218
0.0002457747779143853
0.00011046859586261755
3.288492112154999e-5
3.3593070204013554e-6
1.0084507470153351e-5
0.0
0.0
0.0
0.0
1.6351551011205823e-5
5.100130822602919e-5
8.933075310154623e-5
0.00014349668297421766
0.0001823663643389119
0.0
0.0
0.0
0.0
0.0
0.0
0.0
0.0
0.000990103261016248
0.000948720589779073
0.0006761128609130072
0.0004102538031935307
0.00023009277506443198
0.00018982154195203472
0.0002337751646981107
0.0002021336759094301
0.00014060414777652836
0.0001233961018520162
0.00014733764395146145
0.0002666919781210207
0.0
0.0
0.0
0.0
0.0
0.0
0.0
0.0
0.0
0.0
9.93135647106034e-6
1.3840262315245932e-5
1.8734942879324022e-5
3.646278780238299e-5
3.5312557348346705e-5
4.844592144610504e-5
2.0166938722478676e-5
8.842930150114648e-6
0.0
0.0
0.0
0.0
0.0
0.0
0.0
0.0
1.725508523863961e-6
1.1282117871195641e-5
1.3778294473709263e-5
1.939920843545414e-5
3.872361223671442e-5
4.374150770075365e-5
8.133139634840798e-5
0.00012426827037205498
0.0001552173284207631
0.00017489770766807532
0.0016275095899865102
0.0014236840774805857
0.000741493159258232
0.0004977220314792596
0.00032909332091357233
0.00020848075277525813
0.00018230927771180567
3.269295103471545e-5
1.7224424609209172e-5
1.517443438157432e-5
8.01771953557086e-6
0.00015559098282710656
0.00028169813759038124
0.00030654790081001876
0.0003522166378241928
0.0003919872840776002
0.0
0.0
0.0
0.0
0.0
0.0
0.0
0.0
0.0009477089053473462
0.0008211283305958592
0.0002755701860430318
0.0001029631502339718
2.8250897801788966e-5
4.5678090556049535e-6
5.341996747341157e-7
0.0
0.0
0.0
0.0
1.3873146503178898e-5
5.645921293095439e-5
9.260670895653149e-5
0.0001508947796837685
0.00021224861859203312
0.0
0.0
0.0
0.0
0.0
0.0
0.0
0.0
0.0006508081258854106
0.000601817134194937
8.923841294113508e-5
9.578063207625229e-6
0.0
0.0
1.4798680292832884e-6
0.0
0.0
0.0
0.0
1.5053971322331274e-5
3.976760734479331e-5
9.84507676520961e-5
0.0001314293797649772
0.0001462270010714404
0.0
0.0
0.0
0.0
0.0
0.0
0.0
0.0
0.0005596391578925055
0.0004889351897949177
5.461665082323235e-5
0.0
0.0
0.0
0.0
0.0
0.0
0.0
0.0
1.837456813850882e-5
3.624952503478232e-5
9.361546019217043e-5
0.00015656760874823756
8.707512596286641e-5
0.0
0.0
0.0
0.0
0.0
0.0
0.0
0.0
0.00044508520913439395
0.0003466869751915231
3.3218928989951047e-6
0.0
0.0
0.0
0.0
0.0
0.0
0.0
0.0
7.62932006798148e-6
1.7248453548467315e-5
4.72339513620573e-6
0.0
0.0
0.0
0.0
0.0
0.0
0.0
0.0
0.0
0.0
0.00020626760227016543
0.00029232745449228023
0.000104921177808616
3.031783962453872e-5
1.4972989584875008e-6
0.0
0.0
0.0
0.0
0.0
0.0
1.9673643108400936e-6
0.0
0.0
0.0
0.0
0.0
0.0
0.0
0.0
0.0
0.0
0.0
0.0
0.0
0.0
0.0
0.0
0.0
0.0
0.0
0.0
0.0
0.0
0.0
0.0
0.0
0.0
0.0
0.0
0.0
0.0
0.0
0.0
0.0
0.0
0.0
0.0
0.0
0.00136217061139033
0.0010972715319242233
0.0004422870592618893
0.0002583178407121174
0.00020744749734150496
0.00015980295487896684
0.00011137812676945862
2.450155297707428e-5
8.135773077145567e-6
0.0
1.3772907471705451e-5
0.0002866483426965313
0.00037904241860868017
0.00038326359602433834
0.00046415687913902527
0.000532899883143158
0.0
0.0
0.0
0.0
0.0
0.0
0.0
0.0
0.0011003053187433926
0.0009774311292550253
0.00042575793607545394
0.00024816647714489745
0.0001760849968542923
8.500743259012664e-5
5.054637619471282e-5
8.840560345707599e-6
2.9557600790887672e-6
0.0
0.0
0.00014111818951225992
0.0002752570704960935
0.0003574538361130998
0.000466966912451597
0.0004972256675706366
0.0
0.0
0.0
0.0
0.0
0.0
0.0
0.0
0.0011952626412693353
0.0010888562864786572
0.0005261335341502536
0.0003895567648796892
0.0003372104480085766
0.00022238495308010196
0.00018698251154375205
5.8503056028976576e-5
2.0689536124039536e-5
1.2552401792611395e-5
2.8364356997081763e-5
0.00026052463617349186
0.0004157425269987223
0.0005175428116733618
0.0005916881300561958
0.0006297713610473204
0.0
0.0
0.0
0.0
0.0
0.0
6.4427059803173505e-6
1.297077014865395e-5
0.0013579267776138433
0.0011943210071354506
0.0004464416452766563
0.00020148840638142105
0.00012519333541193266
7.250718494038422e-5
8.432460788055938e-5
1.2102691825637353e-5
6.077690845658237e-6
8.319271161625264e-6
1.1695852741969072e-5
0.00019605235445695044
0.0003333792055733619
0.000402259078681081
0.00045241028762467867
0.0004490609030116837
0.0
0.0
0.0
0.0
0.0
0.0
0.0
0.0
0.0012094436311165656
0.0009896677538344552
0.0003558977736581437
0.00016419557079630953
0.00011062099170474153
6.968547256401554e-5
7.070503565197312e-5
5.818668502023894e-6
0.0
0.0
2.385761664842653e-6
0.00015219075490656585
0.00031005788433820664
0.00040572852748635993
0.0004943368645974708
0.0005418724804045102
0.0
0.0
0.0
0.0
0.0
0.0
0.0
0.0
4.240388771590425e-6
1.5284074081890014e-5
9.023438390881964e-6
1.1453219277837123e-5
1.05482230331074e-5
2.631339311175451e-6
4.454101581845229e-6
3.6844698714253072e-6
1.139977726100482e-5
2.2756789168768288e-5
9.244986930860146e-6
2.445341546076401e-6
3.25482673477522e-6
1.0448337871626058e-5
2.5858855908272163e-5
4.5981572242377296e-5
6.608821189849008e-5
8.54693113211143e-5
7.133707880286298e-5
9.699977534291236e-5
0.00012477122485359446
0.0001753316747965997
0.00018900201022245804
0.00021541117859473263
0.0002076389082697691
0.0002215244890340477
0.00010715520302281925
4.204292880006424e-5
0.0
0.0
0.0
0.0
0.0
0.0
0.0
0.0
0.0
0.0
0.0
7.387000910390969e-6
2.5313433973848214e-5
4.026019854160977e-5
2.3361892623255325e-5
3.041338769147764e-6
8.889920931360169e-6
2.841671602327205e-5
4.0574878841363996e-5
5.2039589345437504e-5
0.0015838261897186492
0.0013090653559842086
0.0004835669073974918
0.0001372693479773429
4.941283831321349e-5
1.0882107355755562e-5
1.799853325855261e-5
5.281696092598459e-6
7.621967729142426e-6
7.5600110331324405e-6
1.5529311752206247e-6
0.0001439347809387784
0.00026133495802574527
0.0002791789182078068
0.00032528351253810353
0.00033666344503423246
0.0
0.0
0.0
0.0
0.0
0.0
0.0
0.0
0.0006766123381938096
0.0005701667103546118
7.13022936006329e-5
0.0
0.0
0.0
0.0
0.0
0.0
0.0
0.0
2.0515486557532934e-5
2.249778045790121e-5
1.625977617080736e-5
2.0695228198103952e-5
2.850155115132061e-5
0.0
0.0
0.0
0.0
0.0
0.0
0.0
0.0
0.0006674052075907616
0.0006739560762730356
0.00010632326829838946
2.0275558611904266e-5
0.0
2.2032643768270407e-5
3.618431219898389e-5
0.0
0.0
8.789015029394562e-6
1.1518252692359254e-5
0.00020732376586184316
0.0003749075503616297
0.00044361663858375714
0.000503242950741064
0.0005375761564407067
0.0
0.0
0.0
0.0
0.0
0.0
0.0
1.6765307512329337e-6
0.0012319773440956387
0.0010749092086431412
0.00045774586290457333
0.00031586770763655043
0.0002076383103717065
9.856965104852433e-5
0.00011397096887639466
0.00014217052112090012
0.00020005147929284776
0.00013433273021453402
9.983790936505696e-5
0.0003960285923215877
0.0006240162263112448
0.0006997128429789601
0.0007360474553038103
0.000743573971663013
0.0
0.0
0.0
4.282671371602954e-6
1.3499201166514116e-5
1.7686375906160853e-5
4.365021930699223e-5
8.511279722902431e-5
0.0014792555798069775
0.0013234074646663412
0.0006183538260832523
0.0003318946692430113
0.00026816217891860753
0.00017409672316662554
0.00015700480216390155
6.300871977698932e-5
4.0758673666128535e-5
2.8350201217866592e-5
4.366742451997854e-5
0.0002734791701899452
0.0004691840164207823
0.0005598623690077992
0.0006588277383608699
0.0007130912112402798
0.0
0.0
0.0
2.557896509379551e-5
9.01573603103159e-5
0.00014193574243548924
0.00019428763441313657
0.0002689921019551775
0.0015797694815181708
0.0015650465826421204
0.0011920259075272556
0.0009812375140734863
0.0007417349144325815
0.0005556100738117341
0.0005654087120937099
0.0005016015628739656
0.0004604023069028812
0.0005331675716898183
0.0006478300209882208
0.0007667851338773857
0.0
0.0
0.0
0.0
1.7785345315599293e-5
3.037809132769798e-5
2.9395043178543478e-6
3.344302587019335e-6
1.9521601760479992e-5
1.4383883712209391e-5
1.5567288034157416e-5
2.5533447938249038e-5
3.198371292500977e-5
1.7438935693084468e-5
1.0387993800610617e-5
0.0
0.0
0.0
0.0
0.0
0.0
0.0
0.0
2.348893493702978e-6
1.1060993531538042e-5
1.2587714330177054e-5
1.2210030822659058e-5
2.0715074802961623e-5
4.8384607873681834e-5
5.8732497710720815e-5
5.1679102698002925e-5
4.526068844975583e-5
5.281562277134865e-5
5.04304415132173e-5
6.41180188748726e-5
5.2948075361552626e-5
0.0015986631219488323
0.0012855906447981657
0.0005493057148706387
0.00024265894461520494
0.00011933532473722811
5.2438565454975034e-5
5.2581018327223484e-5
7.244966605199313e-6
0.0
0.0
0.0
6.5330454389815e-5
0.000184284752155505
0.00027104355762270496
0.0003472774219038922
0.00039558682267136274
0.0
0.0
0.0
0.0
0.0
0.0
0.0
0.0
0.0010425818059344794
0.0009716186952183696
0.00038132208906651785
0.0001664925312445845
5.4487409615931006e-5
8.5856315775172e-6
3.5699425205840923e-6
0.0
0.0
0.0
0.0
5.615450625463525e-5
0.00017568786758330297
0.0002301938778406122
0.00030208666300077035
0.000339060222460946
0.0
0.0
0.0
0.0
0.0
0.0
0.0
0.0
0.0010935073228312562
0.0009916049936861864
0.0004364334741660309
0.00023479962797651172
4.292532126173435e-5
1.108884707277923e-6
5.439603707853282e-5
3.283399142320807e-5
1.1393089384163966e-5
2.748993511390783e-5
5.300659740496488e-5
0.00025419288013341226
0.0003734210207816506
0.0004442296707850031
0.0005061324756862237
0.0005275155792671948
0.0
0.0
0.0
0.0
0.0
0.0
0.0
0.0
0.0
0.0
0.0
0.0
0.0
0.0
0.0
0.0
0.0
0.0
0.0
0.0
0.0
0.0
0.0
0.0
0.0
0.0
0.0
0.0
0.0
0.0
0.0
0.0
0.0010525060268177127
0.0007775594720779456
0.0002151648503548931
0.00010411404129526354
1.9523986323154674e-5
0.0
1.5068038079460997e-6
0.0
0.0
0.0
0.0
6.22885294731358e-5
0.00017058848089890522
0.00022938284554025937
0.00033073334070232203
0.0003877585815587964
0.0
0.0
0.0
0.0
0.0
0.0
0.0
0.0
0.0012213396245460235
0.0011424225750692094
0.0008411217008936354
0.00058199858694747
0.00046779580909329173
0.0004651639882004834
0.0005372968535369174
0.0005957583667326893
0.0006256487607542852
0.0005926926990592287
0.0005771572878306343
0.0006292004398456936
0.0
0.0
0.0
0.0
0.0
0.0
0.0
0.0
0.0
0.0
0.0
0.0
0.0
0.0
0.0
0.0
0.0
0.0
0.0
0.0
0.0
8.566051155417299e-7
2.6231173811737893e-6
8.641468705228998e-6
1.8756261579123418e-5
2.9759326910821558e-5
4.7118340924541614e-5
4.139440404073376e-5
3.358852448856668e-5
4.933749407265701e-5
3.727661969847295e-5
5.1858622042647925e-5
6.72331147216273e-5
8.373501591465617e-5
0.00011270066489571978
0.00013321019321563702
0.0016203247367420365
0.0013750825404162175
0.0006687119091009604
0.00045066301879058684
0.00033950882827748694
0.0002340736988692013
0.0002630861380696496
0.00017274533673733853
0.00015468109400730708
0.00015118592108443607
0.00015839172081267674
0.000400272171035875
0.0005819884595568684
0.0006440093757343755
0.0007035199712806849
0.0007616539450468965
0.0
0.0
0.0
0.0
8.866200968842233e-6
6.74697263784999e-5
0.00013943986053353114
0.00016802755798241652
0.0015248482301152752
0.001469557529567225
0.0006574611840471219
0.00033166827964553397
0.0002395770007851372
0.00020613268166508368
0.00020685868279673506
0.0001041610845409597
8.935417136466337e-5
0.00010422082331557224
0.0001391149493393959
0.00040707968395633105
0.0006046847986962522
0.0006951194059323295
0.0007984681764853839
0.0008555396477496518
0.0
0.0
1.0816849275226448e-5
0.00014338402434387973
0.00019704584938144403
0.0002408627199722569
0.0002981302086495731
0.0004320455436913566
0.0017309417257372428
0.0017289724936335733
0.0009091115957248209
0.0005417417016791972
0.00038838892553064034
0.00033442098215888014
0.00035319858772698957
0.00023795187716662148
0.00023405122362558228
0.00025149311359003726
0.00027725566010527666
0.0005647179771524411
0.0007326375977096741
0.0007895227445006704
0.0008418809039020242
0.0008638397529710133
0.0
0.0
9.656736399777263e-6
5.5442181527392e-5
7.312576848973557e-5
0.00011558857088734612
0.0001667525173929814
0.00019672924305477954
0.0015752102456620008
0.0013322901651786456
0.0006403757227634915
0.00044201151141914127
0.000317246713902497
0.0002275308832765084
0.0002167069614069039
8.615575042338334e-5
3.3849377925267924e-5
8.25646181073637e-6
0.0
0.00011036075809991552
0.00021455759412166388
0.0002760957860721454
0.00037064044600073454
0.0004371965841588043
0.0
0.0
0.0
0.0
0.0
0.0
2.3920429825248417e-5
0.0001273987684992861
0.001383377438949953
0.0014730329836660223
0.0007696753095384582
0.0005837963010537895
0.00041716508014155
0.0003533446079552435
0.00038307308703288816
0.00024298617443613147
0.00019041345544490941
0.00021728343040343511
0.00022546407758936636
0.0004691531846250253
0.0006385759249449713
0.0006949131118942452
0.0007861038270126984
0.000801795468640124
0.0
0.0
0.0
2.653783223245866e-6
2.521435279607712e-5
8.540071823894498e-5
0.00012565119430119507
0.00014036933004432143
0.001521117469510389
0.0014706785577041947
0.0011683193828306972
0.0010238980290682412
0.0009335306472393204
0.0008844215106612013
0.0009475549539907283
0.0009329075633210473
0.0009081544744369768
0.0009130131383343253
0.0009171459952776456
0.0009721987694653129
0.0
0.0
1.776384112527246e-6
3.735705006751154e-5
5.787505413504936e-5
9.383242718123096e-5
0.0001774697243497565
0.0002332978144472468
0.00028041442970699155
0.0002689267027011781
0.0002929813404362494
0.0003077769827443004
0.0003560392085287535
0.00038168195590128367
0.0004095121839196515
0.00035431821417425136
0.00034221938137823194
0.00023934010370060292
0.00013637983584234418
8.622816865107939e-5
6.37014500613943e-5
7.801741244805783e-5
0.00011360652432816804
0.00014505973816680373
0.00015587035049518332
0.00019505331154548737
0.00016332211987807793
0.0002250818321196308
0.0001535494294309004
0.00022969766585533247
0.00016627236779606481
0.000222636316877733
0.00020973635119091503
0.0002349202572237588
0.0002388485214399614
0.0002562596260883675
0.001973231044891706
0.0016260385976894325
0.0008893468126312139
0.0006436903586089697
0.0005087999735962554
0.0003693253501016106
0.0002887055167126027
0.00014782581817393976
0.00011070651008449837
0.00010660498997161382
8.557720818218892e-5
0.0003411721762701178
0.000545677504443089
0.0005991220142779123
0.0006486431197149326
0.0006425619190712808
0.0
0.0
0.0
0.0
0.0
0.0
0.0
0.0
0.0010901739691079792
0.0009191434098337138
0.0003273582228486519
0.0001524895069368831
7.322571042560409e-5
7.595024990431433e-5
0.0001574226754054177
8.347185764142408e-5
8.2599399679567e-5
8.30533082353948e-5
7.612915817524398e-5
0.0003059846347394812
0.00045275319589621474
0.0005117601859185617
0.0005740462229269567
0.0006180412623387984
0.0
0.0
0.0
0.0
0.0
3.173784927097927e-6
1.5236352927731378e-5
9.198467920571941e-6
0.00134631585556566
0.0012013866527971356
0.0005693418107757441
0.00035069177112799683
0.0002260105358676278
0.0001305701788145923
0.00016510182528706968
6.982081880414273e-5
3.0356069760601134e-5
2.2654366196021152e-5
3.024379316657425e-5
0.00025936955396778225
0.0004112327073309961
0.0004920280600056095
0.0005623409178775739
0.000593401913525744
0.0
0.0
0.0
0.0
0.0
0.0
7.265565722292197e-6
8.61380437481254e-6
0.0013397400553216417
0.0012028831664872939
0.0005763823888937295
0.0003548503497880979
0.00018839405112769335
0.0001200364001459089
0.00017738620188933042
0.00010467122457409165
8.355165661627993e-5
7.211699472488277e-5
5.594705857867338e-5
0.0002488251564528075
0.0003728974228371514
0.0005086371117723014
0.0006730805783462076
0.0007255615736285515
0.0
0.0
0.0
0.0
0.0
0.0
1.3752736127340466e-6
8.981067805934494e-6
0.0013748519180922694
0.0012292761631862719
0.0006376802085372081
0.0004870140436381299
0.00040496247678776056
0.00036251085197246894
0.0004109970365809076
0.00031781752159376224
0.0002915275913425968
0.00027995584803906256
0.00027597928429979874
0.0005205744802086466
0.0007139609237879108
0.0007906056245132938
0.0008585295310274034
0.0008518549270241691
0.0
0.0
1.4448097606890763e-6
3.6318285655171995e-5
7.632743365701773e-5
0.00010620339914802084
0.00015545159006743822
0.00015898306323895668
0.0015879699966665774
0.0014819234620388924
0.0011993559142110476
0.0010570129751150453
0.0009004928563554828
0.0007705859985582891
0.0007454177807713652
0.0006135636984360665
0.0005567382853683757
0.0006233373592527854
0.0007521175673651795
0.0008992962161050278
0.0
0.0
0.0
2.0966400898251007e-5
6.641400213530214e-5
0.00010942075778538836
0.00015457757563076282
0.00020985276422927357
0.00025569891121602
0.0002881756007929127
0.0003061684516132974
0.0003746209889407888
0.00037479270803009927
0.000403715250865629
0.00035188803819633327
0.0002564219898880118
0.00019071720581083872
0.00019162170634564086
0.00014152148326016453
0.00012716699718543124
7.71290543350665e-5
0.00012991728246586172
0.00015306619842140522
0.00026472047120056536
0.00023645230810788646
0.0003386834727365246
0.0003004199346657362
0.00040986301217978653
0.00036378670977888655
0.00045769897352207603
0.00040814110244392665
0.0005050999059241966
0.00044042617731168644
0.0005537952903207321
0.000504339853604779
0.0006079217471669002
0.002208708120566998
0.002024300230373988
0.0012498069174636057
0.0009212862048498231
0.0005974687481564994
0.0004159190803617993
0.00038707552748531445
0.0002358955057898059
0.00019184433022247443
0.00020589432411897927
0.00026330461862622773
0.0005798372202149579
0.0007265294372988365
0.0007945544859624326
0.0008954884745400476
0.0009420638178502763
0.0
0.0
4.585679531500131e-5
0.00012613089634846007
0.00019481787031296546
0.0002322091699905011
0.00032928514017183363
0.00035111123992954035
0.0017731868961402511
0.0017119123584130105
0.0009698187838894879
0.0006057117442215407
0.0003756284859733637
0.0002556580192523799
0.00024060695289451563
0.00014398919018104931
0.00010290689501744482
0.00011048958191175602
0.000147779238745793
0.00040865584101035555
0.000646193947941292
0.000719244048253795
0.0008150458436935099
0.0008790693467350921
0.0
0.0
4.625518395560081e-5
8.561642933477024e-5
0.00016681195898555983
0.0002057675783726312
0.00027529014676238027
0.00024286433306724192
0.0016662346536961573
0.001587237418080043
0.0009291046053246977
0.0007096949566433434
0.0006042535296187474
0.0005273499818627379
0.0005257002142036475
0.0003691586565827165
0.0003367309318417308
0.00037995272561140665
0.00036764644043383514
0.0006704924854474898
0.0008767930633419295
0.00091439655210581
0.0009619176259103081
0.0009455053087270357
0.0
0.0
0.0
2.3646630599053973e-5
3.816523425653112e-5
8.039654116470302e-5
8.342942278195473e-5
0.00013113164984648765
0.0015563625869150753
0.0014726154251420661
0.000817652621626927
0.000630535526628835
0.0005211681236493657
0.00043801847119956996
0.0004778092458554699
0.00036840224408539457
0.00033378301974034465
0.0003053554445015474
0.0002739537764094501
0.00047957479638795154
0.0006326660707847059
0.0006744368441268953
0.0006937575283991226
0.000658364699826721
0.0
0.0
0.0
0.0
0.0
0.0
0.0
2.693782517203889e-6
0.0013739153383385374
0.001153703690361579
0.0005323675162831607
0.00033438786978439046
0.000191989096900685
0.00013384790785123303
0.00015798688583990763
0.00012762429311323804
0.0001487378875258608
0.0001477078654280294
0.00014779306267525793
0.00036653482194090093
0.0005200433329608232
0.0005750205495814393
0.0006517203982883537
0.0006771758063166316
0.0
0.0
0.0
0.0
0.0
0.0
0.0
0.0
0.0012148839432327887
0.001072323794281648
0.0008049958302820734
0.0007010263768141768
0.0005992978466293198
0.0005249598078196703
0.0005835246058410568
0.0005906443550352965
0.0005798793049016845
0.0006291137805427562
0.0006965642207425973
0.0007948659099937149
0.0
0.0
0.0
0.0
0.0
3.151160210883863e-6
3.0298312750135516e-5
5.587610609433249e-5
9.415615260502932e-5
8.221142427977344e-5
0.00015202539923500378
0.00012332140440924822
0.0001896377031251995
0.0001378000275663187
0.00014437267575628457
4.7028222897511366e-5
6.043302560928366e-5
1.711561704355748e-5
6.728997033306069e-6
0.0
0.0
3.489897502896877e-6
1.0390465115163519e-5
1.705796271291302e-5
3.311424921610689e-5
2.9928614765684298e-5
8.462886804437744e-5
8.531355259528722e-5
0.00015546202418569976
0.0001547909311080952
0.0002365566613905913
0.000210553552424089
0.00030982259791000153
0.0002742197941834645
0.00039841801519879507
0.00028892978629761144
0.0018960435593215167
0.0016249670218491095
0.000916561795668516
0.0005962346456454891
0.0003341687905614901
0.00014706108613538803
0.00014560412807885064
0.0001361497082968089
0.0001785060929444177
0.00018740325450390373
0.0001803811807259511
0.0004022129095419934
0.0005656898789874439
0.0005697824697145987
0.0006105312818079602
0.0006415949828824425
0.0
0.0
0.0
0.0
0.0
0.0
0.0
0.0
0.0011268999161823318
0.0010142742835561364
0.0004409170264605693
0.0003045191754483099
0.00022480402885865312
0.0001621680289961911
0.0001889804529338664
9.292092315316388e-5
7.548226291381034e-5
7.208076108434583e-5
7.710612960194027e-5
0.0002965801050084275
0.0004262849660278171
0.0004959345018068196
0.0005668037158300804
0.0006118691020588905
0.0
0.0
0.0
0.0
0.0
0.0
0.0
0.0
0.0012947088795024076
0.0011402186014254823
0.0005105751623300145
0.0002968510117947077
0.0001455217009646022
0.0001242360404782039
0.00021303001931024704
0.0001380150212805013
0.00013197285917411516
0.000113692824700203
0.00013759341856098972
0.0003695137840237809
0.0005107485702460721
0.0005440135257092962
0.0006171101199426484
0.0006779016443851748
0.0
0.0
0.0
0.0
0.0
4.292448487667391e-6
8.230225596238709e-6
1.34449084192933e-5
0.0013548251765165057
0.0012391998943039866
0.0005907987998066662
0.00029686538823729707
0.00014117735414723916
0.00010617448033796683
0.00012293654203591724
3.680072800773665e-5
2.633864440395284e-5
2.636321609367617e-5
2.852137178900255e-5
0.00023136193883256637
0.00040239421382266637
0.00046961625081652105
0.0005601704240285078
0.0006141838403040593
0.0
0.0
0.0
0.0
0.0
0.0
0.0
6.288402781912921e-6
0.0013682893837715353
0.0012368530276328582
0.000630137566792352
0.00047095890937458106
0.0003764886477092508
0.00030179316361921157
0.000322789141937297
0.00023364247992063792
0.00021330494236584518
0.00017159673355324613
0.00013756608169356098
0.00035226598717404817
0.0004974485485263512
0.0005452513391064185
0.0005573141086426819
0.000516146081465522
0.0
0.0
0.0
0.0
0.0
0.0
0.0
0.0
0.000886052058576885
0.0008448891714408271
0.0006667444814471132
0.0005591971546913509
0.00045746659015497476
0.0003293640654050042
0.00034284807455218065
0.00031491933951488163
0.0002852136034193396
0.0002969494825133711
0.0003255894285319174
0.0004029834768389995
0.0
0.0
0.0
0.0
0.0
0.0
0.0
0.0
0.0
0.0
3.110288907666024e-6
6.415532894319359e-6
3.873044264108316e-6
4.810378118452173e-5
1.0058065536852007e-5
0.0
7.665630092732839e-7
0.0
0.0
0.0
0.0
0.0
0.0
0.0
9.446273875172472e-6
1.5538516334300012e-5
2.3564084462181227e-5
3.836497062241785e-5
4.833290928188859e-5
3.836463635264973e-5
3.854066555138278e-5
4.562223571803245e-5
6.174184686306031e-5
3.3003494409975704e-5
4.855930314320694e-5
3.3860456690190985e-5
6.184125806596503e-5
7.633696977579594e-5
9.155774180652658e-5
5.8788388714560316e-5
2.363036748365417e-5
1.8214715537616538e-6
0.0
0.0
0.0
1.5679273905293074e-6
1.910118680301843e-5
1.8949661406745885e-5
3.3109430691662867e-5
4.0176442069298224e-5
6.286246567129534e-5
7.83569918889992e-5
0.00010395883325794437
0.00011513046943930982
0.00013671177789899397
0.00013660106260061464
0.0001562860361365893
0.00013871533916597336
0.00014600992702539946
0.00012986081008154184
0.0016742643403602378
0.0013978986072501638
0.0007851597596084783
0.0006154804324777582
0.0005001504345060001
0.0003949270470569505
0.0004073539459245114
0.00027228447286811226
0.00022721587012826638
0.0002192874227985163
0.00021680300231240003
0.0004510345881402752
0.000614699468515148
0.0005979865637948398
0.0005752098781419569
0.0006098584400177696
0.0
0.0
0.0
0.0
0.0
0.0
0.0
0.0
0.0011586220914394012
0.0009916895026303993
0.0003960954531895467
0.00015885432007517157
7.42771997143782e-5
2.3748559638473906e-5
2.4393211543354165e-5
0.0
0.0
0.0
4.326653018136607e-6
0.0001946675699182082
0.0003295698915729694
0.0004059457212080458
0.00047375894897372817
0.000512835330132834
0.0
0.0
0.0
0.0
0.0
0.0
0.0
0.0
0.001088699198510006
0.0008975608282141592
0.0003533577692031519
0.0002373010252720242
0.00011554214374746598
1.758025328309871e-5
3.092520383665991e-5
0.0
0.0
0.0
0.0
0.00010783281764521192
0.00023954766479089375
0.0002893825389876087
0.00036062948149806864
0.00039882780642575466
0.0
0.0
0.0
0.0
0.0
0.0
9.552157705853558e-6
5.371643058937898e-5
0.0013289271091933429
0.001292187960537451
0.0007176294467192693
0.0005161974638224422
0.00032441904662759946
0.00025015413461150927
0.0002754013473511659
0.0001682548199195053
0.0001412532545693599
0.00012743125552963774
0.00011846655688006008
0.0003512851368428571
0.0005253485550707148
0.0005791758781191455
0.0006763386616394727
0.0006896868768624249
0.0
0.0
0.0
0.0
0.0
0.0
3.5115529693082047e-6
2.940636939989566e-6
0.0013066327355961904
0.0011294975579721443
0.0008627077091432367
0.0007441736300004961
0.0006838886723387032
0.0005803545497370129
0.0006054847407846133
0.000656145425139931
0.0006614579374575843
0.0006706888172707946
0.0006820741064572434
0.0007033631103327564
0.0
0.0
0.0
0.0
0.0
0.0
0.0
0.0
0.0
0.0
0.0
0.0
0.0
0.0
0.0
0.0
0.0
0.0
0.0
0.0
0.0
0.0
0.0
0.0
0.0
0.0
0.0
0.0
0.0
0.0
