0.0004433462826113674
0.0003199792238098972
0.0004237550915193569
0.0003145270725189195
0.00041557225355333394
0.00032053973843674307
0.00043590014343005405
0.0003205413325003188
0.001483378059855357
0.0011908833066209116
0.0010586276647421955
0.0010068305822662593
0.0009141038439847278
0.000865434848988153
0.0008327056499649242
0.0008102730185956286
0.0007995552363958937
0.0012466086143769809
0.0013256908552521254
6.94119662721987e-5
0.000273224735525996
0.0003420470178261056
0.0004198183500851367
0.0004344899665730262
0.0004948552466078377
0.0004929993867065697
0.0005626037880501546
0.0005705834868240569
0.000616918468476412
0.0005929460924763993
0.0018484960300640097
0.0015507429237369196
0.001323446788104469
0.0010067295746827556
0.0007823344645212551
0.0005615014820722413
0.00041452119440076924
0.0002738991741652801
0.0001624369890207449
0.00011338377249133886
0.0001259678187265492
0.000197406690078534
0.0003435834251991466
0.0004894025044949974
0.0005840402239696443
0.0
2.0466374839278804e-5
6.584794269169607e-5
0.00013712181524520942
0.000193812185482035
0.00023958112404795075
0.0002602927038102621
0.0002808218424032028
0.00027536457784557033
0.0012947694623619019
0.0009803346658958767
0.0007881577258909937
0.0005392731037521895
0.00039964986887689266
0.00018133500248352592
4.83369363171788e-5
2.8843721900219504e-6
0.0
0.0
0.0
3.3869986268964313e-6
5.927104160233278e-5
0.00014372922517388805
0.00023264607088967917
0.0
0.0
0.0
0.0
5.5362063942752405e-6
5.561458582866015e-6
5.250734764401413e-6
7.385202706410378e-6
1.21324050428894e-5
0.001002046095422096
0.0007427160402424964
0.0005855427334197551
0.00039063479969733103
0.00031932379422854425
0.00024210498517219766
0.00019705619991387002
0.00017157350005505322
0.0001430166544140015
0.00011721493689341702
0.0001629561085264536
0.00023620409782085155
0.00032202633667664473
0.00040239805065773234
0.00046125655607860856
0.0
5.348833418362189e-6
1.364964166846563e-5
4.116205050897422e-5
0.00010067549439727017
0.00019985597654263658
0.00021526769886230006
0.00027913894802867597
0.0002652929380005011
0.0013827821034070285
0.0010774815115361706
0.0008928352065582239
0.0006014320428561206
0.0003389857724042993
0.00012814131071602915
3.699897230595636e-5
3.025816530761611e-7
0.0
0.0
0.0
1.0194610826907918e-5
0.00011069796261138194
0.00022245389629784945
0.00032137059466067966
0.0
0.0
0.0
0.0
3.910092307033596e-6
8.026190259721303e-6
1.2418715833924358e-5
1.0547869219237551e-5
2.505516128520845e-5
0.0010120642872259694
0.0007526943023483249
0.0006453534729842238
0.00048273789461371976
0.0003182730659978468
0.0002067922370727302
0.00017432046522044336
0.0001433310088197169
0.00012532221060733938
0.00010777170815334644
9.473822643868706e-5
0.00012400729735904465
0.0002451859178260784
0.0003064679389395533
0.00032634358541548127
0.00036845905659548987
0.0
0.0
0.0
0.0
0.0
0.0
0.0
0.0
0.0
0.0
0.0007743469313107998
0.0005852298566541262
0.00046644786668104034
0.00042668350632099947
0.0002981339400858206
0.00023211970961800556
0.000210274649127535
0.00019501655666850717
0.00020580567502346463
0.00048804653365662644
0.0005907333639993181
0.0
0.0
0.0
0.0
1.0814495722293477e-5
1.0307723239601183e-5
2.487791494209995e-5
1.9665961100817617e-5
2.381521610584768e-5
1.825450293835312e-5
1.1960519874364902e-5
0.0009350527392493404
0.000638870918813047
0.0004965669472071044
0.00034466215653740785
0.0003053051181671617
0.00026484232255658577
0.00025689592410509083
0.00024288933146773757
0.00023147545758517947
0.00022126499216528134
0.00023793872492741653
0.00027836140581333517
0.0003491737380643722
0.00041978447742812186
0.00046999564165892734
0.0
0.0
1.2444459105636219e-5
1.2225365554052964e-5
2.9371803241518736e-5
4.336620670774306e-5
0.00010448793238073641
0.00013267998033926947
0.00014350001328257477
0.0011387839851000228
0.0008523683548438673
0.0007041397342175285
0.0005075913878301365
0.00045061171072227174
0.0003735272517844021
0.0002794604115080825
0.00016029853001003747
4.6523230962677655e-5
2.7399957305590773e-6
1.5225244180821051e-5
7.401415590108509e-5
0.0001810877681066528
0.0003278599832619663
0.0004582490569590477
0.0
9.557867514470562e-6
4.485016855721732e-5
0.00015536407177897291
0.0002461436097155134
0.0002933710649969931
0.0003389475227355662
0.0003756949554759174
0.000420122353430473
0.0015881918355003064
0.0013043883548744157
0.0011398362767362645
0.0008879547471344982
0.0007331301266822715
0.0005689372398894832
0.0004368378407367977
0.00034961698495056433
0.000309901664499788
0.0002742202557288071
0.00030181891607098977
0.0003995887934564017
0.0005184686186000065
0.0006432440816388563
0.0007365389451339389
1.0691673585967854e-5
0.00014229425864858123
0.00021439589829813112
0.0002924008681741111
0.00030852764362984697
0.00039667853930173914
0.00040209922651692756
0.0005029500753794561
0.00047342640663930945
0.0017136210830629214
0.0014150246537854416
0.0011767268726236852
0.0008584406153530439
0.0006470180341640559
0.00044532684736791695
0.0003563945659803373
0.0003111691953907093
0.00029080381644174517
0.00027978868769507374
0.0003118129746119848
0.0003693406600267044
0.0004360875878669112
0.0005617541161141637
0.0006900418968079978
1.0316795915529988e-5
7.91863578917167e-5
0.00018603848341365833
0.0002418701306316782
0.00026759900262049907
0.00029870240685141077
0.0003071812501140088
0.00033098014587128476
0.0003210858702871998
0.0014125049760189152
0.0011133491498232242
0.0009658253473263228
0.0007794882745600001
0.0006993813550750941
0.0006011364213241503
0.0005658040164965795
0.0005556367072629326
0.000516425363099047
0.00046340168236382696
0.0004741774122486016
0.0005081882198994312
0.000559153580177587
0.0006067373638989084
0.0006197339386279584
3.0546323858207427e-6
3.3761630895087485e-5
0.00014182269247654401
0.0002365691171193414
0.00029968094835908807
0.0003443762007586742
0.0003894503380521765
0.0004239095582364092
0.0004629243249512703
0.0016045630009146495
0.0013277930300974435
0.001220619602520645
0.0011281446376993085
0.0010295891776831681
0.0009202906701681569
0.0008994777395756379
0.0008771361913690978
0.0008615271111301216
0.0008609222132254635
0.0008771016872182589
0.0009438414364572893
0.0011137348753096682
0.0012079999615097902
0.0012469538272006006
0.0013367299510304396
0.00029399654183566567
0.0005104490771722187
0.000548769428998299
0.0006239514940730723
0.0006141597688339337
0.0006779238664856762
0.000654131511519274
0.0007119076112599269
0.0006919391299538178
0.0007632424350186513
0.001901712866565446
0.0015400723022169628
0.0012746630493397507
0.0010733990928422402
0.000847952599384968
0.0007348655153096884
0.0006616380678207344
0.0006153649089361597
0.0006169773818124127
0.0011040747277169752
0.0012949693747576958
7.122667090905907e-5
0.00028076296188208006
0.00037190868304388285
0.00047598209480578834
0.0005008610255609349
0.0005681131946784665
0.0005677879983141234
0.0006423294644376891
0.000628792553458613
0.0006928722180797306
0.0006807579496057119
0.0007627456618285501
0.000743039340584763
0.001898539789580364
0.0014522329087832788
0.0010980354133452092
0.0008597409139793637
0.0006162566611001518
0.0004912781044710775
0.00042077570704713256
0.0003903781392852965
0.0003916410132366444
0.0008119135283186862
0.000985949833489113
9.464175459539328e-6
7.228933189265644e-5
0.00019352161867374493
0.0002626899854715548
0.00032300494489250105
0.0003690365408279025
0.00041881305705706955
0.0004509488809736574
0.00047807044857915297
0.00048653640899799664
0.0004944057293068786
0.0016503685078875026
0.0013588619551353107
0.0011317907050991587
0.0008625492052216126
0.0007288036669766752
0.0005817695340961425
0.0005196686224805693
0.0004824353596186241
0.00044764875987927515
0.00041656859227936707
0.00043805228562860353
0.0005220513426553397
0.0006401507766975843
0.0007208676856312784
0.0007505240851604109
9.355009032832224e-6
0.00010096727641905968
0.00017670312515757395
0.00023960915658106238
0.00024432638109073704
0.00029650456215533347
0.0002744099434400169
0.00030981295232750615
0.00028904761285968944
0.001389082830493827
0.0010568946874690923
0.0009101637079823405
0.000761800121920049
0.0006899719143820339
0.0005939216228723933
0.0005448398339666192
0.00048724973588661904
0.0004642011555477762
0.0004475354570386101
0.00046914025007431255
0.0004966137775812569
0.000531304149462862
0.0005728570451492565
0.0005962237455474111
0.0
1.97969299003268e-5
8.834493278718582e-5
0.00016427714584748472
0.00019251316494128823
0.00021165228117464945
0.00022509477173329403
0.00024217688765366979
0.00025890752341686807
0.0013222365506038154
0.0010129039701898795
0.0008531998347045442
0.0006726360011092053
0.00058843387575816
0.00044124099867191374
0.00029788462496837983
0.00016488785645328412
7.181938936380313e-5
2.3073467958762016e-5
1.300780398180764e-5
4.407105179776103e-5
0.00015298564509974566
0.0002898976469918209
0.0003783993622096397
0.0
3.4859900381116375e-6
2.5234512987746024e-5
6.591144219189496e-5
0.00013279587993060554
0.00018309387870643515
0.00022145204236142241
0.0002647378677162377
0.00027101428914650316
0.0013415983476742373
0.0010340342771918715
0.0008560662430983385
0.0006098803024984562
0.00046772289815949877
0.00030295369814785144
0.00015492537321973012
4.2452625732633446e-5
2.2675570032154865e-6
0.0
2.884149427840967e-7
1.0337494110827689e-5
5.7465879870898484e-5
0.0001334254667942199
0.00019768018267420523
0.0
0.0
0.0
0.0
0.0
0.0
0.0
0.0
0.0
0.000737223402633033
0.0006256400250576352
0.0005951725708495016
0.00040165687010019206
0.00020315555857947066
6.229908437606311e-5
1.1268632413670212e-5
7.762589884621653e-7
5.594380978019302e-7
2.106310786310382e-8
2.041650403573744e-6
4.467622490061798e-5
0.00021230730126330072
0.0004035325116725962
0.0005494083674858727
0.0006935870658532103
3.6583173632364545e-6
3.304821885724909e-5
0.00011181280484323358
0.00019615112537163228
0.00025473790080255575
0.00027391277092520433
0.00036067042283330635
0.0003645030400409248
0.00040673107980944786
0.00038489087961835736
0.0014050451496441878
0.0009432458552048666
0.0005779284417145195
0.00031707764495377623
9.590113550312813e-5
1.4974062052428904e-5
0.0
0.0
0.0
4.463205253157519e-5
0.00029761487712030057
0.0
0.0
0.0
0.0
0.0
6.467908626186577e-6
1.5403990089900522e-5
4.372843110299865e-5
9.34164231290507e-5
0.00014541709513123688
0.0002114603176823302
0.0013034207396426555
0.0010348456173449045
0.0007925900217430191
0.0003739106238432651
0.00012980666261117014
6.139228956392117e-6
0.0
0.0
0.0
0.0
0.0
0.0
0.0
1.2210450079731294e-5
6.175586576267971e-5
0.0
0.0
0.0
0.0
0.0
0.0
0.0
0.0
0.0
0.000819456142932902
0.0005642849421577295
0.0004106691946926655
0.0001501475464862662
1.4149658432077672e-5
0.0
0.0
0.0
0.0
0.0
0.0
0.0
0.0
0.0
3.736000085311228e-6
0.0
0.0
0.0
0.0
0.0
0.0
0.0
0.0
0.0
0.0006763980604750432
0.0004340481271831931
0.0002820531006832693
0.00012145113060374794
8.654552718589221e-5
5.005542226289263e-5
1.8287386866150242e-5
2.367566513734466e-6
5.523597177303204e-8
0.0
0.0
0.0
0.0
0.0
0.0
0.0
0.0
0.0
0.0
0.0
0.0
0.0
0.0
0.0
0.0006847028168048144
0.0005669244635557945
0.0005161731468690911
0.00039289791765330297
0.0003465190501843599
0.0002864101370764073
0.00026766929886761924
0.00026248138606862435
0.00023866428745180244
0.00016597432994588314
0.00016057509287660852
0.00024874875360043734
0.0003857847958696257
0.0004905350989133326
0.000546097534875854
0.0
1.2281144160257521e-5
3.475879461488186e-5
0.00011246813970821591
0.00017450306938578022
0.0002137679597273742
0.0002241691957494528
0.00024679772700987135
0.00024946031849958306
0.001354152527163316
0.0010676511018696817
0.0008479895839092067
0.0005356347661818403
0.0003186942130651669
0.00010576945139136755
5.7043636401505425e-6
0.0
0.0
0.0
0.0
0.0
7.446199948921093e-6
7.493859283891811e-5
0.0001703907591111722
0.0
0.0
0.0
0.0
6.605853317200666e-6
1.2336264512336261e-5
3.6334468548125755e-5
9.941257829498051e-5
0.00011704663209613652
0.0011637328232536894
0.0008957227344841858
0.0007770014951721422
0.0005785787970065139
0.0003416732423473328
0.00017800011764643032
9.17421741191183e-5
3.596433575189043e-5
1.5389916696185694e-5
1.9884230000653825e-5
3.3231190918963555e-5
8.047942362595406e-5
0.0002193457416229352
0.00035551412216220236
0.00043580734465002035
0.0005474349579133099
0.0
7.267668402646351e-6
2.4511585236152677e-5
6.306772926092786e-5
0.00015844946032352722
0.00018179208199620598
0.0002291559836968366
0.00021225158175468847
0.000274233428360286
0.0002692103479282481
0.001343208031902111
0.0009944814476971868
0.0007496824585697422
0.0005990249287481739
0.00042753067723948896
0.0003451111622035806
0.0002931469520138998
0.0002955485214859046
0.0003295900754448419
0.0007393580150621846
0.0009429242524548046
6.712314748817153e-6
6.534595232116002e-5
0.00021646499836555473
0.0002789076330272163
0.00035615003197520044
0.0003797327776723595
0.0004483534878833438
0.00044030250995658895
0.00047955375208206516
0.00047379856741040495
0.0005340234373585604
0.001694906126549168
0.0013906025278531756
0.0011559190596115141
0.0008383639048793863
0.000619617758400089
0.00045233516397776095
0.0003414412688914687
0.00022991309780335268
0.0001471978594169164
9.745176547589847e-5
0.00011806173037918643
0.00018949338273534228
0.00031819053796647463
0.00044094378168982367
0.0005245002060694202
0.0
1.583673194460901e-5
0.00010718328968009085
0.000177870812699885
0.00024318259833964296
0.00028554173123446615
0.0003478470356321199
0.0003318830478529209
0.00040258347936753593
0.0015040231811706579
0.0012454244292703514
0.001059489291769853
0.0006738138131968017
0.00040600990538913333
0.00017671362314541342
6.699829572083576e-5
2.4589623653016617e-5
1.5135864324372726e-6
0.0
0.0
1.0375235044192285e-5
0.00010349635686518173
0.0002444116749695408
0.00033852494999275274
0.0
0.0
0.0
7.1556489872899085e-6
1.4443861788217726e-5
2.7216971794398172e-5
4.469413060834944e-5
7.840682966758486e-5
0.00011421671022614534
0.001102636361493288
0.0008061644573823055
0.0006526810441546044
0.00042943265313655834
0.00032496027747291347
0.00023295172299005434
0.0001840649259430542
0.00018917951597719967
0.00021383169145830993
0.0002153967525362357
0.00022425905859930746
0.0002485022160390231
0.0003200407868317428
0.0004132850439308075
0.000494185909680674
0.0
9.39468890027379e-6
4.6305219051094136e-5
0.00016014767154300992
0.00025549037445396765
0.0003378808336871916
0.0004072817928017318
0.0004909050595470042
0.0005510447506995192
0.0018402442560506646
0.0015771660503916432
0.0013688500780349175
0.0011004324666889008
0.0009411575588960533
0.0007693840703393392
0.0006555757972080014
0.0005490082900351312
0.0004682390452226995
0.00042014316222269344
0.0004287154080282664
0.0004924790242410728
0.0006266642827742212
0.0007277000667368406
0.0007966516664623928
3.106394363155988e-5
0.0001936297270578929
0.0003319494873504949
0.0003819665035116637
0.00046097985810101443
0.0004647498988770839
0.0005376152665411177
0.0005134057804013963
0.0005849718006083878
0.0017530925482989459
0.0014571284461041877
0.0012382032277577716
0.0009506890789460421
0.000761503011547797
0.0005545860970425472
0.00041380221518794386
0.00035845408641432136
0.00033122426422130155
0.00027258822934495865
0.0002709889021396042
0.00032778033924239823
0.0004073584508214715
0.00048270426752907754
0.0005302460637667945
0.0
8.53749807128199e-6
3.4152262390650136e-5
9.051687278700162e-5
0.00016774781433563402
0.00019205893585523204
0.00021616262590424398
0.00023130524897036313
0.0002549214430420313
0.0013287209046633423
0.0010536436682162793
0.0009322420218629735
0.0007713927925720329
0.0006756671457362295
0.0006126845661381091
0.0005835891548176755
0.0005502498048902969
0.0005191532317001648
0.000497853509340663
0.0005030364678633973
0.000556530319861035
0.000729000557630614
0.0008290640014812371
0.0008774331658600246
0.0009599104261455285
6.159361635798272e-5
0.00022494586798537815
0.0002554690196714783
0.00031321703696343076
0.00031967453843890613
0.00036482536595078415
0.0003524616829903284
0.0003946701832707578
0.00036774919899435767
0.0003968050971962289
0.0014478853514221003
0.00114972186438885
0.0009848637271225897
0.0009078204510105435
0.0007735583266300955
0.0007410794376467555
0.0007464307928792406
0.0007411434265045983
0.0007362657309255182
0.0010973713087734356
0.0011376924209876567
1.558716928282174e-5
8.740083283558261e-5
0.0001540028514382827
0.0001967210538628633
0.0001972296917111413
0.00021287746592921634
0.00020410593167271098
0.0002120219661941589
0.00015700969615522925
0.00011272740181626229
9.40027050302281e-5
0.0010416713911054743
0.0007463614636696256
0.0005936537255985551
0.0003631614619928729
0.00021761592320549634
9.397393403911541e-5
2.018538798795536e-5
0.0
0.0
0.0
0.0
0.0
3.949673749869324e-6
9.261756500067449e-5
0.00023480678270129508
0.0
0.0
0.0
9.548731724593266e-6
1.680949980547136e-5
4.1618178991031015e-5
9.924297335066917e-5
0.00017700597135479807
0.00021401692897908312
0.0013255122749919331
0.001046796438455498
0.0007858069154889223
0.0004024259784297314
0.0001632449725044835
1.3240629100839128e-5
0.0
0.0
0.0
0.0
0.0
0.0
0.0
1.3224638011822295e-6
3.5871575779686546e-5
0.0
0.0
0.0
0.0
2.3095806617564634e-6
1.3436535069647304e-5
1.2899102475674367e-5
1.2980145167018393e-5
1.1502321542274365e-5
0.000993158074511467
0.0007552185798979941
0.0006223339637000509
0.0004539045666334993
0.000378583760100908
0.0002893261011738848
0.0002750111443558253
0.0002576967160465743
0.00021469188017751638
0.00016810390891169806
0.00016842999281834899
0.00020641680775492337
0.00027461108215706936
0.00032990905855084844
0.00036331204469167773
0.0
0.0
0.0
0.0
1.067471669347027e-5
1.0494502455718628e-5
1.5632717257708477e-5
2.639311535366259e-5
3.148989003653619e-5
0.001006337288377578
0.0007164647575543682
0.0005704959911131643
0.000366481326089216
0.000272799824299466
0.0002834039638011619
0.0004472473260802472
0.000550389635401504
0.0005718248428428887
0.000605478992056372
0.0006631820287781104
0.0007086791570885741
0.0007849342702112533
0.0008544742023364822
0.0009028034863165712
5.0457664201467604e-5
0.00024128719466178102
0.00035603340651260283
0.00045143904712688734
0.0004970462103475465
0.0005460246397828405
0.0005776326983207258
0.0006155109799744046
0.0006426218611761186
0.0019176164985405609
0.0016575528216258122
0.0014421656881624938
0.0011823966757561401
0.001015145040861596
0.0008583152677575248
0.0007607520401399269
0.0006684904715479916
0.0006143647297909892
0.000563603236794686
0.0005806580984953922
0.0006749316161163481
0.0008202516827992566
0.0009533975824555065
0.0010473443697321231
0.00015130360210953686
0.00041593039050891113
0.0005237637585573204
0.0005975184963025194
0.0006390427895861621
0.0006954647629002667
0.0007342475248849906
0.0007729861456208843
0.0007918981477733989
0.0020278367896871393
0.0018165946983377402
0.0015932001823602887
0.0012839932511922517
0.0009941209791906136
0.0007696113699089792
0.0006223266168648525
0.00047846686909676454
0.00034735144023423245
0.0002685847875888064
0.00023126055942035743
0.00029099664051579195
0.0005322947112297804
0.0006817001348477049
0.0007746943733892702
0.0008842074623207984
3.736158363946233e-5
0.00018863895726386977
0.00028614203028034396
0.000360853077530474
0.0004090603109629403
0.00043871352621643287
0.00047351583380618434
0.0005136449812956025
0.0005386456709619216
0.0005489795140062415
0.0016059562343563889
0.0011376214983307078
0.0007988972432484928
0.0005838702835740884
0.00035638902165251656
0.0002095465655577879
0.00010032250702039808
5.072315763914237e-5
4.096691236979376e-5
0.00031658718885876127
0.0005807298875883661
0.0
0.0
1.8553851855301515e-5
8.459906540674474e-5
0.00017491098173525618
0.000202638607782852
0.0002262923363745997
0.0002521645919710078
0.00030229049267292013
0.00032453790393027434
0.0003467774818294987
0.0014143469914310398
0.0011030725289932395
0.0009214551637290191
0.000685287910545509
0.0005511180731562477
0.0003267580080518598
0.00017276468674739108
4.292925078798323e-5
3.5914219052449465e-6
1.1384164442939904e-6
4.8261629084143e-6
5.778483079367503e-5
0.00013570188770141355
0.00020690904987284673
0.00024413701213061822
0.0
0.0
0.0
3.4888702353787494e-6
3.806122515258407e-5
0.00017229490279296888
0.00021693137404042874
0.00028511343591588014
0.0002953241717118849
0.0014351937282805155
0.001174926448451663
0.0010676854257697828
0.000916314660571505
0.0008629219451059758
0.0008202260583851893
0.0007946571470634714
0.0007759856567056139
0.0007715782594888306
0.0007508637702947393
0.0007677899794949467
0.0008071576941009841
0.0008892915961426816
0.0009630772129961046
0.0009849011189826836
7.785647203115705e-5
0.0003050298597305022
0.0004223997677349164
0.0005012472860993554
0.0005477182298047764
0.0006134817744792415
0.0006551139131658275
0.0007065426997854184
0.0007148888362924624
0.001977141459187704
0.001697549842551367
0.0014466870415903515
0.001137949831520069
0.0009414702423158056
0.0007354736965508616
0.0005873413407567772
0.000450082543855568
0.00032393765356750177
0.00022740399058714225
0.00021853972549126598
0.00028043096991086313
0.00040406177482708725
0.000570915203335172
0.000687898971584566
1.3247921055079969e-5
0.00012229297465075534
0.00022089254006585666
0.0002933509191269304
0.00029672815718716157
0.00037660087919940853
0.0003794911577208163
0.0004178908141712722
0.0003882250827379191
0.0015626768382526743
0.001234959378016568
0.0010039313454372457
0.0006894942627139993
0.00043763343729740146
0.00021071465504383813
8.822418425072552e-5
3.710082467999029e-5
4.815539832725271e-6
0.0
9.961193574959277e-7
4.530331957439522e-5
0.00014520491228201562
0.00023879816059909639
0.00031686115272537856
0.0
0.0
0.0
0.0
1.059328691905903e-5
1.0088344033735511e-5
1.63465950511284e-5
3.493800883386527e-5
8.034565879856928e-5
0.0010982727274609664
0.0008431848342630917
0.0006351038749750985
0.00031204149757573473
0.00012967109002294614
8.57324478135187e-6
0.0
0.0
0.0
0.0
0.0
0.0
0.0
3.2408542774412773e-7
4.009970823024969e-5
0.0
0.0
0.0
0.0
0.0
0.0
0.0
0.0
0.0
0.0008600158983424655
0.000613044568303671
0.0004704493791380568
0.0002015947877772244
6.610266126407336e-6
0.0
0.0
0.0
0.0
0.0
0.0
0.0
0.0
1.6839143179342693e-5
9.884526457949435e-5
0.0002415800424892362
0.0
0.0
0.0
0.0
0.0
0.0
2.129185544700389e-6
1.2692348276437239e-5
2.732970405674491e-5
1.5542250691130687e-5
0.0008280532459314534
0.00039392550245957486
8.095457891370698e-5
0.0
0.0
0.0
0.0
0.0
0.0
0.0
0.0
0.0
0.0
0.0
0.0
0.0
0.0
0.0
0.0
0.0
0.0
2.6349251706374838e-6
9.936578885469202e-6
8.01795171950144e-6
0.0008362193717269375
0.0004902444194868464
0.00022183834187713915
4.8967071158442e-5
0.0
0.0
0.0
0.0
0.0
0.0
4.919471522267585e-6
0.0
0.0
0.0
0.0
0.0
0.0
0.0
0.0
0.0
0.0
0.0
0.0006008123360438421
0.00039008006464862777
0.0002688939461052425
0.00010007928154318101
1.7347094919363756e-5
0.0
0.0
0.0
0.0
0.0
0.0
0.0
0.0
0.0
0.0
0.0
0.0
0.0
0.0
0.0
0.0
0.0
0.0
0.0
0.0003719009037609743
0.000231240463928065
0.00014393443982230251
2.170167700613172e-5
3.975371365763977e-6
2.966805736114219e-7
0.0
0.0
0.0
0.0
0.0
0.0
0.0
1.5141572413840304e-5
3.377862059013814e-5
0.0
0.0
0.0
0.0
0.0
0.0
0.0
0.0
0.0
0.0001675345917323708
0.00011407941063557503
0.00013360972707868564
4.6546675482865475e-5
4.034719884047925e-6
0.0
0.0
0.0
0.0
0.0
0.0
0.0
0.0
1.1620384854222823e-5
7.15752763442782e-5
0.0
0.0
0.0
0.0
4.361056283467328e-6
1.2015985237139937e-5
3.978473305331829e-5
9.447396642445807e-5
0.00016421580929451473
0.0012485922418554677
0.000964264474073871
0.0007537048229559079
0.0004852320179096275
0.0003118889872724591
0.00014249325888320577
6.340921494606609e-5
1.5357761921137905e-5
3.9702701512589353e-7
0.0
5.99396877840198e-7
3.331674275660086e-5
0.00014813884415818375
0.000292164377665571
0.0003896158005264133
0.0
2.731382481408116e-6
1.7624009244061323e-5
6.41481657095441e-5
0.00012921029598933622
0.00022282486294632247
0.00024313586748854726
0.0002949167280143271
0.0003130293762256883
0.0014713414985528081
0.0011864987789090566
0.0009419644696568116
0.0006090295439740435
0.0003310757245182518
0.00011276220127019016
1.3281376622671906e-5
0.0
0.0
0.0
0.0
0.0
3.639132280445938e-5
0.00020392335631668005
0.0003421870811226671
0.00045233165355612804
0.0
0.0
1.2564392112269282e-5
1.5503206979382615e-5
4.2149393352055225e-5
8.41025148186016e-5
0.00014670298388193257
0.00016676389072579987
0.00016319076078558954
0.00013994381657425663
0.0010695552041092148
0.0006490790315756662
0.00028822811119974783
4.882682927499572e-5
0.0
0.0
0.0
0.0
0.0
0.0
3.889785448412399e-7
0.0
0.0
0.0
0.0
0.0
0.0
0.0
0.0
0.0
0.0
4.341952416729309e-6
0.0008834246974558763
0.0006009749178956049
0.00048454443791313783
0.00033606521730512515
0.00027892139571025564
0.00019940458032031188
0.00016996254051469508
0.0001557820627637172
0.0001451311862639132
0.00011185431098033799
9.908595528456324e-5
0.00010986456981278981
8.272828320935791e-5
3.3810286947310785e-5
1.6830428425917308e-5
0.0
0.0
0.0
0.0
0.0
0.0
0.0
0.0
0.0
0.00039986444274444716
0.00027475751153994326
0.00016485363947114202
2.8249509120641316e-5
5.646682980402443e-7
0.0
0.0
0.0
0.0
0.0
0.0
0.0
0.0
8.88264018885372e-7
4.43220690521899e-5
0.0
0.0
0.0
0.0
0.0
0.0
6.205822177033339e-6
1.4760462232130312e-5
4.122679145916882e-5
0.0010845579921963736
0.0006982462719640943
0.00047810774553800386
0.0001909024201612108
3.96296081283583e-5
0.0
0.0
0.0
0.0
0.0
0.0
0.0
1.3251105045708011e-6
3.897137333712638e-5
0.00010542948070597714
0.0
0.0
0.0
0.0
0.0
0.0
0.0
1.9391831141618857e-6
7.1822319100751635e-6
0.0008976922276858045
0.0006278370520007929
0.00044776438071361554
0.00022172093763891818
9.253803379958101e-5
5.437545394987176e-6
0.0
0.0
0.0
0.0
0.0
4.9323560129282665e-6
6.0318826107391994e-5
0.00014196561906377778
0.00020973663225772835
0.0
0.0
0.0
0.0
0.0
8.466829976133487e-6
1.2047115006353545e-5
2.0442299765035804e-5
3.4225557917610255e-5
0.0010807593194379443
0.0007907664079284334
0.0005987458346682514
0.0003626557663912528
0.00021858624527953198
8.140783301273841e-5
1.436492221164188e-5
0.0
0.0
0.0
0.0
0.0
3.1949294645078897e-8
3.4769219100476015e-5
0.0001405652219031024
0.0
0.0
0.0
0.0
1.1179959257199841e-5
1.6240482335362264e-5
2.210391738869605e-5
7.761353638788267e-5
0.0001664020427618713
0.001178744919827879
0.0008798985571883338
0.0006261606697618941
0.00029653610711286396
4.366988110318598e-5
0.0
0.0
0.0
0.0
0.0
0.0
0.0
0.0
0.0
1.938303408909594e-5
0.0001358027458308653
0.0
0.0
0.0
0.0
0.0
6.9972498785463985e-6
3.4803386629210606e-5
9.624997202903667e-5
0.0001663077588390069
0.00016607069245246875
0.001084903658419926
0.0006408225582561213
0.0003351439815125523
0.00014838695512366606
7.2399855051260575e-6
0.0
0.0
0.0
0.0
0.0
6.231050811320442e-5
0.0
0.0
0.0
0.0
0.0
0.0
0.0
6.647688840189564e-6
1.2354121891301537e-5
3.9056482466626926e-5
0.00010351479870331269
0.0011701010203484762
0.0008786414809942629
0.0006687303838934003
0.00041756242767699176
0.00028345216207813554
0.00013361118994437393
2.5691521000966794e-5
0.0
0.0
0.0
0.0
0.0
4.4243188602477856e-7
3.801730488807741e-5
0.0001202518391757806
0.0
0.0
0.0
0.0
4.522013472165952e-6
1.0889339812613144e-5
3.319359374249504e-5
8.022564075518433e-5
0.00014898798027189613
0.0011930666403622973
0.0008949329999240704
0.0006815532996695804
0.0003861747118005716
0.00019039330118211743
3.340699000270833e-5
0.0
0.0
0.0
0.0
0.0
0.0
0.0
2.002901172231815e-6
4.387194298132456e-5
0.0
0.0
0.0
0.0
0.0
0.0
4.10681630761087e-6
8.599336397628373e-6
1.2389259341552966e-5
0.0009695494474273939
0.0007043870061851537
0.0004868795176638589
0.00024337155688269733
0.00010365026278675497
6.146503182895871e-6
0.0
0.0
0.0
0.0
0.0
0.0
0.0
0.0
1.8426837556700095e-7
0.0
0.0
0.0
0.0
0.0
0.0
0.0
0.0
0.0
0.0006519694387375578
0.00044444190375187727
0.0003207143373124772
0.00016966767742236758
0.00011809181541358342
7.240139735052183e-5
4.98523737969767e-5
3.458041024256419e-5
2.2980110925246873e-5
7.995818182957177e-6
6.389519784941784e-6
8.037997970989746e-6
2.9239227668445944e-5
6.362378208117854e-5
7.22190220111856e-5
0.0
0.0
0.0
0.0
0.0
0.0
0.0
0.0
0.0
0.0006978589450191724
0.0004748266806440534
0.0003373951603991455
0.00015953196706741194
9.069219306624395e-5
3.458661174608761e-5
1.547676792441697e-5
8.066773913605605e-7
0.0
0.0
0.0
0.0
3.3498584430504955e-6
4.4451358269162254e-5
9.37535998971938e-5
0.0
0.0
0.0
0.0
0.0
0.0
0.0
1.1818727829952109e-5
1.727349407538476e-5
0.0010333440519772902
0.0008057379560977718
0.0007129164695551506
0.000518089893466787
0.00035968644946194375
0.0002034431025674825
9.630875284222995e-5
4.922875406470852e-5
4.2686299476760106e-5
4.131139687259058e-5
5.049821414692334e-5
9.414157084564905e-5
0.00021512999346107306
0.0003255741182791314
0.0003928047585258543
0.00046891042591592065
0.0
0.0
2.3830484699067634e-6
1.2396377820635066e-5
2.8891079438452844e-5
7.579108827176458e-5
0.00014801170463924076
0.0001979441202861104
0.00022296512636742102
0.0012588835038212323
0.0009939454696635027
0.0008356412325835111
0.0007513081194835201
0.0006141936823169703
0.0005276367332888804
0.00048012386498366634
0.0004448035306390463
0.00042117484519125175
0.0007470433186253753
0.0008450084030920233
0.0
9.213720950994943e-6
7.983345107672703e-5
0.00015014415977518237
0.00022032366781313682
0.0002568592187384049
0.000338839775623196
0.00032445690710581037
0.00038182967794972157
0.00034243780250398326
0.0003859627919325549
0.0014568599740307747
0.001153200597788
0.0009812622315705539
0.0007666068307530291
0.0006464649748309718
0.0004816395139422572
0.00039181068325609393
0.00030887642634243697
0.0002081222109788425
0.00010300931673733188
7.091335185125651e-5
8.873417223865348e-5
0.0001419491035976339
0.00022743685954026275
0.00030767537885632065
0.0
0.0
4.233068239568462e-6
1.0949742104440897e-5
3.9375647179103285e-5
0.00012036583744536031
0.0001861628735234208
0.0002240778067766851
0.00025886325722500537
0.001350036948496057
0.00107471104259894
0.0009107190762195326
0.0006272297111594267
0.00041590726649610353
0.00020706803009918454
8.41201384724436e-5
1.4235246929941948e-5
0.0
0.0
0.0
0.0
0.0
1.2472246778134498e-5
9.067848327216048e-5
0.0
0.0
0.0
0.0
4.074676972502347e-6
1.1293856097994748e-5
2.8217567796360335e-5
6.308534510390454e-5
0.0001165542751877647
0.001123850249683954
0.0008707291693438217
0.0007235803199638467
0.0004911078724390714
0.00030449951060383136
0.00011227874737712537
1.9211635095326287e-5
0.0
0.0
0.0
0.0
0.0
0.0
0.0
0.0
0.0
0.0
0.0
0.0
0.0
0.0
0.0
4.641467062676535e-6
1.076731458020519e-5
0.0009999138322608929
0.000737420935873149
0.0005620140758850015
0.0002898675200067608
0.00010139152697271463
1.9724674928523044e-6
0.0
0.0
0.0
0.0
0.0
0.0
0.0
0.0
0.0
0.0
0.0
0.0
0.0
0.0
0.0
0.0
0.0
0.0
0.0004444314898810488
0.00029978310292271356
0.00020246251667750602
3.5329845159252384e-5
0.0
0.0
0.0
0.0
0.0
0.0
0.0
0.0
0.0
0.0
0.0
0.0
0.0
0.0
0.0
0.0
0.0
0.0
0.0
0.0
0.0008507690573721814
0.0006835781187553371
0.0006038865555131949
0.00043302139633404887
0.0002566839375288952
9.518338860451322e-5
1.343684444615929e-5
0.0
0.0
0.0
0.0
0.0
0.0
2.7170160277245814e-6
4.0033173014912124e-5
0.00015963259273503615
0.0
0.0
0.0
0.0
0.0
0.0
0.0
0.0
0.0
0.0
0.0008087035080975686
0.000682598931734334
0.0006219937740177172
0.0006006283461046709
0.0005018944663593374
0.0004675323036484236
0.00045440477537185
0.00043220165541821336
0.0003864709042806051
0.0005943608259796414
0.0006070602538241105
0.0
0.0
0.0
0.0
0.0
2.022630297967017e-6
7.616304412704278e-6
9.637008053672352e-6
2.4058905982914225e-5
2.9678761820809615e-5
4.8951038317500004e-5
0.0010538006944938079
0.000763710584391597
0.0006219350865343503
0.0004426858534599789
0.0003666088017218638
0.00025537760620309753
0.00015566243913051492
8.513682858519253e-5
3.2762174154818166e-5
1.9314650980169414e-6
1.3481309502344476e-7
0.0
0.0
1.620316561055444e-5
6.788577752916574e-5
0.0
0.0
0.0
0.0
0.0
0.0
0.0
0.0
7.490174263999411e-6
0.0009145121957146345
0.0006830721484639174
0.0005287062824696878
0.00029773321388648367
0.00013994949515036195
1.3011188653130987e-5
0.0
0.0
0.0
0.0
0.0
0.0
0.0
0.0
0.0
0.0
0.0
0.0
0.0
0.0
0.0
0.0
0.0
0.0
0.0008245783655843984
0.0006148177767711388
0.0004506573790183774
0.0001691081965412057
2.6547719261554188e-5
0.0
0.0
0.0
0.0
0.0
0.0
0.0
0.0
0.0
0.0
0.0
0.0
0.0
0.0
0.0
0.0
0.0
0.0
0.0
0.0008270571691082015
0.000629244491819695
0.0004045330545545119
0.0001499902099309721
3.1715522933905966e-5
0.0
0.0
0.0
0.0
0.0
0.0
0.0
0.0
0.0
0.0
0.0
0.0
0.0
0.0
0.0
0.0
0.0
0.0
0.0
0.0007331531878384116
0.0005575378036288379
0.0004334367712181283
0.0002283895309074397
7.460234647270276e-5
8.78104882250987e-8
0.0
0.0
0.0
0.0
0.0
0.0
0.0
0.0
0.0
0.0
0.0
0.0
0.0
0.0
0.0
0.0
0.0
0.0
0.0005330212002737704
0.0004015216415289743
0.0003182978509364696
0.00021563414183349723
0.00016044461167845402
0.000115314416174419
0.00010177695672470052
7.505598781810549e-5
4.811930140694602e-5
3.141046730941232e-5
1.4288965646121481e-5
1.9447576455358093e-5
9.172795329108423e-5
0.000140313442912137
0.00016325381896419578
0.00021141743741836223
0.0
0.0
0.0
0.0
0.0
0.0
0.0
0.0
0.0
0.0
0.0005573687054818146
0.00037249739843786225
0.0002314257282553582
0.00014636649998530057
1.4448225690931485e-5
0.0
0.0
0.0
0.0
0.0
0.0
0.0
0.0
0.0
0.0
0.0
0.0
0.0
0.0
0.0
0.0
0.0
0.0006847872491775279
0.0005021400777092685
0.00031153126612606247
5.015474131294671e-5
0.0
0.0
0.0
0.0
0.0
0.0
0.0
0.0
0.0
0.0
0.0
0.0
0.0
0.0
0.0
0.0
0.0
0.0
0.0
0.0
0.0003370311518913312
0.0002266758473959973
0.00016857038703677773
4.790079745706656e-5
6.9281972613774744e-6
0.0
0.0
0.0
0.0
0.0
0.0
0.0
0.0
0.0
0.0
0.0
0.0
0.0
0.0
0.0
0.0
0.0
0.0
0.0
0.00040558319720140234
0.00025483710726522594
0.00014859662002414132
3.042076700236611e-5
1.9608234692816036e-6
0.0
0.0
0.0
0.0
0.0
0.0
0.0
0.0
0.0
0.0
0.0
0.0
0.0
0.0
0.0
0.0
0.0
0.0
0.0
0.0002928246533727417
0.00018044783361820753
7.566379777357116e-5
8.834459522531275e-7
0.0
0.0
0.0
0.0
0.0
0.0
0.0
0.0
0.0
0.0
0.0
0.0
0.0
0.0
0.0
0.0
0.0
0.0
0.0
0.0
0.0003259328693197007
0.00020093882576292305
0.00010367486826034835
8.393017790475379e-6
2.3248443882064992e-7
0.0
0.0
0.0
0.0
0.0
0.0
0.0
0.0
3.835189809312476e-5
0.0001629252058469793
0.0
0.0
0.0
1.1531354320623062e-5
3.1445131375008265e-5
7.455603261705311e-5
0.00014026182074929067
0.00018274501850143395
0.00021801570809542505
0.0013106810611115047
0.001078213499922327
0.0009808374180183552
0.0008286519758715498
0.0006833710269880645
0.0005675920683812108
0.0005062537859284871
0.0004313124563441582
0.00038987465275660687
0.0003806105399141343
0.0003404037206871523
0.00033297776388823054
0.00047882738567020094
0.0005667628490496576
0.0006352944037023574
0.0007440927214284542
8.896888512058027e-6
5.6792970913324e-5
0.00013757523731635997
0.00019389637813667336
0.0001908513249313545
0.00022766433104137574
0.00020358842333128899
0.00024377686145077328
0.00023305164660416405
0.00025900484987974955
0.0012442431642256736
0.0008961269153352691
0.0006724145185543995
0.0005447581501865658
0.00036102835642907685
0.0001955431410197263
3.38077771791752e-5
7.720702310765868e-7
1.4834883243156374e-7
5.2412298071477506e-5
0.0001851767926049706
0.0
0.0
0.0
0.0
4.851148287398081e-6
1.1457381673293237e-5
3.86520435026494e-5
7.202502284098314e-5
0.00013322523871313826
0.00015641633306530403
0.0002080108457565782
0.0013502083711072954
0.00112726154804684
0.0008924963471879592
0.0005482492339965216
0.00035682757631929
0.0001714812119854432
4.9694202449676085e-5
1.4134962068704095e-6
0.0
0.0
0.0
0.0
0.0
1.0098931889662868e-6
7.227496432203456e-5
0.0
0.0
0.0
0.0
5.97360420873261e-6
1.0821897697270953e-5
1.4975756221410046e-5
2.8960185060122907e-5
6.697871674704631e-5
0.0010413376886009745
0.0007171245448898819
0.0005493196117144809
0.0002579734986033608
9.861730669410424e-5
5.5800494729510315e-6
0.0
0.0
0.0
0.0
0.0
0.0
0.0
0.0
0.0
0.0
0.0
0.0
0.0
0.0
0.0
0.0
0.0
0.0
0.000512779235461557
0.00035900121719279816
0.00024005266660251956
6.725062495413875e-5
5.6866477410677535e-6
0.0
0.0
0.0
0.0
0.0
0.0
0.0
0.0
2.063531887962441e-5
0.00011039447079298972
0.0
0.0
0.0
0.0
7.494455283726503e-6
1.902928791824208e-5
4.0870158549640735e-5
0.0001060159110906255
8.5818453836797e-5
0.0011038192343129222
0.0007977236225297608
0.0006012402314214749
0.00033846158076607854
0.00015255038889822473
1.3778678324882901e-5
0.0
0.0
0.0
0.0
0.0
0.0
0.0
0.0
0.0
0.0
0.0
0.0
0.0
0.0
0.0
0.0
0.0
0.0
0.0006746777791703571
0.0005196203208290273
0.0003487742793204365
6.0028058542917e-5
0.0
0.0
0.0
0.0
0.0
0.0
0.0
0.0
0.0
0.0
0.0
0.0
0.0
0.0
0.0
0.0
0.0
0.0
0.0
0.0
0.00029809881861472007
0.00017430117731308026
9.69566419497928e-5
4.121790441993144e-6
0.0
0.0
0.0
0.0
0.0
0.0
0.0
0.0
0.0
0.0
0.0
0.0
0.0
0.0
0.0
0.0
0.0
0.0
0.0
0.0
0.0
0.0
0.0006419858046975629
0.0005426788372972134
0.0004534020956713594
0.00039773325939300577
0.0002594473580460378
0.0001472178706381374
6.240613652169992e-5
3.056266938025827e-5
2.539787284482991e-5
0.0002147249381628208
0.0003595003414995737
0.0
0.0
0.0
6.881988474961287e-6
1.3407619922621948e-5
1.4882765539046069e-5
1.0748156987963085e-5
1.1622926842562932e-5
2.3781796848765467e-5
4.4945159632997424e-5
0.00013871981310907599
0.0012264590836836933
0.0009740115248609289
0.0008168901891017567
0.0005792830816245798
0.00044305253353022346
0.000273946129328405
0.00013637809025593008
4.4017994346048705e-5
1.9918597453646866e-6
0.0
0.0
0.0
0.0
7.195113912659422e-6
8.27496084738632e-5
0.0
0.0
0.0
0.0
2.356331448275641e-6
1.3165274773061428e-5
1.574304562226748e-5
3.82900339292987e-5
8.886258927314579e-5
0.0011600923146633433
0.0008956401012295195
0.000695839385557507
0.00038755342227090336
0.0001732494524652695
1.6607836034966495e-5
0.0
0.0
0.0
0.0
0.0
0.0
0.0
0.0
0.0
0.0
0.0
0.0
0.0
0.0
0.0
0.0
0.0
0.0
0.0006424811104617863
0.00038546695958968056
0.000231767718596344
3.374897267148324e-5
0.0
0.0
0.0
0.0
0.0
0.0
0.0
0.0
0.0
0.0
0.0
0.0
0.0
0.0
0.0
0.0
0.0
0.0
0.0
0.0
9.991868496071902e-5
3.952298675117263e-5
2.038213209958503e-6
0.0
0.0
0.0
0.0
0.0
0.0
0.0
0.0
0.0
0.0
0.0
0.0
0.0
0.0
0.0
0.0
0.0
0.0
0.0
0.0
0.0
2.3130520136568114e-5
3.527547018248938e-8
0.0
0.0
0.0
0.0
0.0
0.0
0.0
0.0
0.0
0.0
0.0
0.0
0.0
0.0
0.0
0.0
0.0
0.0
0.0
0.0
0.0
0.0
3.977822744985363e-5
8.394771796539037e-6
0.0
0.0
0.0
0.0
0.0
0.0
0.0
0.0
0.0
0.0
0.0
0.0
0.0
0.0
0.0
0.0
0.0
0.0
0.0
0.0
0.0
0.0
0.0
0.0
5.604819809723461e-6
0.0
0.0
0.0
0.0
0.0
0.0
0.0
0.0
0.0
0.0
0.0
0.0
0.0
0.0
0.0
0.0
0.0
0.0
0.0
0.0
0.0
2.51116552865633e-6
0.0
0.0
0.0
0.0
0.0
0.0
0.0
0.0
0.0
0.0
0.0
0.0
0.0
0.0
0.0
0.0
0.0
0.0
0.0
0.0
0.0
0.0
0.0
0.000331706115115284
0.00021307417925956618
0.00011466269418127521
2.249879460565329e-6
0.0
0.0
0.0
0.0
0.0
0.0
0.0
0.0
0.0
0.0
0.0
0.0
0.0
0.0
0.0
0.0
0.0
0.0
0.0
0.0
0.0004004120161386245
0.0002734643904363767
0.00010959958411217182
0.0
0.0
0.0
0.0
0.0
0.0
0.0
0.0
0.0
0.0
0.0
0.0
0.0
0.0
0.0
0.0
0.0
0.0
0.0
0.0
0.0
0.0003695885075642069
0.00023234881061659997
6.495705525365782e-5
0.0
0.0
0.0
0.0
0.0
0.0
0.0
0.0
0.0
0.0
0.0
0.0
0.0
0.0
0.0
0.0
0.0
0.0
0.0
0.0
0.0
0.00022199922783136246
0.0001135518681823575
5.551636345798788e-6
0.0
0.0
0.0
0.0
0.0
0.0
0.0
0.0
0.0
0.0
0.0
0.0
0.0
0.0
0.0
0.0
0.0
0.0
0.0
0.0
0.0
0.00010438995149983459
5.95489068806234e-5
4.3084187635934115e-6
0.0
0.0
0.0
0.0
0.0
0.0
0.0
0.0
0.0
0.0
0.0
0.0
0.0
0.0
0.0
0.0
0.0
0.0
0.0
0.0
0.0
0.0
0.0
0.0005823483122823556
0.0003922627538010503
0.00026126010982791806
0.0001522123107531445
1.2824422093080302e-5
0.0
0.0
0.0
0.0
0.0
0.0
0.0
0.0
0.0
0.0
0.0
0.0
0.0
0.0
0.0
0.0
0.0
0.0006196863111449876
0.0003662436306738212
0.00015872856688234707
9.061737834909151e-7
0.0
0.0
0.0
0.0
0.0
0.0
0.0
0.0
0.0
0.0
0.0
0.0
0.0
0.0
0.0
0.0
0.0
0.0
0.0
0.0
0.0004224839144795377
0.00025978235126906853
9.393457850899707e-5
0.0
0.0
0.0
0.0
0.0
0.0
0.0
0.0
0.0
0.0
0.0
0.0
0.0
0.0
0.0
0.0
0.0
0.0
0.0
0.0
0.0
0.0007607597437791497
0.000558898726278502
0.0003731705973526278
0.0001106252464904044
6.938962363863623e-6
0.0
0.0
0.0
0.0
0.0
0.0
0.0
0.0
0.0
0.0
0.0
0.0
0.0
0.0
0.0
0.0
0.0
0.0
4.234266561879108e-6
0.0009292840125092192
0.0006756497134871026
0.00047552296567275344
0.00022209353162802614
9.65808060972451e-5
8.624904642792663e-6
0.0
0.0
0.0
0.0
0.0
0.0
0.0
0.0
0.0
0.0
0.0
0.0
0.0
0.0
0.0
0.0
0.0
0.0
0.0008424141796287192
0.0005697776025681412
0.00031511181546394764
4.128725153137195e-5
0.0
0.0
0.0
0.0
0.0
0.0
0.0
0.0
0.0
0.0
0.0
0.0
0.0
0.0
0.0
0.0
0.0
0.0
0.0
0.0
0.0006618724906838459
0.00045364774322549845
0.00028824499560988035
6.930928603887895e-5
0.0
0.0
0.0
0.0
0.0
0.0
0.0
0.0
0.0
0.0
0.0
0.0
0.0
0.0
0.0
0.0
0.0
0.0
0.0
0.0
0.0
0.0
0.00035656152499787886
0.000133801482774257
2.1771758369722783e-6
0.0
0.0
0.0
0.0
0.0
0.0
0.0
0.0
0.0
0.0
0.0
0.0
0.0
0.0
0.0
0.0
0.0
0.0
0.0
0.0003782583899563665
0.00022222485106914144
0.0001215383291166079
1.2592197190518287e-5
0.0
0.0
0.0
0.0
0.0
0.0
0.0
0.0
0.0
0.0
0.0
0.0
0.0
0.0
0.0
0.0
0.0
0.0
0.0
0.0
0.0001389376847794231
6.482963791748798e-5
2.37275438262623e-6
0.0
0.0
0.0
0.0
0.0
0.0
0.0
0.0
0.0
0.0
0.0
0.0
0.0
0.0
0.0
0.0
0.0
0.0
0.0
0.0
0.0
3.13061660365304e-5
1.190595371935574e-5
9.812472453393442e-8
0.0
0.0
0.0
0.0
0.0
0.0
0.0
0.0
0.0
0.0
0.0
0.0
0.0
0.0
0.0
0.0
0.0
0.0
0.0
0.0
0.0
4.323135615467515e-5
1.4816271698185536e-5
2.2732386035276368e-7
0.0
0.0
0.0
0.0
0.0
0.0
0.0
0.0
0.0
0.0
0.0
0.0
0.0
0.0
0.0
0.0
0.0
0.0
0.0
0.0
0.0
0.00025957181116652826
0.00019346491471879573
8.524135489418783e-5
2.672163133575931e-7
0.0
0.0
0.0
0.0
0.0
0.0
0.0
0.0
0.0
0.0
0.0
0.0
0.0
0.0
0.0
0.0
0.0
0.0
0.0
0.0
0.00036447114613645325
0.00024350446992520695
0.00011442604565292165
7.591884400173397e-8
0.0
0.0
0.0
0.0
0.0
0.0
0.0
0.0
0.0
0.0
0.0
0.0
0.0
0.0
0.0
0.0
0.0
0.0
0.0
0.0
0.0
0.0
2.9468233072525184e-5
0.0
0.0
0.0
0.0
0.0
0.0
0.0
0.0
0.0
0.0
0.0
0.0
0.0
0.0
0.0
0.0
0.0
0.0
0.0
0.0
0.0
6.489971917323672e-7
0.0
0.0
0.0
0.0
0.0
0.0
0.0
0.0
0.0
0.0
0.0
0.0
0.0
0.0
0.0
0.0
0.0
0.0
0.0
0.0
0.0
0.0
0.0
0.0
1.590732078335406e-7
0.0
0.0
0.0
0.0
0.0
0.0
0.0
0.0
0.0
0.0
0.0
0.0
0.0
0.0
0.0
0.0
0.0
0.0
0.0
0.0
0.0
0.0
0.00037664240249884816
0.0002593103195725405
0.00017575849990602161
5.589423317050533e-5
3.1198759351557865e-5
6.7925810678809685e-6
2.7625064533266284e-6
1.4881005707956433e-7
0.0
0.0
0.0
0.0
0.0
0.0
0.0
0.0
0.0
0.0
0.0
0.0
0.0
0.0
0.0
0.0
0.00015817582337320532
7.251530170484534e-5
8.579455808892898e-6
0.0
0.0
0.0
0.0
0.0
0.0
0.0
0.0
0.0
0.0
0.0
0.0
0.0
0.0
0.0
0.0
0.0
0.0
0.0
0.0
0.0
2.1520239879588538e-5
7.787752242099028e-7
0.0
0.0
0.0
0.0
0.0
0.0
0.0
0.0
0.0
0.0
0.0
0.0
0.0
0.0
0.0
0.0
0.0
0.0
0.0
0.0
0.0
0.0
0.0
0.0
0.0
0.0
0.0
0.0
0.0
0.0
0.0
0.0
0.0
0.0
0.0
0.0
0.0
0.0
0.0
0.0
0.0
0.0
0.0
0.0
0.0
0.0
0.0
0.0
1.0862919260308702e-7
0.0
0.0
0.0
0.0
0.0
0.0
0.0
0.0
0.0
0.0
0.0
0.0
0.0
0.0
0.0
0.0
0.0
0.0
0.0
0.0
0.0
0.0
0.0
0.0
0.0
0.0
0.0
0.0
0.0
0.0
0.0
0.0
0.0
0.0
0.0
0.0
0.0
0.0
0.0
0.0
0.0
0.0
0.0
0.0
0.0
0.0
0.0
0.0
0.0
0.0
0.0
0.0
0.0
0.0
0.0
0.0
0.0
0.0
0.0
0.0
0.0
0.0
0.0
0.0
0.0
0.0
0.0
0.0
0.0
4.6004954260119344e-5
8.199249199481602e-6
0.0
0.0
0.0
0.0
0.0
0.0
0.0
0.0
0.0
0.0
0.0
0.0
0.0
0.0
0.0
0.0
0.0
0.0
0.0
0.0
0.0
0.0
2.7831738796693336e-5
1.05845503306447e-5
0.0
0.0
0.0
0.0
0.0
0.0
0.0
0.0
0.0
0.0
0.0
0.0
0.0
0.0
0.0
0.0
0.0
0.0
0.0
0.0
0.0
0.0
0.00021998765378550058
0.00013083571726206917
3.761928791895311e-5
0.0
0.0
0.0
0.0
0.0
0.0
0.0
0.0
0.0
0.0
0.0
0.0
0.0
0.0
0.0
0.0
0.0
0.0
0.0
0.0
0.0
0.00026022065219826504
0.00019278120395074938
4.362416517158617e-5
0.0
0.0
0.0
0.0
0.0
0.0
0.0
0.0
0.0
0.0
0.0
0.0
0.0
0.0
0.0
0.0
0.0
0.0
0.0
0.0
0.0
0.0
0.0
4.661984777686395e-6
0.0
0.0
0.0
0.0
0.0
0.0
0.0
0.0
0.0
0.0
0.0
0.0
0.0
0.0
0.0
0.0
0.0
0.0
0.0
0.0
0.0
0.0
0.0
0.0
0.0
0.0
0.0
0.0
0.0
0.0
0.0
0.0
0.0
0.0
0.0
0.0
0.0
0.0
0.0
0.0
0.0
0.0
0.0
0.0
0.0
0.0
0.0
0.0
0.0
0.0
0.0
0.0
0.0
0.0
0.0
0.0
0.0
0.0
0.0
0.0
0.0
0.0
0.0
0.0
0.0
0.0
0.0
0.0
0.0
0.0
0.0
0.0
0.0
0.0
0.0
0.0
0.0
0.0
0.0
0.0
0.0
0.0
0.0
0.0
0.0
0.0
0.0
0.0
0.0
0.0
0.0
0.0
0.0
0.0002372256249698512
0.00011806078153622168
1.003284392262381e-5
0.0
0.0
0.0
0.0
0.0
0.0
0.0
0.0
0.0
0.0
0.0
0.0
0.0
0.0
0.0
0.0
0.0
0.0
0.0
0.0
0.0
0.00023217875467569917
0.00012044146894485152
7.2752977970525025e-6
0.0
0.0
0.0
0.0
0.0
0.0
0.0
0.0
0.0
0.0
0.0
0.0
0.0
0.0
0.0
0.0
0.0
0.0
0.0
0.0
0.0
3.3985106345186794e-5
9.503445556970397e-6
0.0
0.0
0.0
0.0
0.0
0.0
0.0
0.0
0.0
0.0
0.0
0.0
0.0
0.0
0.0
0.0
0.0
0.0
0.0
0.0
0.0
0.0
0.0
0.0
0.0
0.0
0.0
0.0
0.0
0.0
0.0
0.0
0.0
0.0
0.0
0.0
0.0
0.0
0.0
0.0
0.0
0.0
0.0
0.0
0.0
0.0
0.0
0.0
0.0
0.0
0.0
0.0
0.0
0.0
0.0
0.0
0.0
0.0
0.0
0.0
0.0
0.0
0.0
0.0
0.0
0.0
0.0
0.0
0.0
0.0
0.0
0.0
0.0
0.0
0.0
0.0
0.0
0.0
0.0
0.0
0.0
0.0
0.0
0.0
0.0
0.0
0.0
0.0
0.0
0.0
0.0
0.0
0.0
0.0
0.0
0.0
0.0
0.0
0.0
0.0
0.0
0.0
0.0
0.0
0.0
0.0
0.0
0.0
0.0
0.0
0.0
0.0
0.0
0.0
0.0
0.0
0.0
0.0
0.0
0.0
0.0
0.0
0.0
0.0
0.0
0.0
0.0
0.0
0.0
0.0
0.0
0.0
0.0
0.0
0.0
0.0
0.0
0.0
0.0
0.0
0.0
0.0
0.0
0.0
0.0
0.0
0.0
0.0
0.0
0.0
0.0
0.0
0.0
0.0
0.0
0.0
0.0
0.0
0.0
0.0
0.0
0.0
0.0
0.0
0.0
0.0
0.0
0.0
0.0
0.0
0.0
0.0
0.0
0.0
0.0
0.0
0.0
0.0
0.0
0.0
0.0
0.0
0.0
0.0
0.0
0.0
0.0
0.0
0.0
0.0
0.0
0.0
0.0
0.0
0.0
0.0
0.0
0.0
0.0
0.0
0.0
0.0
0.0
0.0
0.0
0.0
0.0
0.0
0.0
0.0
0.0
0.0
0.0
0.0
0.0
0.0
0.0
0.0
0.0
0.0
0.0
0.0
0.0
0.0
0.0
0.0
0.0
0.0
0.0
0.0
0.0
0.0
0.0
0.0
0.0
0.0
0.0
0.0
0.0
0.0
0.0
0.0
0.0
0.0
0.0
0.0
0.0
0.0
0.0
0.0
0.0
0.0
0.0
0.0
0.0
0.0
0.0
0.0
0.0
0.0
0.0
0.0
0.0
0.0
0.0
0.0
0.0
0.0
0.0
0.0
0.0
0.0
0.0
0.0
0.0
0.0
0.0
0.0
0.0
0.0
0.0
0.0
0.0
0.0
0.0
0.0
0.0
0.0
0.0
0.0
0.0
0.0
0.0
0.0
0.0
0.0
0.0
0.0
0.0
0.0
0.0
0.0
0.0
0.0
0.0
0.0
0.0
0.0
0.0
0.0
0.0
0.0
0.0
0.0
0.0
0.0
0.0
0.0
0.0
0.0
0.0
0.0
0.0
0.0
0.0
0.0
0.0
0.0
0.0
0.0
0.0
0.0
0.0
0.0
0.0
0.0
0.0
0.0
0.0
0.0
0.0
0.0
0.0
0.0
0.0
0.0
0.0
0.0
0.0
0.0
0.0
0.0
0.0
0.0
0.0
0.0
0.0
0.0
0.0
0.0
0.0
0.0
0.0
0.0
0.0
0.0
0.0
0.0
0.0
0.0
0.0
0.0
0.0
0.0
0.0
0.0
0.0
0.0
0.0
0.0
0.0
0.0
0.0
0.0
0.0
0.0
0.0
0.0
0.0
0.0
0.0
0.0
0.0
0.0
0.0
0.0
0.0
0.0
0.0
0.0
0.0
0.0
0.0
0.0
0.0
0.0
6.33204967346143e-5
2.090320569275752e-6
0.0
0.0
0.0
0.0
0.0
0.0
0.0
0.0
0.0
0.0
0.0
0.0
0.0
0.0
0.0
0.0
0.0
0.0
0.0
0.0
0.0
0.0
0.0
0.0
0.0
0.0
0.0
0.0
0.0
0.0
0.0
0.0
0.0
0.0
0.0
0.0
0.0
0.0
0.0
0.0
0.0
0.0
0.0
0.0
0.0
0.0
0.0
0.0
0.0
0.0
0.0
0.0
0.0
0.0
0.0
0.0
0.0
0.0
0.0
0.0
0.0
0.0
0.0
0.0
0.0
0.0
0.0
0.0
0.0
0.0
0.0
0.0
0.0
0.0
0.0
0.0
0.0
0.0
0.0
0.0
0.0
0.0
0.0
0.0
0.0
0.0
0.0
0.0
0.0
0.0
0.0
0.0
0.0
0.0
0.0
0.0
0.0
0.0
0.0
0.0
0.0
0.0
0.0
0.0
0.0
0.0
0.0
0.0
0.0
0.0
0.0
0.0
0.0
0.0
0.0
0.0
0.0
0.0
0.0
0.0
0.0
0.0
0.0
0.0
0.0
0.0
0.0
0.0
0.0
0.0
0.0
0.0
0.0
0.0
0.0
0.0
0.0
0.0
0.0
0.0
0.0
0.0
0.0
0.0
0.0
0.0
0.0
0.0
0.0
0.0
0.0
0.0
0.0
0.0
0.0
0.0
0.0
0.0
0.0
0.0
0.0
0.0
0.0
0.0
0.0
0.0
0.0
0.0
0.0
0.0
0.0
0.0
0.0
0.0
0.0
0.0
0.0
0.0
0.0
0.0
0.0
0.0
0.0
0.0
0.0
0.0
0.0
0.0
0.0
0.0
0.0
0.0
0.0
0.0
0.0
0.0
0.0
0.0
0.0
0.0
0.0
0.0
0.0
0.0
0.0
0.0
0.0
0.0
0.0
0.0
0.0
0.0
0.0
0.0
0.0
0.0
0.0
0.0
0.0
0.0
0.0
0.0
0.0
0.0
0.0
0.0
0.0
0.0
0.0
0.0
0.0
0.0
0.0
0.0
0.0
0.0
0.0
0.0
0.0
0.0
0.0
0.0
0.0
0.0
0.0
0.0
0.0
0.0
0.0
0.0
0.0
0.0
0.0
0.0
0.0
0.0
0.0
0.0
0.0
0.0
0.0
0.0
0.0
0.0
0.0
0.0
0.0
0.0
0.0
0.0
0.0
0.0
0.0
0.0
0.0
0.0
0.0
0.0
0.0
0.0
0.0
0.0
0.0
0.0
0.0
0.0
0.0
0.0
0.0
0.0
0.0
0.0
0.0
0.0
0.0
0.0
0.0
0.0
0.0
0.0
0.0
0.0
0.0
0.0
0.0
0.0
0.0
0.0
0.0
0.0
0.0
0.0
0.0
0.0
0.0
0.0
0.0
0.0
0.0
0.0
0.0
0.0
0.0
0.0
0.0
0.0
0.0
0.0
0.0
0.0
0.0
0.0
0.0
0.0
0.0
0.0
0.0
0.0
0.0
0.0
0.0
0.0
0.0
0.0
0.0
0.0
0.0
0.0
0.0
0.0
0.0
0.0
0.0
0.0
0.0
0.0
0.0
0.0
0.0
0.0
0.0
0.0
0.0
0.0
0.0
0.0
0.0
0.0
0.0
0.0
0.0
0.0
0.0
0.0
0.0
0.0
0.0
0.0
0.0
0.0
0.0
0.0
0.0
0.0
0.0
0.0
0.0
0.0
0.0
0.0
0.0
0.0
0.0
0.0
0.0
0.0
0.0
0.0
0.0
0.0
0.0
0.0
0.0
0.0
0.0
0.0
0.0
0.0
0.0
0.0
0.0
0.0
0.0
0.0
0.0
0.0
0.0
0.0
0.0
0.0
0.0
0.0
0.0
0.0
0.0
0.0
0.0
0.0
0.0
0.0
0.0
0.0
0.0
0.0
0.0
0.0
0.0
0.0
0.0
0.0
0.0
0.0
0.0
0.0
0.0
0.0
0.0
0.0
0.0
0.0
0.0
0.0
0.0
0.0
0.0
0.0
0.0
0.0
0.0
0.0
0.0
0.0
0.0
0.0
0.0
0.0
0.0
0.0
0.0
0.0
0.0
0.0
0.0
0.0
0.0
0.0
0.0
0.0
0.0
0.0
0.0
0.0
0.0
0.0
0.0
0.0
0.0
0.0
0.0
0.0
0.0
0.0
0.0
0.0
0.0
0.0
0.0
0.0
0.0
0.0
0.0
0.0
0.0
0.0
0.0
0.0
0.0
0.0
0.0
0.0
0.0
0.0
0.0
0.0
0.0
0.0
0.0
0.0
0.0
0.0
0.0
0.0
0.0
0.0
0.0
0.0
0.0
0.0
0.0
0.0
0.0
0.0
0.0
0.0
0.0
0.0
0.0
0.0
0.0
0.0
0.0
0.0
0.0
0.0
0.0
0.0
0.0
0.0
0.0
0.0
0.0
0.0
0.0
0.0
0.0
0.0
0.0
0.0
0.0
0.0
0.0
0.0
0.0
0.0
0.0
0.0
0.0
0.0
0.0
0.0
0.0
0.0
0.0
0.0
8.691334699541703e-5
1.7185380458800707e-5
0.0
0.0
0.0
0.0
0.0
0.0
0.0
0.0
0.0
0.0
0.0
0.0
0.0
0.0
0.0
0.0
0.0
0.0
0.0
0.0
0.0
0.0
0.0
0.0
0.0
0.0
0.0
0.0
0.0
0.0
0.0
0.0
0.0
0.0
0.0
0.0
0.0
0.0
0.0
0.0
0.0
0.0
0.0
0.0
0.0
0.0
0.0
0.0
0.0
0.0
0.0
0.0
0.0
0.0
0.0
0.0
0.0
0.0
0.0
0.0
0.0
0.0
0.0
0.0
0.0
0.0
0.0
0.0
0.0
0.0
0.0
0.0
0.0
0.0
0.0
0.0
0.0
0.0
0.0
0.0
0.0
0.0
0.0
0.0
0.0
0.0
0.0
0.0
0.0
0.0
0.0
0.0
0.0
0.0
0.0
0.0
0.0
0.0
0.0
0.0
0.0
0.0
0.0
0.0
0.0
0.0
0.0
0.0
0.0
0.0
0.0
0.0
0.0
0.0
0.0
0.0
0.0
0.0
0.0
0.0
0.0
0.0
0.0
0.0
0.0
0.0
0.0
0.0
0.0
0.0
0.0
0.0
0.0
0.0
0.0
0.0
0.0
0.0
0.0
0.0
0.0
0.0
0.0
0.0
0.0
0.0
0.0
0.0
0.0
0.0
0.0
0.0
0.0
0.0
0.0
0.0
0.0
0.0
0.0
0.0
0.0
0.0
0.0
0.0
0.0
0.0
0.0
0.0
0.0
0.0
0.0
0.0
0.0
0.0
0.0
0.0
0.0
0.0
0.0
0.0
0.0
0.0
0.0
0.0
0.0
0.0
0.0
0.0
0.0
0.0
0.0
0.0
0.0
0.0
0.0
0.0
0.0
0.0
0.0
0.0
0.0
0.0
0.0
0.0
0.0
0.0
0.0
0.0
0.0
0.0
0.0
0.0
0.0
0.0
0.0
0.0
0.0
0.0
0.0
0.0
0.0
0.0
0.0
0.0
0.0
0.0
0.0
0.0
0.0
0.0
0.0
0.0
0.0
0.0
0.0
0.0
0.0
0.0
0.0
0.0
0.0
0.0
0.0
0.0
0.0
0.0
0.0
0.0
0.0
0.0
0.0
0.0
0.0
0.0
0.0
0.0
0.0
0.0
0.0
0.0
0.0
0.0
0.0
0.0
0.0
0.0
0.0
0.0
0.0
0.0
0.0
0.0
0.0
0.0
0.0
0.0
0.0
0.0
0.0
0.0
0.0
0.0
0.0
0.0
0.0
0.0
0.0
0.0
0.0
0.0
0.0
0.0
0.0
0.0
0.0
0.0
0.0
0.0
0.0
0.0
0.0
0.0
0.0
0.0
0.0
0.0
0.0
0.0
0.0
0.0
0.0
0.0
0.0
0.0
0.0
0.0
0.0
0.0
0.0
0.0
0.0
0.0
0.0
0.0
0.0
0.0
0.0
0.0
0.0
0.0
0.0
0.0
0.0
0.0
0.0
0.0
0.0
0.0
0.0
0.0
0.0
0.0
0.0
0.0
0.0
0.0
0.0
0.0
0.0
0.0
0.0
0.0
0.0
0.0
0.0
0.0
0.0
0.0
0.0
0.0
0.0
0.0
0.0
0.0
0.0
0.0
0.0
0.0
0.0
0.0
0.0
0.0
0.0
0.0
0.0
0.0
0.0
0.0
0.0
0.0
0.0
0.0
0.0
0.0
0.0
0.0
0.0
0.0
0.0
0.0
0.0
0.0
0.0
0.0
0.0
0.0
0.0
0.0
0.0
0.0
0.0
0.0
0.0
0.0
0.0
0.0
0.0
0.0
0.0
0.0
0.0
0.0
0.0
0.0
0.0
0.0
0.0
0.0
0.0
0.0
0.0
0.0
0.0
0.0
0.0
0.0
0.0
0.0
0.0
0.0
0.0
0.0
0.0
0.0
0.0
0.0
0.0
0.0
0.0
0.0
0.0
0.0
0.0
0.0
0.0
0.0
0.0
0.0
0.0
0.0
0.0
0.0
0.0
0.0
0.0
0.0
0.0
0.0
0.0
0.0
0.0
0.0
0.0
0.0
0.0
0.0
0.0
0.0
0.0
0.0
0.0
0.0
0.0
0.0
0.0
0.0
0.0
0.0
0.0
0.0
0.0
0.0
0.0
0.0
0.0
0.0
0.0
0.0
0.0
0.0
0.0
0.0
0.0
0.0
0.0
0.0
0.0
0.0
0.0
0.0
0.0
0.0
0.0
0.0
0.0
0.0
0.0
0.0
0.0
0.0
0.0
0.0
0.0
0.0
0.0
0.0
0.0
0.0
0.0
0.0
0.0
0.0
0.0
0.0
0.0
0.0
0.0
0.0
0.0
0.0
0.0
0.0
0.0
0.0
0.0
0.0
0.0
0.0
0.0
0.0
0.0
0.0
0.0
0.0
0.0
0.0
0.0
0.0
0.0
0.0
0.0
0.0
0.0
0.0
0.0
0.0
0.0
0.0
0.0
0.0
0.0
0.0
0.0
0.0
0.0
0.0
0.0
0.0
0.0
0.0
0.0
0.0
0.0
0.0
0.0
0.0
0.0
0.0
0.0
0.0
0.0
0.0
0.0
0.0
0.0
0.0
0.0
0.0
0.0
0.0
0.0
0.0
0.0
0.0
0.0
0.0
0.0
0.0
0.0
0.0
0.0
0.0
0.0
0.0
0.0
0.0
0.0
0.0
0.0
0.0
0.0
0.0
0.0
0.0
0.0
0.0
0.0
0.0
0.0
0.0
0.0
0.0
0.0
0.0
0.0
0.0
0.0
0.0
0.0
0.0
0.0
0.0
0.0
0.0
0.0
0.0
0.0
0.0
0.0
0.0
0.0
0.0
0.0
0.0
0.0
0.0
0.0
0.0
0.0
0.0
0.0
0.0
0.0
0.0
0.0
0.0
0.0
0.0
0.0
0.0
0.0
0.0
0.0
0.0
0.0
0.0
0.0
0.0
0.0
0.0
0.0
0.0
0.0
0.0
0.0
0.0
0.0
0.0
0.0
0.0
0.0
0.0
0.0
0.0
0.0
0.0
0.0
0.0
0.0
0.0
0.0
0.0
0.0
0.0
0.0
0.0
0.0
0.0
0.0
0.0
0.0
0.0
0.0
0.0
0.0
0.0
0.0
0.0
0.0
0.0
0.0
0.0
0.0
0.0
0.0
0.0
0.0
0.0
0.0
0.0
0.0
0.0
0.0
0.0
0.0
0.0
0.0
0.0
0.0
0.0
0.0
0.0
0.0
0.0
0.0
0.0
0.0
0.0
0.0
0.0
0.0
0.0
0.0
0.0
0.0
0.0
0.0
0.0
0.0
0.0
0.0
0.0
0.0
0.0
0.0
0.0
0.0
0.0
0.0
0.0
0.0
0.0
0.0
0.0
0.0
0.0
0.0
0.0
0.0
0.0
0.0
0.0
0.0
0.0
0.0
0.0
0.0
0.0
0.0
0.0
0.0
0.0
0.0
0.0
0.0
0.0
0.0
0.0
0.0
0.0
0.0
0.0
0.0
0.0
0.0
0.0
0.0
0.0
0.0
0.0
0.0
0.0
0.0
0.0
0.0
0.0
0.0
0.0
0.0
0.0
0.0
0.0
0.0
0.0
0.0
0.0
0.0
0.0
0.0
0.0
0.0
0.0
0.0
0.0
0.0
0.0
0.0
0.0
0.0
0.0
0.0
0.0
0.0
0.0
0.0
0.0
0.0
0.0
0.0
0.0
0.0
0.0
0.0
0.0
0.0
0.0
0.0
0.0
0.0
0.0
0.0
0.0
0.0
0.0
0.0
0.0
0.0
0.0
0.0
0.0
0.0
0.0
0.0
0.0
0.0
0.0
0.0
0.0
0.0
0.0
0.0
0.0
0.0
0.0
0.0
0.0
0.0
0.0
0.0
0.0
0.0
0.0
0.0
0.0
0.0
0.0
0.0
0.0
0.0
0.0
0.0
0.0
0.0
0.0
0.0
0.0
0.0
0.0
0.0
0.0
0.0
0.0
0.0
0.0
0.0
0.0
0.0
0.0
0.0
0.0
0.0
0.0
0.0
0.0
0.0
0.0
0.0
0.0
0.0
0.0
0.0
0.0
0.0
0.0
0.0
0.0
0.0
0.0
0.0
0.0
0.0
0.0
0.0
0.0
0.0
0.0
0.0
0.0
0.0
0.0
0.0
0.0
0.0
0.0
0.0
0.0
0.0
0.0
0.0
0.0
0.0
0.0
0.0
0.0
0.0
0.0
0.0
0.0
0.0
0.0
0.0
0.0
0.0
0.0
0.0
0.0
0.0
0.0
0.0
0.0
0.0
0.0
0.0
0.0
0.0
0.0
0.0
0.0
0.0
0.0
0.0
0.0
0.0
0.0
0.0
0.0
0.0
0.0
0.0
0.0
0.0
0.0
0.0
0.0
0.0
0.0
0.0
0.0
0.0
0.0
0.0
0.0
0.0
0.0
0.0
0.0
0.0
0.0
0.0
0.0
0.0
0.0
0.0
0.0
0.0
0.0
0.0
0.0
0.0
0.0
0.0
0.0
0.0
0.0
0.0
0.0
0.0
0.0
0.0
0.0
0.0
0.0
0.0
0.0
0.0
0.0
0.0
0.0
0.0
0.0
0.0
0.0
0.0
0.0
0.0
0.0
0.0
0.0
0.0
0.0
0.0
0.0
0.0
0.0
0.0
0.0
0.0
0.0
0.0
0.0
0.0
0.0
0.0
0.0
0.0
0.0
0.0
0.0
0.0
0.0
0.0
0.0
0.0
0.0
0.0
0.0
0.0
0.0
0.0
0.0
0.0
0.0
0.0
0.0
0.0
0.0
0.0
0.0
0.0
0.0
0.0
0.0
0.0
0.0
0.0
0.0
0.0
0.0
0.0
0.0
0.0
0.0
0.0
0.0
0.0
0.0
0.0
0.0
0.0
0.0
0.0
0.0
0.0
0.0
0.0
0.0
0.0
0.0
0.0
0.0
0.0
0.0
0.0
0.0
0.0
0.0
0.0
0.0
0.0
0.0
0.0
0.0
0.0
0.0
0.0
0.0
0.0
0.0
0.0
0.0
0.0
0.0
0.0
0.0
0.0
0.0
0.0
0.0
0.0
0.0
0.0
0.0
0.0
0.0
0.0
0.0
0.0
0.0
0.0
0.0
0.0
0.0
0.0
0.0
0.0
0.0
0.0
0.0
0.0
0.0
0.0
0.0
0.0
0.0
0.0
0.0
0.0
0.0
0.0
0.0
0.0
0.0
0.0
0.0
0.0
0.0
0.0
0.0
0.0
0.0
0.0
0.0
0.0
0.0
0.0
0.0
0.0
0.0
0.0
0.0
0.0
0.0
0.0
0.0
0.0
0.0
0.0
0.0
0.0
0.0
0.0
0.0
0.0
0.0
0.0
0.0
0.0
0.0
0.0
0.0
0.0
0.0
0.0
0.0
0.0
0.0
0.0
0.0
0.0
0.0
0.0
0.0
0.0
0.0
0.0
0.0
0.0
0.0
0.0
0.0
0.0
0.0
0.0
0.0
0.0
0.0
0.0
0.0
0.0
0.0
0.0
0.0
0.0
0.0
0.0
0.0
0.0
0.0
0.0
0.0
0.0
0.0
0.0
0.0
0.0
0.0
0.0
0.0
0.0
0.0
0.0
0.0
0.0
0.0
0.0
0.0
0.0
0.0
0.0
0.0
0.0
0.0
0.0
0.0
0.0
0.0
0.0
0.0
0.0
0.0
0.0
0.0
0.0
0.0
0.0
0.0
0.0
0.0
0.0
0.0
0.0
0.0
0.0
0.0
0.0
0.0
0.0
0.0
0.0
0.0
0.0
0.0
0.0
0.0
0.0
0.0
0.0
0.0
3.2369164843903593e-6
0.0
0.0
0.0
0.0
0.0
0.0
0.0
0.0
0.0
0.0
0.0
0.0
0.0
0.0
0.0
0.0
0.0
0.0
0.0
0.0
0.0
0.0
0.0
3.139776870656161e-6
2.1499928379125694e-7
0.0
0.0
0.0
0.0
0.0
0.0
0.0
0.0
0.0
0.0
0.0
0.0
0.0
0.0
0.0
0.0
0.0
0.0
0.0
0.0
0.0
0.0
0.0
0.0
0.0
0.0
0.0
0.0
0.0
0.0
0.0
0.0
0.0
0.0
0.0
0.0
0.0
0.0
0.0
0.0
0.0
0.0
0.0
0.0
0.0
0.0
0.0
0.0
0.0
0.0
0.0
0.0
0.0
0.0
0.0
0.0
0.0
0.0
0.0
0.0
0.0
0.0
0.0
0.0
0.0
0.0
0.0
0.0
0.0
0.0
0.0
0.0
0.0
0.0
0.0
0.0
0.0
0.0
0.0
0.0
0.0
0.0
0.0
0.0
0.0
0.0
0.0
0.0
0.0
0.0
0.0
0.0
0.0
0.0
0.0
0.0
0.0
0.0
0.0
0.0
0.0
0.0
0.0
0.0
0.0
0.0
0.0
0.0
0.0
0.0
0.0
0.0
0.0
0.0
0.0
0.0
0.0
0.0
0.0
0.0
0.0
0.0
0.0
0.0
0.0
0.0
0.0
0.0
0.0
0.0
0.0
0.0
0.0
0.0
0.0
0.0
0.0
0.0
0.0
0.0
0.0
0.0
0.0
0.0
0.0
0.0
0.0
0.0
0.0
0.0
0.0
0.0
0.0
0.0
0.0
0.0
0.0
0.0
0.0
0.0
0.0
0.0
0.0
0.0
0.0
0.0
0.0
0.0
0.0
0.0
0.0
0.0
0.0
0.0
0.0
0.0
0.0
0.0
0.0
0.0
0.0
0.0
0.0
0.0
0.0
0.0
0.0
0.0
0.0
0.0
0.0
0.0
0.0
0.0
0.0
0.0
0.0
0.0
0.0
0.0
0.0
0.0
0.0
0.0
0.0
0.0
0.0
0.0
0.0
0.0
0.0
0.0
0.0
0.0
0.0
0.0
0.0
0.0
0.0
0.0
0.0
0.0
0.0
0.0
0.0
0.0
0.0
0.0
0.0
0.0
0.0
0.0
0.0
0.0
0.0
0.0
0.0
0.0
0.0
0.0
0.0
0.0
0.0
0.0
0.0
0.0
0.0
0.0
0.0
0.0
0.0
0.0
0.0
0.0
0.0
0.0
0.0
0.0
0.0
0.0
0.0
0.0
0.0
0.0
0.0
0.0
0.0
0.0
0.0
0.0
0.0
0.0
0.0
0.0
0.0
0.0
0.0
0.0
0.0
0.0
0.0
0.0
0.0
0.0
0.0
0.0
0.0
0.0
0.0
0.0
0.0
0.0
0.0
0.0
0.0
0.0
0.0
0.0
0.0
0.0
0.0
0.0
0.0
0.0
0.0
0.0
0.0
0.0
0.0
0.0
4.963153261127039e-5
3.4903748791824675e-5
1.0656394033429684e-6
0.0
0.0
0.0
0.0
0.0
0.0
0.0
0.0
0.0
0.0
0.0
0.0
0.0
0.0
0.0
0.0
0.0
0.0
0.0
0.0
0.0
0.000178919213539219
6.26845527356002e-5
5.462439741185973e-7
0.0
0.0
0.0
0.0
0.0
0.0
0.0
0.0
0.0
0.0
0.0
0.0
0.0
0.0
0.0
0.0
0.0
0.0
0.0
0.0
0.0
0.0
0.0
0.0
0.0
0.0
0.0
0.0
0.0
0.0
0.0
0.0
0.0
0.0
0.0
0.0
0.0
0.0
0.0
0.0
0.0
0.0
0.0
0.0
0.0
0.0
0.0
0.0
0.0
0.0
0.0
0.0
0.0
0.0
0.0
0.0
0.0
0.0
0.0
0.0
0.0
0.0
0.0
0.0
0.0
0.0
0.0
0.0
0.0
0.0
0.0
0.0
0.0
0.0
0.0
0.0
0.0
0.0
0.0
0.0
0.0
0.0
0.0
0.0
0.0
0.0
0.0
0.0
0.0
0.0
0.0
0.0
0.0
0.0
0.0
0.0
0.0
0.0
0.0
0.0
0.0
0.0
0.0
0.0
0.0
0.0
0.0
0.0
0.0
0.0
0.0
0.0
0.0
0.0
0.0
0.0
0.0
0.0
0.0
0.0
0.0
0.0
0.0
0.0
0.0
0.0
0.0
0.0
0.0
0.0
0.0
0.0
0.0
0.0
0.0
0.0
0.0
0.0
0.0
0.0
0.0
0.0
0.0
0.0
0.0
0.0
0.0
0.0
0.0
0.0
0.0
0.0
0.0
0.0
0.0
0.0
0.0
0.0
0.0
0.0
0.0
0.0
0.0
0.0
0.0
0.0
0.0
0.0
0.0
0.0
0.0
0.0
0.0
0.0
0.0
0.0
0.0
0.0
0.0
0.0
0.0
0.0
0.0
0.0
0.0
0.0
0.0
0.0
0.0
0.0
0.0
0.0
0.0
0.0
0.0
0.0
0.0
0.0
0.0
0.0
0.0
0.0
0.0
0.0
0.0
0.0
0.0
0.0
0.0
0.0
0.0
0.0
0.0
0.0
0.0
0.0
0.0
0.0
0.0
0.0
0.0
0.0
0.0
0.0
0.0
0.0
0.0
0.0
0.0
0.0
0.0
0.0
0.0
0.0
0.0
0.0
0.0
0.0
0.0
0.0
0.0
0.0
0.0
0.0
0.0
0.0
0.0
0.0
0.0
0.0
0.0
0.0
0.0
0.0
0.0
0.0
0.0
0.0
0.0
0.0
0.0
0.0
0.0
0.0
0.0
0.0
0.0
0.0
0.0
0.0
0.0
0.0
0.0
0.0
0.0
0.0
0.0
0.0
0.0
0.0
0.0
0.0
0.0
0.0
0.0
2.56091491560886e-6
0.0
0.0
0.0
0.0
0.0
0.0
0.0
0.0
0.0
0.0
0.0
0.0
0.0
0.0
0.0
0.0
0.0
0.0
0.0
0.0
0.0
0.0
0.0
0.0
0.0
0.0
0.0
0.0
0.0
0.0
0.0
0.0
0.0
0.0
0.0
0.0
0.0
0.0
0.0
0.0
0.0
0.0
0.0
0.0
0.0
0.0
0.0
0.0
0.0
0.0
0.0
0.0
0.0
0.0
0.0
0.0
0.0
0.0
0.0
0.0
0.0
0.0
0.0
0.0
0.0
0.0
0.0
0.0
0.0
0.0
0.0
0.0
0.0
0.0
0.0
0.0
0.0
0.0
0.0
0.0
0.0
0.0
0.0
0.0
0.0
0.0
0.0
0.0
0.0
0.0
0.0
0.0
0.0
0.0
0.0
0.0
0.0
0.0
0.0
0.0
0.0
0.0
0.0
0.0
0.0
0.0
0.0
0.0
0.0
0.0
0.0
0.0
0.0
0.0
0.0
0.0
0.0
0.0
0.0
8.830626013005475e-6
2.0869445761780948e-5
3.399984034861186e-7
0.0
0.0
0.0
0.0
0.0
0.0
0.0
0.0
0.0
0.0
0.0
0.0
0.0
0.0
0.0
0.0
0.0
0.0
0.0
0.0
0.0
4.149271600422774e-6
0.0
0.0
0.0
0.0
0.0
0.0
0.0
0.0
0.0
0.0
0.0
0.0
0.0
0.0
0.0
0.0
0.0
0.0
0.0
0.0
0.0
0.0
0.0
0.0004491800561425078
0.0003011236992975167
0.00015893113774543213
3.054852341020152e-6
0.0
0.0
0.0
0.0
0.0
0.0
0.0
0.0
0.0
0.0
0.0
0.0
0.0
0.0
0.0
0.0
0.0
0.0
0.0
0.0
0.0002872786878892411
0.0001863847419996779
9.788627548558324e-5
8.766254213240589e-6
3.6092320169206075e-7
0.0
0.0
0.0
0.0
0.0
0.0
0.0
0.0
0.0
1.8007782599609568e-6
0.0
0.0
0.0
0.0
0.0
0.0
0.0
0.0
0.0
0.000770084747939864
0.0005757743810010663
0.00042235928588418376
0.00016740275618871582
2.1820639535089682e-5
0.0
0.0
0.0
0.0
0.0
0.0
0.0
0.0
0.0
0.0
0.0
0.0
0.0
0.0
0.0
0.0
0.0
0.0
0.0
0.0007801471430789327
0.0005999738193176114
0.00045121346733415803
0.0002151942237316561
1.9610216187635577e-5
0.0
0.0
0.0
0.0
0.0
0.0
0.0
0.0
0.0
0.0
0.0
0.0
0.0
0.0
0.0
0.0
0.0
0.0
0.0
0.0
0.0
0.0004813641886433583
0.00022882234019749257
2.3037099075525958e-5
0.0
0.0
0.0
0.0
0.0
0.0
0.0
0.0
0.0
0.0
0.0
0.0
0.0
0.0
0.0
0.0
0.0
0.0
0.0
0.0
0.0
0.0004294562816973712
0.0001176203827503405
0.0
0.0
0.0
0.0
0.0
0.0
0.0
0.0
0.0
0.0
0.0
0.0
0.0
0.0
0.0
0.0
0.0
0.0
0.0
0.0
0.0002684815837193904
0.0001883612397141539
5.6075259618081306e-5
0.0
0.0
0.0
0.0
0.0
0.0
0.0
0.0
0.0
0.0
0.0
0.0
0.0
0.0
0.0
0.0
0.0
0.0
0.0
0.0
0.0
0.0004945937907558766
0.0004149271181378324
0.00035227605400192733
0.00021116045656057166
0.00013270797485025963
2.63254129300648e-5
2.942173918182242e-8
0.0
0.0
0.0
0.0
0.0
0.0
4.098474656265987e-6
5.8355368748084306e-5
0.0
0.0
0.0
0.0
0.0
0.0
0.0
0.0
0.0
0.0008434714890141306
0.0006364165391101493
0.00045179753272128466
0.00016005935576829077
2.9061803185227984e-5
0.0
0.0
0.0
0.0
0.0
0.0
0.0
0.0
0.0
0.0
0.0
0.0
0.0
0.0
0.0
0.0
0.0
0.0
0.0
0.0005521607090531827
0.00039120443994144214
0.00023728493870898642
2.063708604553253e-5
0.0
0.0
0.0
0.0
0.0
0.0
0.0
0.0
0.0
0.0
0.0
0.0
0.0
0.0
0.0
0.0
0.0
0.0
0.0
0.0
0.00018167843020859998
0.00017023588613668787
9.582560703927232e-5
4.7197307498257457e-7
0.0
0.0
0.0
0.0
0.0
0.0
0.0
0.0
0.0
0.0
2.2754535923797815e-5
0.00017740466210734252
0.0
0.0
0.0
0.0
0.0
0.0
1.1984562158379675e-5
1.711398378862959e-5
4.157548983906322e-5
5.287722640995758e-5
0.001073030722112512
0.0006565598456068078
0.0003649497144642226
0.00021162394622085566
4.027717064315281e-5
0.0
0.0
0.0
0.0
0.0
0.0
0.0
0.0
0.0
0.0
0.0
0.0
0.0
0.0
0.0
0.0
0.0
0.0008576838751512633
0.0006723274845627044
0.0005212769032176556
0.00024053359529059066
5.7477619940381526e-5
0.0
0.0
0.0
0.0
0.0
0.0
0.0
0.0
0.0
0.0
0.0
0.0
0.0
0.0
0.0
0.0
0.0
0.0
0.0
0.0005656386708001712
0.00042819918562950085
0.00032222637848322463
9.891395132618075e-5
4.759675088236529e-6
0.0
0.0
0.0
0.0
0.0
0.0
0.0
0.0
0.0
0.0
0.0
0.0
0.0
0.0
0.0
0.0
0.0
0.0
0.0
0.00021020032758872588
0.00012414833801516198
4.777930359150867e-5
0.0
0.0
0.0
0.0
0.0
0.0
0.0
0.0
0.0
0.0
0.0
0.0
0.0
0.0
0.0
0.0
0.0
0.0
0.0
0.0
0.0
0.00022184518971050883
0.00015185188544512425
4.567919879496229e-5
0.0
0.0
0.0
0.0
0.0
0.0
0.0
0.0
0.0
0.0
0.0
0.0
0.0
0.0
0.0
0.0
0.0
0.0
0.0
0.0
0.0
0.0001101474761187857
3.3888964191276596e-5
1.7391803942611585e-6
0.0
0.0
0.0
0.0
0.0
0.0
0.0
0.0
0.0
0.0
0.0
0.0
0.0
0.0
0.0
0.0
0.0
0.0
0.0
0.0
0.0
8.298830109180104e-6
1.3579480353658443e-8
0.0
0.0
0.0
0.0
0.0
0.0
0.0
0.0
0.0
0.0
0.0
0.0
0.0
0.0
0.0
0.0
0.0
0.0
0.0
0.0
0.0
0.0
0.0
0.0
4.1229636247179893e-7
0.0
0.0
0.0
0.0
0.0
0.0
0.0
0.0
0.0
0.0
0.0
0.0
0.0
0.0
0.0
0.0
0.0
0.0
0.0
0.0
0.0
3.0373786450077457e-5
7.149865288029958e-7
0.0
0.0
0.0
0.0
0.0
0.0
0.0
0.0
0.0
0.0
0.0
0.0
0.0
0.0
0.0
0.0
0.0
0.0
0.0
0.0
0.0
0.0
0.00023804249219593334
0.00016684333354240766
9.125237755693095e-5
2.652040454234211e-5
2.9816536795740173e-5
7.421600124724766e-6
1.1431655921336844e-7
0.0
0.0
0.0
0.0
0.0
0.0
0.0
1.0292672868400466e-6
0.0
0.0
0.0
0.0
0.0
0.0
0.0
3.84305863061953e-6
8.621034235786783e-6
0.0009576652297347033
0.0007254438103256192
0.0005718599889636629
0.000307631888975114
0.00010507932394355383
1.3324927769101555e-6
0.0
0.0
0.0
0.0
0.0
0.0
0.0
0.0
2.332306700962985e-6
0.0
0.0
0.0
0.0
0.0
0.0
0.0
0.0
9.767886663107263e-6
0.0009322858891923062
0.0007323594082668686
0.000610854883882019
0.00036298258686096117
0.00014862583848385897
7.6256793814451355e-6
0.0
0.0
0.0
0.0
0.0
0.0
0.0
0.0
0.0
0.0
0.0
0.0
0.0
0.0
0.0
0.0
0.0
2.3677634584636263e-6
0.0008739209335545346
0.0006333267844921693
0.00045730597570142165
0.00016606020601916377
2.3921451992951283e-5
0.0
0.0
0.0
0.0
0.0
0.0
0.0
0.0
0.0
0.0
0.0
0.0
0.0
0.0
0.0
0.0
0.0
0.0
0.0
0.0007755911913692955
0.0005917187707491971
0.0004737742107598599
0.00023522695471996622
3.7948915246987394e-5
0.0
0.0
0.0
0.0
0.0
0.0
0.0
0.0
0.0
0.0
0.0
0.0
0.0
0.0
0.0
0.0
0.0
0.0
0.0
0.0
0.0
0.0006985319285574154
0.00035819980731481116
7.112590513885289e-5
0.0
0.0
0.0
0.0
0.0
0.0
0.0
0.0
0.0
0.0
0.0
0.0
0.0
0.0
0.0
0.0
0.0
0.0
0.0
0.0002788424657609179
0.00015062061730518835
8.411437303705113e-5
5.475384799175749e-6
8.135868615470284e-7
0.0
0.0
0.0
0.0
0.0
0.0
0.0
0.0
0.0
0.0
0.0
0.0
0.0
0.0
0.0
0.0
0.0
0.0
0.0
0.0002851408489718836
0.00015880099039629363
6.90991004140502e-5
1.5040279941734768e-6
0.0
0.0
0.0
0.0
0.0
0.0
0.0
0.0
0.0
0.0
0.0
0.0
0.0
0.0
0.0
0.0
0.0
0.0
0.0
0.0
7.600555063035846e-5
4.418668805355347e-5
9.751012063544786e-6
0.0
0.0
0.0
0.0
0.0
0.0
0.0
0.0
0.0
0.0
0.0
0.0
0.0
0.0
0.0
0.0
0.0
0.0
0.0
0.0
0.0
0.000392753396155161
0.00026449332015378036
0.0001436723089082194
1.5366796778305083e-5
1.3579017736288483e-7
0.0
0.0
0.0
0.0
0.0
7.995483213921637e-7
6.0187497915642614e-5
0.00017390859613618297
0.00026920222940420745
0.00032717274281472957
0.0
0.0
4.6544840915506265e-6
1.2031965290806045e-5
3.541057626023562e-5
6.320575259672538e-5
0.00013149074754952286
0.00015947560897819455
0.00018608159877388767
0.001246288465341416
0.001004640561222503
0.0008593845015765715
0.0005847946663596698
0.0004038278189212288
0.00022881474409247054
9.38830918115129e-5
2.0466812648292954e-5
8.345253514141379e-7
0.0
0.0
2.1521502651551864e-6
6.650441285901745e-5
0.0001980382515350593
0.00034564858008632023
0.0
0.0
1.3844783184651358e-5
3.1328117957361234e-5
5.9382219348423805e-5
0.00015654909482044226
0.00020787326992019773
0.000285545251361908
0.0003472777431024662
0.0014898551841656346
0.0012474530732151392
0.0010489814362039081
0.0007110724459649348
0.000394864737443766
0.00017963182974694113
5.466852712156125e-5
1.8482986555061674e-7
0.0
0.0
0.0
0.0
2.86884835405431e-6
7.769042511316065e-5
0.00020086560067240504
0.00034983634794156663
0.0
0.0
0.0
6.09391462651723e-6
2.000547644511357e-5
6.0462688873820724e-5
0.00011929590801252646
0.00018499274165785742
0.0002247975399613999
0.0002502136001981056
0.001262130151146322
0.0008119419956104147
0.0004796518836649086
0.00026040631061221393
3.9333621596347166e-5
0.0
0.0
0.0
0.0
0.0
4.71939685767282e-5
0.0
0.0
0.0
0.0
0.0
0.0
0.0
0.0
0.0
0.0
0.0
0.0
0.0006453046539976585
0.0004295075670378346
0.000270193786093574
5.8982574561077113e-5
1.20434887636077e-6
0.0
0.0
0.0
0.0
0.0
0.0
0.0
0.0
0.0
1.570861064457499e-6
0.0
0.0
0.0
0.0
0.0
0.0
0.0
0.0
0.0
0.0005259940634841186
0.00035073705825910425
0.00022999613408018112
8.751946931098385e-5
2.7395885703327647e-5
0.0
0.0
0.0
0.0
0.0
0.0
0.0
0.0
0.0
7.599366292473695e-7
0.0
0.0
0.0
0.0
0.0
0.0
0.0
0.0
0.0
0.0007449866447665038
0.0005170063062968991
0.0003305578609134099
8.138103858651056e-5
1.6592256393678565e-6
0.0
0.0
0.0
0.0
0.0
0.0
0.0
0.0
7.366280581715364e-8
1.8091482214558994e-5
0.0
0.0
0.0
0.0
0.0
0.0
0.0
6.140979357441022e-6
1.0276948425686541e-5
0.0009413938844058412
0.0006764990386329989
0.0004584825910473677
0.00015651602512654293
1.5545017632391513e-5
0.0
0.0
0.0
0.0
0.0
0.0
0.0
0.0
9.263027193819607e-6
6.715524914317285e-5
0.0
0.0
0.0
0.0
0.0
0.0
9.596692683753642e-6
9.355175690815628e-6
3.6065986245098075e-5
0.0010516658847132074
0.0007011741879179687
0.0005145345094427994
0.00027827324933713123
0.0001420426675189403
2.846279917157375e-5
6.72063255930591e-8
0.0
0.0
0.0
0.0
0.0
1.0885973452916028e-5
5.8343975638162375e-5
0.00010210463557307175
0.0
0.0
0.0
0.0
0.0
0.0
0.0
0.0
0.0
0.0005444920748317229
0.00036037599573207954
0.0002439770853568165
4.87693691296865e-5
0.0
0.0
0.0
0.0
0.0
0.0
0.0
0.0
0.0
7.389410217729767e-7
1.9803490503375543e-5
0.00011203457697007924
0.0
0.0
0.0
0.0
0.0
0.0
0.0
0.0
0.0
0.0
0.0007266719629008801
0.0003800990698183667
0.00015732881837783087
4.875402672610034e-5
0.0
0.0
0.0
0.0
0.0
2.594518613873329e-6
0.00010574999748385922
0.0
0.0
0.0
0.0
0.0
0.0
0.0
0.0
2.2743982982592426e-6
1.0548109200756107e-5
2.1870772996308648e-5
0.0010542327445739155
0.0007962139549685148
0.0005980628863454197
0.0003221865068659726
0.00014103744750012495
1.4387373288361886e-5
0.0
0.0
0.0
0.0
0.0
1.7358872964750096e-6
9.648596560015824e-5
0.0002574977235457849
0.00037561177037668495
0.0
3.0762336973981788e-6
1.867717791568753e-5
3.9349017797845824e-5
6.680422928783661e-5
0.00013658214978983042
0.00015341170276718592
0.0001622910017913901
0.0001726163713563705
0.0012570377960420718
0.0009753288642687478
0.0007043462947843364
0.0004258281270612215
0.000267200251322194
0.00012619221724529837
6.95784413242124e-5
9.772434578715206e-5
0.0001693775697142472
0.00022407805866553657
0.00028817588516611797
0.0003633698450949181
0.00045958467394573545
0.0005615265923865549
0.0006519895340757897
6.7820390695900234e-6
4.352664429981073e-5
0.0001733229850604649
0.0002075903908829032
0.0002756976571755112
0.00026770027934762565
0.0003136379184305185
0.0002729895100078898
0.00030348498735144694
0.001362263156991915
0.0010410640544237409
0.0008460577866830292
0.0005703859868610002
0.00040402101951903885
0.0002787441157203427
0.00017357232544382105
0.00011724025862489927
0.00011182124515335619
0.00010212721311802306
0.0001459152063364299
0.000251558835025227
0.0004030780125185543
0.000527175921969687
0.0006071221303589915
3.756800837116293e-6
4.8039544152940134e-5
0.00017212445199511005
0.00025929320068238836
0.00031450722629645076
0.00033860570494229515
0.00040246298328995084
0.00040779838032378664
0.00041288417214433625
0.001544501765051196
0.001241943405762469
0.0009651796934973746
0.0006287468216895979
0.0004109048977981965
0.00022354164710571917
9.378647770879068e-5
1.1238062534060165e-5
0.0
0.0
0.0
1.7165978053704035e-5
0.0001319631615316754
0.0002782301458395573
0.00035041958617808565
0.0
0.0
1.6601031492585987e-5
5.365967917920044e-5
0.00013292073790657782
0.00017135673668024654
0.00022580879928888674
0.0002464776457609086
0.00029520930531161524
0.0014069018761355412
0.0011029031946715314
0.0008056630697733177
0.000393860270025702
0.00012703077804822658
2.92372871999268e-6
0.0
0.0
0.0
0.0
0.0
0.0
1.8984948070073641e-6
6.99860766575759e-5
0.00016710375595680566
0.0
0.0
0.0
0.0
6.048837622158575e-6
1.8140961612096644e-5
3.861799664947283e-5
3.1896181978097834e-5
4.3735554319439885e-5
0.0010839372474787787
0.000874033090493501
0.0006855061133071899
0.0002686075503298362
1.1132713939686491e-5
0.0
0.0
0.0
0.0
0.0
0.0
0.0
0.0
2.4055954045853487e-5
0.00012703058668972968
0.00028239125800001973
0.0
0.0
0.0
0.0
2.236702157973279e-6
6.80996800166433e-6
6.561810633171578e-6
5.702076623411711e-6
1.1481269765897001e-5
7.294849961240761e-6
0.0007391325146105919
0.000342995118681627
6.036718120250743e-5
0.0
0.0
0.0
0.0
0.0
0.0
0.0
2.0630766639539368e-5
0.0
0.0
0.0
0.0
0.0
0.0
0.0
0.0
0.0
0.0
0.0
0.0008583557707145404
0.000561089578478438
0.00028098233334640765
1.4092594864581793e-5
0.0
0.0
0.0
0.0
0.0
0.0
0.0
0.0
0.0
0.0
0.0
0.0
0.0
0.0
0.0
0.0
0.0
0.0
0.0
0.0
0.0008125172914139985
0.0005529690112880122
0.00035952289379401566
8.483729722984786e-5
0.0
0.0
0.0
0.0
0.0
0.0
0.0
0.0
0.0
0.0
0.0
0.0
0.0
0.0
0.0
0.0
0.0
0.0
0.0
0.0
0.0005025939515319047
0.0003341909162127801
0.00022297528850345847
5.2719861153199844e-5
3.41347987748136e-6
0.0
0.0
0.0
0.0
0.0
0.0
0.0
0.0
0.0
6.199093352287523e-7
0.0
0.0
0.0
0.0
0.0
0.0
0.0
0.0
0.0
0.0
0.0
0.0003725764174341457
0.00019334157144985638
2.4295715689320636e-5
0.0
0.0
0.0
0.0
0.0
0.0
0.0
0.0
0.0
0.0
0.0
0.0
0.0
0.0
0.0
0.0
0.0
0.0
0.0
0.0002113026116900539
0.00010199532963075302
2.460813937854399e-5
0.0
0.0
0.0
0.0
0.0
0.0
0.0
0.0
0.0
1.6614839993205936e-7
2.7512831950614282e-5
0.00011132516343281587
0.0
0.0
0.0
0.0
7.674146728092658e-6
1.9446460210297913e-5
4.9437776163322044e-5
0.0001218770804134604
0.00019822546950304092
0.0013003020560137496
0.0010456386428271782
0.0008648815084947302
0.0005509886982662538
0.0002475337026347834
3.680707125434136e-5
0.0
0.0
0.0
0.0
0.0
0.0
6.765309274534753e-6
9.791484661406166e-5
0.0002254390662025139
0.00037949753258857493
0.0
0.0
0.0
2.402434763360567e-6
1.2359439070840083e-5
2.300669057578797e-5
4.2278627061043976e-5
0.0001029154453729723
0.00014330956748606134
0.0001672833279041763
0.0010665980243710356
0.0006526712223381222
0.00037277927084411363
0.00021030653116935113
6.431319108344486e-5
5.802085560825781e-5
6.850239867990452e-5
6.900241430346916e-5
8.3885612358012e-5
0.0003137395974095051
0.0003959730315976843
0.0
0.0
0.0
0.0
0.0
0.0
0.0
3.7978418795585562e-6
8.381916942488975e-6
2.047797754845605e-5
2.6714232582186043e-5
0.0010471694160551503
0.0007561648848707377
0.0006016356335994483
0.0004231014693753162
0.00035272047559912405
0.0002603102201764
0.00018704792652238673
0.00015505753799058733
0.00015994111390335081
0.0001651521297629308
0.00019315702889581652
0.00024168457851944647
0.0003072244090733482
0.0003403661997243931
0.0003558706179117032
0.0
0.0
0.0
0.0
0.0
0.0
0.0
0.0
0.0
0.0007734467851626653
0.0005342210154302702
0.0003891740680545392
0.0002011787052934539
0.00012072806305769352
5.804146794258016e-5
1.9015380156468e-5
9.787624647318895e-7
0.0
0.0
0.0
0.0
1.837103457813082e-6
1.8926133363579255e-5
4.701293026649684e-5
0.0
0.0
0.0
0.0
0.0
0.0
0.0
0.0
0.0
0.00048797680173296993
0.0003136862348718646
0.0001995870093189062
6.436106102676691e-5
2.3351460506398324e-5
3.597763668492011e-7
0.0
0.0
0.0
0.0
0.0
0.0
0.0
0.0
0.0
0.0
0.0
0.0
0.0
0.0
0.0
0.0
0.0
0.0
0.0006930253880698943
0.0006111118749077999
0.0005957729453850047
0.0005337785268296602
0.0005235281853247567
0.0004545343693358176
0.0004251616031239899
0.00042849938645457287
0.0004327950708886949
0.00041603257680899135
0.00043295913326147473
0.0004697522489336753
0.0005287498385968921
0.0005829388996649799
0.0006161358764673258
3.507167581745214e-6
3.473088223352272e-5
0.00012524900953484705
0.00020810847001832808
0.00026177480564158924
0.0002807720887318289
0.0003125911384612802
0.0003090587163784967
0.0003370035176045078
0.0014766779707745916
0.0011814385276936843
0.000928653803241348
0.0006312644747935639
0.0004454071629370285
0.00025113005965424884
0.00013052808933629938
6.362109497404788e-5
6.328576770172253e-5
0.00010142195930560571
0.00015283469735468178
0.00023752187044668286
0.000360391825598366
0.000488577620424778
0.0005896425403015209
0.0
2.0604188853129835e-5
6.644763594103456e-5
0.00012718430246988366
0.00013860470182970575
0.00014882250715208157
0.00014228959220347748
0.00015191897255124634
0.00015236764623253465
0.0011496961259700427
0.000859769091175247
0.0006181562227157585
0.00028490101827851846
3.722573683902624e-5
0.0
0.0
0.0
0.0
0.0
0.0
0.0
1.1911124405884443e-6
4.510490544738326e-5
0.00014202639771760536
0.00034776496439001053
0.0
0.0
0.0
0.0
0.0
8.958563155328483e-6
1.2057401036272041e-5
1.2045092762542431e-5
3.373557317057149e-5
5.7157509558585866e-5
0.0010009187976023624
0.0005986113512874768
0.00034579172844358564
0.00017114018236548357
1.4781421461308373e-5
0.0
0.0
0.0
0.0
6.940408835978393e-5
0.0002867668971936569
0.0
0.0
0.0
0.0
0.0
0.0
0.0
0.0
1.996583556421191e-6
7.299010889298976e-6
8.294036424002138e-6
0.0009285832631165202
0.0006364499115328518
0.0004727637964539941
0.000253605642698204
0.00013615707904910052
4.551345913514655e-5
5.946235760935238e-6
0.0
0.0
0.0
0.0
0.0
0.0
1.8465864737760852e-6
2.355191319222407e-5
0.0
0.0
0.0
0.0
0.0
0.0
0.0
0.0
0.0
0.0005890603248723933
0.0003698837394772747
0.00019469038463927336
1.5449770985714948e-5
0.0
0.0
0.0
0.0
0.0
0.0
0.0
0.0
0.0
0.0
0.0
0.0
0.0
0.0
0.0
0.0
0.0
0.0
0.0
0.0
0.0004115889886333967
0.00031044246031216525
0.0002391659837979513
7.558100680721257e-5
1.0804804894176493e-5
0.0
0.0
0.0
0.0
0.0
0.0
5.621068321443482e-6
9.505805448928442e-5
0.0002541170403855557
0.00038021399091009954
0.0
3.3643264718762663e-6
1.671767416373694e-5
3.2250647226146976e-5
0.0001056360166385175
0.00017912731178347432
0.00024042088126900236
0.00027704339639657744
0.0003151479777675134
0.0014292809938338852
0.0011206872687429725
0.0008596756807751885
0.0005246111579474713
0.00030465761222336793
0.00011828560942147182
1.7179399554449418e-5
0.0
0.0
0.0
0.0
3.542551909261371e-5
0.0001515708491095812
0.00032026206402395593
0.00043102161422982685
0.0
8.305517161972896e-6
3.553120261134539e-5
9.276592340537541e-5
0.00016348920717014734
0.00019783841616949525
0.00027171218040955526
0.0002940718408880911
0.0003594089589973453
0.001468744419270764
0.0011753782161137557
0.001000117089925507
0.0007379501666749434
0.0005790843514887531
0.0004297141582626739
0.00029268742401833495
0.00019381706349836796
0.00016853829994048985
0.00015580439644636695
0.0001671298929300221
0.0002266311364315877
0.00033769472942227257
0.0004165485400780638
0.00046840431188609216
0.0
8.655329087788224e-6
4.671794352524445e-5
0.0001281600349932007
0.00020056734208754754
0.00023296925245133132
0.00026439773056852065
0.00024737761350703084
0.00022568711247800924
0.0012538450695697282
0.000954857918779159
0.0008132298188828959
0.000624699208642826
0.00046461310227850815
0.0003611343777561783
0.00030588412297631075
0.0002802966479854503
0.00027393048279406544
0.00026372962319788515
0.0002604710298706958
0.0003343464075859494
0.0004969729566017831
0.0005643762522515418
0.0005898132557752493
0.0006547563527044902
0.0
6.95878691310691e-6
1.657563893951045e-5
4.37812298255751e-5
0.0001563917105064057
0.00021174640718554276
0.00024497949237029367
0.0002737893601777836
0.0003172606983594134
0.0003261213134548804
0.0013071797686392526
0.0008575320565794513
0.0005490506122921145
0.0003762653401401693
0.00020610094375698228
0.0001292317298510595
8.868981068336628e-5
7.862622151411124e-5
0.00013722611724217547
0.0004910348479352718
0.000679620412465651
0.0
2.9243525677960525e-6
3.021869737498642e-5
7.838824171851402e-5
0.00014325161077307865
0.00019187854615494173
0.0002435845878347488
0.00030819100796825624
0.0003116535094033201
0.0003423992661287348
0.0003694173317578251
0.0014950944246717194
0.0011654043285546783
0.000928395221387261
0.0006404658888804825
0.00047730383125318526
0.00032867327166357144
0.0003162937153917796
0.000347558391190245
0.0003280392517102315
0.0003081809545989032
0.0003489289988507031
0.000426817239889517
0.0005253199788757707
0.0006247843158003527
0.0007119384366010505
8.84806382987744e-6
0.00012160364603723683
0.00022946245770976383
0.0003378672113532311
0.0003611290488048801
0.00046687537120728714
0.000465542357534246
0.0005663585558884991
0.000513364567995964
0.0017556017371672
0.0014488139271171508
0.001196664115398518
0.000893644666711468
0.0007294847565600615
0.0005759922181772766
0.0004584542272842679
0.00037049050567312643
0.00035026882785035683
0.00032139364857597814
0.00035148859322013567
0.0004557776554240875
0.0005827374483592548
0.0006248788717939888
0.0006471623139413367
3.3374725397958877e-6
4.2952895062962994e-5
0.00016894291709079498
0.0002202357780155885
0.00023395640270343175
0.00024328823020190252
0.00025623977875884247
0.0002534653304399398
0.00027152785246173567
0.001321401697897496
0.0010149419246244839
0.0008342878689102983
0.000601530302155085
0.00047867368355520977
0.0003552877133701398
0.0002845240158493584
0.00019384276201551628
0.00010399834600323414
5.64965819599863e-5
6.629906414719101e-5
0.00012287941771457953
0.00018579799857958162
0.00026160674878921244
0.00029279812339129283
0.0
0.0
0.0
0.0
0.0
0.0
0.0
0.0
0.0
0.0007576676243331147
0.0004930090316616442
0.00032056344587651133
0.00010688282413293114
1.1111323680154502e-5
0.0
0.0
0.0
0.0
0.0
0.0
0.0
0.0
3.7880106669289524e-6
4.4473738293198284e-5
0.0
0.0
0.0
0.0
2.25985982528831e-6
1.056376120116071e-5
1.1758356746151664e-5
2.864490174686622e-5
7.161457923193749e-5
0.0011223713404475315
0.0008719859012127655
0.000710833544872383
0.0004895347318144012
0.0003457851217148353
0.00016428860085889935
5.1312345290054706e-5
5.752739562699511e-6
1.690224152151078e-7
0.0
0.0
2.0949925436094082e-5
0.0001198325874064529
0.00023703433872731243
0.0003309898273386882
0.0
0.0
2.4745384601178104e-6
1.3325231348318448e-5
1.5410127578221753e-5
3.688862587010544e-5
4.7014075135990414e-5
4.923788373376375e-5
7.377407014522299e-5
0.0010718750710057901
0.0008352209616580248
0.0007524149947406052
0.0006139551337147501
0.000474810411705457
0.0003533540232030948
0.00031458009689385114
0.0002911091819896655
0.0002941853866821009
0.0003030060033685576
0.00030039332561903736
0.00032781898823584267
0.0004518922566408218
0.0005054392807573719
0.0005186923059140498
0.0005906870484952216
0.0
4.210006494917405e-6
1.0001889662167009e-5
2.7749296900524153e-5
4.3328056777751475e-5
9.534402812362531e-5
0.00012711537407936635
0.00017056425260310852
0.00018857621675793124
0.0002200577834932639
0.0012337875715138086
0.000981944876702401
0.000832207356044026
0.000759848549339214
0.00065504763003962
0.0006184470056708733
0.0006175224885445711
0.0006215619927731113
0.0006208368043075215
0.0010111958544234477
0.0010966514353937026
1.402694420277918e-5
0.00010592887648268854
0.00019419302478694187
0.00027257207102177234
0.00029510351399677994
0.00034831062820479087
0.0003485604119741498
0.0004101424384099734
0.0003994676638822066
0.00045461692001407726
0.0004494530201567421
0.00163763062578201
0.0013292474937904356
0.0011821703792741526
0.0009736008959633685
0.0008158571750508274
0.0006564591754157107
0.0005521151881929369
0.0004616761215612502
0.0004289855151453375
0.00041209458563632275
0.0004299965042507782
0.0005226088041119969
0.0006440729087324792
0.0007556482918025062
0.000820671901806368
3.1947935415861805e-5
0.0001915361503268262
0.0003072894537075208
0.0003526520217610405
0.00041434368994476664
0.00043350784670305323
0.0004607001015611155
0.00044972596121596787
0.00047063989276739063
0.0016161098677970958
0.001307143434712335
0.0010974306385348586
0.0008134670394839542
0.0006478140232707108
0.0004765112886330725
0.000324536154111574
0.00019671961324350539
0.00012804807506675017
8.450239185209118e-5
0.00011274653940683493
0.00022950024812426681
0.00039717781227685816
0.0005272000120956368
0.0006100734393152359
3.620369263231201e-6
4.5381046357761445e-5
0.00013521433156346024
0.00022351025497616465
0.00026487062700640855
0.0003223235072865364
0.00034244026192516066
0.00039406240135429575
0.00039523018379785
0.0015731855517813187
0.0012687459009068916
0.0010357326289144935
0.0007339051640285994
0.0005895484813069275
0.00045004889551058234
0.0004013855334265927
0.000393624801554251
0.00038977867632553303
0.00037519127359856495
0.00038618239171448365
0.0004340442191315139
0.0005002861394041133
0.0005522100615511197
0.0005660777566674094
0.0
8.529598836899602e-6
2.563315590451776e-5
3.893483691314049e-5
0.00010801168441843988
0.00013898643933790431
0.00019156913066565895
0.0001931218669068151
0.0002546089220020035
0.0013087828259564554
0.0010343935967155368
0.0008943619079682484
0.0007122527877252782
0.0006080727933940168
0.0004902991399133781
0.0004104595971320172
0.00034289358929534666
0.00031152772781948635
0.000279916113874314
0.0002948551089144742
0.00033066002472066294
0.00038832646191525136
0.0004374011435498418
0.00048739650867025747
0.0
1.78587532924191e-5
0.00010633675359853737
0.00020476982040578074
0.00026734680703464485
0.00030594993144224215
0.00035993378705932483
0.00038359187325117284
0.0004354664103934853
0.0015872688916394179
0.0013086378160866567
0.0011760379607745222
0.0009957460357252086
0.0009190059299535937
0.0008058137122475809
0.0007079911374035326
0.0006147144525805038
0.0005482946376167577
0.0004908178278957394
0.000511478422889544
0.0006279770391914872
0.0007573807249340658
0.0008412746483300688
0.0009140540379327976
6.0713466440986516e-5
0.0002595390421986461
0.0003659275985959187
0.0004457177780951103
0.0004924846315796217
0.0005484049962079788
0.0005722818619638687
0.0006209730519886795
0.0006442942121149703
0.0018868333900107718
0.0016298693124854936
0.0014215096753889397
0.001117523417360394
0.000846040628199339
0.000604803438635602
0.0004415533348393899
0.00031478691797689627
0.00021368944435473333
0.00016052591662383723
0.0001686253944779456
0.00032690491517621903
0.000610890472464433
0.0007231560849086739
0.0007904482166931892
0.0009069799213303474
5.115898243160163e-5
0.00021192718311540532
0.00028256053886274816
0.00035178676137150337
0.00035759506115970593
0.00040016162937662667
0.0003888503625332639
0.00039616032659589573
0.00039011919230792026
0.0004159817679775295
0.0014779791584838239
0.0011076731280403166
0.0007968626550349311
0.0004968931734656199
0.0002145682856359674
8.62570181939734e-5
5.738263991073637e-5
7.338252927698534e-5
0.00011053168068956045
0.0003985400267234761
0.000540184546845707
0.0
0.0
5.779834160326886e-6
1.7984655675059253e-5
5.635239720719696e-5
0.00011969717656630544
0.0001454394878344487
0.00018818510870714883
0.00024108116344671241
0.00025693682515433406
0.0002933219734774746
0.0014009286077909353
0.0011094090506412865
0.0008728445177449814
0.0005206757338842414
0.00026921093566890155
7.038919812731483e-5
2.8017155428156877e-6
0.0
0.0
0.0
0.0
3.486921835827141e-7
2.3232881973135967e-5
7.627696293223742e-5
0.00010045214091683675
0.0
0.0
0.0
0.0
0.0
0.0
0.0
0.0
0.0
6.186545650116409e-6
1.0144026994584925e-5
0.0009194972708178283
0.000673761357304966
0.0005486952490410523
0.000500320239608427
0.00041730243123976464
0.0003998755768479244
0.00033894887184301103
0.0002573754882796711
0.00023516907651619377
0.0004759043112203307
0.0005407911087573893
0.0
0.0
0.0
0.0
0.0
0.0
0.0
0.0
0.0
0.0
0.0
0.00040785840012200826
0.00022162259976911928
8.845976672691664e-5
1.0114576361132812e-6
0.0
0.0
0.0
0.0
0.0
0.0
0.0
0.0
0.0
3.2260155421751494e-6
5.56629179687671e-5
0.0
0.0
0.0
0.0
0.0
2.386301254692444e-6
1.210555676482789e-5
2.3990395881950833e-5
5.540979164205207e-5
0.0011499468008251
0.0009024822318972085
0.0006873901887653955
0.0003591563172524
0.0001547131681858027
1.9377563278926456e-5
0.0
0.0
0.0
0.0
0.0
3.6863228756840298e-6
0.00010978169593109187
0.00022542128870389693
0.0003370094737359372
0.0
0.0
5.8202784896345295e-6
2.1104902956006305e-5
0.00010864149389941841
0.00016087061688830777
0.00020912888808607893
0.0002420504791978258
0.0002974326765933679
0.0014388203692726495
0.0011234577823577363
0.0008774956697290971
0.0005759518796027714
0.0003521996360083837
0.0001289119797858668
1.7833054713646574e-5
0.0
0.0
0.0
0.0
1.3678641990897297e-5
0.0001312381851149021
0.00024643206004120924
0.00035447370180873716
0.0
0.0
1.488013143333534e-5
2.030787500426619e-5
4.305085157150009e-5
0.00010926648632578786
0.0001818471587645807
0.00020792543371340197
0.0002213282826670607
0.0012261264591402292
0.0008747242514713142
0.0006888458174635834
0.00045657328803483876
0.00022706453423259633
6.523227163181176e-5
1.4254048852044552e-5
6.010771009604154e-7
0.0
0.0
0.0
0.0
0.0
9.344085257316293e-7
1.3041706068992115e-6
8.879431471521911e-5
0.0
0.0
0.0
0.0
0.0
0.0
0.0
0.0
2.4185465125293744e-6
1.0395372841486908e-5
0.0009208068201585064
0.0006328976603283106
0.00037104682785268466
0.0002550640760670592
0.00017647249526297825
0.0001478645066487338
0.00015169972203978559
0.00017175922394469743
0.0001732726049792622
0.0004074739821466849
0.00048181377049565
0.0
0.0
0.0
0.0
0.0
0.0
0.0
0.0
0.0
0.0
0.0
0.0003415648173689403
0.00017002360052914008
5.6002966439283564e-5
0.0
0.0
0.0
0.0
0.0
0.0
0.0
0.0
0.0
3.4048536441148624e-7
3.927571368971811e-6
8.486584330809555e-6
0.0
0.0
0.0
