0.0
0.0
1.747866841233539e-5
2.5958952347416823e-5
5.06138133461946e-5
5.156212433996582e-5
8.390001859679886e-5
3.987664191688747e-5
4.118204789719071e-5
2.1139671237072627e-5
0.0
0.0
0.0
0.0
0.0
0.0
0.0
0.0
0.0
0.0
0.0
0.0
0.0
0.0
0.0
0.0
0.0
0.0
0.0
0.0
0.001294924495672307
0.00044762310090649233
2.0850151912037256e-5
6.861670267972835e-6
3.8925502116429773e-7
2.4590285750030286e-8
0.0
2.0083522268695778e-8
0.0
0.0
2.5425461338629898e-8
0.0
0.0
0.0
0.0
0.0
0.0
0.0
0.0
0.0
0.0
0.0
0.0
0.0
3.042303836755429e-6
0.0
0.0
0.0
0.0
0.0
0.0
2.169898662782703e-8
0.0
0.0
2.5694325661613474e-8
2.7631219449069166e-8
0.0
0.0
0.0
0.0
0.0
0.0
0.0
0.0
0.0
0.0
0.0
0.0
0.0019191200984652044
0.0019179451721293894
0.0010249702496273258
0.0005833083232417433
0.0003740571034988208
0.00021112082172839241
0.00011455733268642009
5.1951290865693765e-5
6.942870295274477e-6
1.1832082928567606e-5
2.504720709788649e-5
0.00011110051383645437
0.00030424166882539623
0.0007778634659548197
0.0011308122270044963
0.0
0.0
0.0
0.0
0.0
0.0
0.0
1.645725171364238e-6
3.840999221644253e-6
0.0027517870527178937
0.0019991454595758877
0.000966121459326958
0.00035472963483513457
4.218550137675569e-5
4.911416199443638e-8
0.0
5.104158678245644e-8
0.0
0.0
2.8668842847140444e-8
0.0
0.0
2.0737627394852568e-7
3.4383835885700574e-5
0.0
0.0
0.0
0.0
0.0
0.0
0.0
0.0
0.0
0.0005312319212212606
0.0002954373960041985
4.936031732563033e-6
0.0
0.0
0.0
0.0
2.291383428434007e-8
0.0
0.0
2.419926400031572e-8
0.0
0.0
0.0
0.0
0.0
0.0
0.0
0.0
0.0
0.0
0.0
0.0
0.0
0.0
0.0
0.0
0.0
0.0
0.0
0.0
0.0
0.0
0.0
0.0
0.0
0.0
0.0
0.0
0.0
0.0
0.0
3.2730839216941817e-6
5.4715251074146436e-6
9.36031988299019e-6
1.336300199547906e-5
1.8581279087134466e-5
3.33751195672951e-5
4.956836972982216e-5
2.42501279468059e-5
2.6920396598746563e-5
1.8608441122643362e-5
1.0038983706270556e-5
0.0
0.0
0.0
0.0
0.0
0.0
0.0
0.0
0.0
7.631168046059273e-6
4.899889345799478e-5
6.520410393110758e-5
9.926330455084055e-5
0.00013273163075897985
0.00016608540896595125
0.000195905138949751
0.00024080348181145672
0.0002869427859531361
0.00031978744653764885
0.00473785458594389
0.0033540656200686295
0.002392357079944497
0.0014055754467728946
0.0007987923458723726
0.0004173953240069833
0.0002195947454563393
0.000117272745387521
4.156923053562178e-5
2.2671829281565266e-5
2.6693692359738375e-5
0.00017170241391534322
0.0006354431833931842
0.0010411419576372872
0.0013098631090507973
0.0
0.0
0.0
5.83374552729012e-7
1.673593151884871e-6
6.688037101913076e-6
9.104036052160016e-6
2.2533778262412092e-5
3.038087706768446e-5
0.003498436438602506
0.002502173617360446
0.0018797670411137238
0.0016121410392225923
0.0012987725037213876
0.0010760949107477854
0.0010051636558281326
0.000969870576513527
0.0009314521286749713
0.000906671100069372
0.000851473436703244
0.0013734909813937623
0.0015789746568342705
0.0019349777965525208
0.0023209292527938343
7.843904311264517e-6
1.8002082757233864e-5
6.185122671259557e-5
9.500196478099326e-5
0.00019651389850873914
0.0002344125181086686
0.00039485984454801844
0.0004095124444445746
0.0006030163070594655
0.005681794400094714
0.0048173764117071605
0.004011424630078691
0.003616018631763634
0.0032986219760736592
0.0028928227076829836
0.0025831880525144435
0.002395199674308381
0.0022058537754113075
0.0019644077975415957
0.0018072621171741478
0.0021471163827201938
0.002264793972696794
0.0023119282365177823
0.002355511210119809
1.4435460425165259e-5
3.127412457109822e-5
0.00010747440364750924
0.00011010841985067586
0.00021374299874856573
0.00018460619006127187
0.00033206097812848783
0.0002595254601169791
0.000408909986423458
0.004473405531949831
0.003345091369964904
0.0027928917511605205
0.0026107141541521265
0.0024268429255279215
0.0023277437077223336
0.002377753225868618
0.002279389743902322
0.0020267965857947907
0.0016774697999032884
0.0014306627139448282
0.001593986330858897
0.001728984401668935
0.0018521040896144964
0.0018456831810708526
5.078520266861175e-6
7.924165187357615e-6
1.9128167994318164e-5
2.3139789758587398e-5
5.032635393956064e-5
5.4194095389836746e-5
0.00010124660751148086
9.81073687895492e-5
0.00024882456973824196
0.004467523099695276
0.003387082872061584
0.002892454601768496
0.0028061528854681486
0.0028045562534805934
0.0026215519599470266
0.0025542670960999056
0.0028109183919079626
0.0029395980394658914
0.002892539758207905
0.0027368989540979766
0.002895502440998612
0.0029588704234458974
0.003008182296709458
0.003058866219188732
5.338529565259822e-5
0.00010493717273585828
0.0001988240338471709
0.00023864959988905275
0.00038522686874018684
0.00037716640836064875
0.0005356484362669397
0.00047572458556520355
0.0006417858816478534
0.0005665070232067073
0.000399560806692553
0.00022726541703611228
0.00019314868740785723
0.00010789878794297222
8.633701729758566e-5
5.519594914348123e-5
3.2570056985292524e-5
1.146603089542433e-5
3.7384778279419824e-6
3.201548152807875e-6
3.838953637601456e-6
2.3884433683531836e-5
3.81178874709701e-5
4.8382553786867585e-5
0.0001512350094358489
0.0001909871755593444
0.00023101864828162897
0.00025598453912118856
0.00030532491455271664
0.0003591712752083091
0.0004000772871213657
0.0004247390823378465
0.00047133520900061323
0.00045821793121692
0.00024508696457423276
0.000171727877148386
0.00011016668810416512
4.278099730413983e-5
0.0
0.0
0.0
0.0
0.0
0.0
0.0
0.0
0.0
0.0
0.0
0.0
4.690132290123759e-6
2.7594941565480084e-5
3.444397424138863e-5
5.9457646282612344e-5
7.529348042006086e-5
0.0001246515302439475
0.0001416170787193454
0.00020471929713411228
9.948397072876143e-5
7.316582039227571e-5
2.3322248287063125e-5
5.405598990521063e-6
0.0
0.0
0.0
0.0
0.0
0.0
0.0
0.0
1.1265884279282929e-5
2.6386996456861405e-5
8.815939955128107e-5
0.000143403957138219
0.00018999418218870336
0.000286557840843237
0.00028597810506150414
0.0003842665502233086
0.0003493484047302472
0.00046528068267614396
0.00045177883260971827
0.005253000583806725
0.004035915931304636
0.0031685287659305003
0.0027402621826782647
0.0024767851976426336
0.002172839154557364
0.0018756737188213577
0.0017300575614105096
0.0016209547304657872
0.0015235563416170397
0.0014171396378018374
0.0016412283592154094
0.0017487795278869813
0.0018828746500384494
0.0018686715208373786
2.2174450450691712e-6
3.808743293941909e-6
1.3500505466262555e-5
1.638772051215522e-5
2.3467050894689593e-5
1.4710076381266146e-5
2.172727223933921e-5
1.7746588348223906e-5
2.358237122446403e-5
0.0024772748496434396
0.0016569506811240915
0.0011971847755643833
0.0008372828830553446
0.000296078015013633
5.437208042117513e-6
4.4451509705171306e-8
2.1224161531276575e-8
0.0
0.0
2.499375307474334e-8
4.4430036806748157e-7
1.6171396378102063e-6
1.8873084284287628e-6
2.2455799855817467e-6
0.0
0.0
0.0
0.0
0.0
0.0
0.0
0.0
0.0
5.492385435392295e-5
9.347488181390583e-6
9.499832280013009e-9
0.0
0.0
0.0
0.0
2.1420817936572163e-8
0.0
0.0
2.4767028467146937e-8
0.0
0.0
0.0
0.0
0.0
0.0
0.0
0.0
0.0
0.0
0.0
0.0
0.0
3.422719119672776e-7
0.0
8.829569641649459e-9
0.0
0.0
0.0
0.0
2.210460259353331e-8
0.0
0.0
2.313231935500114e-8
0.0
0.0
0.0
0.0
0.0
0.0
0.0
0.0
0.0
0.0
0.0
0.0
0.0
0.0
0.0
0.0
0.0
0.0
0.0
0.0
0.0
0.0
0.0
0.0
0.0
0.0
0.0
0.0
0.0
0.0
0.0
0.0
0.0
0.0
0.0
0.0
0.0
0.0
0.0
0.0
0.0
0.0
0.0
0.0
0.0
0.0
0.0
0.0
0.0
0.0
0.0
0.0
0.0
0.0
0.0
0.0
0.0
0.0
0.0
0.0
0.0
0.00037312930304187625
0.00037784178691727485
0.0002546829474064499
0.0003301281796997121
0.00036539479634432355
0.00037326821167661905
0.00031197874327521446
0.0002235788077101504
0.0001790529756468635
9.758069633768505e-5
3.3723858625632354e-5
0.0001694823777214661
0.0005756382212472486
0.0011257663734807223
0.0013422698034219538
0.0
0.0
0.0
0.0
0.0
0.0
0.0
3.6901672955885277e-6
7.2422908372287825e-6
0.0031855804624590623
0.0024801701973312376
0.001507829922426868
0.000811898675139312
0.0004662613477254827
0.00017318384508894884
4.5692530271780745e-5
8.246437616974617e-7
0.0
5.0366430480022926e-6
2.27622292374613e-5
8.02756903058653e-5
0.00015259525311774015
0.00026764791381698956
0.0003505963414740793
0.0
0.0
0.0
0.0
0.0
0.0
0.0
0.0
0.0
0.001357002071031341
0.0009331797600924609
0.0004965210399688801
0.00020289276038590982
7.82430307025397e-7
0.0
0.0
2.0815512804373763e-8
0.0
0.0
2.547583043022214e-8
0.0
0.0
1.5392802102565534e-6
3.3798550714625206e-5
0.0
0.0
0.0
0.0
0.0
0.0
0.0
0.0
0.0
0.0029410563158621616
0.00226560016113578
0.0014462378640849969
0.0008665606865788962
0.0005085578378552053
0.000264918212801029
0.00017209862947125589
0.00011895628248747389
6.11832054483836e-5
3.5734331001978045e-5
2.6290432575952683e-5
9.606523487078437e-5
0.00016104558519465252
0.000294718602192941
0.0005440788158460192
0.0
0.0
0.0
0.0
0.0
0.0
7.734982234809918e-7
6.4589041608927905e-6
9.000528240531119e-6
0.0030801813374000363
0.0021190919872769343
0.001175351981341864
0.0006179100430938268
0.00023282265445876866
2.274595121503488e-5
0.0
4.1434982796568327e-8
0.0
0.0
2.8240159295040728e-8
0.0
6.493752732293451e-8
7.615890671765896e-7
3.771979054462759e-5
0.0
0.0
0.0
0.0
0.0
0.0
0.0
0.0
0.0
0.0
0.0
0.0
0.0
0.0
0.0
0.0
0.0
0.0
0.0
0.0
0.0
0.0
0.0
0.0
0.0
0.0
0.0
0.0
0.0
0.0
0.0
0.0
0.0
0.0
0.0
0.0
0.0
0.0
0.0
0.0
0.0
0.0
0.0
0.0
0.0
0.0
0.0
0.0
0.0
0.0
0.0
0.0
0.0
0.0
0.0
0.0
0.0
2.452599326271839e-6
0.0
0.0
0.0
0.0
0.0
0.0
2.2200537786326082e-8
0.0
3.1481179211371724e-6
2.4219198561349183e-5
9.41146002131578e-5
0.00015483689872482407
0.00019207032646574972
0.00024769546160378697
0.0
0.0
0.0
0.0
0.0
0.0
0.0
0.0
0.0
0.0018587960474198651
0.001857896993393712
0.001539110571774999
0.0012621993142478234
0.0010497977249291773
0.0007835823457978871
0.0005105095529622848
0.00033382872336444353
0.0002281112198814189
0.00017922195372807825
5.6517661696166326e-5
0.0002274666026057743
0.0007236380223557329
0.0013546470715445336
0.0013737118778375831
0.0
0.0
0.0
0.0
5.673272236508985e-7
2.2632234998769006e-6
4.790901950364608e-6
1.2135390265603562e-5
2.432586767024012e-5
0.0037487048687532424
0.003164691552007857
0.0026408394568351087
0.002304623840224452
0.002004681764386113
0.0017399557937327506
0.0015400859377867175
0.0014058024085505981
0.0012036561121516486
0.0009876419925354603
0.0008060130617655879
0.001138091837902369
0.001290228758009385
0.0013116775793662787
0.0013908018133036643
0.0
0.0
4.451880845849163e-7
5.823771446247519e-7
3.3018663999854376e-6
7.421562082233439e-6
1.5467232637583926e-5
3.682282772023732e-5
5.365180001402037e-5
0.0037236439096724754
0.0030002180382748714
0.002582165813300865
0.0025214823476298856
0.002427042651741492
0.002267059381499709
0.0022490749685775855
0.002164031578603404
0.0020730073810890995
0.0019724917249665523
0.001812965483995039
0.0019284603931181957
0.0019520581650972492
0.0019221924469225062
0.0019019622001553655
4.828344067016326e-6
7.336918985915688e-6
1.6326106965471178e-5
1.6855408468589102e-5
3.409698117447488e-5
3.382498513628115e-5
5.919472089232998e-5
4.714962905072411e-5
8.269624153661129e-5
0.0035713335115908876
0.0026011082534857666
0.0020886920918011115
0.0018487372628349706
0.0016916180385396398
0.001495502916458436
0.0012848770655620996
0.0010904501827462575
0.0007983744853689738
0.0005439460915425794
0.00026192587552317277
0.0004832873188967819
0.0008160032798009978
0.0011613632195142487
0.001497069210465933
0.0
5.701577929130461e-7
1.152109140731169e-6
3.360699180537762e-6
9.777967571872985e-6
1.0853596102273975e-5
2.462127137767391e-5
3.7690359428597345e-5
7.759467832171373e-5
8.741971822879356e-5
5.4814289399204525e-5
3.379919402175103e-5
2.1443471166877335e-5
7.890559580540832e-6
2.6078453893099353e-7
0.0
0.0
0.0
0.0
0.0
0.0
0.0
0.0
0.0
0.0
0.0
0.0
0.0
0.0
0.0
0.0
0.0
0.0
0.0
0.0
0.0
0.0
0.0
0.0
0.0
0.0
0.0
0.0
0.0
0.0
0.0
0.0
0.0
0.0
0.0
5.47171288298823e-6
1.275604671073037e-5
2.327058826903547e-5
3.448565818487233e-5
6.781817329176437e-5
8.443266354099328e-5
0.00012981457525535503
0.00404458988281625
0.002598847277042227
0.0014367265741442163
0.0007654342301269407
0.00043599718805970743
0.00022014826848622547
0.00012181567245365465
1.681609247009775e-5
0.0
0.0
3.737330681495136e-6
3.521879678881481e-5
0.00013571512273469387
0.0002052056262556532
0.00023392408756336847
0.0
0.0
0.0
0.0
0.0
0.0
0.0
0.0
0.0
0.0013078260975350657
0.0009918292799040338
0.000646654761264908
0.0005062138158215542
0.0003723741476718136
0.00023644811456833873
0.0002097004850088012
0.00026735671770283277
0.000319473667964841
0.00029500065652464906
0.00014249481618376614
0.0003490625128848844
0.0004454596630906154
0.0005613944967240887
0.0006276022053439591
0.0
0.0
0.0
0.0
0.0
0.0
0.0
0.0
0.0
0.0009103624910180303
0.0005542481572821529
0.00022966824636978678
0.00013244899260943076
6.768412083572575e-5
2.335814527051206e-8
0.0
4.24906916017331e-8
9.612637725366096e-5
0.0006979225449426364
0.001202585078340233
0.0014192369058412307
0.0013786725579559794
0.001394204768642689
0.0014851086053321138
0.0
0.0
0.0
1.6486447591801046e-6
3.3979548916178816e-6
7.3347873674445924e-6
8.734290211831346e-6
1.8847859809554972e-5
2.3479573254835663e-5
0.0032220402306603045
0.0025033037026404546
0.0020245078780038043
0.0018663268564532939
0.0018289605263133826
0.001699647998631351
0.001617396199077043
0.0016807511738102265
0.001708186509399394
0.0017442146892720114
0.0016998550060732419
0.0019041682403203248
0.0020856916498327833
0.002220288842603016
0.0022613046643462755
5.242553757822606e-6
1.1735542776451496e-5
1.860138642771011e-5
2.9632109941020037e-5
5.166073253058456e-5
8.155779193967907e-5
0.00010776852667406774
0.0001472345181389243
0.0001693915373525812
0.004373830113800392
0.003189080465967865
0.0026192179134318125
0.0024179963198337805
0.002310967773224636
0.0021670844209092386
0.0020693284191264922
0.0019240596130661188
0.0017042069368593587
0.0014587649926108839
0.0011713095522434332
0.00138191967380149
0.001548867714157301
0.0017070824998710336
0.0018322973605588292
2.109953407154813e-6
4.963802540025506e-6
1.1995433723078748e-5
1.8377708997671035e-5
3.8767664465353646e-5
6.040669798230918e-5
9.0665898731013e-5
0.00011908438238619569
0.00014897936963782733
0.00018513626612213613
9.85548760040281e-5
6.606577608393701e-5
3.332216634185178e-5
1.3062500278305425e-5
0.0
0.0
0.0
0.0
0.0
0.0
0.0
0.0
0.0
0.0
6.9256281062609195e-6
2.0021457653451872e-5
2.5190530301301357e-5
4.5266479093437025e-5
4.2243365623397716e-5
6.731526125519757e-5
5.980372735329333e-5
9.308956095492325e-5
7.873751720331154e-5
0.0001191583270535669
4.9631255413131054e-5
5.2794303845925284e-5
2.8955334783536098e-5
1.2194866382972157e-5
0.0
0.0
0.0
0.0
0.0
0.0
0.0
0.0
0.0
0.0
1.665392790314282e-5
3.3342454417123925e-5
4.0114305050167e-5
6.152393055119314e-5
6.980856331463639e-5
8.909545791082235e-5
8.431257256927449e-5
0.00010469309130585176
9.639330307802722e-5
0.0034968030036581885
0.0020771251240085916
0.00144337079065565
0.001127225868599092
0.000876973999119111
0.000579617245220956
0.0004666224756312163
0.0004301410205388427
0.0002735175959102766
0.0001581356823550058
5.4393744738142404e-5
0.0001443846412271451
0.00018558852885057045
0.00032261139662128507
0.00043300670874395664
0.0
0.0
0.0
0.0
0.0
0.0
0.0
0.0
0.0
0.0014799254905220496
0.0009528687684165205
0.0006347267048711495
0.0005656100588223906
0.00040692015835117816
0.0002117570471645414
7.958877729389839e-5
8.368004957881673e-8
0.0
7.465203149198091e-6
1.9349169264263176e-5
5.437177333713801e-5
7.991669134646269e-5
9.8185271334699e-5
0.00011913552102114793
0.0
0.0
0.0
0.0
0.0
0.0
0.0
0.0
0.0
0.0007412868743332138
0.0004559788388939004
0.00014906567490896946
2.635210924546657e-5
0.0
3.037962361718925e-8
0.0
1.9682931547573822e-8
0.0
0.0
2.5131047378694124e-8
0.0
0.0
0.0
6.890417994775736e-6
0.0
0.0
0.0
0.0
0.0
0.0
0.0
0.0
0.0
0.00332799729338858
0.0023015466979383814
0.0018592202795871405
0.001858698336163469
0.0019206003613433404
0.001792355487474698
0.001634641559312954
0.0016692538833668778
0.0016554474293580938
0.0015748491519840056
0.0015046335202187886
0.0018164342244072027
0.001966599664053369
0.0020880868129520263
0.002164370995064479
1.823472789416799e-6
7.796325720971197e-6
1.887498539650735e-5
2.923673069898049e-5
6.963802695630577e-5
8.318167886084796e-5
0.0001449183126595857
0.00016574887572990806
0.00024011352543456272
0.004711488285009471
0.0035015750820545674
0.002846266947584492
0.002440045296788428
0.002141635599043198
0.0018710811733653409
0.0016817125127358786
0.0014723765340284964
0.0012455798700770583
0.0010157774599356259
0.0008162670058907569
0.0010763967131845289
0.0012330754792484377
0.001422300092675326
0.0015095193568504834
0.0
7.553678565699011e-7
1.0284664343792952e-6
1.354652309316155e-6
3.1945685360572273e-6
6.150530592319301e-6
7.503088968351506e-6
1.3422080124206606e-5
1.3159038389792498e-5
2.2597223511651967e-5
7.877074755117284e-6
7.203215807336291e-6
2.6441316460759446e-6
8.869737482588281e-7
0.0
0.0
0.0
0.0
0.0
0.0
0.0
0.0
0.0
0.0
0.0
0.0
0.0
0.0
0.0
0.0
0.0
0.0
0.0
0.0
0.0
0.0
0.0
0.0
0.0
0.0
0.0
0.0
0.0
0.0
0.0
0.0
0.0
0.0
0.0
0.0
0.0
0.0
0.0
0.0
0.0
0.0
0.0
0.0
0.0
0.0
0.0
0.0
0.0
0.0
0.0
0.0
0.0
0.0
0.0
0.0
0.0
0.0
0.0
0.0
0.0
0.0
0.0
0.0
0.0
0.0
0.0
0.00010392296558897966
7.221591341923548e-5
0.0
0.0
0.0
0.0
0.0
2.0656193100509778e-8
0.0
0.0
2.4017161021994942e-8
0.0
4.834574187584349e-8
1.2431619970658865e-5
3.279242566991607e-5
0.0
0.0
0.0
0.0
0.0
0.0
0.0
0.0
0.0
0.0011479432776111027
0.0008383804092272002
0.00043549772473334134
0.0001639472901252537
6.698810845623236e-7
2.4996454325620307e-8
0.0
1.9683551215449645e-8
0.0
0.0
2.3730022291024296e-8
0.0
0.0
6.774757982740043e-8
0.0
0.0
0.0
0.0
0.0
0.0
0.0
0.0
0.0
0.0
0.00037168755772017115
0.0003019306823608579
4.246290902177332e-5
0.0
0.0
0.0
0.0
1.992537041730113e-8
0.0
0.0
2.330869351943278e-8
0.0
1.5798306182419674e-8
0.0
0.0
0.0
0.0
0.0
0.0
0.0
0.0
0.0
0.0
0.0
0.0011608095384180856
0.0008958881909657911
0.0004662863968475012
0.00016047790915350865
0.0
0.0
0.0
2.1367946355141406e-8
0.0
0.0
2.373605391918171e-8
0.0
0.0
0.0
0.0
0.0
0.0
0.0
0.0
0.0
0.0
0.0
0.0
0.0
0.0
0.0
0.0
0.0
0.0
0.0
0.0
0.0
0.0
0.0
0.0
0.0
0.0
0.0
0.0
0.0
0.0
0.0
0.0
0.0
0.0
0.0
0.0
8.130864843008465e-6
1.194814619812024e-5
6.637021116777692e-6
2.159125009086435e-6
0.0
0.0
0.0
0.0
0.0
0.0
0.0
0.0
0.0
0.0
0.0
0.0
0.0
0.0
0.0
8.201405514932498e-7
8.634387649742946e-6
1.6312517870030427e-5
3.040344840891307e-5
3.9040171278179464e-5
5.8355715321080695e-5
0.0036951785484325575
0.002180884766697941
0.0009956549701635783
0.00044909453841749964
0.00010987106241116657
3.3304603151993835e-7
0.0
2.0786991893724e-8
0.0
0.0
2.2365270256355182e-8
0.0
2.9447497196345196e-7
7.605707767922733e-6
6.297699410639081e-5
0.0
0.0
0.0
0.0
0.0
0.0
0.0
0.0
0.0
0.0020922808739836838
0.0013620620967944707
0.0006797618551323496
0.00027310976582907545
6.6250542507300706e-6
0.0
0.0
2.0669165374587276e-8
0.0
0.0
2.4511405055507333e-8
0.0
0.0
0.0
0.0
0.0
0.0
0.0
0.0
0.0
0.0
0.0
0.0
0.0
0.00018611786368710447
9.151647561145777e-5
9.043321159859309e-9
0.0
0.0
0.0
0.0
2.2599462383323137e-8
0.0
0.0
2.824301057221047e-8
0.0
0.0
0.0
0.0
0.0
0.0
0.0
0.0
0.0
0.0
0.0
0.0
0.0
5.1809460879616844e-5
4.214294371415017e-6
0.0
0.0
0.0
0.0
0.0
4.0802981241026456e-8
0.0
0.0
2.627405369555391e-7
0.0
0.0
4.6499657334145265e-6
2.994408118100125e-5
0.0
0.0
0.0
0.0
0.0
0.0
0.0
0.0
0.0
0.0007595914647789544
0.0008143756297807989
0.0007284295253726735
0.0006876317483766288
0.0005101282263165308
0.000281021351763738
0.00023849555756292205
0.00023110466183236136
0.00018398773511084417
0.00014779322125613766
3.644119924047109e-5
6.339540741760967e-5
0.00011702554368019506
0.0001784436929705009
0.00044201005378775133
0.0
0.0
0.0
0.0
0.0
0.0
0.0
0.0
0.0
0.0
0.0
0.0
0.0
0.0
0.0
0.0
0.0
0.0
0.0
0.0
0.0
0.0
0.0
0.0
0.0
0.0
0.0
0.0
0.0
0.0
0.0
0.0
4.816604139653839e-6
5.761846008501842e-6
3.52212362123767e-6
0.0
0.0
0.0
0.0
0.0
0.0
0.0
0.0
0.0
0.0
0.0
0.0
0.0
0.0
0.0
0.0
0.0
0.0
0.0
0.0
0.0
0.0
0.0020102118172367987
0.0012975541044466469
0.0005375912390562997
0.00017657813105350343
1.4316304636503407e-6
0.0
0.0
2.081021257442292e-8
0.0
0.0
2.384155359211288e-8
0.0
4.9873992714251326e-8
0.0
1.4972805333905247e-5
0.0
0.0
0.0
0.0
0.0
0.0
0.0
0.0
0.0
0.00143681060894457
0.0010053481692229211
0.0005944028957802148
0.0003476328870145534
8.804346528907085e-5
2.9591134590653038e-8
0.0
2.180402706025665e-8
0.0
0.0
2.712990899054114e-8
0.0
0.0
0.0
0.0
0.0
0.0
0.0
0.0
0.0
0.0
0.0
0.0
0.0
9.24104667568523e-6
2.0910824691032935e-7
9.564400304085408e-9
0.0
0.0
0.0
0.0
4.9411013148794234e-8
0.0
0.0
2.3092996739781913e-8
0.0
0.0
0.0
1.3645284387511328e-6
0.0
0.0
0.0
0.0
0.0
0.0
0.0
0.0
0.0
0.0008177623807344151
0.0006929355091341056
0.0003195241181113497
8.790712124903825e-5
0.0
2.7728519398538685e-8
0.0
5.4668952217461815e-8
0.0
0.0
2.406629613154129e-8
0.0
8.382653120941722e-6
0.0001057452935044469
0.0003161629441098956
0.0
0.0
0.0
0.0
0.0
0.0
0.0
0.0
0.0
0.003055402481852287
0.0015516775255564978
0.0004350541618709936
3.306570552768935e-5
0.0
0.0
0.0
2.077349977293382e-8
0.0
0.0
2.3435532629877845e-8
0.0
0.0
0.0
0.0
0.0
0.0
0.0
0.0
0.0
0.0
0.0
0.0
0.0
0.0
0.0
0.0
0.0
0.0
0.0
0.0
0.0
0.0
0.0
0.0
0.0
0.0
0.0
0.0
0.0
0.0
0.0
0.0
0.0
0.0
0.0
0.0
0.0
0.0
0.0
0.0
0.0
0.0
0.0
0.0
0.0
0.0
0.0
0.0
0.0
0.0
0.0
0.0
0.0
0.0
0.0
0.0
0.0
0.0
0.0
0.0
0.0014907933501170283
0.0013723869586696482
0.0010371394390955896
0.0006595190412950216
0.00034218784856041506
0.0001420957842770158
2.0070975972395246e-5
5.284607474598525e-8
0.0
0.0
2.3548213799508726e-8
0.0
0.0
1.3672775350742307e-6
5.4744184649000344e-5
0.0
0.0
0.0
0.0
0.0
0.0
0.0
0.0
0.0
0.0029831342397767637
0.0024261181134162175
0.0018261744116599722
0.0014924356455386044
0.0010889050735785953
0.0007344655576128477
0.0005599371430880158
0.00046616880713087547
0.00033647962032964566
0.00017652312545008935
4.625448295170935e-5
0.00010824817596375825
0.000143962232571633
0.00035569905427475305
0.0007513004337716168
0.0
0.0
0.0
0.0
0.0
8.758487500827933e-7
6.418947452011409e-6
9.653798626879647e-6
1.91346567752204e-5
0.0035990500863912127
0.0027254624456520484
0.001734801388641006
0.0008974245975339606
0.0004896542271177969
0.00022140229978310862
7.835216509866956e-5
8.316266934099224e-7
0.0
4.416353207301725e-6
9.570505668228772e-6
2.208609857472101e-5
7.27560188654882e-5
0.0001390385897760089
0.00018680922253696663
0.0
0.0
0.0
0.0
0.0
0.0
0.0
0.0
0.0
0.0011107566170818586
0.0009453318643587638
0.0007319971307271185
0.0006621801290108274
0.0005416150946602756
0.0003199819197573535
0.00024224446012998432
0.00018392105781625195
0.00014386757655634216
0.00015850147279175973
6.218333951256915e-5
0.0001336362275671732
0.00015610756293921366
0.00018718454747122167
0.0002558411105638196
0.0
0.0
0.0
0.0
0.0
0.0
0.0
0.0
0.0
0.0009726320056821857
0.000578461800058932
0.0002610143732828704
0.0001217823646749964
1.0662713635632029e-5
2.6562609810694283e-8
0.0
2.20693092733962e-6
1.0871882843577877e-5
1.8544369353161338e-5
2.109982972240732e-5
4.3583835091512664e-5
0.000108677650615424
0.00013827182134161628
0.00014571282026462162
0.0
0.0
0.0
0.0
0.0
0.0
0.0
0.0
0.0
0.0
0.0
0.0
0.0
0.0
0.0
0.0
0.0
0.0
0.0
0.0
0.0
0.0
0.0
0.0
0.0
6.4911743951484105e-6
1.8664710261878655e-5
3.331127816739415e-5
5.94198150938788e-5
8.722326564605046e-5
0.00012543343637558174
0.00014752243581522942
0.00019769155174703364
0.00021319849680711062
0.00013734574641796434
9.201051614288594e-5
4.124861065264178e-5
1.873578243990622e-5
0.0
0.0
0.0
0.0
0.0
0.0
0.0
0.0
0.0
0.0
0.0
0.0
0.0
0.0
0.0
0.0
1.7043050727362546e-5
2.1498714524781756e-5
3.807276051502351e-5
0.003510472179414713
0.002176785079339575
0.0010981135341702373
0.0005082647686509541
0.0001791102479508506
4.444203305691135e-6
0.0
5.331439797898634e-9
0.0
0.0
2.4055808292683734e-8
0.0
0.0
0.0
1.346446541728086e-5
0.0
0.0
0.0
0.0
0.0
0.0
0.0
0.0
0.0
0.0018309791500177638
0.001542228564815246
0.0007484721530301632
0.00023860807049612022
1.6224637761101646e-5
2.9532280243055303e-8
0.0
2.182663028336848e-8
0.0
0.0
2.3176495439082333e-8
0.0
0.0
0.0
0.0
0.0
0.0
0.0
0.0
0.0
0.0
0.0
0.0
0.0
0.0009451821877534531
0.0008081695985322312
0.0003446959481965467
5.9138558916752156e-5
0.0
0.0
0.0
2.2626805120539147e-8
0.0
0.0
2.4378206157364148e-8
0.0
0.0
0.0
1.3266157737795927e-6
0.0
0.0
0.0
0.0
0.0
0.0
0.0
0.0
0.0
0.00012498641622579341
7.213049546826691e-5
0.0
0.0
0.0
0.0
0.0
2.2864034499972625e-8
0.0
0.0
2.3304694551020076e-8
0.0
0.0
0.0
0.0
0.0
0.0
0.0
0.0
0.0
0.0
0.0
0.0
0.0
3.1529548816401225e-6
0.0
0.0
0.0
0.0
0.0
0.0
2.222842777500732e-8
0.0
0.0
2.2770595717546176e-8
0.0
0.0
0.0
0.0
0.0
0.0
0.0
0.0
0.0
0.0
0.0
0.0
0.0
0.0
0.0
0.0
0.0
0.0
0.0
0.0
0.0
0.0
0.0
0.0
0.0
0.0
0.0
0.0
0.0
0.0
0.0
0.0
0.0
0.0
0.0
0.0
0.0
0.0
0.0
0.0
0.0
0.0
0.0
0.0
0.0
0.0
0.0
0.0
0.0
0.0
0.0
0.0
0.0
0.0
0.0
0.0
0.0
0.0
0.0
0.0
0.0
0.00032280386927049
0.00024578272967472944
1.4625687359758234e-5
0.0
0.0
0.0
0.0
2.2187171119450396e-8
0.0
0.0
2.3664063491076738e-8
0.0
0.0
0.0
0.0
0.0
0.0
0.0
0.0
0.0
0.0
0.0
0.0
0.0
0.0
0.0
0.0
0.0
0.0
0.0
0.0
2.2909714155345564e-8
0.0
0.0
2.328345111732632e-8
0.0
0.0
0.0
0.0
0.0
0.0
0.0
0.0
0.0
0.0
0.0
0.0
0.0
0.0
0.0
0.0
0.0
0.0
0.0
0.0
2.3896193305556554e-8
0.0
1.3623522257020558e-5
4.910434180887002e-5
0.0002621675896349852
0.000357586412419126
0.00042166866771823307
0.00043894204673338046
0.0
0.0
0.0
0.0
0.0
0.0
0.0
0.0
0.0
0.0016189969825429326
0.0013473975973914763
0.0011764082453347973
0.0011681411335159493
0.0010565556841237885
0.0009026806476305017
0.0008061403074749033
0.0008159393760652996
0.0008174900755197148
0.0007346923308797855
0.0005443726188284255
0.0006217689508353729
0.0004941919861612923
0.0004371872563342564
0.0004014290517304045
0.0
0.0
0.0
0.0
0.0
0.0
0.0
0.0
0.0
0.000511125431300441
0.00015999336876349458
1.608480186075403e-6
2.1588209511183815e-7
0.0
0.0
0.0
2.0861063758734273e-8
0.0
0.0
2.4503992505875022e-8
0.0
0.0
0.0
0.0
0.0
0.0
0.0
0.0
0.0
0.0
0.0
0.0
0.0
0.0
0.0
0.0
0.0
0.0
0.0
0.0
0.0
0.0
0.0
0.0
0.0
0.0
0.0
0.0
0.0
0.0
0.0
0.0
0.0
0.0
0.0
0.0
0.0
0.0
0.0
0.0
0.0
0.0
0.0
0.0
0.0
0.0
0.0
0.0
0.0
0.0
0.0
0.0
0.0
0.0
0.0
0.0
0.0
0.0
0.0
0.0
0.0
0.0008898191217426734
0.0007737502854671311
0.0003873359780833196
0.00015672223791889775
1.0125356252192128e-5
2.793505004957543e-8
0.0
2.2364554264190925e-8
0.0
0.0
2.1723419291365517e-8
0.0
0.0
6.287053034227681e-8
6.132987375176971e-6
0.0
0.0
0.0
0.0
0.0
0.0
0.0
0.0
0.0
0.0007489517239465029
0.0005617709324580299
0.00023932632295158663
1.5959101595684252e-5
0.0
0.0
0.0
2.2949598259305582e-8
0.0
0.0
2.3039593209247323e-8
0.0
0.0
0.0
0.0
0.0
0.0
0.0
0.0
0.0
0.0
0.0
0.0
0.0
0.00025571069820353647
0.00014477159609744365
1.032933567864469e-8
0.0
0.0
0.0
0.0
2.2898331149553842e-8
0.0
0.0
2.258104900519969e-8
0.0
0.0
0.0
0.0
0.0
0.0
0.0
0.0
0.0
0.0
0.0
0.0
0.0
5.079172391578058e-5
5.592890803068535e-5
0.0
1.0220101470777222e-5
0.00012583251338353277
0.00018402221740582733
0.00017566855798524817
0.00017715884539462042
0.00017933388765045994
0.00012849828328260628
3.42977814375576e-5
0.0001021952808700712
0.00013946996296672242
0.00015420431258325983
0.0002476658540558184
0.0
0.0
0.0
0.0
0.0
0.0
0.0
0.0
0.0
0.002771454394557112
0.001719284473717815
0.0009929329661364315
0.0006065546908888623
0.000367715512462133
0.00017837264557221352
8.517718058876694e-5
3.374562876311789e-5
8.154175683693793e-7
1.1515157036571004e-6
2.2645275391211643e-8
0.0
6.901722693195435e-7
1.4818511218657738e-5
0.00014635971418478202
0.0
0.0
0.0
0.0
0.0
0.0
0.0
0.0
0.0
0.0
0.0
0.0
0.0
0.0
0.0
0.0
0.0
0.0
0.0
0.0
0.0
0.0
0.0
0.0
0.0
0.0
0.0
0.0
0.0
0.0
0.0
0.0
0.0
0.0
0.0
0.0
0.0
0.0
0.0
0.0
0.0
0.0
0.0
0.0
0.0
0.0
0.0
0.0
0.0
0.0
0.0
0.0
0.0
0.0
0.0
0.0
0.0
1.0526874248344394e-8
0.0
0.0
0.0
0.0
0.0
0.0
2.1764586588106788e-8
0.0
8.919613142538872e-9
2.3330266498221378e-8
0.0
0.0
0.0
4.647074310520868e-7
0.0
0.0
0.0
0.0
0.0
0.0
0.0
0.0
0.0
0.0008235448626959559
0.000701712845604883
0.00035877791106623646
0.00019332907703539359
3.995609279049752e-5
2.739401859131452e-8
0.0
2.285242543207083e-8
0.0
0.0
2.179179225443238e-8
0.0
0.0
0.0
1.9374125737953182e-5
0.0
0.0
0.0
0.0
0.0
0.0
0.0
0.0
0.0
0.0011123000461473226
0.0009001588524044852
0.00043287742947475776
0.00011630649863121476
0.0
0.0
0.0
2.3163994734110455e-8
0.0
0.0
2.318407829405303e-8
0.0
0.0
0.0
3.6140662926859205e-6
0.0
0.0
0.0
0.0
0.0
0.0
0.0
0.0
0.0
0.0004465030182904714
0.0003493369071287611
8.549385756172315e-5
4.183146922831285e-6
0.0
0.0
0.0
2.3202359200948737e-8
0.0
0.0
2.4022661120484978e-8
0.0
0.0
0.0
0.0
0.0
0.0
0.0
0.0
0.0
0.0
0.0
0.0
0.0
7.247077479024356e-6
9.505694323885713e-8
2.674355775527778e-5
0.00011824101651381104
0.00011502695282636062
8.7212677797519e-5
3.32431643359384e-5
4.407864908732477e-8
0.0
0.0
2.1346210578455663e-8
0.0
0.0
2.926983743090726e-8
0.0
0.0
0.0
0.0
0.0
0.0
0.0
0.0
0.0
0.0
0.0
0.0
0.0
0.0
0.0
0.0
0.0
0.0
0.0
0.0
0.0
0.0
0.0
0.0
0.0
0.0
0.0
0.0
0.0
0.0
0.0
0.0
0.0
0.0
0.0
0.0
0.0
0.0
0.0
0.0
0.0
0.0
0.0
0.0
0.0
0.0
0.0
0.0
0.0
0.0
0.0
0.0
0.0
0.0
0.0
0.0
0.0
0.0
1.078321100828477e-7
0.0
0.0
0.0
0.0
0.0
0.0
2.2369373688008626e-8
0.0
0.0
2.223654753220221e-8
0.0
0.0
0.0
0.0
0.0
0.0
0.0
0.0
0.0
0.0
0.0
0.0
0.0
8.753939824704339e-5
0.00011810836521116521
0.0
0.0
0.0
2.6932376160994245e-8
0.0
2.3241544269287862e-8
0.0
0.0
2.1773098966098675e-8
0.0
0.0
0.0
0.0
0.0
0.0
0.0
0.0
0.0
0.0
0.0
0.0
0.0
5.6434943549254606e-5
2.0831196202579567e-6
9.17409464550325e-9
0.0
0.0
0.0
0.0
2.2723877777865847e-8
0.0
0.0
2.2391502749991817e-8
0.0
0.0
0.0
0.0
0.0
0.0
0.0
0.0
0.0
0.0
0.0
0.0
0.0
0.0
0.0
0.0
0.0
0.0
0.0
0.0
3.95490533800004e-8
0.0
0.0
2.31740970401758e-8
0.0
0.0
0.0
0.0
0.0
0.0
0.0
0.0
0.0
0.0
0.0
0.0
0.0
3.967565507527454e-8
0.0
1.1405052215296588e-8
0.0
0.0
0.0
0.0
3.023369809805996e-8
0.0
1.3746263520443603e-8
2.310747797184628e-8
0.0
0.0
0.0
0.0
0.0
0.0
0.0
0.0
0.0
0.0
0.0
0.0
0.0
0.0
0.0
0.0
0.0
0.0
0.0
0.0
0.0
0.0
0.0
0.0
0.0
0.0
0.0
0.0
0.0
0.0
0.0
0.0
0.0
0.0
0.0
0.0
0.0
0.0
0.0
0.0
0.0
0.0
0.0
0.0
0.0
0.0
0.0
0.0
0.0
0.0
0.0
0.0
0.0
0.0
0.0
0.0
0.0
0.0
0.0
0.0
0.0
0.0
0.0
0.0
0.0
0.0
0.0
0.0
2.3491187313559982e-8
0.0
0.0
2.268551608684859e-8
0.0
0.0
0.0
0.0
0.0
0.0
0.0
0.0
0.0
0.0
0.0
0.0
0.0
0.0
0.0
0.0
0.0
0.0
0.0
0.0
2.3759016151621038e-8
0.0
1.4643115000950193e-8
2.212589393252537e-8
0.0
0.0
0.0
0.0
0.0
0.0
0.0
0.0
0.0
0.0
0.0
0.0
0.0
0.0
0.0
0.0
0.0
0.0
0.0
0.0
2.2012448087825017e-8
5.7740583155662385e-8
1.1965130061406195e-8
2.5189085158921402e-8
0.0
0.0
0.0
9.249832681766116e-6
0.0
0.0
0.0
0.0
0.0
0.0
0.0
0.0
0.0
4.3276590495063115e-5
1.0153956488172044e-6
9.945895596282994e-9
0.0
0.0
0.0
0.0
2.278033592742024e-8
0.0
0.0
2.2613425092962946e-8
0.0
0.0
0.0
0.0
0.0
0.0
0.0
0.0
0.0
0.0
0.0
0.0
0.0
0.0005840173188289387
0.0004018159162569187
5.8168663063301343e-5
0.0
0.0
0.0
0.0
2.314545820190386e-8
0.0
0.0
2.2913954360984972e-8
0.0
0.0
0.0
0.0
0.0
0.0
0.0
0.0
0.0
0.0
0.0
0.0
0.0
0.0
0.0
0.0
0.0
0.0
0.0
0.0
0.0
0.0
0.0
0.0
0.0
0.0
0.0
0.0
0.0
0.0
0.0
0.0
0.0
0.0
0.0
0.0
0.0
0.0
0.0
0.0
0.0
0.0
0.0
0.0
0.0
0.0
0.0
0.0
0.0
0.0
0.0
0.0
0.0
0.0
0.0
0.0
0.0
0.0
0.0
0.0
0.0
0.0
0.0
0.0
0.0
0.0
0.0
0.0
0.0
0.0
1.666793854164478e-8
4.155982833497592e-8
0.0
0.0
0.0
0.0
0.0
0.0
0.0
0.0
0.0
0.0
0.0
0.0
0.0
0.0
0.0
0.0
0.0
0.0
0.0
0.0
2.852215466529411e-8
0.0
1.6087176893751172e-8
2.1720643013203852e-8
0.0
0.0
0.0
0.0
0.0
0.0
0.0
0.0
0.0
0.0
0.0
0.0
0.0
1.7044503499715738e-8
0.0
0.0
0.0
0.0
0.0
0.0
2.4046916819542278e-8
0.0
1.4670401067117305e-8
2.2364758765382185e-8
0.0
0.0
0.0
0.0
0.0
0.0
0.0
0.0
0.0
0.0
0.0
0.0
0.0
0.0
0.0
0.0
0.0
0.0
0.0
0.0
1.8963587732593963e-8
0.0
1.6418988250872295e-8
2.2989086589626056e-8
0.0
0.0
0.0
0.0
0.0
0.0
0.0
0.0
0.0
0.0
0.0
0.0
0.0
1.1445177712004694e-6
0.0
8.890699031421508e-9
0.0
0.0
0.0
0.0
3.0857339686563914e-8
0.0
1.4148360786614624e-8
2.2396723225750506e-8
0.0
0.0
0.0
0.0
0.0
0.0
0.0
0.0
0.0
0.0
0.0
0.0
0.0
0.0
0.0
0.0
0.0
0.0
0.0
0.0
0.0
0.0
0.0
0.0
0.0
0.0
0.0
0.0
0.0
0.0
0.0
0.0
0.0
0.0
0.0
0.0
0.0
0.0
0.0
0.0
0.0
0.0
0.0
0.0
0.0
0.0
0.0
0.0
0.0
0.0
0.0
0.0
0.0
0.0
0.0
0.0
0.0
0.0
0.0
0.0
0.0
0.0
0.0
0.0
0.0
0.0
0.0
0.0
0.0
0.0
1.5789315962626443e-8
2.232279161274982e-8
0.0
0.0
0.0
0.0
0.0
0.0
0.0
0.0
0.0
0.0
0.0
0.0
0.0
0.0
0.0
0.0
0.0
0.0
0.0
0.0
2.4267373637406932e-8
0.0
1.4507650538011437e-8
2.3681133296420713e-8
0.0
0.0
0.0
0.0
0.0
0.0
0.0
0.0
0.0
0.0
0.0
0.0
0.0
0.000505804648020833
0.0003539903997647569
4.6881408251653736e-5
0.0
0.0
0.0
0.0
2.3312356146937553e-8
0.0
1.3512827717518201e-8
2.176975466258542e-8
0.0
0.0
0.0
7.129673987471114e-8
0.0
0.0
0.0
0.0
0.0
0.0
0.0
0.0
0.0
0.001240368265634993
0.0007131360150290393
0.00012026880000341895
0.0
0.0
0.0
0.0
2.3307520289693856e-8
0.0
0.0
2.1654253546274035e-8
0.0
0.0
0.0
0.0
0.0
0.0
0.0
0.0
0.0
0.0
0.0
0.0
0.0
0.0005338405407356846
0.00029390632857931456
1.299539578061625e-6
0.0
0.0
0.0
0.0
3.49966569515479e-8
0.0
1.4052901856845533e-8
2.21865194235955e-8
0.0
0.0
0.0
0.0
0.0
0.0
0.0
0.0
0.0
0.0
0.0
0.0
0.0
0.0
0.0
0.0
0.0
0.0
0.0
0.0
0.0
0.0
0.0
0.0
0.0
0.0
0.0
0.0
0.0
0.0
0.0
0.0
0.0
0.0
0.0
0.0
0.0
0.0
0.0
0.0
0.0
0.0
0.0
0.0
0.0
0.0
0.0
0.0
0.0
0.0
0.0
0.0
0.0
0.0
0.0
0.0
0.0
0.0
0.0
0.0
0.0
4.676877535491715e-5
1.0981768120501939e-5
8.931725661429511e-9
0.0
0.0
0.0
0.0
2.2813387260745777e-8
0.0
0.0
2.3261304844310242e-8
0.0
0.0
0.0
0.0
0.0
0.0
0.0
0.0
0.0
0.0
0.0
0.0
0.0
3.888011627393606e-8
0.0
9.928610431527657e-9
0.0
0.0
0.0
0.0
0.0
0.0
0.0
2.1204654310010355e-8
0.0
0.0
0.0
0.0
0.0
0.0
0.0
0.0
0.0
0.0
0.0
0.0
0.0
0.0
0.0
0.0
0.0
0.0
0.0
0.0
0.0
0.0
0.0
2.184368448473384e-8
0.0
0.0
0.0
0.0
0.0
0.0
0.0
0.0
0.0
0.0
0.0
0.0
0.0
1.614901333556442e-8
0.0
0.0
0.0
0.0
0.0
0.0
0.0
0.0
0.0
2.15777880045519e-8
0.0
0.0
0.0
0.0
0.0
0.0
0.0
0.0
0.0
0.0
0.0
0.0
0.0
2.6665980056592e-8
0.0
0.0
0.0
0.0
0.0
0.0
0.0
0.0
1.4179434458211312e-8
2.137587729524073e-8
0.0
0.0
0.0
0.0
0.0
0.0
0.0
0.0
0.0
0.0
0.0
0.0
0.0
0.0
0.0
0.0
0.0
0.0
0.0
0.0
0.0
0.0
0.0
0.0
0.0
0.0
0.0
0.0
0.0
0.0
0.0
0.0
0.0
0.0
0.0
0.0
0.0
0.0
0.0
0.0
0.0
0.0
0.0
0.0
0.0
0.0
0.0
0.0
0.0
0.0
0.0
0.0
0.0
0.0
0.0
0.0
0.0
0.0
0.0
0.0
0.0
9.692379782130183e-7
0.0
1.126528101655648e-8
0.0
0.0
0.0
0.0
2.0596066083744274e-8
0.0
0.0
2.1924159179162787e-8
0.0
0.0
0.0
0.0
0.0
0.0
0.0
0.0
0.0
0.0
0.0
0.0
0.0
0.0
0.0
0.0
0.0
0.0
0.0
0.0
0.0
0.0
0.0
2.1577734415654014e-8
0.0
0.0
0.0
0.0
0.0
0.0
0.0
0.0
0.0
0.0
0.0
0.0
0.0
2.3622392206090935e-8
0.0
0.0
0.0
0.0
0.0
0.0
4.286324935818367e-8
0.0
1.3848956329341393e-8
2.162784932404273e-8
0.0
0.0
0.0
0.0
0.0
0.0
0.0
0.0
0.0
0.0
0.0
0.0
0.0
0.0
0.0
0.0
0.0
0.0
0.0
0.0
2.6353672433287932e-8
0.0
1.3549171127449394e-8
2.1426951172032218e-8
0.0
0.0
0.0
0.0
0.0
0.0
0.0
0.0
0.0
0.0
0.0
0.0
0.0
2.8781418003029535e-8
0.0
0.0
0.0
0.0
0.0
0.0
0.0
0.0
0.0
2.1859669151419645e-8
0.0
0.0
0.0
0.0
0.0
0.0
0.0
0.0
0.0
0.0
0.0
0.0
0.0
0.0
0.0
0.0
0.0
0.0
0.0
0.0
0.0
0.0
0.0
0.0
0.0
0.0
0.0
0.0
0.0
0.0
0.0
0.0
0.0
0.0
0.0
0.0
0.0
0.0
0.0
0.0
0.0
0.0
0.0
0.0
0.0
0.0
0.0
0.0
0.0
0.0
0.0
0.0
0.0
0.0
0.0
0.0
0.0
0.0
0.0
0.0
0.0
0.0
0.0
0.0
0.0
0.0
0.0
0.0
0.0
0.0
0.0
0.0
0.0
0.0
0.0
0.0
0.0
0.0
0.0
0.0
0.0
0.0
0.0
0.0
0.0
0.0
0.0
0.0
0.0
0.0
0.0
0.0
0.0
0.0
0.0
2.1548691528119918e-8
0.0
0.0
0.0
0.0
0.0
0.0
0.0
0.0
0.0
0.0
0.0
0.0
0.0
1.693473187593224e-8
0.0
0.0
0.0
0.0
0.0
0.0
0.0
0.0
0.0
2.068799899504764e-8
0.0
0.0
0.0
0.0
0.0
0.0
0.0
0.0
0.0
0.0
0.0
0.0
0.0
0.0
0.0
0.0
0.0
0.0
0.0
0.0
0.0
0.0
0.0
2.2031028566603837e-8
0.0
0.0
0.0
0.0
0.0
0.0
0.0
0.0
0.0
0.0
0.0
0.0
0.0
0.0
0.0
0.0
0.0
0.0
0.0
0.0
0.0
0.0
0.0
2.1963289607656512e-8
0.0
0.0
0.0
0.0
0.0
0.0
0.0
0.0
0.0
0.0
0.0
0.0
0.0
0.0
0.0
0.0
0.0
0.0
0.0
0.0
0.0
0.0
0.0
0.0
0.0
0.0
0.0
0.0
0.0
0.0
0.0
0.0
0.0
0.0
0.0
0.0
0.0
0.0
0.0
0.0
0.0
0.0
0.0
0.0
0.0
0.0
0.0
0.0
0.0
0.0
0.0
0.0
0.0
0.0
0.0
0.0
0.0
0.0
0.0
0.0
0.0
4.064412803061573e-8
1.3189238422384445e-8
0.0
0.0
0.0
0.0
0.0
0.0
0.0
1.3410544952524917e-8
2.2100783351284502e-8
0.0
0.0
0.0
0.0
0.0
0.0
0.0
0.0
0.0
0.0
0.0
0.0
0.0
6.579634382043167e-6
1.503600344553146e-8
8.887074407687078e-9
0.0
0.0
0.0
0.0
0.0
0.0
0.0
2.177557368830142e-8
0.0
0.0
0.0
0.0
0.0
0.0
0.0
0.0
0.0
0.0
0.0
0.0
0.0
3.52181280233101e-8
1.4996641525817612e-8
0.0
0.0
0.0
0.0
0.0
0.0
0.0
0.0
2.1741641665668508e-8
0.0
0.0
0.0
0.0
0.0
0.0
0.0
0.0
0.0
0.0
0.0
0.0
0.0
2.1827005146451357e-8
0.0
0.0
0.0
0.0
0.0
0.0
0.0
0.0
0.0
2.125839708451867e-8
0.0
0.0
0.0
0.0
0.0
0.0
0.0
0.0
0.0
0.0
0.0
0.0
0.0
2.17858547214236e-8
0.0
0.0
0.0
0.0
0.0
0.0
0.0
0.0
0.0
2.1856599955804895e-8
0.0
0.0
0.0
0.0
0.0
0.0
0.0
0.0
0.0
0.0
0.0
0.0
0.0
0.0
0.0
0.0
0.0
0.0
0.0
0.0
0.0
0.0
0.0
0.0
0.0
0.0
0.0
0.0
0.0
0.0
0.0
0.0
0.0
0.0
0.0
0.0
0.0
0.0
0.0
0.0
0.0
0.0
0.0
0.0
0.0
0.0
0.0
0.0
0.0
0.0
0.0
0.0
0.0
0.0
0.0
0.0
0.0
0.0
0.0
0.0
0.0
0.0
0.0
0.0
0.0
0.0
0.0
0.0
0.0
0.0
0.0
2.1748539882528035e-8
0.0
0.0
0.0
0.0
0.0
0.0
0.0
0.0
0.0
0.0
0.0
0.0
0.0
2.540961959138101e-8
0.0
0.0
0.0
0.0
0.0
0.0
0.0
0.0
0.0
2.0948640209809104e-8
0.0
0.0
0.0
0.0
0.0
0.0
0.0
0.0
0.0
0.0
0.0
0.0
0.0
2.223509010363311e-8
0.0
0.0
0.0
0.0
0.0
0.0
0.0
0.0
0.0
2.1475247616033607e-8
0.0
0.0
0.0
0.0
0.0
0.0
0.0
0.0
0.0
0.0
0.0
0.0
0.0
0.0
0.0
0.0
0.0
0.0
0.0
0.0
0.0
0.0
0.0
2.2172622179031803e-8
0.0
0.0
0.0
0.0
0.0
0.0
0.0
0.0
0.0
0.0
0.0
0.0
0.0
0.0
0.0
0.0
0.0
0.0
0.0
0.0
0.0
0.0
0.0
0.0
0.0
0.0
0.0
0.0
0.0
0.0
0.0
0.0
0.0
0.0
0.0
0.0
0.0
0.0
0.0
0.0
0.0
0.0
0.0
0.0
0.0
0.0
0.0
0.0
0.0
0.0
0.0
0.0
0.0
0.0
0.0
0.0
0.0
0.0
0.0
0.0
0.0
0.0
0.0
0.0
0.0
0.0
1.1149256820572782e-7
0.0
0.0
0.0
0.0
0.0
0.0
0.0
0.0
0.0
0.0
0.0
0.0
0.0
0.0
0.0
0.0
0.0
0.0
0.0
0.0
0.0
0.0
0.0
0.0
0.0
2.663529786058941e-8
0.0
0.0
0.0
0.0
0.0
0.0
0.0
0.0
0.0
0.0
0.0
0.0
0.0
0.0
0.0
0.0
0.0
0.0
0.0
0.0
0.0
0.0
0.0
2.3865375711696597e-8
0.0
1.4503923609484528e-8
0.0
0.0
0.0
0.0
0.0
0.0
0.0
0.0
0.0
0.0
0.0
0.0
0.0
0.0
0.0
0.0
0.0
0.0
0.0
0.0
0.0
0.0
0.0
1.3688998351589029e-8
0.0
0.0
0.0
0.0
0.0
0.0
0.0
0.0
0.0
0.0
0.0
0.0
0.0
0.0
1.6834564022643452e-8
0.0
0.0
0.0
0.0
0.0
0.0
0.0
0.0
0.0
0.0
0.0
0.0
0.0
0.0
0.0
0.0
0.0
0.0
0.0
0.0
0.0
0.0
0.0
0.0
0.0
0.0
0.0
0.0
0.0
0.0
0.0
0.0
0.0
0.0
0.0
0.0
0.0
0.0
0.0
0.0
0.0
0.0
0.0
0.0
0.0
0.0
0.0
0.0
0.0
0.0
0.0
0.0
0.0
0.0
0.0
0.0
0.0
0.0
0.0
0.0
0.0
0.0
0.0
0.0
0.0
0.0
0.0
0.0
0.0
0.0
0.0
0.0
0.0
0.0
0.0
0.0
0.0
0.0
0.0
0.0
0.0
0.0
0.0
0.0
0.0
0.0
0.0
0.0
0.0
0.0
0.0
0.0
0.0
0.0
0.0
0.0
0.0
0.0
0.0
0.0
0.0
0.0
0.0
0.0
0.0
0.0
0.0
0.0
0.0
0.0
0.0
0.0
0.0
0.0
0.0
0.0
0.0
0.0
0.0
0.0
0.0
0.0
0.0
0.0
0.0
0.0
0.0
0.0
0.0
0.0
0.0
0.0
0.0
0.0
0.0
0.0
0.0
0.0
0.0
0.0
0.0
0.0
0.0
0.0
0.0
0.0
0.0
0.0
0.0
0.0
2.7117192756498213e-8
0.0
0.0
0.0
0.0
0.0
0.0
0.0
0.0
0.0
0.0
0.0
0.0
0.0
0.0
0.0
0.0
0.0
0.0
0.0
0.0
0.0
0.0
0.0
0.0
0.0
0.0
0.0
0.0
0.0
0.0
0.0
0.0
0.0
0.0
0.0
0.0
0.0
0.0
0.0
0.0
1.3690532037475573e-8
0.0
0.0
0.0
0.0
0.0
0.0
0.0
0.0
0.0
0.0
0.0
0.0
0.0
0.0
0.0
0.0
0.0
0.0
0.0
0.0
0.0
0.0
0.0
0.0
0.0
0.0
0.0
0.0
0.0
0.0
0.0
0.0
0.0
0.0
0.0
0.0
0.0
0.0
0.0
0.0
0.0
0.0
0.0
0.0
0.0
0.0
0.0
0.0
0.0
0.0
0.0
0.0
0.0
0.0
0.0
0.0
0.0
0.0
0.0
0.0
0.0
0.0
0.0
0.0
0.0
0.0
0.0
0.0
0.0
0.0
0.0
0.0
0.0
0.0
0.0
0.0
0.0
0.0
3.371982553677108e-8
0.0
1.3301792856227636e-8
0.0
0.0
0.0
0.0
0.0
0.0
0.0
0.0
0.0
0.0
0.0
0.0
0.0
0.0
0.0
0.0
0.0
0.0
0.0
0.0
0.0
0.0
0.0
0.0
0.0
0.0
0.0
0.0
0.0
0.0
0.0
0.0
0.0
0.0
0.0
0.0
0.0
0.0
2.5229020943107802e-8
5.5855159225999574e-8
0.0
0.0
0.0
0.0
0.0
4.141087531410046e-8
0.0
0.0
0.0
0.0
0.0
0.0
0.0
0.0
0.0
0.0
0.0
0.0
0.0
0.0
0.0
0.0
1.7677753792983694e-8
6.303391365960778e-8
0.0
0.0
0.0
0.0
0.0
3.8088198283701775e-8
0.0
3.8807217860164854e-8
0.0
0.0
1.823378894560852e-8
0.0
0.0
0.0
0.0
0.0
0.0
0.0
0.0
0.0
0.0
0.0
0.0
1.687985550136069e-8
0.0
0.0
0.0
0.0
0.0
4.311156742626335e-8
0.0
0.0
0.0
0.0
1.327399045907362e-8
0.0
0.0
0.0
0.0
0.0
0.0
0.0
0.0
0.0
0.0
0.0
0.0
0.0
0.0
0.0
0.0
0.0
0.0
0.0
0.0
0.0
0.0
0.0
0.0
0.0
0.0
0.0
0.0
0.0
0.0
0.0
0.0
0.0
0.0
0.0
0.0
0.0
0.0
0.0
0.0
0.0
0.0
0.0
0.0
0.0
0.0
0.0
0.0
0.0
0.0
0.0
0.0
0.0
0.0
0.0
0.0
0.0
0.0
0.0
1.5357370966920484e-8
2.2315123932647383e-8
0.0
0.0
0.0
0.0
0.0
3.7601220350520694e-8
0.0
0.0
0.0
0.0
2.1694365851941314e-8
0.0
0.0
0.0
0.0
0.0
0.0
0.0
0.0
0.0
0.0
0.0
1.4601878746970874e-8
2.2497405279854544e-8
0.0
0.0
0.0
0.0
0.0
3.7783534357217994e-8
0.0
1.4801776849370018e-8
0.0
0.0
0.0
0.0
0.0
0.0
0.0
0.0
0.0
0.0
0.0
0.0
0.0
0.0
1.4104793092752703e-8
2.2362323423078365e-8
0.0
0.0
0.0
0.0
0.0
3.953935441628186e-8
0.0
0.0
0.0
0.0
0.0
0.0
0.0
0.0
0.0
0.0
0.0
0.0
0.0
0.0
0.0
0.0
1.1208122436401532e-8
2.2007410156466167e-8
0.0
0.0
0.0
0.0
0.0
4.1232913818331155e-8
0.0
0.0
0.0
0.0
0.0
0.0
0.0
0.0
0.0
0.0
0.0
0.0
0.0
0.0
0.0
0.0
1.3408059537048994e-8
2.1825083948409565e-8
0.0
0.0
0.0
0.0
0.0
3.753834302766425e-8
0.0
0.0
0.0
0.0
0.0
0.0
0.0
0.0
0.0
0.0
0.0
0.0
0.0
0.0
0.0
0.0
0.0
0.0
0.0
0.0
0.0
0.0
0.0
0.0
0.0
0.0
0.0
0.0
0.0
0.0
0.0
0.0
0.0
0.0
0.0
0.0
0.0
0.0
0.0
0.0
0.0
0.0
0.0
0.0
0.0
0.0
0.0
0.0
0.0
0.0
0.0
0.0
0.0
0.0
0.0
0.0
0.0
0.0
0.0
0.0
0.0
0.0
0.0
0.0
2.8782353101256624e-8
5.7098877098898215e-8
0.0
0.0
0.0
0.0
0.0
4.0864303491449993e-8
0.0
0.0
0.0
0.0
0.0
0.0
0.0
0.0
0.0
0.0
0.0
0.0
0.0
0.0
0.0
0.0
1.7484786694178965e-8
5.4828602974506767e-8
0.0
0.0
0.0
0.0
0.0
0.0
0.0
1.669695645150244e-8
0.0
0.0
0.0
0.0
0.0
0.0
0.0
0.0
0.0
0.0
0.0
0.0
0.0
0.0
0.0
9.453986287453298e-9
0.0
0.0
0.0
0.0
0.0
3.814104196553923e-8
0.0
0.0
0.0
0.0
0.0
0.0
0.0
0.0
0.0
0.0
0.0
0.0
0.0
0.0
0.0
0.0
0.0
8.169846187763235e-9
0.0
0.0
0.0
0.0
0.0
3.9865468718865074e-8
0.0
0.0
0.0
0.0
1.641698736932989e-8
0.0
0.0
0.0
0.0
0.0
0.0
0.0
0.0
0.0
0.0
0.0
0.0
2.6756973953357126e-8
0.0
0.0
0.0
0.0
0.0
3.886927598592565e-8
0.0
0.0
0.0
0.0
1.2916173711947916e-8
0.0
0.0
0.0
0.0
0.0
0.0
0.0
0.0
0.0
0.0
0.0
0.0
0.0
0.0
0.0
0.0
0.0
0.0
0.0
0.0
0.0
0.0
0.0
0.0
0.0
0.0
0.0
0.0
0.0
0.0
0.0
0.0
0.0
0.0
0.0
0.0
0.0
0.0
0.0
0.0
0.0
0.0
0.0
0.0
0.0
0.0
0.0
0.0
0.0
0.0
0.0
0.0
0.0
0.0
0.0
0.0
0.0
0.0
0.0
1.322902323772424e-8
1.3952813522110433e-8
0.0
0.0
0.0
0.0
0.0
3.8018778190459845e-8
0.0
0.0
0.0
0.0
3.9120748070039046e-8
0.0
0.0
0.0
0.0
0.0
0.0
0.0
0.0
0.0
0.0
0.0
0.0
0.0
0.0
0.0
0.0
0.0
0.0
3.793115677956743e-8
0.0
0.0
0.0
0.0
0.0
0.0
0.0
0.0
0.0
0.0
0.0
0.0
0.0
0.0
0.0
0.0
1.503694918047849e-8
0.0
0.0
0.0
0.0
0.0
0.0
3.9188759964298306e-8
0.0
0.0
0.0
0.0
0.0
0.0
0.0
0.0
0.0
0.0
0.0
0.0
0.0
0.0
0.0
0.0
0.0
0.0
0.0
0.0
0.0
0.0
0.0
3.849033000021521e-8
0.0
0.0
0.0
0.0
0.0
0.0
0.0
0.0
0.0
0.0
0.0
0.0
0.0
0.0
0.0
0.0
0.0
0.0
0.0
0.0
0.0
0.0
0.0
4.037631002249815e-8
0.0
0.0
0.0
0.0
0.0
0.0
0.0
0.0
0.0
0.0
0.0
0.0
0.0
0.0
0.0
0.0
0.0
0.0
0.0
0.0
0.0
0.0
0.0
0.0
0.0
0.0
0.0
0.0
0.0
0.0
0.0
0.0
0.0
0.0
0.0
0.0
0.0
0.0
0.0
0.0
0.0
0.0
0.0
0.0
0.0
0.0
0.0
0.0
0.0
0.0
0.0
0.0
0.0
0.0
0.0
0.0
0.0
0.0
0.0
0.0
0.0
0.0
0.0
0.0
1.4710136266423599e-8
2.295581013674427e-8
0.0
0.0
0.0
0.0
0.0
4.0190264313238795e-8
0.0
0.0
0.0
0.0
0.0
0.0
0.0
0.0
0.0
0.0
0.0
0.0
0.0
0.0
0.0
0.0
1.432726584003162e-8
1.5377899869408412e-8
0.0
0.0
0.0
0.0
0.0
3.973901493385038e-8
0.0
0.0
0.0
0.0
1.4734115886751948e-8
0.0
0.0
0.0
0.0
0.0
0.0
0.0
0.0
0.0
0.0
0.0
1.862042722150184e-8
8.110694412592349e-8
0.0
0.0
0.0
0.0
0.0
3.802786505500981e-8
0.0
0.0
0.0
0.0
0.0
0.0
0.0
0.0
0.0
0.0
0.0
0.0
0.0
0.0
0.0
0.0
1.618344912494171e-8
2.3607767305259356e-8
0.0
0.0
0.0
0.0
0.0
3.7681516035126646e-8
0.0
0.0
0.0
0.0
0.0
0.0
0.0
0.0
0.0
0.0
0.0
0.0
0.0
0.0
0.0
0.0
1.1961836184522732e-8
2.2014948640715414e-8
0.0
0.0
0.0
0.0
0.0
4.249671889414292e-8
0.0
0.0
0.0
0.0
0.0
0.0
0.0
0.0
0.0
0.0
0.0
0.0
0.0
0.0
0.0
0.0
0.0
0.0
0.0
0.0
0.0
0.0
0.0
0.0
0.0
0.0
0.0
0.0
0.0
0.0
0.0
0.0
0.0
0.0
0.0
0.0
0.0
0.0
0.0
0.0
0.0
0.0
0.0
0.0
0.0
0.0
0.0
0.0
0.0
0.0
0.0
0.0
0.0
0.0
0.0
0.0
0.0
0.0
0.0
0.0
0.0
0.0
0.0
0.0
1.524142130338072e-8
2.2714528954043265e-8
0.0
0.0
0.0
0.0
0.0
3.235031279467496e-8
0.0
0.0
0.0
0.0
3.857362691287939e-8
0.0
0.0
0.0
0.0
0.0
0.0
0.0
0.0
0.0
0.0
0.0
0.0
0.0
0.0
0.0
0.0
0.0
0.0
3.4272650878888354e-8
0.0
0.0
0.0
0.0
1.0966633915422243e-7
0.0
1.403718395174409e-8
0.0
0.0
0.0
0.0
0.0
0.0
0.0
0.0
0.0
6.066473962418787e-8
0.00010988689015206557
2.6744724858416824e-7
0.0
0.0
0.0
0.0
3.820418145974289e-8
0.0
0.0
0.0
0.0
1.0370177987538885e-7
0.0
9.772783846288039e-8
0.0
0.0
0.0
0.0
0.0
0.0
0.0
0.0
0.0
5.99605213239414e-8
0.00011568830156351439
3.390898880408208e-7
0.0
0.0
0.0
0.0
3.8841263125927414e-8
0.0
0.0
0.0
0.0
1.0804390894999452e-7
0.0
1.6760369281603403e-8
0.0
0.0
0.0
0.0
0.0
0.0
0.0
0.0
0.0
3.4749518296360254e-8
3.975460374677956e-6
0.0
0.0
0.0
0.0
0.0
3.7373050030299264e-8
0.0
0.0
0.0
0.0
3.9383473629484365e-8
0.0
0.0
0.0
0.0
0.0
0.0
0.0
0.0
0.0
0.0
0.0
0.0
0.0
0.0
0.0
0.0
0.0
0.0
0.0
0.0
0.0
0.0
0.0
0.0
0.0
0.0
0.0
0.0
0.0
0.0
0.0
0.0
0.0
0.0
0.0
0.0
0.0
0.0
2.542457710060736e-7
0.0
0.0
0.0
0.0
0.0
0.0
0.0
0.0
0.0
0.0
0.0
0.0
0.0
0.0
0.0
0.0
0.0
0.0
0.0
0.0
2.363079343342267e-8
0.0
0.0
0.0
0.0
0.0
0.0
4.040267383273408e-8
0.0
0.0
0.0
0.0
1.7029523925304272e-8
0.0
0.0
0.0
0.0
0.0
0.0
0.0
0.0
0.0
0.0
0.0
0.0
1.1341637457673041e-8
0.0
0.0
0.0
0.0
0.0
3.7848781825929965e-8
0.0
0.0
0.0
0.0
1.1453843042918997e-7
0.0
0.0
0.0
0.0
0.0
0.0
0.0
0.0
0.0
0.0
0.0
1.929389967508572e-8
0.0
0.0
0.0
0.0
0.0
0.0
3.898998737956332e-8
0.0
0.0
0.0
0.0
3.894161170448715e-8
0.0
0.0
0.0
0.0
0.0
0.0
0.0
0.0
0.0
0.0
0.0
0.0
0.0
0.0
0.0
0.0
0.0
0.0
3.9693627248663934e-8
0.0
0.0
0.0
0.0
0.0
0.0
0.0
0.0
0.0
0.0
0.0
0.0
0.0
0.0
0.0
0.0
0.0
1.0940863400406031e-8
0.0
0.0
0.0
0.0
0.0
3.9218720767303204e-8
0.0
0.0
0.0
0.0
7.040724669043852e-8
0.0
0.0
0.0
0.0
0.0
0.0
0.0
0.0
0.0
0.0
0.0
0.0
0.0
0.0
0.0
0.0
0.0
0.0
0.0
0.0
0.0
0.0
0.0
0.0
0.0
0.0
0.0
0.0
0.0
0.0
0.0
0.0
0.0
0.0
0.0
0.0
0.0
0.0
0.0
0.0
0.0
0.0
0.0
0.0
0.0
0.0
0.0
0.0
0.0
0.0
0.0
0.0
0.0
0.0
0.0
0.0
0.0
0.0
0.0
0.0
1.0236766458677676e-8
0.0
0.0
0.0
0.0
0.0
3.883913076283879e-8
0.0
0.0
0.0
0.0
0.0
0.0
0.0
0.0
0.0
0.0
0.0
0.0
0.0
0.0
0.0
0.0
0.0
8.833535375614192e-9
0.0
0.0
0.0
0.0
0.0
3.565012657021179e-8
0.0
0.0
0.0
0.0
0.0
0.0
0.0
0.0
0.0
0.0
0.0
0.0
0.0
0.0
0.0
0.0
0.0
8.083131834121525e-9
0.0
0.0
0.0
0.0
0.0
3.7050132691214924e-8
0.0
0.0
0.0
0.0
9.32398204355212e-8
0.0
0.0
0.0
0.0
0.0
0.0
0.0
0.0
0.0
0.0
0.0
1.5644053902423818e-8
5.825550040607928e-8
0.0
0.0
0.0
0.0
0.0
1.9281857748764017e-8
0.0
0.0
0.0
0.0
3.893801793053951e-8
0.0
0.0
0.0
0.0
0.0
0.0
0.0
0.0
0.0
0.0
0.0
0.0
1.7369318161953405e-8
0.0
0.0
0.0
0.0
0.0
3.724538822117109e-8
0.0
0.0
0.0
0.0
3.892172447379416e-8
0.0
0.0
0.0
0.0
0.0
0.0
0.0
0.0
0.0
0.0
0.0
0.0
0.0
0.0
0.0
0.0
0.0
0.0
0.0
0.0
0.0
0.0
0.0
0.0
0.0
0.0
0.0
0.0
0.0
0.0
0.0
0.0
0.0
0.0
0.0
0.0
0.0
0.0
0.0
0.0
0.0
0.0
0.0
0.0
0.0
0.0
0.0
0.0
0.0
0.0
0.0
0.0
0.0
0.0
0.0
0.0
0.0
0.0
0.0
0.0
8.502896527178318e-9
0.0
0.0
0.0
0.0
0.0
4.050085729917245e-8
0.0
0.0
0.0
0.0
0.0
0.0
0.0
0.0
0.0
0.0
0.0
0.0
0.0
0.0
0.0
0.0
0.0
1.3589858150600449e-8
0.0
0.0
0.0
0.0
0.0
4.296177581053446e-8
0.0
0.0
0.0
0.0
0.0
0.0
0.0
0.0
0.0
0.0
0.0
0.0
0.0
0.0
0.0
0.0
0.0
6.43501236773012e-8
0.0
0.0
0.0
0.0
0.0
3.694550912206676e-8
0.0
0.0
0.0
0.0
0.0
0.0
0.0
0.0
0.0
0.0
0.0
0.0
0.0
0.0
0.0
0.0
2.0553826504779042e-8
7.864768150255178e-8
0.0
0.0
0.0
0.0
0.0
4.213365965791386e-8
0.0
0.0
0.0
0.0
0.0
0.0
0.0
0.0
0.0
0.0
0.0
0.0
0.0
0.0
0.0
0.0
0.0
7.0608078802415084e-9
0.0
0.0
0.0
0.0
0.0
3.906568929245073e-8
0.0
0.0
0.0
0.0
3.851298944666287e-8
0.0
0.0
0.0
0.0
0.0
0.0
0.0
0.0
0.0
0.0
0.0
0.0
0.0
0.0
0.0
0.0
0.0
0.0
0.0
0.0
0.0
0.0
0.0
0.0
0.0
0.0
0.0
0.0
0.0
0.0
0.0
0.0
0.0
0.0
0.0
0.0
0.0
0.0
0.0
0.0
0.0
0.0
0.0
0.0
0.0
0.0
0.0
0.0
0.0
0.0
0.0
0.0
0.0
0.0
0.0
0.0
0.0
0.0
0.0
0.0
0.0
0.0
0.0
0.0
0.0
0.0
0.0
0.0
0.0
0.0
0.0
0.0
0.0
0.0
0.0
0.0
0.0
0.0
0.0
0.0
0.0
0.0
0.0
0.0
0.0
0.0
0.0
0.0
0.0
0.0
2.386663859715563e-8
0.0
1.3986789406485725e-8
0.0
0.0
0.0
0.0
0.0
0.0
0.0
0.0
0.0
0.0
0.0
0.0
0.0
0.0
0.0
0.0
0.0
0.0
0.0
0.0
0.0
0.0
0.0
0.0
0.0
0.0
0.0
0.0
0.0
0.0
0.0
0.0
0.0
0.0
0.0
0.0
0.0
0.0
0.0
0.0
0.0
0.0
0.0
0.0
0.0
0.0
0.0
0.0
0.0
0.0
0.0
0.0
0.0
0.0
0.0
0.0
0.0
0.0
0.0
0.0
0.0
0.0
0.0
0.0
0.0
0.0
0.0
0.0
0.0
0.0
0.0
0.0
0.0
0.0
0.0
0.0
0.0
0.0
0.0
0.0
0.0
0.0
0.0
0.0
0.0
0.0
0.0
0.0
0.0
0.0
0.0
0.0
0.0
0.0
0.0
0.0
0.0
0.0
0.0
0.0
0.0
0.0
0.0
0.0
0.0
0.0
0.0
0.0
0.0
0.0
0.0
0.0
0.0
0.0
0.0
0.0
0.0
0.0
0.0
0.0
0.0
0.0
0.0
0.0
0.0
0.0
0.0
0.0
0.0
0.0
0.0
0.0
0.0
0.0
2.9562653121168205e-8
0.0
0.0
0.0
0.0
0.0
0.0
2.4169120841421746e-8
0.0
1.4216782484427163e-8
0.0
0.0
0.0
0.0
0.0
0.0
0.0
0.0
0.0
0.0
0.0
0.0
0.0
0.0
5.1819295250618316e-8
0.0
9.73121610084023e-9
0.0
0.0
0.0
0.0
2.389206931680412e-8
0.0
1.4016367862530347e-8
0.0
0.0
0.0
0.0
0.0
0.0
0.0
0.0
0.0
0.0
0.0
0.0
0.0
0.0
5.3208416943815285e-8
0.0
1.1542528545242609e-8
0.0
0.0
0.0
0.0
2.405266285860262e-8
0.0
1.4208200475271244e-8
0.0
0.0
0.0
0.0
0.0
0.0
0.0
0.0
0.0
0.0
0.0
0.0
0.0
0.0
0.0
0.0
0.0
0.0
0.0
0.0
0.0
2.393695472919401e-8
0.0
1.4151883397748266e-8
0.0
0.0
0.0
0.0
0.0
0.0
0.0
0.0
0.0
0.0
0.0
0.0
0.0
0.0
0.0
0.0
0.0
0.0
0.0
0.0
0.0
0.0
0.0
0.0
0.0
0.0
0.0
0.0
0.0
0.0
0.0
0.0
0.0
0.0
0.0
0.0
0.0
0.0
0.0
0.0
0.0
0.0
0.0
0.0
0.0
0.0
0.0
0.0
0.0
0.0
0.0
0.0
0.0
0.0
0.0
0.0
0.0
0.0
0.0
0.0
0.0
0.0
0.0
0.0
0.0
0.0
0.0
0.0
0.0
0.0
0.0
0.0
0.0
0.0
0.0
0.0
0.0
0.0
0.0
0.0
0.0
0.0
0.0
0.0
0.0
0.0
0.00016502204867375878
5.3466903376845334e-5
1.2180524328406011e-8
0.0
0.0
0.0
0.0
3.772526775319792e-8
0.0
1.3885523430859782e-8
2.21622972606034e-8
0.0
0.0
0.0
0.0
0.0
0.0
0.0
0.0
0.0
0.0
0.0
0.0
0.0
0.00011148298719319527
1.232398392407254e-5
1.24787962412763e-8
0.0
0.0
0.0
0.0
0.0
0.0
1.3625896781038632e-8
2.2792525754575842e-8
0.0
0.0
0.0
0.0
0.0
0.0
0.0
0.0
0.0
0.0
0.0
0.0
0.0
0.0
0.0
0.0
0.0
0.0
0.0
0.0
0.0
0.0
0.0
2.264357750302274e-8
0.0
0.0
0.0
0.0
0.0
0.0
0.0
0.0
0.0
0.0
0.0
0.0
0.0
0.0
0.0
0.0
0.0
0.0
0.0
0.0
0.0
0.0
0.0
2.2359058520299567e-8
0.0
0.0
0.0
0.0
0.0
0.0
0.0
0.0
0.0
0.0
0.0
0.0
0.0
0.0
0.0
0.0
0.0
0.0
0.0
0.0
0.0
0.0
0.0
2.2450694927732534e-8
0.0
0.0
0.0
0.0
0.0
0.0
0.0
0.0
0.0
0.0
0.0
0.0
0.0
0.0
0.0
0.0
0.0
0.0
0.0
0.0
0.0
0.0
0.0
0.0
0.0
0.0
0.0
0.0
0.0
0.0
0.0
0.0
0.0
0.0
0.0
0.0
0.0
0.0
0.0
0.0
0.0
0.0
0.0
0.0
0.0
0.0
0.0
0.0
0.0
0.0
0.0
0.0
0.0
0.0
0.0
0.0
0.0
0.0
0.0
0.0
0.0
0.0
0.0
0.0
0.0
0.0
0.0
0.0
0.0
0.0
0.0
2.2399565407275814e-8
0.0
0.0
0.0
0.0
0.0
0.0
0.0
0.0
0.0
0.0
0.0
0.0
0.0
3.787247136589226e-8
0.0
1.0542491295473488e-8
0.0
0.0
0.0
0.0
0.0
0.0
1.3894430687065086e-8
2.2148451569021318e-8
0.0
0.0
0.0
0.0
0.0
0.0
0.0
0.0
0.0
0.0
0.0
0.0
0.0
7.9923045148944e-5
1.2559543272495502e-5
1.2234333708480571e-8
0.0
0.0
0.0
0.0
0.0
0.0
1.3874462335476892e-8
2.1835734957473026e-8
0.0
0.0
0.0
0.0
0.0
0.0
0.0
0.0
0.0
0.0
0.0
0.0
0.0
7.163537707940888e-6
0.0
1.2543983645745602e-8
0.0
0.0
0.0
0.0
0.0
0.0
1.4256959128818738e-8
2.2695338576959054e-8
0.0
0.0
0.0
0.0
0.0
0.0
0.0
0.0
0.0
0.0
0.0
0.0
0.0
3.929273809143622e-8
0.0
9.121313846144423e-9
0.0
0.0
0.0
0.0
0.0
0.0
1.3997544209576711e-8
2.2097383418244324e-8
0.0
0.0
0.0
0.0
0.0
0.0
0.0
0.0
0.0
0.0
0.0
0.0
0.0
0.0
0.0
0.0
0.0
0.0
0.0
0.0
0.0
0.0
0.0
0.0
0.0
0.0
0.0
0.0
0.0
0.0
0.0
0.0
0.0
0.0
0.0
0.0
0.0
0.0
0.0
0.0
0.0
0.0
0.0
0.0
0.0
0.0
0.0
0.0
0.0
0.0
0.0
0.0
0.0
0.0
0.0
0.0
0.0
0.0
0.0
0.0
0.0
0.0005068398068197295
0.0003918702761162869
3.0785871739609566e-5
0.0
0.0
0.0
0.0
2.180195974280769e-8
0.0
0.0
2.1814061521297463e-8
0.0
0.0
0.0
0.0
0.0
0.0
0.0
0.0
0.0
0.0
0.0
0.0
0.0
0.00031709466483672113
0.00024880914131027214
6.302066008034036e-6
0.0
0.0
0.0
0.0
2.2632403451989122e-8
0.0
1.3784943493037453e-8
2.1721877843548196e-8
0.0
0.0
0.0
0.0
0.0
0.0
0.0
0.0
0.0
0.0
0.0
0.0
0.0
0.0003640192564747645
0.0003373216687474175
3.376040394944455e-5
0.0
0.0
0.0
0.0
2.0407789929244984e-8
0.0
1.4148754887221133e-8
2.2355874809107505e-8
0.0
0.0
0.0
0.0
0.0
0.0
0.0
0.0
0.0
0.0
0.0
0.0
0.0
3.0613187060754017e-6
0.0
1.0512549668726218e-8
0.0
0.0
0.0
0.0
3.362098980423275e-8
0.0
1.4081848877229797e-8
2.2177958815124242e-8
0.0
0.0
0.0
0.0
0.0
0.0
0.0
0.0
0.0
0.0
0.0
0.0
0.0
4.220653808011838e-8
0.0
1.0041464460817797e-8
0.0
0.0
0.0
0.0
0.0
0.0
1.4173918199635899e-8
1.941837266909285e-8
0.0
0.0
0.0
0.0
0.0
0.0
0.0
0.0
0.0
0.0
0.0
0.0
0.0
0.0
0.0
0.0
0.0
0.0
0.0
0.0
0.0
0.0
0.0
0.0
0.0
0.0
0.0
0.0
0.0
0.0
0.0
0.0
0.0
0.0
0.0
0.0
0.0
0.0
0.0
0.0
0.0
0.0
0.0
0.0
0.0
0.0
0.0
0.0
0.0
0.0
0.0
0.0
0.0
0.0
0.0
0.0
0.0
0.0
0.0
0.0
0.0
0.0
0.0
0.0
0.0
0.0
0.0
0.0
0.0
0.0
0.0
0.0
0.0
0.0
0.0
0.0
0.0
0.0
0.0
0.0
0.0
0.0
0.0
0.0
0.0
1.4918458292850657e-5
0.0
9.8177541403629e-9
0.0
0.0
0.0
0.0
1.884490083618485e-8
0.0
0.0
2.2675680504665454e-8
0.0
0.0
0.0
0.0
0.0
0.0
0.0
0.0
0.0
0.0
0.0
0.0
0.0
0.00017810783827895842
0.00011906562396267971
1.1055510666630298e-8
0.0
0.0
0.0
0.0
0.0
0.0
1.4452875794306379e-8
2.215158801585168e-8
0.0
0.0
0.0
0.0
0.0
0.0
0.0
0.0
0.0
0.0
0.0
0.0
0.0
0.0002403354342283226
0.00014417231094815012
1.1257713039797957e-8
0.0
0.0
0.0
0.0
3.332929416011099e-8
0.0
1.3253076047357325e-8
2.26758066372187e-8
0.0
0.0
0.0
0.0
0.0
0.0
0.0
0.0
0.0
0.0
0.0
0.0
0.0
1.726486858824186e-8
0.0
0.0
0.0
0.0
0.0
0.0
0.0
0.0
1.4138391555011471e-8
2.3191248447117427e-8
0.0
0.0
0.0
0.0
0.0
0.0
0.0
0.0
0.0
0.0
0.0
0.0
0.0
0.0
0.0
0.0
0.0
0.0
0.0
0.0
0.0
0.0
0.0
0.0
0.0
0.0
0.0
0.0
0.0
0.0
0.0
0.0
0.0
0.0
0.0
0.0
0.0
0.0
0.0
0.0
0.0
0.0
0.0
0.0
0.0
0.0
0.0
0.0
0.0
0.0
0.0
0.0
0.0
0.0
0.0
0.0
0.0
0.0
0.0
0.0
0.0
0.0023449598469044734
0.0016393708405815022
0.0008222379364093177
0.00034200535948848254
4.9039129431437054e-5
2.8512089033998205e-8
0.0
2.2254375461866554e-8
0.0
0.0
2.25209801392926e-8
0.0
5.013762963841835e-6
9.369967350280359e-5
0.00022511608180486315
0.0
0.0
0.0
0.0
0.0
0.0
0.0
0.0
0.0
0.001741551858302901
0.0014050162432538542
0.0005877835367696064
9.635512323863273e-5
0.0
0.0
0.0
2.254263900829876e-8
0.0
0.0
2.2257638818857075e-8
0.0
0.0
2.75688626468514e-7
3.818820848072455e-5
0.0
0.0
0.0
0.0
0.0
0.0
0.0
0.0
0.0
0.00114024606446958
0.0009319107320101333
0.000291694439585087
2.2478201645750746e-6
0.0
0.0
0.0
2.2835619023394045e-8
0.0
0.0
2.210090524234552e-8
0.0
0.0
0.0
0.0
0.0
0.0
0.0
0.0
0.0
0.0
0.0
0.0
0.0
0.0007752140984245864
0.0006297062003900219
0.00020843383706339982
7.810262557508436e-6
0.0
0.0
0.0
2.2133234480470766e-8
0.0
0.0
2.3230823105942988e-8
0.0
0.0
0.0
0.0
0.0
0.0
0.0
0.0
0.0
0.0
0.0
0.0
0.0
0.0005377521391213159
0.0004979633919182287
0.00015748075217378137
3.6549665625139302e-6
0.0
0.0
0.0
2.2969711057267895e-8
0.0
0.0
2.3041714077892015e-8
0.0
0.0
0.0
0.0
0.0
0.0
0.0
0.0
0.0
0.0
0.0
0.0
0.0
0.0
0.0
0.0
0.0
0.0
0.0
0.0
0.0
0.0
0.0
0.0
0.0
0.0
0.0
0.0
0.0
0.0
0.0
0.0
0.0
0.0
0.0
0.0
0.0
0.0
0.0
0.0
0.0
0.0
0.0
0.0
0.0
0.0
0.0
0.0
0.0
0.0
0.0
0.0
0.0
0.0
0.0
0.0
0.0
0.0
0.0
0.0
0.0
2.4007807023551847e-6
0.0
1.0396932368517237e-8
0.0
0.0
0.0
0.0
2.2152864285575067e-8
0.0
0.0
2.3569547449742116e-8
0.0
0.0
0.0
0.0
0.0
0.0
0.0
0.0
0.0
0.0
0.0
0.0
0.0
0.00013070376272229358
0.00010483707686540532
8.934305794139598e-9
0.0
0.0
0.0
0.0
2.346313830190967e-8
0.0
0.0
2.2891905637577304e-8
0.0
0.0
0.0
0.0
0.0
0.0
0.0
0.0
0.0
0.0
0.0
0.0
0.0
2.4845169624511015e-5
7.729249141726403e-6
0.0
0.0
0.0
0.0
0.0
2.2568229085522932e-8
0.0
0.0
2.2042822714375266e-8
0.0
0.0
0.0
0.0
0.0
0.0
0.0
0.0
0.0
0.0
0.0
0.0
0.0
0.00040509665587225833
0.0003750901177521206
0.0001227801867017699
1.4631174163526527e-6
0.0
0.0
0.0
2.326111166319045e-8
0.0
0.0
2.1873119517075245e-8
0.0
2.957223949211925e-8
0.0
0.0
0.0
0.0
0.0
0.0
0.0
0.0
0.0
0.0
0.0
0.0004023743767136491
0.0002952211270283953
2.3041741826676705e-5
0.0
0.0
0.0
0.0
2.2954871683025556e-8
0.0
0.0
2.3348060769288522e-8
0.0
0.0
0.0
0.0
0.0
0.0
0.0
0.0
0.0
0.0
0.0
0.0
0.0
0.0
0.0
0.0
0.0
0.0
0.0
0.0
0.0
0.0
0.0
0.0
0.0
0.0
0.0
0.0
0.0
0.0
0.0
0.0
0.0
0.0
0.0
0.0
0.0
0.0
0.0
0.0
0.0
0.0
0.0
0.0
0.0
0.0
0.0
0.0
0.0
0.0
0.0
0.0
0.0
0.0
0.0
0.0
0.0
0.0
0.0
0.0
0.0
0.0
0.0
0.0
0.0
0.0
0.0
0.0
0.0
0.0
0.0
2.2341412069949242e-8
0.0
0.0
0.0
0.0
0.0
0.0
0.0
0.0
0.0
0.0
0.0
0.0
0.0
0.0
0.0
0.0
0.0
0.0
0.0
0.0
0.0
0.0
1.951521362783758e-8
3.8967616934257586e-8
0.0
0.0
0.0
0.0
0.0
0.0
0.0
0.0
0.0
0.0
0.0
0.0
0.0
0.0009244938777344932
0.0008100879250837894
0.00045083230233576636
0.0001467880400518424
0.0
0.0
0.0
2.260566959512037e-8
0.0
0.0
2.3313177252704695e-8
0.0
0.0
0.0
0.0
0.0
0.0
0.0
0.0
0.0
0.0
0.0
0.0
0.0
0.0002483512869755094
0.00019632812166767196
6.7854803808304295e-6
0.0
0.0
0.0
0.0
2.1839460524009653e-8
0.0
0.0
2.490009940889522e-8
0.0
0.0
0.0
0.0
0.0
0.0
0.0
0.0
0.0
0.0
0.0
0.0
0.0
1.5343479146754062e-7
0.0
9.634468525615991e-9
0.0
0.0
0.0
0.0
2.3116486359364543e-8
0.0
0.0
2.3143963721543785e-8
0.0
0.0
0.0
0.0
0.0
0.0
0.0
0.0
0.0
0.0
0.0
0.0
0.0
0.0
0.0
0.0
0.0
0.0
0.0
0.0
0.0
0.0
0.0
0.0
0.0
0.0
0.0
0.0
0.0
0.0
0.0
0.0
0.0
0.0
0.0
0.0
0.0
0.0
0.0
0.0
0.0
0.0
0.0
0.0
0.0
0.0
0.0
0.0
0.0
0.0
0.0
0.0
0.0
0.0
0.0
0.0
0.0
0.0
6.286979524454647e-6
7.5698087532703016e-6
1.750273809839476e-5
1.9059467498508887e-5
0.0032625833790961363
0.0015904722550214437
0.000720774046629541
0.000328564811756318
8.876607950663111e-5
2.3834008085837612e-7
0.0
5.357504007974841e-9
0.0
0.0
2.7656374349191016e-8
6.35807914493691e-6
4.6368103946474773e-5
9.685537190084814e-5
0.0001339743306266167
0.0
0.0
0.0
0.0
0.0
0.0
0.0
0.0
0.0
0.0006413266053292583
0.0004575219606396889
0.00020139725532844035
4.4191669840248756e-5
0.0
2.8418272504274164e-8
0.0
2.234637676487567e-8
0.0
0.0
2.732558343854609e-8
0.0
1.892655657883673e-6
4.7092738118154125e-5
9.489641482281537e-5
0.0
0.0
0.0
0.0
0.0
0.0
0.0
0.0
0.0
0.0011944096906758666
0.0009227442268457542
0.0006700880071743695
0.0006105846320916277
0.0005659263572657295
0.0004470494649089842
0.0003477280078973921
0.000364148323386586
0.00037637407338931374
0.00033876932058268474
0.00017884758854925845
0.00031416221658078883
0.0003211495557220761
0.0003313526977511372
0.0003931242733869768
0.0
0.0
0.0
0.0
0.0
0.0
0.0
0.0
0.0
0.0015779711654876055
0.0010655664379234362
0.0007272587368481626
0.0006109589734709634
0.0005070097238259398
0.0003344223838237692
0.00024734250182239793
0.0002557709178262156
0.00018773015672491372
0.00011684133402337745
4.1605312113525135e-5
0.00017078246252827243
0.0005515932692141498
0.0007123552024954837
0.0008843086452637156
0.0
0.0
0.0
0.0
0.0
0.0
0.0
1.805134926820935e-6
1.2590411981049549e-5
0.003310284959468239
0.0019348848018354795
0.0008539434664017575
0.0003219701351200338
5.484549320920823e-5
4.220129243817249e-8
0.0
4.639238309627131e-8
0.0
0.0
2.5995283801052713e-8
2.313420245501721e-5
0.00014224850344608293
0.0003602027713372861
0.0006257617426928437
0.0
0.0
0.0
0.0
0.0
0.0
0.0
0.0
0.0
5.872836698416914e-6
4.3913099107371377e-7
0.0
0.0
0.0
0.0
0.0
0.0
0.0
0.0
0.0
0.0
0.0
0.0
0.0
0.0
0.0
0.0
0.0
0.0
0.0
0.0
0.0
0.0
1.8226296962252367e-6
0.0
0.0
0.0
0.0
0.0
0.0
0.0
0.0
0.0
0.0
0.0
0.0
0.0
0.0
0.0
0.0
0.0
0.0
0.0
0.0
0.0
0.0
0.0
0.0019472583063406244
0.0012013654763668078
0.000434459621019265
5.554689718510776e-5
1.608570161321257e-8
0.0
0.0
2.128811830447883e-8
0.0
0.0
2.5303859891412578e-8
0.0
3.075216696670456e-6
4.990823725003141e-6
9.50996356960856e-5
0.0
0.0
0.0
0.0
0.0
0.0
0.0
0.0
0.0
0.0019559968911246
0.001163995682812856
0.0004365909935780673
6.212489584981252e-5
0.0
0.0
5.0121158557404144e-9
2.2140341133683777e-8
0.0
0.0
2.4886191833941563e-8
0.0
5.330529248485997e-8
4.303990994115976e-6
2.0421332241026493e-5
0.0
0.0
0.0
0.0
0.0
0.0
0.0
0.0
0.0
0.0009783373202905624
0.0007013465955788827
0.0001765477162081814
0.0
0.0
0.0
0.0
2.157574482590647e-8
0.0
0.0
2.4343407084177756e-8
0.0
0.0
0.0
0.0
0.0
0.0
0.0
0.0
0.0
0.0
0.0
0.0
0.0
7.443547503726026e-5
2.1320915054015463e-5
8.856656470788437e-9
0.0
0.0
0.0
0.0
2.1596951424596635e-8
0.0
0.0
2.4701429388155004e-8
0.0
0.0
0.0
0.0
0.0
0.0
0.0
0.0
0.0
0.0
0.0
0.0
0.0
0.00042704549293918895
0.00029545230480224305
2.7150567805223164e-5
0.0
0.0
0.0
0.0
2.2176560173637386e-8
0.0
0.0
2.5305138093371315e-8
0.0
0.0
0.0
1.5205908580276332e-6
0.0
0.0
0.0
0.0
0.0
0.0
0.0
0.0
0.0
0.0
0.0
0.0
0.0
0.0
0.0
0.0
0.0
0.0
0.0
0.0
0.0
0.0
0.0
0.0
0.0
0.0
0.0
0.0
0.0
0.0
0.0
0.0
0.0
0.0
0.0
0.0
0.0
0.0
0.0
0.0
0.0
0.0
0.0
0.0
0.0
0.0
0.0
0.0
0.0
0.0
0.0
0.0
0.0
0.0
0.0
0.0
0.0
1.022912746520099e-6
0.0
1.0745510914650367e-8
0.0
0.0
0.0
0.0
2.3456335843806297e-8
0.0
0.0
2.4431570793415032e-8
0.0
0.0
0.0
0.0
0.0
0.0
0.0
0.0
0.0
0.0
0.0
0.0
0.0
7.187011388938287e-6
3.574213936766483e-8
1.0453265563710668e-8
0.0
0.0
0.0
0.0
2.3942279729459447e-8
0.0
0.0
2.3551774098657175e-8
0.0
0.0
0.0
0.0
0.0
0.0
0.0
0.0
0.0
0.0
0.0
0.0
0.0
8.04008860077327e-8
0.0
0.0
0.0
0.0
0.0
0.0
2.301489488219969e-8
3.062330183209374e-8
0.0
2.604865006300895e-8
0.0
0.0
0.0
0.0
0.0
0.0
0.0
0.0
0.0
0.0
0.0
0.0
0.0
0.0
0.0
0.0
0.0
0.0
0.0
0.0
0.0
0.0
0.0
0.0
0.0
0.0
0.0
0.0
0.0
0.0
0.0
0.0
0.0
0.0
0.0
0.0
0.0
0.002884040323365181
0.001619333224953992
0.0005986147456302656
0.00011884089217307772
7.598376702068844e-9
0.0
0.0
2.141228544919436e-8
0.0
0.0
2.4655288314981173e-8
0.0
0.0
0.0
0.0
0.0
0.0
0.0
0.0
0.0
0.0
0.0
0.0
0.0
0.0
0.0
0.0
0.0
0.0
0.0
0.0
0.0
0.0
0.0
0.0
0.0
0.0
0.0
0.0
0.0
0.0
0.0
0.0
0.0
0.0
0.0
0.0
0.0
0.0
0.0
0.0
0.0
0.0
0.0
0.0
0.0
0.0
0.0
0.0
0.0
0.0
0.0
0.0
0.0
0.0
0.0
0.0
0.0
0.0
0.0
0.0
0.0
0.0
0.0
0.0
0.0
0.0
0.0
0.0
2.4684312342013175e-8
0.0
0.0
2.3053583257660913e-8
0.0
0.0
0.0
0.0
0.0
0.0
0.0
0.0
0.0
0.0
0.0
0.0
0.0
0.0002530393588952772
0.00031742718703494977
0.0002200241179351701
0.00021474718947017102
9.383947647974599e-5
2.7153738584576705e-7
0.0
3.781771436576301e-8
0.0
0.0
2.7476261488447926e-8
2.3676321182107943e-5
9.096478170152991e-5
0.00013881089996972896
0.00020181755747040257
0.0
0.0
0.0
0.0
0.0
0.0
0.0
0.0
0.0
0.0015813745129290226
0.0012460280577211457
0.0008014941292922502
0.0005404937595787282
0.0003301173166725906
0.000135428320429461
2.752556290690443e-5
5.589343864620596e-8
0.0
7.316102590371952e-6
1.9150625211129292e-5
0.0001444890871720244
0.000333947591466826
0.0006653857427974664
0.0010440222235212858
0.0
0.0
0.0
0.0
0.0
0.0
5.8011116039272504e-6
8.130410706435891e-6
1.7612211686657888e-5
0.0034661457768490516
0.002551797939206237
0.0017351238872034247
0.0009422983057616937
0.0005182011065393479
0.00025748374789679693
0.0001614339163820505
0.0001229384802755581
6.368399675777246e-5
5.8102490317773166e-5
3.92034141832667e-5
0.00013418864898727308
0.00023660984144157263
0.00037709099618409524
0.0005053863327352121
0.0
0.0
0.0
0.0
0.0
0.0
0.0
0.0
0.0
0.001434521742804541
0.0008899501975194682
0.00036960493102917367
7.744387456340788e-5
0.0
2.343148463452778e-8
0.0
1.989202966339721e-8
0.0
0.0
2.5362405712865843e-8
0.0
0.0
0.0
0.0
0.0
0.0
0.0
0.0
0.0
0.0
0.0
0.0
0.0
0.0
0.0
0.0
0.0
0.0
0.0
0.0
0.0
0.0
0.0
0.0
0.0
0.0
0.0
0.0
0.0
0.0
0.0
0.0
0.0
0.0
0.0
0.0
0.0
0.0
0.0
0.0
0.0
0.0
0.0
0.0
0.0
0.0
0.0
0.0
0.0
0.0
0.0
0.0
0.0
0.0
0.0
0.0
0.0
7.99543552790195e-6
1.483564770968504e-5
3.768990065465994e-5
8.86226494883037e-5
0.004116470719716383
0.0029294470848985547
0.00242493677818565
0.0022180885355217142
0.0018354748169636915
0.0013747101940924564
0.0009804557976761902
0.0007265721141899024
0.0005549850420945609
0.00042860736226912443
0.0005409624529526174
0.0012544325128284665
0.0014742889352154158
0.0016071313868349618
0.0017686592992089852
0.0
1.2141542427544484e-6
3.291960971735998e-6
7.189934328475566e-6
9.006336949995474e-6
2.1984843947443154e-5
2.8212436562536244e-5
4.8011339989643553e-5
6.463658906666828e-5
0.003806941910043774
0.0026442190698285862
0.0012629862340589066
0.0004774004010285601
0.00014376414757991544
1.3925190078226177e-6
3.099648795619195e-8
1.4392366218505994e-8
0.0
0.0
3.217858389367748e-8
9.407443361167725e-6
5.989367017529561e-5
9.700005872044963e-5
0.0001363153403053616
0.0
0.0
0.0
0.0
0.0
0.0
0.0
0.0
0.0
0.00010538034099804597
6.296620558814939e-6
9.729619720985825e-9
0.0
0.0
0.0
0.0
2.2370057911396118e-8
0.0
0.0
2.4849351815962315e-8
0.0
0.0
1.4939046128516675e-6
5.954800627893885e-5
0.0
0.0
0.0
0.0
0.0
0.0
0.0
0.0
0.0
0.0008092370063390713
0.0006387082341529312
0.00046925200042401014
0.0004787180286000829
0.0004663986394562615
0.00044095085364538887
0.00046128337160296226
0.0005579410808233354
0.0005939393237725492
0.0005537925394862407
0.000518382852596098
0.0008126451937943946
0.0008560494210172286
0.0009326526241397517
0.0009901371874786239
0.0
0.0
0.0
0.0
0.0
4.506478694350746e-6
1.2339143973978196e-5
1.6780557488584713e-5
4.4400267954830296e-5
0.0037354650375759552
0.002900331985959322
0.002483033857773174
0.0023482448821617553
0.0022143560977676835
0.0020102045251691094
0.0019567612937960123
0.0020167619451974734
0.002153912570955509
0.0022520062450034715
0.002179118155495623
0.0023245506171771283
0.0024247472928194194
0.0025165696420874966
0.0024536632881018844
1.2335583156425141e-5
2.0988360889073677e-5
4.602088067963965e-5
5.778757912515808e-5
9.880752807599135e-5
0.00012481264379740557
0.00019209227354886535
0.0002091977746787536
0.00027962319771859166
0.0003196541668814937
0.00017853384645328372
0.00010872748103279086
9.001608628718e-5
5.352589225986369e-5
4.306705430849715e-5
2.757129539241942e-5
2.3257920010982383e-5
3.5571039418698368e-6
4.573646192809052e-6
4.3136094312195235e-6
2.9335535388508503e-5
5.302666683408381e-5
9.162847579537354e-5
0.0001294818390974074
0.00038001310707517583
0.0003596344693932728
0.00048692745848105017
0.00045028526850621886
0.0006179809240842361
0.00055404967759602
0.0007142735365874726
0.0006272583282468939
0.0007545034102926455
0.0006911771909916424
0.0004113821340875504
0.0002244548151170201
0.00016604083488851623
8.853622752899768e-5
5.689759802789648e-5
4.1491850226558625e-5
1.911391126915006e-5
3.675087851472401e-6
1.4684224274077825e-5
1.7001464738785394e-5
2.5545962014933806e-5
4.815619599765714e-5
5.044293658454905e-5
9.231482096578683e-5
0.0001715738015029775
0.0002719864677849262
0.00021334855938821392
0.00031061240018612007
0.00023573128975202767
0.00042070837351924364
0.0003282944457989908
0.0004762298712350751
0.00031694090065822496
0.004533432189825233
0.003164455201451474
0.002421819186673334
0.00199251980571954
0.001498606169370646
0.0012887635882456944
0.0011320316376394943
0.000860430764195544
0.0006677577525532051
0.0005471133740214239
0.0006524845688541457
0.0015593711348434595
0.0017430897932221021
0.0018923194630715817
0.0020934843578153755
5.078730404524328e-6
1.4199838486455358e-5
3.338078758646235e-5
6.039233694942172e-5
0.00010280200602087727
0.00014148503112242634
0.00019692456110557608
0.00023984068051354057
0.0002990579962119767
0.004901991934083953
0.0035597653745603444
0.0024563336726973715
0.0015053821860114911
0.0008587595413257137
0.00048336287542545417
0.00038329267886632267
0.00032251752905227126
0.00024209695262379758
0.0001863809732524048
9.627692911445631e-5
0.00045449947360977464
0.0007066796692891291
0.0008122560170890854
0.0009098091695061525
0.0
0.0
0.0
0.0
2.1109548479756257e-6
2.82791131219365e-6
9.22086372815428e-6
1.0394957666407403e-5
1.2516830823700367e-5
0.002458824966881518
0.001578247410106029
0.0010816124653347135
0.0007735580558554307
0.0004862923817352512
0.0003418476012852686
0.00026499299087449484
0.000252306666043891
0.00024388676686220654
0.0002742791668200963
0.00014386360882887608
0.0002670175268891442
0.00026354167175079404
0.00027048961096388447
0.0003231374477416659
0.0
0.0
0.0
0.0
0.0
0.0
0.0
0.0
0.0
0.001657726405752084
0.001267833928364849
0.0010114644349438616
0.000972788354626044
0.0009413210221242124
0.0008635199094333355
0.0007827504063170468
0.0007233188118923427
0.0009427475801703445
0.0011104627396377
0.0010164314890825186
0.0012620559697191281
0.0012950634568544258
0.001298611172909272
0.0013231388411608343
0.0
0.0
0.0
0.0
3.911025367100685e-7
2.6064660894989016e-6
4.458066524532926e-6
9.323199733300534e-7
2.6446338957799364e-6
0.0021443908657949305
0.001622426360493414
0.0012360121404843421
0.001050332355127372
0.0008779110522028345
0.0006659446418716205
0.0004961496450128103
0.0004340924732107436
0.00043594646518524866
0.0003744775887789918
0.00014026551011437507
0.00024195096055565525
0.0002499482657286174
0.00023084746410605245
0.00019575710361342065
0.0
0.0
0.0
0.0
0.0
0.0
0.0
0.0
0.0
0.0
0.0
0.0
0.0
0.0
0.0
0.0
0.0
0.0
0.0
0.0
0.0
0.0
0.0
0.0
0.0
0.0
0.0
0.0
0.0
0.0
0.0
0.0
0.0
0.0
0.0
0.0
0.0
0.0
0.0
0.0
0.0
0.0
0.0
0.0
0.0
0.0
0.0
0.0
0.0
0.0
0.0
2.455329842031328e-6
7.532010492654725e-6
1.1813059468340768e-5
1.296359886861637e-5
1.6409388429678123e-5
1.8806963072889987e-5
0.002879069677153886
0.0018263735874221071
0.0009120768894510536
0.000312309753051571
9.978287731025172e-6
1.0741560516036411e-7
0.0
1.9129631384540227e-8
0.0
0.0
2.565268247415728e-8
0.0
0.0
1.7667952020206362e-8
3.3173943738926913e-7
0.0
0.0
0.0
0.0
0.0
0.0
0.0
0.0
0.0
1.6224247576806294e-5
4.7844526012017616e-6
8.994967017425347e-9
0.0
0.0
0.0
0.0
2.069977393357206e-8
0.0
0.0
2.568974009011323e-8
0.0
0.0
0.0
0.0
0.0
0.0
0.0
0.0
0.0
0.0
0.0
0.0
0.0
4.3509360935103123e-7
0.0
0.0
0.0
0.0
0.0
0.0
2.3461949991309504e-8
0.0
0.0
2.3929283467387036e-8
0.0
0.0
0.0
0.0
0.0
0.0
0.0
0.0
0.0
0.0
0.0
0.0
0.0
0.0019636219475291073
0.001733866271562845
0.0011333752415232364
0.0007513101557430744
0.0004908435787686705
0.00026684730110229985
0.0002053876649282391
0.00020479662316621325
0.00014935473137880933
0.00016666250554983844
0.00010574466340721296
0.0008084940844693959
0.001392444078563518
0.0014674203574322898
0.0016151272613525963
0.0
0.0
0.0
1.5388461769432993e-6
4.459062552738381e-6
1.0838805590022072e-5
2.0497559717215552e-5
3.9722225274355116e-5
5.442033059992187e-5
0.004176115161646495
0.003215394999489675
0.0021547152361282864
0.0010636461885620693
0.0005235875933611887
0.00026876897711314074
0.00013656589580771789
5.439894070750158e-5
1.900888571964538e-5
4.122720857771326e-5
4.3672016318112834e-5
0.00018814854161813466
0.0005204699848829034
0.0008633592318110227
0.0010574794165655397
0.0
0.0
0.0
0.0
0.0
0.0
0.0
9.705169445829068e-7
5.616218553169536e-6
7.083223407896828e-6
2.2338694517603825e-6
0.0
0.0
0.0
0.0
0.0
0.0
0.0
0.0
0.0
0.0
0.0
0.0
0.0
0.0
0.0
0.0
0.0
0.0
0.0
0.0
0.0
0.0
0.0
0.0
0.0
0.0
0.0
0.0
0.0
0.0
0.0
0.0
0.0
0.0
0.0
0.0
0.0
3.6723987081706316e-6
1.3677143880372609e-5
2.0561076789057113e-5
4.9538229167663984e-5
5.8813562916583546e-5
0.00011504766624789867
0.0001066668392684452
0.0001848154780592766
0.00017605206923513667
0.00028479277533494167
8.855248738369908e-5
7.121003420670294e-5
2.487466982973685e-5
8.236539741409e-6
0.0
0.0
0.0
0.0
0.0
0.0
0.0
0.0
0.0
0.0
0.0
0.0
0.0
0.0
5.780384901805774e-6
1.0882697324464476e-5
1.5707040594513672e-5
1.9750793231742307e-5
1.5770446133960778e-5
0.002282087392338557
0.001225688487434449
0.0005902843752538144
0.00029695409047288904
2.5746981369941037e-5
2.3157682041114343e-7
0.0
2.0505677188717417e-8
0.0
1.3368759236791642e-8
2.8997292025214962e-8
6.024460582233931e-6
4.0594176438528756e-5
8.31994645216859e-5
0.00012161363349575691
0.0
0.0
0.0
0.0
0.0
0.0
0.0
0.0
0.0
0.001897313608563636
0.0015204729426586598
0.001120058231210862
0.0008501712429793755
0.0006220686160313115
0.00048825972155713517
0.0003935218215254914
0.0002875845904596476
0.00021613821304848185
0.0001439780527249737
6.118987868235717e-5
0.00024388680800468114
0.0003296842793559662
0.0006366723414485929
0.0010904388603184005
0.0
0.0
0.0
0.0
0.0
3.5437034420244988e-6
8.175581066986254e-6
1.585778531124775e-5
1.6607132909687063e-5
0.0034822531461347226
0.0024160452286973353
0.0014721648383238658
0.0008729632153228969
0.0005744458275038954
0.0002872092961112643
6.871261153756718e-5
5.1432217188534446e-8
2.6916632590152065e-8
8.98041505140897e-6
2.487691929100027e-5
8.431176546043169e-5
0.00012254634319718626
0.00013568442837503413
0.00018224114417597954
0.0
0.0
0.0
0.0
0.0
0.0
0.0
0.0
0.0
0.0007612890438101963
0.00046838963766199096
0.000169453255730102
3.528160154916481e-5
3.500856560547111e-7
2.8360743491039325e-8
0.0
5.6051730947546494e-8
0.0
0.0
2.5049220505969264e-8
1.7580376280759675e-6
2.708449111064281e-6
2.235695746413634e-6
1.998166445880855e-6
0.0
0.0
0.0
0.0
0.0
0.0
0.0
0.0
0.0
0.0
0.0
0.0
0.0
0.0
0.0
0.0
0.0
0.0
0.0
0.0
0.0
0.0
0.0
0.0
0.0
0.0
0.0
0.0
0.0
0.0
0.0
0.0
0.0
0.0
0.0
0.0
0.0
0.0
0.0
0.0
0.0
0.0
0.0
5.3382054351367275e-6
9.672051935799275e-6
1.5862995635701717e-5
2.2421681103845718e-5
3.728316240424913e-5
0.00010138169418470711
0.00013220487305312193
0.00018111751260915823
