0.0
0.0
0.0
0.0
0.0
0.0
0.0
0.0
0.0
0.0
0.0
0.0
0.0
0.0
0.0
0.0
0.0
0.0
0.0
0.0
0.0
0.0
0.0
0.0
0.0
0.0
0.0
0.0
0.0
8.537171293068213e-7
0.020176047722564615
0.017549977980556006
0.011195777721582461
0.006816700754388545
0.0041401384092422545
0.0018823483904035568
0.0008939210030738907
0.0006709991190919008
0.00017835922083502516
0.00013965004427320544
0.0001955763719972535
0.0006596029862884596
0.0012212006148525974
0.0016412623414715154
0.002502593154804299
0.0
0.0
0.0
0.0
0.0
3.0416273567497148e-5
8.263389312341143e-5
0.0001558142192637821
0.00019141475599289306
0.03173120087491424
0.02320447780193799
0.013904728024261978
0.008154801612246826
0.004425699581050905
0.0019306551089922836
0.0007334822958930743
8.487911655328635e-5
6.428253093164085e-6
3.073991209325203e-5
5.31227557637297e-5
0.0004926390345878688
0.0014766407350975486
0.002151684290638059
0.003056897803000324
0.0
0.0
0.0
0.0
0.0
0.0
0.0
0.0
0.0
0.012101378205628451
0.008418911710957409
0.00435945691616752
0.00264993156609236
0.0008703837881364185
1.1217954035871443e-5
0.0
2.900755685429451e-7
0.0
0.0
3.5311492578359726e-7
3.4367668437306036e-6
2.311428299168164e-5
3.762331602856927e-5
4.741629461103455e-5
0.0
0.0
0.0
0.0
0.0
0.0
0.0
0.0
0.0
0.0002710674632172353
0.0001143943787998703
1.437978647660784e-7
0.0
0.0
0.0
0.0
3.269181414068754e-7
0.0
0.0
3.1689768723639187e-7
0.0
0.0
0.0
0.0
0.0
0.0
0.0
0.0
0.0
0.0
0.0
0.0
0.0
2.3924227031312678e-5
1.490606422677972e-7
1.233524665812936e-7
0.0
0.0
0.0
0.0
4.972882950189379e-7
0.0
1.0978429745935665e-7
3.2785243162009603e-7
0.0
0.0
0.0
0.0
0.0
0.0
0.0
0.0
0.0
0.0
0.0
0.0
0.0
0.0
0.0
0.0
0.0
0.0
0.0
0.0
0.0
0.0
0.0
0.0
0.0
0.0
0.0
0.0
0.0
0.0
0.0
0.0
0.0
0.0
0.0
0.0
0.0
0.0
0.0
0.0
0.0
0.0
0.0
0.0
0.0
0.0
0.0
0.0
0.0
0.0
0.0
0.0
0.0
0.0
0.0
0.0
0.0
0.0
0.0
0.0
0.0
0.01277201181506009
0.009296333569731799
0.003787595636535465
0.0005068429457852782
1.194209471826652e-7
0.0
0.0
3.118477169396629e-7
0.0
1.1027205244687533e-7
3.346636168989812e-7
0.0
0.0
0.0
0.0
0.0
0.0
0.0
0.0
0.0
0.0
0.0
0.0
0.0
0.00013145414031528105
3.7666853264187464e-5
1.2669633105737303e-7
0.0
0.0
0.0
0.0
3.251985287716472e-7
0.0
1.1300542797969738e-7
3.137249363381772e-7
0.0
0.0
0.0
0.0
0.0
0.0
0.0
0.0
0.0
0.0
0.0
0.0
0.0
0.0016904104008131475
0.0012651203494248656
3.585393722036548e-5
2.78040000169203e-5
0.0
3.897669323748233e-7
0.0
2.969084269074618e-7
0.0
0.0
3.325838094861033e-7
0.0
0.0
0.0
0.0
0.0
0.0
0.0
0.0
0.0
0.0
0.0
0.0
0.0
0.005717465082900721
0.006452310068254721
0.006830868637851058
0.008838193641099102
0.011934433603932478
0.009881856517536723
0.007214978915600392
0.006521974625603155
0.005699484276580675
0.0037484470307715652
0.001287875724326417
0.0029908278910126276
0.003952098071023666
0.004537637503287021
0.006109641083771597
0.0
0.0
0.0
0.0
0.0
9.594021196022912e-5
0.00016332113014216616
0.00020341973846833963
0.00038367712392108256
0.03199715298005734
0.02453528873452046
0.017606873365117737
0.01089849162570078
0.005063339734611116
0.002144711611549784
0.000550452438993705
3.2771807112869377e-6
2.202531296126317e-7
0.0
8.54176719510127e-6
3.150729234002288e-5
4.200470373066445e-5
4.8365004533946896e-5
5.3369756530515314e-5
0.0
0.0
0.0
0.0
0.0
0.0
0.0
0.0
0.0
0.0
0.0
0.0
0.0
0.0
0.0
0.0
0.0
0.0
0.0
0.0
0.0
0.0
0.0
0.0
0.0
0.0
0.0
0.0
0.0
0.0
0.0
0.0
0.0
0.0
0.0
0.0
0.0
0.0
0.0
0.0
0.0
0.0
0.0
0.0
0.0
0.0
0.0
0.0
0.0
0.0
0.0
0.0
0.0
0.0
0.0
0.0
0.0
0.0
0.0
0.0
0.0
0.0
0.0
0.0
0.0
0.0
0.0
0.0
0.0
0.0
0.0
0.0
0.0
0.0
0.0
0.0
0.0
0.0
0.0
0.0
0.0
0.002469866804815048
0.0023112617845287954
0.00010440470673353427
0.0
0.0
0.0
0.0
3.253627444074822e-7
0.0
0.0
3.2998980768350296e-7
0.0
0.0
0.0
0.0
0.0
0.0
0.0
0.0
0.0
0.0
0.0
0.0
0.0
0.001694733516168909
0.0012887616331012223
3.5462137410335056e-7
0.0
0.0
0.0
0.0
3.371607241204659e-7
0.0
1.0879370766977444e-7
3.146720650179627e-7
0.0
0.0
0.0
0.0
0.0
0.0
0.0
0.0
0.0
0.0
0.0
0.0
0.0
7.025401351801342e-5
3.417602646473734e-5
1.24260690569973e-7
0.0
0.0
0.0
0.0
2.640703903811719e-7
0.0
1.1045347938299816e-7
3.1424626883930495e-7
0.0
0.0
0.0
0.0
0.0
0.0
0.0
0.0
0.0
0.0
0.0
0.0
0.0
8.733711379636478e-5
2.7168077784144812e-5
1.5897160994027525e-7
0.0
0.0
0.0
0.0
5.089531408880238e-7
0.0
1.10757155465242e-7
3.195415176876741e-7
0.0
0.0
0.0
0.0
0.0
0.0
0.0
0.0
0.0
0.0
0.0
0.0
0.0
0.0
0.0
0.0
0.0
0.0
0.0
0.0
0.0
0.0
0.0
0.0
0.0
0.0
0.0
0.0
0.0
0.0
0.0
0.0
0.0
0.0
0.0
0.0
0.0
0.0
0.0
0.0
0.0
0.0
0.0
0.0
0.0
0.0
0.0
0.0
0.0
0.0
0.0
0.0
0.0
0.0
0.0
0.0
0.0
0.0
0.0
0.0
0.0
8.5680733887604e-6
0.0
1.2035109211065385e-7
0.0
0.0
0.0
0.0
5.648212925756606e-7
0.0
1.0963250575690618e-7
3.178762049404919e-7
0.0
0.0
0.0
0.0
0.0
0.0
0.0
0.0
0.0
0.0
0.0
0.0
0.0
7.57693477699372e-5
2.2204303801242765e-5
1.8190288699745485e-7
0.0
0.0
0.0
0.0
6.137039677845466e-7
0.0
1.101065097553192e-7
3.182239192003492e-7
0.0
0.0
0.0
0.0
0.0
0.0
0.0
0.0
0.0
0.0
0.0
0.0
0.0
8.648985901812486e-6
0.0
1.2404534069920988e-7
0.0
0.0
0.0
0.0
4.6779879064680113e-7
0.0
2.1070178440028253e-7
3.165162932849905e-7
0.0
0.0
0.0
0.0
0.0
0.0
0.0
0.0
0.0
0.0
0.0
0.0
0.0
6.419556446909471e-5
1.7556890736989243e-5
1.428523443409067e-7
0.0
0.0
0.0
0.0
5.693163514139353e-7
0.0
2.0761392981357483e-7
3.1873491049344457e-7
0.0
0.0
0.0
0.0
0.0
0.0
0.0
0.0
0.0
0.0
0.0
0.0
0.0
3.9235661299152634e-6
0.0
1.0804587639982232e-7
0.0
0.0
0.0
0.0
5.710281662054772e-7
0.0
2.1832569190145167e-7
3.12599375551018e-7
0.0
0.0
0.0
0.0
0.0
0.0
0.0
0.0
0.0
0.0
0.0
0.0
0.0
0.0
0.0
0.0
0.0
0.0
0.0
0.0
0.0
0.0
0.0
0.0
0.0
0.0
0.0
0.0
0.0
0.0
0.0
0.0
0.0
0.0
0.0
0.0
0.0
0.0
0.0
0.0
0.0
0.0
0.0
0.0
0.0
0.0
0.0
0.0
0.0
0.0
0.0
0.0
0.0
0.0
0.0
0.0
0.0
0.0
0.0
0.0
0.0
0.010295610323347745
0.008004854812977974
0.003293021985235208
0.0005879745816074098
1.3435559836456918e-5
0.0
0.0
3.060151004538451e-7
0.0
0.0
3.3529356375308936e-7
0.0
0.0
0.0
7.064308054797458e-5
0.0
0.0
0.0
0.0
0.0
0.0
0.0
0.0
0.0
0.016531954342252398
0.009743091682114811
0.0037426764564576455
0.0010311406119266437
1.5243858145513018e-5
0.0
0.0
3.231411664606384e-7
0.0
0.0
3.3113540484647564e-7
0.0
0.0
3.664104400256682e-5
0.0004909067013120445
0.0
0.0
0.0
0.0
0.0
0.0
0.0
0.0
0.0
0.005410244786207849
0.004214434843267098
0.0005703673888594028
2.7286522818741573e-6
0.0
0.0
0.0
3.4030868164060063e-7
0.0
1.0857406953918508e-7
3.235867485534262e-7
0.0
0.0
0.0
0.0
0.0
0.0
0.0
0.0
0.0
0.0
0.0
0.0
0.0
0.0040010298242413285
0.002589199486236078
2.0226106765258024e-5
0.0
0.0
0.0
0.0
3.34910541800746e-7
0.0
1.0930557539247549e-7
3.224774722931262e-7
0.0
0.0
0.0
0.0
0.0
0.0
0.0
0.0
0.0
0.0
0.0
0.0
0.0
0.00012121097485214717
4.592935281815121e-5
1.1037267680204047e-7
0.0
0.0
0.0
0.0
3.349239945923509e-7
0.0
1.105675628634962e-7
3.1409631182224257e-7
0.0
0.0
0.0
0.0
0.0
0.0
0.0
0.0
0.0
0.0
0.0
0.0
0.0
0.0
0.0
0.0
0.0
0.0
0.0
0.0
0.0
0.0
0.0
0.0
0.0
0.0
0.0
0.0
0.0
0.0
0.0
0.0
0.0
0.0
0.0
0.0
0.0
0.0
0.0
0.0
0.0
0.0
0.0
0.0
0.0
0.0
0.0
0.0
0.0
0.0
0.0
0.0
0.0
0.0
0.0
0.0
0.0
0.0
0.0
0.0
0.0
0.0003484731568486962
0.00013047813738060842
1.4189382664025602e-7
0.0
0.0
0.0
0.0
3.2735499441168145e-7
0.0
0.0
3.29427224823064e-7
0.0
0.0
0.0
0.0
0.0
0.0
0.0
0.0
0.0
0.0
0.0
0.0
0.0
7.353060285890121e-5
1.2715160612907998e-5
1.1630002173401329e-7
0.0
0.0
0.0
0.0
6.140532738126965e-7
0.0
0.0
3.1739446126623235e-7
0.0
0.0
0.0
0.0
0.0
0.0
0.0
0.0
0.0
0.0
0.0
0.0
0.0
0.00010615054798822558
2.4734858564513162e-5
1.3529224304801404e-7
0.0
0.0
0.0
0.0
3.259116032903024e-7
0.0
1.0683685570682756e-7
3.099731384728482e-7
0.0
0.0
0.0
8.811708831654486e-6
0.0
0.0
0.0
0.0
0.0
0.0
0.0
0.0
0.0
0.009038986090159
0.0065568404707069565
0.003032053705265225
0.001377015477548625
0.00034281689468148224
1.9511245161974557e-5
0.0
1.0597490803030632e-6
0.0
0.0
3.1276800137094237e-7
0.0
0.0
0.00011309865351603742
0.000815907275703614
0.0
0.0
0.0
0.0
0.0
0.0
0.0
0.0
0.0
0.019338077677219928
0.01483580062450987
0.007240578949821221
0.0038727991990483916
0.0019732759808499477
0.0003265367855975564
0.0
1.2156612271976193e-6
0.0
0.0
2.9346862056403705e-5
0.0003124495813014498
0.0010122767246550392
0.001446502677474291
0.0020882499457755247
0.0
0.0
0.0
0.0
0.0
0.0
0.0
0.0
0.0
0.0
0.0
0.0
0.0
0.0
0.0
0.0
0.0
0.0
0.0
0.0
0.0
0.0
0.0
0.0
0.0
0.0
0.0
0.0
0.0
0.0
0.0
0.0
0.0
0.0
0.0
0.0
0.0
0.0
0.0
0.0
0.0
0.0
0.0
0.0
0.0
0.0
0.0
0.0
0.0
0.0
0.0
0.0
0.0
0.0
0.0
0.0
0.0
0.010313286225866898
0.006558957207246677
0.0015262895273284221
3.1154379780060875e-5
2.6492097385945286e-6
0.0
0.0
3.2025893476855845e-7
0.0
0.0
3.2089748086922525e-7
0.0
0.0
0.0
1.9790478936296136e-6
0.0
0.0
0.0
0.0
0.0
0.0
0.0
0.0
0.0
0.0036775579812490314
0.0017494854749790327
6.869074294962764e-6
0.0
0.0
0.0
0.0
3.289522166493409e-7
0.0
1.0846890972251731e-7
3.139622338337357e-7
0.0
0.0
0.0
0.0
0.0
0.0
0.0
0.0
0.0
0.0
0.0
0.0
0.0
0.0009336462304993851
0.00012130003554321303
1.8396266441481879e-7
0.0
0.0
0.0
0.0
3.2904083914888966e-7
0.0
1.0759794449396319e-7
3.179606489958799e-7
0.0
0.0
0.0
0.0
0.0
0.0
0.0
0.0
0.0
0.0
0.0
0.0
0.0
0.0007510987703468273
0.0004255674107377294
1.2626724758076355e-6
0.0
0.0
0.0
0.0
3.445597238759587e-7
0.0
0.0
3.2536872987354275e-7
0.0
0.0
0.0
0.0
0.0
0.0
0.0
0.0
0.0
0.0
0.0
0.0
0.0
5.0920813537834694e-5
3.5789039948277117e-6
1.0886414305578644e-7
0.0
0.0
0.0
0.0
3.317065351193616e-7
0.0
1.0793688565574385e-7
3.165441834834683e-7
0.0
0.0
0.0
0.0
0.0
0.0
0.0
0.0
0.0
0.0
0.0
0.0
0.0
0.0
0.0
0.0
0.0
0.0
0.0
0.0
0.0
0.0
0.0
0.0
0.0
0.0
0.0
0.0
0.0
0.0
0.0
0.0
0.0
0.0
0.0
0.0
0.0
0.0
0.0
0.0
0.0
0.0
0.0
0.0
0.0
0.0
0.0
0.0
0.0
0.0
0.0
0.0
0.0
0.0
0.0
0.0
0.0
0.0
0.0
0.0
0.0
0.0
0.0
0.0
0.0
0.0
0.0
0.0
0.0
0.0
0.0
0.0
0.0
0.0
0.0
0.0
0.0
0.0
0.0
0.0
0.0
0.0
0.0
0.0
0.0
0.0
0.0
1.1622222287696675e-7
0.0
0.0
0.0
0.0
2.550605302883005e-7
0.0
1.0855205331452731e-7
3.138704890391628e-7
0.0
0.0
0.0
0.0
0.0
0.0
0.0
0.0
0.0
0.0
0.0
0.0
0.0
0.0
0.0
1.1610226793751136e-7
0.0
0.0
0.0
0.0
0.0
0.0
2.0362981597629546e-7
3.245289941152444e-7
0.0
0.0
0.0
0.0
0.0
0.0
0.0
0.0
0.0
0.0
0.0
0.0
0.0
0.0
0.0
1.1706646009955142e-7
0.0
0.0
0.0
0.0
0.0
0.0
2.0034003483065172e-7
3.209836307465805e-7
0.0
0.0
0.0
0.0
0.0
0.0
0.0
0.0
0.0
0.0
0.0
0.0
0.0
0.0
0.0
1.1689582602215002e-7
0.0
0.0
0.0
0.0
0.0
0.0
2.0840925882717834e-7
3.152503948766722e-7
0.0
0.0
0.0
0.0
0.0
0.0
0.0
0.0
0.0
0.0
0.0
0.0
0.0
0.0
0.0
0.0
0.0
0.0
0.0
0.0
0.0
0.0
0.0
0.0
0.0
0.0
0.0
0.0
0.0
0.0
0.0
0.0
0.0
0.0
0.0
0.0
0.0
0.0
0.0
0.0
0.0
0.0
0.0
0.0
0.0
0.0
0.0
0.0
0.0
0.0
0.0
0.0
0.0
0.0
0.0
0.0
0.0
0.0
0.0
0.0
0.0
0.00801257597664161
0.003882847325928312
4.241887061196696e-5
0.0
0.0
0.0
0.0
3.3080237794288755e-7
0.0
0.0
3.3174004692054306e-7
0.0
0.0
0.0
0.0
0.0
0.0
0.0
0.0
0.0
0.0
0.0
0.0
0.0
4.61192740472348e-5
1.8984133748832054e-6
1.216311788147359e-7
0.0
0.0
0.0
0.0
3.4315181373972537e-7
0.0
0.0
3.1955777338675673e-7
0.0
0.0
0.0
0.0
0.0
0.0
0.0
0.0
0.0
0.0
0.0
0.0
0.0
0.0061396422532337125
0.004029115672972699
0.00045527896252536945
0.0
0.0
0.0
0.0
3.3248637122895724e-7
0.0
0.0
3.134161760886751e-7
0.0
0.0
0.0
0.0
0.0
0.0
0.0
0.0
0.0
0.0
0.0
0.0
0.0
0.004743093837635267
0.0024903781100963584
8.109322725752489e-6
0.0
0.0
0.0
0.0
3.2466809209544253e-7
0.0
1.1521676279814898e-7
3.0862870253646057e-7
0.0
0.0
0.0
0.0
0.0
0.0
0.0
0.0
0.0
0.0
0.0
0.0
0.0
0.00010403515308111499
1.4737683475555713e-5
1.1837587596921669e-7
0.0
0.0
0.0
0.0
5.8106326935729e-7
0.0
2.033970775540048e-7
3.220599774895271e-7
0.0
0.0
0.0
0.0
0.0
0.0
0.0
0.0
0.0
0.0
0.0
0.0
0.0
0.0
0.0
0.0
0.0
0.0
0.0
0.0
0.0
0.0
0.0
0.0
0.0
0.0
0.0
0.0
0.0
0.0
0.0
0.0
0.0
0.0
0.0
0.0
0.0
0.0
0.0
0.0
0.0
0.0
0.0
0.0
0.0
0.0
0.0
0.0
0.0
0.0
0.0
0.0
0.0
0.0
0.0
0.0
0.0
0.0
0.0
0.0
0.0
0.0
0.0
1.0912115777246967e-7
0.0
0.0
0.0
0.0
3.042462767549822e-7
0.0
0.0
3.149189319381737e-7
0.0
0.0
0.0
0.0
0.0
0.0
0.0
0.0
0.0
0.0
0.0
0.0
0.0
6.531119876768795e-5
1.07232906277289e-6
1.269176688159162e-7
0.0
0.0
0.0
0.0
3.274111324314086e-7
0.0
2.0840023275255564e-7
3.095526387344783e-7
0.0
0.0
0.0
0.0
0.0
0.0
0.0
0.0
0.0
0.0
0.0
0.0
0.0
2.9358447571864444e-5
0.0
0.0
0.0
0.0
0.0
0.0
2.80801652257908e-7
0.0
2.0705627063490485e-7
3.1107819605118654e-7
0.0
0.0
0.0
0.0
0.0
0.0
0.0
0.0
0.0
0.0
0.0
0.0
0.0
0.0
0.0
1.1353046836625595e-7
0.0
0.0
0.0
0.0
4.901398954971418e-7
0.0
1.9787345659705402e-7
3.1227550982605845e-7
0.0
0.0
0.0
0.0
0.0
0.0
0.0
0.0
0.0
0.0
0.0
0.0
0.0
0.0
0.0
0.0
0.0
0.0
0.0
0.0
7.279809022229512e-7
0.0
1.8707973332171896e-7
3.2008149975762235e-7
0.0
0.0
0.0
0.0
0.0
0.0
0.0
0.0
0.0
0.0
0.0
0.0
0.0
0.0
0.0
0.0
0.0
0.0
0.0
0.0
0.0
0.0
0.0
0.0
0.0
0.0
0.0
0.0
0.0
0.0
0.0
0.0
0.0
0.0
0.0
0.0
0.0
0.0
0.0
0.0
0.0
0.0
0.0
0.0
0.0
0.0
0.0
0.0
0.0
0.0
0.0
0.0
0.0
0.0
0.0
0.0
0.0
0.0
0.0
0.0
2.3473463939743353e-5
1.7463269365937767e-6
1.2897136487644116e-7
0.0
0.0
0.0
0.0
0.0
0.0
0.0
2.9454281961434865e-7
0.0
0.0
0.0
0.0
0.0
0.0
0.0
0.0
0.0
0.0
0.0
0.0
0.0
0.0
0.0
1.0882355936791396e-7
0.0
0.0
0.0
0.0
3.383952371370491e-7
0.0
1.9749884257542783e-7
2.887673490958619e-7
0.0
0.0
0.0
0.0
0.0
0.0
0.0
0.0
0.0
0.0
0.0
0.0
0.0
0.009007426022589651
0.00816219031573581
0.005156997594455625
0.00405016733652877
0.0032217764977205614
0.002326995168544221
0.0015609167208228863
0.0006471628250546774
2.5771097287213858e-6
0.0
3.07671966615941e-7
0.0
0.0
0.0001053940947913801
0.0007381410387531797
0.0
0.0
0.0
0.0
0.0
0.0
0.0
0.0
0.0
0.0266963006033948
0.01857722579479559
0.012284218909002453
0.007521171569589714
0.004266890256123726
0.0020888551968189064
0.0009045413925202834
5.0641779848773515e-5
0.0
0.0
2.894458243681315e-7
0.0
0.0
0.0
0.00011695015701997738
0.0
0.0
0.0
0.0
0.0
0.0
0.0
0.0
0.0
0.006498206794507972
0.0053351577194423955
0.002392704930323221
0.0006794074233127939
3.0472658299899664e-6
0.0
0.0
3.512397030928208e-7
0.0
0.0
3.1937709527425004e-7
0.0
0.0
0.0
0.0
0.0
0.0
0.0
0.0
0.0
0.0
0.0
0.0
0.0
0.0
0.0
0.0
0.0
0.0
0.0
0.0
0.0
0.0
0.0
0.0
0.0
0.0
0.0
0.0
0.0
0.0
0.0
0.0
0.0
0.0
0.0
0.0
0.0
0.0
0.0
0.0
0.0
0.0
0.0
0.0
0.0
0.0
0.0
0.0
0.0
0.0
0.0
0.0
0.0
0.0
0.0
0.0
0.0
0.0
0.0
0.0
0.0
0.011068668384658035
0.011061074924784291
0.006856897987055568
0.0046333189109729915
0.002917677156188977
0.001138457488161155
9.952132261004205e-5
1.093825683292113e-6
0.0
0.0
3.1061466221737e-7
0.0
0.0
0.0
2.5735621946537518e-5
0.0
0.0
0.0
0.0
0.0
0.0
0.0
0.0
0.0
0.01180233175717619
0.0102984500875336
0.005345452975347093
0.0028296471508103727
0.0005376644587606964
2.8027137257432786e-6
0.0
3.343315659483566e-7
0.0
0.0
3.103708260325569e-7
0.0
0.0
0.0
0.0
0.0
0.0
0.0
0.0
0.0
0.0
0.0
0.0
0.0
0.00655789569772718
0.005314642555709901
0.001706879319724558
7.272344444405347e-5
0.0
0.0
0.0
3.2948144349036315e-7
0.0
0.0
3.0535762856861883e-7
0.0
0.0
0.0
0.0
0.0
0.0
0.0
0.0
0.0
0.0
0.0
0.0
0.0
6.939728087474715e-5
1.417998496257227e-5
1.1498207773251424e-7
0.0
0.0
0.0
0.0
3.3831335470204654e-7
0.0
0.0
3.096463668707602e-7
0.0
0.0
0.0
0.0
0.0
0.0
0.0
0.0
0.0
0.0
0.0
0.0
0.0
8.057546176295254e-6
0.0
1.2138146870267447e-7
0.0
0.0
0.0
0.0
0.0
0.0
2.1352601092689138e-7
2.9967328968395317e-7
0.0
0.0
0.0
0.0
0.0
0.0
0.0
0.0
0.0
0.0
0.0
0.0
0.0
0.0
0.0
0.0
0.0
0.0
0.0
0.0
0.0
0.0
0.0
0.0
0.0
0.0
0.0
0.0
0.0
0.0
0.0
0.0
0.0
0.0
0.0
0.0
0.0
0.0
0.0
0.0
0.0
0.0
0.0
0.0
0.0
0.0
0.0
0.0
0.0
0.0
0.0
0.0
0.0
0.0
0.0
0.0
0.0
0.0
0.0
0.0
0.0
2.7568849161480316e-5
1.2656189446809225e-6
1.3293794551102364e-7
0.0
0.0
0.0
0.0
0.0
0.0
1.929504776389662e-7
3.069608814001505e-7
0.0
0.0
0.0
0.0
0.0
0.0
0.0
0.0
0.0
0.0
0.0
0.0
0.0
1.858976770317753e-6
0.0
1.19327302642278e-7
0.0
0.0
0.0
0.0
0.0
0.0
2.0914141304929665e-7
3.083975296626915e-7
0.0
0.0
0.0
0.0
0.0
0.0
0.0
0.0
0.0
0.0
0.0
0.0
0.0
0.0
0.0
1.2144797005191043e-7
0.0
0.0
0.0
0.0
3.486156232544496e-7
0.0
2.0050465787422308e-7
3.0723066882439945e-7
0.0
0.0
0.0
0.0
0.0
0.0
0.0
0.0
0.0
0.0
0.0
0.0
0.0
0.0
0.0
1.1567538310278984e-7
0.0
0.0
0.0
0.0
0.0
0.0
2.111497039646864e-7
2.9859513461510386e-7
0.0
0.0
0.0
0.0
0.0
0.0
0.0
0.0
0.0
0.0
0.0
0.0
0.0
0.0
0.0
1.1891695000180727e-7
0.0
0.0
0.0
0.0
0.0
0.0
1.9900124205958588e-7
2.834073709915098e-7
0.0
0.0
0.0
0.0
0.0
0.0
0.0
0.0
0.0
0.0
0.0
0.0
0.0
0.0
0.0
0.0
0.0
0.0
0.0
0.0
0.0
0.0
0.0
0.0
0.0
0.0
0.0
0.0
0.0
0.0
0.0
0.0
0.0
0.0
0.0
0.0
0.0
0.0
0.0
0.0
0.0
0.0
0.0
0.0
0.0
0.0
0.0
0.0
0.0
0.0
0.0
0.0
0.0
0.0
0.0
0.0
0.0
0.0
0.0
0.0
0.0
0.0
0.0
1.1423937082104995e-7
0.0
0.0
0.0
0.0
0.0
0.0
0.0
2.982012837576755e-7
0.0
0.0
0.0
0.0
0.0
0.0
0.0
0.0
0.0
0.0
0.0
0.0
0.0
0.0
0.0
1.1053430664686625e-7
0.0
0.0
0.0
0.0
0.0
0.0
0.0
2.898467042198726e-7
0.0
0.0
0.0
0.0
0.0
0.0
0.0
0.0
0.0
0.0
0.0
0.0
0.0
0.0
0.0
0.0
0.0
0.0
0.0
0.0
0.0
0.0
2.1124625694363625e-7
2.981163330971941e-7
0.0
0.0
0.0
0.0
0.0
0.0
0.0
0.0
0.0
0.0
0.0
0.0
0.0
0.00041954931498732877
0.000945483745435407
1.359457954733529e-5
0.0
0.0
0.0
0.0
3.372142995418054e-7
0.0
1.8517806713044418e-7
3.0049583980287597e-7
0.0
0.0
0.0
0.0
0.0
0.0
0.0
0.0
0.0
0.0
0.0
0.0
0.0
0.004698811960524288
0.0033249617416325652
0.0005993241149388526
0.0
0.0
0.0
0.0
3.620043526939812e-7
0.0
0.0
3.014839739688729e-7
0.0
0.0
0.0
0.0
0.0
0.0
0.0
0.0
0.0
0.0
0.0
0.0
0.0
0.0
0.0
0.0
0.0
0.0
0.0
0.0
0.0
0.0
0.0
0.0
0.0
0.0
0.0
0.0
0.0
0.0
0.0
0.0
0.0
0.0
0.0
0.0
0.0
0.0
0.0
0.0
0.0
1.9105582954426632e-6
0.0
0.0
0.0
0.0
0.0
0.0
0.0
0.0
0.0
0.0
0.0
0.0
0.0
0.0
0.0
0.0
0.0
0.0
0.0
0.006411752330038235
0.005243052791892246
0.0013692345910218103
0.0
0.0
0.0
0.0
4.846622207067796e-7
0.0
1.1090974857056489e-7
3.159613218424069e-7
0.0
0.0
0.0
0.0
0.0
0.0
0.0
0.0
0.0
0.0
0.0
0.0
0.0
2.693782283055676e-6
0.0
1.098767986221334e-7
0.0
0.0
0.0
0.0
0.0
0.0
2.1064568317206326e-7
3.005090902411871e-7
0.0
0.0
0.0
0.0
0.0
0.0
0.0
0.0
0.0
0.0
0.0
0.0
0.0
0.0
0.0
0.0
0.0
0.0
0.0
0.0
0.0
0.0
1.9401650790336235e-7
3.0106130050438305e-7
0.0
0.0
0.0
0.0
0.0
0.0
0.0
0.0
0.0
0.0
0.0
0.0
0.0
0.0
0.0
1.0986431232947147e-7
0.0
0.0
0.0
0.0
0.0
0.0
0.0
2.959171194040448e-7
0.0
0.0
0.0
0.0
0.0
0.0
0.0
0.0
0.0
0.0
0.0
0.0
0.0
0.0
0.0
1.1724580705804242e-7
0.0
0.0
0.0
0.0
0.0
0.0
0.0
2.9626215677898223e-7
0.0
0.0
0.0
0.0
0.0
0.0
0.0
0.0
0.0
0.0
0.0
0.0
0.0
0.0
0.0
0.0
1.15111580254575e-6
0.0
0.0
0.0
0.0
0.0
0.0
0.0
0.0
0.0
0.0
0.0
0.0
0.0
0.0
0.0
0.0
0.0
0.0
0.0
0.0
0.0
0.0
0.0
1.943297279822038e-6
0.0
0.0
0.0
0.0
0.0
0.0
0.0
0.0
0.0
0.0
0.0
0.0
0.0
0.0
0.0
0.0
0.0
0.0
0.0
0.0
4.472149795955825e-6
0.0
1.1244969150660549e-7
0.0
0.0
0.0
0.0
0.0
0.0
2.618807057351595e-7
3.2567557105004595e-7
0.0
0.0
0.0
0.0
0.0
0.0
0.0
0.0
0.0
0.0
0.0
0.0
0.0
4.652106449811251e-6
0.0
1.1765220367997536e-7
0.0
0.0
0.0
0.0
0.0
0.0
2.0266904370135042e-7
2.9901797117308847e-7
0.0
0.0
0.0
0.0
0.0
0.0
0.0
0.0
0.0
0.0
0.0
0.0
0.0
0.0
0.0
1.1179360810494722e-7
0.0
0.0
0.0
0.0
0.0
0.0
1.9777326260938907e-7
3.056183477244398e-7
0.0
0.0
0.0
0.0
0.0
0.0
0.0
0.0
0.0
0.0
0.0
0.0
0.0
6.77585471046413e-5
2.9555170880142412e-6
1.1904222727532067e-7
0.0
0.0
0.0
0.0
0.0
0.0
1.9921781229069703e-7
3.024406105057494e-7
0.0
0.0
0.0
0.0
0.0
0.0
0.0
0.0
0.0
0.0
0.0
0.0
0.0
0.0
0.0
1.1044113205977904e-7
0.0
0.0
0.0
0.0
0.0
0.0
2.0540040855497593e-7
3.061820980865413e-7
0.0
0.0
0.0
0.0
0.0
0.0
0.0
0.0
0.0
0.0
0.0
0.0
0.0
0.0
0.0
0.0
0.0
0.0
2.2406764139759407e-6
0.0
0.0
0.0
0.0
0.0
0.0
0.0
0.0
0.0
0.0
0.0
0.0
0.0
0.0
0.0
0.0
0.0
0.0
0.0
0.0
7.1536837463717195e-6
0.0
0.0
0.0
0.0
0.0
0.0
0.0
0.0
0.0
0.0
0.0
0.0
0.0
0.0
0.0
0.0
0.0
0.0
0.0
0.0
0.0
0.0
0.0
1.158267542643327e-7
0.0
0.0
0.0
0.0
0.0
0.0
0.0
3.110047108820211e-7
0.0
0.0
0.0
0.0
0.0
0.0
0.0
0.0
0.0
0.0
0.0
0.0
0.0
0.00011223465874138392
6.0901900934500634e-6
1.2135113624664022e-7
0.0
0.0
0.0
0.0
0.0
0.0
2.0360820222279203e-7
3.086917709120018e-7
0.0
0.0
0.0
0.0
0.0
0.0
0.0
0.0
0.0
0.0
0.0
0.0
0.0
3.353903516388319e-5
0.0
1.1100952369389725e-7
0.0
0.0
7.107999507377053e-8
0.0
5.955421155766292e-7
0.0
2.0431100157184302e-7
3.0759833283702627e-7
0.0
0.0
0.0
0.0
0.0
0.0
0.0
0.0
0.0
0.0
0.0
0.0
0.0
0.00017866386839936568
2.049431383589631e-5
1.767038507367295e-7
0.0
0.0
0.0
0.0
4.149816134588497e-7
0.0
2.0594977166774154e-7
3.028744645369403e-7
0.0
0.0
0.0
0.0
0.0
0.0
0.0
0.0
0.0
0.0
0.0
0.0
0.0
0.0
0.0
1.1986100342381294e-7
0.0
0.0
0.0
0.0
0.0
0.0
2.0118249031967684e-7
3.0565732124826575e-7
0.0
0.0
0.0
0.0
0.0
0.0
0.0
0.0
0.0
0.0
0.0
0.0
0.0
0.0
0.0
0.0
0.0
3.543635210525724e-6
0.0
0.0
0.0
0.0
0.0
0.0
0.0
0.0
0.0
0.0
0.0
0.0
0.0
0.0
0.0
0.0
0.0
0.0
0.0
0.0
0.0
0.0
0.0
8.034672295015087e-6
3.643057035252746e-6
0.0
0.0
0.0
0.0
0.0
0.0
0.0
0.0
0.0
0.0
0.0
0.0
0.0
0.0
0.0
0.0
0.0
0.0
5.5119932243989726e-5
2.415335310500726e-6
1.6042843303578565e-7
0.0
0.0
0.0
0.0
0.0
0.0
2.0929571206972977e-7
3.101796859986144e-7
0.0
0.0
0.0
0.0
0.0
0.0
0.0
0.0
0.0
0.0
0.0
0.0
0.0
2.6827190169963343e-5
0.0
0.0
0.0
0.0
0.0
0.0
3.1237806825025485e-7
0.0
2.1424590905941599e-7
3.2149820525312326e-7
0.0
0.0
0.0
0.0
0.0
0.0
0.0
0.0
0.0
0.0
0.0
0.0
0.0
8.152618650992752e-7
0.0
1.1976814002768304e-7
0.0
0.0
0.0
0.0
0.0
0.0
1.1065558631346637e-7
3.055782397647368e-7
0.0
0.0
0.0
0.0
0.0
0.0
0.0
0.0
0.0
0.0
0.0
0.0
0.0
0.0
0.0
1.2029051647620665e-7
0.0
0.0
0.0
0.0
0.0
0.0
0.0
3.0621422946102926e-7
0.0
0.0
0.0
0.0
0.0
0.0
0.0
0.0
0.0
0.0
0.0
0.0
0.0
2.5455829905325382e-5
0.0
1.129398160535238e-7
0.0
0.0
0.0
0.0
0.0
0.0
1.9187145340566971e-7
3.01664496579044e-7
0.0
0.0
0.0
0.0
0.0
0.0
0.0
0.0
0.0
0.0
0.0
0.0
0.0
0.0
0.0
0.0
0.0
0.0
3.4884825991794924e-6
0.0
0.0
0.0
0.0
0.0
0.0
0.0
0.0
0.0
0.0
0.0
0.0
0.0
0.0
0.0
0.0
0.0
0.0
0.0
0.0
9.599507913607075e-6
0.0
0.0
0.0
0.0
0.0
0.0
0.0
0.0
0.0
0.0
0.0
0.0
0.0
0.0
0.0
0.0
0.0
0.0
0.0
0.0
0.0
2.1012525490374416e-6
0.0
1.2056128423114276e-7
0.0
0.0
0.0
0.0
0.0
0.0
0.0
2.899754045939165e-7
0.0
0.0
0.0
0.0
0.0
0.0
0.0
0.0
0.0
0.0
0.0
0.0
0.0
0.0
0.0
1.147971199293426e-7
0.0
0.0
0.0
0.0
0.0
0.0
0.0
3.267993537827964e-7
0.0
0.0
0.0
0.0
0.0
0.0
0.0
0.0
0.0
0.0
0.0
0.0
0.0
3.367995212089262e-5
1.7254059797597953e-7
1.1005614110975763e-7
0.0
0.0
0.0
0.0
0.0
0.0
0.0
3.0339662647700096e-7
0.0
0.0
0.0
0.0
0.0
0.0
0.0
0.0
0.0
0.0
0.0
0.0
0.0
0.0
0.0
1.1998584860667952e-7
0.0
0.0
0.0
0.0
0.0
0.0
1.9753086702168512e-7
3.091927645552347e-7
0.0
0.0
0.0
0.0
0.0
0.0
0.0
0.0
0.0
0.0
0.0
0.0
0.0
0.0
0.0
1.1091873380195663e-7
0.0
0.0
0.0
0.0
0.0
0.0
1.9961869367929851e-7
3.0345086237576593e-7
0.0
0.0
0.0
0.0
0.0
0.0
0.0
0.0
0.0
0.0
0.0
0.0
0.0
0.0
0.0
2.998668976829363e-6
0.0
0.0
0.0
0.0
0.0
0.0
0.0
0.0
0.0
0.0
0.0
0.0
0.0
0.0
0.0
0.0
0.0
0.0
0.0
0.0
0.0
0.0
0.0
0.0
1.7170749894000446e-6
0.0
0.0
0.0
0.0
0.0
0.0
0.0
0.0
0.0
0.0
0.0
0.0
0.0
0.0
0.0
0.0
0.0
0.0
0.0
0.0
2.35760479689664e-7
0.0
0.0
0.0
0.0
0.0
0.0
0.0
0.0
0.0
2.9552830330148236e-7
0.0
0.0
0.0
0.0
0.0
0.0
0.0
0.0
0.0
0.0
0.0
0.0
0.0
2.3322424367487533e-7
0.0
0.0
0.0
0.0
0.0
0.0
0.0
0.0
0.0
2.965826203140278e-7
0.0
0.0
0.0
0.0
0.0
0.0
0.0
0.0
0.0
0.0
0.0
0.0
0.0
2.1832787829502743e-7
0.0
1.147864410777243e-7
0.0
0.0
0.0
0.0
0.0
0.0
0.0
2.936279789291035e-7
0.0
0.0
0.0
0.0
0.0
0.0
0.0
0.0
0.0
0.0
0.0
0.0
0.0
2.003958967743545e-7
0.0
1.0878165900977129e-7
0.0
0.0
0.0
0.0
0.0
0.0
0.0
2.9876939810490954e-7
0.0
0.0
0.0
0.0
0.0
0.0
0.0
0.0
0.0
0.0
0.0
0.0
0.0
1.2757312955623067e-7
0.0
1.1029124992973545e-7
0.0
0.0
0.0
0.0
0.0
0.0
0.0
3.0116413160488225e-7
0.0
0.0
0.0
0.0
0.0
0.0
0.0
0.0
0.0
0.0
0.0
0.0
0.0
0.0
0.0
0.0
0.0
0.0
0.0
0.0
0.0
0.0
0.0
0.0
0.0
0.0
0.0
0.0
0.0
0.0
0.0
0.0
0.0
0.0
0.0
0.0
0.0
0.0
0.0
0.0
0.0
0.0
0.0
0.0
0.0
0.0
0.0
0.0
0.0
0.0
0.0
0.0
0.0
0.0
0.0
0.0
0.0
0.0
0.0
0.0
0.0
0.0
0.0
0.0
0.0
0.0
0.0
0.0
0.0
0.0
0.0
3.2932358668453743e-7
0.0
0.0
0.0
0.0
0.0
0.0
0.0
0.0
0.0
0.0
0.0
0.0
0.0
0.0
0.0
1.1568671218609713e-7
0.0
0.0
0.0
0.0
0.0
0.0
0.0
3.3845722919798176e-7
0.0
0.0
0.0
0.0
0.0
0.0
0.0
0.0
0.0
0.0
0.0
0.0
0.0
0.0
0.0
1.1781605088844375e-7
0.0
0.0
0.0
0.0
0.0
0.0
0.0
4.727534974370774e-7
0.0
0.0
0.0
0.0
0.0
0.0
0.0
0.0
0.0
0.0
0.0
0.0
0.0
0.0
0.0
1.1826118882855872e-7
0.0
0.0
0.0
0.0
3.6183441323093593e-7
0.0
1.9167623086491637e-7
3.203441065972315e-7
0.0
0.0
0.0
0.0
0.0
0.0
0.0
0.0
0.0
0.0
0.0
0.0
0.0
0.0001055794332236589
4.374101918425453e-5
1.0930402111426396e-7
0.0
0.0
0.0
0.0
4.2244702179309253e-7
3.2428482051970326e-7
2.297500855661706e-7
2.9484075030676424e-7
0.0
0.0
0.0
0.0
0.0
0.0
0.0
0.0
0.0
0.0
0.0
0.0
0.0
0.0
0.0
0.0
2.77761477556102e-6
0.0
0.0
0.0
0.0
0.0
0.0
0.0
0.0
0.0
0.0
0.0
0.0
0.0
0.0
0.0
0.0
0.0
0.0
0.0
0.0
0.0
0.0
0.0
0.0
0.0
0.0
0.0
0.0
0.0
0.0
0.0
0.0
0.0
0.0
0.0
0.0
0.0
0.0
0.0
0.0
0.0
0.0
0.0
0.0
0.0
0.0
3.6530442004668154e-6
0.0
0.0
0.0
0.0
0.0
0.0
0.0
0.0
0.0
0.0
0.0
0.0
0.0
0.0
0.0
0.0
0.0
0.0
0.0
0.0
0.0
0.0
0.0
1.1462666184574963e-7
0.0
0.0
0.0
0.0
0.0
0.0
1.134668442060866e-7
2.8983228125017384e-7
0.0
0.0
0.0
0.0
0.0
0.0
0.0
0.0
0.0
0.0
0.0
0.0
0.0
0.0
0.0
0.0
0.0
0.0
0.0
0.0
0.0
0.0
0.0
2.9453224955382226e-7
0.0
0.0
0.0
0.0
0.0
0.0
0.0
0.0
0.0
0.0
0.0
0.0
0.0
1.717875938665778e-7
0.0
1.1155124204359269e-7
0.0
0.0
0.0
0.0
0.0
0.0
1.9796465040386636e-7
3.006564539692241e-7
0.0
0.0
0.0
0.0
0.0
0.0
0.0
0.0
0.0
0.0
0.0
0.0
0.0
0.0
0.0
1.1310435643263105e-7
0.0
0.0
0.0
0.0
0.0
0.0
1.9553131977116569e-7
2.99164233158462e-7
0.0
0.0
0.0
0.0
0.0
0.0
0.0
0.0
0.0
0.0
0.0
0.0
0.0
0.0
0.0
2.4833032241989323e-6
0.0
0.0
0.0
0.0
0.0
0.0
0.0
0.0
0.0
0.0
0.0
0.0
0.0
0.0
0.0
0.0
0.0
0.0
0.0
0.0
0.0
0.0
0.0
0.0
1.3828173693529907e-6
0.0
0.0
0.0
0.0
0.0
0.0
0.0
0.0
0.0
0.0
0.0
0.0
0.0
0.0
0.0
0.0
0.0
0.0
0.0
0.0
0.0
0.0
1.1465219557142733e-7
0.0
0.0
0.0
0.0
2.644776185843281e-7
0.0
1.9594938563485431e-7
3.119890265086339e-7
0.0
0.0
0.0
0.0
0.0
0.0
0.0
0.0
0.0
0.0
0.0
0.0
0.0
0.0
0.0
1.1526264655888852e-7
0.0
0.0
0.0
0.0
0.0
0.0
0.0
2.9196924757726794e-7
0.0
0.0
0.0
0.0
0.0
0.0
0.0
0.0
0.0
0.0
0.0
0.0
0.0
0.0
0.0
1.1631171659011002e-7
0.0
0.0
0.0
0.0
0.0
0.0
0.0
2.946337727394987e-7
0.0
0.0
0.0
0.0
0.0
0.0
0.0
0.0
0.0
0.0
0.0
0.0
0.0
0.0
0.0
1.1627281143328867e-7
0.0
0.0
0.0
0.0
0.0
0.0
0.0
2.9563665419932284e-7
0.0
0.0
0.0
0.0
0.0
0.0
0.0
0.0
0.0
0.0
0.0
0.0
0.0
1.749183127955086e-7
0.0
1.1309473019071305e-7
0.0
0.0
0.0
0.0
0.0
0.0
0.0
2.851261979184709e-7
0.0
0.0
0.0
0.0
0.0
0.0
0.0
0.0
0.0
0.0
0.0
0.0
0.0
0.0
0.0
0.0
0.0
0.0
0.0
0.0
0.0
0.0
0.0
0.0
0.0
0.0
0.0
0.0
0.0
0.0
0.0
0.0
0.0
0.0
0.0
0.0
0.0
0.0
0.0
0.0
0.0
0.0
0.0
0.0
0.0
0.0
0.0
0.0
0.0
0.0
0.0
0.0
0.0
0.0
0.0
0.0
0.0
0.0
0.0
0.0
0.0
0.0
0.0
1.2149318001576723e-7
0.0
0.0
0.0
0.0
0.0
0.0
0.0
5.308672840140486e-7
0.0
0.0
0.0
0.0
0.0
0.0
0.0
0.0
0.0
0.0
0.0
0.0
0.0
0.0
0.0
1.1783117368850999e-7
0.0
0.0
0.0
0.0
0.0
0.0
0.0
6.166235285597607e-7
0.0
0.0
0.0
0.0
0.0
0.0
0.0
0.0
0.0
0.0
0.0
0.0
0.0
0.0
0.0
1.1562526654891515e-7
0.0
0.0
0.0
0.0
0.0
0.0
0.0
3.041313313751955e-7
0.0
0.0
0.0
0.0
0.0
0.0
0.0
0.0
0.0
0.0
0.0
0.0
0.0
1.696379016363046e-7
0.0
0.0
0.0
0.0
0.0
0.0
0.0
0.0
0.0
2.922583425794718e-7
0.0
0.0
0.0
0.0
0.0
0.0
0.0
0.0
0.0
0.0
0.0
0.0
0.0
1.7207528743832853e-7
0.0
1.1605408414866507e-7
0.0
0.0
0.0
0.0
0.0
0.0
1.1774871600198029e-7
0.0
0.0
0.0
0.0
0.0
0.0
0.0
0.0
0.0
0.0
0.0
0.0
0.0
0.0
0.0
0.0
0.0
0.0
0.0
0.0
0.0
0.0
0.0
0.0
0.0
0.0
0.0
0.0
0.0
0.0
0.0
0.0
0.0
0.0
0.0
0.0
0.0
0.0
0.0
0.0
0.0
0.0
0.0
0.0
0.0
0.0
0.0
0.0
0.0
0.0
0.0
0.0
0.0
0.0
0.0
0.0
0.0
0.0
0.0
0.0
0.0
0.0
2.051001689392915e-7
0.0
1.1996869547423145e-7
0.0
0.0
0.0
0.0
0.0
0.0
0.0
0.0
0.0
0.0
0.0
0.0
0.0
0.0
0.0
0.0
0.0
0.0
0.0
0.0
0.0
2.2034001909244027e-7
0.0
1.1029104217414423e-7
0.0
0.0
0.0
0.0
0.0
0.0
0.0
0.0
0.0
0.0
0.0
0.0
0.0
0.0
0.0
0.0
0.0
0.0
0.0
0.0
0.0
2.4841731174906007e-7
0.0
1.0948335368215249e-7
0.0
0.0
0.0
0.0
0.0
0.0
0.0
0.0
0.0
0.0
0.0
0.0
0.0
0.0
0.0
0.0
0.0
0.0
0.0
0.0
0.0
2.1859049021093326e-7
0.0
1.1186028754371036e-7
0.0
0.0
0.0
0.0
0.0
0.0
0.0
0.0
0.0
0.0
0.0
0.0
0.0
0.0
0.0
0.0
0.0
0.0
0.0
0.0
0.0
2.489453038857034e-7
0.0
1.1601311671139297e-7
0.0
0.0
0.0
0.0
4.849201049604822e-7
0.0
2.0981305753568134e-7
0.0
0.0
0.0
0.0
0.0
0.0
0.0
0.0
0.0
0.0
0.0
0.0
0.0
0.0
0.0
0.0
0.0
0.0
0.0
0.0
0.0
0.0
0.0
0.0
0.0
0.0
0.0
0.0
0.0
0.0
0.0
0.0
0.0
0.0
0.0
0.0
0.0
0.0
0.0
0.0
0.0
0.0
0.0
0.0
0.0
0.0
0.0
0.0
0.0
0.0
0.0
0.0
0.0
0.0
0.0
0.0
0.0
0.0
0.0
0.0
0.0
0.0
1.7141381128646033e-7
0.0
1.1935895731059436e-7
0.0
0.0
0.0
0.0
0.0
0.0
0.0
0.0
0.0
0.0
0.0
0.0
0.0
0.0
0.0
0.0
0.0
0.0
0.0
0.0
0.0
2.835571336190098e-7
0.0
1.1469373378935988e-7
0.0
0.0
0.0
0.0
0.0
0.0
0.0
0.0
0.0
0.0
0.0
0.0
0.0
0.0
0.0
0.0
0.0
0.0
0.0
0.0
0.0
3.697801873741788e-7
0.0
1.1216754600111418e-7
0.0
0.0
0.0
0.0
0.0
0.0
0.0
0.0
0.0
0.0
0.0
0.0
0.0
0.0
0.0
0.0
0.0
0.0
0.0
0.0
0.0
2.443657204698668e-7
0.0
1.1115738583043847e-7
0.0
0.0
0.0
0.0
0.0
0.0
2.129124956259597e-7
0.0
0.0
0.0
0.0
0.0
0.0
0.0
0.0
0.0
0.0
0.0
0.0
0.0
0.0
1.8312240612396418e-7
0.0
1.1717610913219342e-7
0.0
0.0
0.0
0.0
0.0
0.0
0.0
0.0
0.0
0.0
0.0
0.0
0.0
0.0
0.0
0.0
0.0
0.0
0.0
0.0
0.0
0.0
0.0
0.0
0.0
0.0
0.0
0.0
0.0
0.0
0.0
0.0
0.0
0.0
0.0
0.0
0.0
0.0
0.0
0.0
0.0
0.0
0.0
0.0
0.0
0.0
0.0
1.069597406940351e-6
0.0
0.0
0.0
0.0
0.0
0.0
0.0
0.0
0.0
0.0
0.0
0.0
0.0
0.0
0.0
0.0
0.0
0.0
0.0
0.0
0.0
3.6044461043121014e-7
9.067462819788248e-7
0.0
0.0
0.0
0.0
0.0
5.951003790347122e-7
0.0
0.0
0.0
0.0
0.0
0.0
0.0
0.0
0.0
0.0
0.0
0.0
0.0
0.0
0.0
0.0
0.0
0.0
6.359574967373115e-7
0.0
0.0
0.0
0.0
0.0
0.0
0.0
0.0
0.0
0.0
0.0
0.0
0.0
0.0
0.0
0.0
0.0
0.0
0.0
0.0
0.0
2.4214388148960253e-7
9.061623099327955e-7
0.0
0.0
0.0
0.0
0.0
2.647216488327028e-7
0.0
2.024028790763487e-7
0.0
0.0
2.2237099108763697e-6
0.0
0.0
0.0
0.0
0.0
0.0
0.0
0.0
0.0
0.0
0.0
2.476640484225275e-7
2.8913599292688907e-7
0.0
0.0
0.0
0.0
0.0
6.088284912738345e-7
0.0
0.0
0.0
0.0
3.2328162544720227e-6
0.0
0.0
0.0
0.0
0.0
0.0
0.0
0.0
0.0
0.0
0.0
2.0230580170198137e-7
2.82227865517357e-7
0.0
0.0
0.0
0.0
0.0
2.762509657772933e-7
0.0
0.0
0.0
0.0
3.4549191036006765e-6
0.0
0.0
0.0
0.0
0.0
0.0
0.0
0.0
0.0
0.0
0.0
0.0
0.0
0.0
0.0
0.0
0.0
0.0
0.0
0.0
0.0
0.0
0.0
0.0
0.0
0.0
0.0
0.0
0.0
0.0
0.0
0.0
0.0
0.0
0.0
0.0
0.0
2.2994017499298866e-6
0.0
0.0
0.0
0.0
0.0
0.0
0.0
0.0
0.0
0.0
0.0
0.0
0.0
0.0
0.0
0.0
0.0
0.0
0.0
0.0
0.0
3.000349773119676e-7
3.057914023104936e-7
0.0
0.0
0.0
0.0
0.0
5.622846205582165e-7
0.0
1.8927855288001757e-7
0.0
0.0
5.255305798450686e-7
0.0
0.0
0.0
0.0
0.0
0.0
0.0
0.0
0.0
0.0
0.0
2.8313040940949207e-7
6.680984314288468e-7
0.0
0.0
0.0
0.0
0.0
0.0
0.0
2.783443030110852e-7
0.0
0.0
0.0
0.0
0.0
0.0
0.0
0.0
0.0
0.0
0.0
0.0
0.0
0.0
2.569199219191965e-7
9.27782234163844e-7
0.0
0.0
0.0
0.0
0.0
2.564994170579583e-7
0.0
0.0
0.0
0.0
0.0
0.0
0.0
0.0
0.0
0.0
0.0
0.0
0.0
0.0
0.0
0.0
2.544507988775351e-7
1.1824084396293661e-6
0.0
0.0
0.0
0.0
0.0
0.0
0.0
0.0
0.0
0.0
0.0
0.0
0.0
0.0
0.0
0.0
0.0
0.0
0.0
0.0
0.0
0.0
3.558533146018103e-7
1.1891991083334014e-6
0.0
0.0
0.0
0.0
0.0
6.054727126828996e-7
0.0
0.0
0.0
0.0
0.0
0.0
0.0
0.0
0.0
0.0
0.0
0.0
0.0
0.0
0.0
0.0
0.0
0.0
0.0
0.0
0.0
0.0
0.0
0.0
0.0
0.0
0.0
0.0
0.0
0.0
0.0
0.0
0.0
0.0
0.0
0.0
0.0
0.0
0.0
0.0
0.0
0.0
1.96646878111595e-6
0.0
0.0
0.0
0.0
0.0
0.0
0.0
0.0
0.0
0.0
0.0
0.0
0.0
0.0
0.0
0.0
0.0
0.0
0.0
0.0
0.0
2.741733372134035e-7
8.316546726264242e-7
0.0
0.0
0.0
0.0
0.0
5.001653369195317e-7
0.0
0.0
0.0
0.0
5.483310336581943e-7
0.0
0.0
0.0
0.0
0.0
0.0
0.0
0.0
0.0
0.0
0.0
2.6606529864167954e-7
1.280708428872412e-6
0.0
0.0
0.0
0.0
0.0
5.337699807728672e-7
0.0
0.0
0.0
0.0
0.0
0.0
0.0
0.0
0.0
0.0
0.0
0.0
0.0
0.0
0.0
0.0
2.674979289921206e-7
1.1397529502227052e-6
0.0
0.0
0.0
0.0
0.0
5.08430013147593e-7
0.0
0.0
0.0
0.0
0.0
0.0
0.0
0.0
0.0
0.0
0.0
0.0
0.0
0.0
0.0
0.0
2.5745043716157076e-7
9.030495970007248e-7
0.0
0.0
0.0
0.0
0.0
5.454692048132901e-7
0.0
0.0
0.0
0.0
0.0
0.0
0.0
0.0
0.0
0.0
0.0
0.0
0.0
0.0
0.0
0.0
2.4783701997154495e-7
9.016696327625182e-7
0.0
0.0
0.0
0.0
0.0
5.939498988003439e-7
0.0
0.0
0.0
0.0
0.0
0.0
0.0
0.0
0.0
0.0
0.0
0.0
0.0
0.0
0.0
0.0
0.0
0.0
0.0
0.0
0.0
0.0
0.0
0.0
0.0
0.0
0.0
0.0
0.0
0.0
0.0
0.0
0.0
0.0
0.0
0.0
0.0
0.0
0.0
0.0
0.0
0.0
0.0
0.0
0.0
0.0
0.0
0.0
0.0
0.0
0.0
0.0
0.0
0.0
0.0
0.0
0.0
0.0
0.0
0.0
0.0
0.0
0.0
0.0
2.605798213039066e-7
7.022247234451341e-7
0.0
0.0
0.0
0.0
0.0
5.515200028119822e-7
0.0
4.590718343836291e-7
0.0
0.0
3.145496941804362e-6
2.3220773864564916e-7
2.9917536002819e-7
0.0
0.0
0.0
0.0
0.0
0.0
0.0
0.0
0.0
2.5643544738361475e-7
3.2452511969002563e-7
0.0
0.0
0.0
0.0
0.0
5.53266214869188e-7
0.0
1.8990299954339816e-7
0.0
0.0
2.1593849931003934e-6
0.0
0.0
0.0
0.0
0.0
0.0
0.0
0.0
0.0
0.0
0.0
2.497405330499485e-7
2.7799415804341045e-7
0.0
0.0
0.0
0.0
0.0
5.277465463418018e-7
0.0
0.0
0.0
0.0
2.5003420985232647e-7
0.0
0.0
0.0
0.0
0.0
0.0
0.0
0.0
0.0
0.0
0.0
2.529738001573393e-7
8.407227929570314e-7
0.0
0.0
0.0
0.0
0.0
5.476214628553864e-7
0.0
0.0
0.0
0.0
0.0
0.0
0.0
0.0
0.0
0.0
0.0
0.0
0.0
0.0
0.0
0.0
2.4946691516400416e-7
1.6186171371105883e-6
0.0
0.0
0.0
0.0
0.0
5.627200382750679e-7
0.0
0.0
0.0
0.0
0.0
0.0
0.0
0.0
0.0
0.0
0.0
0.0
0.0
0.0
0.0
0.0
0.0
0.0
0.0
0.0
0.0
0.0
0.0
0.0
0.0
0.0
0.0
0.0
0.0
0.0
0.0
0.0
0.0
0.0
0.0
0.0
0.0
0.0
0.0
0.0
0.0
0.0
0.0
0.0
0.0
0.0
0.0
0.0
0.0
0.0
0.0
0.0
0.0
0.0
0.0
0.0
0.0
0.0
0.0
0.0
0.0
0.0
0.0
0.0
3.749465182663202e-7
1.1381022754659715e-6
0.0
0.0
0.0
0.0
0.0
5.735791585023982e-7
0.0
0.0
0.0
0.0
0.0
0.0
0.0
0.0
0.0
0.0
0.0
0.0
0.0
0.0
0.0
0.0
1.9388859691673641e-7
8.274930948107177e-7
0.0
0.0
0.0
0.0
0.0
2.522898990690741e-7
0.0
0.0
0.0
0.0
5.46550172383352e-7
0.0
0.0
0.0
0.0
0.0
0.0
0.0
0.0
0.0
0.0
0.0
2.3331708532210118e-7
2.916157774489883e-7
0.0
0.0
0.0
0.0
0.0
2.8525872041790643e-7
0.0
0.0
0.0
0.0
2.4191270978012167e-6
0.0
0.0
0.0
0.0
0.0
0.0
0.0
0.0
0.0
0.0
0.0
0.0
7.991117213186946e-5
0.0
0.0
0.0
0.0
0.0
5.439125118679572e-7
0.0
0.0
0.0
0.0
3.855266252494906e-7
0.0
0.0
0.0
0.0
0.0
0.0
0.0
0.0
0.0
0.0
0.0
2.2885361166742145e-7
8.152456102384801e-7
0.0
0.0
0.0
0.0
0.0
5.711017916015167e-7
0.0
0.0
0.0
0.0
3.2084237589915617e-7
0.0
0.0
0.0
0.0
0.0
0.0
0.0
0.0
0.0
0.0
0.0
0.0
0.0
0.0
1.3054852843052474e-6
0.0
0.0
0.0
0.0
0.0
0.0
0.0
3.6657730427750503e-6
0.0
0.0
0.0
0.0
0.0
0.0
0.0
0.0
0.0
0.0
0.0
0.0
0.0
0.0
1.981072212695595e-6
0.0
0.0
0.0
0.0
0.0
0.0
0.0
0.0
0.0
0.0
0.0
0.0
0.0
0.0
0.0
0.0
0.0
0.0
0.0
0.0
0.0
3.5955428029514876e-7
8.737426166967931e-7
0.0
0.0
0.0
0.0
0.0
5.478789638254048e-7
0.0
0.0
0.0
0.0
5.437783197326325e-7
0.0
0.0
0.0
0.0
0.0
0.0
0.0
0.0
0.0
0.0
0.0
2.6109473899604716e-7
9.087937606005031e-7
0.0
0.0
0.0
0.0
0.0
5.417010092522863e-7
0.0
0.0
0.0
0.0
0.0
0.0
0.0
0.0
0.0
0.0
0.0
0.0
0.0
0.0
0.0
0.0
2.4934702011553517e-7
9.123808739478422e-7
0.0
0.0
0.0
0.0
0.0
5.802249594794977e-7
0.0
0.0
0.0
0.0
0.0
0.0
0.0
0.0
0.0
0.0
0.0
0.0
0.0
0.0
0.0
0.0
2.55059430920785e-7
9.271820841000424e-7
0.0
0.0
0.0
0.0
0.0
5.679975174305154e-7
0.0
0.0
0.0
0.0
0.0
0.0
0.0
0.0
0.0
0.0
0.0
0.0
0.0
0.0
0.0
0.0
0.0
9.164801167033043e-7
0.0
0.0
0.0
0.0
0.0
5.086092297058026e-7
0.0
0.0
0.0
0.0
2.031655604700643e-6
0.0
0.0
0.0
0.0
0.0
0.0
0.0
0.0
0.0
0.0
0.0
0.0
0.0
0.0
0.0
0.0
0.0
0.0
0.0
0.0
0.0
0.0
0.0
0.0
0.0
0.0
0.0
0.0
0.0
0.0
0.0
0.0
0.0
0.0
0.0
0.0
0.0
0.0
0.0
0.0
0.0
0.0
0.0
0.0
0.0
0.0
0.0
0.0
0.0
0.0
0.0
0.0
0.0
0.0
0.0
0.0
0.0
0.0
0.0
3.651626492332864e-7
1.2108401331928458e-6
0.0
0.0
0.0
0.0
0.0
5.849794985777766e-7
0.0
0.0
0.0
0.0
0.0
0.0
0.0
0.0
0.0
0.0
0.0
0.0
0.0
0.0
0.0
0.0
2.4247270969041476e-7
1.1732285653261454e-6
0.0
0.0
0.0
0.0
0.0
6.069970933699256e-7
0.0
0.0
0.0
0.0
0.0
0.0
0.0
0.0
0.0
0.0
0.0
0.0
0.0
0.0
0.0
0.0
3.676582015711297e-7
1.187103374621866e-6
0.0
0.0
0.0
0.0
0.0
5.689784814904664e-7
0.0
0.0
0.0
0.0
0.0
0.0
0.0
0.0
0.0
0.0
0.0
0.0
0.0
0.0
0.0
0.0
3.6726729640948724e-7
9.231132399787573e-7
0.0
0.0
0.0
0.0
0.0
5.776043092150995e-7
0.0
0.0
0.0
0.0
0.0
0.0
0.0
0.0
0.0
0.0
0.0
0.0
0.0
0.0
0.0
0.0
2.3527039212053978e-7
9.125218599378292e-7
0.0
0.0
0.0
0.0
0.0
5.318385942617364e-7
0.0
0.0
0.0
0.0
0.0
0.0
0.0
0.0
0.0
0.0
0.0
0.0
0.0
0.0
0.0
0.0
0.0
0.0
6.537173192890065e-7
0.0
0.0
0.0
0.0
0.0
0.0
0.0
0.0
0.0
0.0
0.0
0.0
0.0
0.0
0.0
0.0
0.0
0.0
0.0
0.0
0.0
0.0
0.0
2.1584057922385336e-6
0.0
0.0
0.0
0.0
0.0
0.0
0.0
0.0
0.0
0.0
0.0
0.0
0.0
0.0
0.0
0.0
0.0
0.0
0.0
0.0
0.0
3.024888214923687e-7
7.286288314155826e-7
0.0
0.0
0.0
0.0
0.0
5.017704009178293e-7
0.0
2.0312886825259027e-7
0.0
0.0
0.0
0.0
0.0
0.0
0.0
0.0
0.0
0.0
0.0
0.0
0.0
0.0
2.3741894204434765e-7
1.2218466891012255e-6
0.0
0.0
0.0
0.0
0.0
4.644772219642685e-7
0.0
0.0
0.0
0.0
5.516905952544365e-7
0.0
0.0
0.0
0.0
0.0
0.0
0.0
0.0
0.0
0.0
0.0
2.3316265771767625e-7
8.221943045235626e-7
0.0
0.0
0.0
0.0
0.0
5.158449121902564e-7
0.0
0.0
0.0
0.0
2.0522214159024428e-6
0.0
3.431319285350952e-7
0.0
0.0
0.0
0.0
0.0
0.0
0.0
0.0
0.0
2.625979861751775e-7
4.728847634832299e-5
0.0
0.0
0.0
0.0
0.0
4.6609106530122785e-7
0.0
0.0
0.0
0.0
3.4818176777954134e-6
0.0
0.0
0.0
0.0
0.0
0.0
0.0
0.0
0.0
0.0
0.0
0.0
3.058739060096939e-5
0.0
0.0
0.0
0.0
0.0
5.927207969762961e-7
0.0
0.0
0.0
0.0
5.459326842049892e-7
0.0
0.0
0.0
0.0
0.0
0.0
0.0
0.0
0.0
0.0
0.0
0.0
0.0
0.0
0.0
0.0
0.0
0.0
0.0
0.0
0.0
0.0
0.0
0.0
0.0
0.0
0.0
0.0
0.0
0.0
0.0
0.0
0.0
0.0
0.0
0.0
0.0
1.0386463324367446e-6
0.0
0.0
0.0
0.0
0.0
0.0
0.0
0.0
0.0
0.0
0.0
0.0
0.0
0.0
0.0
0.0
0.0
0.0
0.0
0.0
0.0
2.4889922703940425e-7
8.955658312408636e-7
0.0
0.0
0.0
0.0
0.0
5.832534347611971e-7
0.0
0.0
0.0
0.0
0.0
0.0
0.0
0.0
0.0
0.0
0.0
0.0
0.0
0.0
0.0
0.0
2.5810613532354047e-7
1.1895644214618117e-6
0.0
0.0
0.0
0.0
0.0
5.963183144032322e-7
0.0
0.0
0.0
0.0
0.0
0.0
0.0
0.0
0.0
0.0
0.0
0.0
0.0
0.0
0.0
0.0
2.6779474904671076e-7
9.22702337049099e-7
0.0
0.0
0.0
0.0
0.0
5.993067349099149e-7
0.0
0.0
0.0
0.0
5.555396958071905e-7
0.0
0.0
0.0
0.0
0.0
0.0
0.0
0.0
0.0
0.0
0.0
2.8309908185959597e-7
2.99065930440593e-7
0.0
0.0
0.0
0.0
0.0
5.708404191402858e-7
0.0
0.0
0.0
0.0
0.0
0.0
0.0
0.0
0.0
0.0
0.0
0.0
0.0
0.0
0.0
0.0
2.6578214425715373e-7
9.233096102282733e-7
0.0
0.0
0.0
0.0
0.0
5.999793018385761e-7
0.0
0.0
0.0
0.0
5.46331519520032e-7
0.0
0.0
0.0
0.0
0.0
0.0
0.0
0.0
0.0
0.0
0.0
0.0
0.0
0.0
0.0
0.0
0.0
0.0
0.0
0.0
0.0
0.0
0.0
0.0
0.0
0.0
0.0
0.0
0.0
0.0
0.0
0.0
0.0
0.0
0.0
0.0
0.0
0.0
0.0
0.0
0.0
0.0
0.0
0.0
0.0
0.0
0.0
0.0
0.0
0.0
0.0
0.0
0.0
0.0
0.0
0.0
0.0
0.0
0.0
0.0
0.0
0.0
0.0
0.0
0.0
0.0
0.0
0.0
0.0
0.0
0.0
0.0
0.0
0.0
0.0
0.0
0.0
0.0
0.0
0.0
0.0
0.0
0.0
2.631566144607962e-7
0.0
1.1976151681110324e-7
0.0
0.0
0.0
0.0
0.0
0.0
8.454021982074441e-8
0.0
0.0
0.0
0.0
0.0
0.0
0.0
0.0
0.0
0.0
0.0
0.0
0.0
0.0
1.8414212370383796e-7
0.0
1.1607572156050529e-7
0.0
0.0
0.0
0.0
0.0
0.0
1.425023623270122e-7
0.0
0.0
0.0
0.0
0.0
0.0
0.0
0.0
0.0
0.0
0.0
0.0
0.0
0.0
0.0
0.0
1.2023173435791587e-7
0.0
0.0
0.0
0.0
0.0
0.0
0.0
0.0
0.0
0.0
0.0
0.0
0.0
0.0
0.0
0.0
0.0
0.0
0.0
0.0
0.0
0.0
0.0
1.2539526564915808e-7
0.0
0.0
0.0
0.0
0.0
0.0
0.0
0.0
0.0
0.0
0.0
0.0
0.0
0.0
0.0
0.0
0.0
0.0
0.0
0.0
0.0
0.0
0.0
0.0
0.0
0.0
0.0
0.0
0.0
0.0
0.0
0.0
0.0
0.0
0.0
0.0
0.0
0.0
0.0
0.0
0.0
0.0
0.0
0.0
0.0
0.0
0.0
2.786784369199196e-6
0.0
0.0
0.0
0.0
0.0
0.0
0.0
0.0
0.0
0.0
0.0
0.0
0.0
0.0
0.0
0.0
0.0
0.0
0.0
0.0
0.0
1.7949653660212514e-7
0.0
1.1245719911652254e-7
0.0
0.0
0.0
0.0
0.0
0.0
0.0
0.0
0.0
0.0
0.0
0.0
0.0
0.0
0.0
0.0
0.0
0.0
0.0
0.0
0.0
2.078627793303504e-7
0.0
1.0993314202230383e-7
0.0
0.0
0.0
0.0
0.0
0.0
0.0
0.0
0.0
0.0
0.0
0.0
0.0
0.0
0.0
0.0
0.0
0.0
0.0
0.0
0.0
2.0765602036984228e-7
0.0
1.106036345153452e-7
0.0
0.0
0.0
0.0
0.0
0.0
0.0
0.0
0.0
0.0
0.0
0.0
0.0
0.0
0.0
0.0
0.0
0.0
0.0
0.0
0.0
0.0
0.0
1.1794870849188517e-7
0.0
0.0
0.0
0.0
0.0
0.0
8.352758875102177e-8
0.0
0.0
0.0
0.0
0.0
0.0
0.0
0.0
0.0
0.0
0.0
0.0
0.0
0.0
0.0
0.0
1.1105087217942031e-7
0.0
0.0
0.0
0.0
0.0
0.0
0.0
0.0
0.0
0.0
0.0
0.0
0.0
0.0
0.0
0.0
0.0
0.0
0.0
0.0
0.0
0.0
0.0
0.0
0.0
0.0
0.0
0.0
0.0
0.0
0.0
0.0
0.0
0.0
0.0
0.0
0.0
0.0
0.0
0.0
0.0
0.0
0.0
0.0
0.0
0.0
0.0
0.0
0.0
0.0
0.0
0.0
0.0
0.0
0.0
0.0
0.0
0.0
0.0
0.0
0.0
0.0
0.0
0.0
0.0
0.0
0.0
0.0
0.0
1.695153760881586e-7
0.0
1.1568419634552466e-7
0.0
0.0
0.0
0.0
0.0
0.0
0.0
3.04418303041674e-7
0.0
0.0
0.0
0.0
0.0
0.0
0.0
0.0
0.0
0.0
0.0
0.0
0.0
0.0
0.0
0.0
0.0
0.0
0.0
0.0
3.2824940616969443e-7
0.0
2.1204069220302518e-7
2.8563271382733604e-7
0.0
0.0
0.0
0.0
0.0
0.0
0.0
0.0
0.0
0.0
0.0
0.0
0.0
0.0
0.0
1.1272720132866365e-7
0.0
0.0
0.0
0.0
0.0
0.0
2.0229937268867786e-7
2.929209372397539e-7
0.0
0.0
0.0
0.0
0.0
0.0
0.0
0.0
0.0
0.0
0.0
0.0
0.0
0.0
0.0
0.0
0.0
0.0
0.0
0.0
3.348126868215576e-7
0.0
2.0105716149148073e-7
2.9596420987967445e-7
0.0
0.0
0.0
0.0
0.0
0.0
0.0
0.0
0.0
0.0
0.0
0.0
0.0
0.0
0.0
0.0
0.0
0.0
0.0
0.0
0.0
0.0
0.0
2.9793496064976026e-7
0.0
0.0
0.0
0.0
0.0
0.0
0.0
0.0
0.0
0.0
0.0
0.0
0.0
0.0
0.0
0.0
0.0
0.0
0.0
0.0
0.0
0.0
0.0
0.0
0.0
0.0
0.0
0.0
0.0
0.0
0.0
0.0
0.0
0.0
0.0
0.0
0.0
0.0
0.0
0.0
0.0
1.339158290506121e-6
0.0
0.0
0.0
0.0
0.0
0.0
0.0
0.0
0.0
0.0
0.0
0.0
0.0
0.0
0.0
0.0
0.0
0.0
0.0
0.0
0.0
1.1696178621021806e-7
0.0
0.0
0.0
0.0
0.0
0.0
0.0
3.071857478834522e-7
0.0
0.0
0.0
0.0
0.0
0.0
0.0
0.0
0.0
0.0
0.0
0.0
0.0
0.0
0.0
1.1344914385817186e-7
0.0
0.0
0.0
0.0
0.0
0.0
1.1202871231434367e-7
6.08864705294848e-7
0.0
0.0
0.0
0.0
0.0
0.0
0.0
0.0
0.0
0.0
0.0
0.0
0.0
0.0
0.0
1.20409550510246e-7
0.0
0.0
0.0
0.0
0.0
0.0
0.0
2.921697629723012e-7
0.0
0.0
0.0
0.0
0.0
0.0
0.0
0.0
0.0
0.0
0.0
0.0
0.0
0.0
0.0
1.1604624229488384e-7
0.0
0.0
0.0
0.0
4.868936568683277e-7
0.0
2.0269591961849623e-7
6.308678228614667e-7
0.0
0.0
0.0
0.0
0.0
0.0
0.0
0.0
0.0
0.0
0.0
0.0
0.0
1.2933637161076169e-6
0.0
1.1207748257845567e-7
0.0
0.0
0.0
0.0
3.420156507576847e-7
0.0
1.900607874233609e-7
3.026041508078412e-7
0.0
0.0
0.0
0.0
0.0
0.0
0.0
0.0
0.0
0.0
0.0
0.0
0.0
0.0
0.0
0.0
0.0
0.0
0.0
0.0
0.0
0.0
0.0
0.0
0.0
0.0
0.0
0.0
0.0
0.0
0.0
0.0
0.0
0.0
0.0
0.0
0.0
0.0
0.0
0.0
0.0
3.160466347362415e-6
0.0
0.0
0.0
0.0
0.0
0.0
0.0
0.0
0.0
0.0
0.0
0.0
0.0
0.0
0.0
0.0
0.0
0.0
0.0
0.0
0.0
1.0985756756120079e-7
0.0
0.0
0.0
0.0
0.0
0.0
0.0
3.017628372992807e-7
0.0
0.0
0.0
0.0
0.0
0.0
0.0
0.0
0.0
0.0
0.0
0.0
0.0
0.0
0.0
1.1630830396817356e-7
0.0
0.0
0.0
0.0
0.0
0.0
0.0
3.0800251884818833e-7
0.0
0.0
0.0
0.0
0.0
0.0
0.0
0.0
0.0
0.0
0.0
0.0
0.0
0.0
0.0
1.168831332778997e-7
0.0
0.0
0.0
0.0
0.0
0.0
0.0
2.9516013370833586e-7
0.0
0.0
0.0
0.0
0.0
0.0
0.0
0.0
0.0
0.0
0.0
0.0
0.0
0.0
0.0
1.1777907127806378e-7
0.0
0.0
0.0
0.0
0.0
0.0
0.0
3.0556071396691303e-7
0.0
0.0
0.0
0.0
0.0
0.0
0.0
0.0
0.0
0.0
0.0
0.0
0.0
1.6573386181498206e-7
0.0
1.1875313767541417e-7
0.0
0.0
0.0
0.0
0.0
0.0
0.0
2.996079805192901e-7
0.0
0.0
0.0
0.0
0.0
0.0
0.0
0.0
0.0
0.0
0.0
0.0
0.0
0.0
0.0
0.0
0.0
0.0
0.0
0.0
0.0
0.0
0.0
0.0
0.0
0.0
0.0
0.0
0.0
0.0
0.0
0.0
0.0
0.0
0.0
0.0
0.0
0.0
0.0
0.0
0.0
0.0
0.0
0.0
0.0
0.0
0.0
0.0
0.0
0.0
0.0
0.0
0.0
0.0
0.0
0.0
0.0
0.0
0.0
0.0
0.0
0.0
0.0
0.0
2.8943663021686033e-6
0.0
0.0
0.0
0.0
0.0
0.0
0.0
0.0
0.0
0.0
0.0
0.0
0.0
0.0
0.0
0.0
0.0
0.0
0.0
0.0
0.0
0.0
1.2246448933202453e-7
0.0
0.0
0.0
0.0
0.0
0.0
1.0858635031168915e-7
3.0030482895835515e-7
0.0
0.0
0.0
0.0
0.0
0.0
0.0
0.0
0.0
0.0
0.0
0.0
0.0
0.0
0.0
1.2465599683425666e-7
0.0
0.0
0.0
0.0
0.0
0.0
0.0
2.9993200756802637e-7
0.0
0.0
0.0
0.0
0.0
0.0
0.0
0.0
0.0
0.0
0.0
0.0
0.0
0.0
0.0
1.1971783821226567e-7
0.0
0.0
0.0
0.0
0.0
0.0
0.0
3.0686818691895656e-7
0.0
0.0
0.0
0.0
0.0
0.0
0.0
0.0
0.0
0.0
0.0
0.0
0.0
0.0
0.0
0.0
0.0
0.0
0.0
0.0
3.2152290343899773e-7
0.0
1.8738945746215844e-7
3.031282290266089e-7
0.0
0.0
0.0
0.0
0.0
0.0
0.0
0.0
0.0
0.0
0.0
0.0
0.0
0.0
0.0
0.0
0.0
0.0
0.0
0.0
0.0
0.0
0.0
0.0
0.0
0.0
0.0
0.0
0.0
0.0
0.0
0.0
0.0
0.0
0.0
0.0
0.0
0.0
0.0
0.0
0.0
0.0
0.0
0.0
0.0
0.0
0.0
0.0
0.0
0.0
0.0
0.0
0.0
0.0
0.0
0.0
0.0
0.0
0.0
0.0
0.0
0.0
0.0
1.1064021882658634e-7
0.0
0.0
0.0
0.0
0.0
0.0
0.0
2.937266283254349e-7
0.0
0.0
0.0
0.0
0.0
0.0
0.0
0.0
0.0
0.0
0.0
0.0
0.0
0.0
0.0
1.107218152192572e-7
0.0
0.0
0.0
0.0
0.0
0.0
0.0
3.05037139838376e-7
0.0
0.0
0.0
0.0
0.0
0.0
0.0
0.0
0.0
0.0
0.0
0.0
0.0
3.5960282645706283e-6
0.0
1.1598141472640305e-7
0.0
0.0
0.0
0.0
0.0
0.0
2.1008116503173333e-7
3.0507557178189035e-7
0.0
0.0
0.0
0.0
0.0
0.0
0.0
0.0
0.0
0.0
0.0
0.0
0.0
2.824362809340115e-6
0.0
1.2133111700914946e-7
0.0
0.0
0.0
0.0
0.0
0.0
1.0949593186044127e-7
3.032830348849931e-7
0.0
0.0
0.0
0.0
0.0
0.0
0.0
0.0
0.0
0.0
0.0
0.0
0.0
0.0
0.0
1.1297209785405078e-7
0.0
0.0
0.0
0.0
0.0
0.0
0.0
3.2460708138977067e-7
0.0
0.0
0.0
0.0
0.0
0.0
0.0
0.0
0.0
0.0
0.0
0.0
0.0
0.0
0.0
0.0
0.0
7.584062610062557e-7
0.0
0.0
0.0
0.0
0.0
0.0
0.0
0.0
0.0
0.0
0.0
0.0
0.0
0.0
0.0
0.0
0.0
0.0
0.0
0.0
0.0
0.0
0.0
0.0
0.0
0.0
0.0
0.0
0.0
0.0
0.0
0.0
0.0
0.0
0.0
0.0
0.0
0.0
0.0
0.0
0.0
0.0
0.0
0.0
0.0
0.0
0.0
0.0
0.0
0.0
3.271819486742182e-7
0.0
2.0019368906309737e-7
3.0312391664273055e-7
0.0
0.0
0.0
0.0
0.0
0.0
0.0
0.0
0.0
0.0
0.0
0.0
0.0
0.0007284544671449881
0.0004034006111052844
1.513255856199455e-7
0.0
0.0
0.0
0.0
3.401812270083881e-7
0.0
1.9790692843986358e-7
3.0273907961161286e-7
0.0
0.0
0.0
0.0
0.0
0.0
0.0
0.0
0.0
0.0
0.0
0.0
0.0
0.0009653158925195447
0.0007958168592192281
1.1799180867233156e-6
0.0
0.0
0.0
0.0
2.745307752825323e-7
0.0
2.0198903482862815e-7
3.0561895082574135e-7
0.0
0.0
0.0
0.0
0.0
0.0
0.0
0.0
0.0
0.0
0.0
0.0
0.0
0.00011731384102972893
3.766451836331976e-5
1.4009043065992284e-7
0.0
0.0
0.0
0.0
3.4232581644279143e-7
0.0
2.028396098308909e-7
3.0697023450005046e-7
0.0
0.0
0.0
0.0
0.0
0.0
0.0
0.0
0.0
0.0
0.0
0.0
0.0
0.00015451345079563658
6.253334383858578e-5
1.584855404695371e-7
0.0
0.0
0.0
0.0
4.946420187706629e-7
0.0
2.0314873045088497e-7
3.018791469920119e-7
0.0
0.0
0.0
0.0
0.0
0.0
0.0
0.0
0.0
0.0
0.0
0.0
0.0
0.0
0.0
0.0
0.0
0.0
0.0
0.0
0.0
0.0
0.0
0.0
0.0
0.0
0.0
0.0
0.0
0.0
0.0
0.0
0.0
0.0
0.0
0.0
0.0
0.0
0.0
0.0
0.0
0.0
0.0
0.0
0.0
0.0
0.0
0.0
0.0
0.0
0.0
0.0
0.0
0.0
0.0
0.0
0.0
0.0
0.0
0.0
0.0
0.0
0.0
1.1106074399301115e-7
0.0
0.0
0.0
0.0
4.751945487910122e-7
0.0
2.0532467616981778e-7
3.0452514888740896e-7
0.0
0.0
0.0
0.0
0.0
0.0
0.0
0.0
0.0
0.0
0.0
0.0
0.0
0.0
0.0
0.0
0.0
0.0
0.0
0.0
3.0275372090863985e-7
0.0
2.110488224881092e-7
3.160575299591839e-7
0.0
0.0
0.0
0.0
0.0
0.0
0.0
0.0
0.0
0.0
0.0
0.0
0.0
0.0
0.0
1.155097864348315e-7
0.0
0.0
0.0
0.0
0.0
0.0
0.0
3.018140666798428e-7
0.0
0.0
0.0
0.0
0.0
0.0
0.0
0.0
0.0
0.0
0.0
0.0
0.0
1.6913299845292003e-7
0.0
0.0
0.0
0.0
0.0
0.0
0.0
0.0
0.0
3.0094846998430343e-7
0.0
0.0
0.0
0.0
0.0
0.0
0.0
0.0
0.0
0.0
0.0
0.0
0.0
0.0
0.0
0.0
0.0
0.0
0.0
0.0
4.131247202042029e-7
0.0
1.888817354161867e-7
3.189260357176409e-7
0.0
0.0
0.0
0.0
0.0
0.0
0.0
0.0
0.0
0.0
0.0
0.0
0.0
0.0
0.0
0.0
0.0
0.0
0.0
0.0
0.0
0.0
0.0
0.0
0.0
0.0
0.0
0.0
0.0
0.0
0.0
0.0
0.0
0.0
0.0
0.0
0.0
0.0
0.0
0.0
0.0
0.0
0.0
0.0
0.0
0.0
0.0
0.0
0.0
0.0
0.0
0.0
0.0
0.0
0.0
0.0
0.0
0.0
0.0
0.0
0.0
0.0
0.0
0.0
0.0
0.0
0.0
0.0
0.0
0.0
0.0
2.1005847799077068e-7
3.155278150019653e-7
0.0
0.0
0.0
0.0
0.0
0.0
0.0
0.0
0.0
0.0
0.0
0.0
0.0
4.84260085333186e-7
0.0
1.1378818989903603e-7
0.0
0.0
0.0
0.0
0.0
0.0
1.1245309285823194e-7
3.1282697047392234e-7
0.0
0.0
0.0
0.0
0.0
0.0
0.0
0.0
0.0
0.0
0.0
0.0
0.0
3.511874226859904e-5
0.0
1.1852210232737047e-7
0.0
0.0
0.0
0.0
0.0
0.0
2.0475770263876008e-7
3.058485635067146e-7
0.0
0.0
0.0
0.0
0.0
0.0
0.0
0.0
0.0
0.0
0.0
0.0
0.0
0.0
0.0
1.1585810905857331e-7
0.0
0.0
0.0
0.0
3.398121161580674e-7
0.0
2.1501542231016165e-7
3.063815220312191e-7
0.0
0.0
0.0
0.0
0.0
0.0
0.0
0.0
0.0
0.0
0.0
0.0
0.0
1.9860420566299684e-5
0.0
1.2149848982208388e-7
0.0
0.0
0.0
0.0
3.448797334317387e-7
0.0
2.0858065029735717e-7
3.0833903065272597e-7
0.0
0.0
0.0
0.0
0.0
0.0
0.0
0.0
0.0
0.0
0.0
0.0
0.0
0.0
0.0
0.0
0.0
0.0
0.0
0.0
0.0
0.0
0.0
0.0
0.0
0.0
0.0
0.0
0.0
0.0
0.0
0.0
0.0
0.0
0.0
0.0
0.0
0.0
0.0
0.0
0.0
0.0
0.0
0.0
0.0
0.0
0.0
0.0
0.0
0.0
0.0
0.0
0.0
0.0
0.0
0.0
0.0
0.0
0.0
0.0
0.0
0.00302233576447219
0.0014248341511954937
3.244869157607177e-6
0.0
0.0
0.0
0.0
3.2815758113237696e-7
0.0
1.0827138095964387e-7
3.128572511889878e-7
0.0
0.0
0.0
0.0
0.0
0.0
0.0
0.0
0.0
0.0
0.0
0.0
0.0
0.0002184125342508728
6.880268544379078e-5
1.5008310062872887e-7
0.0
0.0
0.0
0.0
3.100041649378088e-7
0.0
1.0959901267747934e-7
3.185409365819574e-7
0.0
0.0
0.0
0.0
0.0
0.0
0.0
0.0
0.0
0.0
0.0
0.0
0.0
0.0
0.0
1.0844154634117658e-7
0.0
0.0
0.0
0.0
5.733012992541575e-7
0.0
2.117186595334503e-7
3.107195273759732e-7
0.0
0.0
0.0
0.0
0.0
0.0
0.0
0.0
0.0
0.0
0.0
0.0
0.0
0.0
0.0
0.0
0.0
0.0
0.0
0.0
0.0
0.0
2.105020902010214e-7
3.137590899881725e-7
0.0
0.0
0.0
0.0
0.0
0.0
0.0
0.0
0.0
0.0
0.0
0.0
0.0
0.0
0.0
1.1001830756382042e-7
0.0
0.0
0.0
0.0
0.0
0.0
2.1139358700045775e-7
3.131473403070514e-7
0.0
0.0
0.0
0.0
0.0
0.0
0.0
0.0
0.0
0.0
0.0
0.0
0.0
0.0
0.0
0.0
0.0
0.0
0.0
0.0
0.0
0.0
0.0
0.0
0.0
0.0
0.0
0.0
0.0
0.0
0.0
0.0
0.0
0.0
0.0
0.0
0.0
0.0
0.0
0.0
0.0
0.0
0.0
0.0
0.0
0.0
0.0
0.0
0.0
0.0
0.0
0.0
0.0
0.0
0.0
0.0
0.0
0.0
0.0
0.0
0.0
0.00018685697126610194
5.397096507202967e-5
1.5636892804294176e-7
0.0
0.0
0.0
0.0
5.094138227279709e-7
0.0
1.1043204562845462e-7
3.2263108862151445e-7
0.0
0.0
0.0
0.0
0.0
0.0
0.0
0.0
0.0
0.0
0.0
0.0
0.0
0.0002444431304546455
5.937396320722654e-5
1.4068439369608584e-7
0.0
0.0
0.0
0.0
3.340918359286911e-7
0.0
1.9841045250055752e-7
3.158349920057648e-7
0.0
0.0
0.0
0.0
0.0
0.0
0.0
0.0
0.0
0.0
0.0
0.0
0.0
0.006228093849242184
0.003975658971309398
0.0003901122239371664
0.0
0.0
0.0
0.0
3.261041034923233e-7
0.0
1.085815732836652e-7
3.1237980103713733e-7
0.0
0.0
0.0
0.0
0.0
0.0
0.0
0.0
0.0
0.0
0.0
0.0
0.0
0.0
0.0
0.0
0.0
0.0
0.0
0.0
0.0
0.0
0.0
0.0
0.0
0.0
0.0
0.0
0.0
0.0
0.0
0.0
0.0
0.0
0.0
0.0
0.0
3.1599163678754625e-5
4.939001878696607e-7
1.188146818579517e-7
0.0
0.0
0.0
0.0
4.977906178601823e-7
0.0
1.095772139884339e-7
3.09151911404495e-7
0.0
0.0
0.0
0.0
0.0
0.0
0.0
0.0
0.0
0.0
0.0
0.0
0.0
0.0
0.0
0.0
0.0
0.0
0.0
0.0
0.0
0.0
0.0
0.0
0.0
0.0
0.0
0.0
0.0
0.0
0.0
0.0
0.0
0.0
0.0
0.0
0.0
0.0
0.0
0.0
0.0
0.0
0.0
0.0
0.0
0.0
0.0
0.0
0.0
0.0
0.0
0.0
0.0
0.0
0.0
0.0
0.0
0.0
0.0
0.0
0.0
0.001498919676270872
0.00065877138317657
1.68568479427731e-7
0.0
0.0
0.0
0.0
3.213396814964296e-7
0.0
1.0889395041783029e-7
3.153687952119154e-7
0.0
0.0
0.0
0.0
0.0
0.0
0.0
0.0
0.0
0.0
0.0
0.0
0.0
0.0015209782782258073
0.0004504277875973904
1.74347410350543e-7
0.0
0.0
0.0
0.0
2.687459800262068e-7
0.0
1.1076733353320807e-7
3.1758737711915037e-7
0.0
0.0
0.0
0.0
0.0
0.0
0.0
0.0
0.0
0.0
0.0
0.0
0.0
2.3429912723352127e-5
0.0
1.1592764309921152e-7
0.0
0.0
0.0
0.0
6.321557515124731e-7
0.0
2.1277719853453608e-7
3.106567619948001e-7
0.0
0.0
0.0
0.0
0.0
0.0
0.0
0.0
0.0
0.0
0.0
0.0
0.0
2.7719937130869155e-5
0.0
1.1812213881703563e-7
0.0
0.0
0.0
0.0
0.0
0.0
2.184344698136422e-7
3.1792401634339154e-7
0.0
0.0
0.0
0.0
0.0
0.0
0.0
0.0
0.0
0.0
0.0
0.0
0.0
0.009776073485323946
0.007355725239184418
0.0030570302752490797
0.0016570858940215402
0.00026627149334154134
3.734882874532003e-7
0.0
6.74956270714991e-7
0.0
0.0
3.68889452019243e-7
0.0
9.059507028761101e-5
0.0005373829403874157
0.001070271497689444
0.0
0.0
0.0
0.0
0.0
0.0
0.0
0.0
0.0
0.0
0.0
0.0
0.0
0.0
0.0
0.0
0.0
0.0
0.0
0.0
0.0
0.0
0.0
0.0
0.0
0.0
0.0
0.0
0.0
0.0
0.0
0.0
0.0
0.0
0.0
0.0
0.0
0.0
0.0
0.0
0.0
0.0
0.0
0.0
0.0
0.0
0.0
0.0
0.0
0.0
0.0
0.0
0.0
0.0
0.0
0.0
0.0
0.00011864939088551026
2.022738116255126e-5
1.1601464537526351e-7
0.0
0.0
0.0
0.0
3.2998998442245583e-7
0.0
1.093285581626478e-7
3.213594254496119e-7
0.0
0.0
0.0
0.0
0.0
0.0
0.0
0.0
0.0
0.0
0.0
0.0
0.0
0.00017579413520168817
4.515578887826343e-5
1.4382876809591612e-7
0.0
0.0
0.0
0.0
3.0015848565909187e-7
0.0
1.1257583044654991e-7
3.2088294137756073e-7
0.0
0.0
0.0
0.0
0.0
0.0
0.0
0.0
0.0
0.0
0.0
0.0
0.0
0.0034760474197021757
0.0018473744821208208
2.7256419047543736e-6
0.0
0.0
0.0
0.0
3.294148956161696e-7
0.0
1.094029139865494e-7
3.3055651557055883e-7
0.0
0.0
0.0
0.0
0.0
0.0
0.0
0.0
0.0
0.0
0.0
0.0
0.0
0.0037621130449995263
0.0024000963829295683
3.6998049627105235e-5
0.0
0.0
0.0
0.0
3.272440413762252e-7
0.0
1.0990548975776821e-7
3.3097316412290294e-7
0.0
0.0
0.0
0.00010662457774069417
0.0
0.0
0.0
0.0
0.0
0.0
0.0
0.0
0.0
0.007886879685109642
0.004680605198459447
0.0006367829640502446
1.0625452693720198e-5
0.0
0.0
0.0
3.2764344495706585e-7
0.0
0.0
3.166204487400622e-7
0.0
0.0
7.817163447335385e-7
1.228774108580393e-5
0.0
0.0
0.0
0.0
0.0
0.0
0.0
0.0
0.0
0.0
0.0
0.0
0.0
0.0
0.0
0.0
0.0
0.0
0.0
0.0
0.0
0.0
0.0
0.0
0.0
0.0
0.0
0.0
0.0
0.0
0.0
0.0
0.0
0.0
0.0
0.0
0.0
0.0
0.0
0.0
0.0
0.0
0.0
0.0
0.0
0.0
0.0
0.0
0.0
0.0
0.0
0.0
0.0
0.0
0.0
0.0
0.0
0.00045295402926889524
0.0001197283435383666
1.8674823685171954e-7
0.0
0.0
0.0
0.0
3.306149288889108e-7
0.0
1.0720846819340446e-7
3.2242063947275655e-7
0.0
0.0
0.0
0.0
0.0
0.0
0.0
0.0
0.0
0.0
0.0
0.0
0.0
0.002736719947494177
0.0007977430031733303
1.610194984845523e-6
0.0
0.0
0.0
0.0
3.3325010849238006e-7
0.0
1.0919198533732807e-7
3.2065410415911817e-7
0.0
0.0
0.0
0.0
0.0
0.0
0.0
0.0
0.0
0.0
0.0
0.0
0.0
7.716755929209635e-6
0.0
1.0931590756563131e-7
0.0
0.0
0.0
0.0
3.600155668198295e-7
0.0
2.0228908149846766e-7
3.2419671682698845e-7
0.0
0.0
0.0
0.0
0.0
0.0
0.0
0.0
0.0
0.0
0.0
0.0
0.0
0.00039120718252599494
9.126313794084772e-5
1.5927061592272588e-7
0.0
0.0
0.0
0.0
4.9438483867848e-7
0.0
2.0935009513452663e-7
3.2175569308997045e-7
0.0
0.0
0.0
0.0
0.0
0.0
0.0
0.0
0.0
0.0
0.0
0.0
0.0
0.00013947464881581387
3.296585551551729e-5
1.2207594595233632e-7
0.0
0.0
0.0
0.0
4.381421736102914e-7
0.0
2.0880361689512994e-7
3.1905978952173384e-7
0.0
0.0
0.0
0.0
0.0
0.0
0.0
0.0
0.0
0.0
0.0
0.0
0.0
0.0
0.0
0.0
0.0
0.0
0.0
0.0
0.0
0.0
0.0
0.0
0.0
0.0
0.0
0.0
0.0
0.0
0.0
0.0
0.0
0.0
0.0
0.0
0.0
0.0
0.0
0.0
0.0
0.0
0.0
0.0
0.0
0.0
0.0
0.0
0.0
0.0
0.0
0.0
0.0
0.0
0.0
0.0
0.0
0.0
0.0
0.0
0.0
0.00019353964599649575
4.9399407560657267e-5
1.3672825183688924e-7
0.0
0.0
0.0
0.0
3.3332584641955024e-7
0.0
1.1036394757434411e-7
3.201068595852104e-7
0.0
0.0
0.0
0.0
0.0
0.0
0.0
0.0
0.0
0.0
0.0
0.0
0.0
0.00012072941834886305
2.138963280729584e-5
1.1982263728586918e-7
0.0
0.0
0.0
0.0
3.988266171577966e-7
0.0
1.0934101390438665e-7
3.276372911814992e-7
0.0
0.0
0.0
0.0
0.0
0.0
0.0
0.0
0.0
0.0
0.0
0.0
0.0
0.00015557416184626717
3.541941198632603e-5
1.3795964102158771e-7
0.0
0.0
0.0
0.0
3.449226730335529e-7
0.0
5.623194760877267e-7
4.879460998425429e-7
0.0
5.8029924758839596e-5
0.0004223792069870219
0.000875808184631797
0.0
0.0
0.0
0.0
0.0
0.0
0.0
0.0
0.0
0.015696331017629492
0.008629544253739685
0.002695575936132411
0.0005322623262505107
1.7062673153437445e-5
2.056900434143449e-8
0.0
3.271259189332961e-7
0.0
0.0
3.6116647513969317e-7
0.0
1.7227033626727838e-6
2.570797975542363e-5
0.0003186974504977421
0.0
0.0
0.0
0.0
0.0
0.0
0.0
0.0
0.0
0.01066233631086442
0.0065895494578987355
0.0019707186115135496
0.0003173948846014317
1.3621695997114527e-5
0.0
0.0
3.21733211429451e-7
0.0
0.0
5.469771643791621e-7
0.0
1.79979923971932e-5
0.0003550830750214971
0.0008896743749346305
0.0
0.0
0.0
0.0
0.0
0.0
0.0
0.0
0.0
0.0
0.0
0.0
0.0
0.0
0.0
0.0
0.0
0.0
0.0
0.0
0.0
0.0
0.0
0.0
0.0
0.0
0.0
0.0
0.0
0.0
0.0
0.0
0.0
0.0
0.0
0.0
0.0
0.0
0.0
0.0
0.0
0.0
0.0
0.0
0.0
0.0
0.0
0.0
0.0
0.0
0.0
0.0
0.0
0.0
0.0
0.0
0.0
0.0
0.0
0.0
0.0
0.0
0.0
0.0
0.0
0.0
0.0
0.0
0.0
0.0
0.0
0.0
0.0
0.0
0.0
0.0
0.0
0.0
0.0
0.0
0.0
0.0013020266850924072
0.000967930675702709
2.115755278999755e-6
0.0
0.0
0.0
0.0
3.24630636756893e-7
0.0
0.0
3.5120618020761534e-7
0.0
0.0
4.252877851245335e-5
0.0006662801620389855
0.0
0.0
0.0
0.0
0.0
0.0
0.0
0.0
0.0
0.012613852699467605
0.00674124998260958
0.0012318704823572012
3.00881638768927e-5
8.04256278810131e-7
0.0
0.0
3.2325189688418565e-7
0.0
0.0
3.2803767812017646e-7
0.0
0.0
0.0
3.7149632060389785e-6
0.0
0.0
0.0
0.0
0.0
0.0
0.0
0.0
0.0
0.002604915352836554
0.0011266703328823892
2.6771267632044047e-6
0.0
0.0
0.0
0.0
3.344743280367481e-7
0.0
1.096320677982467e-7
3.1738934417290305e-7
0.0
0.0
0.0
0.0
0.0
0.0
0.0
0.0
0.0
0.0
0.0
0.0
0.0
8.851306004140757e-5
1.830406968884784e-5
1.0873508468639852e-7
0.0
0.0
0.0
0.0
3.43018947356119e-7
0.0
1.0775572794963064e-7
3.1884571911058916e-7
0.0
0.0
0.0
0.0
0.0
0.0
0.0
0.0
0.0
0.0
0.0
0.0
0.0
0.0
0.0
0.0
0.0
0.0
0.0
0.0
0.0
0.0
0.0
0.0
0.0
0.0
0.0
0.0
0.0
0.0
0.0
0.0
0.0
0.0
0.0
0.0
0.0
0.0
0.0
0.0
0.0
0.0
0.0
0.0
0.0
0.0
0.0
0.0
0.0
0.0
0.0
0.0
0.0
0.0
0.0
