0.0012141219513529507
0.000971482684051841
0.0013702959660019949
0.0010826883018564964
0.001400894884532979
0.0011478548863770705
0.0015977062101204679
0.0012477865844418778
0.0015264824917265495
0.0010733732120321734
0.0011430093418932682
0.0006964326404900442
0.0006799682482726836
0.00036751520221100056
0.00040469432537106455
0.0003356398471944664
0.0006326177299611374
0.0006306057682849968
0.0009340439141293258
0.0007827768428529159
0.0011515395268134998
0.0009869359407816767
0.0013282675695323659
0.0010539049770763266
0.0013667380660670751
0.0010698643735801202
0.001499784741942273
0.0011762075250769121
0.001510672940314946
0.0012980570176402677
0.0005310644731426643
0.006364460978083351
0.00543960939034212
0.0038569392313563327
0.002836674966433274
0.002059518596617736
0.0010950135107254532
0.0003185679499807332
0.00016960423135191436
0.0002590616831970263
0.0010150955017927648
0.001872835439145208
0.002459376640207781
0.003107972979888168
0.003792030762297252
0.00381466245832923
0.00017798213149897269
0.0004261352556787472
0.00083355997340412
0.0007492186744279126
0.0010756405114382746
0.0008402030035633772
0.001079158233202014
0.0008571637812787951
0.00020731734106907836
0.0034485220445124153
0.0020263525694459612
0.0008824324318523221
0.0006892586655745047
0.0003756652042199346
0.00012107466696867437
0.0
1.2350677007293056e-5
6.221295684282849e-5
3.0525053998725294e-5
8.295236750338249e-5
0.00017116706988141607
0.00020210218517792316
0.00026785847572513533
0.00030042704460193686
0.0
0.0
0.0
0.0001877071224297287
0.0001536781312900005
0.0002705206347870799
0.0002474815970994967
0.0004048897428562836
1.8316839257178943e-5
0.0011260684877704276
0.0006080315464063757
0.0003040145146713455
0.0001896822991301563
6.366256812753417e-5
0.0
0.0
0.0
0.0
0.0
4.393050744902085e-5
0.00013010256816664464
0.00016624841967698243
0.00024053953879332203
0.000275154523846758
0.0
0.0
0.0
0.0001435501305977139
0.0002683186729708026
0.00021271655361179164
0.00032235508900506425
0.00028046692055393575
4.981148271035871e-5
0.0009441426064996856
0.0004965686370076151
0.00029694035258180976
5.749428986651034e-5
0.0
0.0
0.0
0.0
0.0
0.0
0.0
0.0
0.0
0.00014656400914645867
0.00024590744444068615
0.0
0.0
0.0
0.0
7.802570671760762e-5
0.00021334820786530928
0.0002530549322649827
0.0003187486696586597
1.340772943383302e-5
0.001418922070112677
0.0006557584756313669
0.0002198807058302089
0.0
0.0
0.0
0.0
0.0
0.0
0.0
0.0
0.0
0.0
2.290197533782263e-5
0.00010187147430537296
0.0
0.0
0.0
6.932081785586704e-5
0.00020011712955853752
0.0002625222884489288
0.00032277434733499194
0.00031902556664741336
1.9459715558716143e-5
0.0011512377934772438
0.0007136691491880124
0.0003895178671518281
5.77873512380852e-5
0.0
0.0
0.0
0.0
0.0
0.0
0.0
0.0
0.0
0.0
5.9958536063714744e-5
0.00015077456992552152
0.000408767601617821
0.000348897205595391
0.00043209308327861305
0.0003363460379309328
0.000447255693068726
0.0003494485357547917
0.0004760011304149883
0.0003369920062180259
0.0004470915678265103
0.00029660884116549676
0.000444228831756679
0.0004581209225811542
0.0007087254431452452
0.0005411221886581748
0.0007257354507800936
0.0005804926760964928
0.000782150903799197
0.0006018917369990668
0.0008040519128582415
0.0006137410945859712
0.0007947925905814663
0.0005617622266518085
0.0007087995980784935
0.0005291265754767336
0.0007303973147001147
0.0005389854089467845
0.0006734165104041263
0.0005830589572722207
0.0008576050088715482
0.0006211234261854682
0.000805257797971832
6.639365898663857e-5
0.0019112061594193657
0.0008664719946395048
0.00034795038016923683
0.00015049766754025653
9.721770479250147e-5
8.913789811660729e-6
0.0
0.0
0.0
0.0
0.0
0.0
0.0
0.0
0.0
0.0
0.0
0.0
0.0
2.1887837529048554e-5
3.6855855127318136e-5
2.4685036086301328e-5
6.454666159574604e-5
4.389211810685805e-6
0.00033244542191780506
3.0219052332756645e-5
0.0
0.0
0.0
0.0
0.0
0.0
0.0
0.0
0.0
0.0
0.0
7.593082381906188e-5
0.00018614826305870055
0.0
0.0
0.0
6.733687169378796e-5
0.00020225766226551967
0.00019988336835620557
0.0003420386338697667
0.00025038276473510337
4.415925725474319e-5
0.0009309501645317624
0.00040680544875959355
0.00022347145671682562
2.4691036519521268e-5
0.0
0.0
0.0
0.0
0.0
0.0
0.0
0.0
0.0
0.0
2.4244372059397516e-5
0.0
0.0
0.0
0.0
0.00017183395681235402
0.00014960901382377788
0.00021789768544781615
0.00030076787804995004
1.3705359482044098e-5
0.0008006553535657183
0.000470955916322141
0.0002797754993493027
9.216139926637741e-5
0.0
0.0
0.0
0.0
0.0
0.0
0.0
0.0
0.0
0.00031500317914224217
0.0006278132614317551
0.0
0.0
4.499187402328963e-5
6.46498585576193e-5
0.00013763439830418922
0.00018579221537361857
0.00023724405331160451
0.00023469537637331892
7.477737582061372e-6
0.0008915008831228648
0.00039399209633707717
0.00014147374288426951
0.0
0.0
0.0
0.0
0.0
0.0
0.0
0.0
0.0
0.0
0.0
0.0
0.0
0.0
0.0
0.0
0.0
0.0
0.0
0.0
0.0
0.0
0.0
0.0
0.0
0.0
0.0
0.0
0.0
0.0
0.0
0.0
0.0
0.0
0.0
0.0
2.3933788912343163e-5
1.8738864293402973e-5
6.686837664155494e-5
7.543238738506983e-5
0.0001387880868235097
0.0001553264571647855
0.00019174469751647363
0.00024660829344864044
0.0003020482690335526
0.00036574813716021233
0.0003371412105971495
0.0003605269948373309
0.0002876203406486089
0.00022848007075441308
0.00014488166150597196
5.638700078010193e-5
5.991691964051375e-5
3.3508601697856814e-5
5.1318178127833595e-5
2.086790739942371e-5
4.316243089487448e-5
8.03053013714744e-5
0.00023872919839905977
0.0003674500627221996
0.00038807814499039266
0.0005174826480293677
0.0005034837203452213
0.0005669576279429547
0.0005356606657722278
0.0006548127036696265
0.0005868856983165641
0.0006566491750507996
0.0006062607319249637
0.0007849983127958145
0.0006936473881832666
0.0007272436389707063
0.0005581411355321901
0.0005600679716582459
0.0004106175188156701
0.0003856288987724062
0.00035330959501318965
0.0004034116338383511
0.00039430244250533285
0.000529727084861065
0.0005628574787053397
0.0006995534975814108
0.0006391527994781325
0.0007839928779865672
0.0006847846375319488
0.0007949862340862507
0.000724319202461534
0.0008131855114670562
0.0007095924662708637
0.0008183122887584221
0.0007133488005043372
0.0008351399849080477
7.692763876449157e-5
0.0031839823647120532
0.002011448229163209
0.0006885061541287786
3.397871508205682e-5
0.0
0.0
0.0
0.0
0.0
7.701584474133227e-5
0.00045811003209433377
0.00046382176994926293
0.0003660696269607267
0.0006478298718753126
0.0008167223460384363
0.0
3.611806716319581e-5
0.00010688749726235333
0.00022794344850849877
0.00029491343514513764
0.00032346929887189083
0.0004138455045053781
0.00041157330245054593
2.8382100024310263e-5
0.0014260539476613893
0.0006713999070741641
0.00023529895486808558
0.00012111829269290792
1.3730551796512639e-5
0.0
0.0
0.0
0.0
0.0
0.0
0.00011346452789244248
0.0005149098586610382
0.0010145073867230635
0.0013267141065744974
0.0
0.0
0.0004762654947094803
0.0004055537894561583
0.0006173761737898838
0.0005160593590624273
0.0006835593151659184
0.0004969404481310834
9.714535288273037e-5
0.0018009245600759576
0.001082778784997566
0.0005291997989394293
0.00020412383499817134
7.368747409730661e-6
0.0
0.0
0.0
0.0
0.0
0.0
0.0
5.929695616008609e-5
0.0002652522081015552
0.0003574583887305268
0.0
0.0
0.0
8.42188910883067e-5
0.00018223984911948203
0.00012100894014320957
0.0001877625803156477
0.00014756217485501435
2.853458572758696e-5
0.0005032065434247098
8.840463154587052e-5
0.0
0.0
0.0
0.0
0.0
0.0
0.0
0.0
0.0
0.0
2.4035720984302625e-5
0.00016668037514758812
0.0002800592939625353
0.0
0.0
0.0
0.00019900221222543543
0.0004002207228352463
0.0003468372303407559
0.0005444900551908243
0.00046327026154145944
7.864753529774527e-5
0.0020357322061240286
0.0013571597229754609
0.0007035438814525677
0.0001795371282761708
0.0
0.0
0.0
0.0
0.0
0.0
5.5329218045326e-5
0.0
0.0
0.0
0.00018055303045304833
0.00031717421064153913
0.00037386413231743946
0.000421565049049825
0.00045788457174023744
0.0005960765467146911
0.000509498559960842
0.0006471182941123454
0.0005267981486426706
0.0005480908171618662
0.0004927520381338618
0.0005313437478342872
0.0004979881019739578
0.0005138837843220505
0.0004052081988362759
0.00041115570340065865
0.0002929812588931701
0.00020996687471488572
0.0001659282504845431
0.0001539995686952963
0.00015466622766451536
0.0001161133551512766
0.00013048901054043302
0.00014401540422706905
0.00018373008154717838
0.00018936675121562034
0.00024313957959512815
0.0003317368184502054
0.0003406315596203799
0.0004493651422305137
0.00047476019316180937
0.0005626464924486139
0.0005010761515473664
4.777395553627704e-5
0.0014739146364502263
0.0006664339566119084
0.0002889888103167982
0.00011831978570407188
1.0178708271352812e-5
0.0
0.0
0.0
0.0
0.0
0.00015333599577828732
0.0004959074499045953
0.0003309969116195185
0.0010293535761626506
0.0010256684310706514
0.0
0.0
0.0003872799721909666
0.00037565993166488524
0.0007054856803055605
0.0007064816525775777
0.0010596288776864929
0.000814698369765823
0.0001805122393363055
0.0036300200007542355
0.0027066180807811947
0.0020948368322901757
0.0012397116093115898
0.0007412975518717961
0.0003332222905989502
3.904213994750801e-5
0.0
0.0
0.0
1.4995813166884397e-5
0.00018037768226621126
0.0002081707501049874
0.0002416090544920943
0.0002803637288250431
0.0
0.0
0.0
0.00012793873561339265
0.00023492937234024453
0.00037650688336622346
0.00027343030967930213
0.0003967720224507539
2.158173793765919e-5
0.001531267819975143
0.0006871956856078021
0.00031432528911728167
3.166685611324544e-5
0.0
0.0
0.0
0.0
0.0
0.0
0.0
0.0
9.057973728035799e-6
0.00031045929470026074
0.000332906336310762
0.0
0.0
0.0
0.00023677154426887055
0.00042358364974308274
0.0003422418105570198
0.0005365625614807868
0.0004896693520385411
0.00010044374731296967
0.0024019215090624107
0.0014549960924225968
0.0007280726870099915
0.0003484106649692114
5.6039170248271654e-5
0.0
0.0
0.0
0.0
0.0
0.0
3.666635349399892e-5
0.00015167671573784868
0.0002287557361611748
0.00015736880957219077
0.0
0.0
0.0
0.0
0.0
0.00026682352356909093
0.00022636524110735058
0.0002986094329810846
9.030347747240863e-6
0.0007720451377472662
0.0002064789876128065
0.0
0.0
0.0
0.0
0.0
0.0
0.0
0.0
0.0
0.0
0.0
0.0
0.0
0.0
0.0
0.0
0.0
0.0
0.0
0.0
0.0
0.0
0.0
0.0
0.0
0.0
0.0
0.0
0.0
0.0
0.0
0.0
0.0
0.0
0.0
0.0
0.0
0.0
0.0
0.0
0.0
0.0
0.0
0.0
0.0
0.0
0.0
0.0
0.0
5.272066462309914e-6
4.789286010717442e-6
1.0243486184086315e-5
1.1605354496265873e-5
2.133189829113051e-5
8.288645539769715e-6
6.723848613054577e-5
0.00020468795345023153
0.00025333982469213993
0.00031902223170156193
0.0003830071964070359
0.0005259505771601886
0.0005089775526347823
0.000656024657078384
0.0006474640790066339
0.0007473067415036392
0.0006427853743737506
0.0007503806325938218
0.0006618680979357699
0.0007522328209052658
5.6686884453940715e-5
0.0022429509346166237
0.0015387712852644626
0.0010775732470958718
0.0009841104121853322
0.0008136345947449238
0.00046520459914525304
0.0005613442475567029
0.000590886818628674
0.000583840621653055
0.00078904807333585
0.0012074703129405517
0.0017558606812857493
0.0017694451209269953
0.0017740211937272074
0.0018271364975995465
0.0
0.00020136756077953653
0.0003642844230908182
0.0005131458745275978
0.0005770657223442058
0.0007713742261309231
0.000750741819131298
0.0009401645842370296
8.811419451408327e-5
0.0039373959324731315
0.0032439318853640267
0.002770212755433045
0.002281843859915284
0.0018343701141036093
0.0013794314308225278
0.0011221547824374295
0.0010238325346632253
0.0009476224172811043
0.001113775433605095
0.0013758461591282833
0.0019375924085090342
0.0020334280675154527
0.0022448435800825283
0.002425337889559171
0.0
0.0002586668297880537
0.0005440996385317756
0.00047132288922795254
0.0007042423970417516
0.0005782259497017706
0.0008451798857221759
0.0006773134479589301
0.00014814104841550502
0.00328580755173383
0.0016504318116356148
0.00046891723504688675
3.0846332151337985e-5
0.0
0.0
0.0
0.0
0.0
0.0
0.0
0.0
0.0
0.00010515769139344176
0.0002144197207638464
0.0
0.0
0.0
0.0
0.0002177809097842649
0.0004914257666654954
0.000446562269823821
0.0005781880563807596
3.096861211902714e-5
0.002558434764109339
0.0014440683477611553
0.0007335636768098848
0.00017667239795012628
0.0
0.0
0.0
0.0
0.0
0.0
0.0
0.0
0.0
0.0
0.0
0.0
0.0
0.0
0.0
0.0
0.0
0.0
0.0
9.485063229834298e-6
4.122574106628623e-6
0.0
0.0
0.0
0.0
0.0
0.0
0.0
0.0
0.0
0.0
0.0
0.0
0.0
0.0
0.0
0.0
0.0
0.0
0.0
0.0
0.0
0.0
0.0
0.0
0.0
0.0
0.0
0.0
0.0
0.0
0.0
0.0
0.0
0.0
0.0
0.0
0.0
0.0
0.0
0.0
0.0
0.0
0.0
0.0
1.0703840906493923e-5
1.0298100516797855e-5
6.307465786361234e-5
3.44540256990912e-5
4.993837215557995e-5
2.3841975436395906e-5
3.132133690719557e-5
0.0
0.0
0.0
0.0
0.0
0.0
0.0
0.0
0.0
0.0
0.0
0.0
0.0
1.830215912427849e-6
2.30263566612149e-6
1.1598317596007412e-5
1.0869151402469992e-5
2.7965178907064074e-5
1.6927405836851672e-5
1.3602487949424607e-5
0.0
0.0
0.0
0.0
0.0
0.0
0.0
0.0
0.0
0.0
0.0
0.0
0.0
0.0
0.0
0.0
0.0
0.0
0.0
1.3881827052497818e-5
4.667647478900031e-6
1.3691460165454554e-5
2.34933252301029e-5
0.0
0.0003006108714275267
2.9126187578072885e-5
0.0
0.0
0.0
0.0
0.0
0.0
0.0
0.0
0.0
0.0
0.0
0.0
0.0
0.0
0.0
0.0
0.0
2.8643138838104564e-5
1.9497952526294747e-5
5.2279133452057014e-5
6.593332280533547e-5
2.5886389579299673e-5
0.0006365564054424112
0.0004536793962542505
0.00035231991867099705
6.156370358484903e-5
0.0
0.0
0.0
0.0
0.0
0.0
0.0
0.0
0.0
8.044603126552367e-5
0.00019486668038550504
0.0
0.0
0.0
0.0
0.0
5.645574438619572e-5
9.194402789021351e-5
7.228179764245925e-5
2.24739514742496e-5
0.0006211120575350423
0.0001738357715428097
0.0
0.0
0.0
0.0
0.0
0.0
0.0
0.0
0.0
0.0
0.00010974349613126831
0.00029147569782236594
0.00023905569279330897
0.0
0.0
0.0
0.0
0.0
0.00017682466728600687
0.0002844716815160847
0.0001953624336413835
3.436152687929408e-5
0.0015679061819613791
0.0006515686838001967
0.0002501810989728897
3.4318294413555126e-5
0.0
0.0
0.0
0.0
0.0
0.0
0.0
0.0
0.0
0.0
0.0
0.0
0.0
0.0
0.0
2.036247065024906e-5
1.4907363398558429e-5
2.824765571513686e-5
5.9063764207928635e-5
2.9935965195611362e-6
0.000456944068408811
0.00023672413974390948
9.326856541044705e-5
7.922442686682106e-6
0.0
0.0
4.980121403246195e-5
0.00020060494258395816
0.00023503959134071122
0.0004432892265355537
0.0008398590240474072
0.0
0.0
9.93736675642974e-5
0.00024963928191439457
0.0002434885941869451
0.000446647665526531
0.00042278161696631707
0.0005964638876893726
0.00038727273824936363
0.0005143561530554912
0.0004091075409456807
0.0006176371497294157
0.0004827840329135935
0.0007235442467618717
0.0005535838282005291
0.0005820345568329132
0.0003158423715434279
0.00026509587918282997
5.0305816651064874e-5
3.47782890120474e-5
0.0
0.0
0.0
2.829766502162046e-6
5.961120596836365e-5
0.0002765443254007316
0.0002699241755662281
0.0005379746054264688
0.0005639079348093431
0.0008247802973015399
0.0006580584324342943
0.0009637807249388122
0.0007740666793756398
0.0010402040159635639
0.0008182989691874038
0.0010216814649899706
0.00010016488533998817
0.002531197942422795
0.0014769032593916016
0.00043815018411876716
1.1675274950644903e-5
0.0
0.0
0.0
0.0
0.0
0.0
0.0
0.0
0.0
7.407986947715733e-6
6.865064045941298e-5
0.0
0.0
0.0
0.0
0.00013488599367077365
0.0001565386587476494
0.00023147282775048893
0.0002928039885344281
1.381003893751892e-5
0.0014227231594130172
0.0004940502840473851
9.39535204171483e-5
7.698245783429977e-6
0.0
0.0
0.0
0.0
0.0
0.0
0.0
0.0
0.000174183322829711
0.0007525179954554914
0.0010627611318826174
0.0
0.0
0.00043693073381113
0.0006259108051083473
0.000694335592838235
0.0008864850852494639
0.0008462159799108312
0.001029683648378465
0.0001038824658850224
0.003963371516212252
0.002582666689592983
0.0011641423073659443
0.0004987316921688879
9.410586971951417e-5
0.0
0.0
0.0
0.0
0.0
0.0
0.0
0.0
1.7499276217102826e-5
0.00014162758263763819
0.0
0.0
0.0
0.0
5.6982791782033016e-5
0.00013268039558707878
0.00018159422545686987
0.00016564881396299418
3.381075426127369e-5
0.0008613229601732603
0.00039122843988725057
0.00014239842348109797
0.0
0.0
0.0
0.0
0.0
0.0
0.0
0.0
0.0
0.0
0.0
0.0
0.0
0.0
0.0
0.0
0.0
0.0
0.0
0.0
2.4220172127376278e-5
0.0003227376189735883
3.191542054126481e-5
0.0
0.0
0.0
0.0
0.0
0.0
0.0
0.0
0.0
0.0
0.0
0.0
0.0
0.0
0.0
0.0
0.0
0.0
0.0
0.0
0.0
1.8500607545339144e-5
0.0005943480971362412
0.00021343459655880054
0.0
0.0
0.0
0.0
0.0
0.0
0.0
0.0
0.0
0.0
0.0
0.0
0.0
0.0
0.0
0.0
0.0
6.217972198658952e-5
0.00015885355204719854
0.00022124315119297468
0.0002526316275654864
0.0003042490484905619
0.0002918166685380024
0.00027210825023704746
0.0001560145376018761
1.0490967152901075e-5
0.0
0.0
0.0
0.0
0.0
0.0
0.0
0.0
0.0
2.4899743963629415e-6
3.4527540933163224e-6
7.188848642558544e-6
6.193180001160249e-6
1.9565806051442e-5
1.5408428165756426e-5
3.086666471770504e-5
1.2573406425786182e-5
2.647554504404565e-5
1.4071114349471528e-5
2.9320620265395947e-5
1.5212699324730905e-5
2.4849050464551678e-5
5.2252861109256795e-6
0.0
0.0
0.0
0.0
0.0
0.0
0.0
0.0
0.0
0.0
0.0
0.0
0.0
1.2864441332152024e-5
4.108601973113564e-5
0.0001917524369967119
0.0003102825792991148
0.0003587948190496089
0.00046493349379052133
0.0004405191233806482
3.6512429031756274e-5
0.0005544820320412513
4.6103375037691416e-5
0.0
0.0
0.0
0.0
0.0
0.0
0.0
0.0
0.0
0.0
0.0
0.0
0.0
0.0
0.0
0.0
0.0
0.0
0.0
0.0
0.0
0.0
0.0
0.0
0.0
0.0
0.0
0.0
0.0
0.0
0.0
0.0
0.0
0.0
0.0
0.0
0.0
0.0
0.0
0.0
0.0
0.0
0.0
0.0
0.0
7.369670258947798e-6
6.943493516525651e-6
0.0
0.0
0.0
0.0
0.0
0.0
0.0
0.0
0.0
0.0
0.0
0.0
0.0
0.0
0.0
0.0
0.0
0.0
0.0
0.0
0.00029727527083204576
0.00045866497464567787
3.180216051184512e-5
0.0021879226878547494
0.0008556124648241702
0.00015403384458762
0.0
0.0
0.0
0.0
0.0
0.0
0.0
0.0
0.0
0.0
0.0
0.0
0.0
0.0
0.0
0.0
0.0
0.0
0.0
0.0
4.245746209209208e-6
3.816346006317356e-5
0.0
0.0
0.0
0.0
0.0
0.0
0.0
0.0
0.0
0.0
0.0
0.0
0.0
0.0
0.0
0.0
0.0
3.5797274853587565e-5
5.729696077346592e-5
2.73509604576953e-5
5.168743872924731e-5
2.8472733672443932e-5
7.739904021416835e-5
6.463097920632717e-5
0.00010396670048744825
4.020255899569458e-5
1.7272342402837827e-5
0.0
0.0
0.0
0.0
1.3948533576973122e-5
0.0
0.0
4.517327771719719e-6
9.378719218820436e-6
2.1951031444709257e-5
2.3241295182164403e-5
0.00011914764618381455
0.00014387234323638443
0.0002470568380565641
0.00018548080766253515
0.0003198129318046436
0.00027418237275670635
0.0004868556578278988
0.0004175294211551737
8.267787994244303e-5
0.0007675785601608868
0.0003038161187043745
0.00015433513773208625
8.431998501338179e-5
1.6342829979130207e-5
0.0
0.0
0.00048364909138204554
0.0012140777251441895
0.0009722011814505117
0.0009349679319364508
0.001144961748325066
0.0012151760172324072
0.0013842903547295646
0.0012268421073339392
0.0
7.660402875646131e-5
0.00022163809611369615
0.00026793629956651794
0.00028632284422873676
0.00033356788776005844
0.0003678795488146567
0.0004208285838850884
2.074930384265482e-5
0.0013587755035373236
0.0006299865758515594
0.0003606179283417961
0.00022356982412816625
0.00011629147145404417
0.000132482276379371
8.482157559374444e-5
0.00016649583993995123
0.00046868366782460574
0.0004939611811049578
0.0004306581836358925
0.0007861403679740076
0.0009746800100350797
0.0011747431281035451
0.0012504185408327988
0.0
0.0
0.00026670199537794087
0.0003365076585377929
0.0003749595871489701
0.000472176060980896
0.0004735663442307369
0.0005824642260796924
3.5819731666677397e-5
0.002749112213508373
0.0013222528326139902
0.0004198014740700579
0.00022891234687590715
3.671756756344883e-5
0.0
0.0
0.0
3.584902850875303e-5
0.00022187868740235068
0.00034871298897815625
0.0007676490503723854
0.0009675835957419968
0.0012367827414490051
0.0015738737193568102
0.0
0.0
0.000278851876272448
0.0004695298100492521
0.0006642293512573458
0.0007004102186034688
0.0009212528957410911
0.0008681907419447993
0.00011003149073475722
0.0038751821475438235
0.0025929488064381336
0.001131256075894427
0.00028663656557138264
0.0
0.0
0.0
0.0
0.0
0.0
0.0
0.0
2.8305538789953646e-5
0.00026957386260650375
0.0005954487257503119
0.0
0.0
0.0
0.00012686627825996962
0.0004911487241671739
0.000510323186131492
0.0006379954345609743
0.0005981022044093941
5.162730694126339e-5
0.002829254078559532
0.0019194170324402103
0.0015333997748783893
0.0010758636074663084
0.000621165913736414
0.0003605100932910692
9.184476979286294e-5
0.0
0.0
0.0
0.0
0.0002592335284593335
0.0006387699117699699
0.0011814481206782366
0.001795338715306737
0.0
0.0
0.0003878671302793346
0.0005386913520660564
0.0005571114998228202
0.0006812889224141401
0.000599325763260951
0.0006679942280046421
4.0299816949728686e-5
0.0015147089191463608
0.0007604623230101037
0.00038663183287103334
0.00017577472368704417
0.0
0.0
0.0
0.0
0.0
0.0
0.0
0.0
0.0
6.777214127644101e-5
0.0001363881955277787
0.00027018554453531174
0.00023863137969844467
0.00035451735811270485
0.0003073235126902422
0.0004948275710399198
0.0003960024135490536
0.000565449306638397
0.00044333677307052677
0.0005871795785841958
0.0004194704301551522
0.00048607146231974437
0.00022567505177906473
0.00012140866712516434
5.055116965774062e-6
0.0
0.0
0.0
0.0
0.0
0.0
0.0
0.0
0.0
1.8834502188586478e-5
1.5653958789606697e-5
6.994637336481172e-5
4.355263306712953e-5
6.965186667669207e-5
3.312944942209483e-5
5.275199565557146e-5
2.403028179806745e-5
4.125067795242883e-5
0.0
0.00013028292169945746
0.0
0.0
0.0
0.0
0.0
0.0
0.0
0.0
3.303727210354536e-5
0.00012947384124249324
0.0001667013263994436
0.00019404256119256
0.00037906275254579765
0.0006623108620624616
0.0
0.0
0.00016081755064310758
0.0002578570183818134
0.00023627698334762945
0.0003763437922918054
0.00030761630436707763
0.00043331564001437866
2.0011072913263103e-5
0.0008929499975033532
0.0003088816029439417
1.431919815111402e-5
0.0
0.0
0.0
0.0
0.0
0.0
0.0
0.0
0.0
0.0
0.0
0.0
0.0
0.0
0.0
0.0
1.9206327526138398e-5
4.3165463701506653e-5
2.9041073887230463e-5
6.904571159308604e-5
4.6838274527328665e-6
0.0003798538837156589
1.4591638334545619e-5
0.0
0.0
0.0
0.0
0.0
0.0
0.0
0.0
0.0
0.0
0.0
0.0
0.0
0.0
0.0
0.0
0.0
0.0
0.0
0.0
0.0
0.0
0.0
0.0
0.0
0.0
0.0
0.0
0.0
0.0
0.0
0.0
0.0
0.0
0.0
0.0
0.0
0.0
0.0
0.0
0.0
0.0
0.00016464373584678928
0.00015162509356132163
0.0001830521417107835
9.556325122821934e-6
0.0007332989056511484
0.00018949252361571316
0.0
0.0
0.0
0.0
0.0
0.0
0.0
0.0
0.0
0.0
0.0
0.0
0.00015271594614991595
0.0
0.0
0.0
0.0
0.0003420137193219102
0.0003268124533730344
0.0005857285934131309
0.000540381735308073
9.862886449528095e-5
0.0023139220488588392
0.0009585677159760803
0.00024456342489332213
0.0
0.0
0.0
0.0
0.0
0.0
0.0
0.0
0.0
0.0
0.0
0.0
0.0
0.0
0.0
7.879056309170902e-6
0.0
0.0
4.310203693456084e-5
2.2714876761163714e-5
1.963446305824753e-5
3.168044347877698e-5
6.11347958348703e-6
0.0
0.0
0.0
0.0
0.0
0.0
0.0
0.0
0.0
0.0
0.0
0.0
0.0
0.0
0.0
0.0
0.0
0.0
0.0
0.0
0.0
0.0
0.0
0.0
0.0
0.0
0.0
0.0
0.0
0.0
0.0
0.0
0.0
0.0
0.0
0.0
0.0
0.0
0.0
0.0
0.0
0.0
0.0
0.0
2.879238961414275e-6
0.0
0.0
0.0
0.0
0.0
0.0
0.0
0.0
0.0
0.0
0.0
0.0
0.0
0.0
0.0
0.0
0.0
0.0
0.0
0.0
0.0
0.0
0.0
7.460593487147265e-6
5.710168955005557e-6
0.0
0.0
0.0
0.0
0.0
0.0
0.0
0.0
0.0
0.0
9.116988048982216e-6
0.00014623706867331662
0.0002896290805421042
0.0003411418099006252
0.0
0.0
0.0
9.244495326061927e-5
0.00018511673857038327
0.0002415396687011584
0.0002996696871872014
0.00034752554685068534
1.483429438401562e-5
0.0013636891451251686
0.0008321582920683372
0.00038395142692891843
4.0944813276081326e-5
0.0
0.0
0.0
0.0
0.0
0.0
0.0
0.0
2.69358427138819e-5
0.0002007506898271325
0.0005037334993415044
0.0
0.0
0.0
0.0
0.00030237015905896705
0.0003174500546237649
0.000348405462405278
0.0004333663629685962
2.13153486758988e-5
0.0019217771367954757
0.0009279172437552033
0.00027515647990221257
0.0
0.0
0.0
0.0
0.0
0.0
0.0
0.0
0.0
0.0
0.0
0.0
0.0
0.0
0.0
0.0
0.0
0.0
0.0
8.107984615133258e-5
1.0504704309232634e-5
0.000388986521745466
0.0002880937046295539
0.00012984691596725382
0.0
0.0
0.0
0.0
0.0
0.0
0.0
0.0001292216771517558
0.0
0.0
0.0
0.00010059183503943843
0.00010428216794490694
0.00014198384431892192
0.0001326918679486396
0.00019311631910701673
0.0002501847976108952
0.0002716391678808568
0.0003764415286710939
0.00043323949589436716
0.0005496517744021241
0.0005136368209964094
0.0006106875575010233
0.0005202663870235584
0.0005077038987866839
0.0004008466883809298
0.0003827980295922641
0.00031279050999346653
0.0003396988880985938
0.0002524716873014139
0.0002971245460758113
0.0003782536385650512
0.0005604985406506328
0.0005899120523565509
0.0007257174588114923
0.0006651790103425128
0.0007933725647050121
0.0007269539627488908
0.0009090265987096979
0.0008031379250396841
0.0009162828867752931
0.0008220383462741965
0.0009967844152395026
0.0008551396908617917
0.00012297401555570842
0.00380433388896912
0.0030866090293420923
0.0022210981487823605
0.0010322062704697078
0.0006252834328720574
0.0004704547812400364
0.000155119215400058
3.64629911340517e-5
0.0001810100019259226
0.00043941763721187636
0.0007932880677667259
0.001347650561523125
0.0017700769595122557
0.0020969071423545004
0.00216215444233073
0.0
0.00015392185409238441
0.000289319833953904
0.0003962602863310701
0.0004207252737273028
0.0005327289900884717
0.0005463181551112293
0.0007323497280001997
5.420148972151095e-5
0.003528649493028991
0.0026254379904100174
0.0016394405850319877
0.0007715617643826149
0.00012143892991005262
0.0
0.0
0.0
0.0
0.0
0.0
0.0
0.0
0.0
0.0
0.0
0.0
0.0
0.00014717635837841584
0.0002757717932906373
0.0005089542083081771
0.0004617244897568768
0.0007249342906028485
6.013323928568875e-5
0.0029061438106589123
0.0016299181488160306
0.0007525676976514241
0.00034634236829418543
1.575296398027384e-5
0.0
0.0
0.0
0.0
0.0
0.0
0.0
0.0
0.0
0.0
0.0
0.0
0.0
0.0
0.0
0.0
0.0
0.0
1.2928347018214793e-5
0.0002883321583764442
6.168315958108065e-6
0.0
0.0
0.0
0.0
0.0
0.0
0.0
0.0
0.0
0.0
0.0
0.0
0.0
0.0
0.0
0.0
0.0
0.0
0.0
0.0
0.0
5.594879183222714e-5
0.0014685252152067515
0.000455790523567515
1.5665193750459852e-5
0.0
0.0
0.0
0.0
0.0
0.0
0.0
0.0
0.0
0.0
0.0
0.0
0.0
0.0
0.0
0.0
0.0
0.0
0.0
0.0
1.2879447944172969e-5
0.0004440165751939045
8.486504815517608e-5
0.0
0.0
0.0
0.0
0.0
0.0
0.0
0.0
0.0
0.0
0.0
0.0
0.0
0.0
0.0
0.0
0.0
0.0
0.0
0.0
0.0
0.0
0.0
0.0
0.0
0.0
0.0
0.0
0.0
0.0
0.0
0.0
0.0
0.0
0.0
0.0
0.0
0.0
0.0
0.0
0.0
0.0
0.0
0.0
3.3800857484769315e-5
0.0
0.00039011048094956765
9.064463274873079e-5
0.0
0.0
0.0
0.0
0.0
0.0
0.0
0.0
0.0
0.0
0.0
0.0
0.0
0.0
0.0
0.0
0.0
0.0
0.0
0.0
0.0
3.121712203574137e-5
0.00047488935424392357
8.400225772594275e-5
0.0
0.0
0.0
0.0
0.0
0.0
0.0
0.0
0.0
0.0
0.0
0.0
0.0
0.0
0.0
0.0
0.0
0.0
0.0
0.0
0.0
0.0
0.0
0.0
0.0
0.0
0.0
0.0
0.0
0.0
0.0
0.0
0.0
0.0
0.0
0.0
0.0
0.0
0.0
0.0
0.0
0.0
0.0
0.0
0.0
0.0
0.0
0.0
0.0
0.0
0.0
0.0
0.0
0.0
0.0
0.0
0.0
0.0
0.0
0.0
0.0
0.0
0.0
0.0
0.0
0.0
0.0
0.0
0.0
0.0
0.0
0.0
0.0
0.0
0.0
0.0
0.0
0.0
0.0
0.0
0.0
0.0
0.0
0.0
0.0
0.0
0.0
0.0
0.0
0.0
0.0
0.0
0.0
1.4822894986557902e-5
0.00057506020115898
0.0003099562259009876
9.759856040345961e-5
0.0
0.0
0.0
0.0
0.0
0.0
0.0
0.0
0.0
0.0
0.0
0.0
0.0
0.0
0.0
0.0
0.0
6.030504942161348e-5
6.962380550487459e-5
7.05757993824696e-5
3.2059154826861414e-5
6.677923036350666e-5
3.364439401302952e-5
5.037059617621054e-5
3.466807982341938e-5
7.352331310729197e-5
3.8784585690481506e-5
3.7996935989929436e-5
6.138981481089835e-5
2.271863224569196e-5
2.8381726121302783e-5
1.4048286262946995e-5
3.9575839083146714e-5
2.381425618426241e-5
6.325460904562673e-5
6.98956850136787e-5
9.182109297575074e-5
6.891754745919476e-5
0.00014347844275318516
0.00018511009925891087
0.0003009744014899672
0.00042057920979068176
0.0004036411670866866
0.0004817302424197427
2.700290098296231e-5
0.0011785359967183716
0.00028063969153051705
0.0
0.0
0.0
0.0
0.0
0.0
0.0
0.0
0.0
0.0
0.0
0.0
0.0
0.0
0.0
0.0
0.0
0.0
0.00010826224277880391
0.0001930518406744943
0.00011377523163680615
2.176701491048904e-5
0.00030473342616231514
6.813788407203624e-6
0.0
0.0
0.0
0.0
0.0
0.0
0.0
0.0
0.0
0.0
0.0
0.0
0.0
0.0
0.0
0.0
0.0
0.0
0.0
0.0
0.0
0.0
0.0
0.0
0.0
0.0
0.0
0.0
0.0
0.0
0.0
0.0
0.0
0.0
0.0
0.0
0.0
0.0
0.0
0.0
0.0
0.0
0.00010034434256133691
0.0003063574987417589
0.00028043301770771893
1.5396331447464414e-5
0.0011697502235392312
0.0004706089909651358
6.622663300513946e-5
0.0
0.0
0.0
0.0
0.0
0.0
0.0
0.0
0.0
0.0
0.0
0.0
0.0
0.0
0.0
0.0
0.0
0.0
0.0
0.0
2.7877072484409294e-5
0.00045309628816583137
9.082124800370982e-5
0.0
0.0
0.0
0.0
0.0
0.0
0.0
0.0
0.0
0.0
0.0
0.0
0.0
0.0
0.0
0.0
0.0
0.0
0.0
1.6592614842892883e-5
1.9955141246359997e-5
0.0
0.00022683184159165144
2.6350088859890068e-5
0.0
0.0
0.0
0.0
0.0
0.0
0.0
0.0
0.0
0.0
0.0
0.0
0.0
0.0
2.7408410666895325e-5
5.822939200332262e-5
6.531749233301199e-5
0.00015652844668406183
0.0002138488017918042
0.0002444444212882663
0.00028330759846568316
0.0003126509386813295
0.00036290809914387795
0.0002969099705176692
0.00023491140823726523
0.00013062971505452625
3.709230689934886e-5
0.0
0.0
0.0
0.0
0.0
0.0
0.0
0.0
1.727369331968261e-5
2.2032660150333597e-5
0.000150026751318709
0.00019992464999947054
0.00037635594785169404
0.0003520844855640588
0.0005424737298629583
0.0003922989739567603
0.0005496179582271491
0.0004240406488853421
8.688016103413555e-5
0.0012261814409124923
0.0003969673686366119
3.429693842335378e-5
0.0
0.0
0.0
0.0
0.0
0.0
0.0
0.0
0.0
0.0
0.0
0.0
0.0
0.0
0.0
0.0
3.637897778858827e-5
2.4002939235503616e-5
7.348104023937667e-5
8.780292616381542e-5
3.6569913683780705e-6
0.0011931413781257876
0.0006254935321385658
0.00025381064269718224
6.783042457942848e-5
2.6960540259843396e-5
0.0
0.0
0.0
0.0
0.0
0.0
6.333440251550744e-5
0.00015746063722951555
0.0005182877097207362
0.0008006523452559766
0.0
0.0
0.0001284531174626725
0.00022895350381070241
0.00034552534466321177
0.00030775466970612165
0.0004083912152339727
0.0003094779092636406
5.721620355208319e-5
0.0008071642984080853
0.0002448862702974696
4.303464991328398e-5
4.9850603067209864e-5
1.4993519335612362e-5
0.0
0.0
0.0
0.0
0.0
0.0
0.0
0.0
0.0
0.0
0.0
0.0
0.0
0.0
0.0
0.0002700399037832933
0.000265195596703174
0.00045328482460857894
2.251227313434914e-5
0.0015230453457632956
0.0004320617580024194
1.4871093910685281e-5
0.0
0.0
0.0
0.0
0.0
0.0
0.0
0.0
0.0
0.0
0.0
0.0
0.0
0.0
0.0
0.0
0.0
0.0
0.0
0.0
1.4611261871284212e-5
0.0003069192148305287
0.0
0.0
0.0
0.0
0.0
0.0
0.0
0.0
0.0
0.0
0.0
0.0
0.0
0.0
0.0
0.0
0.0
0.0
0.0
0.0
0.0
0.0
0.0
0.0
0.0
0.0
0.0
0.0
0.0
0.0
0.0
0.0
0.0
0.0
0.0
0.0
0.0
0.0
0.0
0.0
0.0
0.0
0.0
0.0
0.0
0.0
0.0
0.0
0.0
0.0
0.0
0.0
0.0
0.0
0.0
0.0
0.0
0.0
0.0
0.0
0.0
0.0
0.0
0.0
0.0
0.0
0.0
0.0
0.0
0.0
8.12170159178325e-6
1.547155434048283e-5
0.0
0.0
0.0
0.0
0.0
0.0
0.0
0.0
0.0
0.0
0.0
0.0
0.0
0.0
0.0
0.0
0.0
0.0
0.0
0.0
0.0
0.0
5.092699732278786e-6
7.699431697854166e-5
0.0
0.0
0.0
0.0
0.0
0.0
0.0
0.0
0.0
0.0
0.0
0.0
0.0
0.0
0.0
0.0
0.0
0.0
0.0
0.0
0.0
0.0
0.0
0.0
0.0
0.0
0.0
0.0
0.0
0.0
0.0
0.0
0.0
0.0
0.0
0.0
0.0
0.0
0.0
0.0
0.0
0.0
0.0
0.0
0.0
0.0
0.0
0.0
0.0
0.0
0.0
0.0
0.0
0.0
0.0
0.0
0.0
0.0
0.0
0.0
0.0
0.0
0.0
0.0
0.0
0.0
0.0
0.0
0.0
0.0
0.0
0.0
0.0
0.0
0.0
0.0
0.0
0.0
0.0
0.0
0.0
0.0
0.0
0.0
0.0
0.0
0.0
0.0
0.0
0.0
0.0
0.0
0.0
0.0
0.0
0.0
0.0
0.0
0.0
0.0
0.0
0.0
0.0
0.0
0.0
0.0
0.0
0.0
0.0
0.0
0.0
0.0
0.0
0.0
0.0
0.0
0.0
0.0
0.0
0.0
0.0
0.0
0.0
0.0
0.0
0.0
0.0
0.0
0.0
0.0
0.0
0.0
0.0
0.0
0.0
0.0
0.0
0.0
0.0
0.0
0.0
0.0
1.0012430668225903e-5
7.734200209892258e-6
0.0
0.0
0.0
0.0
0.0
0.0
0.0
0.0
0.0
0.0
0.0
0.0
0.0
0.0
0.0
0.0
0.0
0.0
0.0
0.0
0.0
0.0
6.371985134251033e-6
5.692447469361434e-6
0.0
0.0
0.0
0.0
0.0
0.0
0.0
0.0
0.0
0.0
0.0
0.0
0.0
0.0
0.0
0.0
0.0
0.0
0.0
0.0
0.0
0.0
0.0
4.902180804253832e-5
0.0
0.0
0.0
0.0
0.0
0.0
0.0
0.0
0.0
0.0
0.0
0.0
0.0
0.0
0.0
0.0
0.0
0.0
0.0
0.0
0.0
0.0
0.0
0.0
0.0
0.0
0.0
0.0
0.0
0.0
0.0
0.0
0.0
0.0
0.0
0.0
0.0
0.0
0.0
0.0
0.0
0.0
0.0
0.0
0.0
0.0
0.0
0.0
0.0
0.0
0.0
0.0
0.0
0.0
0.0
0.0
0.0
0.0
0.0
0.0
0.0
0.0
0.0
0.0
0.0
0.0
0.0
0.0
0.0
0.0
0.0
0.0
0.0
0.0
0.0
0.0
0.0
0.0
0.0
0.0
0.0
0.0
0.0
0.0
0.0
0.0
0.0
0.0
0.0
0.0
0.0
0.0
0.0
0.0
0.0
0.0
0.0
0.0
0.0
0.0
0.0
0.0
0.0
0.0
0.0
0.0
0.0
0.0
0.0
0.0
0.0
0.0
0.0
0.0
0.0
0.0
0.0
0.0
0.0
0.0
0.0
0.0
0.0
0.0
0.0
0.0
0.0
0.0
0.0
0.0
0.0
0.0
0.0
0.0
0.0
0.0
0.0
0.0
0.0
0.0
0.0
0.0
0.0
0.0
0.0
0.0
0.0
0.0
0.0
0.0
0.0
0.0
0.0
0.0
0.0
0.0
0.0
0.0
0.0
0.0
0.0
0.0
0.0
0.0
0.0
0.0
0.0
0.0
0.0
0.0
0.0
0.0
0.0
0.0
0.0
0.0
0.0
0.0
0.0
0.0
0.0
0.0
0.0
0.0
0.0
0.0
0.0
0.0
0.0
0.0
0.0
0.0
0.0
0.0
0.0
0.0
0.0
0.0
0.0
0.0
0.0
0.0
0.0
0.0
0.0
0.0
0.0
0.0
0.0
0.0
0.0
0.0
0.0
0.0
0.0
0.0
0.0
0.0
0.0
0.0
0.0
0.0
0.0
0.0
0.0
0.0
0.0
0.0
0.0
0.0
0.0
0.0
0.0
0.0
0.0
0.0
0.0
0.0
0.0
0.0
0.0
0.0
0.0
0.0
0.0
0.0
0.0
0.0
0.0
0.0
0.0
0.0
0.0
0.0
0.0
0.0
0.0
0.0
0.0
0.0
0.0
0.0
0.0
0.0
0.0
0.0
0.0
0.0
0.0
0.0
0.0
0.0
0.0
0.0
0.0
0.0
0.0
0.0
0.0
0.0
0.0
0.0
0.0
0.0
0.0
0.0
0.0
0.0
0.0
0.0
0.0
0.0
0.0
0.0
0.0
0.0
0.0
0.0
0.0
0.0
0.0
0.0
0.0
0.0
0.0
0.0
0.0
0.0
0.0
0.0
0.0
0.0
0.0
0.0
0.0
0.0
0.0
0.0
0.0
0.0
0.0
0.0
0.0
0.0
0.0
0.0
0.0
0.0
0.0
0.0
0.0
0.0
0.0
0.0
0.0
0.0
0.0
0.0
0.0
0.0
0.0
0.0
0.0
0.0
0.0
0.0
0.0
0.0
0.0
0.0
0.0
0.0
0.0
0.0
0.0
0.0
0.0
0.0
1.60422422306415e-5
8.537736206133413e-5
0.0
0.0
0.0
0.0
0.0
0.0
0.0
0.0
0.0
0.0
0.0
0.0
0.0
0.0
0.0
0.0
0.0
0.0
0.0
0.0
0.0
0.0
0.0
0.0
0.0
0.0
0.0
0.0
0.0
0.0
0.0
0.0
0.0
0.0
0.0
0.0
0.0
0.0
0.0
0.0
0.0
0.0
0.0
0.0
0.0
0.0
0.0
0.0
0.0
0.0
0.0
0.0
0.0
0.0
0.0
0.0
0.0
0.0
0.0
0.0
0.0
0.0
0.0
0.0
0.0
0.0
0.0
0.0
0.0
0.0
0.0
0.0
0.0
0.0
0.0
0.0
0.0
0.0
0.0
0.0
0.0
0.0
0.0
0.0
0.0
0.0
0.0
0.0
0.0
0.0
0.0
0.0
0.0
0.0
0.0
0.0
0.0
0.0
0.0
0.0
0.0
0.0
0.0
0.0
0.0
0.0
0.0
0.0
0.0
0.0
0.0
0.0
0.0
0.0
0.0
0.0
0.0
0.0
0.0
0.0
0.0
0.0
0.0
0.0
0.0
0.0
0.0
0.0
0.0
0.0
0.0
0.0
0.0
0.0
0.0
0.0
0.0
0.0
0.0
0.0
0.0
0.0
0.0
0.0
0.0
0.0
0.0
0.0
0.0
0.0
0.0
0.0
0.0
0.0
0.0
0.0
0.0
0.0
0.0
0.0
0.0
0.0
0.0
0.0
0.0
0.0
1.1488172812288538e-5
0.00019960461833630347
2.507989632758424e-6
0.0
0.0
0.0
0.0
0.0
0.0
0.0
0.0
0.0
0.0
0.0
0.0
0.0
0.0
0.0
0.0
0.0
0.0
0.0
0.0
0.0
0.0
0.0
0.0
0.0
0.0
0.0
0.0
0.0
0.0
0.0
0.0
0.0
0.0
0.0
0.0
0.0
0.0
0.0
0.0
0.0
0.0
0.0
0.0
0.0
0.0
0.0
0.0
0.0
0.0
0.0
0.0
0.0
0.0
0.0
0.0
0.0
0.0
0.0
0.0
0.0
0.0
0.0
0.0
0.0
0.0
0.0
0.0
0.0
0.0
0.0
0.0
0.0
0.0
0.0
0.0
0.0
0.0
0.0
0.0
0.0
0.0
0.0
0.0
0.0
0.0
0.0
0.0
0.0
0.0
0.0
0.0
0.0
0.0
0.0
0.0
0.0
0.0
0.0
0.0
0.0
0.0
0.0
0.0
0.0
0.0
0.0
0.0
0.0
0.0
0.0
0.0
0.0
0.0
0.0
0.0
0.0
0.0
0.0
0.0
0.0
0.0
0.0
0.0
0.0
0.0
0.0
0.0
0.0
0.0
0.0
0.0
0.0
0.0
0.0
0.0
0.0
0.0
0.0
0.0
0.0
0.0
0.0
0.0
0.0
0.0
0.0
0.0
0.0
0.0
0.0
0.0
0.0
0.0
0.0
0.0
0.0
0.0
0.0
0.0
0.0
0.0
0.0
0.0
0.0
0.0
0.0
0.0
0.0
0.0
0.0
0.0
0.0
0.0
0.0
0.0
0.0
0.0
0.0
0.0
0.0
0.0
0.0
0.0
0.0
0.0
0.0
0.0
0.0
0.0
0.0
0.0
0.0
0.0
0.0
0.0
0.0
0.0
0.0
0.0
0.0
0.0
0.0
0.0
0.0
0.0
0.0
0.0
0.0
0.0
0.0
0.0
0.0
0.0
0.0
0.0
0.0
0.0
0.0
0.0
0.0
0.0
0.0
0.0
0.0
0.0
0.0
0.0
0.0
0.0
0.0
0.0
0.0
0.0
0.0
0.0
0.0
0.0
0.0
0.0
0.0
0.0
0.0
0.0
0.0
0.0
0.0
0.0
0.0
0.0
0.0
0.0
0.0
0.0
0.0
0.0
0.0
0.0
0.0
0.0
0.0
0.0
0.0
0.0
0.0
0.0
0.0
0.0
0.0
0.0
0.0
0.0
0.0
0.0
0.0
0.0
0.0
0.0
0.0
0.0
0.0
0.0
0.0
0.0
0.0
0.0
0.0
0.0
0.0
0.0
0.0
0.0
0.0
0.0
0.0
0.0
0.0
0.0
0.0
0.0
0.0
0.0
0.0
0.0
0.0
0.0
0.0
0.0
0.0
0.0
0.0
0.0
0.0
0.0
0.0
0.0
0.0
0.0
0.0
0.0
0.0
0.0
0.0
0.0
0.0
0.0
0.0
0.0
0.0
0.0
0.0
0.0
0.0
0.0
0.0
0.0
0.0
0.0
0.0
0.0
0.0
0.0
0.0
0.0
0.0
0.0
0.0
0.0
0.0
0.0
0.0
0.0
0.0
0.0
0.0
0.0
0.0
0.0
0.0
0.0
0.0
0.0
0.0
0.0
0.0
0.0
0.0
0.0
0.0
0.0
0.0
0.0
0.0
0.0
0.0
0.0
0.0
0.0
0.0
0.0
0.0
0.0
0.0
0.0
0.0
0.0
0.0
0.0
0.0
0.0
0.0
0.0
0.0
0.0
0.0
0.0
0.0
0.0
0.0
0.0
0.0
0.0
0.0
0.0
0.0
0.0
0.0
0.0
0.0
0.0
0.0
0.0
0.0
0.0
0.0
0.0
0.0
0.0
0.0
0.0
0.0
0.0
0.0
0.0
0.0
0.0
0.0
0.0
0.0
0.0
0.0
0.0
0.0
0.0
0.0
0.0
0.0
0.0
0.0
0.0
0.0
0.0
0.0
0.0
0.0
0.0
0.0
0.0
0.0
0.0
0.0
0.0
0.0
0.0
0.0
0.0
0.0
0.0
0.0
0.0
0.0
0.0
0.0
0.0
0.0
0.0
0.0
0.0
0.0
0.0
0.0
0.0
0.0
0.0
0.0
0.0
0.0
0.0
0.0
0.0
0.0
0.0
0.0
0.0
0.0
0.0
0.0
0.0
0.0
0.0
0.0
0.0
0.0
0.0
0.0
0.0
0.0
0.0
0.0
0.0
0.0
0.0
0.0
0.0
0.0
0.0
0.0
0.0
0.0
0.0
0.0
0.0
0.0
0.0
0.0
0.0
0.0
0.0
0.0
0.0
0.0
0.0
0.0
0.0
0.0
0.0
0.0
0.0
0.0
0.0
0.0
0.0
0.0
0.0
0.0
0.0
0.0
0.0
0.0
0.0
0.0
0.0
0.0
0.0
0.0
0.0
0.0
0.0
0.0
0.0
0.0
0.0
0.0
0.0
0.0
0.0
0.0
0.0
0.0
0.0
0.0
0.0
0.0
0.0
0.0
0.0
0.0
0.0
0.0
0.0
0.0
0.0
0.0
0.0
0.0
0.0
0.0
0.0
0.0
0.0
0.0
0.0
0.0
0.0
0.0
0.0
0.0
0.0
0.0
0.0
0.0
0.0
0.0
0.0
0.0
0.0
0.0
0.0
0.0
0.0
0.0
0.0
0.0
0.0
0.0
0.0
0.0
0.0
0.0
0.0
0.0
0.0
0.0
0.0
0.0
0.0
0.0
0.0
0.0
0.0
0.0
0.0
0.0
0.0
0.0
0.0
0.0
0.0
0.0
0.0
0.0
0.0
0.0
0.0
0.0
0.0
0.0
0.0
0.0
0.0
0.0
0.0
0.0
0.0
0.0
0.0
0.0
0.0
0.0
0.0
0.0
0.0
0.0
0.0
0.0
0.0
0.0
0.0
0.0
0.0
0.0
0.0
0.0
0.0
0.0
0.0
0.0
0.0
0.0
0.0
0.0
0.0
0.0
0.0
0.0
0.0
0.0
0.0
0.0
0.0
0.0
0.0
0.0
0.0
0.0
0.0
0.0
0.0
0.0
0.0
0.0
0.0
0.0
0.0
0.0
0.0
0.0
0.0
0.0
0.0
0.0
0.0
0.0
0.0
0.0
0.0
0.0
0.0
0.0
0.0
0.0
0.0
0.0
0.0
0.0
0.0
0.0
0.0
0.0
0.0
0.0
0.0
0.0
0.0
0.0
0.0
0.0
0.0
0.0
0.0
0.0
0.0
0.0
0.0
0.0
0.0
0.0
0.0
0.0
0.0
0.0
0.0
0.0
0.0
0.0
0.0
0.0
0.0
0.0
0.0
0.0
0.0
0.0
0.0
0.0
0.0
0.0
0.0
0.0
0.0
0.0
0.0
0.0
0.0
0.0
0.0
0.0
0.0
0.0
0.0
0.0
0.0
0.0
0.0
0.0
0.0
0.0
0.0
0.0
0.0
0.0
0.0
0.0
0.0
0.0
0.0
0.0
0.0
0.0
0.0
0.0
0.0
0.0
0.0
0.0
0.0
0.0
0.0
0.0
0.0
0.0
0.0
0.0
0.0
0.0
0.0
0.0
0.0
0.0
0.0
0.0
0.0
0.0
0.0
0.0
0.0
0.0
0.0
0.0
0.0
0.0
0.0
0.0
0.0
0.0
0.0
0.0
0.0
0.0
0.0
0.0
0.0
0.0
0.0
0.0
0.0
0.0
0.0
0.0
0.0
0.0
0.0
0.0
0.0
0.0
0.0
0.0
0.0
0.0
0.0
0.0
0.0
0.0
0.0
0.0
0.0
0.0
0.0
0.0
0.0
0.0
0.0
0.0
0.0
0.0
0.0
0.0
0.0
0.0
0.0
0.0
0.0
0.0
0.0
0.0
0.0
0.0
0.0
0.0
0.0
0.0
0.0
0.0
0.0
0.0
0.0
0.0
0.0
0.0
0.0
0.0
0.0
0.0
0.0
0.0
0.0
0.0
0.0
0.0
0.0
0.0
0.0
0.0
0.0
0.0
0.0
0.0
0.0
0.0
0.0
0.0
0.0
0.0
0.0
0.0
0.0
0.0
0.0
0.0
0.0
0.0
0.0
0.0
0.0
0.0
0.0
0.0
0.0
0.0
0.0
0.0
0.0
0.0
0.0
0.0
0.0
0.0
0.0
0.0
0.0
0.0
0.0
0.0
0.0
0.0
0.0
0.0
0.0
0.0
0.0
0.0
0.0
0.0
0.0
0.0
0.0
0.0
0.0
0.0
0.0
0.0
0.0
0.0
0.0
0.0
0.0
0.0
0.0
0.0
0.0
0.0
0.0
0.0
0.0
0.0
0.0
0.0
0.0
0.0
0.0
0.0
0.0
0.0
0.0
0.0
0.0
0.0
0.0
0.0
0.0
0.0
0.0
0.0
0.0
0.0
0.0
0.0
0.0
0.0
0.0
0.0
0.0
0.0
0.0
0.0
0.0
0.0
0.0
0.0
0.0
0.0
0.0
0.0
0.0
0.0
0.0
0.0
0.0
0.0
0.0
0.0
0.0
0.0
0.0
0.0
0.0
0.0
0.0
0.0
0.0
0.0
0.0
0.0
0.0
0.0
0.0
0.0
0.0
0.0
0.0
0.0
0.0
0.0
0.0
0.0
0.0
0.0
0.0
0.0
0.0
0.0
0.0
0.0
0.0
0.0
0.0
0.0
0.0
0.0
0.0
0.0
0.0
0.0
0.0
0.0
0.0
0.0
0.0
0.0
0.0
0.0
0.0
0.0
0.0
0.0
0.0
0.0
0.0
0.0
0.0
0.0
0.0
0.0
0.0
0.0
0.0
0.0
0.0
0.0
0.0
0.0
0.0
0.0
0.0
0.0
0.0
0.0
0.0
0.0
0.0
0.0
0.0
0.0
0.0
0.0
0.0
0.0
0.0
0.0
0.0
0.0
0.0
0.0
0.0
0.0
0.0
0.0
0.0
0.0
0.0
0.0
0.0
0.0
0.0
0.0
0.0
0.0
0.0
0.0
0.0
0.0
0.0
0.0
0.0
0.0
0.0
0.0
0.0
0.0
0.0
0.0
0.0
0.0
0.0
0.0
0.0
0.0
0.0
0.0
0.0
0.0
0.0
0.0
0.0
0.0
0.0
0.0
0.0
0.0
0.0
0.0
0.0
0.0
0.0
0.0
0.0
0.0
0.0
0.0
0.0
0.0
0.0
0.0
0.0
0.0
0.0
0.0
0.0
0.0
0.0
0.0
0.0
0.0
0.0
0.0
0.0
0.0
0.0
0.0
0.0
0.0
0.0
0.0
0.0
0.0
0.0
0.0
0.0
0.0
0.0
0.0
0.0
0.0
0.0
0.0
0.0
0.0
0.0
0.0
0.0
0.0
0.0
0.0
0.0
0.0
0.0
0.0
0.0
0.0
0.0
0.0
0.0
0.0
0.0
0.0
0.0
0.0
0.0
0.0
0.0
0.0
0.0
0.0
0.0
0.0
0.0
0.0
0.0
0.0
0.0
0.0
0.0
0.0
0.0
0.0
0.0
0.0
0.0
0.0
0.0
0.0
0.0
0.0
0.0
0.0
0.0
0.0
0.0
0.0
0.0
0.0
0.0
0.0
0.0
0.0
0.0
0.0
0.0
0.0
0.0
0.0
0.0
0.0
0.0
0.0
0.0
0.0
0.0
0.0
0.0
0.0
0.0
0.0
0.0
0.0
0.0
0.0
0.0
0.0
0.0
0.0
0.0
0.0
0.0
0.0
0.0
0.0
0.0
0.0
0.0
0.0
0.0
0.0
0.0
0.0
0.0
0.0
0.0
0.0
0.0
0.0
0.0
0.0
0.0
0.0
0.0
0.0
0.0
0.0
0.0
0.0
0.0
0.0
0.0
0.0
0.0
0.0
0.0
0.0
0.0
0.0
0.0
0.0
0.0
0.0
0.0
0.0
0.0
0.0
0.0
0.0
0.0
0.0
0.0
0.0
0.0
0.0
0.0
0.0
0.0
0.0
0.0
0.0
0.0
0.0
0.0
0.0
0.0
0.0
0.0
0.0
0.0
0.0
0.0
0.0
0.0
0.0
0.0
0.0
0.0
0.0
0.0
0.0
0.0
0.0
0.0
0.0
0.0
0.0
0.0
0.0
0.0
0.0
0.0
0.0
0.0
0.0
0.0
0.0
0.0
0.0
0.0
0.0
0.0
0.0
0.0
0.0
0.0
0.0
0.0
0.0
0.0
0.0
0.0
0.0
0.0
0.0
0.0
0.0
0.0
0.0
0.0
0.0
0.0
0.0
0.0
0.0
0.0
0.0
0.0
0.0
0.0
0.0
0.0
0.0
0.0
0.0
0.0
0.0
0.0
0.0
0.0
0.0
0.0
0.0
0.0
0.0
0.0
0.0
0.0
0.0
0.0
0.0
0.0
0.0
0.0
0.0
0.0
0.0
0.0
0.0
0.0
0.0
0.0
0.0
0.0
0.0
0.0
0.0
0.0
0.0
0.0
0.0
0.0
0.0
0.0
0.0
0.0
0.0
0.0
0.0
0.0
0.0
0.0
0.0
0.0
0.0
0.0
0.0
0.0
0.0
0.0
0.0
0.0
0.0
0.0
0.0
0.0
0.0
0.0
0.0
0.0
0.0
0.0
0.0
0.0
0.0
0.0
0.0
0.0
0.0
0.0
0.0
0.0
0.0
0.0
0.0
0.0
0.0
0.0
0.0
0.0
0.0
0.0
0.0
0.0
0.0
0.0
0.0
0.0
0.0
0.0
0.0
0.0
0.0
0.0
0.0
0.0
0.0
0.0
0.0
0.0
0.0
0.0
0.0
0.0
0.0
0.0
0.0
0.0
0.0
0.0
0.0
0.0
0.0
0.0
0.0
0.0
0.0
0.0
0.0
0.0
0.0
0.0
0.0
0.0
0.0
0.0
0.0
0.0
0.0
0.0
0.0
0.0
0.0
0.0
0.0
0.0
0.0
0.0
0.0
0.0
0.0
0.0
0.0
0.0
0.0
0.0
0.0
0.0
0.0
0.0
0.0
0.0
0.0
0.0
0.0
0.0
0.0
0.0
0.0
0.0
0.0
0.0
0.0
0.0
0.0
0.0
0.0
0.0
0.0
0.0
0.0
0.0
0.0
0.0
0.0
0.0
0.0
0.0
0.0
0.0
0.0
0.0
0.0
0.0
0.0
0.0
0.0
0.0
0.0
0.0
0.0
0.0
0.0
0.0
0.0
0.0
0.0
0.0
0.0
0.0
0.0
0.0
0.0
0.0
0.0
0.0
0.0
0.0
0.0
0.0
0.0
0.0
0.0
0.0
0.0
0.0
0.0
0.0
0.0
0.0
0.0
0.0
0.0
0.0
0.0
0.0
0.0
0.0
0.0
0.0
0.0
0.0
0.0
0.0
0.0
0.0
0.0
0.0
0.0
0.0
0.0
0.0
0.0
0.0
0.0
0.0
0.0
0.0
0.0
0.0
0.0
0.0
0.0
0.0
0.0
0.0
0.0
0.0
0.0
0.0
0.0
0.0
0.0
0.0
0.0
0.0
0.0
0.0
0.0
0.0
0.0
0.0
0.0
0.0
0.0
0.0
0.0
0.0
0.0
0.0
0.0
0.0
0.0
0.0
0.0
0.0
0.0
0.0
0.0
0.0
0.0
0.0
0.0
0.0
0.0
0.0
0.0
0.0
0.0
0.0
0.0
0.0
0.0
0.0
0.0
0.0
0.0
0.0
0.0
0.0
0.0
0.0
0.0
0.0
0.0
0.0
0.0
0.0
0.0
0.0
0.0
0.0
0.0
0.0
0.0
0.0
0.0
0.0
0.0
0.0
0.0
0.0
0.0
0.0
0.0
0.0
0.0
0.0
0.0
0.0
0.0
0.0
0.0
0.0
0.0
0.0
0.0
0.0
0.0
0.0
0.0
0.0
0.0
0.0
0.0
0.0
0.0
0.0
0.0
0.0
0.0
0.0
0.0
0.0
0.0
0.0
0.0
0.0
0.0
0.0
0.0
0.0
0.0
0.0
0.0
0.0
0.0
0.0
0.0
0.0
0.0
0.0
0.0
0.0
0.0
0.0
0.0
0.0
0.0
0.0
0.0
0.0
0.0
0.0
0.0
0.0
0.0
0.0
0.0
0.0
0.0
0.0
0.0
0.0
0.0
0.0
0.0
0.0
0.0
0.0
0.0
0.0
0.0
0.0
0.0
0.0
0.0
0.0
0.0
0.0
0.0
0.0
0.0
0.0
0.0
0.0
0.0
0.0
0.0
0.0
0.0
0.0
0.0
0.0
0.0
0.0
0.0
0.0
0.0
0.0
0.0
0.0
0.0
0.0
0.0
0.0
0.0
0.0
0.0
0.0
0.0
0.0
0.0
0.0
0.0
0.0
0.0
0.0
0.0
0.0
0.0
0.0
0.0
0.0
0.0
0.0
0.0
0.0
0.0
0.0
0.0
0.0
0.0
0.0
0.0
0.0
0.0
0.0
0.0
0.0
0.0
0.0
0.0
0.0
0.0
0.0
0.0
0.0
0.0
0.0
0.0
0.0
0.0
0.0
0.0
0.0
0.0
0.0
0.0
0.0
0.0
0.0
0.0
0.0
0.0
0.0
0.0
0.0
0.0
0.0
0.0
0.0
0.0
0.0
0.0
0.0
0.0
0.0
0.0
0.0
0.0
0.0
0.0
0.0
0.0
0.0
0.0
0.0
0.0
0.0
0.0
0.0
0.0
0.0
0.0
0.0
0.0
0.0
0.0
0.0
0.0
0.0
0.0
0.0
0.0
0.0
0.0
0.0
0.0
0.0
0.0
0.0
0.0
0.0
0.0
0.0
0.0
0.0
0.0
0.0
0.0
0.0
0.0
0.0
0.0
0.0
0.0
0.0
0.0
0.0
0.0
0.0
0.0
0.0
0.0
0.0
0.0
0.0
0.0
0.0
0.0
0.0
0.0
0.0
0.0
0.0
0.0
0.0
0.0
0.0
0.0
0.0
0.0
0.0
0.0
0.0
0.0
0.0
0.0
0.0
0.0
0.0
0.0
0.0
0.0
0.0
0.0
0.0
0.0
0.0
0.0
0.0
0.0
0.0
0.0
0.0
0.0
0.0
0.0
0.0
0.0
0.0
0.0
0.0
0.0
0.0
0.0
0.0
0.0
0.0
0.0
0.0
0.0
0.0
0.0
0.0
0.0
0.0
0.0
0.0
0.0
0.0
0.0
0.0
0.0
0.0
0.0
0.0
0.0
0.0
0.0
0.0
0.0
0.0
0.0
0.0
0.0
0.0
0.0
0.0
0.0
0.0
0.0
0.0
0.0
0.0
0.0
0.0
0.0
0.0
0.0
0.0
0.0
0.0
0.0
0.0
0.0
0.0
0.0
0.0
0.0
0.0
0.0
0.0
0.0
0.0
0.0
0.0
0.0
0.0
0.0
0.0
0.0
0.0
0.0
0.0
0.0
0.0
0.0
0.0
0.0
0.0
0.0
0.0
0.0
0.0
0.0
0.0
0.0
0.0
0.0
0.0
0.0
0.0
0.0
0.0
0.0
0.0
0.0
0.0
0.0
0.0
0.0
0.0
0.0
0.0
0.0
0.0
0.0
0.0
0.0
0.0
0.0
0.0
0.0
0.0
0.0
0.0
0.0
0.0
0.0
0.0
0.0
0.0
0.0
0.0
0.0
0.0
0.0
0.0
0.0
0.0
0.0
0.0
0.0
0.0
0.0
0.0
0.0
0.0
0.0
0.0
0.0
0.0
0.0
0.0
0.0
0.0
0.0
0.0
0.0
0.0
0.0
0.0
0.0
0.0
0.0
0.0
0.0
0.0
0.0
0.0
0.0
0.0
0.0
0.0
0.0
0.0
0.0
0.0
0.0
0.0
0.0
0.0
0.0
0.0
0.0
0.0
0.0
0.0
0.0
0.0
0.0
0.0
0.0
0.0
0.0
0.0
0.0
0.0
0.0
0.0
0.0
0.0
0.0
0.0
0.0
0.0
0.0
0.0
0.0
0.0
0.0
0.0
0.0
0.0
0.0
0.0
0.0
0.0
0.0
0.0
0.0
0.0
0.0
0.0
0.0
0.0
0.0
0.0
0.0
0.0
0.0
0.0
0.0
0.0
0.0
0.0
0.0
0.0
0.0
0.0
0.0
0.0
0.0
0.0
0.0
0.0
0.0
0.0
0.0
0.0
0.0
0.0
0.0
0.0
0.0
0.0
0.0
0.0
0.0
0.0
0.0
0.0
0.0
0.0
0.0
0.0
0.0
0.0
0.0
0.0
0.0
0.0
0.0
0.0
0.0
0.0
0.0
0.0
0.0
0.0
0.0
0.0
0.0
0.0
0.0
0.0
0.0
0.0
0.0
0.0
0.0
0.0
0.0
0.0
0.0
0.0
0.0
0.0
0.0
0.0
0.0
0.0
0.0
0.0
0.0
0.0
0.0
0.0
0.0
0.0
0.0
0.0
0.0
0.0
0.0
0.0
0.0
0.0
0.0
0.0
0.0
0.0
0.0
0.0
0.0
0.0
0.0
0.0
0.0
0.0
0.0
0.0
0.0
0.0
0.0
0.0
0.0
0.0
0.0
0.0
0.0
0.0
0.0
0.0
0.0
0.0
0.0
0.0
0.0
0.0
0.0
0.0
0.0
0.0
0.0
0.0
0.0
0.0
0.0
0.0
0.0
0.0
0.0
0.0
0.0
0.0
0.0
0.0
0.0
0.0
0.0
0.0
0.0
0.0
0.0
0.0
0.0
0.0
0.0
0.0
0.0
0.0
0.0
0.0
0.0
0.0
0.0
0.0
0.0
0.0
0.0
0.0
0.0
0.0
0.0
0.0
0.0
0.0
0.0
0.0
0.0
0.0
0.0
0.0
0.0
0.0
0.0
0.0
0.0
0.0
0.0
0.0
0.0
0.0
0.0
0.0
0.0
0.0
0.0
0.0
0.0
0.0
0.0
0.0
0.0
0.0
0.0
0.0
0.0
0.0
0.0
0.0
0.0
0.0
0.0
0.0
0.0
0.0
0.0
0.0
0.0
0.0
0.0
0.0
0.0
0.0
0.0
0.0
0.0
0.0
0.0
0.0
0.0
0.0
0.0
0.0
0.0
0.0
0.0
0.0
0.0
0.0
0.0
0.0
0.0
0.0
0.0
0.0
0.0
0.0
0.0
0.0
0.0
0.0
0.0
0.0
0.0
0.0
0.0
0.0
0.0
0.0
0.0
0.0
0.0
0.0
0.0
0.0
0.0
0.0
0.0
0.0
0.0
0.0
0.0
0.0
0.0
0.0
0.0
0.0
0.0
0.0
0.0
0.0
0.0
0.0
0.0
0.0
0.0
0.0
0.0
0.0
0.0
0.0
0.0
0.0
0.0
0.0
0.0
0.0
0.0
0.0
0.0
0.0
0.0
0.0
0.0
0.0
0.0
0.0
0.0
0.0
0.0
0.0
0.0
0.0
0.0
0.0
0.0
0.0
0.0
0.0
0.0
0.0
0.0
0.0
0.0
0.0
0.0
0.0
0.0
0.0
0.0
0.0
0.0
0.0
0.0
0.0
0.0
0.0
0.0
0.0
0.0
0.0
0.0
0.0
0.0
0.0
0.0
0.0
0.0
0.0
0.0
0.0
0.0
0.0
0.0
0.0
0.0
0.0
0.0
0.0
0.0
0.0
0.0
0.0
0.0
0.0
0.0
0.0
0.0
0.0
0.0
0.0
0.0
0.0
0.0
0.0
0.0
0.0
0.0
0.0
0.0
0.0
0.0
0.0
0.0
0.0
0.0
0.0
0.0
0.0
0.0
0.0
0.0
0.0
0.0
0.0
0.0
0.0
0.0
0.0
0.0
0.0
0.0
0.0
0.0
0.0
0.0
0.0
0.0
0.0
0.0
0.0
0.0
0.0
0.0
0.0
0.0
0.0
0.0
0.0
0.0
0.0
0.0
0.0
0.0
0.0
0.0
0.0
0.0
0.0
0.0
0.0
0.0
0.0
0.0
0.0
0.0
0.0
0.0
0.0
0.0
0.0
0.0
0.0
0.0
0.0
0.0
0.0
0.0
0.0
0.0
0.0
0.0
0.0
0.0
0.0
0.0
0.0
0.0
0.0
0.0
0.0
0.0
0.0
0.0
0.0
0.0
0.0
0.0
0.0
0.0
0.0
0.0
0.0
0.0
0.0
0.0
0.0
0.0
0.0
0.0
0.0
0.0
0.0
0.0
0.0
0.0
0.0
0.0
0.0
0.0
0.0
0.0
0.0
0.0
0.0
0.0
0.0
0.0
0.0
0.0
0.0
0.0
0.0
0.0
0.0
0.0
0.0
0.0
0.0
0.0
0.0
0.0
0.0
0.0
0.0
0.0
0.0
0.0
0.0
0.0
0.0
0.0
0.0
0.0
0.0
0.0
0.0
0.0
0.0
0.0
0.0
0.0
0.0
0.0
0.0
0.0
0.0
0.0
0.0
0.0
0.0
0.0
0.0
0.0
0.0
0.0
0.0
0.0
0.0
0.0
0.0
0.0
0.0
0.0
0.0
0.0
0.0
0.0
0.0
0.0
0.0
0.0
0.0
0.0
0.0
0.0
0.0
0.0
0.0
0.0
0.0
0.0
0.0
0.0
0.0
0.0
0.0
0.0
0.0
0.0
0.0
0.0
0.0
0.0
0.0
0.0
0.0
0.0
0.0
0.0
0.0
0.0
0.0
0.0
0.0
0.0
0.0
0.0
0.0
0.0
0.0
0.0
0.0
0.0
0.0
0.0
0.0
0.0
0.0
0.0
0.0
0.0
0.0
0.0
0.0
0.0
0.0
0.0
0.0
0.0
0.0
0.0
0.0
0.0
0.0
0.0
0.0
0.0
0.0
0.0
0.0
0.0
0.0
0.0
0.0
0.0
0.0
0.0
0.0
0.0
0.0
0.0
0.0
0.0
0.0
0.0
0.0
0.0
0.0
0.0
0.0
0.0
0.0
0.0
0.0
0.0
0.0
0.0
0.0
0.0
0.0
0.0
0.0
0.0
0.0
0.0
0.0
0.0
0.0
0.0
0.0
0.0
0.0
0.0
0.0
0.0
0.0
0.0
0.0
0.0
0.0
0.0
6.3838380316222755e-6
6.683622739985446e-6
0.0
0.0
0.0
0.0
0.0
0.0
0.0
0.0
0.0
0.0
0.0
0.0
0.0
0.0
0.0
0.0
0.0
0.0
0.0
0.0
0.0
0.0
0.0
0.0
0.0
0.0
0.0
0.0
0.0
0.0
0.0
0.0
0.0
0.0
0.0
0.0
0.0
0.0
0.0
0.0
0.0
0.0
0.0
0.0
0.0
0.0
0.0
0.0
0.0
0.0
0.0
0.0
0.0
0.0
0.0
0.0
0.0
0.0
0.0
0.0
0.0
0.0
0.0
0.0
0.0
0.0
0.0
0.0
0.0
0.0
0.0
0.0
0.0
0.0
0.0
0.0
0.0
0.0
0.0
0.0
0.0
0.0
0.0
0.0
0.0
0.0
0.0
0.0
0.0
0.0
0.0
0.0
0.0
0.0
0.0
0.0
0.0
0.0
0.0
0.0
0.0
0.0
0.0
0.0
0.0
0.0
0.0
0.0
0.0
0.0
0.0
0.0
0.0
0.0
0.0
0.0
0.0
0.0
0.0
0.0
0.0
0.0
0.0
0.0
0.0
0.0
0.0
0.0
0.0
0.0
0.0
0.0
0.0
0.0
0.0
0.0
0.0
0.0
0.0
0.0
0.0
0.0
0.0
0.0
0.0
0.0
0.0
0.0
0.0
0.0
0.0
0.0
0.0
0.0
0.0
0.0
0.0
0.0
0.0
0.0
0.0
0.0
0.0
0.0
0.0
0.0
0.0
0.0
0.0
0.0
0.0
0.0
0.0
0.0
0.0
0.0
0.0
0.0
0.0
0.0
0.0
0.0
0.0
0.0
0.0
0.0
0.0
0.0
0.0
0.0
0.0
0.0
0.0
0.0
0.0
0.0
0.0
0.0
0.0
0.0
0.0
0.0
0.0
0.0
0.0
0.0
0.0
0.0
0.0
0.0
0.0
0.0
0.0
0.0
0.0
0.0
0.0
0.0
0.0
0.0
0.0
0.0
0.0
0.0
0.0
0.0
0.0
0.0
0.0
0.0
0.0
0.0
0.0
0.0
0.0
0.0
0.0
0.0
0.0
0.0
0.0
0.0
0.0
0.0
0.0
0.0
0.0
0.0
0.0
0.0
0.0
0.0
0.0
0.0
0.0
0.0
0.0
0.0
0.0
0.0
0.0
0.0
0.0
0.0
0.0
0.0
0.0
0.0
0.0
0.0
0.0
0.0
0.0
0.0
0.0
0.0
0.0
0.0
0.0
0.0
0.0
0.0
0.0
0.0
0.0
0.0
0.0
0.0
0.0
0.0
0.0
0.0
0.0
0.0
0.0
0.0
0.0
0.0
0.0
0.0
0.0
0.0
0.0
0.0
0.0
0.0
0.0
0.0
0.0
0.0
0.0
0.0
0.0
0.0
0.0
0.0
0.0
0.0
0.0
0.0
0.0
0.0
0.0
0.0
0.0
0.0
0.0
0.0
0.0
0.0
0.0
0.0
0.0
0.0
0.0
0.0
0.0
0.0
0.0
0.0
0.0
0.0
0.0
0.0
0.0
0.0
0.0
0.0
0.0
0.0
0.0
0.0
0.0
0.0
0.0
0.0
0.0
0.0
0.0
0.0
0.0
0.0
0.0
0.0
0.0
0.0
0.0
0.0
0.0
0.0
0.0
0.0
0.0
0.0
0.0
0.0
0.0
0.0
0.0
0.0
0.0
0.0
0.0
0.0
0.0
0.0
0.0
0.0
0.0
0.0
0.0
0.0
0.0
0.0
0.0
0.0
0.0
0.0
0.0
0.0
0.0
0.0
0.0
0.0
0.0
0.0
0.0
0.0
0.0
0.0
0.0
0.0
0.0
0.0
0.0
0.0
0.0
0.0
0.0
0.0
0.0
0.0
0.0
0.0
0.0
0.0
0.0
0.0
0.0
0.0
0.0
0.0
0.0
0.0
0.0
0.0
0.0
0.0
0.0
0.0
0.0
0.0
0.0
0.0
0.0
0.0
0.0
0.0
0.0
0.0
0.0
0.0
0.0
0.0
0.0
0.0
0.0
0.0
0.0
0.0
0.0
0.0
0.0
0.0
0.0
0.0
0.0
0.0
0.0
0.0
0.0
0.0
0.0
0.0
0.0
0.0
0.0
0.0
0.0
0.0
0.0
0.0
0.0
0.0
0.0
0.0
0.0
0.0
0.0
0.0
0.0
0.0
0.0
0.0
0.0
0.0
0.0
0.0
0.0
0.0
0.0
0.0
0.0
0.0
0.0
0.0
0.0
0.0
0.0
0.0
0.0
0.0
0.0
0.0
0.0
0.0
0.0
0.0
0.0
0.0
0.0
0.0
0.0
0.0
0.0
0.0
0.0
0.0
0.0
0.0
0.0
0.0
0.0
0.0
0.0
0.0
0.0
0.0
0.0
0.0
0.0
0.0
0.0
0.0
0.0
0.0
0.0
0.0
0.0
0.0
0.0
0.0
0.0
0.0
0.0
0.0
0.0
0.0
0.0
0.0
0.0
0.0
0.0
0.0
0.0
0.0
0.0
0.0
0.0
0.0
0.0
0.0
0.0
0.0
0.0
0.0
0.0
0.0
0.0
0.0
0.0
0.0
0.0
0.0
0.0
0.0
0.0
0.0
0.0
0.0
0.0
0.0
0.0
0.0
0.0
0.0
0.0
0.0
0.0
0.0
0.0
0.0
0.0
0.0
0.0
0.0
0.0
0.0
0.0
0.0
0.0
0.0
0.0
0.0
0.0
0.0
0.0
0.0
0.0
0.0
0.0
0.0
0.0
0.0
0.0
0.0
0.0
0.0
0.0
0.0
0.0
0.0
0.0
0.0
0.0
0.0
0.0
0.0
0.0
0.0
0.0
0.0
0.0
0.0
3.395479355768773e-5
2.662984544034637e-5
9.784969457819612e-5
0.00012629066252427837
0.00013403996042294887
4.420708296923303e-5
0.0
0.0
0.0
0.0
0.0
0.0
0.0
0.0
0.0
0.0
0.0
0.0
4.198488701568377e-6
3.9648441325628866e-6
4.188131376979687e-6
1.6030491078766834e-5
1.795876210446527e-5
6.453201870204403e-5
0.00011602388590020489
0.00020102232067123813
1.510690814868544e-5
0.0007976324967921009
0.0001580828954700693
0.0
0.0
0.0
0.0
0.0
0.0
0.0
0.0
0.0
0.0
0.0
0.0
0.0
0.0
0.0
0.0
0.0
0.0
0.0
0.0
0.0
0.0
0.0
0.0
0.0
0.0
0.0
0.0
0.0
0.0
0.0
0.0
0.0
0.0
0.0
0.0
0.0
0.0
0.0
0.0
0.0
0.0
0.0
0.0
0.0
0.0
0.0
0.0
0.0
0.0
0.0
0.0
0.0
0.0
0.0
0.0
0.0
0.0
0.0
0.0
0.0
0.0
0.0
0.0
0.0
0.0
0.0
0.0
0.0
0.0
0.0
0.0
0.0
0.0
0.0
0.0
0.0
0.0
0.0
0.0
0.0
0.0
0.0
0.0
0.0
0.0
0.0
0.0
0.0
0.0
0.0
0.0
0.0
0.0
0.0
0.0
0.0
0.0
0.0
0.0
0.0
0.0
0.0
0.0
0.0
0.0
0.0
0.0
0.0
0.0
0.0
0.0
0.0
0.0
0.0
0.0
0.0
0.0
0.0
0.0
0.0
0.0
0.0
0.0
0.0
0.0
0.0
0.0
0.0
0.0
0.0
0.0
0.0
0.0
0.0
0.0
0.0
0.0
0.0
0.0
0.0
0.0
0.0
0.0
0.0
0.0
0.0
0.0
0.0
0.0
0.0
0.0
0.0
0.0
0.0
0.0
0.0
0.0
0.0
0.0
0.0
0.0
0.0
0.0
0.0
0.0
0.0
0.0
0.0
0.0
0.0
0.0
0.0
0.0
0.0
0.0
0.0
0.0
0.0
0.0
0.0
0.0
0.0
0.0
0.0
0.0
0.0
0.0
0.0
0.0
0.0
0.0
0.0
0.0
0.0
0.0
0.0
0.0
0.0
0.0
0.0
0.0
0.0
0.0
0.0
0.0
0.0
0.0
0.0
0.0
0.0
0.0
0.0
0.0
0.0
0.0
0.0
0.0
0.0
0.0
0.0
0.0
0.0
0.0
0.0
0.0
0.0
0.0
0.0
0.0
0.0
0.0
0.0
0.0
0.0
0.0
0.0
0.0
0.0
0.0
0.0
0.0
0.0
0.0
0.0
0.0
0.0
0.0
0.0
0.0
0.0
0.0
0.0
0.0
0.0
0.0
0.0
0.0
0.0
0.0
0.0
7.593531904754428e-6
8.414336625884697e-5
0.0
0.0
0.0
0.0
0.0
0.0
0.0
0.0
0.0
0.0
0.0
0.0
0.0
0.0
0.0
0.0
0.0
0.0
0.0
0.0
0.0
0.0
1.4995011765335918e-5
0.00017561894118961536
2.914593782162567e-5
0.0
0.0
0.0
0.0
0.0
0.0
0.0
0.0
0.0
0.0
0.0
0.0
0.0
0.0
0.0
0.0
5.378396540512839e-5
9.151165348680196e-5
0.00024009396612592455
0.0002521340694545876
0.0003967020758151187
0.00027279122596694257
0.00039559383223304275
0.0003032204896959002
0.0004189425002498372
0.0002935190370718003
0.00027761762470803245
8.099111939480046e-6
0.0
0.0
0.0
0.0
0.0
0.0
1.203754399557735e-5
1.6485366703650097e-5
0.00013291742978985402
0.00015351165971009333
0.00024275876987086897
0.00022602846819065977
0.0004167684012099991
0.0003989474379122826
0.0006668677216472172
0.0005832777871127932
0.0008340348762084323
6.863649231132372e-5
0.002122719052523046
0.0012402063951528798
0.0006597914765697402
0.0002513686892591248
2.3831490891506795e-5
0.0
0.0
0.0
0.0
0.0
0.0
0.0
0.0
0.0
0.0
0.0
0.0
0.0
0.0
0.0
0.0
0.0
0.0
1.4329435555410272e-5
6.993486489568454e-6
0.0
0.0
0.0
0.0
0.0
0.0
0.0
0.0
0.0
0.0
0.0
0.0
0.0
0.0
0.0
0.0
0.0
0.0
0.0
0.0
0.0
0.0
0.0
0.0
0.0
0.0
0.0
0.0
0.0
0.0
0.0
0.0
0.0
0.0
0.0
0.0
0.0
0.0
0.0
0.0
0.0
0.0
0.0
0.0
0.0
0.0
0.0
0.0
0.0
0.0
0.0
0.0
0.0
0.0
0.0
0.0
0.0
0.0
0.0
0.0
0.0
0.0
0.0
0.0
0.0
0.0
0.0
0.0
0.0
0.0
0.0
0.0
0.0
0.0
0.0
0.0
0.0
0.0
0.0
0.0
0.0
0.0
0.0
0.0
0.0
0.0
0.0
0.0
0.0
0.0
0.0
0.0
0.0
0.0
0.0
0.0
0.0
0.0
0.0
0.0
0.0
0.0
0.0
0.0
0.0
0.0
0.0
0.0
0.0
0.0
0.0
0.0
0.0
0.0
0.0
0.0
0.0
0.0
0.0
0.0
0.0
0.0
0.0
0.0
0.0
0.0
0.0
0.0
0.0
0.0
0.0
0.0
0.0
1.6101873938643035e-5
3.18194385874165e-5
1.538417919743604e-5
3.494333659980582e-5
1.993458758329058e-5
5.1095170864233736e-5
2.7833286035716837e-5
4.082849144277552e-5
1.1394724540108978e-5
1.255924649040803e-5
0.0
8.390225373261519e-6
0.0
0.0
0.0
0.0
0.0
0.0
0.0
0.0
0.0
1.657136048698727e-5
0.0
0.0
0.0
0.0
0.0
0.0
0.0
0.0
0.0
0.0
1.3372217315246932e-5
3.1106163353462154e-6
7.579118267933949e-6
6.629457403553473e-6
0.0
0.0
0.0
0.0
0.0
0.0
0.0
0.0
0.0
0.0
0.0
0.0
6.888679319930663e-6
0.0
0.0
0.0
0.0
0.0
0.0
5.0648313565503044e-5
4.449669924071408e-5
0.0001122946470592667
6.833161483677267e-6
0.000528808693816366
0.00023048330385156337
0.00012983435275817386
0.00013134526680839856
1.1711894295979515e-5
0.0
0.0
0.0
0.0
0.0
0.0
0.0
0.00011348192146970828
0.000240167963350219
0.00029852009641877805
0.0
0.0
0.0
0.00010910714020818223
0.00018723231234729187
0.00031438913946130366
0.00024223909283389852
0.0003562813075776486
1.4073645888888831e-5
0.0013861216101372913
0.0005540278044163598
0.00015430910156024322
0.0
0.0
0.0
0.0
0.0
0.0
0.0
0.0
0.0
0.0
0.0
0.0
0.0
0.0
0.0
0.0
0.0
0.0
8.46109228741218e-5
4.299022736963063e-5
0.0
0.00031384513393760156
2.438895706738506e-5
0.0
0.0
0.0
0.0
0.0
0.0
0.0
0.0
0.0
0.0
1.1443173198425244e-5
0.00015165052741709375
0.0002063329885324392
0.0
0.0
0.0
0.0
0.0
4.54345024849583e-5
6.856843916431835e-5
3.0489063118011677e-5
0.00010549022477816632
0.00013399550422468884
0.00013476475754535514
4.203994451317208e-5
5.57711355738695e-5
1.868947556936329e-5
1.6829249252488926e-5
4.433327956781841e-6
1.47079211069216e-5
9.083853420675426e-6
1.1859584914442294e-5
5.047037358147669e-6
1.3891791072803334e-5
9.904195013207806e-6
3.690534833108678e-5
3.173512710269333e-5
0.00012169524051652551
0.00016746053838251552
0.0001686339146505176
0.00020354126610299425
0.00029711452939863817
0.0004366923591149533
0.0004720930197924097
0.0005714267922570732
0.0005282429759037752
0.0006544843871188146
0.0005054429594144198
0.0003562824493486105
0.00011448852912074004
0.0
0.0
0.0
0.0
0.0
0.0
0.0
0.0
2.6255751128180426e-6
1.185169370393054e-5
8.634785815584821e-5
0.00017737456236588113
0.0002596829179973927
0.00028864293966703963
0.00019737974126512675
0.00020408116658233245
0.0002727828316118841
0.0003326529292235935
0.0003585317342188817
3.394337846455872e-5
0.0011530137742187863
4.683317466064021e-5
0.0
0.0
0.0
0.0
0.0
0.0
0.0
0.0
0.0
0.0
0.0
0.0
0.0
0.0
0.0
0.0
0.0
0.0
0.0
0.0
0.0
0.0
0.0
0.0
0.0
0.0
0.0
0.0
0.0
0.0
0.0
0.0
0.0
0.0
0.0
0.0
0.0
0.0
0.0
0.0
0.0
0.0
0.0
0.0
0.0
0.0
0.0
0.0
0.0
0.0
0.0
0.0
0.0
0.0
0.0
0.0
0.0
0.0
3.483143856479679e-5
0.00023278464464704385
0.0002636485641627323
0.0
0.0
0.0
3.9311981766359626e-5
3.323896213370668e-5
6.541585536173132e-5
3.302466326941551e-5
8.726311036064507e-5
7.000750331114532e-6
0.0005328245845433747
0.00022899862162124512
1.0035064303731327e-5
0.0
0.0
0.0
0.0
0.0
0.0
0.0
8.079616352388553e-5
0.00029953571791165685
0.0003997053723612513
0.0005734422188205155
0.0007669116818643671
0.0
0.0
0.0001134057491570136
0.00022751663767927208
0.0003478288661071344
0.00035117388152160336
0.0003914011871191823
0.00036751963650796473
2.2836453367196557e-5
0.0013154484804548303
0.0008691677518573689
0.000656374813473869
0.0003775142802161469
0.00015354674072919362
0.0
0.0
0.0
0.0
0.0
1.842643433917658e-5
0.0002317568638657778
0.00046310299127788314
0.0008888059357087538
0.0010950802361344473
0.0
0.0
0.00042416113139613713
0.0006126700117076177
0.0006205608114303931
0.0007805672036980453
0.000749584018568502
0.0009919121364388287
9.427639178996216e-5
0.004068012784010901
0.003544304432103048
0.0028112003228477297
0.0014550661152635126
0.00033788866175060316
0.0
0.0
0.0
0.0
0.00013262353578564811
0.0003564961940402526
0.0
0.0
0.00024074273235693766
0.00017999352392493868
0.00037216570990892487
0.00035363197507453433
0.00025837943419731665
0.00014724586142082405
0.00019206316527067228
0.0001169762657101216
0.0001440396872195754
9.094232825171774e-5
0.0001471869057452375
8.261679702752286e-5
7.457019577235159e-5
2.1115601965425467e-5
1.8265017831643672e-5
0.0
3.1778586647085626e-6
0.0
0.0
0.0
0.0
3.7296335025257144e-6
2.3808395033363252e-5
2.167161745768318e-5
5.573026753231133e-5
7.802223185493645e-5
0.00016662422755482165
0.00022178229707650558
0.0002335095616047066
0.00026446803833312434
0.00026232623015252503
0.00029489950076430724
0.0002855697356672143
0.00030239771037494017
1.1949151868533056e-5
0.0003478526205685968
3.0015295383175388e-5
0.0
0.0
0.0
0.0
0.0
0.0
0.0
0.0
0.0
0.0
0.0
0.0
0.0
0.0
0.0
0.0
0.0
1.6595211683367266e-5
1.334404535141762e-5
2.4708203309218254e-5
3.9807646061567295e-5
0.0
0.00021645706318100557
5.8178859137126646e-6
0.0
0.0
0.0
0.0
0.0
0.0
0.0
0.0
0.0
0.0
0.0
0.0
0.0
0.0
0.0
0.0
0.0
0.0
0.0
0.0
8.514851207673878e-5
1.0253458707985361e-5
0.0003067244785485636
3.047227823778253e-5
0.0
0.0
0.0
0.0
0.0
0.0
0.0
0.0
0.0
0.0
0.0
0.0
0.0
0.0
0.0
0.0
0.0
0.0
0.0
0.0
0.0
4.714662012708832e-6
0.0
0.0
0.0
0.0
0.0
0.0
0.0
0.0
0.0
0.0
0.0
0.0
0.0
0.0
0.0
0.0
0.0
0.0
0.0
0.0
0.0
0.0
0.0
0.0
0.0
0.0
0.0
0.0
0.0
0.0
0.0
0.0
0.0
0.0
0.0
0.0
0.0
0.0
0.0
0.0
0.0
0.0
0.0
0.00011037688279573079
0.00020143336361404504
0.00015124440789140956
0.00021757906567553006
6.400730344943823e-6
0.0008404574807950851
0.0004397643993652981
0.00013542192048626798
0.0
0.0
0.0
0.0
0.0
0.0
0.0
0.0
0.0
0.0
0.0
0.0
0.0
0.0
0.0
0.0
0.0
0.0
1.8060382895842372e-6
2.2284803979624122e-6
2.950841532561226e-6
1.4026801099889325e-5
9.865899243279953e-6
3.962546997971827e-6
0.0
0.0
0.0
0.0
0.0
3.1841412932774388e-6
4.332150706301998e-6
2.0686062715696963e-5
1.8095514200615933e-5
5.343031563530319e-5
5.9663723278934156e-5
0.00013266758708203164
0.00011603500215743358
0.00022980981224494362
0.00017644027820299448
0.00028228341921792576
0.00023984902590330238
0.0003733515965329025
0.0003288277243861274
0.0005033079605517512
2.8242642990658403e-5
0.0012769482223239528
0.0005298419013620793
0.0003041523772517752
0.0001317645150648385
7.3612865202988344e-6
0.0
0.0
0.0
0.0
8.584048320222414e-5
0.00018537722898743085
0.0004353801646915518
0.0006153054431247408
0.0007431316010370585
0.0011271957267451412
0.0
0.00010048650737138195
0.00022794606974120416
0.0004461435283488493
0.00039927352881101886
0.0006492749490112423
0.0005914593443220074
0.0008523211862337022
6.734683188747639e-5
0.004181266854373898
0.002884133668442882
0.001589484232387658
0.000986910591242305
0.0007080110591964134
0.00037757445000865267
0.0001774979921894873
0.0002048947280733191
0.00040222058553310134
0.0006421496849688667
0.0007856018190427423
0.0016006032729079475
0.002083111941474696
0.002704426268101913
0.002969741071384379
0.0
0.00032931078377194066
0.0007519401409525668
0.0007836977261046416
0.0012117367911593515
0.0009364858950078255
0.0013785852267832975
0.001210246753235004
0.00033511538904474036
0.006296447480718136
0.0046873272865334955
0.0031727184265557015
0.002417507275654905
0.002027352647972469
0.0017042048337989365
0.001511153431615513
0.001472616214577729
0.0016146443067895757
0.0016375869272341696
0.0015341664444802803
0.002146441033855812
0.002274074879075733
0.0023032953114575914
0.002242822896662978
0.0
0.000312931483155703
0.0006747776799662138
0.0005688034944867323
0.0007623747432556986
0.000595802100101825
0.0008080804167038832
0.0005746601522178916
0.00010356452554985933
0.0008053715054080134
0.00017594662454977064
4.180079952224616e-6
0.0
0.0
0.0
0.0
0.0
0.0
0.0
0.0
0.0
0.0
0.0
0.0
0.0
0.0
0.0
0.0
7.902001902275558e-5
0.00017929935069579053
0.00045738651005307107
0.0005162224036941421
0.00010900998426456437
0.005245890445600698
0.004379794934482244
0.003622448492653047
0.003020674810061762
0.0021582883182012015
0.0014350663429163267
0.0007093999746759412
0.0003633206500027606
0.000684256485552018
0.0006807953283841895
0.0006155283223111396
0.0009277559044210523
0.0010515555509451044
0.0016048110194227315
0.00147129704884294
0.0
0.0
0.00034271206745571366
0.00042601361340861924
0.000441782757379079
0.0005701062286623326
0.0005550025625119507
0.000642522552173239
4.038181150938216e-5
0.002777137588794755
0.0023145980606689323
0.001770332487264826
0.0014063946346695136
0.001335660981968354
0.001066698197568224
0.0009106520236548679
0.0011028894635009882
0.0011628810304982276
0.0011670551433382364
0.0012639761545800118
0.0
8.492006159750868e-5
0.00035634645164530764
0.00046245605390818903
0.0005367791431020548
0.0004918672261447028
0.0007135051034216902
0.0007427380040340299
0.0009455457798890715
0.0008032207585442516
0.000937883520456556
0.0008469150338428975
0.00104873848048077
0.000968674070411271
0.0011926134730771306
0.0009572640853254852
0.0010893904934783036
0.0008605436460548529
0.0006985936207744959
0.0004047958425788607
0.00035552094567978856
0.0002893573546539878
0.0003644749971253999
0.0003745097575172397
0.0004762590051593725
0.0005035397106215074
0.0006705456138280586
0.0005963589258720746
0.0006511861267509979
0.0006053898007439959
0.0007305787385409977
0.000692667357205565
0.000875143389579759
0.0007760216323066383
0.0008849329727276602
0.0007094967730434513
8.387010615892728e-5
0.0024545828181774965
0.0016184619823490943
0.0010499550425101588
0.00024027338020788915
0.0
0.0
0.0
0.0
0.0
0.0
0.0
0.0
0.0
0.0
0.0
0.0
0.0
0.0
0.0
0.0
0.0
8.411115225901116e-6
0.0
0.0
0.0
0.0
0.0
0.0
0.0
0.0
0.0
0.0
0.0
0.0
0.0
0.0
0.0
0.0
0.0
0.0
0.0
0.0
6.544077262419655e-5
0.00010700531088761319
0.00021107220192414857
0.00026709201351280825
0.00028146544943134745
1.730213462829573e-5
0.0011817807573816222
0.0005606502336391088
0.0002084830033349166
7.727597208764233e-6
0.0
0.0
0.0
0.0
0.0
0.0
0.0
0.0
0.0
6.680651803537429e-5
0.00010592272349757403
0.0
0.0
0.0
0.0
0.00028219799470111605
0.00024980451010539706
0.0003801920251876098
0.0003022122680955227
5.6912648517150456e-5
0.0011976358828215616
0.0006702838591555961
0.000425277758540249
0.000105224662327346
0.0
0.0
0.0
0.0
0.0
0.0
0.0
0.0
0.0
0.00015435110878897913
0.0005050877064228592
0.0
0.0
0.0
0.0
0.0
8.067549043447699e-5
7.926630840590338e-5
0.00011896578185678675
3.108421645181708e-5
0.000638117648207175
0.0003948825491522976
0.0003229289427634701
0.0002081503864514448
0.0001872756958172282
0.0002108633961196282
0.0001339110022823649
7.242572770040258e-5
6.114673422606264e-5
0.00011369900889126058
0.00020613300674339336
0.0003599230045396945
0.0006042181697404473
0.0008469586114891216
0.0009110222164790754
0.0
7.83564317804621e-5
0.00017083821603431767
0.00034516216272480784
0.00032561457920055254
0.00048330338956132464
0.00040585071858913153
0.0005609628859165174
2.6703840231304856e-5
0.0013510856244330258
0.0009118363573918426
0.0008951866823374431
0.0006901597217167333
0.0004124455019751947
0.00022049923171273822
2.545147962669942e-5
6.81428715604656e-5
0.0001582754999011367
0.0003606007517369898
0.0009082369684240944
0.0
7.618028994851538e-5
0.00019267011632333875
0.0004540052068614616
0.0004179923345467326
0.0006551822655926063
0.0005780433091928903
0.0008673434752834391
0.0007602179421604052
0.0010500132424125174
0.0008440959712482481
0.0011649868397949235
0.0009717519326796316
0.001326778546152139
0.0010030450378165706
0.0011999071583117607
0.0008098759328162522
0.000851634036678454
0.0005321706035817483
0.0005393812247336018
0.0003135262783541256
0.0004947646068357558
0.0004781943779121476
0.0007830459995764842
0.0006770919470088056
0.0009785477822264463
0.0008352273717598886
0.0012042690187226864
0.000986436278456559
0.0013437237400512308
0.0010998291794686971
0.0014953847703875168
0.001174345590011977
0.0015991512319830396
0.001304022824227354
0.00172973095388791
0.00035142286543189157
0.00631275735675397
0.005443544945004568
0.004741406638552436
0.0032751616805930185
0.0021281149907897774
0.0011861111443575904
0.0006050811454826073
0.0005000468988267666
0.0005419339855226796
0.0011417978241301484
0.0016811381527930395
0.0016991393419061352
0.0020270054498463482
0.0027046095395120207
0.002929287976409047
0.0001007251935280247
0.0005627932840966042
0.0006815645663983872
0.0009675646621639429
0.0009266687742805254
0.0011573748042210978
0.0011196565578101443
0.001405029366048284
0.0001950767754983351
0.005371010489245294
0.004219088339643276
0.0031025189022254175
0.0018658350003334303
0.0006669760606993914
0.0002415862271512695
9.74457535423496e-5
7.631885842532632e-6
0.0001526099280881833
0.00041436999961302987
0.00047604241928630775
0.0015996371446515432
0.001921525220126604
0.00248958728367704
0.002829535754862204
0.0
0.0006252007272484544
0.0006517938844676291
0.0009767525657022186
0.000820191761503827
0.001203240989538371
0.0009781856429594336
0.0012450964111414106
0.0001325856492348058
0.004241619098020064
0.0035289124437645892
0.0030848278784156844
0.0028340166240457543
0.0025129042954316156
0.0018654596984848182
0.0014783462407187877
0.0013876800127018162
0.0011066825231196076
0.0011062117210097438
0.0011704603602701563
0.0016383761460766707
0.0015250988615574613
0.0015782899144597743
0.0016449934011898188
0.0
0.0
0.00031483179958250514
0.0004361576436690634
0.00044979592806453555
0.0005310586017383938
0.00048700855047718503
0.000568757686936636
3.156919531455034e-5
0.0019961491834667175
0.001120311672039139
0.0007837305483403577
0.0005824482877289284
0.0003532107554561714
0.00026276441512680735
0.00023600666964474924
0.00015212787670526449
8.682939494053399e-5
9.563697584692898e-6
0.0
0.0
0.0
0.0
0.0
0.0
0.0
0.0
0.0
0.0
6.843123194930079e-5
3.113736059497274e-5
5.674028208267826e-5
3.22063089699615e-6
0.00026045747013612986
6.6875379710593615e-6
0.0
0.0
0.0
0.0
0.0
0.0
0.0
0.0
0.0
0.0
0.0
3.505708318522358e-5
3.279897688326204e-5
0.0
0.0
0.0
0.0
1.6929880621323394e-5
0.0
1.741742027910632e-5
2.7987304469209195e-5
0.0
0.00010959062977770974
2.5070796455535613e-6
0.0
0.0
0.0
0.0
0.0
0.0
0.0
0.0
0.0
0.0
0.0
1.9305515082910002e-5
1.706011679314377e-5
5.452644025564881e-5
5.526287156954195e-5
0.0001693245306302557
0.0001802076459144844
0.00028001258869461134
0.00021353325057394925
0.00036497624635189454
0.00028615701715580693
0.00041851463768962163
0.0003062441979408788
0.0003708334718614526
0.00021787401144343095
0.0002625154277169634
0.00015404814063282442
0.00013807083166902898
2.456328133979589e-5
1.4923257988521814e-5
6.337147350631808e-6
2.2496207193705528e-5
1.2864205432655686e-5
5.269930755359553e-5
6.422726096463111e-5
0.00023037624207184338
0.00023991649148470099
0.000438432521739367
0.00042407437479140123
0.0006952251187617608
0.000602807710079652
0.0008900845585990248
0.0007637161416357693
0.0011249970009713814
0.0008574004052158888
0.000199814183511726
0.002860654863393085
0.0024130065479639738
0.001920901034121397
0.0005756398257176036
0.0
0.0
0.0
0.0
0.0
0.0
0.0
0.0
0.0
0.0
0.0
0.0
0.0
0.0
0.0
0.0
1.2446871112717466e-5
5.8475865096796785e-6
2.8782342922555064e-5
0.0
0.00023586099841061854
3.216320191914466e-6
0.0
0.0
0.0
0.0
0.0
0.0
0.0
0.0
0.0
0.0
0.0
0.0
0.0
0.0
0.0
0.0
0.0
0.0
1.5533889746423282e-5
1.4276461677091346e-5
4.682506380230759e-5
3.149123647207925e-6
0.0005088912009319229
9.192897692214046e-5
0.0
0.0
0.0
0.0
0.0
0.0
0.0
0.0
0.0
0.0
0.0
0.0
0.0
0.0
0.0
0.0
0.0
0.0001164333799788627
0.0002904463111047557
0.00028079720594829873
0.000380929701787363
1.1898942904214614e-5
0.0013175455899212232
0.0007594773884024876
0.000285583330787369
7.47901058636575e-6
0.0
0.0
0.0
0.0
0.0
0.0
0.0
2.98533516103257e-5
0.00010363705109646907
0.0002684060214583543
0.0003702777685655489
0.0
0.0
0.0
0.0
0.0
9.941591668756308e-5
0.00014497706165376284
9.539381787939215e-5
2.57063976683429e-5
0.0008760268478622404
0.0004624105963136726
0.0003349888081491397
0.00013827729028549856
0.0
0.0
0.0
0.0
0.0
0.0
0.0
0.0
0.0
0.0
0.0
0.0
0.0
0.0
0.0
0.0
0.0
0.0
0.0
0.0
0.0
0.0
0.0
0.0
0.0
0.0
0.0
0.0
0.0
0.0
0.0
0.0
0.0
0.0
0.0
0.0
0.0
0.0
0.0
5.6058331657219894e-5
6.87215899630805e-5
0.00021136868664624147
0.00016115164826386186
0.00019433324770669894
0.00018841550921922402
0.00025583467035112414
3.6197672932602436e-5
6.502880870950431e-5
2.552038614202155e-5
2.6032857524919933e-5
3.6279894897970564e-6
0.0
0.0
0.0
0.0
0.0
3.135505974541984e-6
2.267173430596228e-5
1.848635148010676e-5
5.7224837708479136e-5
3.401470340188054e-5
6.478106004429464e-5
3.165564602540335e-5
0.000118646950901026
8.229462504257063e-5
0.00013796880104042052
9.429291322559315e-5
0.00017200960494709972
0.0001637136157955354
0.0002834945436898446
0.00021207380462167808
0.0002536799475667954
7.221424470299021e-5
2.4229506214555606e-5
2.565169255649982e-6
4.237737008066623e-6
1.2298939028175203e-5
6.462007439422217e-5
6.918773419688238e-5
0.0001824630341735989
0.00017493923489519554
0.00030615978024954306
0.000284102461764626
0.0004555703360955295
0.00037806662197611637
0.0005930236009565546
0.00048370752938502296
0.0006644078940153288
0.0004904897463631652
0.0006300342927854643
0.00045848297027100587
9.823328664555195e-5
0.0012796122359542339
0.0007123425127192468
0.00047177770458198135
0.0003712411272669527
7.794935036752524e-5
0.0
0.0
0.0
0.0
0.0
0.0
0.0
0.0
0.0
0.0
0.0
0.0
0.0
0.0
0.0
6.862905817550537e-6
9.778328435816672e-6
2.878734640101087e-5
0.0
0.0001989309510977712
3.00870667362632e-5
0.0
0.0
0.0
0.0
0.0
0.0
0.0
0.0
0.0
0.0
0.0
0.0
0.0
0.0
0.0
0.0
0.0
0.0
0.0
0.0
9.058474082749664e-6
0.0
0.0
0.0
0.0
0.0
0.0
0.0
0.0
0.0
0.0
0.0
0.0
0.0
0.0
0.0
0.0
0.0
0.0
0.0
0.0
0.00023742697960663954
0.00027048425203134093
0.00040354898780576936
0.0005581996795030254
3.1554247275935754e-5
0.0027961045375661814
0.0025104886256526794
0.0021618934644288303
0.0010659608038764863
0.0005460922718668856
0.00035200768503203906
0.0001998438108819409
8.912296315717366e-5
0.0
0.0
9.629539022245415e-5
0.00023409924440999345
0.00027525374374334994
0.0006002424669964572
0.0005097780609788772
0.0
0.0
0.0
0.0
0.0
7.86984558623939e-5
0.0001699535111250249
0.00025595012174351383
4.574916327845235e-6
0.0002853574031281022
1.8214859882345173e-5
0.0
0.0
0.0
0.0
0.0
0.0
0.0
0.0
0.0
0.0
0.0
0.0
0.0
0.0
0.0
0.0
0.0
0.0
0.0
0.0
0.0
0.0
0.0
0.0
0.0
0.0
0.0
0.0
0.0
0.0
0.0
0.0
0.0
0.0
0.0
0.0
0.0
0.0
0.0
