0.00031165335561364905
0.0004268680848457762
0.0005018023019074152
0.0005488644993059701
0.0005859947821439061
0.0005954498607317838
0.0005909913990370254
0.0005937863303769103
0.0005691234118162699
0.0005109416702463454
0.00044809931371876465
0.000373731066374672
0.0003173796671421635
0.00028141574083996465
0.00025257698230258656
0.0002245023367780105
0.00020096367861279738
0.00018407083004421619
0.0001665665836356402
0.0001636768055538462
0.0001667851193834459
0.00017204550890251083
0.00019191845889670814
0.00021922120610288174
0.0002454811250544436
0.0002289205089515648
0.00021308249892257385
0.00022587921762165056
0.00023218596191189336
0.00019240583294891577
0.00011587767975119395
6.360541174255303e-5
4.602382411246457e-5
2.9891565796747787e-5
4.6071716951489466e-6
0.0
0.0
0.0
0.0
0.0
0.0
0.0
0.0
0.0
0.0
0.0
0.0
0.0
0.0
0.0
0.0
0.0
0.0
0.0
0.0
0.0
0.0
0.0
0.0
0.0
0.0
0.0
0.0
0.0
0.0
0.0
0.0
0.0
0.0
0.0
0.0
0.0
1.2576253726124095e-5
3.870843489792937e-5
7.57784932605321e-5
0.0001273886503442937
0.00017647994850501837
0.00021044607024678862
0.0002688296410765434
0.00033671874609041456
0.0002785984045258985
0.00017112615000151887
0.00010380578992061834
6.057721051960216e-5
4.0908729369184266e-5
2.9182341422763098e-5
1.8434973645667498e-5
1.0243066690902018e-5
1.423754487507392e-5
3.163773888437768e-5
6.981046026968915e-5
0.00016763932950755516
0.0002574704299012181
0.0002480534501554216
0.0002943803142928999
0.00037290247567106226
0.0004885585036616195
0.0005821296715687142
0.0006186524589670472
0.0006825513974535745
0.0006987513372258068
0.0006647584738628542
0.0006227477298208404
0.0005666536795269041
0.00039613381383287854
0.00018453648651159407
6.614608820620094e-5
2.1786997814565377e-5
5.374255570059347e-6
0.0
0.0
0.0
0.0
0.0
0.0
0.0
2.357648643674211e-6
8.423572855685189e-6
1.4328664543107377e-5
1.4814305083145711e-5
1.228657838815158e-5
1.7258106944914573e-5
2.907517080333379e-5
4.446839965474507e-5
7.189940581763165e-5
9.366008197506985e-5
9.519749111581078e-5
6.743538016325182e-5
3.7040650517328296e-5
4.992657283941026e-6
0.0
0.0
0.0
0.0
0.0
0.0
0.0
0.0
0.0
0.0
0.0
0.0
0.0
0.0
0.0
0.0
0.0
0.0
0.0
0.0
1.2262025634071392e-5
0.0001180344677259545
0.000214979200334176
0.0002860645346944883
0.0003336395619682634
0.00034816450532071017
0.0003695669343111502
0.0003850686209551357
0.0003802445548469999
0.0003860385893022619
0.0003942948639056292
0.0003913619695256398
0.00040546070790912516
0.0004340478219359939
0.0004517500612519208
0.0004585723784682112
0.0004840591300729868
0.0005252596007809414
0.0005706807034902134
0.0006108055237895074
0.0006763351808137259
0.000722452114730769
0.0007369484276636107
0.0007645987676982586
0.000785333081296541
0.000802647799586611
0.0008048383191141488
0.0007520467314704487
0.0006042368315389734
0.0004457102801928553
0.00036181366464911884
0.00028905067916034554
0.0002409260820129927
0.00022041502079371474
0.00022018245619923003
0.0002790907352406774
0.00040116739472253576
0.000488743636942213
0.0005872706186189064
0.0007081175605013428
0.0007909117764774265
0.0008624876140878066
0.0009430549692071225
0.0009856538060709628
0.0010215918020609644
0.0010709144261600084
0.0010997613940354949
0.0011152885545490418
0.0011114733432944367
0.0010872601614199502
0.0008821863673781327
0.0005580114010354149
0.00033868804586959043
0.00021581347690368422
0.0001382666665319777
7.735388795522481e-5
4.5845506387156185e-5
3.1190767985247056e-5
2.955020965902963e-5
8.688439853799016e-5
0.00021347751727040132
0.0003256858535882126
0.0004068442638641621
0.000471962020571377
0.00047196782566726167
0.0005298099879110773
0.0006343825446938137
0.0007117741551162315
0.0007990352321663872
0.000869626844165219
0.0009165361949089701
0.0009495423031972009
0.0008818301709865381
0.0008015491320943057
0.0007664974828837014
0.0006734771388520544
0.0005351848449934701
0.00043986197178631764
0.00038866352117261963
0.00034786412088828455
0.0003252698013373847
0.0003282698976267606
0.00035750438628257306
0.0004482003203738009
0.0005864679984946228
0.0007816164523211838
0.0009588579509590249
0.0010909318505609013
0.001250476206866509
0.0013907563955696891
0.0015159966972664743
0.0016179306271810457
0.0016914231609685755
0.0017642779886576248
0.0018555643220914565
0.001894351264582657
0.0019005847157991425
0.0019378981526900815
0.0018051344462357453
0.0015942074125373051
0.0014264739923768425
0.001241923838735241
0.0010944707274167902
0.0010101681394175713
0.0009449155050162268
0.0008555845828851209
0.0008598407582390311
0.0009070305980161667
0.0009383229675050648
0.0009727938819750283
0.0009971619275437253
0.0010205187896402998
0.0011448161218542553
0.001226099867005883
0.001253153062953861
0.0012673596138737355
0.0012968322101643897
0.0013212299895702323
0.0013216426886004666
0.0012805878633606136
0.001229861300773446
0.001244030434691584
0.0012640849691801224
0.0012351655221916012
0.001146351636131951
0.0011557724130188826
0.0012091765518366254
0.0011666346237201501
0.0010357748588299312
0.0008835431444648934
0.0007924838093579309
0.0007304690366102096
0.0007741410562934183
0.0008326930376616208
0.0008149264644871058
0.0008064587761633527
0.0008668460519892139
0.0009330755463094519
0.0009986953074180658
0.0010288760011678214
0.0010572172937038486
0.0010781835594679617
0.001118584319351685
0.0012183330943514997
0.0012561528260572996
0.0012836303540616897
0.0013264274584105034
0.0013432287774383313
0.0013708376708119925
0.0012940968135288333
0.001296407071783278
0.0014280860660062654
0.0015151601614164056
0.0015413786961455834
0.001460195845932263
0.0013631060039734739
0.001331916918196637
0.001354712887180263
0.0013762966466629419
0.0013901840710117382
0.0014305809355418173
0.0014946599230928703
0.0015961757284726709
0.0016528701127955742
0.0016991823894290682
0.0017344178674126131
0.00175941426163745
0.001788590423848328
0.0017757226894026031
0.0017157082456941987
0.0015198374715184924
0.0012743929927185663
0.0010492774541577463
0.0008721439212678087
0.0007103035978554943
0.0005715491451470674
0.0004844337241228581
0.0004159892003612987
0.00039677016238895115
0.00046669270068706745
0.0005604983433482904
0.0006237247598929058
0.0006837798797851626
0.0007681190347568511
0.0008608431106878622
0.000924539630983248
0.0009832299191353372
0.0010396307516700766
0.0011283333202344174
0.001188755216460817
0.001220064920212049
0.0012503304788998996
0.0011838840395307605
0.00110252353909345
0.0009217891422769416
0.0006582784756106154
0.0003826705479498842
0.00018936351117335547
0.00010578895622574867
5.8917312505273387e-5
3.2728890983610766e-5
2.4881592493446474e-5
2.5052178144334445e-5
3.9386439258527025e-5
6.312929083053762e-5
0.0001119630254583577
0.00015345027116857925
0.00019263924528922636
0.0002931482039912237
0.0004305166100753815
0.0005554102169497698
0.0006277886579883072
0.0006813902938138892
0.0007330731172282809
0.0007944060454571903
0.0008350799436590506
0.0008512206669354843
0.0008365670391697348
0.0006593028053181506
0.000382359090302583
0.0001948851606249788
9.433896356979924e-5
7.135413711178594e-5
7.163097239429866e-5
7.743320771684038e-5
8.7899915808951e-5
0.00019033081187230815
0.0003244003296768409
0.00047701226689618074
0.0006007145786234458
0.0006700339489706435
0.0007413607361084125
0.0008483281116249095
0.0009789530457406546
0.0010830012378345022
0.0011527641339087755
0.0012161378539941783
0.0012536976365852264
0.001292613354090769
0.001349912685238663
0.0013849077777937477
0.0013791923936345325
0.001236817001871602
0.0010530142655582025
0.0009652691282686637
0.0008947114565487442
0.0007984507385874898
0.0007400577428925066
0.0007042735825572762
0.0007028442205335025
0.0007080667816877365
0.00068571736190328
0.0007255765384810103
0.0007932035170088017
0.000769492775844786
0.0007293049875773751
0.0007550037144325577
0.0008140788996177907
0.0008425390089107946
0.0007952537765511772
0.0007310110898630589
0.000713455550817582
0.0006907373867658305
0.0006387833404227615
0.0005751813324802443
0.0005313835671475384
0.0005286658436074723
0.00042944116861383413
0.00021863919877365353
7.349549285677113e-5
1.3421420199314797e-5
2.282184119330286e-7
0.0
0.0
0.0
0.0
0.0
0.0
0.0
0.0
0.0
1.7419355225643475e-7
7.391848951769609e-6
9.46863018560029e-6
4.410622258785255e-6
5.734407391890031e-7
0.0
1.3684344247083527e-6
1.5868474731710474e-6
5.795487629645208e-7
2.3916221559809544e-7
0.0
0.0
0.0
0.0
0.0
0.0
0.0
0.0
0.0
0.0
0.0
0.0
0.0
0.0
0.0
0.0
0.0
0.0
0.0
0.0
0.0
0.0
0.0
0.0
0.0
0.0
0.0
0.0
0.0
0.0
0.0
0.0
0.0
0.0
0.0
0.0
0.0
0.0
0.0
0.0
0.0
0.0
0.0
0.0
0.0
0.0
0.0
0.0
0.0
0.0
0.0
0.0
0.0
0.0
0.0
0.0
0.0
0.0
0.0
0.0
0.0
0.0
0.0
0.0
0.0
0.0
0.0
0.0
0.0
0.0
0.0
0.0
0.0
0.0
0.0
0.0
0.0
0.0
0.0
0.0
0.0
0.0
0.0
0.0
0.0
0.0
0.0
0.0
0.0
0.0
0.0
2.4220588524213132e-6
6.176242071429592e-6
1.4582775474180264e-5
3.2561886430890836e-5
5.635551332996363e-5
7.805222036551965e-5
8.794034132992701e-5
0.00010024146627726771
8.260914940633696e-5
5.007728496809341e-5
3.312106440968567e-5
2.210845861708042e-5
1.9825568528065043e-5
4.5072606497585435e-5
0.0001151050557405614
0.00019925313694982806
0.0002597937442810979
0.0003067286491831362
0.0003750040291516545
0.00044304910397812054
0.0004901554186813174
0.0005730795604768192
0.0006465107114461296
0.0007121993376929725
0.0007631462122993862
0.000776990574145889
0.0007605084511744896
0.0007088934054403193
0.0005341718104610813
0.0003216708866835891
0.00019416728844313835
9.953758012145228e-5
4.8377994260088e-5
2.722105318170247e-5
1.4534213221148315e-5
1.4215112123939697e-5
2.1592252956942633e-5
3.104233185780411e-5
5.638729855634083e-5
0.00010303556001176823
0.00013057130375104182
0.00017948340921121404
0.0002499943269889179
0.0002970136489800093
0.0003375057612291193
0.0003816284071582833
0.00040057105867928497
0.0004048354318313342
0.0004102043779938638
0.0003781957783135127
0.0003238642560926113
0.0002774604053789911
0.00023319541866078638
0.00013161307661403027
2.333346103393805e-5
0.0
0.0
0.0
0.0
0.0
0.0
0.0
0.0
0.0
0.0
2.7515027750165255e-6
3.05723266141804e-5
7.989325296268491e-5
0.0001378580231627557
0.00018762210522270728
0.00024996574027387936
0.00032786296317975096
0.00041027425005584286
0.00046537275574655114
0.0005801888266542835
0.0006232959301946374
0.0004835861464859169
0.00031567537564961717
0.00019237127655838038
0.0001190048135774128
7.496953199648886e-5
4.985535732851855e-5
3.605001796363919e-5
2.788909044580895e-5
2.352838586107318e-5
3.379603390553806e-5
5.432845018272135e-5
0.0001071950330211747
0.00017961086906184627
0.00024556752360542185
0.00029490970697119447
0.0004080547379500723
0.0005570827988150179
0.0006164681914023106
0.0006791655779183214
0.0007598989138968211
0.0008214110774996182
0.0008101645190186644
0.0007388482875158478
0.0006313139348669915
0.00048526561304805635
0.0002931939145482953
0.00015155695924253977
7.96450798469709e-5
4.120062941936937e-5
1.3476099881197669e-5
5.322802574228681e-7
0.0
0.0
0.0
0.0
1.1775653737396476e-6
1.4036248396007928e-5
2.6237583708262033e-5
4.7155251148344e-5
8.30475045148898e-5
0.00010957643032807247
0.00013907295607202825
0.00015151588824440052
0.00015029227072213444
0.00014370564138088535
0.00015300989948712913
0.00013731957612592375
0.00011973459358403147
9.540180691994777e-5
5.461466530002676e-5
7.711674751717316e-6
0.0
0.0
0.0
0.0
0.0
0.0
0.0
0.0
0.0
0.0
0.0
0.0
0.0
2.8059090553717363e-7
8.135484437890846e-7
9.354885989321304e-7
2.339882768545105e-6
3.8838408694158355e-6
9.286884158690274e-7
2.2568304969914456e-7
5.357266335636073e-6
4.317492507246071e-6
9.786437256886151e-8
0.0
0.0
0.0
0.0
0.0
0.0
0.0
0.0
0.0
0.0
0.0
0.0
0.0
0.0
0.0
0.0
0.0
0.0
0.0
0.0
0.0
0.0
0.0
0.0
0.0
0.0
0.0
0.0
0.0
0.0
3.65506024576871e-6
2.074342481204139e-5
4.589328689562372e-5
6.342238431002768e-5
8.279348382638096e-5
0.00010203043976255738
0.00014370593245820935
0.00018985408712523337
0.0002307712312685423
0.0002497646555630809
0.0002898570340608209
0.0003413762162835278
0.00036569780979070927
0.0003680290847855182
0.00038422842005975664
0.0004315310367700877
0.0004735055875382292
0.0004280610432217418
0.00034168422176113233
0.00026506924001351405
0.00018875776516862484
0.00011972367957163333
7.668133284203802e-5
6.616662878776791e-5
7.217024345863554e-5
9.667635946281598e-5
0.00020118580783354728
0.0003335144672221703
0.00041160107085412486
0.00047709574507364625
0.0005642450201952912
0.000644622996307243
0.0007162452950637959
0.0007711521940419014
0.0008227551250175367
0.0008816129659200187
0.0009497177377469845
0.0010048079388334501
0.0010339018618176657
0.0010839614809334413
0.001077974797485323
0.0009455384495290505
0.0007853537469271852
0.0006591869030173827
0.0005473008196449003
0.0004620698238860524
0.00038929854238663116
0.00033983417406588027
0.0003364585430963265
0.0003780085803604456
0.00043582274344555863
0.00048052634607563424
0.0005215119710270707
0.0005599492529236293
0.0006089899322343719
0.0006733975037300719
0.0007301267178916894
0.0008152767985740291
0.0008506005558535495
0.0009422397071686609
0.001046468828802179
0.0010373792836691413
0.0010009092982621029
0.0010379005794626502
0.0011340301802867502
0.0011817495129189397
0.0011315378232727138
0.0011153195285646463
0.0011369568403821902
0.0010974312627253552
0.0010742027378608636
0.00106993123448065
0.0009929329077030637
0.0008829582735044296
0.0008446520652859898
0.0008311571104003241
0.0008233766960284199
0.000847432880050872
0.0008914233162287174
0.0009285621823488907
0.0009612036131042992
0.0009734570008057826
0.000979600671793622
0.0009478205126908367
0.0009169842560897178
0.0008976602883636561
0.000850198015188668
0.0008654694327836984
0.0008797566311509933
0.0008181893641922808
0.0007468631857265375
0.0006801262929283668
0.0006053669700021796
0.0004983485355208937
0.0003469294243361635
0.000246406647600638
0.0002011034848316144
0.0002128906419890508
0.000313708755107691
0.0004292101975909698
0.0005354412270298897
0.0006244844424903138
0.0006902415930779788
0.0007759459527518383
0.0008838698834875559
0.0009381351063720297
0.000974378364518724
0.0010025016923144734
0.0010498643031181443
0.0010917869060982893
0.0010658241292650355
0.000994116423191806
0.0009123191348966105
0.0007334935271681399
0.0004738730776317824
0.0002544292530379833
0.00013797660747527662
7.496786189277075e-5
4.847527861192115e-5
4.7827084080397885e-5
8.071037961473897e-5
0.00011056533220547845
0.00013110048338185095
0.00016412638988784532
0.00020206652669242645
0.0002571676493291005
0.000312254941115514
0.00034779075884479283
0.0003641185450320935
0.0003882880802853882
0.00039587151915787685
0.0003776026965417526
0.00036850483452790844
0.00036850475104727566
0.00035111723985520446
0.0003411924442283113
0.00031239743297994683
0.00018880905898407597
7.345488858902848e-5
1.1808486935441939e-5
4.637820040528651e-6
4.77081261920453e-5
0.00011104850465288526
0.00014093891414465655
0.00010962447024032984
8.918190434007766e-5
0.00011426921376186982
0.00019146262360658593
0.00024830131323879735
0.0002983131922359997
0.00042554343159757107
0.00056276219791088
0.0006552355242928715
0.0007009183277369961
0.0007772066814420873
0.0008372355434834286
0.0008872379363799034
0.0009294855054013893
0.000875707806220434
0.0007835631931780704
0.0005803744487876412
0.0003505904942495628
0.00020704516536834255
0.00012346312829715112
6.959823128726483e-5
3.0069187293578815e-5
8.544455984212153e-6
1.7712075757861913e-6
1.0724494724550979e-6
7.257928029172231e-6
3.285918939673562e-5
6.925027909921958e-5
9.484172744853146e-5
0.00012432306362126884
0.00016737714573902945
0.00024230091267050418
0.0003113205782403927
0.0003499687228851609
0.00037998161393368806
0.00036464304942827636
0.00033510551060700854
0.00031540364987289304
0.00030565198423925606
0.0002965492187203613
0.00029254306270546504
0.0002520786964723153
0.00019086302202195904
0.00014624046965791023
0.0001313812620193717
0.00013547664235555947
0.0001555219754859872
0.0001744742165009355
0.0001865067288853265
0.0001890981267819222
0.00020290336849901436
0.0002577012639176322
0.000296171027391811
0.0003256499262247088
0.00033886019987603696
0.0003319197045296104
0.00034463084796862003
0.00034084563326962234
0.0003206979611578124
0.00029812692116348773
0.000255818497216019
0.00021825917300730428
0.00018323045455154904
0.00016192804554872526
0.00014494781345591152
0.00010783757041395834
7.331014846838928e-5
3.0120857655790046e-5
6.139613465699868e-6
3.077352945007423e-7
8.007207886406879e-5
0.00031776933558453317
0.0004848114575355845
0.0005051225957752815
0.0005306964311842648
0.0005815475515406318
0.0006217893645450765
0.0006605328912144818
0.0007046974623450834
0.0007691873381332334
0.0007938962803033182
0.0008210225974286094
0.0008623161738407702
0.0008776113144218547
0.00088430996391981
0.000874803320081659
0.0008500399539406907
0.0008563457271301962
0.0008979417742540083
0.0008917831499205884
0.0009006570628604414
0.0008477756097887431
0.0007773252998097956
0.0007638904703767008
0.0007825563727966665
0.0008901315582783275
0.0009156495888485485
0.000866168661162161
0.0009259292923189165
0.0009905621795156725
0.0009915117245715209
0.0009556950939531088
0.0009738405456982066
0.0010099810350119192
0.0010645882561966023
0.0011122695346734025
0.001145627748802222
0.001180582986475562
0.0011923974339920222
0.0011795522056793632
0.0011489792852969055
0.0011479330438875165
0.0011299061653323725
0.0010798220456330017
0.001029456660775893
0.0009826521801217568
0.0009389320456392529
0.0008478962559992342
0.0007275190775612241
0.0006204165621231978
0.0005733455337013512
0.0005797695881441273
0.0006301716504627786
0.000706958490597191
0.0007669225861538416
0.0008255570481059478
0.0009019840130537042
0.0009820463373531516
0.0010574953276700355
0.0011165434059572116
0.0011520057153063604
0.0011675328195932453
0.0011706568237305412
0.0011527735026455547
0.001121153521270319
0.0010599054484037847
0.0009258026603015238
0.0007105208827196772
0.0005585250563867744
0.0004478417484671411
0.000335425766621942
0.0002750755692101916
0.000259538611753326
0.000259155177595506
0.00027122578543364655
0.00028787324204379474
0.00032799046486891215
0.0003824908146385751
0.0004106644102973521
0.0004413257501741418
0.0005179490608335987
0.0005984279380221394
0.0006497941549984377
0.0006698217171400565
0.0006852389213836704
0.0006964108820622362
0.0007010274872579481
0.0006895287067769312
0.000663957942473109
0.0006517021225388364
0.0006470914093570797
0.0005864265506059797
0.0004985689324939603
0.00043246693716203965
0.00036962333603643655
0.0003295948757128396
0.0003359340220040171
0.0003253984894336563
0.0003155534423641936
0.0003161380567444772
0.0003476138967761888
0.0004187307991168081
0.00041641540950429175
0.0004158179211827773
0.00047370258439886556
0.0005376551886557055
0.0005999247440491346
0.000648317439076783
0.0006587654348377376
0.0006568391079419407
0.0006597847638098379
0.0006319564573069206
0.0005923375402001076
0.0005811444277389773
0.0005630673331279046
0.000484849590997575
0.00039694565635730277
0.0003052923587579045
0.0002542928596793062
0.0002122169006160722
0.00014652939860782164
0.00011076532250973429
0.00010877518154505411
0.00010948777630226844
0.00012153654312700832
0.00017244616059709753
0.00021065940470921593
0.00027034952115043864
0.0003404593087176581
0.0004072937201536025
0.0004325900774792007
0.0004260235446762116
0.00043287617812982665
0.00043841915366666517
0.0004112539407047812
0.0003752923769044899
0.00033117741143907274
0.00030860047304697975
0.0003225313986624543
0.00029487341081971887
0.00021995958375531716
0.00014870509907083187
8.78615505163326e-5
3.2471240385316824e-5
1.6891663892466146e-5
3.3586478022081554e-5
5.224393551668229e-5
4.947972153856266e-5
4.732915125043767e-5
5.737360092050148e-5
6.233937918395993e-5
6.730064401790099e-5
9.29426708518536e-5
0.00011343934307918147
0.00014134266405105696
0.00014979679811552842
0.00016016658190286443
0.0001728627427289655
0.00016167041103272968
0.00015221671152035245
0.0001435624169002405
0.00012342973820471503
0.0001017507932206296
5.3596908317347863e-5
1.8914185022984925e-5
1.0774856901050946e-6
0.0
0.0
0.0
0.0
0.0
0.0
0.0
0.0
0.0
0.0
0.0
1.8597018240786532e-6
6.66065900391423e-5
0.00021312331218653594
0.00037214500923892326
0.0005035772050021345
0.0005861920864096962
0.0006373378295616394
0.0006668456210415417
0.0006997611926192745
0.0007612497879207193
0.0008289695264446849
0.000880241361199689
0.0008275036747907925
0.0007224856555303004
0.0007072650965465401
0.000705973416920626
0.000710935056901799
0.0007522484206792411
0.0007756808320118859
0.0008072586205565964
0.0008635731920624234
0.0008992116305693265
0.0009434533608845548
0.0010257953821609118
0.001113421935948183
0.001178054378487804
0.0012285778196822646
0.0012630160451006824
0.0012965560768557862
0.0013221399152088264
0.001317109162102839
0.0012871778117445032
0.001285559391377208
0.0012145445826585697
0.001045169203047681
0.0008971864599034762
0.0007942935329611759
0.0006970394868074936
0.0005765302358701463
0.00046816778063385093
0.00040367383344613417
0.00038067319352193805
0.00040736837516477714
0.0004573822969821698
0.0005339476843590422
0.0006012893921319099
0.0006400726300472652
0.0006849317030793267
0.0007304163036132026
0.0007684433079089402
0.0008019955766971528
0.0008133991023387321
0.0008300396045211075
0.0008292959600264438
0.0008034268536193238
0.0007747907877770503
0.0007461394660946677
0.0007113387380594428
0.0006528100296184713
0.0005744190062476213
0.0005036099458607788
0.0004552628526198481
0.00041796678682093423
0.0003877594504727584
0.00036925623952951383
0.000354762687841367
0.0003276619943597133
0.00031542880725264334
0.00031395357851390844
0.00029859609214095246
0.00029689151362234813
0.00029744191862144433
0.00027739574570040393
0.0002772899995552074
0.00028234134880648887
0.00028479260363991433
0.0002715185817220839
0.0002721250213772136
0.0002801067745847837
0.00023735546476473683
0.00017929913993061677
0.00011409037430715966
5.591338646820935e-5
1.4384799265411137e-5
0.0
0.0
0.0
0.0
0.0
0.0
0.0
0.0
0.0
0.0
0.0
0.0
3.4056235696522826e-6
3.878690256781555e-5
6.023218914014874e-5
5.028492909595303e-5
4.81995212362495e-5
5.188699128593672e-5
5.037772059378945e-5
3.771241936571996e-5
3.195444061315806e-5
3.148210635809234e-5
2.1636710022849276e-5
4.37174722605716e-6
0.0
0.0
0.0
0.0
0.0
0.0
0.0
0.0
0.0
0.0
0.0
0.0
0.0
0.0
0.0
0.0
0.0
0.0
0.0
0.0
0.0
0.0
0.0
0.0
0.0
0.0
0.0
0.0
0.0
0.0
0.0
0.0
0.0
0.0
0.0
0.0
0.0
3.1086668520085152e-6
1.34496149236762e-5
4.6670362805636694e-5
0.00011408297649901415
0.00015350503721363204
0.00017301658263142754
0.00018124204551536147
0.0001614610907119764
0.00013290340193854934
7.583431378874251e-5
1.4366901734694793e-5
0.0
0.0
0.0
0.0
0.0
0.0
0.0
0.0
0.0
0.0
0.0
0.0
0.0
3.7334114307084107e-7
5.793820487034248e-6
1.533889669449204e-5
2.5469153666407767e-5
2.999920945672742e-5
3.575689487307762e-5
4.1172831571757456e-5
4.6245103426713397e-5
3.6971559097478244e-5
4.2030914386974445e-6
0.0
0.0
0.0
0.0
0.0
0.0
0.0
0.0
0.0
0.0
0.0
0.0
0.0
0.0
1.8570000205407895e-5
8.421674817920527e-5
0.00010660962751457673
0.0001242102601461428
0.00015168878468831002
0.00017269869208933017
0.0001866716651808162
0.00017316822898205087
0.00013532874656878874
5.749368601837471e-5
4.535648332236674e-6
0.0
0.0
0.0
0.0
0.0
0.0
0.0
0.0
0.0
0.0
0.0
0.0
1.5080262303949247e-5
8.4250544625898e-5
0.0001554012556897736
0.0002225251274789633
0.00028850269043450573
0.000354544887361511
0.0004044858812347025
0.00043032474039878546
0.00040513511355325685
0.0003320448960150251
0.0001690307536841034
7.083858991741577e-5
3.43470224097042e-5
1.468552767978414e-5
1.8539385630399458e-6
0.0
0.0
0.0
0.0
7.383303159702423e-7
9.334980054533143e-6
2.717578271488442e-5
6.400760473515212e-5
0.00012310043738241074
0.0002009005823791434
0.0002950293217048083
0.0003972231373870631
0.00047693581410502607
0.0005407586396156802
0.0005961917072009362
0.0006350281853809084
0.0006734256632206957
0.0006486079673928527
0.0005397973360671738
0.0004099960540390158
0.00031352329158753554
0.00022691105086309723
0.00014416691887167085
8.284755884821937e-5
4.511241197843804e-5
3.0427051456344474e-5
2.80447383669051e-5
4.51385931253837e-5
0.0001039708312543866
0.00023137748343599195
0.00027025217119264937
0.00027834140448726517
0.00036589964680932777
0.0004464672653836995
0.000522157671623796
0.0006029962533547581
0.0006874239888892941
0.0007457068247689191
0.0007690055651936406
0.0007725671652322405
0.0007327854486149463
0.0006147340192449176
0.0004164825728652684
0.00021192398143923276
8.18061221175435e-5
2.064451874333806e-5
2.9266689984037843e-6
0.0
0.0
0.0
0.0
0.0
0.0
0.0
1.997013169431588e-7
9.544935586787188e-6
4.580543477495691e-5
0.00012073297380337683
0.00023631802432561147
0.00030173101137098425
0.0003260184549155462
0.00037707201408768154
0.00045743344556587313
0.0004808945369154402
0.0004497779884425491
0.00037397940652531095
0.00026494296720837367
0.00013997317301124294
3.1433077961483523e-5
0.0
0.0
0.0
0.0
0.0
0.0
0.0
0.0
0.0
0.0
0.0
0.0
0.0
4.5555681370864403e-7
2.732543844526601e-6
4.926072473213276e-6
8.861520554196958e-6
1.1455161246383527e-5
1.4062535951296629e-5
1.3886331435083875e-5
8.961974442223251e-6
5.522235804856069e-6
1.624585800947575e-7
0.0
0.0
0.0
0.0
0.0
0.0
0.0
0.0
0.0
0.0
0.0
0.0
0.0
0.0
0.0
0.0
0.0
4.9927717039695e-7
2.809832853813896e-6
1.3615255388124652e-6
3.0081237526495334e-8
0.0
0.0
0.0
1.6068109160484107e-8
5.450956328157144e-7
1.4253920988445067e-6
6.549527962598097e-7
1.7491577424575235e-6
4.526044364221517e-6
7.104893778654605e-6
4.577128235702477e-6
8.514070325375362e-7
4.338745019015324e-6
8.44328731536551e-6
1.1157328632753462e-5
3.13381165319168e-5
5.633426470986505e-5
7.076680526503351e-5
6.40373037068568e-5
5.814494369984588e-5
6.59921177793142e-5
6.42566287640454e-5
8.362364850821545e-5
0.00014094166156594068
0.0001742487395594924
0.00020316452246027533
0.00020141693032465385
0.00016826820907596627
0.00012794174020330567
0.00011184554007015481
9.946188052203028e-5
8.766233712213037e-5
8.345470384103662e-5
7.164630240940515e-5
5.0526848751124996e-5
6.7081384664881e-5
0.00010044051536194211
0.0001537650273812127
0.00022722672411048183
0.0003089485065058764
0.00037673775370553704
0.0004383810720117731
0.0004860376362927705
0.0005310545945268865
0.0005646633249500164
0.0005810962061335779
0.0005813843272610484
0.0005627060296858341
0.0005362523420451523
0.0005178076878551764
0.0004050939507264215
0.0002851666297759515
0.0002040000600292948
0.00013043346374665802
9.438115504990228e-5
7.620318600238384e-5
4.778933494850876e-5
3.8639380013132724e-5
5.387804169845168e-5
9.384718191205276e-5
0.00014567302623711093
0.0001869244244278575
0.0002038285230674901
0.0002496620762802419
0.00032280054807953216
0.00038992484232983
0.0004271229406598034
0.00046475038995093753
0.0004978302705654172
0.0005261503789087516
0.0005333016331436593
0.0005278585365367207
0.000444559593217422
0.0002985220472749909
0.0001513615869886767
5.8970251257487173e-5
1.8650809509498814e-5
2.7258661329534707e-6
0.0
0.0
0.0
0.0
0.0
0.0
0.0
0.0
6.635657914640393e-6
5.165746248921614e-5
9.871391732870173e-5
0.00014503774893398182
0.00019422495244469866
0.00026048195370709633
0.0002793276464016264
0.00030438693763604234
0.00033897969012529545
0.0003622941150877283
0.00030112922232369415
0.00018918868117067208
8.313189543030914e-5
1.6814607860437748e-5
5.805360076286006e-7
0.0
0.0
0.0
0.0
0.0
0.0
0.0
0.0
0.0
0.0
9.893662300777408e-6
6.326359962870801e-5
0.00012187942769690013
0.00014162080722955405
0.0001367835485542547
0.00015549905487157972
0.00022197910342070974
0.00028131713277993316
0.0002634330844313162
0.00023210403878219147
0.0002015362899512751
0.0001392829121960127
6.78152874853151e-5
8.710273736971498e-6
0.0
0.0
0.0
0.0
0.0
0.0
0.0
0.0
0.0
0.0
0.0
0.0
0.0
0.0
0.0
0.0
0.0
0.0
0.0
0.0
0.0
0.0
0.0
0.0
0.0
0.0
0.0
0.0
0.0
0.0
0.0
0.0
0.0
0.0
0.0
3.0345495297683024e-6
1.8164091568413843e-5
3.9874115928028514e-5
8.117623243347577e-5
0.0001115197986901603
0.00012180280453159518
0.00013570325831657742
0.00013826472040200265
0.00014237491995003682
0.00010749436891229951
4.625912051244443e-5
1.2415100429168107e-5
1.589724801368672e-6
0.0
0.0
0.0
0.0
0.0
0.0
0.0
3.7701211059538132e-6
4.2853235523190595e-5
8.558395079389671e-5
0.00013689946143742042
0.00020561157200593087
0.00029020076753053555
0.0003520197538867957
0.0004120806285410261
0.00045940855412390276
0.0004954158547531117
0.0005303282130904876
0.0005367723539556354
0.00040040922508883115
0.00018752240695471794
6.17571315778281e-5
8.508965902084136e-6
0.0
0.0
0.0
0.0
0.0
0.0
0.0
0.0
0.0
0.0
0.0
0.0
0.0
8.501948782811257e-8
2.998533333050014e-6
1.3373280122574686e-5
2.647092661232862e-5
3.5402937874010385e-5
3.907185285532187e-5
3.706969389598127e-5
1.5425273132923863e-5
1.7918161270388497e-6
0.0
0.0
0.0
0.0
0.0
0.0
0.0
0.0
0.0
0.0
0.0
0.0
0.0
0.0
0.0
0.0
0.0
0.0
0.0
0.0
0.0
0.0
0.0
0.0
0.0
0.0
0.0
0.0
0.0
0.0
0.0
0.0
0.0
0.0
0.0
0.0
0.0
1.5784370859536335e-8
1.6661536470859786e-5
5.6431801787037394e-5
0.00010284001640162984
0.00015022126342176213
0.00018676994395885765
0.00022088206561767513
0.00023828822572017442
0.00026040011739725255
0.0002628379362683636
0.00019295736032056652
0.00011584501792906631
5.891053434440121e-5
2.3718915680879122e-5
5.6910464045939586e-6
0.0
0.0
0.0
0.0
0.0
0.0
0.0
5.328975490691965e-6
5.8799560077258115e-5
0.00014064039304906078
0.00022053189377781678
0.00030795427500389567
0.00039232401678837163
0.0004548723734332154
0.000519932329377951
0.0005861966262829316
0.0006270895963255788
0.0006693653761537247
0.0006251398246306599
0.000508503472274949
0.0003742604863069378
0.00026702578444306394
0.0002053664793746726
0.00015999772722289713
0.00011715067876859236
7.09304733669457e-5
5.131710740705063e-5
4.318960315293146e-5
5.217879290263454e-5
0.00011449690127046882
0.0002109189149122644
0.0003238673338271168
0.000439919418983764
0.0004974022209200028
0.000596000544654406
0.0007284987127200947
0.0008270862122083331
0.0008787917200114946
0.0009043463597855644
0.00094553272815933
0.0009260337916563093
0.0008851569787990739
0.0007071040331876892
0.00044257914238995716
0.00025329064251820643
0.00014083714356817104
7.286086454190251e-5
3.021321709224558e-5
2.0103388837848913e-5
1.0903854165390813e-5
5.466660402791925e-6
3.948515987009402e-6
8.815760741096752e-6
3.277636310479957e-5
6.666709935530521e-5
8.870438586405703e-5
0.00012498376676804197
0.0001687286240644964
0.00019944281621738565
0.00021712653255587429
0.00023341784821538926
0.0002606450355785414
0.00027933299137190566
0.00027636727510795185
0.0002724337523997294
0.0003092196513556089
0.0003487134771537666
0.0003504929260144719
0.0003154259919910685
0.00025568412286099883
0.00025073017439248
0.00023025594028605535
0.00022638894818016627
0.0002458856601944078
0.00022624513086426308
0.00018021760043268126
0.00014303983592238995
0.0001533855991397691
0.00017522566999496735
0.00019078298177337632
0.00022399639790983555
0.0003010082758284563
0.00035460593895804323
0.00034360624449371563
0.000337551253263358
0.00032715153386127645
0.00029957285974008724
0.0002605744907608747
0.00021323363888949993
0.00018323837818946858
0.00017378060575523057
0.0001251433577986149
6.875602862452434e-5
5.124548097502062e-5
3.970769937360088e-5
5.064427093957824e-5
7.768759044121112e-5
8.384737660406118e-5
7.485813052948409e-5
5.293438634856464e-5
7.701497379788732e-5
0.0001015048218083926
9.903192304951922e-5
0.0001265536922045251
0.00018614233670894944
0.00026251586602285494
0.00033560782830631175
0.0003904473539942022
0.0004917719987917226
0.0005915009142400617
0.0006110674651450073
0.0005752729023863389
0.0005606843887775626
0.000587952813019782
0.0006307167085273453
0.0006250791526254756
0.0006007982330923652
0.0005619113416948521
0.0005056010930126152
0.0004641094347371232
0.0003891652783240269
0.0003252385042026248
0.0002832369501506235
0.00024276562092065938
0.00023344942358618755
0.00030542820016228015
0.00041577014595323223
0.0005144249136443008
0.0006099968434623465
0.000689689520184946
0.0007965333338070867
0.0008673640424407275
0.0009299390205683018
0.0009772962424515954
0.0010104403167263065
0.0010217882710293641
0.0010389860911438232
0.0010256092525144128
0.0008896540333448343
0.0006546280720667725
0.0004487798922783333
0.0003148341270722968
0.00023744088146070803
0.00017730458630245354
0.00011288755750684418
4.196694872708323e-5
2.056621311672604e-5
9.308586039339835e-6
7.381276880953939e-6
4.7375724579848974e-5
0.00013634643912406166
0.00023757645759309647
0.0003198687635008961
0.0003981215571846791
0.00047323137428417956
0.0004767012676557661
0.0005037757894679813
0.0005580101402323286
0.0005947798360884484
0.0006150837635657237
0.0006240674918405585
0.0006199067353409761
0.0004925984848012612
0.00027884318373648694
0.0001255172043776322
4.113362103773216e-5
1.0232166570663282e-5
7.990127022167878e-7
0.0
0.0
0.0
0.0
0.0
0.0
0.0
0.0
6.548927709839982e-6
5.6998673193630295e-5
0.00012049786653613649
0.000154322582619272
0.00019620855149869745
0.00022320733685724653
0.0002825122697548831
0.0003504198453498189
0.0003918369802188986
0.00040312338228715866
0.0002975280244745922
0.0001304162072440783
4.848092236920639e-5
1.1361804533101632e-5
2.3489390905960788e-7
0.0
0.0
0.0
0.0
0.0
0.0
0.0
0.0
0.0
0.0
2.1873767436956338e-7
1.3086384304189588e-5
2.9904421715983125e-5
5.06758526941896e-5
7.609654177745046e-5
9.885997224475405e-5
0.00014087955639471657
0.00016570363407140412
0.00017238113051003216
0.00012746402405005723
5.845698379643253e-5
1.2143670539725601e-5
0.0
0.0
0.0
0.0
0.0
0.0
0.0
0.0
0.0
0.0
0.0
0.0
0.0
3.6403924997092395e-7
4.13551806504821e-6
9.33928611570342e-6
1.4964088278632301e-5
1.9690041457735515e-5
1.6596296319513884e-5
1.1067799130821603e-5
1.1596197819953591e-5
1.3315244865453225e-5
2.338554800624716e-6
0.0
0.0
0.0
0.0
0.0
0.0
0.0
0.0
0.0
0.0
0.0
0.0
0.0
0.0
0.0
0.0
0.0
0.0
0.0
0.0
0.0
0.0
0.0
0.0
0.0
0.0
0.0
0.0
0.0
0.0
0.0
0.0
0.0
0.0
0.0
0.0
0.0
0.0
0.0
0.0
0.0
0.0
0.0
0.0
0.0
0.0
0.0
0.0
0.0
0.0
0.0
0.0
0.0
0.0
0.0
0.0
0.0
0.0
0.0
0.0
0.0
0.0
0.0
0.0
0.0
0.0
0.0
0.0
0.0
0.0
0.0
0.0
0.0
0.0
0.0
0.0
0.0
0.0
0.0
0.0
0.0
0.0
0.0
0.0
0.0
0.0
0.0
0.0
0.0
0.0
0.0
4.7350611125643423e-7
2.866965771230972e-6
6.776090567215122e-6
3.0962746922413832e-6
0.0
0.0
0.0
0.0
0.0
0.0
0.0
0.0
0.0
0.0
0.0
0.0
0.0
0.0
0.0
0.0
0.0
0.0
0.0
0.0
0.0
0.0
0.0
0.0
0.0
0.0
0.0
0.0
0.0
0.0
0.0
0.0
0.0
0.0
0.0
0.0
0.0
0.0
0.0
0.0
0.0
0.0
0.0
0.0
0.0
0.0
0.0
0.0
0.0
0.0
0.0
0.0
0.0
0.0
0.0
0.0
1.7610235907183042e-5
4.339339293086946e-5
6.692278823238825e-5
8.351938630492587e-5
0.00011458132351567857
0.00014537535900106967
0.00016750011762173728
0.00019359603123418365
0.0002065251548082815
0.0002254654097967411
0.0002540981035370661
0.000270158869308956
0.0002838666391619819
0.000285824654078325
0.0003247408189418471
0.00039697429512497114
0.00039655839412140726
0.00038295977863317686
0.0003916626314084037
0.0003824873916870999
0.0003788576962508115
0.00038370377423756067
0.00038535733749594294
0.00037149468111429815
0.00032610310354058957
0.00026776885905964323
0.0002474935494798782
0.0002249060858741577
0.000185998288839181
0.00018427605667116305
0.00019022889189004307
0.00019758671583251336
0.0002027463108846681
0.00021793647407897135
0.00020988164204823273
0.00018714947664930475
0.00014648907090650476
8.849697629222239e-5
5.2851091141003665e-5
4.1461167907388644e-5
2.9761497741063144e-5
1.9629491542976625e-5
5.620476343857072e-6
0.0
0.0
0.0
0.0
0.0
0.0
0.0
0.0
0.0
0.0
0.0
0.0
0.0
0.0
0.0
0.0
1.251076700245272e-6
1.245362719542813e-6
5.041086969728122e-6
7.810147646783095e-6
4.221014259134892e-6
0.0
0.0
0.0
0.0
0.0
0.0
0.0
0.0
0.0
0.0
0.0
0.0
0.0
0.0
0.0
0.0
0.0
0.0
0.0
0.0
0.0
0.0
0.0
0.0
0.0
0.0
0.0
0.0
0.0
0.0
0.0
0.0
0.0
0.0
0.0
0.0
0.0
0.0
0.0
0.0
0.0
6.925057985047574e-6
4.189323500914937e-5
8.385232835600693e-5
0.00011256027333109653
0.00012432691446009328
0.00013147698000444953
0.00011581136767169347
7.047478294027452e-5
2.6301747683762344e-5
2.1475532258701943e-6
0.0
0.0
0.0
0.0
0.0
0.0
0.0
0.0
0.0
0.0
0.0
5.331117856626266e-6
5.2311666398643076e-5
8.593695410039384e-5
0.00011278169230353338
0.0001381194535185706
0.00013738929151439755
0.00013907836677102926
0.0001293740839588572
0.0001227785889989602
0.00010544144022400971
3.925384426864132e-5
9.606244978879341e-8
0.0
0.0
0.0
0.0
0.0
0.0
0.0
0.0
0.0
0.0
0.0
0.0
0.0
0.0
0.0
0.0
1.1448199963377414e-6
1.6524018004409707e-5
2.9333147737242513e-5
2.4187889044954186e-5
1.7130806311491537e-5
5.9932531382078305e-6
0.0
0.0
0.0
0.0
0.0
0.0
0.0
0.0
0.0
0.0
0.0
0.0
0.0
0.0
0.0
0.0
0.0
0.0
0.0
0.0
0.0
0.0
0.0
0.0
7.284293795992597e-7
1.5899148528861924e-5
3.8948576661154436e-5
4.3051389155312824e-5
4.19722129912331e-5
4.489948937016785e-5
4.052625307796601e-5
3.9029122974243664e-5
4.41615115408572e-5
5.43646935449733e-5
6.765343422780638e-5
9.047867213511262e-5
0.00012430054472057693
0.00015737810931221887
0.00019952472527814564
0.00024277890600400657
0.0003030624810583869
0.0003508096589011708
0.0003771128142648268
0.00040665739124003163
0.0004351529601594644
0.0004519386133099578
0.0004267581973245999
0.0003416973768356706
0.0002381730442992237
0.0001634117003560233
0.000106036365346354
6.882345497404737e-5
4.629108949442625e-5
2.6424179299457344e-5
9.2246984998596e-6
2.8894431231209107e-8
0.0
0.0
0.0
3.001466123079213e-5
9.096832670633588e-5
0.00013117257666704318
0.00015106620348811077
0.00021576471729015982
0.00029297066622055673
0.0003285331442265072
0.00033857486651063876
0.00033376387445172115
0.0003245322219562236
0.0003117698862289443
0.000286579050387428
0.0002611799519738819
0.00021486419552386985
0.00013349075666881636
8.077549986088775e-5
3.926958063800442e-5
1.3712915817753166e-5
7.2355430044068335e-6
1.839747252246179e-7
0.0
0.0
0.0
3.3220963743234355e-8
2.419595546913015e-6
6.615752986530451e-6
2.0192717502565495e-5
3.5172735216711386e-5
4.4615297307785296e-5
4.9388384347008615e-5
5.935747035353796e-5
6.072922042838122e-5
4.62900849277764e-5
3.5546380190000536e-5
3.5089132579443635e-5
3.660825113809599e-5
2.386009315993606e-5
1.151404741422896e-6
0.0
0.0
0.0
0.0
0.0
0.0
0.0
0.0
0.0
0.0
0.0
0.0
0.0
0.0
0.0
0.0
0.0
0.0
0.0
0.0
0.0
0.0
0.0
0.0
0.0
0.0
0.0
0.0
0.0
0.0
0.0
0.0
0.0
0.0
0.0
0.0
0.0
0.0
2.3629787863199065e-6
2.215640851757312e-5
5.1983381437427197e-5
8.247688504886331e-5
0.00010895451208686311
0.00012578865002772712
0.00013946570379575043
0.00014065292275544698
0.00012451541080708443
9.005577930936294e-5
4.86878757193829e-5
1.2698312104820564e-5
3.6777083204633065e-7
0.0
0.0
0.0
0.0
0.0
0.0
0.0
0.0
0.0
3.2102019419055506e-6
2.976930696140952e-5
6.127044432569694e-5
9.384643213320478e-5
0.00011809847534714024
0.00013238927332566132
0.0001494806470151806
0.00018128308908765754
0.0001969944343944904
0.00018807974651810708
0.0001505206939406395
8.246554486783481e-5
2.79354038558148e-5
2.3496988171435848e-6
0.0
0.0
0.0
0.0
0.0
0.0
0.0
0.0
0.0
0.0
4.795926117605716e-6
3.787177110151434e-5
6.910352945243065e-5
9.184983558663871e-5
0.00010852120414370866
0.00010053037033030803
7.989163542721232e-5
7.567575615019088e-5
8.226986675566513e-5
7.974546211598021e-5
6.901452662490037e-5
4.0820776629801815e-5
3.620007560416134e-6
0.0
0.0
0.0
0.0
0.0
0.0
0.0
0.0
0.0
0.0
0.0
0.0
0.0
0.0
0.0
0.0
0.0
0.0
0.0
0.0
0.0
2.3304023882050884e-5
6.388227828119676e-5
6.406922287054335e-5
5.088965373969476e-5
2.5606232278314355e-5
1.1713842123362215e-6
0.0
0.0
0.0
0.0
0.0
0.0
0.0
0.0
0.0
1.1551377217989017e-6
1.8157592750926135e-5
5.311919184490878e-5
8.646636116682103e-5
0.00011255666635393233
0.00013009254931969978
0.00013730182983756088
0.000144340134678107
0.00012235569077152255
6.398663088910102e-5
1.1108249406260533e-5
0.0
0.0
0.0
0.0
0.0
0.0
0.0
0.0
0.0
0.0
0.0
0.0
0.0
0.0
0.0
0.0
0.0
0.0
0.0
2.3112472541660702e-6
3.062534781579562e-6
2.158463664315143e-6
2.1881360376170365e-7
0.0
0.0
0.0
0.0
0.0
0.0
0.0
0.0
0.0
0.0
0.0
0.0
0.0
0.0
0.0
0.0
0.0
0.0
0.0
0.0
0.0
0.0
0.0
0.0
0.0
0.0
0.0
0.0
0.0
0.0
0.0
0.0
0.0
0.0
0.0
0.0
0.0
0.0
0.0
0.0
0.0
0.0
0.0
0.0
0.0
0.0
0.0
0.0
0.0
0.0
0.0
0.0
0.0
0.0
0.0
0.0
0.0
0.0
0.0
0.0
0.0
0.0
0.0
0.0
0.0
0.0
0.0
0.0
0.0
0.0
0.0
0.0
0.0
0.0
0.0
0.0
0.0
0.0
0.0
0.0
0.0
0.0
0.0
0.0
0.0
0.0
0.0
0.0
0.0
0.0
0.0
0.0
0.0
0.0
0.0
0.0
0.0
0.0
0.0
0.0
0.0
0.0
0.0
0.0
0.0
0.0
0.0
0.0
0.0
0.0
0.0
0.0
0.0
0.0
0.0
0.0
0.0
0.0
0.0
0.0
0.0
0.0
0.0
0.0
0.0
0.0
0.0
0.0
0.0
0.0
0.0
0.0
0.0
0.0
0.0
0.0
0.0
0.0
0.0
0.0
0.0
0.0
0.0
0.0
0.0
0.0
0.0
0.0
0.0
0.0
0.0
0.0
0.0
0.0
0.0
0.0
0.0
0.0
0.0
0.0
0.0
0.0
0.0
0.0
0.0
0.0
0.0
0.0
0.0
0.0
0.0
0.0
0.0
0.0
0.0
0.0
0.0
0.0
0.0
0.0
0.0
0.0
0.0
0.0
0.0
0.0
0.0
0.0
0.0
0.0
0.0
0.0
0.0
0.0
0.0
0.0
0.0
0.0
0.0
0.0
0.0
0.0
0.0
0.0
0.0
0.0
0.0
0.0
0.0
0.0
0.0
0.0
0.0
0.0
0.0
0.0
0.0
0.0
0.0
0.0
0.0
0.0
0.0
0.0
0.0
0.0
0.0
0.0
0.0
0.0
0.0
0.0
0.0
0.0
0.0
0.0
0.0
0.0
0.0
0.0
0.0
0.0
0.0
0.0
0.0
0.0
0.0
0.0
0.0
0.0
0.0
0.0
0.0
0.0
0.0
4.363540836779098e-7
6.6612335446374495e-6
9.469945796177247e-6
8.180273206725887e-6
8.120305883660654e-6
8.071855514319134e-6
3.0050787450073795e-6
0.0
0.0
0.0
0.0
0.0
0.0
0.0
0.0
0.0
0.0
0.0
0.0
0.0
0.0
0.0
0.0
0.0
0.0
0.0
2.2471868629080937e-6
2.619263766191483e-5
6.034217880233446e-5
7.754919077284392e-5
8.298405449522476e-5
6.707214880962671e-5
3.494988550899437e-5
3.0433080059346812e-6
0.0
0.0
0.0
0.0
0.0
0.0
0.0
0.0
0.0
0.0
0.0
0.0
0.0
0.0
0.0
0.0
0.0
0.0
0.0
0.0
0.0
0.0
0.0
0.0
0.0
0.0
0.0
0.0
0.0
0.0
0.0
0.0
0.0
0.0
0.0
0.0
0.0
0.0
0.0
0.0
0.0
0.0
0.0
0.0
0.0
0.0
0.0
0.0
0.0
0.0
0.0
0.0
0.0
0.0
0.0
0.0
0.0
0.0
0.0
0.0
0.0
0.0
0.0
0.0
0.0
0.0
0.0
0.0
0.0
0.0
0.0
0.0
0.0
0.0
0.0
0.0
0.0
0.0
0.0
0.0
0.0
0.0
0.0
0.0
0.0
0.0
0.0
0.0
0.0
0.0
0.0
0.0
0.0
0.0
0.0
0.0
0.0
0.0
0.0
0.0
0.0
0.0
0.0
0.0
0.0
0.0
0.0
0.0
0.0
0.0
0.0
0.0
0.0
0.0
0.0
0.0
0.0
0.0
0.0
0.0
0.0
0.0
0.0
0.0
0.0
0.0
0.0
0.0
0.0
0.0
0.0
0.0
0.0
0.0
0.0
0.0
0.0
0.0
0.0
0.0
0.0
0.0
0.0
0.0
0.0
0.0
0.0
0.0
0.0
0.0
0.0
0.0
0.0
0.0
0.0
0.0
0.0
0.0
0.0
0.0
0.0
0.0
0.0
0.0
0.0
0.0
0.0
0.0
0.0
0.0
0.0
0.0
0.0
0.0
0.0
0.0
0.0
0.0
0.0
0.0
0.0
0.0
0.0
0.0
0.0
0.0
0.0
0.0
0.0
0.0
0.0
0.0
0.0
0.0
0.0
0.0
0.0
0.0
0.0
0.0
0.0
0.0
0.0
0.0
0.0
0.0
0.0
0.0
0.0
0.0
0.0
0.0
0.0
0.0
0.0
0.0
0.0
0.0
0.0
0.0
0.0
0.0
0.0
0.0
0.0
0.0
0.0
0.0
0.0
0.0
0.0
0.0
0.0
0.0
0.0
0.0
0.0
0.0
0.0
0.0
0.0
0.0
0.0
0.0
0.0
0.0
0.0
0.0
0.0
0.0
0.0
0.0
0.0
0.0
0.0
0.0
0.0
0.0
0.0
0.0
0.0
0.0
0.0
0.0
0.0
0.0
0.0
0.0
0.0
0.0
0.0
0.0
0.0
0.0
0.0
0.0
0.0
0.0
0.0
0.0
0.0
7.046351136068367e-6
3.412282490717098e-5
6.46513404678662e-5
7.284013288789898e-5
5.974483031088e-5
3.2572484051690765e-5
7.2414051273849065e-6
1.1862365296552024e-7
0.0
0.0
0.0
0.0
0.0
0.0
0.0
0.0
0.0
0.0
0.0
0.0
4.746278201399801e-6
4.353696324231216e-5
7.770827581256969e-5
0.00011083928593297268
0.00014162680271038766
0.00017278136949110234
0.00019326061685505662
0.00019253356472543275
0.00014760621885023188
7.664363082760015e-5
1.417931819195087e-5
0.0
0.0
0.0
0.0
0.0
0.0
0.0
0.0
0.0
0.0
0.0
0.0
0.0
0.0
0.0
0.0
1.5435945611298263e-5
4.567085068712336e-5
7.087775740980892e-5
8.679361745021606e-5
8.526251342979697e-5
5.503403288597297e-5
1.0578675837711264e-5
0.0
0.0
0.0
0.0
0.0
0.0
0.0
0.0
0.0
0.0
0.0
0.0
0.0
0.0
0.0
0.0
0.0
0.0
0.0
0.0
0.0
0.0
0.0
0.0
0.0
0.0
0.0
0.0
0.0
0.0
0.0
0.0
0.0
0.0
0.0
0.0
0.0
0.0
0.0
0.0
0.0
0.0
0.0
0.0
0.0
0.0
0.0
0.0
0.0
0.0
0.0
0.0
0.0
0.0
0.0
0.0
0.0
0.0
0.0
0.0
0.0
0.0
0.0
0.0
0.0
0.0
0.0
0.0
0.0
0.0
0.0
0.0
0.0
0.0
0.0
0.0
0.0
0.0
0.0
0.0
0.0
0.0
0.0
0.0
0.0
0.0
0.0
0.0
0.0
0.0
0.0
0.0
0.0
0.0
0.0
0.0
0.0
0.0
0.0
0.0
0.0
0.0
0.0
0.0
0.0
0.0
0.0
0.0
0.0
0.0
0.0
0.0
0.0
0.0
0.0
0.0
0.0
0.0
0.0
0.0
0.0
0.0
0.0
0.0
0.0
0.0
0.0
0.0
0.0
0.0
0.0
0.0
0.0
0.0
0.0
0.0
0.0
0.0
0.0
0.0
0.0
0.0
0.0
0.0
0.0
0.0
0.0
0.0
0.0
0.0
0.0
0.0
0.0
0.0
0.0
0.0
0.0
0.0
0.0
0.0
0.0
0.0
0.0
0.0
0.0
0.0
0.0
0.0
0.0
0.0
0.0
0.0
0.0
0.0
0.0
0.0
0.0
0.0
0.0
0.0
0.0
0.0
0.0
0.0
0.0
4.450319615031222e-6
2.7705821877020508e-5
5.851098744232991e-5
8.239694996132479e-5
9.156822310036212e-5
6.690626535269874e-5
2.6158311898904052e-5
3.5535637853068377e-6
0.0
0.0
0.0
0.0
0.0
0.0
0.0
0.0
0.0
0.0
0.0
0.0
0.0
0.0
0.0
0.0
0.0
1.417745075474875e-6
9.033010364176044e-6
1.7696239415530432e-5
2.332029513638133e-5
1.2600513276579464e-5
1.1453201943655657e-6
0.0
0.0
0.0
0.0
0.0
0.0
0.0
0.0
0.0
0.0
0.0
0.0
0.0
0.0
0.0
0.0
0.0
0.0
0.0
0.0
0.0
0.0
0.0
0.0
0.0
0.0
0.0
0.0
0.0
0.0
0.0
0.0
0.0
0.0
0.0
0.0
0.0
0.0
0.0
0.0
0.0
0.0
0.0
0.0
0.0
0.0
0.0
0.0
0.0
0.0
0.0
0.0
0.0
0.0
0.0
0.0
0.0
0.0
0.0
0.0
0.0
0.0
0.0
0.0
0.0
0.0
0.0
0.0
0.0
0.0
0.0
0.0
0.0
0.0
0.0
0.0
0.0
0.0
0.0
0.0
0.0
0.0
0.0
0.0
0.0
0.0
0.0
0.0
0.0
0.0
0.0
0.0
0.0
0.0
0.0
0.0
0.0
0.0
0.0
0.0
0.0
0.0
0.0
0.0
0.0
0.0
0.0
0.0
0.0
0.0
0.0
0.0
0.0
0.0
0.0
0.0
0.0
0.0
0.0
0.0
0.0
0.0
0.0
0.0
0.0
0.0
0.0
0.0
0.0
0.0
0.0
0.0
0.0
0.0
0.0
0.0
0.0
0.0
0.0
0.0
0.0
0.0
0.0
0.0
0.0
0.0
0.0
0.0
0.0
0.0
0.0
0.0
0.0
0.0
0.0
0.0
0.0
0.0
0.0
0.0
0.0
0.0
0.0
0.0
0.0
0.0
0.0
0.0
0.0
0.0
0.0
0.0
0.0
0.0
0.0
0.0
0.0
0.0
0.0
0.0
0.0
0.0
0.0
0.0
0.0
0.0
0.0
0.0
0.0
0.0
0.0
0.0
0.0
0.0
0.0
0.0
0.0
0.0
0.0
0.0
0.0
0.0
0.0
0.0
0.0
0.0
0.0
0.0
0.0
0.0
0.0
0.0
0.0
0.0
0.0
0.0
0.0
0.0
0.0
0.0
0.0
0.0
0.0
0.0
0.0
0.0
0.0
0.0
0.0
0.0
0.0
0.0
0.0
0.0
0.0
0.0
0.0
0.0
0.0
0.0
0.0
0.0
0.0
0.0
0.0
0.0
0.0
0.0
0.0
0.0
0.0
0.0
0.0
0.0
0.0
0.0
0.0
0.0
0.0
0.0
0.0
0.0
0.0
0.0
0.0
0.0
0.0
0.0
0.0
0.0
0.0
0.0
0.0
0.0
0.0
0.0
0.0
0.0
0.0
0.0
0.0
0.0
0.0
0.0
0.0
0.0
0.0
0.0
0.0
0.0
0.0
0.0
0.0
0.0
0.0
0.0
0.0
0.0
0.0
0.0
0.0
0.0
0.0
0.0
0.0
0.0
0.0
0.0
0.0
0.0
0.0
0.0
0.0
0.0
0.0
0.0
0.0
0.0
0.0
0.0
0.0
0.0
0.0
0.0
0.0
0.0
0.0
0.0
0.0
0.0
0.0
0.0
0.0
0.0
0.0
0.0
0.0
0.0
0.0
0.0
0.0
0.0
0.0
0.0
0.0
0.0
0.0
0.0
0.0
0.0
0.0
0.0
0.0
0.0
0.0
0.0
0.0
0.0
0.0
0.0
0.0
0.0
0.0
0.0
0.0
0.0
0.0
0.0
0.0
0.0
0.0
0.0
0.0
0.0
0.0
0.0
0.0
0.0
0.0
0.0
0.0
0.0
0.0
0.0
0.0
0.0
0.0
0.0
0.0
0.0
0.0
0.0
0.0
0.0
0.0
0.0
0.0
0.0
0.0
0.0
0.0
0.0
0.0
0.0
0.0
0.0
0.0
0.0
0.0
0.0
0.0
0.0
0.0
0.0
0.0
0.0
0.0
0.0
0.0
0.0
0.0
0.0
0.0
0.0
0.0
0.0
0.0
0.0
0.0
0.0
0.0
0.0
0.0
0.0
0.0
0.0
0.0
0.0
0.0
0.0
0.0
0.0
0.0
0.0
0.0
0.0
0.0
0.0
0.0
0.0
0.0
0.0
0.0
0.0
0.0
0.0
0.0
0.0
0.0
0.0
0.0
0.0
0.0
0.0
0.0
0.0
0.0
0.0
0.0
0.0
0.0
0.0
0.0
0.0
0.0
0.0
0.0
0.0
0.0
0.0
0.0
0.0
0.0
0.0
0.0
0.0
0.0
0.0
0.0
0.0
0.0
0.0
0.0
0.0
0.0
0.0
0.0
0.0
0.0
0.0
0.0
0.0
0.0
0.0
0.0
0.0
0.0
0.0
0.0
0.0
0.0
0.0
0.0
0.0
0.0
0.0
0.0
0.0
0.0
0.0
0.0
0.0
0.0
0.0
0.0
0.0
0.0
0.0
0.0
0.0
0.0
0.0
0.0
0.0
0.0
0.0
0.0
0.0
0.0
0.0
0.0
0.0
0.0
0.0
0.0
0.0
0.0
0.0
0.0
0.0
0.0
0.0
0.0
0.0
0.0
0.0
0.0
0.0
0.0
0.0
0.0
0.0
0.0
0.0
0.0
0.0
0.0
0.0
0.0
0.0
0.0
0.0
0.0
0.0
0.0
0.0
0.0
0.0
0.0
0.0
0.0
0.0
0.0
0.0
0.0
0.0
0.0
0.0
0.0
0.0
0.0
0.0
0.0
0.0
0.0
0.0
0.0
0.0
0.0
0.0
0.0
0.0
0.0
0.0
0.0
0.0
0.0
0.0
0.0
0.0
0.0
0.0
0.0
0.0
0.0
0.0
0.0
0.0
0.0
0.0
0.0
0.0
0.0
0.0
0.0
0.0
0.0
0.0
0.0
0.0
0.0
0.0
0.0
0.0
0.0
0.0
0.0
0.0
0.0
0.0
0.0
0.0
0.0
0.0
0.0
0.0
0.0
0.0
0.0
0.0
0.0
0.0
0.0
0.0
0.0
0.0
0.0
0.0
0.0
0.0
0.0
0.0
0.0
0.0
0.0
0.0
0.0
0.0
0.0
0.0
0.0
0.0
0.0
0.0
0.0
0.0
0.0
0.0
0.0
0.0
0.0
0.0
0.0
0.0
0.0
0.0
0.0
0.0
0.0
0.0
0.0
0.0
0.0
0.0
0.0
0.0
0.0
0.0
0.0
0.0
0.0
0.0
0.0
0.0
0.0
0.0
0.0
0.0
0.0
0.0
0.0
0.0
0.0
0.0
0.0
0.0
0.0
0.0
0.0
0.0
0.0
0.0
0.0
0.0
0.0
0.0
0.0
0.0
0.0
0.0
0.0
0.0
0.0
0.0
0.0
0.0
0.0
0.0
0.0
0.0
0.0
0.0
0.0
0.0
0.0
0.0
0.0
0.0
0.0
0.0
0.0
0.0
0.0
0.0
0.0
0.0
0.0
0.0
0.0
0.0
0.0
0.0
0.0
0.0
0.0
0.0
0.0
0.0
0.0
0.0
0.0
0.0
0.0
0.0
0.0
0.0
0.0
0.0
0.0
0.0
0.0
0.0
0.0
0.0
0.0
0.0
0.0
0.0
0.0
0.0
0.0
0.0
0.0
0.0
0.0
0.0
0.0
0.0
0.0
0.0
0.0
0.0
0.0
0.0
0.0
0.0
0.0
0.0
0.0
0.0
0.0
0.0
0.0
0.0
0.0
0.0
0.0
0.0
0.0
0.0
0.0
0.0
0.0
0.0
0.0
0.0
0.0
0.0
0.0
0.0
0.0
0.0
0.0
0.0
0.0
0.0
0.0
0.0
0.0
0.0
0.0
0.0
0.0
0.0
0.0
0.0
0.0
0.0
0.0
0.0
0.0
0.0
0.0
0.0
0.0
0.0
0.0
0.0
0.0
0.0
0.0
0.0
0.0
0.0
0.0
0.0
0.0
0.0
0.0
0.0
0.0
0.0
0.0
0.0
0.0
0.0
0.0
0.0
0.0
0.0
0.0
0.0
0.0
0.0
0.0
0.0
0.0
0.0
0.0
0.0
0.0
0.0
0.0
0.0
0.0
0.0
0.0
0.0
0.0
0.0
0.0
0.0
0.0
0.0
0.0
0.0
0.0
0.0
0.0
0.0
0.0
0.0
0.0
0.0
0.0
0.0
0.0
0.0
0.0
0.0
0.0
0.0
0.0
0.0
0.0
0.0
0.0
0.0
0.0
0.0
0.0
0.0
0.0
0.0
0.0
0.0
0.0
0.0
0.0
0.0
0.0
0.0
0.0
0.0
0.0
0.0
0.0
0.0
0.0
0.0
0.0
0.0
0.0
0.0
0.0
0.0
0.0
0.0
0.0
0.0
0.0
0.0
0.0
0.0
0.0
0.0
0.0
0.0
0.0
0.0
0.0
0.0
0.0
0.0
0.0
0.0
0.0
0.0
0.0
0.0
0.0
0.0
0.0
0.0
0.0
0.0
0.0
0.0
0.0
0.0
0.0
0.0
0.0
0.0
0.0
0.0
0.0
0.0
0.0
0.0
0.0
0.0
0.0
0.0
0.0
0.0
0.0
0.0
0.0
0.0
0.0
0.0
0.0
0.0
0.0
0.0
0.0
0.0
0.0
0.0
0.0
0.0
0.0
0.0
0.0
0.0
0.0
0.0
0.0
0.0
0.0
0.0
0.0
0.0
0.0
0.0
0.0
0.0
0.0
0.0
0.0
0.0
0.0
0.0
0.0
0.0
0.0
0.0
0.0
0.0
0.0
0.0
0.0
0.0
0.0
0.0
0.0
0.0
0.0
0.0
0.0
0.0
0.0
0.0
0.0
0.0
0.0
0.0
0.0
0.0
0.0
0.0
0.0
0.0
0.0
0.0
0.0
0.0
0.0
0.0
0.0
0.0
0.0
0.0
0.0
0.0
0.0
0.0
0.0
0.0
0.0
0.0
0.0
0.0
0.0
0.0
0.0
0.0
0.0
0.0
0.0
0.0
0.0
0.0
0.0
0.0
0.0
0.0
0.0
0.0
0.0
0.0
0.0
0.0
0.0
0.0
0.0
0.0
0.0
0.0
0.0
0.0
0.0
0.0
0.0
0.0
0.0
0.0
0.0
0.0
0.0
0.0
0.0
0.0
0.0
0.0
0.0
0.0
0.0
0.0
0.0
0.0
0.0
0.0
0.0
0.0
0.0
0.0
0.0
0.0
0.0
0.0
0.0
0.0
0.0
0.0
0.0
0.0
0.0
0.0
0.0
0.0
0.0
0.0
0.0
0.0
0.0
0.0
0.0
0.0
0.0
0.0
0.0
0.0
0.0
0.0
0.0
0.0
0.0
0.0
0.0
0.0
0.0
0.0
0.0
0.0
0.0
0.0
0.0
0.0
0.0
0.0
0.0
0.0
0.0
0.0
0.0
0.0
0.0
0.0
0.0
0.0
0.0
0.0
0.0
0.0
0.0
0.0
0.0
0.0
0.0
0.0
0.0
0.0
0.0
0.0
0.0
0.0
0.0
0.0
0.0
0.0
0.0
0.0
0.0
0.0
0.0
0.0
0.0
0.0
0.0
0.0
0.0
0.0
0.0
0.0
0.0
0.0
0.0
0.0
0.0
0.0
0.0
0.0
0.0
0.0
0.0
0.0
0.0
0.0
0.0
0.0
0.0
0.0
0.0
0.0
0.0
0.0
0.0
0.0
0.0
0.0
0.0
0.0
0.0
0.0
0.0
0.0
0.0
0.0
0.0
0.0
0.0
0.0
0.0
0.0
0.0
0.0
0.0
0.0
0.0
0.0
0.0
0.0
0.0
0.0
0.0
0.0
0.0
0.0
0.0
0.0
0.0
0.0
0.0
0.0
0.0
0.0
0.0
0.0
0.0
0.0
0.0
0.0
0.0
0.0
0.0
0.0
0.0
0.0
0.0
0.0
0.0
0.0
0.0
0.0
0.0
0.0
0.0
0.0
0.0
0.0
0.0
0.0
0.0
0.0
0.0
0.0
0.0
0.0
0.0
0.0
0.0
0.0
0.0
0.0
0.0
0.0
0.0
0.0
0.0
0.0
0.0
0.0
0.0
0.0
0.0
0.0
0.0
0.0
0.0
0.0
0.0
0.0
0.0
0.0
0.0
0.0
0.0
0.0
0.0
0.0
0.0
0.0
0.0
0.0
0.0
0.0
0.0
0.0
0.0
0.0
0.0
0.0
0.0
0.0
0.0
0.0
0.0
0.0
0.0
0.0
0.0
0.0
0.0
0.0
0.0
0.0
0.0
0.0
0.0
0.0
0.0
0.0
0.0
0.0
0.0
0.0
0.0
0.0
0.0
0.0
0.0
0.0
0.0
0.0
0.0
0.0
0.0
0.0
0.0
0.0
0.0
0.0
0.0
0.0
0.0
0.0
0.0
0.0
0.0
0.0
0.0
0.0
0.0
0.0
0.0
0.0
0.0
0.0
0.0
0.0
0.0
0.0
0.0
0.0
0.0
0.0
0.0
0.0
0.0
0.0
0.0
0.0
0.0
0.0
0.0
0.0
0.0
0.0
0.0
0.0
0.0
0.0
0.0
0.0
0.0
0.0
0.0
0.0
0.0
0.0
0.0
0.0
0.0
0.0
0.0
0.0
0.0
0.0
0.0
0.0
0.0
0.0
0.0
0.0
0.0
0.0
0.0
0.0
0.0
0.0
0.0
0.0
0.0
0.0
0.0
0.0
0.0
0.0
0.0
0.0
0.0
0.0
0.0
0.0
0.0
0.0
0.0
0.0
0.0
0.0
0.0
0.0
0.0
0.0
0.0
0.0
0.0
0.0
0.0
0.0
0.0
0.0
0.0
0.0
0.0
0.0
0.0
0.0
0.0
0.0
0.0
0.0
0.0
0.0
0.0
0.0
0.0
0.0
0.0
0.0
0.0
0.0
0.0
0.0
0.0
0.0
0.0
0.0
0.0
0.0
0.0
0.0
0.0
0.0
0.0
0.0
0.0
0.0
0.0
0.0
0.0
0.0
0.0
0.0
0.0
0.0
0.0
0.0
0.0
0.0
0.0
0.0
0.0
0.0
0.0
0.0
0.0
0.0
0.0
0.0
0.0
0.0
0.0
0.0
0.0
0.0
0.0
0.0
0.0
0.0
0.0
0.0
0.0
0.0
0.0
0.0
0.0
0.0
0.0
0.0
0.0
0.0
0.0
0.0
0.0
0.0
0.0
0.0
0.0
0.0
0.0
0.0
0.0
0.0
0.0
0.0
0.0
0.0
0.0
0.0
0.0
0.0
0.0
0.0
0.0
0.0
0.0
0.0
0.0
0.0
0.0
0.0
0.0
0.0
0.0
0.0
0.0
0.0
0.0
0.0
0.0
0.0
0.0
0.0
0.0
0.0
0.0
0.0
0.0
0.0
0.0
0.0
0.0
0.0
0.0
0.0
0.0
0.0
0.0
0.0
0.0
0.0
0.0
0.0
0.0
0.0
0.0
0.0
0.0
0.0
0.0
0.0
0.0
0.0
0.0
0.0
0.0
0.0
0.0
0.0
0.0
0.0
0.0
0.0
0.0
0.0
0.0
0.0
0.0
0.0
0.0
0.0
0.0
0.0
0.0
0.0
0.0
0.0
0.0
0.0
0.0
0.0
0.0
0.0
0.0
0.0
0.0
0.0
0.0
0.0
0.0
0.0
0.0
0.0
0.0
0.0
0.0
0.0
0.0
0.0
0.0
0.0
0.0
0.0
0.0
0.0
0.0
0.0
0.0
0.0
0.0
0.0
0.0
0.0
0.0
0.0
0.0
0.0
0.0
0.0
0.0
0.0
0.0
0.0
0.0
0.0
0.0
0.0
0.0
0.0
0.0
0.0
0.0
0.0
0.0
0.0
0.0
0.0
0.0
0.0
0.0
0.0
0.0
0.0
0.0
0.0
0.0
0.0
0.0
0.0
0.0
0.0
0.0
0.0
0.0
0.0
0.0
0.0
0.0
0.0
0.0
0.0
0.0
0.0
0.0
0.0
0.0
0.0
0.0
0.0
0.0
0.0
0.0
0.0
0.0
0.0
0.0
0.0
0.0
0.0
0.0
0.0
0.0
0.0
0.0
0.0
0.0
0.0
0.0
0.0
0.0
0.0
0.0
0.0
0.0
0.0
0.0
0.0
0.0
0.0
0.0
0.0
0.0
0.0
0.0
0.0
0.0
0.0
0.0
0.0
0.0
0.0
0.0
0.0
0.0
0.0
0.0
0.0
0.0
0.0
0.0
0.0
0.0
0.0
0.0
0.0
0.0
0.0
0.0
0.0
0.0
0.0
0.0
0.0
0.0
0.0
0.0
0.0
0.0
0.0
0.0
0.0
0.0
0.0
0.0
0.0
0.0
0.0
0.0
0.0
0.0
0.0
0.0
0.0
0.0
0.0
0.0
0.0
0.0
0.0
0.0
0.0
0.0
0.0
0.0
0.0
0.0
0.0
0.0
0.0
0.0
0.0
0.0
0.0
0.0
0.0
0.0
0.0
0.0
0.0
0.0
0.0
0.0
0.0
0.0
0.0
0.0
0.0
0.0
0.0
0.0
0.0
0.0
0.0
0.0
0.0
0.0
0.0
0.0
0.0
0.0
0.0
0.0
0.0
0.0
0.0
0.0
0.0
0.0
0.0
0.0
0.0
0.0
0.0
0.0
0.0
0.0
0.0
0.0
0.0
0.0
0.0
0.0
0.0
0.0
0.0
0.0
0.0
0.0
0.0
0.0
0.0
0.0
0.0
0.0
0.0
0.0
0.0
0.0
0.0
0.0
0.0
0.0
0.0
0.0
0.0
0.0
0.0
0.0
0.0
0.0
0.0
0.0
0.0
0.0
0.0
0.0
0.0
0.0
0.0
0.0
0.0
0.0
0.0
0.0
0.0
0.0
0.0
0.0
0.0
0.0
0.0
0.0
0.0
0.0
0.0
0.0
0.0
0.0
0.0
0.0
0.0
0.0
0.0
0.0
0.0
0.0
0.0
0.0
0.0
0.0
0.0
0.0
0.0
0.0
0.0
0.0
0.0
0.0
0.0
0.0
0.0
0.0
0.0
0.0
0.0
0.0
0.0
0.0
0.0
0.0
0.0
0.0
0.0
0.0
0.0
0.0
0.0
0.0
0.0
0.0
0.0
0.0
0.0
0.0
0.0
0.0
0.0
0.0
0.0
0.0
0.0
0.0
0.0
0.0
0.0
0.0
0.0
0.0
0.0
0.0
0.0
0.0
0.0
0.0
0.0
0.0
0.0
0.0
0.0
0.0
0.0
0.0
0.0
0.0
0.0
0.0
0.0
0.0
0.0
0.0
0.0
0.0
0.0
0.0
0.0
0.0
0.0
0.0
0.0
0.0
0.0
0.0
0.0
0.0
0.0
0.0
0.0
0.0
0.0
0.0
0.0
0.0
0.0
0.0
0.0
0.0
0.0
0.0
0.0
0.0
0.0
0.0
0.0
0.0
0.0
0.0
0.0
0.0
0.0
0.0
0.0
0.0
0.0
0.0
0.0
0.0
0.0
0.0
0.0
0.0
0.0
0.0
0.0
0.0
0.0
0.0
0.0
0.0
0.0
0.0
0.0
0.0
0.0
0.0
0.0
0.0
0.0
0.0
0.0
0.0
0.0
0.0
0.0
0.0
0.0
0.0
0.0
0.0
0.0
0.0
0.0
0.0
0.0
0.0
0.0
0.0
0.0
0.0
0.0
0.0
0.0
0.0
0.0
0.0
0.0
0.0
0.0
0.0
0.0
0.0
0.0
0.0
0.0
0.0
0.0
0.0
0.0
0.0
0.0
0.0
0.0
0.0
0.0
0.0
0.0
0.0
0.0
0.0
0.0
0.0
0.0
0.0
0.0
0.0
0.0
0.0
0.0
0.0
0.0
0.0
0.0
0.0
0.0
0.0
0.0
0.0
0.0
0.0
0.0
0.0
0.0
0.0
0.0
0.0
0.0
0.0
0.0
0.0
0.0
0.0
0.0
0.0
0.0
0.0
0.0
0.0
0.0
0.0
0.0
0.0
0.0
0.0
0.0
0.0
0.0
0.0
0.0
0.0
0.0
0.0
0.0
0.0
0.0
0.0
0.0
0.0
0.0
0.0
0.0
0.0
0.0
0.0
0.0
0.0
0.0
0.0
0.0
0.0
0.0
0.0
0.0
0.0
0.0
0.0
0.0
0.0
0.0
0.0
0.0
0.0
0.0
0.0
0.0
0.0
0.0
0.0
0.0
0.0
0.0
0.0
0.0
0.0
0.0
0.0
0.0
0.0
0.0
0.0
0.0
0.0
0.0
0.0
0.0
0.0
0.0
0.0
0.0
0.0
0.0
0.0
0.0
0.0
0.0
0.0
0.0
0.0
0.0
0.0
0.0
0.0
0.0
0.0
0.0
0.0
0.0
0.0
0.0
0.0
0.0
0.0
0.0
0.0
0.0
0.0
0.0
0.0
0.0
0.0
0.0
0.0
0.0
0.0
0.0
0.0
0.0
0.0
0.0
0.0
0.0
0.0
0.0
0.0
0.0
0.0
0.0
0.0
0.0
0.0
0.0
0.0
0.0
0.0
0.0
0.0
0.0
0.0
0.0
0.0
0.0
0.0
0.0
0.0
0.0
0.0
0.0
0.0
0.0
0.0
0.0
0.0
0.0
0.0
0.0
0.0
0.0
0.0
0.0
0.0
0.0
0.0
0.0
0.0
0.0
0.0
0.0
0.0
0.0
0.0
0.0
0.0
0.0
0.0
0.0
0.0
0.0
0.0
0.0
0.0
0.0
0.0
0.0
0.0
0.0
0.0
0.0
0.0
0.0
0.0
0.0
0.0
0.0
0.0
0.0
0.0
0.0
0.0
0.0
0.0
0.0
0.0
0.0
0.0
0.0
0.0
0.0
0.0
0.0
0.0
0.0
0.0
0.0
0.0
0.0
0.0
0.0
0.0
0.0
0.0
0.0
0.0
0.0
0.0
0.0
0.0
0.0
0.0
0.0
0.0
0.0
0.0
0.0
0.0
0.0
0.0
0.0
0.0
0.0
0.0
0.0
0.0
0.0
0.0
0.0
0.0
0.0
0.0
0.0
0.0
0.0
0.0
0.0
0.0
0.0
0.0
0.0
0.0
0.0
0.0
0.0
0.0
0.0
0.0
0.0
0.0
0.0
0.0
0.0
0.0
0.0
0.0
0.0
0.0
0.0
0.0
0.0
0.0
0.0
0.0
0.0
0.0
0.0
0.0
0.0
0.0
0.0
0.0
0.0
0.0
0.0
0.0
0.0
0.0
0.0
0.0
0.0
0.0
0.0
0.0
0.0
0.0
0.0
0.0
0.0
0.0
0.0
0.0
0.0
0.0
0.0
0.0
0.0
0.0
0.0
0.0
0.0
0.0
0.0
0.0
0.0
0.0
0.0
0.0
0.0
0.0
0.0
0.0
0.0
0.0
0.0
0.0
0.0
0.0
0.0
0.0
0.0
0.0
0.0
0.0
0.0
0.0
0.0
0.0
0.0
0.0
0.0
0.0
0.0
0.0
0.0
0.0
0.0
0.0
0.0
0.0
0.0
0.0
0.0
0.0
0.0
0.0
0.0
0.0
0.0
0.0
0.0
0.0
0.0
0.0
0.0
0.0
0.0
0.0
0.0
0.0
0.0
0.0
0.0
0.0
0.0
0.0
0.0
0.0
0.0
0.0
0.0
0.0
0.0
0.0
0.0
0.0
0.0
0.0
0.0
0.0
0.0
0.0
0.0
0.0
0.0
0.0
0.0
0.0
0.0
0.0
0.0
0.0
0.0
0.0
0.0
0.0
0.0
0.0
0.0
0.0
0.0
0.0
0.0
0.0
0.0
0.0
0.0
0.0
0.0
0.0
0.0
0.0
0.0
0.0
0.0
0.0
0.0
0.0
0.0
0.0
0.0
0.0
0.0
0.0
0.0
0.0
0.0
0.0
0.0
0.0
0.0
0.0
0.0
0.0
0.0
0.0
0.0
0.0
0.0
0.0
0.0
0.0
0.0
0.0
0.0
0.0
0.0
0.0
0.0
0.0
0.0
0.0
0.0
0.0
0.0
0.0
0.0
0.0
0.0
0.0
0.0
0.0
0.0
0.0
0.0
0.0
0.0
0.0
0.0
0.0
0.0
0.0
0.0
0.0
0.0
0.0
0.0
0.0
0.0
0.0
0.0
0.0
0.0
0.0
0.0
0.0
0.0
0.0
0.0
0.0
0.0
0.0
0.0
0.0
0.0
0.0
0.0
0.0
0.0
0.0
0.0
0.0
0.0
0.0
0.0
0.0
0.0
0.0
0.0
0.0
0.0
0.0
0.0
0.0
0.0
0.0
0.0
0.0
0.0
0.0
0.0
0.0
0.0
0.0
0.0
0.0
0.0
0.0
0.0
0.0
0.0
0.0
0.0
0.0
0.0
0.0
0.0
0.0
0.0
0.0
0.0
0.0
0.0
0.0
0.0
0.0
0.0
0.0
0.0
0.0
0.0
0.0
0.0
0.0
0.0
0.0
0.0
0.0
0.0
0.0
0.0
0.0
0.0
0.0
0.0
0.0
0.0
0.0
0.0
0.0
0.0
0.0
0.0
0.0
0.0
0.0
0.0
0.0
0.0
0.0
0.0
0.0
0.0
0.0
0.0
0.0
0.0
0.0
0.0
0.0
0.0
0.0
0.0
0.0
0.0
0.0
0.0
0.0
0.0
0.0
0.0
0.0
0.0
0.0
0.0
0.0
0.0
0.0
0.0
0.0
0.0
0.0
0.0
0.0
0.0
0.0
0.0
0.0
0.0
0.0
0.0
0.0
0.0
0.0
0.0
0.0
0.0
0.0
0.0
0.0
0.0
0.0
0.0
0.0
0.0
0.0
0.0
0.0
0.0
1.6599059383595391e-6
7.802280996672e-6
2.3469006826027136e-6
0.0
0.0
0.0
0.0
0.0
0.0
0.0
0.0
0.0
0.0
0.0
0.0
0.0
0.0
0.0
0.0
0.0
0.0
0.0
0.0
0.0
4.727943998225272e-8
7.396954406292182e-7
0.0
0.0
0.0
0.0
0.0
0.0
0.0
0.0
0.0
0.0
0.0
0.0
0.0
0.0
0.0
0.0
0.0
0.0
0.0
0.0
0.0
0.0
0.0
0.0
0.0
0.0
0.0
0.0
0.0
0.0
0.0
0.0
0.0
0.0
0.0
0.0
0.0
0.0
0.0
0.0
0.0
0.0
0.0
0.0
0.0
0.0
0.0
0.0
0.0
0.0
0.0
0.0
0.0
0.0
0.0
0.0
0.0
0.0
0.0
0.0
0.0
0.0
0.0
0.0
0.0
0.0
0.0
0.0
0.0
0.0
0.0
0.0
0.0
0.0
0.0
0.0
0.0
0.0
0.0
0.0
0.0
0.0
0.0
0.0
0.0
0.0
0.0
0.0
0.0
0.0
0.0
0.0
0.0
0.0
0.0
0.0
0.0
0.0
0.0
0.0
0.0
0.0
0.0
0.0
0.0
0.0
0.0
0.0
0.0
0.0
0.0
0.0
0.0
0.0
0.0
0.0
0.0
0.0
0.0
0.0
0.0
0.0
0.0
0.0
0.0
0.0
0.0
0.0
0.0
0.0
0.0
0.0
0.0
0.0
0.0
0.0
0.0
0.0
0.0
0.0
0.0
0.0
0.0
0.0
0.0
0.0
0.0
0.0
0.0
0.0
0.0
0.0
0.0
0.0
0.0
0.0
0.0
0.0
0.0
0.0
0.0
0.0
0.0
0.0
0.0
0.0
0.0
0.0
0.0
0.0
0.0
0.0
0.0
0.0
0.0
0.0
0.0
0.0
0.0
0.0
0.0
0.0
0.0
0.0
0.0
0.0
0.0
0.0
0.0
0.0
0.0
0.0
0.0
0.0
0.0
0.0
0.0
0.0
0.0
0.0
0.0
0.0
0.0
0.0
0.0
0.0
0.0
0.0
0.0
0.0
0.0
0.0
0.0
0.0
0.0
0.0
0.0
0.0
0.0
0.0
0.0
0.0
0.0
0.0
0.0
0.0
0.0
0.0
0.0
0.0
0.0
0.0
0.0
0.0
0.0
0.0
0.0
0.0
0.0
0.0
0.0
0.0
0.0
0.0
0.0
0.0
0.0
0.0
0.0
0.0
0.0
0.0
0.0
0.0
0.0
0.0
0.0
0.0
0.0
0.0
0.0
0.0
0.0
0.0
0.0
0.0
0.0
0.0
0.0
0.0
0.0
0.0
0.0
0.0
0.0
0.0
0.0
0.0
0.0
0.0
0.0
0.0
0.0
0.0
0.0
5.333876201596711e-6
2.7442316732843572e-5
5.5355951098517503e-5
7.152173265827969e-5
3.789304695103108e-5
9.884437320103187e-7
0.0
0.0
0.0
0.0
0.0
0.0
0.0
0.0
0.0
0.0
0.0
0.0
0.0
0.0
2.9476281886932075e-7
1.0083098239477678e-5
3.312282666129049e-5
5.7332310147319854e-5
7.156780102807521e-5
7.963890598766752e-5
8.933005800834429e-5
8.608255549563202e-5
3.932107294093656e-5
8.552150548820027e-7
0.0
0.0
0.0
0.0
0.0
0.0
0.0
0.0
0.0
0.0
0.0
0.0
0.0
0.0
0.0
0.0
0.0
0.0
5.55429060492838e-6
1.608387702414358e-5
3.211572266671354e-5
3.534108567365672e-5
1.6874405113811503e-5
5.9925987949103e-7
0.0
0.0
0.0
0.0
0.0
0.0
0.0
0.0
0.0
0.0
0.0
0.0
0.0
0.0
0.0
7.167036852541313e-7
7.188226432190014e-6
2.0985790597536178e-5
3.2025466794885256e-5
4.111815475276922e-5
5.3931835145026345e-5
6.34661118828801e-5
3.613742196517988e-5
8.064095270095765e-7
0.0
0.0
0.0
0.0
0.0
0.0
0.0
0.0
0.0
0.0
0.0
0.0
0.0
0.0
0.0
0.0
0.0
0.0
0.0
0.0
0.0
0.0
0.0
0.0
0.0
0.0
0.0
0.0
0.0
0.0
0.0
0.0
0.0
0.0
0.0
0.0
0.0
0.0
0.0
0.0
0.0
0.0
0.0
0.0
0.0
0.0
0.0
0.0
0.0
0.0
0.0
0.0
0.0
0.0
0.0
0.0
0.0
0.0
0.0
0.0
0.0
0.0
0.0
0.0
0.0
0.0
1.7391462755189613e-6
1.1429824756480317e-5
2.2115809334783132e-5
3.347184840811351e-5
1.3989881698349923e-5
1.380561069166777e-7
0.0
0.0
0.0
0.0
0.0
0.0
0.0
0.0
0.0
0.0
0.0
0.0
0.0
0.0
0.0
0.0
0.0
0.0
2.4809041660727215e-6
7.7638194140543e-6
9.526571880574912e-6
8.574533486569607e-6
4.690655902862539e-6
2.731327435949825e-7
0.0
0.0
0.0
0.0
0.0
0.0
0.0
0.0
0.0
0.0
0.0
0.0
0.0
0.0
0.0
0.0
0.0
0.0
0.0
8.295289962128443e-8
4.128691652370287e-6
2.4710164154676868e-6
0.0
0.0
0.0
0.0
0.0
0.0
0.0
0.0
0.0
0.0
0.0
0.0
0.0
0.0
0.0
0.0
0.0
0.0
0.0
0.0
0.0
0.0
0.0
0.0
0.0
0.0
0.0
0.0
0.0
0.0
0.0
0.0
0.0
0.0
0.0
0.0
0.0
0.0
0.0
0.0
0.0
0.0
0.0
0.0
0.0
4.335222340103039e-7
3.891924812248114e-6
4.402449703716596e-6
3.4934502851982974e-7
0.0
0.0
0.0
0.0
0.0
0.0
0.0
0.0
0.0
0.0
0.0
0.0
0.0
0.0
0.0
0.0
0.0
0.0
0.0
0.0
7.168711999471768e-6
1.551934324714035e-5
1.2455728827724259e-5
1.5348555767090766e-6
0.0
0.0
0.0
0.0
0.0
0.0
0.0
0.0
0.0
0.0
0.0
0.0
0.0
0.0
0.0
0.0
0.0
0.0
0.0
0.0
0.0
0.0
0.0
0.0
0.0
0.0
0.0
0.0
0.0
0.0
0.0
0.0
0.0
0.0
0.0
0.0
0.0
0.0
0.0
0.0
0.0
0.0
0.0
0.0
0.0
0.0
0.0
0.0
0.0
0.0
0.0
0.0
0.0
0.0
0.0
0.0
0.0
0.0
0.0
0.0
0.0
0.0
0.0
0.0
0.0
0.0
0.0
5.531908978315798e-6
2.517137034318073e-5
4.2429361775452664e-5
5.446535071079572e-5
6.88661408804746e-5
7.764979053345474e-5
6.307544481571742e-5
2.953591507385399e-5
3.3050170962164587e-6
0.0
0.0
0.0
0.0
0.0
0.0
0.0
2.431249596460374e-6
2.856537326388683e-5
7.523237997621395e-5
0.00011300172770724754
0.00014523930133274884
0.00018003297761160416
0.00021430046262077253
0.0002495391684811963
0.00030142575166960435
0.000329392500489671
0.00035452156311824404
0.00035778086873664667
0.0002674410205479408
0.00015058873006707873
6.221204561006132e-5
1.2741648715771865e-5
6.217136036610488e-7
0.0
0.0
0.0
0.0
0.0
0.0
1.2843106475594506e-6
2.8260821330954132e-5
7.998126843530757e-5
0.00012241808277237964
0.00015917083517829255
0.00020819824178046415
0.0002533417348752482
0.00028994325236729175
0.00032376915618340666
0.0003484338086858961
0.0003548271690187187
0.0003638369530722313
0.00035021340879386556
0.00022647969675959986
8.984410414727773e-5
1.4356658744533535e-5
0.0
0.0
0.0
0.0
0.0
0.0
0.0
0.0
0.0
0.0
0.0
0.0
8.95692707794453e-6
5.4102763189274335e-5
9.351097824809592e-5
0.00011662627997540993
0.00014705314188161175
0.00017531818647322504
0.0001934470900489124
0.00021133567773059603
0.0002037349721905329
0.0001254460192635121
2.660955008245103e-5
0.0
0.0
0.0
0.0
0.0
0.0
0.0
0.0
0.0
0.0
0.0
0.0
0.0
1.4997782316686408e-7
1.2567589514323999e-5
4.27699941115315e-5
6.926131717856993e-5
9.090933931576789e-5
0.00011328029442719034
0.00013093939755688875
0.00013787049936787757
0.00013579423391422586
9.836918037267481e-5
4.1704363785010775e-5
1.3425415555391123e-6
0.0
0.0
0.0
0.0
0.0
0.0
0.0
0.0
0.0
0.0
0.0
0.0
0.0
0.0
0.0
2.055215690067605e-7
1.5476149292313906e-5
5.073768444178823e-5
7.17700779896285e-5
8.277241073658935e-5
9.375074186860764e-5
6.745461360998138e-5
1.933510973879996e-5
1.2763319880459187e-6
0.0
0.0
0.0
0.0
0.0
0.0
0.0
0.0
0.0
0.0
0.0
0.0
0.0
0.0
3.84052591186749e-7
6.1525825502988804e-6
1.526177994749048e-5
2.8872555401473965e-5
3.829379970628973e-5
4.5131803817391736e-5
4.747848219205149e-5
4.0685752869117933e-5
1.3992170960734162e-5
1.1311707417431987e-7
0.0
0.0
0.0
0.0
0.0
0.0
0.0
0.0
0.0
0.0
0.0
0.0
4.6276110392614956e-7
1.3876843077923865e-5
4.084608378362855e-5
6.320615142458343e-5
8.375801613567882e-5
9.846810516804834e-5
0.00011589445383392872
0.0001260888319459589
0.00012365477080821354
9.741516797352904e-5
3.190202246090215e-5
7.328903533244707e-7
0.0
0.0
0.0
0.0
0.0
0.0
0.0
0.0
0.0
0.0
0.0
0.0
0.0
0.0
0.0
0.0
0.0
0.0
0.0
0.0
0.0
0.0
0.0
0.0
0.0
0.0
0.0
0.0
0.0
0.0
0.0
0.0
0.0
0.0
0.0
0.0
0.0
0.0
0.0
0.0
0.0
1.0599795806788793e-7
2.1803230343703457e-6
4.319421057182013e-6
7.364601482148342e-6
3.843322719311831e-6
0.0
0.0
0.0
0.0
0.0
0.0
0.0
0.0
0.0
0.0
0.0
0.0
0.0
0.0
0.0
0.0
0.0
0.0
0.0
0.0
0.0
0.0
0.0
0.0
0.0
0.0
0.0
0.0
0.0
0.0
0.0
0.0
0.0
0.0
0.0
0.0
0.0
0.0
0.0
0.0
1.0510864721041129e-6
1.5831747721957208e-5
4.0739694714793936e-5
5.85236530993819e-5
6.512621498948109e-5
6.6173605804418e-5
7.495530478509449e-5
6.477377576653029e-5
1.5767808066283103e-5
1.665755812764535e-8
0.0
0.0
0.0
0.0
0.0
0.0
0.0
0.0
0.0
0.0
0.0
0.0
1.1074758614083483e-7
1.3790086814889467e-5
2.769350111774753e-5
4.298429012352966e-5
5.4474837990073444e-5
5.926094049475323e-5
7.525130041967683e-5
7.18501245483649e-5
6.60039420498003e-5
4.483744651478079e-5
7.006549561618316e-6
0.0
0.0
0.0
0.0
0.0
0.0
0.0
0.0
0.0
0.0
0.0
0.0
0.0
0.0
0.0
0.0
0.0
0.0
0.0
0.0
0.0
0.0
0.0
0.0
0.0
0.0
0.0
0.0
0.0
0.0
0.0
0.0
0.0
0.0
0.0
0.0
0.0
0.0
0.0
0.0
0.0
0.0
0.0
0.0
0.0
0.0
0.0
0.0
0.0
0.0
0.0
0.0
0.0
0.0
0.0
0.0
0.0
0.0
0.0
0.0
0.0
0.0
0.0
0.0
0.0
0.0
0.0
0.0
0.0
0.0
0.0
0.0
0.0
0.0
0.0
0.0
0.0
0.0
0.0
0.0
0.0
0.0
0.0
0.0
0.0
0.0
0.0
0.0
0.0
0.0
0.0
0.0
0.0
0.0
0.0
0.0
0.0
0.0
0.0
0.0
0.0
0.0
0.0
0.0
0.0
0.0
0.0
0.0
0.0
0.0
0.0
0.0
7.052202499866064e-7
1.1391555419938654e-5
4.2810981039762934e-5
0.00010426356841889344
0.00012455674582500143
0.00012998022603008413
0.00011703794266724763
5.423791717974536e-5
2.499572377714309e-6
0.0
0.0
0.0
0.0
0.0
0.0
0.0
0.0
0.0
0.0
0.0
0.0
0.0
0.0
0.0
0.0
1.1198162069564967e-6
6.1729399630809815e-6
1.3926654549876582e-5
1.8649313494819114e-5
2.308492334356882e-5
2.1964316983829486e-5
2.4965173794046613e-6
0.0
0.0
0.0
0.0
0.0
0.0
0.0
0.0
0.0
0.0
0.0
0.0
0.0
0.0
0.0
0.0
0.0
0.0
0.0
0.0
0.0
0.0
0.0
0.0
0.0
0.0
0.0
0.0
0.0
0.0
0.0
0.0
0.0
0.0
0.0
0.0
0.0
0.0
0.0
0.0
0.0
0.0
0.0
0.0
0.0
0.0
0.0
0.0
0.0
0.0
1.2869174113432718e-6
2.3822476818725244e-5
4.500088104279308e-5
4.524257404804706e-5
3.0233262879191458e-5
2.576477405554577e-5
5.135044699370389e-5
9.412632904337152e-5
0.00013535239447137962
0.0001588515795068711
0.00017176169176638195
0.0002000906255594481
0.0002330759103649794
0.00028694804092258973
0.00034320972081820734
0.0003924289649569314
0.0004366030828344851
0.0004655900283341704
0.0004989664672672505
0.0005423049317341301
0.000495000933664858
0.0003684384293675024
0.000250315236853631
0.00015353841232866052
9.092635519770021e-5
5.201888972815441e-5
3.238329626408206e-5
1.9843122292901544e-5
7.997900399859033e-6
4.6036677453621556e-6
2.4154493310209437e-5
8.661356688794934e-5
0.0001592132986579397
0.00021240215752166153
0.0002770713240018949
0.00036397197219237406
0.0004494919162735508
0.0004943670482785148
0.0005433576897890326
0.0005816657559426142
0.0006193521872471815
0.0006538389573901535
0.0006592255182117306
0.0006033228197689359
0.0004511788693297316
0.0002883712916729815
0.00015493096673476405
6.926936593922612e-5
2.8936098723022706e-5
1.2033618323537486e-5
1.1483852528280568e-6
0.0
0.0
0.0
1.1170914990338424e-6
8.394388016644657e-6
2.406652861836463e-5
3.930215333227999e-5
5.758643801022932e-5
9.371527838733772e-5
0.00011120628241045485
0.00011707019044998978
0.00012592060850234103
0.00013246209235218993
0.0001378710755315625
0.00014012862320600506
0.00013624762597175792
0.00012544515317650015
0.00011168886627029433
0.00010099937250502266
5.635320295434524e-5
1.4438674439525298e-5
9.360164590042197e-7
0.0
0.0
0.0
0.0
0.0
0.0
0.0
7.876525275767479e-7
6.3713479705125325e-6
1.9269835203254608e-5
4.380272224080847e-5
6.781813535344294e-5
8.593474905769149e-5
0.00010607932389070664
0.00012266826831151237
0.00014033094676939393
0.00016986911869304883
0.0002221619455262303
0.0002493481616014931
0.0002485089538801129
0.0002739167043246526
0.00028078020818431175
0.0002787643136899507
0.0002445733686355389
0.00018085833317060931
0.00015947628965963124
0.0001873906289701427
0.0002289582316151827
0.00023612144896851132
0.00021374012318084445
0.00019708728364128215
0.00019905979911898577
0.0002143751339597768
0.00024485729495942485
0.00027781711296669587
0.000335423985047026
0.00037629747586613945
0.00038318240748551384
0.0003968451844693788
0.00039850288812161565
0.00039867870864656
0.0003866800161816515
0.0003458008877189815
0.0003211317169500086
0.000319853060302808
0.0002855169599343746
0.000240665497733391
0.00019220408392870545
0.00015514703427944916
0.00014235644686455307
0.00011876047229640268
9.995742899779956e-5
9.782349529489656e-5
0.00013232052623886833
0.00021532730497258852
0.00026628762511703635
0.0003160969118414248
0.0003524755112452919
0.00041320227186772207
0.000496378060629046
0.0005819762906378606
0.00058216706917348
0.000580062472823823
0.0006669414882359741
0.0007227057934678742
0.0007700597289150804
0.0007848453120617496
0.000613834145656635
0.0003858112845523642
0.00017818227483891599
6.528895522871308e-5
2.9061731501794086e-5
1.1246252080023226e-5
4.290030909801728e-7
0.0
0.0
0.0
2.4909589835217608e-6
2.845153448159559e-5
9.398713559695225e-5
0.00017034441712440637
0.00023102982971576203
0.00032125412435632004
0.0004054457437601684
0.0004790808430715129
0.0005218726964885249
0.0005806414839349283
0.0006321546916451723
0.0006508649075492669
0.0006496751621955381
0.0006463866481769139
0.0005166304041956711
0.0003139948304685959
0.0001293037150643475
3.572907662181691e-5
7.81975510625295e-6
0.0
0.0
0.0
0.0
0.0
0.0
0.0
0.0
7.993202117212211e-6
5.244144300870681e-5
0.00013511023169114126
0.0002086676533540232
0.0002857550042221479
0.00036156033800385903
0.000426521494128639
0.000452554210544972
0.00047516270756263034
0.0005037119780999419
0.0005024120572168537
0.000392002904851421
0.00022138781874144207
7.540384919594049e-5
1.3678684847000902e-5
6.223687935504084e-8
0.0
0.0
0.0
0.0
0.0
0.0
0.0
8.342267374632098e-7
1.690811661650506e-5
4.338264074813325e-5
0.00010083658249660169
0.00017066102314509658
0.00022423329529648025
0.0002829100205956933
0.0003452509413723031
0.00038223658517482493
0.0004183475297104722
0.00042112108190583373
0.0003972454505325484
0.00029500340342364335
0.00016508502279269664
4.858689130947998e-5
3.6881108961306854e-6
0.0
0.0
0.0
0.0
0.0
0.0
0.0
0.0
0.0
1.2890711087913474e-6
2.290298679912293e-5
7.551682670363272e-5
0.00013696677906569583
0.00019422729127739158
0.00025201544491557814
0.0003075076310296549
0.00034673341058274375
0.0003989449659507747
0.0004268509484816482
0.0003773472438412009
0.00027848018342778956
0.0001629555051170551
5.351225058309429e-5
7.81590673501782e-6
0.0
0.0
0.0
0.0
0.0
0.0
0.0
0.0
0.0
0.0
2.815070755270997e-6
3.2503719654943057e-5
7.820919440102061e-5
0.00011586194370102148
0.0001537591639962039
0.00018866310247695782
0.00020651420045509524
0.0002199830949706484
0.00019679927410777518
0.00018890885465432127
0.00016784549116669539
9.462762633925774e-5
1.6167502147165303e-5
0.0
0.0
0.0
0.0
0.0
0.0
0.0
0.0
0.0
0.0
0.0
0.0
0.0
0.0
0.0
0.0
0.0
0.0
0.0
3.5246383525114147e-7
3.956025804066311e-7
0.0
0.0
0.0
0.0
0.0
0.0
0.0
0.0
0.0
0.0
0.0
0.0
0.0
0.0
0.0
0.0
2.8331151677053994e-6
9.604263683915362e-6
2.6057089200900814e-5
4.2045536830058754e-5
5.549329368109558e-5
6.175083733454165e-5
6.632157164126087e-5
6.905722635473827e-5
6.017173330069706e-5
3.8736939703735286e-5
2.0621976222537677e-5
2.3027748791413806e-6
0.0
0.0
0.0
0.0
0.0
0.0
0.0
0.0
0.0
0.0
0.0
0.0
3.294632402591683e-7
4.455831207742886e-6
1.54283033031112e-5
3.2872083397871386e-5
4.6253956253182005e-5
5.865746194677447e-5
7.121558187480427e-5
7.950980920459214e-5
8.409595889764143e-5
7.172936308549428e-5
1.7699032962319473e-5
0.0
0.0
0.0
0.0
0.0
0.0
0.0
0.0
0.0
0.0
0.0
0.0
0.0
0.0
0.0
4.291630275960123e-6
8.961277558177382e-6
5.429961734713486e-6
6.327543185440734e-6
1.33963492514832e-5
1.4516470144334492e-5
3.3803620821869962e-6
0.0
0.0
0.0
0.0
0.0
0.0
0.0
0.0
0.0
0.0
0.0
0.0
0.0
0.0
0.0
0.0
0.0
0.0
0.0
0.0
0.0
0.0
0.0
0.0
0.0
0.0
0.0
0.0
0.0
0.0
0.0
0.0
0.0
0.0
0.0
0.0
0.0
0.0
0.0
0.0
0.0
0.0
0.0
0.0
0.0
0.0
0.0
0.0
0.0
0.0
0.0
0.0
0.0
0.0
0.0
0.0
0.0
0.0
0.0
0.0
0.0
0.0
0.0
0.0
0.0
0.0
0.0
0.0
0.0
0.0
0.0
0.0
0.0
0.0
0.0
0.0
0.0
0.0
0.0
0.0
0.0
0.0
0.0
0.0
0.0
0.0
0.0
0.0
0.0
0.0
0.0
0.0
3.92850433627639e-8
1.099749147917729e-7
1.1998810877275573e-6
3.4938846693050215e-6
1.3299090498740549e-6
0.0
0.0
0.0
0.0
0.0
0.0
0.0
0.0
0.0
4.110277079444208e-6
3.201287158075545e-5
7.192957026752347e-5
0.0001116551425990709
0.00015905414739842964
0.000208471792861224
0.00024094385690574883
0.00027013997248560156
0.00032825897541361793
0.0003739804767961294
0.00039775753963991825
0.0004322521491053706
0.0004627386577027143
0.00038130570491527814
0.000208850498013069
8.080708372706806e-5
2.0749909315055894e-5
1.1875467655525954e-6
0.0
0.0
0.0
0.0
0.0
0.0
0.0
0.0
0.0
0.0
0.0
0.0
0.0
6.459445124023745e-7
6.537958118982897e-7
0.0
0.0
0.0
0.0
0.0
0.0
0.0
0.0
0.0
0.0
0.0
0.0
0.0
0.0
0.0
0.0
0.0
0.0
0.0
0.0
0.0
0.0
0.0
0.0
0.0
0.0
0.0
0.0
0.0
0.0
0.0
0.0
0.0
0.0
0.0
0.0
0.0
0.0
0.0
0.0
0.0
0.0
0.0
0.0
0.0
0.0
0.0
0.0
0.0
0.0
0.0
0.0
0.0
0.0
0.0
0.0
0.0
0.0
0.0
0.0
0.0
0.0
0.0
0.0
0.0
0.0
0.0
0.0
0.0
0.0
0.0
0.0
0.0
0.0
0.0
2.2979938774997883e-7
1.4695711516551141e-5
3.9932850814235474e-5
4.810122205455928e-5
2.0103700471051074e-5
2.6289883686316302e-6
0.0
0.0
0.0
0.0
0.0
7.3939678596461e-7
8.765620458574023e-6
3.34009981249902e-5
6.379548891809149e-5
9.217652319505262e-5
0.00012304559681861662
0.00015611795307813271
0.00017510283359641589
0.00019047145002473704
0.00022308199638345548
0.00026094941259499534
0.0002857812036366203
0.0003172916014583956
0.00032226077703986436
0.0002914723843050802
0.00024911700520251776
0.00018868516603990417
0.00013193022651104301
7.870586900597299e-5
4.154907036196641e-5
2.7405196431097407e-5
2.3073161902080146e-5
2.382252670331396e-5
3.2475360719266357e-5
8.296495243227931e-5
0.00012752722632866794
0.00018860244790449388
0.0002620973604235484
0.0003277352923195428
0.0004025022087914062
0.00048358781978154154
0.0006003370381982999
0.0006428705038339243
0.0007167689265963038
0.0007844295294042594
0.0008547933067967065
0.0008907645295517416
0.0008476162513990512
0.0007861009172509274
0.0006468732449998773
0.0004098904517751452
0.00023527733887152436
0.00014786828491106534
9.758944805982059e-5
6.2522399618844e-5
4.021701108031819e-5
3.699866916288858e-5
5.032002754587955e-5
8.587711835017179e-5
0.00012288274901213402
0.00016397853760921616
0.00019862606613664483
0.0002260053499829029
0.0002658614864415187
0.0003053921669747978
0.00032990356082100746
0.00034056822786349405
0.00036829318509750054
0.00040059092486010466
0.0004194469448455033
0.0004168793563128635
0.0003619848529810692
0.000286680926959764
0.0002060628411755245
9.43680105332088e-5
2.5928905769607396e-5
5.311581421850658e-7
0.0
0.0
0.0
0.0
0.0
0.0
0.0
0.0
0.0
0.0
0.0
0.0
0.0
0.0
0.0
0.0
0.0
0.0
0.0
0.0
0.0
0.0
0.0
0.0
0.0
0.0
0.0
0.0
0.0
0.0
0.0
0.0
0.0
0.0
0.0
0.0
0.0
0.0
0.0
0.0
0.0
0.0
0.0
0.0
0.0
0.0
0.0
0.0
3.9499336060089874e-5
0.0001521416332869227
0.00024380844500123948
0.00029180473077095265
0.00028315197177708067
0.00027981650309442534
0.0002945183885586711
0.0003462981634335961
0.0003692067804464993
0.0003834774877058516
0.0004392568803434073
0.0005090831389545529
0.0005611170787185033
0.0005946792542025143
0.0006396655605580556
0.0007291099490741713
0.0008623018878491893
0.0009397749449233208
0.0009496917207622479
0.0009555307726397982
0.0009901950049298052
0.0009258336556783492
0.0007190839719739755
0.0005156852639708582
0.0003662362070829054
0.00025872781568318684
0.0001967029334308362
0.00017014458096468362
0.00023314078215803315
0.0003558125088511834
0.0004683940222333371
0.0005735567983842543
0.0006525290362638524
0.0007235273764634246
0.0007984575449599051
0.0008546449926492
0.0008874581494500465
0.0009166710055730622
0.0009682045548126704
0.001000706641169033
0.0010088296028490727
0.0010044247089576494
0.0009643572916601726
0.0008326196046595911
0.0005352368865744129
0.0002605848801711552
0.00011573309807188512
4.123890062440403e-5
1.6974647412808087e-5
3.0615472474341114e-6
0.0
0.0
0.0
4.483561863266674e-6
1.5719883914654984e-5
2.808446839599755e-5
4.757144961304492e-5
5.0931241998566596e-5
8.107035817006099e-5
8.400610505871936e-5
8.102644487735378e-5
8.456607708565066e-5
7.436974459379465e-5
6.960834079189427e-5
6.846031699596534e-5
4.302503790430131e-5
1.6415679132452174e-5
2.4772042332239205e-6
1.419310751059662e-8
0.0
0.0
0.0
0.0
0.0
0.0
0.0
0.0
0.0
0.0
0.0
0.0
1.0908940407091284e-5
4.655410097342593e-5
9.467960990116063e-5
0.00014876461695626807
0.00018489939484427656
0.00020575030017058805
0.00019858213258760758
0.0001885635028388808
0.00017423221226023998
0.00015234819855036927
0.00016203093417641498
0.00019169174700662183
0.00018628051274743328
0.0001754876357071696
0.00017687224818327377
0.00018081834855013997
0.000193211677610853
0.00020476982873220194
0.00021824779196987192
0.0002776969673944701
0.0003184530284627671
0.00032539778868740353
0.0003545488138976269
0.00038248233939009796
0.0004322403022214543
0.00051197688877477
0.0005720990519632109
0.000633786204231
0.00068987479243624
0.0007433829910903973
0.0007982231647353169
0.0008821446282893999
0.0009469217346630936
0.0009710026154486279
0.0010281648532281858
0.001097484382434117
0.0010991223416890455
0.0010283283203381978
0.0009400077314044167
0.0009064802310744178
0.0009160343383173975
0.0010403057114919969
0.0011632914154007111
0.0011423272837944218
0.0010548669996111113
0.0010797842200672273
0.0011056079773393095
0.0010648916550164652
0.0010624614505611884
0.0010998837680495533
0.0011386635425007737
0.0011526254946755453
0.0011789830494569574
0.001232434854979423
0.0012655080713840942
0.0012924704195334514
0.0013117198149923774
0.0013194238043181608
0.0012613504296942397
0.0011277824705781861
0.00097736481737186
0.0008102274999999388
0.0006875371790516216
0.000614960605570311
0.0005580079704724702
0.0005143097484284141
0.0005095132088312807
0.0005834217546025096
0.0007105573217703537
0.0008232916629014031
0.0009846759659912282
0.0010993001237633291
0.0011507869439821455
0.0012261259441457813
0.0013151105817372475
0.0014078108146174122
0.0014644758439579242
0.001533165322239401
0.00157722519932631
0.0016105793113641534
0.0016218896819497407
0.0016197517935237318
0.001499610170668513
0.001218542949193834
0.0009363346127803948
0.0006187242830026456
0.0005030789358679898
0.0004773805340962126
0.0004112137487085988
0.0004277532430082814
0.0004812571230128802
0.0005100282219705792
0.000545257294288746
0.000601321213967
0.0006673676450808059
0.0007335467421430356
0.0007971257627111921
0.000854586549576911
0.000907151660893228
0.0009122937093967103
0.0009713745457297199
0.0010781544195709656
0.0011482497166190537
0.0011207478827373674
0.0010722429946498906
0.0010213520356168431
0.0009915993200629012
0.0009353055384265426
0.0008118402601348005
0.0006719305535692648
0.0005970983235690345
0.0005383022077553661
0.00041482186587450177
0.00030139345816893915
0.0002650952388289365
0.00034564064983627017
0.0005175001611635539
0.0006530779462230279
0.0007459769401060246
0.0008424429551125948
0.000955497077401096
0.0010824190858873543
0.0011730418889800184
0.0012290279268751094
0.0012609780631040758
0.001283886268115503
0.0013050459577691696
0.001313748479813772
0.0013397796687800564
0.0013423989386992616
0.0012804780534273197
0.0009845432362046735
0.0006536467503535884
0.00041683262041719636
0.00027819884976682647
0.0002201516573456354
0.00016663846500279084
0.00012362317208739124
0.00010807849785270351
0.00014359064327358297
0.00021777345258366628
0.00028723279213333994
0.00033032918879147754
0.00036409253246691973
0.0003917441885491903
0.00043931080293943157
0.0005223593183556781
0.0006036099887261301
0.0006753105243040667
0.0007261109837018382
0.0007498555851015713
0.0007594792427605624
0.000696588189279038
0.0005962505357573237
0.000525601737069726
0.0005022024280177592
0.0004085255174029057
0.0002888638605530951
0.00022933643588323108
0.0001865636409473636
0.00015788510592911736
0.00015364598726443687
0.00021431690513807637
0.000254186430957171
0.00021700077880384475
0.00018089549521267185
0.00017992495750307694
0.00019623657285342707
0.0002014104578011101
0.0002158695410725767
0.00027030283779846395
0.00034951022908062847
0.00038885072256312456
0.0004023146400861171
0.000410707447018862
0.0004283493293462277
0.0004288571651153575
0.00040531701834314323
0.00041212323214537066
0.0004405889879210569
0.0004278909983289292
0.0004061050207630961
0.0003902223061677647
0.0003652804235684758
0.00033397075099971554
0.0004482488321971646
0.0005672976665608759
0.0006030492770607924
0.0006030266506174029
0.000590583028723132
0.0005965826180315465
0.0006052085230245727
0.0005897259428876485
0.0005732737477231
0.0005908336186768244
0.0006178282726034104
0.0006665524382868808
0.0007001902243897805
0.000684062881094531
0.000635267262864278
0.0006022937319108637
0.0005697233905614851
0.0005399426903351859
0.000544235984370336
0.000494604110686728
0.0004232433358825111
0.0003525948377251914
0.00028312317194089726
0.00023586765230273582
0.00023456036619350207
0.0002481930111130501
0.00022601415696868284
0.00018740116081311466
0.0001704926470055801
0.00016538842038490303
0.00015103768736331318
0.00016905220936072442
0.00019752023055525302
0.0001921533084788776
0.00019679429024033895
0.00021631034692697667
0.00023003917557987407
0.00023365625286941185
0.00025797139054917613
0.00026468603788274694
0.0002665977478108069
0.0002767786703671271
0.00018933188453562746
9.02063750316696e-5
2.4521584938425795e-5
1.6455068454984436e-6
0.0
0.0
0.0
0.0
0.0
0.0
6.683598480034101e-7
1.2354151683230802e-5
4.5633306500187706e-5
9.11884408764824e-5
0.00013831210022798596
0.00018938941204635316
0.00027759039798291553
0.00033819101961474906
0.0003627259766061542
0.0004098082896453022
0.0004611673697640918
0.0004898970996486862
0.0005036910308449275
0.0004976657194348352
0.0004235395374441719
0.00029878769222421096
0.0001990688622675427
0.00012568384132093037
7.097321235723412e-5
4.58223768501886e-5
3.1429195203593625e-5
2.483213262473183e-5
4.84397930573898e-5
0.0001521888179400972
0.0002553614864203748
0.00034530984162382236
0.00038456649182385007
0.0003195650887038826
0.0003638314192884032
0.00048328385378443837
0.0005608645247601592
0.0006185718520322867
0.0006415056642367561
0.0006200069356713122
0.000604188729507304
0.0005933253169304556
0.0005680592186333956
0.0005188602374540282
0.00039161345149444645
0.00019193439144555823
6.177084744579357e-5
1.0908996341570557e-5
0.0
0.0
0.0
0.0
0.0
0.0
0.0
0.0
0.0
0.0
0.0
0.0
0.0
0.0
0.0
0.0
0.0
0.0
0.0
0.0
0.0
0.0
0.0
0.0
0.0
0.0
0.0
0.0
0.0
0.0
0.0
0.0
0.0
0.0
0.0
0.0
0.0
0.0
0.0
0.0
0.0
0.0
0.0
0.0
0.0
0.0
0.0
0.0
0.0
0.0
0.0
0.0
0.0
0.0
0.0
0.0
0.0
0.0
0.0
0.0
0.0
2.5709961776954292e-5
9.29972538778956e-5
0.00015699737801175696
0.00020978102195763255
0.0002571217231955714
0.0002959201703000938
0.0003233260787964357
0.0002867849917068039
0.00020228728913879277
0.00013155769101991664
7.994524656681688e-5
5.890954784885305e-5
5.147229043923472e-5
4.20081128552343e-5
4.6094015929820284e-5
6.419877017895135e-5
0.00016689738936822218
0.00029391390726097395
0.00038998014603926407
0.0004730436297784991
0.0005795392567302288
0.0007044746611297928
0.000786723699713111
0.000862628066569487
0.0009599593480224905
0.0010085644639398063
0.0010312973129714572
0.0010919918039097557
0.0011256460627057526
0.001113451717909458
0.001051314292715215
0.0007783793481315372
0.0004405169728621282
0.0002461334864480926
0.00015691595259849833
9.391252647557247e-5
4.915340762874605e-5
3.560756859655798e-5
3.543743688388731e-5
6.157732170986817e-5
0.00010819180314464502
0.00018976198611044253
0.00027392221772938504
0.0003372247474954047
0.0004057358536909492
0.00042650840583860705
0.0004367781851804564
0.00044253846718822975
0.00048226101076876055
0.0005568060995568303
0.0005986910549813739
0.0006266957757038535
0.0006694227435535073
0.000664156647003748
0.0005628809515663199
0.0004642079895168685
0.0003600223556458084
0.00023469426917758465
0.00010179968763082281
3.370577908949424e-5
6.032151373641214e-6
0.0
0.0
3.271641716014227e-6
1.8385166264265787e-5
3.6675044115147506e-5
4.785259912555336e-5
5.863530758636337e-5
6.816234179004854e-5
7.932299622000782e-5
9.441441884105163e-5
0.0001266869220891762
0.00017472431274034433
0.00020895247427110187
0.0003166178626634954
0.00040139088759942197
0.0004215248507181422
0.00042382051066522646
0.00041042621328912695
0.0003670139394207764
0.0002758270969774335
0.00020777075823195237
0.0001515597036192361
0.00010630983753791588
7.467147205772981e-5
5.071385838170576e-5
5.052449194554291e-5
6.352083235732865e-5
0.00016659025817837418
0.00033471379934444864
0.000473377221087925
0.0005721632146865017
0.0006524884226904745
0.0007533230113749278
0.0008480713846170518
0.0009491274663261739
0.0010381834624259452
0.0010842458297184352
0.001091046475853519
0.0011109104400169572
0.0011249060329224883
0.0010720696124960172
0.0009190626459044957
0.0006991603542690731
0.00043386028686848914
0.00024410381885242642
0.00012581079299548716
5.6950612828617925e-5
3.2980983809671234e-5
1.804549349140979e-5
1.5177159386671637e-5
2.8282704477521208e-5
4.9694646822660065e-5
9.874765298185127e-5
0.00014549742305644919
0.00018758311235215537
0.0002446787326358624
0.0002861825709075487
0.0003304021432530563
0.00039080405028746844
0.00043643920470512205
0.00046368253933422245
0.0004888218418445309
0.00047755275660588435
0.00042205592086609313
0.0003775544560304453
0.0003211574947872854
0.0002583437370057755
0.00015505491907295073
4.5977548710699765e-5
9.691268849367017e-6
9.342409577953198e-7
0.0
0.0
0.0
5.872710750615428e-7
1.6048324066367205e-6
9.968337980774644e-6
2.7157502469662423e-5
4.351913870313262e-5
7.782437765660304e-5
0.00013318856009283126
0.00017129829882725557
0.0001948069192367137
0.00023648213320526476
0.0002849536289414178
0.00030997576638362197
0.00033318243282654566
0.000354409616080751
0.0003793756326854449
0.0004011043125823768
0.00041309487845321574
0.0003591908023618602
0.00028494825745376104
0.0002424659537096349
0.00019545090796485134
0.00013303774037234434
0.00011128162147175577
0.0001002747039438896
0.0001240770243932943
0.00015094969678756156
0.0001640255313372729
0.00024267841673246854
0.0003512609262292799
0.0003961754966949498
0.0004540191493135918
0.0005526147378296152
0.0006724055414281152
0.000743762662972523
0.0007932738015633191
0.0008291912107382151
0.0008583508391187088
0.0008657653068066413
0.0008638106637712684
0.0007706966124837967
0.0006073129556048707
0.0004148336489202871
0.00030193580777803476
0.00019435085768952355
9.907591886528725e-5
4.009195581565374e-5
3.0981903321429966e-5
4.2242814136514945e-5
6.283557912785558e-5
7.565611804337047e-5
8.314028847491615e-5
9.45159334757383e-5
0.00013130719171637023
0.0001660687501721861
0.0001844536936855705
0.00019661055268226614
0.00021333285402560368
0.00021059202432314718
0.00023579738338856042
0.0002504753627740819
0.00023947573806518894
0.00022596807708347058
0.00017858985937907685
0.00014362480597927545
0.0001351262845748682
8.909941668487316e-5
5.281308483965932e-5
4.7960359830290776e-5
3.963738930838415e-5
3.3574321253145736e-5
3.1755046728917146e-5
2.7865648715827904e-5
1.9355182232182395e-5
1.3467805353558581e-5
9.360419451503445e-6
3.7024147206481224e-6
9.49941275801625e-7
1.022647788606574e-6
7.414581246146116e-6
2.2771484595273413e-5
3.277226121024863e-5
3.593250318534294e-5
3.822581902081192e-5
3.9658078878327513e-5
3.9415418528964654e-5
4.1983157842359125e-5
3.9336022137038815e-5
3.732996308530045e-5
3.599208029292213e-5
2.54517842194425e-5
1.577326838960968e-5
3.3953961928246652e-6
0.0
0.0
0.0
0.0
0.0
0.0
0.0
0.0
5.182353780428074e-6
6.980670921477401e-6
1.188209104576027e-5
3.2428075324610565e-5
6.650247144709424e-5
0.00013136526818591587
0.00021953624777017308
0.0002724020086435842
0.0003104404303890417
0.0003238909163692829
0.0003699408946448062
0.0005100659007086523
0.0006233779035109315
0.0005778756934741649
0.0005230236314505437
0.0004630354252139592
0.0004811992196183288
0.0005797475195477899
0.0006119218869661802
0.0006343895059964622
0.0006687630911332633
0.0006738882011708237
0.0006872874941262012
0.0007307414282677458
0.0007586515885132275
0.0007988303805148002
0.0008748035587380563
0.0009578691263012041
