0.0005174183728196068
0.0003835027422285354
0.00043343848274199917
0.00048656853181508827
0.0007069670498252162
0.0006679929880617051
0.000860677650838024
0.0007253659488484901
0.0006857663743561909
0.000382804822896015
0.0004127388809528243
0.00026325421743439594
0.00025159343850523184
0.00011117030326435278
8.902317030721075e-5
6.404718385110447e-5
9.431716605816796e-5
9.081011862358318e-5
0.00018128599765997798
0.00020763448357814855
0.0002379517476799445
0.00029181792588691
0.0003567997677105058
0.00042592816248460347
0.0004440336056641763
0.0004923255135263024
0.0005769825841851615
0.0006445735344011869
0.0006969768768077454
0.000724405714505792
0.004083551152540749
0.0037624266169724403
0.002309721841158029
0.0015703252601785363
0.0011847027361556724
0.0008762075489175296
0.0007632005023342536
0.0005255974832052647
0.0004015046779073571
0.00029971003898788786
0.0002769587108915431
0.0006021673955582604
0.0009197753387641677
0.0010463459201239256
0.0011848503225402255
0.0012589963896376523
0.0
0.0
0.0
0.0
0.0
6.586679936730971e-5
9.222002881263691e-5
0.00011742088829128837
0.002713921070472682
0.002427339563017752
0.001210210483053984
0.0007428896576264538
0.00043229703272386913
0.00027616519220911514
0.00026261093537114705
9.927273529259516e-5
3.545664891251429e-5
1.593132650072376e-5
2.1167381093934705e-5
0.00025955560006264597
0.00043332015742102457
0.0005223432478552267
0.0006255115799251031
0.000741217530306086
0.0
0.0
0.0
0.0
0.0
0.0
0.0
0.0
0.0020044357400189504
0.001816878357712027
0.0008293624232073466
0.000604260643332551
0.00047129437746939854
0.0003655524434169582
0.0004296277556153236
0.0002688460051350106
0.00022995292971348037
0.00020735824160721808
0.00019088528022932665
0.000590035547279369
0.0007926096783575942
0.0008445403322990274
0.0009160641833268865
0.0009622239400953117
0.0
0.0
0.0
0.0
0.0
0.0
0.0
0.0
0.0018129374062517706
0.0015911670686297084
0.0007058143542383181
0.00036423183479764905
0.0002186334118630964
0.00014319784971289113
0.0001910651160296783
3.5027010139932265e-5
1.573360289564848e-5
1.1645634941312907e-6
0.0
0.00022582904038489954
0.0004911577336462988
0.0005495833917674075
0.0005808219013732871
0.0006065524068628083
0.0
0.0
0.0
0.0
0.0
0.0
0.0
0.0
0.0017099972190369839
0.0014523074833380787
0.0005080137705181213
0.00029408404677302026
0.000139104886662407
1.5102899894818084e-5
1.0317288304111178e-6
0.0
0.0
0.0
0.0
6.504382055848589e-6
4.161603201180417e-5
9.748530484621715e-5
0.0001731299934340227
0.0002458676022753239
0.0
0.0
0.0
0.0
0.0
0.0
0.0
0.0
0.0013200432791869291
0.001375996484506789
0.001029041990191957
0.0008973915908325062
0.0007353017720706643
0.0005326639980414436
0.0005788544167496204
0.0005486166908095316
0.0005025076675170806
0.00047318683104129476
0.000479804573181392
0.0006311285022499876
0.0
0.0
0.0
0.0
0.0
0.0
0.0
0.0
0.0
0.0
0.0
0.0
0.0
0.0
0.0
0.0
0.0
0.0
0.0
0.0
0.0
0.0
0.0
0.0
0.0
0.0
0.0
0.0
0.0
0.0
0.0
5.164484803841874e-6
5.703317050748854e-5
0.00010033191377072159
0.00019807467872531197
0.00022174861801647607
0.0031026407382287228
0.0027445868541129187
0.0013192747514262115
0.0007066300711102519
0.0005672603747832681
0.0004935738721893747
0.00038296601489017345
0.00011623543251447294
4.405218938180272e-5
2.033751122751935e-5
8.551064341209322e-6
0.00021173677558947363
0.0004190823168030418
0.0005596161284914775
0.0006933059756454173
0.0008231592898052869
0.0
0.0
0.0
0.0
0.0
0.0
6.786519408790317e-5
9.099961148381551e-5
0.0027486648204896108
0.0025723094734067657
0.0012234925625620326
0.0007558227272033318
0.0005085774247002405
0.00036475199950368513
0.0003151810256970313
0.00011985511900037768
4.8103720443592726e-5
2.8019435872520217e-5
1.3014749574625246e-5
0.0002357105873500301
0.00041675697734533813
0.0005439093726354337
0.0008213151194671129
0.0009497715418087803
0.0
0.0
0.0
0.0
0.0
0.0
1.098512255902798e-5
2.5763567158732678e-5
0.0025827552506725183
0.0023157890093540123
0.001196617560174526
0.0009172308683958235
0.0007370521067720168
0.0004304227323588674
0.00034233908594291906
0.00012021416618006473
3.8762513934340356e-5
4.341458360408244e-6
1.4214391727331528e-6
0.0002136226674559981
0.00036748870974405434
0.0004916220392325993
0.0005984165580397348
0.0008094502133244169
0.0
0.0
0.0
0.0
0.0
1.184658497181573e-5
0.0001016528704573228
0.00014647521449597388
0.0027608098058127415
0.0025466256137542894
0.0011627266428460936
0.0005998001103769338
0.0004171174493975289
0.00030189113151021584
0.0002124856943544303
4.3313979349483126e-5
2.037140166182265e-6
0.0
0.0
8.735270331258201e-5
0.0002116123727588141
0.0003267093627149284
0.0004819934275699025
0.0006055251466717746
0.0
0.0
0.0
0.0
0.0
0.0
0.0
0.0
0.002266859071767516
0.002002969790066335
0.0007458138831815312
0.0004371669664907924
0.00031495275814047495
0.00021350119913213353
0.00015643631597612144
3.913382743918902e-5
2.3603256243674195e-6
0.0
0.0
9.877784257863251e-5
0.0002227599849247675
0.0002793143389859671
0.00037148288348192045
0.00043644549563769016
0.0
0.0
0.0
0.0
0.0
0.0
0.0
0.0
0.0022524425924114705
0.0022427276053198146
0.0017529605165273142
0.0015285478255419413
0.0013015596672638291
0.001186005202929334
0.0009834624509265373
0.0006953315413732926
0.00045874940120165143
0.0004133808585383588
0.0004455807296603429
0.0005939715173492716
0.0
0.0
0.0
0.0
0.0
0.0
0.0
0.0
0.0
0.0
1.8406495462815753e-5
5.849967543980185e-5
8.87211251542713e-5
0.00012136240382024003
2.603631704729748e-5
0.0
0.0
0.0
0.0
0.0
0.0
0.0
0.0
0.0
0.0
0.0
0.0
0.0
0.0
0.0
0.0
0.0
0.0
0.0
0.0
0.0
0.0
0.0
0.0
0.0
0.0
0.0
0.0
0.0
0.0
0.0
0.0
0.0
0.0
0.0
0.0
0.0
0.0
0.0
0.0
0.0
0.0
0.0
0.0
0.0
0.0020033560500833493
0.0017772466856315018
0.0005709607601027506
0.0002859231207171878
0.00014612968854281266
6.480789590021475e-5
4.646968576602558e-5
0.0
0.0
0.0
0.0
1.2611798904689026e-5
0.0001246359064679309
0.00020706739664691498
0.00031836185761441804
0.0004386984357215459
0.0
0.0
0.0
0.0
0.0
0.0
1.036770608546166e-5
5.7251436689526504e-5
0.002272819901790864
0.002143772452924729
0.0008237204851381488
0.00047907257251807763
0.00035891960424538764
0.0002589143166837262
0.00020414266981985237
6.559362310836206e-5
1.656206171241057e-5
0.0
0.0
0.00010443921598865365
0.00021634403364384356
0.0003100627334199254
0.00044269630668458335
0.0005912360516818603
0.0
0.0
0.0
0.0
0.0
0.0
0.0
0.0
0.002004288725139545
0.0019670984659008466
0.0007359089009248177
0.00040777080770217875
0.00029082715805540645
0.00019127810625521542
0.00016404319158071093
6.248364498767803e-5
1.6040161093915367e-5
0.0
0.0
0.0001115541103193014
0.00023239769880535906
0.0003109278294039166
0.0004016162191868006
0.000561014262128396
0.0
0.0
0.0
0.0
0.0
3.592601173409842e-5
0.00014773906232567845
0.00014784383657103306
0.002582946723488236
0.0025106025205439805
0.0010812182343552632
0.0005795790852773099
0.00037163962255584726
0.00024160892304444622
0.00018805327494832714
4.89465864265869e-5
1.6215783396821581e-6
0.0
0.0
9.460437397348021e-5
0.000196273365489332
0.0002913384810948104
0.0004535253521723285
0.0006360891848373726
0.0
0.0
0.0
0.0
1.5297877761937336e-5
6.68372015095795e-5
0.0001427554805598529
0.00022244348716405108
0.0026233443264238577
0.002649220451080814
0.0019448663248580267
0.001477924380834058
0.0011392741196943176
0.0009727443934599387
0.0009250081483477053
0.0007300250130526835
0.0005204035710883737
0.00041702474781971793
0.0004571813793967591
0.0006852191822765764
0.0
0.0
0.0
0.0
0.0
0.0
0.0
0.0
0.0
0.0
0.0
0.0
2.804605524650778e-5
4.1045822114788854e-5
1.142362711162806e-5
0.0
0.0
0.0
0.0
0.0
0.0
0.0
0.0
0.0
0.0
0.0
0.0
0.0
2.354654000048584e-5
7.89131248079312e-5
5.1897938989935355e-5
0.00013283930423869066
0.00013121693370577044
0.0002863462394423034
0.0002744995355664317
0.00045125488065163695
0.003423036080050266
0.003078741969397604
0.001797891421893626
0.0011982868261820716
0.0007192311282141897
0.0005160244517953337
0.0004591780038973705
0.00022354845322308803
0.00012745387826788068
7.003032922251377e-5
4.275986586053378e-5
0.000308699608983394
0.00048495280379010503
0.0006398512579405402
0.0008853361045926756
0.001090801164509782
0.0
0.0
0.0
0.0
0.0
2.5242112748045997e-5
8.52651506215195e-5
0.0001230436316715296
0.002633199115380246
0.002387889554865491
0.0010996891409615064
0.000617890255809671
0.00044280025727396453
0.0003402762249596366
0.0002705647120184832
7.106511210826843e-5
2.2489915282784925e-5
0.0
0.0
0.00010932490253756556
0.00025419401677019104
0.0003449863524602452
0.0004687301254487684
0.0005875210378962698
0.0
0.0
0.0
0.0
0.0
2.0205691199923486e-5
6.742548480933666e-5
0.00018421418078492133
0.0025560507867983012
0.0024393433724538335
0.0011959915864545373
0.0007593304171680717
0.0005573120218271438
0.00042702518658448006
0.00038535539838531685
0.00017078427234691162
9.149492556232673e-5
4.020018674178823e-5
2.5648255701141365e-5
0.0002684612455255779
0.00043185806994808126
0.0005238136927302591
0.0006936564398161936
0.0008445618346638014
0.0
0.0
0.0
0.0
0.0
0.0
0.0
3.777619912635251e-5
0.002472133039298536
0.002242005560207323
0.0011206496558518453
0.0007663265318655804
0.00040640974994531786
0.0002087292790833721
0.00010175556166969695
0.0
0.0
0.0
0.0
7.017940678793909e-5
0.0002683564752738737
0.00037462361205679813
0.0004747549967553148
0.00048418177173514235
0.0
0.0
0.0
0.0
0.0
0.0
0.0
0.0
0.002207713233844091
0.001975016327167856
0.0005829705025196854
0.00026583694019155794
0.0001578879834642394
4.3888207547393406e-5
1.4722815317994254e-5
0.0
0.0
0.0
0.0
4.388321331538814e-6
4.945234999473738e-5
9.293197398318639e-5
0.0001608067382690734
0.00024479915563624155
0.0
0.0
0.0
0.0
0.0
0.0
0.0
1.0836206467906607e-5
0.0020770342989034967
0.002182036590304809
0.001630365673733036
0.0012605343185979794
0.0009118833202025353
0.0007214009649081993
0.0007138150066330236
0.0004986808594060926
0.0002552137476218957
0.0001989902432616562
0.000285306668410677
0.00045218017950434097
0.0
0.0
0.0
0.0
0.0
0.0
0.0
0.0
0.0
0.0
0.0
0.0
0.0
0.0
0.0
0.0
0.0
0.0
0.0
0.0
0.0
0.0
0.0
4.812323345403122e-6
3.519478745708485e-5
9.78366227286294e-5
0.00013632847740220686
0.00017977074860602574
0.00022337258962451122
0.00029520702192325593
0.0002746550218391036
0.00029724621746363513
0.00027980401437434864
0.0003260330581890985
0.00030845587226288563
0.00030512747041753965
0.0033660578496064932
0.0028608526919062472
0.0016262055848208154
0.001149597721553511
0.0008482564791107881
0.0005347039133684571
0.00048509145128329496
0.0002495849261466932
0.00014587801760944873
8.935629294611492e-5
6.859934089076043e-5
0.0003404549039440558
0.0006096460664802632
0.0007024296139663289
0.0008474733132441165
0.0009277797661913716
0.0
0.0
0.0
0.0
0.0
0.0
0.0
0.0
0.00235996436632351
0.0021031988474046097
0.0009898825658978885
0.0006456946443445307
0.0004021290700040629
0.0004226500123983625
0.0005149025610244744
0.00022727996536388938
0.00013602641737636234
9.9655473598489e-5
6.729830918029662e-5
0.0004500871940715702
0.0007293096669445112
0.0008124883704964333
0.0009078156185402943
0.0010519123021140333
0.0
0.0
0.0
0.0
0.0
0.0
0.0
0.0
0.0024201019815424407
0.002060918735775228
0.0008290048400103952
0.00038031406196177743
0.00023400085598933524
0.00010855133182919297
5.4362525160533725e-5
0.0
0.0
0.0
0.0
8.851578924177926e-6
8.756930073401579e-5
0.0001339590970348084
0.00019895276756899127
0.00026146699513983265
0.0
0.0
0.0
0.0
0.0
0.0
0.0
0.0
0.0016824586213652986
0.0015792534089665237
0.0005407663762868151
0.00032146508932339785
0.00022154961840910257
0.00014203730722259873
0.00012074855595908723
3.3988784121572096e-5
3.8256195352063886e-6
0.0
0.0
8.514747571471697e-5
0.00018491191362085218
0.0002697130718477779
0.0003838540729525995
0.0004889100314415527
0.0
0.0
0.0
0.0
0.0
0.0
0.0
0.0
0.0016563931370845507
0.0015884210734963653
0.0005634752720883165
0.00033192200890828363
0.0002117077469150365
0.00011428299796245909
8.846318208961995e-5
3.730639999845868e-6
0.0
0.0
0.0
1.7534845853709278e-5
9.991175423729199e-5
0.00015162483558359762
0.0002302102422289277
0.0003098512072804077
0.0
0.0
0.0
0.0
0.0
0.0
0.0
0.0
0.0017725826496768006
0.001797124181052332
0.0012054878557718038
0.0008968096236974751
0.0006898807845144752
0.0005102011944223608
0.00046594545594235413
0.00031623112306163975
0.00021637466270483518
0.00014749808390935378
0.00015472682172120697
0.0002609132783305409
0.0
0.0
0.0
0.0
0.0
0.0
0.0
0.0
0.0
0.0
0.0
0.0
0.0
0.0
0.0
0.0
0.0
0.0
0.0
0.0
0.0
0.0
0.0
0.0
0.0
0.0
0.0
0.0
0.0
0.0
0.0
0.0
0.0
0.0
0.0
0.0
0.0019132855118994603
0.0015838251743822362
0.0005701996749916052
0.00033309969190523374
0.00015602485006883381
3.982038917416118e-5
1.677371069454976e-5
0.0
0.0
0.0
0.0
6.068538331376429e-6
4.057023753011196e-5
0.00010168701417169075
0.00016460732531073415
0.00021434552128270248
0.0
0.0
0.0
0.0
0.0
0.0
0.0
0.0
0.0014315004330725926
0.0013842467751700724
0.00047563502654753204
0.0002856431548049416
0.00015498890244870192
3.219140685187493e-5
5.063422036859349e-6
0.0
0.0
0.0
0.0
1.7459934855890762e-5
6.881847696560412e-5
0.00010904203348245143
0.0001525835962692863
0.00019213766707413597
0.0
0.0
0.0
0.0
0.0
0.0
0.0
0.0
0.0011421616880140724
0.001064436810923317
0.00018440567701169362
5.7570812804935695e-5
1.1460063663336229e-5
0.0
2.033277636589564e-6
0.0
0.0
0.0
0.0
5.157628966115787e-5
0.00015995854861234135
0.00021641944657122247
0.0003356940475463997
0.00041813328568264595
0.0
0.0
0.0
0.0
0.0
0.0
0.0
0.0
0.00180646162289192
0.0015840477456850119
0.0004178253408063218
0.00013824892257326466
4.363772128223091e-5
3.915156923123294e-6
2.5329643464332927e-6
0.0
0.0
0.0
0.0
1.3704596992534642e-5
3.80631592976259e-5
7.306294651282068e-5
0.0001340782398147128
0.00020451635496778126
0.0
0.0
0.0
0.0
0.0
0.0
0.0
0.0
0.001343019590165634
0.0013488617943113845
0.00047491255659326136
0.0002695217831531159
0.00010675057746327729
4.0880180264492666e-5
3.455815020845037e-5
0.0
0.0
0.0
0.0
5.096124807723415e-6
1.180939659819974e-5
5.294129008055165e-5
0.00011265829441469818
0.0001540333081081014
0.0
0.0
0.0
0.0
0.0
0.0
0.0
0.0
0.0012740428614965741
0.001400078022749926
0.0010435254795594484
0.0009140710425977165
0.0006504469052014765
0.0004218715583506401
0.0003612911285489356
0.00020879496826379382
0.00010918595452218066
5.243617888897043e-5
4.737553684939077e-5
0.0001254273048662597
0.0
0.0
0.0
0.0
0.0
0.0
0.0
0.0
0.0
0.0
0.0
0.0
0.0
0.0
0.0
0.0
0.0
0.0
0.0
0.0
0.0
0.0
0.0
0.0
0.0
0.0
0.0
0.0
0.0
0.0
0.0
0.0
0.0
0.0
0.0
0.0
0.0018895154818328176
0.0016493210665986288
0.0005581611145997218
0.0003188420767615652
0.00014533688265813073
2.5190538326345968e-5
1.469754694774859e-6
0.0
0.0
0.0
0.0
3.3059258382365347e-6
3.5304295142185936e-6
0.0
2.409239361504371e-5
9.10094775906395e-5
0.0
0.0
0.0
0.0
0.0
0.0
0.0
0.0
0.0011319917986614826
0.0010052452966559174
0.00011841740453502443
9.597805631348889e-6
0.0
0.0
0.0
0.0
0.0
0.0
0.0
0.0
6.683407203690179e-7
0.0
0.0
1.0502057133775203e-5
0.0
0.0
0.0
0.0
0.0
0.0
0.0
0.0
0.000697561753110548
0.0006715650229647882
7.526989365262083e-5
1.987032441178631e-6
0.0
0.0
0.0
0.0
0.0
0.0
0.0
0.0
3.304930360273055e-7
0.0
0.0
0.0
0.0
0.0
0.0
0.0
0.0
0.0
0.0
0.0
0.00030986885484295834
0.00038141021124564136
1.5093942195426862e-5
0.0
0.0
0.0
0.0
0.0
0.0
0.0
0.0
3.7704318720492677e-7
2.2238740112922927e-6
0.0
0.0
0.0
0.0
0.0
0.0
0.0
0.0
0.0
0.0
0.0
0.0006681481324297008
0.0008168697437920059
8.54277715506881e-5
2.6182174542707907e-6
0.0
0.0
0.0
0.0
0.0
0.0
0.0
0.0
0.0
0.0
0.0
0.0
0.0
0.0
0.0
0.0
0.0
0.0
0.0
0.0
0.0007222361814669273
0.0008034733188422061
0.0003146616195091531
0.00015822156365154224
7.759886268443468e-5
2.18077355635352e-5
8.65739199952672e-6
0.0
0.0
0.0
0.0
5.26256156315286e-6
0.0
0.0
0.0
0.0
0.0
0.0
0.0
0.0
0.0
0.0
0.0
0.0
0.0
0.0
0.0
0.0
0.0
0.0
0.0
0.0
0.0
0.0
0.0
0.0
0.0
0.0
0.0
0.0
0.0
0.0
0.0
0.0
0.0
0.0
0.0
0.0
0.0
0.0
0.0
0.0
0.0
0.0
0.0
0.0
0.0
0.0
0.0
0.0
0.0
0.0
0.0
0.0
0.0
0.0
0.0
0.0
0.0
0.0
0.0
0.0
0.0020018722567760284
0.0015620418638745733
0.000510864866136746
0.00036524360341208897
0.0001949174354074856
4.3382525194944364e-5
0.00012578212466368048
1.806287069727105e-5
0.0
0.0
0.0
8.037482716903196e-5
0.00021496951081255905
0.00029485615146740413
0.00039612652217059036
0.00046513843180143394
0.0
0.0
0.0
0.0
0.0
0.0
0.0
0.0
0.0018754336662516068
0.00151872713891744
0.0003823973218229058
0.00016390759237892532
6.1020964044509364e-5
8.795779292619746e-6
1.6145325852869016e-6
0.0
0.0
0.0
0.0
6.638523971148778e-6
2.650835881991977e-5
6.164692375229372e-5
9.878008997098508e-5
0.0002000993896742828
0.0
0.0
0.0
0.0
0.0
0.0
0.0
0.0
0.001228050211800589
0.001009202627935708
0.0002301955689719644
9.491752385015393e-5
3.1002019308995225e-5
5.681095112794328e-7
0.0
0.0
0.0
0.0
0.0
1.169618301206593e-5
9.135362852307142e-5
0.0001440322217522649
0.00021446176288213617
0.00028444059477417447
0.0
0.0
0.0
0.0
0.0
0.0
0.0
0.0
0.0014841831110143334
0.0013372957223578247
0.0003132701248685136
0.00015902623642748658
7.197472397093175e-5
1.0597179008345599e-5
1.2067515039189867e-6
0.0
0.0
0.0
0.0
1.163190899200324e-5
8.080295076441132e-5
0.00011409693898746581
0.00018606373542457813
0.00025669584772471777
0.0
0.0
0.0
0.0
0.0
0.0
0.0
0.0
0.0018163752806656364
0.0017044482218203426
0.0010216402992919915
0.0006225081905786187
0.0004548017896407395
0.00031856604938048933
0.00028207210936318097
0.00019037990583552515
0.00012880205746608313
0.00010309695562138751
0.00010062273624952696
0.00014838171039692122
0.0
0.0
0.0
0.0
0.0
0.0
0.0
0.0
0.0
0.0
0.0
0.0
0.0
1.069722495405733e-5
0.0
0.0
0.0
0.0
0.0
0.0
0.0
0.0
0.0
0.0
0.0
0.0
0.0
0.0
0.0
0.0
0.0
0.0
0.0
0.0
0.0
0.0
0.001857620332780115
0.0015233233327354282
0.00038474701290839837
0.0001979353300021911
8.374534846179469e-5
1.0555931037423503e-5
0.0
0.0
0.0
0.0
0.0
1.7609968924694135e-6
3.1514001290392045e-6
8.21204917437685e-6
5.314410699803373e-5
8.229794653661821e-5
0.0
0.0
0.0
0.0
0.0
0.0
0.0
0.0
0.0005646364751834752
0.0005976189021075995
8.89264449544495e-5
4.663150889466435e-5
6.377844123269672e-6
0.0
0.0
0.0
0.0
0.0
0.0
5.212138545300387e-6
6.843515386534617e-5
0.00013186572070628754
0.00020436599547499532
0.0002561297406838169
0.0
0.0
0.0
0.0
0.0
0.0
0.0
0.0
0.0012521657997007407
0.000962158509985748
0.00013225031967457443
2.49448782431328e-5
0.0
0.0
0.0
0.0
0.0
0.0
0.0
1.8587549560659677e-6
4.101331972189241e-6
1.9287883292419554e-5
7.283626959968896e-5
0.00010321782665351635
0.0
0.0
0.0
0.0
0.0
0.0
0.0
0.0
0.000893765259497559
0.0008182775702939468
0.0001376001640791489
4.594689943504901e-5
1.8148539632254246e-6
0.0
0.0
0.0
0.0
0.0
0.0
6.522637613806575e-6
8.214728455924007e-5
0.00012217686833848303
0.00017215321202046426
0.00023508022484921266
0.0
0.0
0.0
0.0
0.0
0.0
0.0
0.0
0.0014500824960530048
0.0012373385503309953
0.0002650167565593283
0.0001075018065894369
2.3287161597212454e-5
0.0
0.0
0.0
0.0
0.0
0.0
2.7788173453405357e-6
1.718242705958502e-5
5.70709946805817e-5
0.00011827514041266019
0.00019161435513056333
0.0
0.0
0.0
0.0
0.0
0.0
0.0
0.0
0.0016104638156674502
0.0014738958179788906
0.000725815069956144
0.00045206665310520863
0.0002987735509939422
0.00018580425428809015
0.00016624162109041228
0.00010304792375034937
6.456169413340532e-5
3.262284811382299e-5
3.250880540454589e-5
9.6866048756107e-5
0.0
0.0
0.0
0.0
0.0
0.0
0.0
0.0
0.0
0.0
0.0
0.0
0.0
0.0
0.0
0.0
0.0
0.0
0.0
0.0
0.0
0.0
0.0
0.0
0.0
0.0
0.0
0.0
0.0
0.0
0.0
0.0
1.3115476785458635e-5
4.9748340016205545e-5
8.057358096033578e-5
9.56724032760924e-5
0.002923954081869339
0.002385677523533267
0.0011222111690393742
0.000858689638506857
0.000554513773909261
0.00048225481199067353
0.0006546885905890657
0.0004699998174350317
0.00025919874257394833
0.00012942008433813274
0.00011943362699925265
0.0004999499206710117
0.0007124725069565836
0.0007483332365871803
0.0008518933891437371
0.0008961178600951033
0.0
0.0
0.0
0.0
0.0
0.0
0.0
0.0
0.0019005953354532931
0.0015309747421212608
0.00047383198392320287
0.00014175812485768167
3.220736486273942e-5
0.0
0.0
0.0
0.0
0.0
0.0
3.3631234027162723e-6
4.484310664853854e-6
2.6182239122789635e-5
7.677385551432768e-5
0.00012642116774242
0.0
0.0
0.0
0.0
0.0
0.0
0.0
0.0
0.0011344173543011331
0.0010044296782481235
0.0001476630502474506
2.938525887373331e-5
0.0
0.0
0.0
0.0
0.0
0.0
0.0
5.3937574107286297e-5
0.00013490555052927456
0.00016942102455478112
0.0002670468532901868
0.00040744201252779775
0.0
0.0
0.0
0.0
0.0
0.0
0.0
0.0
0.0017869064181594697
0.001498129456120129
0.0005050717725300614
0.00023676772355795287
7.044507381352194e-5
4.6156840198629185e-6
0.0
0.0
0.0
0.0
0.0
1.0182467154942566e-5
5.616707525018881e-5
0.00010779305015736668
0.00017107921596311057
0.00022338635611625842
0.0
0.0
0.0
0.0
0.0
0.0
0.0
0.0
0.0011758937382726025
0.0009939785281454193
0.00015395751719548024
3.6269178162842824e-5
0.0
0.0
0.0
0.0
0.0
0.0
0.0
2.1870963378011203e-6
4.290040779000529e-6
3.542846307045843e-5
8.108120563844359e-5
0.00012502425764293872
0.0
0.0
0.0
0.0
0.0
0.0
0.0
0.0
0.0011595373445963592
0.001068698194303101
0.0005127845873898069
0.0002881499664612613
0.00018082150702306474
0.00011477699083123779
0.00011287297856772288
8.197475669161464e-5
7.126510110810843e-5
6.433693930225608e-5
7.088911014347543e-5
0.00012243861291078131
0.0
0.0
0.0
0.0
0.0
0.0
0.0
0.0
0.0
0.0
0.0
0.0
0.0
0.0
0.0
0.0
0.0
0.0
0.0
0.0
0.0
0.0
0.0
0.0
0.0
0.0
0.0
0.0
0.0
0.0
0.0
0.0
0.0
0.0
1.6023380938467435e-5
0.0022763958194861517
0.0020956394369206805
0.0007912028850405626
0.0003227350447528776
0.00018049664982900586
8.293618847530987e-5
2.6469077067703005e-5
0.0
0.0
0.0
0.0
1.1123660777679313e-6
1.641069462850626e-5
8.442518795353332e-5
0.00013031516568240767
0.00016608538769525741
0.0
0.0
0.0
0.0
0.0
0.0
0.0
0.0
0.0012114247132198738
0.0012585033063571875
0.00044025923108483776
0.00022090555018199496
0.0001710593660400589
0.00015388284798221018
0.00020227538781349247
0.00015499198750923258
0.00016076265263737928
0.00024464572926092003
0.00022567060256356225
0.0005481950635751402
0.0008274616566455083
0.0010105003278055868
0.0011668895655287197
0.0012707696074191945
0.0
0.0
0.0
0.0
0.0
0.0
3.1768993333126738e-6
1.5230026309002159e-5
0.002758947717066776
0.0024027251134380967
0.001150113606512261
0.0006623397128452033
0.0003830067583873043
0.00024131319939257626
0.00020167501563059375
6.300005438847133e-5
1.0013373881773428e-5
0.0
0.0
7.672135970238817e-5
0.00015754379717422998
0.00023608156149787607
0.00034209093802894046
0.00039732843261345793
0.0
0.0
0.0
0.0
0.0
0.0
0.0
0.0
0.0022029451911823347
0.0021058345847351314
0.0011961953524837012
0.0010203967381736405
0.0009291569586402579
0.0009309683930946971
0.0010000097180266534
0.0006269706391093223
0.0003133516733512208
0.00017799134932181034
0.00013603548024302922
0.00032255874835964934
0.0005296922032897989
0.0006901912071754682
0.0008344849199032289
0.0009537858194452088
0.0
0.0
0.0
0.0
0.0
0.0
0.0
3.618659962817634e-5
0.0025694875558801887
0.002379354396428337
0.00099957445764024
0.0004908616977667067
0.0002988649495400157
0.00020450882129052157
0.0001768843442632317
4.298843889692014e-5
1.497388617783833e-6
0.0
0.0
2.0276300116998635e-6
7.494497197487865e-5
0.00012899979687017721
0.00020265702645396865
0.0002563903471345981
0.0
0.0
0.0
0.0
0.0
0.0
0.0
0.0
0.001654422417259754
0.0017051652810668382
0.0011617711657673324
0.0007801060759640418
0.0005125213373145799
0.0003798819317710302
0.0004027496602144134
0.00024175383719486821
0.00012914014717328403
9.75714685084188e-5
7.986175590915142e-5
0.0001016719803156358
0.0
0.0
0.0
0.0
0.0
0.0
0.0
0.0
0.0
0.0
0.0
0.0
0.0
1.1936047007123148e-5
0.0
0.0
0.0
0.0
0.0
0.0
0.0
0.0
0.0
0.0
0.0
0.0
0.0
0.0
0.0
0.0
0.0
0.0
0.0
0.0
0.0
0.0
0.0019188057221263717
0.0017430562689645678
0.000586810747542976
0.0002525776172266589
0.0001376552263967673
6.841776427195671e-5
2.6419435170004197e-5
0.0
0.0
0.0
0.0
1.0538256614131003e-6
4.608283947424218e-7
1.565460485794835e-6
5.809969024466546e-5
0.0001222972281833566
0.0
0.0
0.0
0.0
0.0
0.0
0.0
0.0
0.0010059072576419407
0.001053049964361297
0.00022895948221139306
8.377328638767158e-5
1.8959370524208953e-5
0.0
0.0
0.0
0.0
0.0
0.0
5.768085625889904e-6
4.482857306605627e-6
5.058955944466906e-6
4.6003642287654784e-5
7.583634345889844e-5
0.0
0.0
0.0
0.0
0.0
0.0
0.0
0.0
0.0007212749583514671
0.0007006323490524781
6.126347333721424e-5
6.465470212060286e-7
0.0
0.0
0.0
0.0
0.0
0.0
0.0
7.440558056182637e-5
0.0002883607444798833
0.00038814420063136774
0.0004235594798699059
0.0005636888032813472
0.0
0.0
0.0
0.0
0.0
0.0
0.0
0.0
0.0015434936605085
0.0013968372821512656
0.0004896590261202955
0.00042513376757461385
0.0002728003190741879
3.736729779677461e-5
2.5690434557551127e-5
0.0
0.0
0.0
0.0
8.950512524631888e-6
1.963342040714519e-5
0.00010379711146700584
0.0001980027036079665
0.00028675183089637375
0.0
0.0
0.0
0.0
0.0
0.0
0.0
0.0
0.001871133003254143
0.0017919092940079484
0.0005823316778523108
0.0002504691555377638
0.00010309225912290756
2.9608665124873325e-5
9.263758242030362e-6
0.0
0.0
0.0
0.0
7.480438670052876e-7
0.0
0.0
9.878329143265461e-6
5.744973227829929e-5
0.0
0.0
0.0
0.0
0.0
0.0
0.0
0.0
0.0008368132298105813
0.001015618058974807
0.000659179037363539
0.0004077134695546625
0.00030544864498390807
0.0001873930460016104
0.0001819175743338108
0.0001079226613623219
6.400478550228987e-5
2.0204945461446968e-5
0.0
1.4368563503734972e-5
0.0
0.0
0.0
0.0
0.0
0.0
0.0
0.0
0.0
0.0
0.0
0.0
0.0
0.0
0.0
0.0
0.0
0.0
0.0
0.0
0.0
0.0
0.0
0.0
0.0
0.0
0.0
0.0
0.0
0.0
0.0
0.0
0.0
0.0
0.0
0.0
0.0013375505138125809
0.0011860946438292796
0.00034630449224617104
0.00016630150267683336
8.165370802851892e-5
4.922697635433933e-5
8.430496186152123e-5
0.0
0.0
0.0
0.0
0.00021516802866863518
0.0004677701221180909
0.0005921169982922758
0.0007493859015591643
0.000862588617733914
0.0
0.0
0.0
0.0
0.0
0.0
0.0
0.0
0.001992834741870962
0.00160784376374328
0.0004989952770946383
0.00016301828495804643
4.356144541650645e-5
1.3947940710298051e-6
0.0
0.0
0.0
0.0
0.0
2.266083926596888e-6
2.6854991726910687e-6
0.0
1.296166652393214e-5
5.9835347592120064e-5
0.0
0.0
0.0
0.0
0.0
0.0
0.0
0.0
0.0008423666207312582
0.0008688410141911727
9.586314797359505e-5
7.976151349305245e-6
0.0
0.0
4.882688095510783e-7
0.0
0.0
0.0
0.0
2.4277865760976823e-6
1.1916459511661272e-6
0.0
3.6121153268586547e-6
3.612954885135107e-5
0.0
0.0
0.0
0.0
0.0
0.0
0.0
0.0
0.0008200291364856091
0.0008357976183404412
9.267531391316437e-5
4.7434264064268915e-6
0.0
0.0
0.0
0.0
0.0
0.0
0.0
1.1502424640534093e-6
6.470773380468868e-7
0.0
0.0
0.0
0.0
0.0
0.0
0.0
0.0
0.0
0.0
0.0
0.0003725695082537844
0.00046980308160774874
1.4173619121308907e-5
0.0
2.170574115709135e-7
0.0
5.648650008124768e-6
3.7744012782688516e-7
0.0
0.0
0.0
8.827279695836828e-6
4.003337461420341e-5
0.0001317589805520798
0.00019598084598451723
0.0002488973296431229
0.0
0.0
0.0
0.0
0.0
0.0
0.0
0.0
0.0012114291661401053
0.0011177390238565656
0.0007483719777506118
0.0005469060970613395
0.0004952147237183771
0.00046776898255059706
0.000562111465942542
0.0005801426406510089
0.0006015321534707475
0.000634330464847234
0.0006944010624805542
0.0008718916088300429
0.0
0.0
0.0
0.0
0.0
0.0
0.0
0.0
0.0
0.0
0.0
0.0
0.0
0.0
0.0
0.0
0.0
0.0
0.0
0.0
0.0
0.0
0.0
0.0
0.0
0.0
0.0
0.0
0.0
0.0
0.0
0.0
0.0
0.0
0.0
0.0
0.0020408071033022595
0.0016801320097922204
0.0004845833002351746
0.00018809097979389963
7.391110384164103e-5
1.121477955132601e-5
0.0
0.0
0.0
0.0
0.0
1.5426835419770552e-6
0.0
3.2536764510541285e-6
5.4602765646657006e-5
9.396625101802902e-5
0.0
0.0
0.0
0.0
0.0
0.0
0.0
0.0
0.0013756789366225772
0.001243824150152464
0.00022768510240251096
8.352758289760958e-5
1.771310314995648e-5
0.0
0.0
0.0
0.0
0.0
0.0
0.0
0.0
0.0
0.0
0.0
0.0
0.0
0.0
0.0
0.0
0.0
0.0
0.0
0.0001790902365973256
0.00017655360132356465
3.866850064893064e-6
0.0
0.0
0.0
0.0
0.0
0.0
0.0
0.0
1.955016998210715e-5
4.7512002707748124e-5
8.370310104542398e-5
0.00015015505664977462
0.00027996647696904877
0.0
0.0
0.0
0.0
0.0
0.0
0.0
0.0
0.0014362849516080618
0.0012771505460569294
0.0003003730184924835
5.598401684936275e-5
0.0
0.0
0.0
0.0
0.0
0.0
0.0
1.3156113851805517e-6
0.0
1.2670689129360839e-6
0.0
1.5339477308366727e-5
0.0
0.0
0.0
0.0
0.0
0.0
0.0
0.0
0.000905719328361791
0.0008490858463487542
7.565862787378992e-5
1.50480921242155e-6
0.0
0.0
0.0
0.0
0.0
0.0
0.0
0.0
0.0
0.0
0.0
0.0
0.0
0.0
0.0
0.0
0.0
0.0
0.0
0.0
0.0003752002466356617
0.0005614854254321925
0.00028166595215344214
0.00013760897727380772
6.97809872414841e-5
2.3455489755814877e-5
2.957594440668193e-5
2.5611470755075044e-5
6.045727044230617e-6
0.0
0.0
3.1743354341792586e-5
0.0
0.0
0.0
0.0
0.0
0.0
0.0
0.0
0.0
0.0
0.0
0.0
0.0
0.0
0.0
0.0
0.0
0.0
0.0
0.0
0.0
0.0
0.0
0.0
0.0
0.0
0.0
0.0
0.0
0.0
0.0
0.0
0.0
0.0
0.0
0.0
0.002202780328472581
0.0018264624325982429
0.0005399494034806766
0.000221803122910007
7.816921359862387e-5
9.69956815130033e-6
0.0
0.0
0.0
0.0
0.0
1.5075022025180957e-6
6.788469036632349e-7
1.49257295807056e-6
3.74977926313159e-5
7.082732162340108e-5
0.0
0.0
0.0
0.0
0.0
0.0
0.0
0.0
0.0009197200022617902
0.0008526896744963579
8.642258677476432e-5
4.161035025222023e-6
0.0
0.0
0.0
0.0
0.0
0.0
0.0
0.0
3.337872024076077e-7
0.0
0.0
0.0
0.0
0.0
0.0
0.0
0.0
0.0
0.0
0.0
0.00040525030405634923
0.0004228976913682674
1.1357108171144718e-5
0.0
0.0
0.0
0.0
0.0
0.0
0.0
0.0
0.0
0.0
0.0
0.0
0.0
0.0
0.0
0.0
0.0
0.0
0.0
0.0
0.0
0.00014750166463010228
0.00012593222215922687
3.6530595221377654e-6
0.0
0.0
0.0
0.0
0.0
0.0
0.0
0.0
0.0
0.0
0.0
0.0
0.0
0.0
0.0
0.0
0.0
0.0
0.0
0.0
0.0
0.00012917494887598865
0.0001244798699321999
3.196668432453776e-6
0.0
0.0
0.0
0.0
0.0
0.0
0.0
0.0
0.0
0.0
0.0
0.0
0.0
0.0
0.0
0.0
0.0
0.0
0.0
0.0
0.0
0.0003870702670608721
0.0006059949228706065
0.00027083477784344863
0.00013620492033031035
7.325850094256423e-5
2.7813843450615194e-5
3.710544870100469e-5
1.789963732459472e-5
0.0
0.0
0.0
0.0
0.0
0.0
0.0
0.0
0.0
0.0
0.0
0.0
0.0
0.0
0.0
0.0
0.0
0.0
0.0
0.0
0.0
0.0
0.0
0.0
0.0
0.0
0.0
0.0
0.0
0.0
0.0
0.0
0.0
0.0
0.0
0.0
0.0
0.0
0.0
0.0
0.000758212157864864
0.0007632587232162274
8.398414166277263e-5
1.615644761847365e-5
0.0
0.0
0.0
0.0
0.0
0.0
0.0
1.442795493497879e-5
6.678590947339304e-6
1.380585782047898e-5
6.389151077199083e-5
0.00011298323144733773
0.0
0.0
0.0
0.0
0.0
0.0
0.0
0.0
0.0012348733890403067
0.0011306318467326551
0.00037073295649236976
0.00011699308897343849
4.457630046859799e-6
0.0
2.7552731482873747e-5
0.0
0.0
0.0
0.0
1.0381859437994797e-5
6.295675209753826e-5
0.00014594166734276445
0.0002599653242219249
0.00035979188911000853
0.0
0.0
0.0
0.0
0.0
0.0
0.0
0.0
0.0016098402223008305
0.0013528318494991636
0.00031388942168697253
8.265388793010597e-5
9.20306461909277e-6
0.0
0.0
0.0
0.0
0.0
0.0
1.033520882578314e-6
0.0
1.1803145196023726e-6
1.1863306530771982e-5
5.377175137216796e-5
0.0
0.0
0.0
0.0
0.0
0.0
0.0
0.0
0.000848899058498129
0.0007623847634283865
8.167219257068717e-5
2.4227264103009165e-6
0.0
0.0
0.0
0.0
0.0
0.0
0.0
1.0133791025202268e-6
0.0
0.0
0.0
5.134457554985076e-6
0.0
0.0
0.0
0.0
0.0
0.0
0.0
0.0
0.0007404690434406524
0.0007162213724380683
6.124372143073824e-5
0.0
0.0
0.0
0.0
0.0
0.0
0.0
0.0
1.6562910590352302e-6
0.0
0.0
1.970664730667616e-6
4.703478434133634e-5
0.0
0.0
0.0
0.0
0.0
0.0
0.0
0.0
0.0009071195738135154
0.0010564714038707942
0.0006876876476244368
0.0005589585350441938
0.00043648101674832095
0.00022193553328520677
0.0002135163218124825
0.00014331009008772833
0.00010014692399234744
6.333294508579829e-5
4.037550382996019e-5
7.480705039651082e-5
0.0
0.0
0.0
0.0
0.0
0.0
0.0
0.0
0.0
0.0
0.0
0.0
0.0
0.0
0.0
0.0
0.0
0.0
0.0
0.0
0.0
0.0
0.0
0.0
0.0
0.0
0.0
0.0
0.0
0.0
0.0
0.0
0.0
3.0487336783305502e-5
7.507896937856084e-5
6.226075939149907e-5
0.0028742266219314284
0.0025797019462041174
0.0013573956017929965
0.0009758390545885234
0.0006218013254691307
0.00028362775556837317
0.00021292784024175263
3.0833302771331106e-5
0.0
0.0
0.0
1.2379275834730494e-5
8.026439230289824e-5
0.00015078605944292598
0.00026026637196066896
0.0003673882205479011
0.0
0.0
0.0
0.0
0.0
0.0
0.0
0.0
0.001946439949479051
0.0016243510499269298
0.0004596317380155535
0.00016059346308280672
4.4003911243427576e-5
4.3368160963897213e-7
0.0
0.0
0.0
0.0
0.0
2.2216566005817926e-6
3.613083663147526e-6
0.0
1.7378344181643837e-5
5.0437131068819276e-5
0.0
0.0
0.0
0.0
0.0
0.0
0.0
0.0
0.0011018537001841824
0.0010259898225368088
0.00017529867713361022
9.130064097570846e-5
7.672938873001349e-5
1.7410202815304662e-5
0.0
0.0
0.0
0.0
0.0
5.476475151655087e-6
0.0
1.8629348545171715e-5
0.00010099055310685435
0.00016437359478466712
0.0
0.0
0.0
0.0
0.0
0.0
0.0
0.0
0.0012007737862627945
0.0009527852316748574
0.00013205686218673184
1.1438604860337213e-5
0.0
0.0
0.0
0.0
0.0
0.0
0.0
6.886087562427092e-7
0.0
0.0
0.0
4.31925476914609e-6
0.0
0.0
0.0
0.0
0.0
0.0
0.0
0.0
0.0007815583411226038
0.000716845961463054
4.515669393321862e-5
0.0
0.0
0.0
0.0
0.0
0.0
0.0
0.0
0.0
0.0
0.0
0.0
0.0
0.0
0.0
0.0
0.0
0.0
0.0
0.0
0.0
0.00021921053518214568
0.00022514785603137792
2.6094975750413896e-5
0.0
0.0
0.0
0.0
0.0
0.0
0.0
0.0
0.0
0.0
0.0
0.0
0.0
0.0
0.0
0.0
0.0
0.0
0.0
0.0
0.0
0.0
0.0
0.0
0.0
0.0
0.0
0.0
0.0
0.0
0.0
0.0
0.0
0.0
0.0
0.0
0.0
0.0
0.0
0.0
0.0
0.0
0.0
0.0
0.0
0.0012038554563219483
0.000983276393982797
9.746690410185196e-5
4.783456100513513e-6
0.0
0.0
0.0
0.0
0.0
0.0
0.0
2.257778227820944e-6
4.099791789914942e-6
0.0
0.0
0.0
0.0
0.0
0.0
0.0
0.0
0.0
0.0
0.0
0.00022197813482820116
0.00018626748957607488
2.5135362723324596e-6
0.0
0.0
0.0
0.0
0.0
0.0
0.0
0.0
0.0
1.5491004644380229e-6
8.057437851986944e-7
0.0
0.0
0.0
0.0
0.0
0.0
0.0
0.0
0.0
0.0
0.0003093040433973424
0.0003257610740003767
2.1253531993668997e-6
0.0
0.0
0.0
0.0
0.0
0.0
0.0
0.0
0.0
2.8584600467003974e-7
0.0
0.0
0.0
0.0
0.0
0.0
0.0
0.0
0.0
0.0
0.0
0.00047094161040829986
0.000355402083359261
2.0780348429502615e-6
0.0
0.0
0.0
0.0
0.0
0.0
0.0
0.0
0.0
0.0
0.0
0.0
0.0
0.0
0.0
0.0
0.0
0.0
0.0
0.0
0.0
0.0003316732693143367
0.00035469515765645606
1.9273999280622833e-6
0.0
0.0
0.0
0.0
0.0
0.0
0.0
0.0
5.192306297594669e-6
4.801523202927538e-6
6.576126116416986e-7
1.0272759415089955e-5
5.1532160891153516e-5
0.0
0.0
0.0
0.0
0.0
0.0
0.0
0.0
0.0012415596360565203
0.0010831960284498079
0.0005984021068779347
0.00039116642795808366
0.00022636375960565468
0.00026246916973209837
0.00024690639850433844
0.0002991790850220736
0.000272052418139243
0.0001334788661132781
0.00014239974280810916
0.00020548285304132963
0.0
0.0
0.0
0.0
0.0
0.0
0.0
0.0
0.0
0.0
0.0
0.0
0.0
0.0
0.0
0.0
0.0
0.0
0.0
0.0
0.0
0.0
0.0
0.0
0.0
0.0
0.0
0.0
0.0
0.0
0.0
0.0
0.0
0.0
0.0
0.0
0.0015390235045767426
0.0011742892730303976
0.00017732177492323068
1.5913852427856463e-5
0.0
0.0
0.0
0.0
0.0
0.0
0.0
0.0
0.0
0.0
0.0
0.0
0.0
0.0
0.0
0.0
0.0
0.0
0.0
0.0
0.0003950511501973788
0.0002427450194364601
3.0044211807823405e-6
0.0
0.0
0.0
0.0
0.0
0.0
0.0
0.0
0.0
0.0
0.0
0.0
0.0
0.0
0.0
0.0
0.0
0.0
0.0
0.0
0.0
0.00026105764042764666
0.00023973441077497544
2.6408370640984413e-6
0.0
0.0
0.0
0.0
0.0
0.0
0.0
0.0
5.920116853861052e-7
3.410423942287781e-7
0.0
2.160928382647332e-6
1.3499823627019588e-6
0.0
0.0
0.0
0.0
0.0
0.0
0.0
0.0
0.0007835918762487721
0.0007073029674685745
4.5532439288350064e-5
0.0
0.0
0.0
0.0
0.0
0.0
0.0
0.0
0.0
0.0
0.0
0.0
0.0
0.0
0.0
0.0
0.0
0.0
0.0
0.0
0.0
0.0006480250454098767
0.0005453870718387638
1.3223235472009863e-5
0.0
0.0
0.0
0.0
0.0
0.0
0.0
0.0
0.0
0.0
0.0
0.0
0.0
0.0
0.0
0.0
0.0
0.0
0.0
0.0
0.0
0.00040425084896788757
0.0004649378951206364
0.00014116073359055016
1.8879023111212315e-5
0.0
0.0
0.0
0.0
0.0
0.0
0.0
0.0
0.0
0.0
0.0
0.0
0.0
0.0
0.0
0.0
0.0
0.0
0.0
0.0
0.0
0.0
0.0
0.0
0.0
0.0
0.0
0.0
0.0
0.0
0.0
0.0
0.0
0.0
0.0
0.0
0.0
0.0
0.0
0.0
0.0
0.0
0.0
0.0
0.0011019087798535233
0.0008765064595368723
7.910965647704985e-5
0.0
0.0
0.0
0.0
0.0
0.0
0.0
0.0
0.0
3.3072583895920366e-7
0.0
0.0
0.0
0.0
0.0
0.0
0.0
0.0
0.0
0.0
0.0
0.0006117156129720807
0.0004644084441445054
5.683354672009494e-6
0.0
0.0
0.0
0.0
0.0
0.0
0.0
0.0
0.0
0.0
0.0
0.0
0.0
0.0
0.0
0.0
0.0
0.0
0.0
0.0
0.0
0.0002416883842250984
0.00015615517369282686
3.836977797215442e-6
0.0
0.0
0.0
0.0
0.0
0.0
0.0
0.0
0.0
0.0
0.0
0.0
0.0
0.0
0.0
0.0
0.0
0.0
0.0
0.0
0.0
0.0002605976031929574
0.00027181568910469004
2.4000470895465445e-6
0.0
0.0
0.0
0.0
0.0
0.0
0.0
0.0
0.0
5.910522587247791e-7
0.0
0.0
0.0
0.0
0.0
0.0
0.0
0.0
0.0
0.0
0.0
0.0005895022555132192
0.0006041895835529988
3.61764096225311e-5
0.0
0.0
0.0
0.0
0.0
0.0
0.0
0.0
1.2189568718595282e-6
2.424725817962743e-6
0.0
0.0
0.0
0.0
0.0
0.0
0.0
0.0
0.0
0.0
0.0
0.0007494143879922712
0.0008234288267814224
0.000561749819206276
0.00033479773973830594
0.00014494161427400668
4.9594074113592785e-5
5.550831978834136e-5
2.7536821247773954e-5
1.3996874695586973e-6
0.0
0.0
4.334206087463548e-7
0.0
0.0
0.0
0.0
0.0
0.0
0.0
0.0
0.0
0.0
0.0
0.0
0.0
0.0
0.0
0.0
0.0
0.0
0.0
0.0
0.0
0.0
0.0
0.0
0.0
0.0
0.0
0.0
0.0
0.0
0.0
0.0
0.0
0.0
0.0
0.0
0.001355902680584477
0.0009629868781225456
8.453198663537675e-5
0.0
0.0
0.0
0.0
0.0
0.0
0.0
0.0
0.0
0.0
0.0
0.0
0.0
0.0
0.0
0.0
0.0
0.0
0.0
0.0
0.0
0.00047348205028822964
0.0005085239104730128
6.319134514881451e-6
0.0
0.0
0.0
0.0
0.0
0.0
0.0
0.0
0.0
0.0
0.0
0.0
0.0
0.0
0.0
0.0
0.0
0.0
0.0
0.0
0.0
0.0003479994518857627
0.00022051045621022508
2.7680328559089636e-6
0.0
0.0
0.0
0.0
0.0
0.0
0.0
0.0
0.0
0.0
0.0
0.0
0.0
0.0
0.0
0.0
0.0
0.0
0.0
0.0
0.0
5.464704114888673e-5
0.00012821851132429867
3.821666971174661e-6
0.0
0.0
0.0
0.0
0.0
0.0
0.0
0.0
0.0
0.0
0.0
0.0
0.0
0.0
0.0
0.0
0.0
0.0
0.0
0.0
0.0
2.2737742967969265e-5
7.740266214402166e-5
4.252245339533663e-6
0.0
0.0
0.0
0.0
0.0
0.0
0.0
0.0
0.0
0.0
0.0
0.0
0.0
0.0
0.0
0.0
0.0
0.0
0.0
0.0
0.0
0.00018586771976263763
0.00032472819312506833
9.970384796318272e-5
4.802668451044941e-5
1.4745771151186087e-5
0.0
8.10849477921824e-6
0.0
0.0
0.0
0.0
0.0
0.0
0.0
0.0
0.0
0.0
0.0
0.0
0.0
0.0
0.0
0.0
0.0
0.0
0.0
0.0
0.0
0.0
0.0
0.0
0.0
0.0
0.0
0.0
0.0
0.0
0.0
0.0
0.0
0.0
0.0
0.0
0.0
0.0
0.0
0.0
0.0
0.0
0.0
0.0
0.0
0.0
0.0
0.0
0.0
0.0
0.0
0.0
0.0
0.0
0.0
0.0
0.0
0.0
0.0
0.0
0.0
0.0
0.0
0.0
0.0
0.00036299233894001367
0.0003406214175462709
1.546595328083631e-6
1.7423138469393072e-7
0.0
0.0
0.0
0.0
0.0
0.0
0.0
0.0
0.0
0.0
0.0
0.0
0.0
0.0
0.0
0.0
0.0
0.0
0.0
0.0
7.149639764194926e-5
0.00011923925957881592
3.8620992768668545e-6
0.0
0.0
0.0
0.0
0.0
0.0
0.0
0.0
0.0
0.0
0.0
0.0
0.0
0.0
0.0
0.0
0.0
0.0
0.0
0.0
0.0
0.00046963462908824897
0.0005773889567077435
2.2214405523561492e-5
0.0
0.0
0.0
0.0
0.0
0.0
0.0
0.0
3.926890688114211e-6
3.8461146428137554e-6
0.0
0.0
9.687630190274267e-6
0.0
0.0
0.0
0.0
0.0
0.0
0.0
0.0
0.0007610526148807301
0.0007827821081945809
4.2714310772048853e-5
0.0
0.0
0.0
0.0
0.0
0.0
0.0
0.0
7.629363585076023e-7
0.0
0.0
0.0
0.0
0.0
0.0
0.0
0.0
0.0
0.0
0.0
0.0
0.0005338103495769183
0.0007516241997499838
0.0004741105252039416
0.0002937842886390855
0.00021493227501434412
0.00014186847231107013
0.00019122858764081689
0.0001383383263253754
9.26441342792614e-5
6.809445058936171e-5
5.598957112198505e-5
0.00010649649322892781
0.0
0.0
0.0
0.0
0.0
0.0
0.0
0.0
0.0
0.0
0.0
0.0
0.0
0.0
0.0
0.0
0.0
0.0
0.0
0.0
0.0
0.0
0.0
0.0
0.0
0.0
0.0
0.0
0.0
0.0
0.0
0.0
0.0
0.0
0.0
0.0
0.0008481823807141056
0.0005915899273252342
1.145245487790603e-5
0.0
0.0
0.0
0.0
0.0
0.0
0.0
0.0
0.0
0.0
0.0
0.0
0.0
0.0
0.0
0.0
0.0
0.0
0.0
0.0
0.0
0.00036912826092670476
0.00034916617000559975
3.0914112229025903e-6
0.0
0.0
0.0
0.0
0.0
0.0
0.0
0.0
0.0
0.0
0.0
0.0
0.0
0.0
0.0
0.0
0.0
0.0
0.0
0.0
0.0
0.00040785957450147363
0.00047398157987133986
8.561205304138697e-6
0.0
0.0
0.0
0.0
0.0
0.0
0.0
0.0
1.1585653647900288e-6
0.0
0.0
0.0
0.0
0.0
0.0
0.0
0.0
0.0
0.0
0.0
0.0
0.0004425765367638491
0.0004241613474338952
5.961330131666421e-6
0.0
0.0
0.0
0.0
0.0
0.0
0.0
0.0
1.4401013638338393e-6
0.0
0.0
0.0
0.0
0.0
0.0
0.0
0.0
0.0
0.0
0.0
0.0
0.0003518062741863005
0.00036269237413466906
1.8937864244969026e-6
0.0
0.0
0.0
0.0
0.0
0.0
0.0
0.0
0.0
0.0
0.0
0.0
0.0
0.0
0.0
0.0
0.0
0.0
0.0
0.0
0.0
5.060281784768281e-5
8.921088199935042e-5
0.0
0.0
0.0
0.0
0.0
0.0
0.0
0.0
0.0
0.0
0.0
0.0
0.0
0.0
0.0
0.0
0.0
0.0
0.0
0.0
0.0
0.0
0.0
0.0
0.0
0.0
0.0
0.0
0.0
0.0
0.0
0.0
0.0
0.0
0.0
0.0
0.0
0.0
0.0
0.0
0.0
0.0
0.0
0.0
0.0
0.0
0.0005084207117916097
0.0005037410961245813
3.8024113342924737e-6
0.0
0.0
0.0
0.0
0.0
0.0
0.0
0.0
0.0
0.0
0.0
0.0
0.0
0.0
0.0
0.0
0.0
0.0
0.0
0.0
0.0
0.00020705946098808256
0.00014888155991963034
3.139910242853238e-6
0.0
0.0
0.0
0.0
0.0
0.0
0.0
0.0
0.0
0.0
0.0
0.0
0.0
0.0
0.0
0.0
0.0
0.0
0.0
0.0
0.0
0.0001468259324356928
0.00012070679566478516
3.1520721543685964e-6
0.0
0.0
0.0
0.0
0.0
0.0
0.0
0.0
0.0
0.0
0.0
0.0
0.0
0.0
0.0
0.0
0.0
0.0
0.0
0.0
0.0
3.454616171741794e-5
4.782222596164367e-7
3.1499028647358403e-6
0.0
0.0
0.0
0.0
0.0
0.0
0.0
0.0
0.0
0.0
0.0
0.0
0.0
0.0
0.0
0.0
0.0
0.0
0.0
0.0
0.0
6.307874221248857e-6
0.0
1.955157720336448e-6
0.0
0.0
0.0
0.0
0.0
0.0
0.0
0.0
0.0
0.0
0.0
0.0
0.0
0.0
0.0
0.0
0.0
0.0
0.0
0.0
0.0
9.53970096804545e-6
1.026854864434379e-6
0.0
0.0
0.0
0.0
0.0
0.0
0.0
0.0
0.0
0.0
0.0
0.0
0.0
0.0
0.0
0.0
0.0
0.0
0.0
0.0
0.0
0.0
0.0
0.0
0.0
0.0
0.0
0.0
0.0
0.0
0.0
0.0
0.0
0.0
0.0
0.0
0.0
0.0
0.0
0.0
0.0
0.0
0.0
0.0
0.0
0.0
7.691021591965684e-5
0.00011372026817270282
4.146059648603515e-6
0.0
0.0
0.0
0.0
0.0
0.0
0.0
0.0
0.0
0.0
0.0
0.0
0.0
0.0
0.0
0.0
0.0
0.0
0.0
0.0
0.0
6.539469490470406e-5
0.00015566779427473549
2.792172562703482e-6
0.0
0.0
0.0
0.0
0.0
0.0
0.0
0.0
0.0
0.0
0.0
0.0
0.0
0.0
0.0
0.0
0.0
0.0
0.0
0.0
0.0
4.1190035930408365e-5
4.7170981075853815e-7
2.4658079986842e-6
0.0
0.0
0.0
0.0
0.0
0.0
0.0
0.0
0.0
0.0
0.0
0.0
0.0
0.0
0.0
0.0
0.0
0.0
0.0
0.0
0.0
3.611657275810923e-5
0.00010051887004322529
4.465246372026587e-6
0.0
0.0
0.0
0.0
0.0
0.0
0.0
0.0
0.0
0.0
0.0
0.0
0.0
0.0
0.0
0.0
0.0
0.0
0.0
0.0
0.0
4.711207483526666e-5
0.00010646722076967425
4.322545846954203e-6
0.0
0.0
0.0
0.0
0.0
0.0
0.0
0.0
0.0
0.0
0.0
0.0
0.0
0.0
0.0
0.0
0.0
0.0
0.0
0.0
0.0
0.00012781121998669317
0.0001358771838864301
1.755890558007973e-5
0.0
0.0
0.0
0.0
0.0
0.0
0.0
0.0
0.0
0.0
0.0
0.0
0.0
0.0
0.0
0.0
0.0
0.0
0.0
0.0
0.0
0.0
0.0
0.0
0.0
0.0
0.0
0.0
0.0
0.0
0.0
0.0
0.0
0.0
0.0
0.0
0.0
0.0
0.0
0.0
0.0
0.0
0.0
0.0
0.0
3.8161119308075e-5
4.547269217777885e-5
4.513085346566297e-6
0.0
0.0
0.0
0.0
0.0
0.0
0.0
0.0
0.0
0.0
0.0
0.0
0.0
0.0
0.0
0.0
0.0
0.0
0.0
0.0
0.0
5.850009360254448e-5
0.00010830388855351952
4.147499032518034e-6
0.0
0.0
0.0
0.0
0.0
0.0
0.0
0.0
0.0
0.0
0.0
0.0
0.0
0.0
0.0
0.0
0.0
0.0
0.0
0.0
0.0
0.00010132176323476589
9.890937910180413e-5
3.643082271333684e-6
0.0
0.0
0.0
0.0
0.0
0.0
0.0
0.0
0.0
0.0
0.0
0.0
0.0
0.0
0.0
0.0
0.0
0.0
0.0
0.0
0.0
0.00016856244507217015
0.00013239382182857258
2.934787828503347e-6
0.0
0.0
0.0
0.0
0.0
0.0
0.0
0.0
0.0
0.0
0.0
0.0
0.0
0.0
0.0
0.0
0.0
0.0
0.0
0.0
0.0
7.225740019470044e-5
6.204780304313455e-5
3.768100041532492e-6
0.0
0.0
0.0
0.0
0.0
0.0
0.0
0.0
0.0
0.0
0.0
0.0
0.0
0.0
0.0
0.0
0.0
0.0
0.0
0.0
0.0
3.778112863367835e-5
2.165182048986217e-6
1.8861520569814483e-7
0.0
0.0
0.0
0.0
0.0
0.0
0.0
0.0
0.0
0.0
0.0
0.0
0.0
0.0
0.0
0.0
0.0
0.0
0.0
0.0
0.0
0.0
0.0
0.0
0.0
0.0
0.0
0.0
0.0
0.0
0.0
0.0
0.0
0.0
0.0
0.0
0.0
0.0
0.0
0.0
0.0
0.0
0.0
0.0
0.0
0.0
0.0
0.0
0.0
0.0
0.0
0.0
0.0
0.0
0.0
0.0
0.0
0.0
0.0
0.0
0.0
0.0
0.0
0.0
0.0
0.0
0.0
0.0
0.0
0.0
0.0
0.0
0.0
0.0
0.0
0.0
0.0
0.0
0.0
0.0
0.0
0.0
0.0
0.0
0.0
0.0
0.0
0.0
0.0
0.0
0.0
0.0
0.0
0.00012873789682093628
0.0001960928686365498
1.98627034526079e-6
0.0
0.0
0.0
0.0
0.0
0.0
0.0
0.0
0.0
0.0
0.0
0.0
0.0
0.0
0.0
0.0
0.0
0.0
0.0
0.0
0.0
0.00017008917284144835
0.00037169278389586
4.266997715531974e-6
0.0
0.0
0.0
0.0
0.0
0.0
0.0
0.0
0.0
0.0
0.0
0.0
0.0
0.0
0.0
0.0
0.0
0.0
0.0
0.0
0.0
0.00039297265586291243
0.00038685530021936735
1.2756933198205464e-6
0.0
0.0
0.0
0.0
0.0
0.0
0.0
0.0
0.0
0.0
0.0
0.0
0.0
0.0
0.0
0.0
0.0
0.0
0.0
0.0
0.0
7.241542164355215e-5
0.00016894978953741692
8.99071119488821e-6
0.0
0.0
0.0
0.0
0.0
0.0
0.0
0.0
0.0
0.0
0.0
0.0
0.0
0.0
0.0
0.0
0.0
0.0
0.0
0.0
0.0
0.0
0.0
0.0
0.0
0.0
0.0
0.0
0.0
0.0
0.0
0.0
0.0
0.0
0.0
0.0
0.0
0.0
0.0
0.0
0.0
0.0
0.0
0.0
0.0
0.0002050890230943495
0.00024070522002859316
1.6759855092755944e-6
0.0
0.0
0.0
0.0
0.0
0.0
0.0
0.0
0.0
0.0
0.0
0.0
0.0
0.0
0.0
0.0
0.0
0.0
0.0
0.0
0.0
3.1818570957153206e-5
8.744568444592321e-5
3.4517191432904383e-6
0.0
0.0
0.0
0.0
0.0
0.0
0.0
0.0
0.0
0.0
0.0
0.0
0.0
0.0
0.0
0.0
0.0
0.0
0.0
0.0
0.0
8.758494162493636e-5
0.00016611783841169437
2.833750600226773e-6
1.720338465601202e-7
0.0
0.0
0.0
0.0
0.0
0.0
0.0
0.0
0.0
0.0
0.0
0.0
0.0
0.0
0.0
0.0
0.0
0.0
0.0
0.0
0.00011674838451568884
0.00012209945190685205
2.5779104872317223e-6
0.0
0.0
0.0
0.0
0.0
0.0
0.0
0.0
0.0
0.0
0.0
0.0
0.0
0.0
0.0
0.0
0.0
0.0
0.0
0.0
0.0
7.292824519382183e-5
3.413995932778717e-5
2.9991547212511114e-6
0.0
0.0
0.0
0.0
0.0
0.0
0.0
0.0
0.0
0.0
0.0
0.0
0.0
0.0
0.0
0.0
0.0
0.0
0.0
0.0
0.0
4.0421130907436954e-5
3.4603514462415086e-5
0.0
0.0
0.0
0.0
0.0
0.0
0.0
0.0
0.0
0.0
0.0
0.0
0.0
0.0
0.0
0.0
0.0
0.0
0.0
0.0
0.0
0.0
0.0
0.0
0.0
0.0
0.0
0.0
0.0
0.0
0.0
0.0
0.0
0.0
0.0
0.0
0.0
0.0
0.0
0.0
0.0
0.0
0.0
0.0
0.0
0.0
0.00012269694766302717
0.0001758228666130092
2.537032857498307e-6
0.0
0.0
0.0
0.0
0.0
0.0
0.0
0.0
0.0
0.0
0.0
0.0
0.0
0.0
0.0
0.0
0.0
0.0
0.0
0.0
0.0
0.00010870382348374527
0.00018169512108471913
3.7367683528321505e-6
0.0
0.0
0.0
0.0
0.0
0.0
0.0
0.0
0.0
0.0
0.0
0.0
0.0
0.0
0.0
0.0
0.0
0.0
0.0
0.0
0.0
0.00012019223184691172
0.00010950910945717099
3.6925628152266337e-6
0.0
0.0
0.0
0.0
0.0
0.0
0.0
0.0
0.0
0.0
0.0
0.0
0.0
0.0
0.0
0.0
0.0
0.0
0.0
0.0
0.0
5.296728633490216e-5
0.00010567138418630679
3.3247472272604055e-6
0.0
0.0
0.0
0.0
0.0
0.0
0.0
0.0
0.0
0.0
0.0
0.0
0.0
0.0
0.0
0.0
0.0
0.0
0.0
0.0
0.0
6.706132637680111e-5
3.537793254766769e-5
3.211108149691132e-6
0.0
0.0
0.0
0.0
0.0
0.0
0.0
0.0
0.0
0.0
0.0
0.0
0.0
0.0
0.0
0.0
0.0
0.0
0.0
0.0
0.0
4.2532067420191126e-5
2.240973454272338e-5
2.1425063152873497e-7
0.0
0.0
0.0
0.0
0.0
0.0
0.0
0.0
0.0
0.0
0.0
0.0
0.0
0.0
0.0
0.0
0.0
0.0
0.0
0.0
0.0
0.0
0.0
0.0
0.0
0.0
0.0
0.0
0.0
0.0
0.0
0.0
0.0
0.0
0.0
0.0
0.0
0.0
0.0
0.0
0.0
0.0
0.0
0.0
0.0
0.00013549019423636738
0.00016112722162406486
2.936272424327837e-6
0.0
0.0
0.0
0.0
0.0
0.0
0.0
0.0
0.0
0.0
0.0
0.0
0.0
0.0
0.0
0.0
0.0
0.0
0.0
0.0
0.0
2.7116930483575602e-5
5.824154801309825e-6
4.305378551853319e-6
0.0
0.0
0.0
0.0
0.0
0.0
0.0
0.0
0.0
0.0
0.0
0.0
0.0
0.0
0.0
0.0
0.0
0.0
0.0
0.0
0.0
1.9872944301554498e-5
8.008504186878619e-5
4.680319720057054e-6
0.0
0.0
0.0
0.0
0.0
0.0
0.0
0.0
0.0
0.0
0.0
0.0
0.0
0.0
0.0
0.0
0.0
0.0
0.0
0.0
0.0
5.6531190027993774e-6
7.203854914944233e-5
3.5047437730747718e-6
0.0
0.0
0.0
0.0
0.0
0.0
0.0
0.0
0.0
0.0
0.0
0.0
0.0
0.0
0.0
0.0
0.0
0.0
0.0
0.0
0.0
1.1779569720424956e-5
2.419132569033634e-6
2.6239173987353917e-6
0.0
0.0
0.0
0.0
0.0
0.0
0.0
0.0
0.0
0.0
0.0
0.0
0.0
0.0
0.0
0.0
0.0
0.0
0.0
0.0
0.0
2.8333979918788516e-5
7.403054311566201e-6
0.0
0.0
0.0
0.0
0.0
0.0
0.0
0.0
0.0
0.0
0.0
0.0
0.0
0.0
0.0
0.0
0.0
0.0
0.0
0.0
0.0
0.0
0.0
0.0
0.0
0.0
0.0
0.0
0.0
0.0
0.0
0.0
0.0
0.0
0.0
0.0
0.0
0.0
0.0
0.0
0.0
0.0
0.0
0.0
0.0
0.0
0.0001973223861864408
0.00030469129875583946
1.7802444690633324e-6
0.0
0.0
0.0
0.0
0.0
0.0
0.0
0.0
0.0
0.0
0.0
0.0
0.0
0.0
0.0
0.0
0.0
0.0
0.0
0.0
0.0
0.00023607603184128877
0.0001510506778598463
2.971596682420267e-6
0.0
0.0
0.0
0.0
0.0
0.0
0.0
0.0
0.0
0.0
0.0
0.0
0.0
0.0
0.0
0.0
0.0
0.0
0.0
0.0
0.0
4.283094326723262e-5
0.00011460364040933543
4.465375821385415e-6
0.0
0.0
0.0
0.0
0.0
0.0
0.0
0.0
0.0
0.0
0.0
0.0
0.0
0.0
0.0
0.0
0.0
0.0
0.0
0.0
0.0
0.00038197464074679263
0.00045277559353580036
7.113531438910235e-6
0.0
0.0
0.0
0.0
0.0
0.0
0.0
0.0
0.0
0.0
0.0
0.0
0.0
0.0
0.0
0.0
0.0
0.0
0.0
0.0
0.0
0.00018388860442393245
0.00023693379080087613
2.979646870884378e-6
0.0
0.0
0.0
0.0
0.0
0.0
0.0
0.0
0.0
0.0
0.0
0.0
0.0
0.0
0.0
0.0
0.0
0.0
0.0
0.0
0.0
0.00017993996807854856
0.0002877454311211621
8.470161807359839e-5
1.8143194000324606e-5
0.0
0.0
0.0
0.0
0.0
0.0
0.0
0.0
0.0
0.0
0.0
0.0
0.0
0.0
0.0
0.0
0.0
0.0
0.0
0.0
0.0
0.0
0.0
0.0
0.0
0.0
0.0
0.0
0.0
0.0
0.0
0.0
0.0
0.0
0.0
0.0
0.0
0.0
0.0
0.0
0.0
0.0
0.0
0.0
0.0005024408169073718
0.0005065781812600743
6.4783963812289225e-6
0.0
0.0
0.0
0.0
0.0
0.0
0.0
0.0
0.0
0.0
0.0
0.0
0.0
0.0
0.0
0.0
0.0
0.0
0.0
0.0
0.0
3.330441172986634e-5
7.588267018261726e-5
4.667220577625485e-6
0.0
0.0
0.0
0.0
0.0
0.0
0.0
0.0
0.0
9.628714471652934e-7
0.0
0.0
0.0
0.0
0.0
0.0
0.0
0.0
0.0
0.0
0.0
5.195605675998639e-5
5.76257028791652e-5
3.146629240901515e-6
0.0
0.0
0.0
0.0
0.0
0.0
0.0
0.0
0.0
0.0
0.0
0.0
0.0
0.0
0.0
0.0
0.0
0.0
0.0
0.0
0.0
5.3728007989430275e-5
0.000106089541248325
4.42686303623092e-6
0.0
0.0
0.0
0.0
0.0
0.0
0.0
0.0
0.0
0.0
0.0
0.0
0.0
0.0
0.0
0.0
0.0
0.0
0.0
0.0
0.0
5.351872025655177e-5
0.00013196019770271168
3.782184290141944e-6
0.0
0.0
0.0
0.0
0.0
0.0
0.0
0.0
0.0
0.0
0.0
0.0
0.0
0.0
0.0
0.0
0.0
0.0
0.0
0.0
0.0
0.00011335540434444572
0.00011761684428946846
2.6159265724421502e-5
3.1865618889383612e-6
0.0
0.0
0.0
0.0
0.0
0.0
0.0
0.0
0.0
0.0
0.0
0.0
0.0
0.0
0.0
0.0
0.0
0.0
0.0
0.0
0.0
0.0
0.0
0.0
0.0
0.0
0.0
0.0
0.0
0.0
0.0
0.0
0.0
0.0
0.0
0.0
0.0
0.0
0.0
0.0
0.0
0.0
0.0
0.0
0.00023481244569897159
0.00017691670260928846
3.138727433420682e-6
0.0
0.0
0.0
0.0
0.0
0.0
0.0
0.0
0.0
0.0
0.0
0.0
0.0
0.0
0.0
0.0
0.0
0.0
0.0
0.0
0.0
2.466401122907985e-5
7.541799039815688e-6
3.607761431943735e-6
0.0
0.0
0.0
0.0
0.0
0.0
0.0
0.0
0.0
0.0
0.0
0.0
0.0
0.0
0.0
0.0
0.0
0.0
0.0
0.0
0.0
5.7785892019500945e-5
6.927900961951508e-5
3.4172567087641783e-6
0.0
0.0
0.0
0.0
0.0
0.0
0.0
0.0
0.0
0.0
0.0
0.0
0.0
0.0
0.0
0.0
0.0
0.0
0.0
0.0
0.0
0.00011435626017136836
0.00016084666124318062
3.2672132820804287e-6
0.0
0.0
0.0
0.0
0.0
0.0
0.0
0.0
0.0
0.0
0.0
0.0
0.0
0.0
0.0
0.0
0.0
0.0
0.0
0.0
0.0
4.301287149941446e-5
9.80354683050371e-5
3.2705476806673222e-6
0.0
0.0
0.0
0.0
0.0
0.0
0.0
0.0
0.0
0.0
0.0
0.0
0.0
0.0
0.0
0.0
0.0
0.0
0.0
0.0
0.0
6.775247926050908e-5
8.390284305864157e-5
5.915671067115374e-7
0.0
0.0
0.0
0.0
0.0
0.0
0.0
0.0
0.0
0.0
0.0
0.0
0.0
0.0
0.0
0.0
0.0
0.0
0.0
0.0
0.0
0.0
0.0
0.0
0.0
0.0
0.0
0.0
0.0
0.0
0.0
0.0
0.0
0.0
0.0
0.0
0.0
0.0
0.0
0.0
0.0
0.0
0.0
0.0
0.0
0.00011771871552966732
0.00015487232793030546
3.662158431499778e-6
0.0
0.0
0.0
0.0
0.0
0.0
0.0
0.0
0.0
0.0
0.0
0.0
0.0
0.0
0.0
0.0
0.0
0.0
0.0
0.0
0.0
2.060821730006236e-5
8.91744525742426e-5
4.57389363891332e-6
0.0
0.0
0.0
0.0
0.0
0.0
0.0
0.0
0.0
0.0
0.0
0.0
0.0
0.0
0.0
0.0
0.0
0.0
0.0
0.0
0.0
4.141617194490268e-5
0.00010749702092238265
4.338642630285595e-6
0.0
0.0
0.0
0.0
0.0
0.0
0.0
0.0
0.0
0.0
0.0
0.0
0.0
0.0
0.0
0.0
0.0
0.0
0.0
0.0
0.0
8.116119201855559e-5
0.0001350852260671886
3.91232988683856e-6
0.0
0.0
0.0
0.0
0.0
0.0
0.0
0.0
0.0
0.0
0.0
0.0
0.0
0.0
0.0
0.0
0.0
0.0
0.0
0.0
0.0
0.0001293576409282436
0.00019028437702863255
3.972439259374773e-6
5.932578926421475e-7
0.0
0.0
0.0
0.0
0.0
0.0
0.0
0.0
0.0
0.0
0.0
0.0
0.0
0.0
0.0
0.0
0.0
0.0
0.0
0.0
0.00013171867212184984
9.022871693436857e-5
4.6112404296249787e-7
0.0
0.0
0.0
0.0
0.0
0.0
0.0
0.0
0.0
0.0
0.0
0.0
0.0
0.0
0.0
0.0
0.0
0.0
0.0
0.0
0.0
0.0
0.0
0.0
0.0
0.0
0.0
0.0
0.0
0.0
0.0
0.0
0.0
0.0
0.0
0.0
0.0
0.0
0.0
0.0
0.0
0.0
0.0
0.0
0.0
5.276216346300387e-5
7.970170375791109e-5
2.8135341678251467e-6
0.0
0.0
0.0
0.0
0.0
0.0
0.0
0.0
0.0
0.0
0.0
0.0
0.0
0.0
0.0
0.0
0.0
0.0
0.0
0.0
0.0
2.8504521775039377e-5
0.0001206031391939872
3.3237631222493717e-6
0.0
0.0
0.0
0.0
0.0
0.0
0.0
0.0
0.0
0.0
0.0
0.0
0.0
0.0
0.0
0.0
0.0
0.0
0.0
0.0
0.0
1.2375836919557554e-5
6.824109388713667e-5
0.0
0.0
0.0
0.0
0.0
0.0
0.0
0.0
0.0
0.0
0.0
0.0
0.0
0.0
0.0
0.0
0.0
0.0
0.0
0.0
0.0
0.0
1.2054639630695342e-5
7.771217562983699e-5
4.3563778362491115e-6
0.0
0.0
0.0
0.0
0.0
0.0
0.0
0.0
0.0
0.0
0.0
0.0
0.0
0.0
0.0
0.0
0.0
0.0
0.0
0.0
0.0
3.9951372611175995e-5
0.00011003383821709042
4.4511785249263214e-6
0.0
0.0
0.0
0.0
0.0
0.0
0.0
0.0
0.0
0.0
0.0
0.0
0.0
0.0
0.0
0.0
0.0
0.0
0.0
0.0
0.0
0.0001459141415202985
0.00022400024443033583
4.393908837529745e-5
1.983100174875223e-6
0.0
0.0
0.0
0.0
0.0
0.0
0.0
0.0
0.0
0.0
0.0
0.0
0.0
0.0
0.0
0.0
0.0
0.0
0.0
0.0
0.0
0.0
0.0
0.0
0.0
0.0
0.0
0.0
0.0
0.0
0.0
0.0
0.0
0.0
0.0
0.0
0.0
0.0
0.0
0.0
0.0
0.0
0.0
0.0
0.0
0.0
0.0
0.0
0.0
0.0
0.0
0.0
0.0
0.0
0.0
0.0
0.0
0.0
0.0
0.0
0.0
0.0
0.0
0.0
0.0
0.0
0.0
0.0
0.0003918200687242804
0.00040115313923804634
9.004085358679654e-6
0.0
0.0
0.0
0.0
0.0
0.0
0.0
0.0
0.0
0.0
0.0
0.0
0.0
0.0
0.0
0.0
0.0
0.0
0.0
0.0
0.0
0.00011411878835226309
0.00016219613817120528
3.846292294844738e-6
0.0
0.0
0.0
0.0
0.0
0.0
0.0
0.0
0.0
0.0
0.0
0.0
0.0
0.0
0.0
0.0
0.0
0.0
0.0
0.0
0.0
6.8493239582909665e-6
5.839490177972357e-5
4.680533349369944e-6
0.0
0.0
0.0
0.0
0.0
0.0
0.0
0.0
0.0
0.0
0.0
0.0
0.0
0.0
0.0
0.0
0.0
0.0
0.0
0.0
0.0
2.3441442593069607e-5
7.775268945764004e-5
4.487976168046776e-6
0.0
0.0
0.0
0.0
0.0
0.0
0.0
0.0
0.0
0.0
0.0
0.0
0.0
0.0
0.0
0.0
0.0
0.0
0.0
0.0
0.0
4.4782666846185516e-5
0.0002018824542344662
4.294533615079656e-5
1.7309495731092333e-6
0.0
0.0
0.0
0.0
0.0
0.0
0.0
0.0
0.0
0.0
0.0
0.0
0.0
0.0
0.0
0.0
0.0
0.0
0.0
0.0
0.0
0.0
0.0
0.0
0.0
0.0
0.0
0.0
0.0
0.0
0.0
0.0
0.0
0.0
0.0
0.0
0.0
0.0
0.0
0.0
0.0
0.0
0.0
0.0
0.0002764414357637346
0.00024400612793182055
3.869314704943515e-6
0.0
0.0
0.0
0.0
0.0
0.0
0.0
0.0
0.0
3.4072261802533726e-7
0.0
0.0
0.0
0.0
0.0
0.0
0.0
0.0
0.0
0.0
0.0
0.0002204606415148463
0.00025204153827121573
2.8980220251052424e-6
0.0
0.0
0.0
0.0
0.0
0.0
0.0
0.0
0.0
0.0
0.0
0.0
0.0
0.0
0.0
0.0
0.0
0.0
0.0
0.0
0.0
9.911616223058546e-5
0.00015860225676085066
3.0758741245467803e-6
0.0
0.0
0.0
0.0
0.0
0.0
0.0
0.0
0.0
0.0
0.0
0.0
0.0
0.0
0.0
0.0
0.0
0.0
0.0
0.0
0.0
0.00013836447354659783
0.00019284940936035799
3.88424859579676e-6
0.0
0.0
0.0
0.0
0.0
0.0
0.0
0.0
0.0
0.0
0.0
0.0
0.0
0.0
0.0
0.0
0.0
0.0
0.0
0.0
0.0
0.0001380462352428535
0.00017810195767074168
3.4633931033661366e-6
0.0
0.0
0.0
0.0
0.0
0.0
0.0
0.0
0.0
0.0
0.0
0.0
0.0
0.0
0.0
0.0
0.0
0.0
0.0
0.0
0.0
7.73155458584799e-5
0.00019890873678113453
3.6628909048598206e-5
0.0
0.0
0.0
0.0
0.0
0.0
0.0
0.0
0.0
0.0
0.0
0.0
0.0
0.0
0.0
0.0
0.0
0.0
0.0
0.0
0.0
0.0
0.0
0.0
0.0
0.0
0.0
0.0
0.0
0.0
0.0
0.0
0.0
0.0
0.0
0.0
0.0
0.0
0.0
0.0
0.0
0.0
0.0
0.0
0.0
1.2496047171237204e-5
6.99010305551329e-5
0.0
0.0
0.0
0.0
0.0
0.0
0.0
0.0
0.0
0.0
6.369471889588972e-7
0.0
0.0
0.0
0.0
0.0
0.0
0.0
0.0
0.0
0.0
0.0
0.0001561850330121258
0.00017671895728357475
3.798735227269095e-6
0.0
0.0
0.0
0.0
0.0
0.0
0.0
0.0
0.0
0.0
0.0
0.0
0.0
0.0
0.0
0.0
0.0
0.0
0.0
0.0
0.0
3.106982328913229e-5
8.958830792389727e-5
5.27507184527104e-6
0.0
0.0
0.0
0.0
0.0
0.0
0.0
0.0
0.0
0.0
0.0
0.0
0.0
0.0
0.0
0.0
0.0
0.0
0.0
0.0
0.0
2.1292844469451668e-5
8.81351265668414e-5
3.980934349448287e-6
0.0
0.0
0.0
0.0
0.0
0.0
0.0
0.0
0.0
0.0
0.0
0.0
0.0
0.0
0.0
0.0
0.0
0.0
0.0
0.0
0.0
2.2453105569200324e-5
3.2152919195732936e-5
3.6082171831996658e-6
0.0
0.0
0.0
0.0
0.0
0.0
0.0
0.0
0.0
0.0
0.0
0.0
0.0
0.0
0.0
0.0
0.0
0.0
0.0
0.0
0.0
2.4563536427282173e-5
0.00017636462842973296
3.699117511053338e-5
1.3624608095734323e-6
0.0
0.0
0.0
0.0
0.0
0.0
0.0
0.0
0.0
0.0
0.0
0.0
0.0
0.0
0.0
0.0
0.0
0.0
0.0
0.0
0.0
0.0
0.0
0.0
0.0
0.0
0.0
0.0
0.0
0.0
0.0
0.0
0.0
0.0
0.0
0.0
0.0
0.0
0.0
0.0
0.0
0.0
0.0
0.0
0.00011254292346548662
0.00011588471639943912
3.766615846105886e-6
0.0
0.0
0.0
0.0
0.0
0.0
0.0
0.0
0.0
1.218379218899804e-6
0.0
0.0
0.0
0.0
0.0
0.0
0.0
0.0
0.0
0.0
0.0
0.0001565468419043706
0.00023759625784437974
3.198793624267319e-6
0.0
0.0
0.0
0.0
0.0
0.0
0.0
0.0
0.0
0.0
0.0
0.0
0.0
0.0
0.0
0.0
0.0
0.0
0.0
0.0
0.0
5.4288690930056115e-5
0.0
2.798835615217691e-6
0.0
0.0
0.0
0.0
0.0
0.0
0.0
0.0
0.0
0.0
0.0
0.0
0.0
0.0
0.0
0.0
0.0
0.0
0.0
0.0
0.0
0.0
6.590363087727438e-5
1.2176188574656596e-6
0.0
0.0
0.0
0.0
0.0
0.0
0.0
0.0
0.0
0.0
0.0
0.0
0.0
0.0
0.0
0.0
0.0
0.0
0.0
0.0
0.0
0.0
2.919263261947168e-5
0.0
0.0
0.0
0.0
0.0
0.0
0.0
0.0
0.0
0.0
0.0
0.0
0.0
0.0
0.0
0.0
0.0
0.0
0.0
0.0
0.0
0.0
0.0
5.265309642214311e-5
0.0
0.0
0.0
0.0
0.0
0.0
0.0
0.0
0.0
0.0
0.0
0.0
0.0
0.0
0.0
0.0
0.0
0.0
0.0
0.0
0.0
0.0
0.0
0.0
0.0
0.0
0.0
0.0
0.0
0.0
0.0
0.0
0.0
0.0
0.0
0.0
0.0
0.0
0.0
0.0
0.0
0.0
0.0
0.0
0.0
0.0
0.0005523848745421403
0.0005930192255510103
4.072253759272761e-5
0.0
0.0
0.0
0.0
0.0
0.0
0.0
0.0
0.0
6.825203036113246e-7
0.0
0.0
0.0
0.0
0.0
0.0
0.0
0.0
0.0
0.0
0.0
0.00044127184353007155
0.0005520991260994927
3.090785494654391e-5
0.0
0.0
0.0
0.0
0.0
0.0
0.0
0.0
0.0
0.0
0.0
0.0
0.0
0.0
0.0
0.0
0.0
0.0
0.0
0.0
0.0
0.0002091562993639636
0.000300178117575434
7.456661742332233e-6
0.0
0.0
0.0
0.0
0.0
0.0
0.0
0.0
0.0
0.0
0.0
0.0
0.0
0.0
0.0
0.0
0.0
0.0
0.0
0.0
0.0
0.00022429368219932576
0.0002792022124301672
6.791445476756863e-6
0.0
0.0
0.0
0.0
0.0
0.0
0.0
0.0
0.0
6.793596288182208e-7
0.0
0.0
0.0
0.0
0.0
0.0
0.0
0.0
0.0
0.0
0.0
0.0001242137715923704
0.00016637412049647424
3.8892183632503175e-6
0.0
0.0
0.0
0.0
0.0
0.0
0.0
0.0
1.6898832099977278e-6
1.5405499438736335e-6
0.0
0.0
0.0
0.0
0.0
0.0
0.0
0.0
0.0
0.0
0.0
0.00027216742535641304
0.00046158299774577997
0.0002593458839074745
0.00014943244554061806
0.000166673018102025
0.00010492673053672733
0.00012396457610256995
0.00011090559337218076
8.27378602143452e-5
7.296074958354349e-5
7.049577193191873e-5
0.00011282509869269423
0.0
0.0
0.0
0.0
0.0
0.0
0.0
0.0
0.0
0.0
0.0
0.0
0.0
0.0
0.0
0.0
0.0
0.0
0.0
0.0
0.0
0.0
0.0
0.0
0.0
0.0
0.0
0.0
0.0
0.0
0.0
0.0
0.0
0.0
0.0
0.0
0.0
0.0
0.0
0.0
0.0
0.0
0.0
0.0
0.0
0.0
0.0
0.0
0.0
0.0
0.0
0.0
0.0
0.0
0.0
0.0
0.0
0.0
0.0
0.0
0.0012183704073921184
0.0011306532261893942
0.00017594453262257016
3.590457874178673e-5
0.0
0.0
0.0
0.0
0.0
0.0
0.0
0.0
7.091956947432373e-7
0.0
0.0
0.0
0.0
0.0
0.0
0.0
0.0
0.0
0.0
0.0
0.00046349125722210127
0.0006119611319279504
4.932653685462704e-5
0.0
0.0
0.0
0.0
0.0
0.0
0.0
0.0
7.092934138608238e-7
1.353386207771342e-6
0.0
0.0
0.0
0.0
0.0
0.0
0.0
0.0
0.0
0.0
0.0
0.0005603055310201717
0.0006064188953417861
4.405382653748367e-5
0.0
0.0
0.0
0.0
0.0
0.0
0.0
0.0
0.0
0.0
0.0
0.0
0.0
0.0
0.0
0.0
0.0
0.0
0.0
0.0
0.0
0.00013530735855040896
0.0002087967398953246
4.174288587656026e-6
0.0
0.0
0.0
0.0
0.0
0.0
0.0
0.0
0.0
0.0
0.0
0.0
0.0
0.0
0.0
0.0
0.0
0.0
0.0
0.0
0.0
1.8427378209282375e-5
0.0001423696954429597
8.945738149968517e-6
0.0
0.0
0.0
0.0
0.0
0.0
0.0
0.0
0.0
0.0
0.0
0.0
0.0
0.0
0.0
0.0
0.0
0.0
0.0
0.0
0.0
0.0
0.0
0.0
0.0
0.0
0.0
0.0
0.0
0.0
0.0
0.0
0.0
0.0
0.0
0.0
0.0
0.0
0.0
0.0
0.0
0.0
0.0
0.0
0.0
0.0010017163773406094
0.0008840588935266335
0.00012604659548767492
4.2040428050925614e-5
1.2887975290239603e-6
0.0
0.0
0.0
0.0
0.0
0.0
0.0
0.0
0.0
0.0
0.0
0.0
0.0
0.0
0.0
0.0
0.0
0.0
0.0
5.7968010466498604e-5
0.00013591442918677873
4.145576172462301e-6
0.0
0.0
0.0
0.0
0.0
0.0
0.0
0.0
0.0
0.0
0.0
0.0
0.0
0.0
0.0
0.0
0.0
0.0
0.0
0.0
0.0
0.00010055749828274809
0.00018518634392046342
3.7119685100809993e-6
0.0
0.0
0.0
0.0
0.0
0.0
0.0
0.0
7.100864509296664e-7
6.795260865781858e-7
0.0
0.0
0.0
0.0
0.0
0.0
0.0
0.0
0.0
0.0
0.0
0.0002871740985952392
0.00031826512971398324
5.63334486959305e-6
0.0
0.0
0.0
0.0
0.0
0.0
0.0
0.0
0.0
1.2030318323664396e-6
0.0
0.0
0.0
0.0
0.0
0.0
0.0
0.0
0.0
0.0
0.0
3.337007324393035e-5
8.229520744327023e-5
0.0
0.0
0.0
0.0
0.0
0.0
0.0
0.0
0.0
0.0
0.0
0.0
0.0
0.0
0.0
0.0
0.0
0.0
0.0
0.0
0.0
0.0
4.289993268331597e-6
6.660699228149678e-5
0.0
0.0
0.0
0.0
0.0
0.0
0.0
0.0
0.0
0.0
0.0
0.0
0.0
0.0
0.0
0.0
0.0
0.0
0.0
0.0
0.0
0.0
0.0
0.0
0.0
0.0
0.0
0.0
0.0
0.0
0.0
0.0
0.0
0.0
0.0
0.0
0.0
0.0
0.0
0.0
0.0
0.0
0.0
0.0
0.0
0.0
0.0007196366909897185
0.0005987121821601963
1.0512420067926946e-5
0.0
0.0
0.0
0.0
0.0
0.0
0.0
0.0
8.962100490396821e-7
6.990735673841326e-7
0.0
0.0
0.0
0.0
0.0
0.0
0.0
0.0
0.0
0.0
0.0
0.000378579230886826
0.0004911488364128407
4.166011774678232e-5
0.0
0.0
0.0
0.0
0.0
0.0
0.0
0.0
7.375633033228717e-7
6.670944855705589e-7
0.0
0.0
0.0
0.0
0.0
0.0
0.0
0.0
0.0
0.0
0.0
0.00018075589003820308
0.00025644882453975613
3.0322605733189555e-6
0.0
0.0
0.0
0.0
0.0
0.0
0.0
0.0
1.4011465907133542e-6
1.2981836272970177e-6
0.0
0.0
0.0
0.0
0.0
0.0
0.0
0.0
0.0
0.0
0.0
0.00047863016108742965
0.0005747690180517627
4.255869790754386e-5
0.0
0.0
0.0
0.0
0.0
0.0
0.0
0.0
0.0
2.6071762819089904e-7
0.0
0.0
0.0
0.0
0.0
0.0
0.0
0.0
0.0
0.0
0.0
0.00043446778210471456
0.0005132704273589409
4.731693230155133e-5
0.0
0.0
0.0
0.0
0.0
0.0
0.0
0.0
0.0
0.0
0.0
0.0
0.0
0.0
0.0
0.0
0.0
0.0
0.0
0.0
0.0
0.00019546566769532557
0.00036264648502552473
0.0001320800450176371
5.8799986487753305e-5
6.388159154273047e-6
0.0
0.0
0.0
0.0
0.0
0.0
0.0
0.0
0.0
0.0
0.0
0.0
0.0
0.0
0.0
0.0
0.0
0.0
0.0
0.0
0.0
0.0
0.0
0.0
0.0
0.0
0.0
0.0
0.0
0.0
0.0
0.0
0.0
0.0
0.0
0.0
0.0
0.0
0.0
0.0
0.0
0.0
0.0
0.0001464033661770296
0.00010830433136672517
3.846051012945408e-6
0.0
0.0
0.0
0.0
0.0
0.0
0.0
0.0
0.0
0.0
0.0
0.0
0.0
0.0
0.0
0.0
0.0
0.0
0.0
0.0
0.0
3.66037301154654e-5
0.00015362205303801418
3.882026253272256e-6
0.0
0.0
0.0
0.0
0.0
0.0
0.0
0.0
0.0
0.0
0.0
0.0
0.0
0.0
0.0
0.0
0.0
0.0
0.0
0.0
0.0
0.0001847289846349569
0.000295607371229142
4.438316354005858e-6
0.0
0.0
0.0
0.0
0.0
0.0
0.0
0.0
4.089272304666264e-6
4.533627104142072e-6
0.0
0.0
0.0
0.0
0.0
0.0
0.0
0.0
0.0
0.0
0.0
0.0006217691080713918
0.000716948829979736
7.426941109430151e-5
2.580059356228124e-6
0.0
0.0
0.0
0.0
0.0
0.0
0.0
9.029338391241976e-6
2.928129085344522e-6
0.0
0.0
0.0
0.0
0.0
0.0
0.0
0.0
0.0
0.0
0.0
0.00020139951503266666
0.00027867838998789975
0.0
0.0
0.0
0.0
0.0
0.0
0.0
0.0
0.0
1.3855897675114921e-5
1.675564704870904e-5
8.761361903027557e-6
6.596375858961737e-5
0.00011047780992564854
0.0
0.0
0.0
0.0
0.0
0.0
0.0
0.0
0.0008977460551950385
0.0009803360616223915
0.0006187928807120477
0.00042105562286077336
0.0002898378490424353
0.0001334680568852478
0.00014985172633324057
7.856843975918203e-5
3.508787633332494e-5
2.3848324010000666e-5
1.6788686195109143e-5
5.503199303881653e-5
0.0
0.0
0.0
0.0
0.0
0.0
0.0
0.0
0.0
0.0
0.0
0.0
0.0
0.0
0.0
0.0
0.0
0.0
0.0
0.0
0.0
0.0
0.0
0.0
0.0
0.0
0.0
0.0
0.0
0.0
0.0
0.0
0.0
0.0
0.0
0.0
0.0
0.001122666383906739
0.0009188137575972895
9.839107533358525e-5
3.333334970023942e-6
0.0
0.0
0.0
0.0
0.0
0.0
0.0
1.769151017407416e-5
3.110226494067135e-5
2.2195054028740534e-5
4.718337227144747e-5
9.606018284266812e-5
0.0
0.0
0.0
0.0
0.0
0.0
0.0
0.0
0.0006735264747663412
0.0005608081553380865
1.643634642362141e-5
0.0
0.0
0.0
0.0
0.0
0.0
0.0
0.0
2.4291539310838574e-5
3.2577521434600356e-5
6.87774869638431e-6
3.573232505892025e-5
6.084111554021798e-5
0.0
0.0
0.0
0.0
0.0
0.0
0.0
0.0
0.0009856233952070118
0.0006934307121524561
4.5037790496915955e-5
0.0
0.0
0.0
0.0
0.0
0.0
0.0
0.0
2.088431560630419e-6
2.950888272566208e-6
0.0
0.0
1.997275694922496e-5
0.0
0.0
0.0
0.0
0.0
0.0
0.0
0.0
0.0004811422677389458
0.0003728321100493767
1.9347256862406094e-5
0.0
0.0
0.0
0.0
0.0
0.0
0.0
0.0
3.4286145772609517e-6
3.6299046158003043e-6
0.0
4.966062241084961e-6
3.334498705300042e-5
0.0
0.0
0.0
0.0
0.0
0.0
0.0
0.0
0.0007189196375959863
0.0006302011377160258
6.435501594123191e-5
1.9227250686263518e-6
0.0
0.0
0.0
0.0
0.0
0.0
0.0
3.294662815494718e-6
3.6098526484647887e-6
0.0
2.400284014924101e-5
5.658047973048091e-5
0.0
0.0
0.0
0.0
0.0
0.0
0.0
0.0
0.0
0.0
0.0
0.0
0.0
0.0
0.0
0.0
0.0
0.0
0.0
0.0
0.0
0.0
0.0
0.0
0.0
0.0
0.0
0.0
0.0
0.0
0.0
0.0
0.0
0.0
0.0
0.0
0.0
0.0
0.0
0.0
0.0
0.0
0.0
0.0
0.0
0.0
0.0
0.0
0.0
0.0
0.0
0.0
0.0
0.0
0.0
0.0
0.0015036482727007517
0.001278475436833486
0.0002428485056262664
6.586693869751056e-5
2.0268664983803994e-6
0.0
0.0
0.0
0.0
0.0
0.0
1.3608938388560202e-6
2.9640831947849424e-6
0.0
2.1871252163693858e-5
7.547440504843878e-5
0.0
0.0
0.0
0.0
0.0
0.0
0.0
0.0
0.0010483045619104074
0.0009894390610332947
0.0001494955113746982
2.6827941045562075e-5
0.0
0.0
0.0
0.0
0.0
0.0
0.0
2.303770753576053e-6
2.9531185097801994e-6
0.0
2.6924625490948813e-6
3.861433321886119e-5
0.0
0.0
0.0
0.0
0.0
0.0
0.0
0.0
0.0006245115436916475
0.0006224642593910265
6.157338074844544e-5
2.7079563332132354e-7
0.0
0.0
0.0
0.0
0.0
0.0
0.0
2.8183569169564963e-6
6.947455014033816e-6
0.0
0.0
0.0
0.0
0.0
0.0
0.0
0.0
0.0
0.0
0.0
0.00021266589915431067
0.00023469692939465553
2.9040857959441166e-6
0.0
0.0
0.0
0.0
0.0
0.0
0.0
0.0
1.2985551665808277e-5
2.99567018344191e-5
4.601942168250369e-6
0.0
6.187008553005685e-6
0.0
0.0
0.0
0.0
0.0
0.0
0.0
0.0
0.0005999068899167977
0.000506645297654105
5.232860464709871e-6
0.0
0.0
0.0
0.0
0.0
0.0
0.0
0.0
7.982162306182838e-6
1.5124723889606682e-5
0.0
1.5795827322667463e-5
4.680973707857702e-5
0.0
0.0
0.0
0.0
0.0
0.0
0.0
0.0
0.0007041708335048505
0.0007239597363321721
0.00030942308754096674
0.0002058454989476201
0.00014143469587564445
8.773147943525506e-5
9.409442698764622e-5
7.742083803898196e-5
6.893629254530031e-5
6.60666001491591e-5
8.028693484146961e-5
0.00013318050837352413
0.0
0.0
0.0
0.0
0.0
0.0
0.0
0.0
0.0
0.0
0.0
0.0
0.0
0.0
0.0
0.0
0.0
0.0
0.0
0.0
0.0
0.0
0.0
0.0
0.0
0.0
0.0
0.0
0.0
0.0
0.0
0.0
0.0
0.0
0.0
0.0
0.00213132444352231
0.0015087935652221553
0.00040791150056409414
0.00022497851289340385
0.00012085918689280031
5.694496922286605e-5
3.484289934336135e-5
0.0
0.0
0.0
0.0
1.0646996172213537e-5
9.403703774894685e-5
0.0001439747190043804
0.0002686230115037018
0.000398487859567015
0.0
0.0
0.0
0.0
0.0
0.0
0.0
0.0
0.0020796295588654894
0.0019145321949507524
0.0006783214800769965
0.000369714542581323
0.00022166661763156566
0.00010300281116521791
7.182107123137238e-5
0.0
0.0
0.0
0.0
6.0879580900773594e-5
0.00017336794452560783
0.00022500154744282277
0.00028572382509769003
0.0003178608450787327
0.0
0.0
0.0
0.0
0.0
0.0
0.0
0.0
0.0014154918364283416
0.0013673726336348652
0.0004207712171109435
0.0002203497825987784
0.00013218402807264196
7.49773467775294e-5
0.00016584910715453354
4.24256590832494e-5
0.0
9.715523318410286e-6
5.205596890808023e-6
0.00018190719332150524
0.00038990109731351614
0.0004680002782581654
0.0005277591573597837
0.0005843155898061809
0.0
0.0
0.0
0.0
0.0
0.0
0.0
0.0
0.0
0.0
0.0
0.0
0.0
0.0
0.0
0.0
0.0
0.0
0.0
0.0
0.0
0.0
0.0
0.0
0.0
0.0
0.0
0.0
0.0
0.0
0.0
0.0
0.0017748217675987994
0.0013498378979060666
0.00034940233211393153
0.00017655136646301176
5.184490227935847e-5
0.0
0.0
0.0
0.0
0.0
0.0
2.519231488796941e-5
5.90358279679258e-5
9.831292468997916e-5
0.00018131375452889263
0.0002633640425802783
0.0
0.0
0.0
0.0
0.0
0.0
0.0
0.0
0.001659825383549829
0.0015022577782974052
0.0008826910451869174
0.0005094550841232143
0.00034410761203184124
0.0002604153014167481
0.0002830019467241767
0.00021969448140355842
0.00019915612831149248
0.0002002636873513564
0.00020389451453827734
0.00027971839405517383
0.0
0.0
0.0
0.0
0.0
0.0
0.0
0.0
0.0
0.0
0.0
0.0
0.0
0.0
0.0
0.0
0.0
0.0
0.0
0.0
0.0
0.0
0.0
0.0
0.0
0.0
0.0
0.0
0.0
0.0
0.0
0.0
0.0
9.190307009514779e-6
2.9787504344187694e-5
2.248085803477108e-5
0.002446351210581041
0.001978876322169654
0.0007060453824401637
0.000394236083326481
0.00024866015149503645
0.00012605986535521967
8.971921262402814e-5
7.599208828600779e-6
0.0
0.0
0.0
4.39282519835586e-5
0.00014964176804579772
0.0002079102122272865
0.00031763386864181863
0.0004125513756222423
0.0
0.0
0.0
0.0
0.0
0.0
0.0
0.0
0.0016878151683547065
0.0014083888358083845
0.0003461152841056721
0.00014063026337285845
5.4845981195783966e-5
2.5939919366668572e-6
0.0
0.0
0.0
0.0
0.0
8.024235461682634e-6
3.655982812283513e-5
7.299523967823036e-5
0.00012964314847802843
0.0002118333045992313
0.0
0.0
0.0
0.0
0.0
0.0
0.0
0.0
0.0014300017765000604
0.0012480619651419362
0.0002663536887772138
9.385810692355429e-5
1.727550591342091e-5
0.0
0.0
0.0
0.0
0.0
0.0
4.9512206173279016e-6
6.381544543361456e-6
3.6738671742050574e-5
8.453922825973456e-5
0.00012757800970245096
0.0
0.0
0.0
0.0
0.0
0.0
0.0
0.0
0.0011999788590956008
0.0011610521141712637
0.0002314128210229663
7.441149126774971e-5
8.85256046705564e-6
0.0
0.0
0.0
0.0
0.0
0.0
9.079737719173222e-6
4.608833005502569e-5
8.098753467084634e-5
0.00014109302403614616
0.00021115879270602495
0.0
0.0
0.0
0.0
0.0
0.0
0.0
0.0
0.0014515679188385582
0.0014822836847353514
0.00044068403877980586
0.0001853281157565559
7.605833430524054e-5
2.1138278072186323e-5
1.4031958725277515e-5
0.0
0.0
0.0
0.0
2.757850484677373e-5
8.332640547691388e-5
9.810513825981088e-5
0.00019370733846322486
0.0002684422444598111
0.0
0.0
0.0
0.0
0.0
0.0
0.0
0.0
0.0013476224316901905
0.0013621420570527672
0.0010366978896802837
0.0009592193919016417
0.0009173807810817533
0.0007854389492133937
0.0008423216952624206
0.0008801569903277558
0.0009177314790187922
0.000944259668671426
0.0009897416148258158
0.0011344734998620033
0.0
0.0
0.0
0.0
0.0
0.0
0.0
0.0
0.0
0.0
0.0
0.0
0.0
0.0
0.0
0.0
0.0
0.0
0.0
0.0
0.0
0.0
0.0
0.0
0.0
0.0
0.0
0.0
0.0
0.0
0.0
0.0
0.0
0.0
0.0
0.0
0.002287757955680404
0.0018004194676860081
0.0004952393194408348
0.00020271347911278567
9.048283070796007e-5
1.9361218006740982e-5
8.892985694346724e-6
0.0
0.0
0.0
4.3050683381704137e-7
4.165973845327535e-5
0.0001302490014297247
0.0001725463097522945
0.00026220687069652244
0.0003211879382117177
0.0
0.0
0.0
0.0
0.0
0.0
0.0
0.0
0.0014883798506205525
0.0013736893010102215
0.00044250471027227007
0.00024059948982038033
0.00012414890021515874
4.7655519218231e-5
5.353067903620212e-5
0.0
0.0
0.0
0.0
4.515955218194716e-5
0.00013315328858173653
0.0001893613544533907
0.00027163901269496634
0.00036631896712257546
0.0
0.0
0.0
0.0
0.0
0.0
0.0
0.0
0.001493176052993497
0.0013318202823293763
0.0004270598249606532
0.00022044901413932575
8.379735019720532e-5
7.535582403055245e-6
1.0205597761982833e-5
0.0
0.0
0.0
0.0
1.530727794058241e-5
0.00010558048636137023
0.00015735045161188355
0.0002079081729867487
0.0003156567038226412
0.0
0.0
0.0
0.0
0.0
0.0
0.0
0.0
0.0018141182126620668
0.0016078215469970715
0.00042445428892296286
0.0001697283534105261
8.021648264763152e-5
2.124209514625929e-5
3.054597788681761e-6
0.0
0.0
0.0
7.511120887908919e-7
1.1410875606138188e-5
0.00010617008398525574
0.00017216709047213557
0.00026135608819667546
0.0003368233726352501
0.0
0.0
0.0
0.0
0.0
0.0
0.0
0.0
0.0013680908383016182
0.0012640968403503097
0.00040836979157513205
0.00023853850540523668
0.00012206054614305223
6.553106357275823e-5
5.871924902593595e-5
0.0
0.0
0.0
0.0
4.7818115737932735e-5
0.0001542341498555927
0.00022787637198962127
0.0003204480522577656
0.0003925206565727059
0.0
0.0
0.0
0.0
0.0
0.0
0.0
0.0
0.0015114398182474007
0.00162095803247014
0.0012923097404206937
0.0011627301507171498
0.0009313731839939961
0.0007492650771081478
0.000789384505421454
0.0007045129189281647
0.0005918525222352222
0.0005331212796229068
0.0005986155609521983
0.0008460551662543309
0.0
0.0
0.0
0.0
0.0
0.0
0.0
0.0
3.5373653902078194e-6
7.797296269001618e-5
0.00010886690488769427
8.312622089148677e-5
0.0001003180292597186
0.00011045679709290469
0.00011334011640959607
0.00010276263340694882
0.00010205607019677667
5.2818855258854536e-5
3.6156935653468357e-6
0.0
0.0
0.0
0.0
0.0
0.0
0.0
0.0
0.0
0.0
0.0
0.0
0.0
3.4230808853653104e-6
3.4862202067447812e-6
3.583604074591428e-6
3.4911377606617425e-6
0.002811206512050192
0.002342951633757067
0.0012090117751056267
0.0008278766709456326
0.0006997096953046248
0.0005410181005491834
0.0004923336223580803
0.0003003208316376042
0.00021738692835661388
0.00017545051073096981
0.00014909974581552338
0.0005254977335230018
0.0007177609047113319
0.0007947138181248775
0.0009068642504458351
0.0009621350851602833
0.0
0.0
0.0
0.0
0.0
0.0
0.0
0.0
0.002101048180921234
0.0018261881566050213
0.0008931018990124833
0.0007008309415829316
0.000567525332488335
0.00038767819395655136
0.0003588601043624349
0.0001660619875546838
0.00017059972644901174
0.00013464057767587843
6.643366148356637e-5
0.0003686380568616333
0.000618805691722929
0.0007466693754346461
0.000868231017482873
0.0009462960296495551
0.0
0.0
0.0
0.0
0.0
0.0
0.0
0.0
0.0023958807533256397
0.0021886080918256676
0.0008804847261519317
0.0004331830116781091
0.00028866488313192165
0.00017907282937678942
0.00014056622019611916
1.8564307124521714e-5
0.0
0.0
0.0
7.603030294171474e-5
0.0001893793663332591
0.00024349321452441612
0.0003394225907523851
0.0004196767300119317
0.0
0.0
0.0
0.0
0.0
0.0
0.0
0.0
0.0014537617456661367
0.0013878698630411647
0.0004637612124986914
0.00023486359509986723
0.00010971008354597489
7.906314239604093e-5
9.89252024268078e-5
0.0
0.0
0.0
0.0
7.624054915069691e-5
0.00022262506199259772
0.0003002223332761913
0.00039412977958186695
0.0004455155161030308
0.0
0.0
0.0
0.0
0.0
0.0
0.0
0.0
0.001260985606605273
0.0011573523489004387
0.00021071822331221067
7.050433948264798e-5
2.195562051132906e-5
5.790650776785432e-7
3.8239958580956454e-6
0.0
0.0
0.0
1.0055565263097216e-6
2.6817691176473986e-5
0.00010952342187404658
0.0001573399561608363
0.00024655684850080276
0.0003335997257211391
0.0
0.0
0.0
0.0
0.0
0.0
0.0
0.0
0.0016927069559964979
0.0016504913573142015
0.0010039508702022718
0.0007014528744860998
0.0006024578158833529
0.00046282920810034414
0.00046918666131929746
0.00030340345676448756
0.000208176964114238
0.00021456828097560872
0.000291010016739283
0.0004636266109865254
0.0
0.0
0.0
0.0
0.0
0.0
0.0
0.0
0.0
0.0
0.0
0.0
0.0
0.0
0.0
0.0
0.0
0.0
0.0
0.0
0.0
0.0
0.0
0.0
0.0
0.0
0.0
0.0
0.0
0.0
0.0
0.0
0.0
0.0
7.384759354181022e-5
7.956151984542962e-5
0.002503802248266611
0.0022460432337496786
0.0009727242499691523
0.0006030550659611704
0.00043611022833964794
0.00029099529359611725
0.00028784757819866493
9.786930376852662e-5
3.602291628470879e-5
2.2627345335740237e-5
3.24342568752605e-5
0.00033022767912933555
0.0005530932434675839
0.0006643493208410811
0.0008390464956575765
0.0009916888874469344
0.0
0.0
0.0
0.0
0.0
0.0
0.0
0.0
0.0024561647265373358
0.0021008857629452493
0.0007971126813755936
0.00043592463066570767
0.0003039239032983033
0.00020915322962390228
0.00018060103224905392
2.3463321238898687e-5
0.0
0.0
0.0
0.00013190543979765463
0.00029114525530754895
0.0003429409332976601
0.0005092713214627913
0.0006242257539353748
0.0
0.0
0.0
0.0
0.0
0.0
0.0
0.0
0.002093694840733912
0.0018962030130142131
0.0008722054567348417
0.000662594579008765
0.00046617751113206497
0.00031587829385796326
0.0002935171504353108
0.00011713574746878288
6.092460500589118e-5
2.753752871950517e-5
2.817854225848221e-5
0.0002693947109114229
0.0004638613198880921
0.0005646551127926247
0.0007823529174682637
0.0009167738915023458
0.0
0.0
0.0
0.0
0.0
0.0
0.0
0.0
0.0021128877149896
0.0018919801421958013
0.0008648525961298516
0.0006316635333197566
0.0004504265314502508
0.0004089694688284276
0.00040286473759589014
0.00012492656444965211
1.8188607558658154e-5
1.596028432573653e-5
4.624662241797438e-5
0.00028421146379728035
0.0005305988097927999
0.0006780055282758365
0.0008120105229923663
0.000940504572406707
0.0
0.0
0.0
0.0
0.0
0.0
1.044203561810569e-5
7.745239951406543e-5
0.0026639677306991814
0.0024492520378202294
0.0010332582050410757
0.0005473739786861777
0.0003815226087499662
0.0002476101714955514
0.00020375842556346547
6.497012121699442e-5
3.602850157697797e-5
2.1480491943003858e-5
3.8075887130408566e-5
0.00026284916340173285
0.000452856590963604
0.0005361852946486295
0.0006685584207953873
0.0008060258112837153
0.0
0.0
0.0
0.0
0.0
0.0
2.2366020296419838e-5
3.926815566172465e-5
0.002462586998768481
0.0022575816286729044
0.0015363274180239914
0.0011520139898902261
0.0010033916930399988
0.000868840108389941
0.0008429855893818214
0.0007264469608200961
0.0006139817159211921
0.0005203253320336098
0.0006159618084304164
0.0008510459485718852
0.0
0.0
0.0
0.0
0.0
0.0
0.0
6.45773838088316e-5
9.522314345794207e-5
8.179744728829745e-5
9.61643540123795e-5
0.00019583180821788413
0.00028956380309725006
0.00037298361330987507
0.000191176869557871
0.00013391663816153293
5.6572353168272215e-5
4.102126323031364e-5
4.090552159460036e-6
0.0
0.0
0.0
0.0
0.0
1.9137669812313328e-5
2.1812633796446797e-5
6.494070040739851e-5
4.563853109406704e-5
0.00013177296314851455
0.0001550222839955417
0.0002791307115243825
0.0002694189894829514
0.0004024723235701283
0.0003818134112260914
0.00052226452818529
0.0006265985004336672
0.0007497007661234221
0.0006700157775139698
0.000452747981574426
0.0003350660515588873
0.00026313169251456793
0.0002004924646147632
0.00010574544168250036
2.7815531026132847e-5
1.0222218302239968e-5
0.0
0.0
5.856800772824902e-5
4.442036563324092e-5
7.205694077038195e-5
5.9339777782269114e-5
0.00022531110596048955
0.00025410513315662106
0.00034835738831420933
0.00035851518826723715
0.0004543351484574968
0.00045350155449139684
0.0005600839990993491
0.0005859852699828185
0.0006744782683911391
0.003643495917119974
0.0032111536717975733
0.0016641986710803983
0.0010273368718762192
0.0007520439492801119
0.0005726352319713462
0.0004895654862201741
0.00024187625284015766
0.00013401917888902743
0.00010029347877568048
8.726025009851431e-5
0.000321124382122619
0.00041988087130652424
0.0004515682730737184
0.0005265377355245946
0.000587291419866163
0.0
0.0
0.0
0.0
0.0
0.0
0.0
0.0
0.001934565750524936
0.0017474231697529674
0.0008091352688871504
0.0005988831382853806
0.000458554232882163
0.0003949121766708304
0.0004446931060795414
0.0002929608354809888
0.00031312995073359004
0.000248857410559382
0.00019711892656666335
0.0006238726804648895
0.0008784756177066382
0.001032303373831988
0.0011895522492862403
0.001196764360911641
0.0
0.0
0.0
0.0
0.0
0.0
1.0678585320540258e-5
1.616589682262058e-5
0.0026601962108913414
0.002453116780790399
0.0014958707796394204
0.0011488957706997356
0.00086238930187074
0.0007037469047572575
0.0006103306260192481
0.00034048848190275523
0.0002364707278251363
0.00016220679044188805
0.00014863738851092929
0.0005377371122168941
0.0007883605152038516
0.0009246571457226809
0.0011072561307742513
0.001209641438132342
0.0
0.0
0.0
0.0
0.0
0.0
3.6145719555086273e-6
2.075863676646082e-5
0.002720800167081172
0.002450607656638339
0.0010708341641528874
0.0006409612813725728
0.0004610835039678115
0.00033316790197420647
0.0003083900845494679
0.00010877804947067346
4.4859906696496995e-5
1.110796372777094e-5
4.29248057579105e-6
0.00019801087410032997
0.00040193209731199557
0.0006082956882955057
0.0009050175148758191
0.0009738316317391362
0.0
0.0
0.0
0.0
0.0
2.3355321325532963e-5
5.888365852522169e-5
8.947415682832456e-5
0.0025537452424198117
0.002506836432100728
0.002004187004108802
0.0017045314563809487
0.0014947590967767771
0.0011928121301431561
0.0011114812831376126
0.0009811341654630797
0.0008042556401895234
0.0006525856213744953
0.000648161619647644
0.0008882478696141252
0.0
0.0
0.0
0.0
0.0
0.0
0.0
0.0
0.0
0.0
1.3560649894236357e-6
4.502579002493223e-6
2.6265621992424325e-5
4.7299426238166936e-5
2.3938474987878423e-5
0.0
0.0
0.0
0.0
0.0
0.0
0.0
0.0
0.0
0.0
0.0
0.0
0.0
4.863253976882308e-5
8.9728329645972e-5
