0.0003094279163893256
0.0003036399604195768
0.00047944676741208366
0.0003906253053478913
0.0005615510129045422
0.0004393785109519344
0.0006093273945679091
0.00046803644065392493
0.0005853093133136129
0.000385241331767236
0.0004535472425053767
0.0002855615441327549
0.0003214559597487348
0.00020614331399967516
0.00024322348174737497
0.00016202979125236994
0.00021350970646720623
0.00017364642787298502
0.00024785346284603995
0.00018181201272120403
0.00024903039673655877
0.00018686121061680001
0.00025447098748832925
0.00018973493193861552
0.0002572782739772443
0.00017523856707719226
0.00021205319430201214
0.00016153203592930406
0.0002278307876751476
0.00015319405504313145
0.00021126201126613615
0.00010100060174474484
7.097919530944045e-5
5.068534840791873e-5
3.4598113706999514e-5
1.808966681721164e-5
5.904136504685896e-6
0.0
0.0
0.0
0.0
0.0
0.0
0.0
0.0
0.0
0.0
0.0
0.0
0.0
0.0
0.0
0.0
0.0
5.937096103086373e-5
3.013204674491469e-5
1.168616659842432e-5
3.9006939270845334e-7
0.0
0.0
0.0
0.0
0.0
0.0
0.0
0.0
0.0
0.0
0.0
0.0
0.0
0.0
0.0
5.487689643177173e-5
0.00012818015986132322
0.00015962881106180865
0.000285986179886273
0.0002732814263301022
0.0005738075492804312
0.0005616127650880642
0.0004266182168148005
0.0002409606756496054
0.00012320244759165305
5.1755189618244177e-5
4.2290815352300525e-5
2.849817143042527e-5
2.0362254646615652e-5
1.6974896512631934e-5
2.590454973092817e-5
0.0
0.00016486620213364208
0.000252778152433365
0.00045892887272008315
0.0003452655772234255
0.0004678899282051134
0.00041979773063288196
0.0006214399707664234
0.0005438349175966734
0.0007223563251496773
0.0005957872432985483
0.0007768690958900884
0.0005913247390811583
0.0009543479113150083
0.0007637434658834517
0.0005158091550202792
0.00020452239560499202
5.15547908251985e-5
2.946071997686682e-5
1.8768177904744763e-5
3.214940444738714e-6
0.0
0.0
0.0
0.0
0.0
0.0
0.0
0.0
0.0
0.0
0.0
0.0
0.0
0.0
4.6078964807202414e-5
9.429409830050451e-5
0.00022820466536943799
0.00011004973413356097
6.680570596020606e-5
3.610589436579396e-5
1.209466696600013e-5
1.533768801249951e-6
0.0
0.0
0.0
0.0
0.0
0.0
0.0
0.0
0.0
0.0
0.0
0.0
0.0
0.0
0.0
0.0
0.0
0.0
0.0
0.0003630980213377104
0.0004414933826893708
0.0004895120210346222
0.000523742555816651
0.0005241289632598494
0.0005475492253142753
0.0005530972420789428
0.000534819173881004
0.0005370507477121168
0.0004197693784340719
0.0004032112398748851
0.000555436983945688
0.00046175385921938013
0.0005985364717858359
0.00047727042767428245
0.0005981419102575883
0.0004802941081863185
0.0006115824148039352
0.0005027833073559484
0.0006719035933414804
0.0005655222765633172
0.0007158120998471782
0.0005955357668945624
0.000787123534840573
0.0006463171621995781
0.0007813519762589003
0.0005857745603737067
0.0006347205789724015
0.0004096438301868948
0.00044783944351172697
0.0002959941894220843
0.0003116568670525726
0.0002267642056692451
0.0003026415469231505
0.00030264320064209664
0.000517442523903256
0.00048530691506449615
0.0006810125467428931
0.0006198676417171767
0.0008194237319294284
0.0007221907620736857
0.0010072987897172528
0.0008999127195892612
0.0011430910902974515
0.0010444323992328168
0.0012925155201068772
0.0011616514250590894
0.0017184653626314244
0.001501279533342831
0.0010685179302740845
0.000607807220994297
0.000367006284557863
0.00018978550363582614
7.730932715801874e-5
4.43576091744096e-5
3.639061438405368e-5
3.1151441362345746e-5
3.3509625461355275e-5
4.101525847523397e-5
0.0002487752070325405
0.00036514000517362045
0.0004548587308476168
0.000490620238760667
0.0004973201171726121
0.0004926704011767408
0.0005808006943547876
0.0005985845471321633
0.0006898542122435175
0.0006978432822699902
0.0008011459815705355
0.0008688161496929595
0.0011138448243903855
0.0008737207755909322
0.0007510929375405129
0.0006440663591061822
0.0005364000097051185
0.0004439342672734365
0.0003940899485033873
0.0003306779122994496
0.0002948964394740939
0.00030100304860389054
0.00035302912670559923
0.00041051793177408974
0.00048084394882543527
0.0007956081922131651
0.0008750769687119225
0.0013613853213241692
0.0013444435492441348
0.0017664961509517363
0.0016566719980426478
0.002014318665315982
0.0018419218817549935
0.002107176708755228
0.0018727206083854273
0.0021348620848314942
0.0024826221321911797
0.0024826221321911797
0.0024700046051401143
0.0023930204931642417
0.002229481410641361
0.0018769012170504861
0.0016012653547721792
0.0013253885870262282
0.0011119380115661506
0.0009316935726556341
0.0009273118738378606
0.0009380567784649252
0.0009654622755541355
0.0012182456066131598
0.0010516864622833212
0.0012779054025228748
0.0011125520698320158
0.0013384585446164076
0.0011124488581736873
0.001315352481793293
0.0011394824752148918
0.0013704004699877904
0.0011636008203495974
0.001330046929086183
0.0015132067934457453
0.0013969549751366823
0.001275376311629126
0.001148890842755853
0.001066518278775474
0.0010500051417244726
0.0010939980950376543
0.0009603259459873652
0.0007950401626571139
0.000660976123440083
0.0006151571997436757
0.0005029320193863785
0.0005005364905934949
0.0006835336251453031
0.0005509621748166601
0.0007042982957682301
0.0006176475393663688
0.0008420721670670736
0.000758014719584004
0.0009635975405569867
0.0008422425618541768
0.001046595188990236
0.0009491793750539796
0.0012443512087185655
0.0015382074161588949
0.0014407115537818029
0.001362031155927038
0.0013156722376317855
0.0013461713866227607
0.0013000446368060384
0.0012807238524112652
0.0014225271562955414
0.001529633725218852
0.0015697105876292105
0.0015625081666526739
0.0014039338152633486
0.0013826593847795477
0.0016725604324060997
0.0014926930700925026
0.0017406380098438728
0.0015277250840235136
0.0017958314707392747
0.0016805239522358784
0.00195759323913785
0.001799400567435487
0.002047076358254813
0.00186176611778388
0.00207878399343263
0.0018807947666727466
0.002473356717739839
0.0023352467463867484
0.0019053222987113505
0.0015288906760786015
0.0011934450892694655
0.0009074947196473363
0.0006678310963533763
0.0005663732085603068
0.0004935834203229635
0.00036806519322023077
0.0003760940913070585
0.0005983409507865805
0.0004985412661387394
0.0006982577384115564
0.0005855918365781454
0.0008956176994224479
0.0007682788056266356
0.0010303197395852592
0.0009048032526313884
0.001273515635850821
0.0011521121757403958
0.0014481150402167928
0.0013005185684795138
0.0014974489335757854
0.0011548295054151076
0.0010238020321360483
0.0005002957800910294
0.0004269989151040072
0.00016475955944662433
7.249947419212976e-5
0.0
0.0
0.0
0.0
3.3214820426097762e-6
0.0001079395889176471
0.0001732794051464301
0.00021538034916817678
0.00026280170919754857
0.00032246600802622913
0.0004360029505532654
0.00047834552282776543
0.0005654302424439202
0.0005627396835395323
0.0006414515490530292
0.0006400256147565563
0.0007305690144614438
0.000709608531885097
0.0007697913972653105
0.0005966570867187747
0.00043402779197848233
0.0002343288623897024
0.00010332628974868047
5.387376348355103e-5
4.949990282359449e-5
5.9880751859138156e-5
9.004377466774428e-5
0.00022813814639681523
0.0004050551598000245
0.000537722582385367
0.0006551372329666236
0.000675321182178712
0.0007508959643593505
0.0007594735482302652
0.0009917422520065796
0.0010832073885295183
0.0012786917251704322
0.0012952143810627374
0.0014703228781462218
0.0014249162611948746
0.0016773808046694424
0.002112026605995665
0.002037580534392795
0.0017596918538498475
0.0014319225888228962
0.0011819430739124267
0.0009539452705810857
0.0007375625199923623
0.0006337224564301394
0.0005854697909648687
0.0005782660448623846
0.0006021766728206072
0.0005217970572408128
0.0005053876530165506
0.0007071279644190375
0.0005585547553701456
0.0006978408819479217
0.0005481508681417666
0.0006970288143376383
0.0005406090902564976
0.0006659906228709249
0.0004953322402564545
0.0006158683327455376
0.0004726663707708883
0.0005806412437060133
0.00067703696357979
0.0005629009713218903
0.0004714977725877306
0.0003336389526302782
0.00012162766287731084
4.993339708589202e-5
3.372938101076745e-5
2.0962779023198265e-5
1.6940527194505865e-5
1.2574531083362788e-5
1.115157666336633e-5
0.0
0.0
0.0
0.0
0.0
0.0
0.0
0.0
0.0
0.0
0.0
0.0
0.0
0.00010205444368230542
6.780009522796432e-5
4.4400301251341217e-5
2.1593139225852152e-5
7.573215821270754e-6
5.893486160361374e-7
0.0
0.0
0.0
0.0
0.0
0.0
0.0
0.0
0.0
0.0
0.0
0.0
0.0
0.0
0.0
0.0
0.0
0.0
7.181011531570935e-5
4.2259569304652536e-5
2.198066641441644e-5
4.679890089515804e-6
0.0
0.0
0.0
0.0
0.0
0.0
0.0
0.0
0.0
0.0
0.0
0.0
0.0
0.0
0.0
0.0
0.0
0.0
0.0
0.0
0.0
7.310290737351037e-5
5.173187327641407e-5
3.3015906335708505e-5
2.027995568228915e-5
1.3522170218365741e-5
9.644253113279564e-6
1.4140398424974892e-6
0.0
1.635731131870881e-6
0.0
0.0
0.0
0.0
0.0
0.0
0.0
0.0
0.0
0.0
0.0
0.0
0.0
0.0
0.0
0.0
0.0
0.0
0.0
0.0
0.0
0.0
0.0
0.0
0.0
0.0
0.0
0.0
0.0
0.0
0.0
0.0
0.0
0.0
0.0
0.0
0.0
0.0
0.00013419406635424574
9.950736447266907e-5
8.178799659759528e-5
7.307560340628077e-5
7.04933929450389e-5
7.781354538758582e-5
6.999460364933715e-5
5.036434134703139e-5
3.9870445028289965e-5
3.2463498070899984e-5
3.527202273806359e-5
3.708544447330527e-5
0.000216038805326846
0.0003393326061932027
0.00045018850288188394
0.0004695359710196232
0.0005546244128911013
0.0005376118778109319
0.0006078380726905172
0.0006096741671236061
0.0007259394005903483
0.0006939808623535413
0.0008030522592860507
0.0007343256101065036
0.0010736575405930128
0.0009347273122955227
0.0006969166071970367
0.0004212849184481078
0.00022529813264267297
7.296947694882131e-5
4.353752495043894e-5
2.614547071214524e-5
1.5914970410834832e-5
1.538639284343888e-5
2.574217364855863e-5
0.0
7.32051363993698e-5
0.00015648327765131086
0.00021214138308673543
0.00025523762462720354
0.00034535701868054124
0.0003611896003992547
0.00040417468530098055
0.000403874392324521
0.00044254541479643887
0.0004162790008706553
0.00045035583418650307
0.00040389683841268747
0.0005347781985332153
0.00040296570144510635
0.0002637169520222097
9.726990468461656e-5
3.546365357459437e-5
1.3177450187967103e-5
1.8331597200274158e-6
0.0
0.0
0.0
0.0
0.0
0.0
0.0
0.0
0.0
3.1902952270180584e-5
0.0001135473825240463
0.00017597569047087815
0.00023376036662988757
0.00029273555037823807
0.0003742208284254311
0.00043269029818888445
0.0005111248451518008
0.0008310142007379149
0.0008304827885899009
0.0006346090843807387
0.0004069324271349958
0.0002254930219467818
9.51849249128674e-5
5.227113666622104e-5
3.7612671720632423e-5
2.7468547374394812e-5
2.2309733363693333e-5
2.6388442352650825e-5
0.0
0.00010715175179491626
0.00018515856042922087
0.0002704959536367652
0.0003590872484533627
0.0003862163378916142
0.00048164636914442446
0.0005570021984586452
0.0006279106252914007
0.0006382169444959905
0.0007291751165883118
0.0007246736430336031
0.0007702768510024978
0.0009706750330643381
0.0007971365766287988
0.0005803001050266391
0.0003168948583144541
0.00010789640050596966
5.531619750988309e-5
4.508970093303764e-5
2.948588842815533e-5
2.018715783310432e-5
1.4768048093854721e-5
1.7763494017484997e-5
0.0
0.0
0.0
0.0
0.0
0.0
5.585120633728728e-5
7.536900447952222e-5
0.00013758677068436922
0.00015330620419204752
0.0001455624461848202
0.00015063452960695293
0.00016435646449760398
0.0001787074656912538
0.00023877701167343714
0.00014295666763968178
8.877097765323104e-5
6.388342223758009e-5
3.9884402424161e-5
3.812506783334769e-5
3.572652293511593e-5
3.4088761142126434e-5
2.7899138686824142e-5
0.0
0.0
0.0
0.0
0.0
0.0
0.0
0.0
0.0
0.0
0.0
0.0
0.0
0.0
0.0
0.0
0.0
0.0
0.0
0.0
0.0
0.0
0.0
0.0
0.0
0.0
0.0
0.0
0.0
0.0
0.0
0.0
0.0
0.0
0.0
0.0
0.0
0.0
8.79168884152218e-5
5.4719619256408504e-5
3.6244979637013654e-5
1.8420372545406298e-5
1.2080787267437245e-5
1.0968242385826009e-5
1.1928580975076228e-5
4.64219570498101e-6
4.084117773101876e-6
1.915560186731212e-5
3.6804238408658756e-5
0.0
4.654793858985462e-5
9.467165942273652e-5
0.0001306764772876779
0.00016430166986257738
0.00020963734531808986
0.00027641219828761855
0.0003114349170197121
0.00033425678852074464
0.0003423936098912075
0.00039924469720133853
0.00039989250973491216
0.00042920308905856425
0.0006217718182298257
0.0006093086233443514
0.0005780787293281744
0.0005008402754182204
0.00041667143092565136
0.0003144572491055699
0.00020299699959332103
7.942510346219369e-5
4.478889907555414e-5
4.1407097680189e-5
4.745304694925032e-5
7.360119491766048e-5
0.00030042112275035127
0.0003800942717471595
0.000577020663058767
0.0004923112986168494
0.0006759887887562319
0.0005699432671378425
0.0007527571300399446
0.0006210577462125246
0.0008066444590572796
0.0006733225493183976
0.0009814912021443687
0.0009461265953417164
0.0015629089399826273
0.0014846848450856796
0.0013937856608135983
0.0011614899200070579
0.0009005065124295875
0.0007119693347707324
0.0006010027697524198
0.00048606997412433566
0.0004036288765975312
0.0003435168144452015
0.0003525047894635676
0.00036967426494114857
0.0003976670322000877
0.0005765166390376195
0.0004639848507438698
0.0006425504038700843
0.0004999379863270092
0.0006829765124444045
0.000538917013753492
0.0007300178409296359
0.0005866596270096941
0.0008368042368009192
0.0007882582307895993
0.0010747356815048726
0.0013320298490275952
0.0013009793381114929
0.0012353857297743311
0.001189927617321408
0.001160397321202403
0.0010848276049300679
0.001069488285513074
0.0009363634638633302
0.0008660156593038464
0.0008578750224708005
0.0008375754338148788
0.0007141142980592519
0.0006922079832389811
0.0008583838568943016
0.0006827871060629864
0.0008916360809021218
0.000754968592585507
0.000938974553447149
0.0007738852304938348
0.0009536598399655303
0.0007847801925902986
0.0008944406936397639
0.0006797889285497411
0.0008420161929424994
0.000982844240573424
0.0009085884830652373
0.0008107639105908649
0.0006928222400546764
0.0006193556388605793
0.0005520995459109901
0.00048781264478836404
0.0003832272962594686
0.0002587841537554135
0.00017694617939743138
0.0001462510962164409
0.00019082123275062488
0.00026970845104162176
0.00047715058562556955
0.0004336900316334292
0.0006529132564047877
0.0005255416699953734
0.0007357979964998905
0.0006102293118511634
0.0009009212491696598
0.00077068503679306
0.0010325473679106206
0.0009125840134165387
0.001247636502429876
0.0010426344586289679
0.0014463179236843548
0.0011166165678707955
0.0008038887092934254
0.000558510124873328
0.0003090001096137966
0.00014812476527884409
7.739572674390682e-5
7.026528669247599e-5
7.157585226591692e-5
4.2632571965744794e-5
9.959251176076708e-5
0.00020087863720250225
0.0001855428923396365
0.0002886865238918672
0.0002608969848307544
0.00038741978983456875
0.00030425116032464794
0.0004017921964723155
0.00030928784934197
0.000415108901714509
0.00029685052030161584
0.00038357380912712317
0.0002950400234622717
0.0004028721458405518
0.00030291784524225703
0.00035619007923302925
0.0001804213128545383
7.072932709933429e-5
0.0
0.0
0.0
5.6077108328270845e-5
0.00010079833598585428
0.00011535055819189133
9.457392979093597e-5
0.00018746599069092485
0.00022617522940483772
0.00035867377231552176
0.00031737884851834006
0.0005000231494672301
0.0004667370580760509
0.0006540134114543811
0.0005389172236547168
0.0007347845047669173
0.0006171943126364616
0.0008207390632165751
0.0006852363227697624
0.0011145012257475029
0.0008858121071567718
0.0006412556098445029
0.0003773624152746969
0.0001945685982980106
7.249753879928224e-5
5.020258284026683e-5
2.9988411137763945e-5
1.5823418253725064e-5
9.607067338928444e-6
1.370081385275604e-5
0.0
0.0
0.00014464715749654234
0.00012577285730249051
0.00020574132666795184
0.00018381391026249148
0.00031422386562953336
0.0002735461386592224
0.00040028359833388453
0.0003184585800194608
0.0004166728548286457
0.00028630429714101213
0.000373764772011937
0.0004682843049246926
0.0003905166061864847
0.000301311727671971
0.00020821122760697954
0.00012331187746422983
6.947010804539487e-5
6.73957988632819e-5
6.144788917883515e-5
6.207047865493832e-5
6.529757743095702e-5
0.0001000676848785061
0.00014485896103564217
0.00021873754002333572
0.0002563917603371791
0.0003029063580293176
0.00031398657647719973
0.0003247928218495224
0.0002877246790123962
0.0002892285023958355
0.00026784158317719057
0.00025663793046210444
0.0002260020107094185
0.00020130187016263683
0.00017266208604313436
0.00025782644835113693
0.000184018458786816
9.767060474828885e-5
6.684011404832304e-5
5.5107426585440216e-5
4.031866927829997e-5
3.344304686403929e-5
2.4692137275961533e-5
4.152169006741075e-5
0.00014298654873192795
0.00034953437845700557
0.00037145344646942355
0.0003909969211274671
0.000554126009005115
0.00046305905729588905
0.0006198234851908661
0.0005025301240606948
0.0006578654653570315
0.000541935147416563
0.0006851208302966157
0.0005599000192888523
0.000708748262868263
0.000570569692051
0.0007175419155548036
0.0008927145490129494
0.0008169827173021942
0.00076626706071079
0.0007156282506703834
0.0007084350065992846
0.0006811616524874796
0.0006312223528158507
0.000609687115679227
0.0006182140390730771
0.0006837100166550587
0.0007408029794791958
0.0006214929740119948
0.000658277001003855
0.0009429997173108081
0.0008279708223700651
0.0010232568079298421
0.0008280907381032687
0.001026571427470975
0.0008929809457296955
0.0011569308733743288
0.0010064115714941394
0.0012555652778317098
0.0010966913940093567
0.0013092670890172584
0.0015373474118087853
0.0014228531362828708
0.0012668653921083426
0.001138073848409528
0.0010673697628087015
0.000998152348833372
0.0009255400637458561
0.0007284212690855353
0.0006032532151773153
0.0005324442783386704
0.0004980970960293177
0.00044445734172261683
0.00047062739346134255
0.0006758114943127454
0.0005792065885513553
0.0008435291806850984
0.0007817722331622033
0.0010467347776858442
0.0009618021225516314
0.001232497391341477
0.0011027311856447698
0.0013189308748833063
0.0011463943729818353
0.0013432810172860274
0.0011562458766595824
0.0015659888178633295
0.0011789636242086335
0.0007835090463075224
0.0005952147476657767
0.000471020107898643
0.0003551716498425958
0.0002695121957863747
0.00024213739187215602
0.00024329513991449718
0.00019924493833249572
0.00021894088213340163
0.0003764346879075585
0.00032353455123446557
0.0004669424878469684
0.00036786737426060457
0.0005389196448872489
0.00043703425083188363
0.000608328892650094
0.0004651798488851309
0.0006301006866745324
0.0004771921369072686
0.000642908652685621
0.000485413235013445
0.0006522143241605406
0.0004880069613449188
0.0006216200903131096
0.000420692203990259
0.0004893051406749759
0.0003152856846301331
0.0003595242327317713
0.00023100682779904634
0.0003107210075065849
0.0002314229786838966
0.0003213506652090891
0.00026890535999462065
0.00042576601724542514
0.0003675036666191971
0.0004985464937546276
0.00036784541548581253
0.0005221634730859713
0.00041281256837692097
0.0005829527307569644
0.00045842787394514354
0.0006205897252300801
0.00046079141749553527
0.0006187430315817374
0.00045780938983030697
0.000775608326175916
0.0006371111926114666
0.0005305721452195167
0.0004118753950563804
0.0003113104244839051
0.00020103473341462818
0.0001440763970936953
8.585877014529346e-5
6.161310223358169e-5
5.4229827414537824e-5
5.5659225240534635e-5
2.9675285768287228e-5
0.00010784356018278139
0.0001744274176951504
0.000237053806261209
0.0002727994961055971
0.0003433201931572687
0.00035243997997112705
0.0003885049247986188
0.00034645096571222687
0.00038025832309620996
0.0003522573657065654
0.0003648754420058069
0.0003193717367764485
0.00045140243056878375
0.0003569290510320343
0.00028904722142225945
0.00021743981733797317
0.0001237567914882858
6.648312796589356e-5
5.78352666557225e-5
3.833681252442866e-5
2.9122155614532684e-5
3.2803319669876545e-5
4.063830550894099e-5
0.0
0.0
0.0
3.1793499416008615e-5
3.390456957142696e-5
5.534730060961929e-5
8.632212827359814e-5
9.31305055446237e-5
8.184508608629526e-5
0.00012528007088309184
0.0001449775876885545
9.748074624281932e-5
0.0001526779520230112
0.00021651025741763847
0.00014480514807717782
8.03822141529721e-5
5.6729980716070784e-5
4.0351022266144265e-5
2.857086466549332e-5
2.090679452305132e-5
3.462341698099112e-6
0.0
0.0
0.0
0.0
0.0
0.0
0.0
0.0
0.0
0.0
4.8005693812405354e-5
0.00022382246450139193
0.0003427453559508738
0.00046653745216795363
0.0004901429152108564
0.0005771980526946495
0.000805575761908202
0.0007652742265243339
0.0007324079300147869
0.0007428230965463535
0.000771811780791518
0.0007431167776342376
0.0006544675010894177
0.0006223125150219518
0.0006148694383084495
0.0006163745370310183
0.0006722059600384826
0.0006155994026763452
0.0006020574015279756
0.0009095845671360239
0.0008087563457762571
0.0010888453541424985
0.0009971733872458787
0.0013086799269844986
0.001166574921355961
0.0014527852227769476
0.0012949482882447282
0.001572101880360473
0.0014014581531928913
0.0016477090988521743
0.0019159141849473768
0.001798359072210577
0.001555634778391998
0.0012570127694220747
0.0010114586486306071
0.000800086019219952
0.0006512288126192735
0.0005228859349786915
0.000427574888843883
0.0003677834759047078
0.00036175362430707834
0.0003565986802456534
0.00037643348645206696
0.0005734061255354874
0.000480536550075166
0.0006671422180591525
0.0005192028139230212
0.0006942324893128649
0.0005385158694121709
0.0007243533333665474
0.0005582119028293491
0.0007366654630974266
0.0005660713940986897
0.0007329951669269212
0.000562398024090042
0.0009360635074457601
0.0007607822742006963
0.0006578296252207969
0.0005728661303392004
0.0004953073410721924
0.00045364193782976845
0.00040737345967914825
0.00037046140309678446
0.00035384530033433513
0.00026589568789998674
0.000250781254942378
0.0003623202624211406
0.0002805788949225547
0.00036479542423365093
0.000271654647628648
0.00034536451478300395
0.0002284577160326085
0.0002757005865357149
0.00020359420163579547
0.0002686136205926378
0.00019252522256207283
0.0002546151938117319
0.00020982907833708587
0.00027166915411337716
0.00017025552353547887
9.83902054523238e-5
0.0
0.0
0.0
0.0
0.0
0.0
0.0
0.0
0.0
0.0
0.0
0.0
0.0
0.0
0.0
7.69691251877528e-5
8.48227322725643e-5
6.111048564594908e-5
5.49835171528454e-5
4.445634872185555e-5
4.5918820727627214e-5
2.7899910203270324e-5
6.154467819824091e-6
0.0
0.0
0.0
0.0
0.0
0.0
0.0
0.0
0.0
0.0
0.0
0.0
0.0
0.0
0.0
0.0
0.0
0.0
0.0
0.0
0.0
0.0
0.00010971698291992392
7.616460934159472e-5
5.552063236094479e-5
2.929591200758611e-5
6.285195672647028e-6
0.0
0.0
0.0
0.0
0.0
0.0
0.0
0.0
0.0
0.0
0.0
0.0
0.0
0.0
0.0
7.435981418821958e-5
0.00020603650275440643
0.0002082266404109433
0.0003096482843962579
0.00042799237700266425
0.0003253034503907962
0.00018902000858664163
7.139308208895613e-5
4.1166560734571126e-5
1.2028383001098544e-5
5.596051492917546e-8
0.0
0.0
0.0
0.0
0.0
0.0
0.0
0.0
0.0
0.0
0.0
0.0
0.0
0.0
0.0
0.0
0.0
0.00014683328781209983
9.399477397637563e-5
6.792746104069603e-5
3.90586928672854e-5
1.1466814081269604e-5
0.0
0.0
0.0
0.0
0.0
0.0
0.0
0.0
0.0
0.0
0.0
0.0
0.0
3.9083482879013066e-5
0.00016605073420951526
0.00017407335380021556
0.0001984934261102889
0.00022370427039635426
0.0002768977611575109
0.000425163371113978
0.0003439816759561767
0.0002097299705065899
6.828617749385657e-5
2.902146539964345e-5
2.977142648366395e-6
0.0
0.0
0.0
0.0
0.0
0.0
0.0
0.0
0.0
0.0
0.0
4.503321312799035e-5
0.00013127719999502863
0.0002714229278289212
0.0002825480657363126
0.0004367300553654834
0.00039428382414788204
0.0005580982337486242
0.0004783729920075718
0.0008054951305633012
0.0006099102153892883
0.00032642539235108617
0.00012540538448318632
7.505703894375723e-5
6.581834551575167e-5
5.181280619002877e-5
3.805126190272718e-5
3.2863801712012756e-5
0.0
0.0
0.0
2.683223463986821e-5
9.266464817780046e-5
0.0001373645834073637
0.00025582133942068653
0.00027657663877043835
0.0004491312140834261
0.00043258902722072084
0.0006169173370174832
0.0005300578509744085
0.0007087685123620202
0.0005956450660866993
0.0007961860369416607
0.0006371456922874139
0.0006942884373491462
0.00045499730209981295
0.00047187420414663623
0.00028641806300731115
0.00023729640248919227
0.0001113276094632526
6.216579836577178e-6
5.941398580322785e-6
9.239091352135494e-6
0.00010246028114815168
0.00021814838831018176
0.00035199772864567044
0.00043255012240711843
0.0003924278992268961
0.0004898855502211868
0.0004832767315010371
0.0005768304696473303
0.0005755902812062701
0.000697204877055248
0.0006599437696723962
0.0007459812432878693
0.0006772644662368864
0.000975153218934509
0.0007827376740439635
0.0005021689776523516
0.00022562701022280898
6.478496687645933e-5
3.6983407485160145e-5
2.4709330217559606e-5
8.574500398027349e-6
3.5581067420620643e-7
0.0
0.0
0.0
0.0
0.0
0.0
0.0
9.362014834467605e-5
0.0001784072869257547
0.00029097105078343887
0.0003604115951375095
0.0003625643486690125
0.0004163426122931078
0.00046794420440004694
0.0005223366734598415
0.0006908160481613613
0.0005407569447587748
0.00033537269333148604
0.00012123207018440394
4.600149984418111e-5
1.857109432828375e-5
6.392367924124417e-6
0.0
0.0
0.0
0.0
0.0
0.0
0.0
0.0
0.0
0.0
0.0
0.0
0.0
0.0
0.0
0.0
0.0
0.00011500097317884642
7.640647471900472e-5
5.128315488227822e-5
3.059125464407236e-5
1.5063948136404e-5
1.072639323294424e-6
0.0
0.0
0.0
0.0
0.0
0.0
0.0
0.0
0.0
0.0
0.0
0.0
0.0
0.0
0.0
0.0
0.0
0.0
9.831141034484381e-5
6.182969703698215e-5
3.997441878339878e-5
2.8376379192222524e-5
2.5455301007607172e-5
2.296355088453112e-5
2.5017720103886552e-5
1.811225219296307e-5
1.6109014010164256e-5
1.586143699539607e-5
1.9313113285671008e-5
0.0
0.0
0.0
0.0
0.0
0.0
0.0
0.0
0.0
0.0
0.0
0.0
4.402367257646584e-5
0.00025002301664055015
0.0002663792829956851
0.00025223675384625254
0.00020736462726230175
0.00013261899116369272
6.663595276586879e-5
6.121323225556826e-5
5.216498581322076e-5
4.688027133532916e-5
4.471570896804262e-5
4.4721747611195716e-5
0.0
3.245684760749807e-5
0.00010772377885407168
0.00019718465600882226
0.00030986589959045024
0.0003610258587242121
0.0004154665831594679
0.00043358607177879994
0.0004916076222862902
0.0005039303203645962
0.0005505038323916315
0.0005339807302102899
0.0005691643021853939
0.0005456863049470683
0.0007514644824236598
0.0006522943130563421
0.0005031720950073409
0.0003553592511531411
0.00024189755263900536
0.00013276305296592013
8.905702785577889e-5
8.200487233805225e-5
7.554118197325961e-5
0.0
0.0
0.00011694686909332152
0.0001963620036015475
0.00023804820614351687
0.00026556140904754143
0.00028316694914142936
0.0003449005211558398
0.0003678538595292896
0.00041277369602432386
0.000417355267607539
0.0004598007536160488
0.0004585483486847393
0.0005006703868634824
0.0004931795930695948
0.00047585074879276823
0.00032769680588950133
0.0001802217369778497
4.124715302669191e-6
0.0
0.0
0.0
0.0
0.0
0.0
0.0
0.0
0.0
0.0
5.5623547867365294e-6
0.00015293807558077683
0.00015037334881615004
0.00022155830002008054
0.00021580803227324994
0.0003399035259736115
0.00028476113559950674
0.000370604321136485
0.00032826749864202007
0.0006174418475176414
0.00046405762353827297
0.0002514564123878604
7.313699373920953e-5
3.759954090542827e-5
1.610419977024286e-5
3.6213233749627845e-6
0.0
0.0
0.0
0.0
0.0
0.0
0.0
0.0
0.0
0.0
0.00014108985053789026
0.00015809599653545208
0.00022225197477634877
0.00015349695774501598
0.00020728871431371478
0.0002257586889879236
0.00037736352333011793
0.00047504197089626995
0.0003631288575004433
0.00023668431916682285
9.976121672352382e-5
5.165143510436702e-5
2.6718401402047052e-5
1.14438528230083e-5
4.802629151516743e-7
0.0
0.0
2.482061160215298e-6
0.0
0.0
0.0
0.0
0.0
0.0
0.0
0.0
0.0
0.0
0.0
0.0
0.0
8.204843293606621e-5
4.7840745583701016e-5
2.4713859165073655e-5
5.0616781803045975e-6
0.0
0.0
0.0
0.0
0.0
0.0
0.0
0.0
0.0
0.0
0.0
0.0
0.0
0.0
0.0
0.0
6.0351266543806915e-5
0.00013132229396729225
0.00014990328808768766
0.00016377145723832617
0.00028368872355721847
0.0002323920958242966
0.00011549502764858438
5.4010921188410986e-5
3.507394610178226e-5
1.8989849985766336e-5
1.2101411020653966e-5
7.092639877873729e-7
0.0
0.0
0.0
0.0
0.0
0.0
9.384510649707904e-5
0.0001719254235359799
0.0002360560149008602
0.00030141255752892736
0.0003910829274572373
0.00041930669121301156
0.0004895805547801951
0.0004980853694413574
0.0005596887738201526
0.0005615971796234156
0.0008230403758334031
0.000612125635787733
0.00024844883392849626
5.6025974956094474e-5
2.406742425266831e-5
2.188296866609414e-6
0.0
0.0
0.0
0.0
0.0
0.0
0.0
0.0
0.0
0.0
0.0
0.0
0.0
0.0
0.0
0.0
0.0
0.0
0.0
0.0001260764937027543
7.728102402909642e-5
4.666616183013821e-5
2.566676834628253e-5
1.3222201039438574e-5
1.3571534605155012e-5
1.016886140868861e-5
9.241716451729893e-6
1.3073159963945518e-5
0.0
0.0
0.0
0.0
0.0
0.0
0.0
0.0
0.0
0.0
0.0
0.0
0.0
0.0
0.0
0.0
0.0
0.0
0.0
0.0
0.0
0.0
0.0
0.0
0.0
0.0
0.0
0.0
0.0
0.0
0.0
5.8774574536297284e-5
0.00011815001709770961
0.000181861343113554
0.00022972205824969196
0.0002965129676671673
0.0003289961990221808
0.0005268909616676549
0.00048520466688066916
0.0004143368955651835
0.00026219313007057603
0.00010769522268862564
5.259987129844527e-5
3.9316851458833637e-5
1.9605159555676678e-5
4.8725114626709575e-6
0.0
0.0
0.0
0.0
0.0
0.0
0.0
0.00015987247659115383
0.000203083155880987
0.00035428260484155703
0.00034602186567431393
0.0005168036785730428
0.0004459403119969177
0.0006213686565266399
0.000546976245753633
0.0009750804580889421
0.0008768568603993691
0.0007531203987607647
0.000590672291793125
0.0004408616279977747
0.0002978052032477463
0.0002059893207827408
0.00011192929118420604
5.581937332297e-5
4.287116383995774e-5
3.998751289576072e-5
0.0
4.991116283067867e-5
0.00013273653891634465
0.0003259106111908981
0.0003550650329650645
0.0005513360083002561
0.0004578588799188543
0.0006346689456609136
0.0005846963722639433
0.0008071893174299473
0.0006709125628318664
0.000858951413475582
0.000740387247002764
0.0012474049017202175
0.0010079611413957082
0.0007472250717427657
0.00045010228207050185
0.00023115682233790764
7.805690970668222e-5
4.9039300913448045e-5
2.992236561786546e-5
2.0542187831284717e-5
1.4356732425108037e-5
1.5534057590229424e-5
0.0
0.0
0.0
0.00010432666737490567
0.00011822004845068214
0.00014220993039152873
0.00018696640169943795
0.00019523944068014894
0.00022516260376335013
0.00021952732863001368
0.00025802776334112184
0.0002558141366621554
0.0002847722203358097
0.00040941836998421925
0.0003571037945981147
0.0003332060681967568
0.0002683321741174046
0.00023514089873386402
0.00013098195209606777
0.0001246564029846817
7.60604601974835e-5
6.170392768835586e-5
7.383957225051738e-5
7.206673360268286e-5
0.00011373008369647737
0.0001334716507433515
0.0001447932477929669
0.00019159615495370906
0.00019376890814871647
0.00022780315160992733
0.0002409373604827442
0.0002954774779273894
0.00026747834233698854
0.0002804959731848794
0.0002497202436831132
0.0002493572169262285
0.00021019876398130214
0.0002890790752275519
0.00019019275817391525
0.00010352621843467603
6.461466853637988e-5
4.8228663837763195e-5
3.8641098164713674e-5
3.612099325391296e-5
3.3948407860396905e-5
3.7751752590697415e-5
3.7357690643296196e-5
3.817229513093243e-5
0.0
0.0
4.540845573785309e-5
4.641574317697243e-5
6.903659370905235e-5
0.00012806115192104406
0.0001965979979580632
0.00023323320667442357
0.0003044252323661274
0.0003378475691685138
0.0004377228624679104
0.0004317008262058206
0.00047438186062036004
0.0004476024405340231
0.0006883286164871328
0.0006526197254739464
0.0006082045646099335
0.0005758561973806492
0.0005351084034299187
0.0005017321226205225
0.0004591768889402193
0.000391723003517591
0.00033055924521964105
0.0002220293448547019
0.00020581134565387878
0.0002874900442940502
0.0002732799052432392
0.00045391874855480564
0.0004262162302796663
0.0006006581177168742
0.0005128498233730437
0.0007082168979181523
0.0006062280442661051
0.0008026707608231054
0.0006699154824272782
0.0008678634241653649
0.0007648540032769201
0.0010515352125192049
0.0008902883808148374
0.0008419709683893697
0.0005122049229700275
0.000476376336281373
0.00028195550900310314
0.0002634163800404222
0.00014536332269107451
7.432469333210165e-5
0.0
0.0
0.0
0.0
7.310493881508715e-5
0.00017916963154475615
0.0003280497217402429
0.0003135155567351346
0.00043939193467294616
0.00038630788907887683
0.0004800963545469975
0.0003900187549341779
0.0005305709770216196
0.0004479307899755939
0.0005913969731821909
0.0007753988845832055
0.0007019624504170076
0.0004972529358361629
0.00023695607593239302
7.414649553667493e-5
4.116952374725653e-5
2.8124845752457943e-5
1.0314799576512139e-5
2.344873909866077e-7
0.0
0.0
0.0
0.0
0.0
0.0
0.0
0.0
5.0637610954767486e-5
0.00010905916930992758
0.00018075239204759494
0.00017408484374147268
0.0002527621664835526
0.00023881275442665586
0.0003930483517133684
0.0005713063682794015
0.0005256734433554423
0.0003373382777020237
0.00010208035023312788
4.777888785212504e-5
2.749694045813986e-5
1.404797547451241e-5
2.4020005136431254e-7
0.0
0.0
0.0
0.0
0.0
0.0
0.0
0.0
0.0
0.0
0.0
0.0
2.540241840545308e-5
7.312551656329258e-5
0.00010571785895610052
0.00017509020220028663
0.00033045477495055386
0.000280075777419789
0.0001343935976219454
5.621302458886705e-5
3.4128095994347856e-5
1.582295064398174e-5
8.754091461623544e-6
0.0
0.0
0.0
0.0
0.0
0.0
0.0
0.0
0.0
0.0
0.0
0.0
0.0
0.0
0.0
0.0
0.0
0.00010710629617120678
7.131729812805716e-5
4.9823125258478964e-5
3.1054283840828e-5
1.575227048313757e-5
2.8157660921290925e-6
0.0
0.0
0.0
0.0
0.0
0.0
0.0
0.0
0.0
0.0
0.0
0.0
0.0
0.0
0.0
0.0
0.0
0.0
7.384835936499984e-5
4.288737259573793e-5
2.38279912998671e-5
1.0570332628350508e-5
1.7754450837448822e-6
0.0
0.0
0.0
0.0
0.0
0.0
0.0
0.0
0.0
0.0
0.0
0.0
0.0
0.0
0.0
0.0
0.0
0.0
0.0
0.0
5.263319512924021e-5
3.4326736257238204e-5
1.6151451712302496e-5
2.8197132527943984e-6
0.0
0.0
0.0
0.0
0.0
0.0
0.0
0.0
0.0
0.0
0.0
0.0
0.0
0.0
0.0
0.0
0.0
0.0
0.0
0.0
0.0
0.0
0.0
0.0
0.0
0.0
0.0
0.0
0.0
0.0
0.0
0.0
0.0
0.0
0.0
0.0
0.0
0.0
0.0
0.0
0.0
0.0
0.0
0.00011400135623545583
7.940474387982466e-5
5.361083979565369e-5
2.7853070167470584e-5
6.015349757014599e-6
0.0
0.0
0.0
0.0
0.0
0.0
0.0
0.0
0.0
0.0
0.0
0.0
0.0
0.0
0.0
0.0
0.0
0.0
0.0
6.297991145751453e-5
3.588301871632829e-5
1.7407810541429437e-5
2.6319170587202893e-6
0.0
0.0
0.0
0.0
0.0
0.0
0.0
0.0
0.0
0.0
0.0
0.0
0.0
0.0
0.0
0.0
0.0
0.0
0.0
0.0
4.619379129204233e-5
2.3143580954347975e-5
6.184037204768777e-6
0.0
0.0
0.0
0.0
0.0
0.0
2.0944942298214226e-6
2.7342119186848806e-5
0.0
4.366586481239238e-5
0.00010186443318763798
0.0001363421255065958
0.00017441303691217923
0.00020507057993624818
0.00022943364859009574
0.0002479020742968235
0.00026700822134656163
0.00028512579496572677
0.0003158177838362355
0.0003180287100781946
0.00034768633976798815
0.0005001952636918791
0.00045047957613624217
0.00043878520024715346
0.0004096918033706718
0.00035991358158017617
0.00035378064199467405
0.0003349717166721677
0.00030589326440441357
0.000298201922337538
0.00029694154056225143
0.00029676571482989536
0.00025369353884320913
0.00022258886126317272
0.000279443106650742
0.0002085788516786368
0.00023967940790588064
0.0001677622503340671
0.00020397151481967395
0.0001478854266621056
0.00019006163108657332
0.00014767051744121477
0.0001783288338337995
0.00012054191776584906
8.13676212016656e-5
0.00015111124352713487
8.523983681395564e-5
5.831832391438359e-5
4.0663347003843635e-5
3.147583432515044e-5
2.2071933717242856e-5
1.4614540814187112e-5
1.0946880449433483e-6
0.0
0.0
0.0
0.0
0.0
0.0
0.0
0.0
0.0
0.0
0.0
0.0
0.0
0.0
0.0
0.0
0.0
9.525766654072253e-5
6.811974978015435e-5
4.812659679829475e-5
3.090703761397826e-5
1.7252843235443873e-5
1.4361667087393297e-5
8.59325863718279e-6
2.9297987540368894e-6
2.8275321351469307e-8
0.0
0.0
0.0
0.0
0.0
0.0
0.0
0.0
0.0
0.0
0.0
0.0
0.0
0.0
0.0
0.0
0.0
0.0
0.0
0.0
0.0
0.0
0.0
0.0
0.0
0.0
0.0
0.0
0.0
0.0
0.0
0.0
0.0
0.0
0.0
0.0
7.243026284796415e-5
0.00016016629939223675
0.00025688923978152916
0.0002080397815214278
0.00010646173891885481
5.441552864104689e-5
3.432436841608969e-5
1.529633884735817e-5
4.4454487650769915e-6
0.0
0.0
0.0
0.0
0.0
0.0
0.0
0.0
0.0
0.0
0.0
0.0
0.00010342112515326332
0.0001282667577580647
0.0001606034390851764
0.00016364793112440038
0.00015956668930077958
0.00023488595179037018
0.00015195002951209465
7.3385107023726e-5
3.831030401114734e-5
1.064039245938292e-5
0.0
0.0
0.0
0.0
0.0
0.0
0.0
0.0
0.0
0.0
0.0
0.0
0.0
0.0
0.0
0.0
0.0
0.0
0.0
0.00010095504533260105
6.528735422566722e-5
3.9645294698769576e-5
1.218775000403573e-5
0.0
0.0
0.0
0.0
0.0
0.0
0.0
0.0
0.0
0.0
0.0
0.0
0.0
0.0
0.0
0.0
0.0
0.0
0.0
0.0
6.226881736902952e-5
4.113533472113868e-5
2.7064843930885106e-5
2.230417317186105e-5
2.620007506195353e-5
3.090496588490837e-5
3.4708073868932e-5
2.877662547892098e-5
2.746512520775924e-5
2.539174341466218e-5
2.731771956351831e-5
0.0
0.0
0.0
6.493668784293572e-5
0.00013065265397663764
0.00019682765767883555
0.00024437291399708215
0.00030628136997639966
0.00034621859928130814
0.00039990174538879515
0.00039471771148706484
0.0004400553410353537
0.0004486313612018891
0.0006723652147263414
0.0005776763325496601
0.00041275825633547845
0.00022942134168698502
9.736492744695285e-5
5.200364157261127e-5
4.1954710518518904e-5
2.8921217729821897e-5
2.0274394514635234e-5
1.0261771186606155e-5
5.396529505480729e-6
0.0
0.0
0.0
0.0
7.914390639900388e-5
0.0001845816541623295
0.00014962033008466053
0.00025469498774235424
0.0002599548407943064
0.0003816974686235554
0.00029219231206862754
0.0003780539223129102
0.00028144100067467766
0.00037618362413672005
0.00042757266317397193
0.0003225333695909594
0.00021897326985253015
0.00010518112871959249
7.123178128236664e-5
6.195282756476699e-5
5.1264915262448346e-5
4.6570219166723415e-5
4.229931099483579e-5
0.0
0.0
0.0
0.0
0.0
0.0
0.0
0.0
0.0
0.0
0.0
0.0
0.0
0.0
0.0
0.0
0.0
0.0
0.0
0.0
0.0
0.0
0.0
0.0
0.0
0.0
0.0
0.0
0.0
0.0
0.0
0.0
0.0
0.0
0.0
0.0
0.0
0.0
4.4969333414333004e-5
1.9926561439970936e-5
3.2721880105687323e-6
0.0
0.0
0.0
0.0
0.0
0.0
0.0
0.0
0.0
0.0
0.0
0.0
0.0
0.0
0.0
0.0
0.0
0.0
3.0328710252069135e-5
9.452702300097067e-5
0.0001179041695117059
0.0002764275421866262
0.00019859692155348
9.925989485205023e-5
5.703246966958317e-5
3.902400356330574e-5
2.1536497320645835e-5
9.37610289285522e-6
0.0
0.0
0.0
0.0
0.0
0.0
0.0
0.0
0.0
0.0
0.0
2.51854384512287e-5
8.204121454447421e-5
0.00010029111684587592
0.00016104702686806026
0.0001371802944934777
0.0002474345884230988
0.0003673149767696635
0.00029026398576290064
0.0001456405740692803
5.496187651582022e-5
3.132187315101212e-5
1.3128746629578805e-5
2.700729915169204e-6
0.0
0.0
0.0
0.0
0.0
0.0
0.0
0.0
0.0
0.0
0.0
0.0
8.228457573695842e-5
9.267252443249057e-5
7.27890356199732e-5
0.0
0.0
0.00013569090154042453
8.5781162114872e-5
6.025496736694592e-5
3.728067236760582e-5
1.643205069441378e-5
2.3846986504361413e-6
6.668298235004195e-8
0.0
0.0
0.0
0.0
0.0
0.0
0.0
0.0
0.0
0.0
0.0
0.0
0.0
0.0
0.0
0.0
0.0
7.222139069696293e-5
4.285744558013084e-5
3.736623418075035e-5
3.9274894832777263e-5
3.6018701277600877e-5
2.8315059158280755e-5
2.4430959691429744e-5
5.228755157925714e-6
0.0
0.0
0.0
0.0
0.0
0.0
0.0
0.0
0.0
0.0
0.0
0.0
5.283224201103038e-5
0.00010812414978704763
0.0001426488536275211
0.00015074014756176823
0.0001801755286969407
0.00020858049563936658
9.256642241040137e-5
5.96758176462921e-5
3.733202022139406e-5
1.866868169325617e-5
1.0510845310905802e-5
1.34196611237319e-6
0.0
0.0
0.0
0.0
0.0
0.0
0.0
0.0
0.0
0.0
0.0
0.0
0.0
0.0
0.0
0.0
0.0
0.0
0.0
0.0
0.0
0.0
0.0
0.0
0.0
0.0
0.0
0.0
0.0
0.0
0.0
0.0
0.0
0.0
0.0
0.0
0.0
0.0
0.0
0.0
6.047394668012157e-5
3.464844029374785e-5
1.5397350163325715e-5
1.4710516619690894e-6
0.0
0.0
0.0
0.0
0.0
0.0
0.0
0.0
0.0
0.0
0.0
0.0
0.0
0.0
0.0
0.0
0.0
0.0
0.0
0.0
6.505219079122891e-5
4.438961255921801e-5
2.9112173417271376e-5
1.8604544643485517e-5
1.296033839028282e-5
3.0997658544504165e-6
0.0
0.0
0.0
0.0
0.0
0.0
0.0
0.0
0.0
0.0
0.0
0.0
0.0
0.0
0.0
0.0
0.0
0.0
7.659283058242608e-5
4.462739675184018e-5
2.1426224756387876e-5
3.5565725752062433e-6
0.0
0.0
0.0
0.0
0.0
0.0
0.0
0.0
0.0
0.0
0.0
0.0
0.0
0.0
0.0
0.0
0.0
0.0
0.0
0.0
3.8138000516931e-5
1.4111046944983678e-5
0.0
0.0
0.0
0.0
0.0
0.0
0.0
0.0
0.0
0.0
0.0
0.0
0.0
0.0
0.0
0.0
0.0
0.0
0.0
0.0
0.0
0.0
5.2316006717292126e-5
2.9938284694023903e-5
5.809650615514113e-6
0.0
0.0
0.0
0.0
0.0
0.0
0.0
0.0
0.0
0.0
0.0
0.0
0.0
0.0
0.0
0.0
0.0
0.0
0.0
0.0
0.0
0.0
4.211683354445e-5
2.0462700408228593e-5
2.0624625641089207e-6
0.0
0.0
0.0
0.0
0.0
0.0
0.0
0.0
0.0
0.0
0.0
0.0
0.0
0.0
0.0
0.0
0.0
0.0
0.0
0.0
0.0
0.0
0.0
0.0
0.0
0.0
0.0
0.0
0.0
0.0
0.0
0.0
0.0
0.0
0.0
0.0
0.0
0.0
0.0
0.0
0.0
0.0
0.0
0.0
3.878678064735478e-5
1.3035634127704322e-5
0.0
0.0
0.0
0.0
0.0
0.0
0.0
0.0
0.0
0.0
0.0
0.0
0.0
0.0
0.0
0.0
0.0
0.0
0.0
0.0
0.0
0.0
1.700403075481304e-5
2.1436910998999636e-7
0.0
0.0
0.0
0.0
0.0
0.0
0.0
0.0
0.0
0.0
0.0
0.0
0.0
0.0
0.0
0.0
0.0
0.0
0.0
0.0
0.0
0.0
9.180283132862489e-6
0.0
0.0
0.0
0.0
0.0
0.0
0.0
0.0
0.0
0.0
0.0
0.0
0.0
0.0
0.0
0.0
0.0
0.0
0.0
0.0
0.0
0.0
0.0
8.246383586359255e-5
4.800779931685255e-5
2.2159306954058135e-5
2.522744846866869e-6
0.0
0.0
0.0
0.0
0.0
0.0
0.0
0.0
0.0
0.0
0.0
0.0
0.0
0.0
0.0
0.0
0.0
0.0
0.0
3.7265976334503204e-5
0.00012894215810347462
8.118088817322594e-5
5.1030390373822756e-5
2.202036554682768e-5
1.970452548501998e-6
0.0
0.0
0.0
0.0
0.0
0.0
0.0
0.0
0.0
0.0
0.0
0.0
0.0
0.0
0.0
0.0
0.0
0.0
0.0
0.0
2.071072268244178e-5
5.4705365887861945e-6
0.0
0.0
0.0
0.0
0.0
0.0
0.0
0.0
0.0
0.0
0.0
0.0
0.0
0.0
0.0
0.0
0.0
0.0
0.0
0.0
0.0
0.0
0.0
0.0
0.0
0.0
0.0
0.0
0.0
0.0
0.0
0.0
0.0
0.0
0.0
0.0
0.0
0.0
0.0
0.0
0.0
0.0
0.0
0.0
0.0
2.111402092099729e-6
0.0
0.0
0.0
0.0
0.0
0.0
0.0
0.0
0.0
0.0
0.0
0.0
0.0
0.0
0.0
0.0
0.0
0.0
0.0
0.0
0.0
0.0
0.0
0.0
0.0
0.0
0.0
0.0
0.0
0.0
0.0
0.0
0.0
0.0
0.0
0.0
0.0
0.0
0.0
0.0
0.0
0.0
0.0
0.0
0.0
0.0
0.0
6.222935486340678e-7
0.0
0.0
0.0
0.0
0.0
0.0
0.0
0.0
0.0
0.0
0.0
0.0
0.0
0.0
0.0
0.0
0.0
0.0
0.0
0.0
0.0
0.0
0.0
0.0
0.0
0.0
0.0
0.0
0.0
0.0
0.0
0.0
0.0
0.0
0.0
0.0
0.0
0.0
0.0
0.0
0.0
0.0
0.0
0.0
0.0
0.0
0.0
2.2065239023231844e-5
2.7492725924338733e-6
0.0
0.0
0.0
0.0
0.0
0.0
0.0
0.0
0.0
0.0
0.0
0.0
0.0
0.0
0.0
0.0
0.0
0.0
0.0
0.0
0.0
0.0
0.0
1.4279314305508027e-5
3.403765618826576e-6
0.0
0.0
0.0
0.0
0.0
0.0
0.0
0.0
0.0
0.0
0.0
0.0
0.0
0.0
0.0
0.0
0.0
0.0
0.0
0.0
0.0
0.0
0.0
0.0
0.0
0.0
0.0
0.0
0.0
0.0
0.0
0.0
0.0
0.0
0.0
0.0
0.0
0.0
0.0
0.0
0.0
0.0
0.0
0.0
0.0
2.50470929922095e-7
0.0
0.0
0.0
0.0
0.0
0.0
0.0
0.0
0.0
0.0
0.0
0.0
0.0
0.0
0.0
0.0
0.0
0.0
0.0
0.0
0.0
0.0
0.0
0.0
0.0
0.0
0.0
0.0
0.0
0.0
0.0
0.0
0.0
0.0
0.0
0.0
0.0
0.0
0.0
0.0
0.0
0.0
0.0
0.0
0.0
0.0
0.0
8.508641773860624e-5
5.233498839968667e-5
2.625776539788765e-5
4.769099655359656e-6
0.0
0.0
0.0
0.0
0.0
0.0
0.0
0.0
0.0
0.0
0.0
0.0
0.0
0.0
0.0
0.0
0.0
2.8437564602608467e-5
0.00010290614994397348
0.00013336510772954334
0.0002878480158965843
0.00011003738315915896
4.491951029180285e-5
1.0706722325739212e-5
0.0
0.0
0.0
0.0
0.0
0.0
0.0
0.0
0.0
0.0
0.0
0.0
0.0
0.0
0.0
0.0
0.0
0.0
0.0
0.0
9.453725488908154e-5
5.323474172876964e-5
1.78306482718967e-5
0.0
0.0
0.0
0.0
0.0
0.0
0.0
0.0
0.0
0.0
0.0
0.0
0.0
0.0
0.0
0.0
0.0
0.0
0.0
0.0
0.0
0.0
1.8204252385630804e-6
0.0
0.0
0.0
0.0
0.0
0.0
0.0
0.0
0.0
0.0
0.0
0.0
0.0
0.0
0.0
0.0
0.0
0.0
0.0
0.0
0.0
0.0
0.0
0.0
0.0
0.0
0.0
0.0
0.0
0.0
0.0
0.0
0.0
0.0
0.0
0.0
0.0
0.0
0.0
0.0
0.0
0.0
0.0
0.0
0.0
0.0
4.884782122969667e-5
2.286808685166969e-5
2.0429158889550703e-6
0.0
0.0
0.0
0.0
0.0
0.0
0.0
0.0
0.0
0.0
0.0
0.0
0.0
0.0
0.0
0.0
0.0
0.0
0.0
0.0
0.0
1.1726274751451485e-5
1.0670476992516218e-6
0.0
0.0
0.0
0.0
0.0
0.0
0.0
0.0
0.0
0.0
0.0
0.0
0.0
0.0
0.0
0.0
0.0
0.0
0.0
0.0
0.0
0.0
0.0
0.0
0.0
0.0
0.0
0.0
0.0
0.0
0.0
0.0
0.0
0.0
0.0
0.0
0.0
0.0
0.0
0.0
0.0
0.0
0.0
0.0
0.0
0.0
0.0
0.0
0.0
0.0
0.0
0.0
0.0
0.0
0.0
0.0
0.0
0.0
0.0
0.0
0.0
0.0
0.0
0.0
0.0
0.0
0.0
0.0
0.0
0.0
0.0
0.0
0.0
0.0
0.0
0.0
0.0
0.0
0.0
0.0
0.0
0.0
0.0
0.0
0.0
0.0
0.0
0.0
0.0
0.0
0.0
0.0
0.0
0.0
0.0
9.09124651447547e-5
5.222495465283722e-5
3.0414772960432023e-5
1.8814110581761196e-5
6.618813887872732e-6
1.304352962997826e-6
0.0
0.0
0.0
0.0
0.0
0.0
0.0
0.0
0.0
0.0
0.0
0.0
0.0
0.0
0.0
0.0
0.0
0.0
0.0
0.0
0.0
0.0
0.0
0.0
0.0
0.0
0.0
0.0
0.0
0.0
0.0
0.0
0.0
0.0
0.0
0.0
0.0
0.0
0.0
0.0
0.0
3.737487866595665e-5
1.4376560606879596e-5
0.0
0.0
0.0
0.0
0.0
0.0
0.0
0.0
0.0
0.0
0.0
0.0
0.0
0.0
0.0
0.0
0.0
0.0
0.0
0.0
0.0
0.0
0.0
0.0
0.0
0.0
0.0
0.0
0.0
0.0
0.0
0.0
0.0
0.0
0.0
0.0
0.0
0.0
0.0
0.0
0.0
0.0
0.0
0.0
0.0
0.0
0.0
0.0
0.0
0.0
0.0
0.0
0.0
0.0
0.0
0.0
0.0
0.0
0.0
0.0
0.0
0.0
0.0
0.0
0.0
0.0
0.0
0.0
0.0
0.0
0.0
0.0
0.0
0.0
0.0
0.0
0.0
0.0
0.0
0.0
0.0
0.0
0.0
0.0
0.0
0.0
0.0
0.0
0.0
0.0
0.0
0.0
0.0
0.0
5.197365680429532e-6
0.0
0.0
0.0
0.0
0.0
0.0
0.0
0.0
0.0
0.0
0.0
0.0
0.0
0.0
0.0
0.0
0.0
0.0
0.0
0.0
0.0
0.0
0.0
0.0
1.0719621395254496e-8
0.0
0.0
0.0
0.0
0.0
0.0
0.0
0.0
0.0
0.0
0.0
0.0
0.0
0.0
0.0
0.0
0.0
0.0
0.0
0.0
0.0
0.0
0.0
0.0
0.0
0.0
0.0
0.0
0.0
0.0
0.0
0.0
0.0
0.0
0.0
0.0
0.0
0.0
0.0
0.0
0.0
0.0
0.0
0.0
0.0
0.0
0.0
0.0
0.0
0.0
0.0
0.0
0.0
0.0
0.0
0.0
0.0
0.0
0.0
0.0
0.0
0.0
0.0
0.0
0.0
0.0
0.0
0.0
0.0
0.0
0.0
0.0
0.0
0.0
0.0
0.0
0.0
0.0
0.0
0.0
0.0
0.0
0.0
0.0
0.0
0.0
0.0
0.0
0.0
0.0
0.0
0.0
0.0
0.0
5.3411940940030736e-8
0.0
0.0
0.0
0.0
0.0
0.0
0.0
0.0
0.0
0.0
0.0
0.0
0.0
0.0
0.0
0.0
0.0
0.0
0.0
0.0
0.0
0.0
0.0
0.0
0.0
0.0
0.0
0.0
0.0
0.0
0.0
0.0
0.0
0.0
0.0
0.0
0.0
0.0
0.0
0.0
0.0
0.0
0.0
0.0
0.0
0.0
0.0
0.0
0.0
0.0
0.0
0.0
0.0
0.0
0.0
0.0
0.0
0.0
0.0
0.0
0.0
0.0
0.0
0.0
0.0
0.0
0.0
0.0
0.0
0.0
0.0
0.0
0.0
0.0
0.0
0.0
0.0
0.0
0.0
0.0
0.0
0.0
0.0
0.0
0.0
0.0
0.0
0.0
0.0
0.0
0.0
0.0
0.0
0.0
0.0
0.0
0.0
0.0
0.0
0.0
0.0
0.0
0.0
0.0
0.0
0.0
0.0
0.0
0.0
0.0
0.0
0.0
0.0
0.0
0.0
0.0
0.0
0.0
0.0
1.6414142222642076e-6
0.0
0.0
0.0
0.0
0.0
0.0
0.0
0.0
0.0
0.0
0.0
0.0
0.0
0.0
0.0
0.0
0.0
0.0
0.0
0.0
0.0
0.0
0.0
5.672999636904636e-6
0.0
0.0
0.0
0.0
0.0
0.0
0.0
0.0
0.0
0.0
0.0
0.0
0.0
0.0
0.0
0.0
0.0
0.0
0.0
0.0
0.0
0.0
0.0
0.0
0.0
0.0
0.0
0.0
0.0
0.0
0.0
0.0
0.0
0.0
0.0
0.0
0.0
0.0
0.0
0.0
0.0
0.0
0.0
0.0
0.0
0.0
0.0
0.0
0.0
0.0
0.0
0.0
0.0
0.0
0.0
0.0
0.0
0.0
0.0
0.0
0.0
0.0
0.0
0.0
0.0
0.0
0.0
0.0
0.0
0.0
0.0
0.0
0.0
0.0
0.0
0.0
0.0
0.0
0.0
0.0
0.0
0.0
0.0
0.0
0.0
0.0
0.0
0.0
0.0
0.0
0.0
0.0
0.0
0.0
0.0
0.0
0.0
0.0
0.0
0.0
0.0
0.0
0.0
0.0
0.0
0.0
0.0
0.0
0.0
0.0
0.0
0.0
0.0
0.0
0.0
0.0
0.0
0.0
0.0
0.0
0.0
0.0
0.0
0.0
0.0
0.0
0.0
0.0
0.0
0.0
0.0
0.0
0.0
0.0
0.0
0.0
0.0
0.0
0.0
0.0
0.0
0.0
0.0
0.0
0.0
0.0
0.0
0.0
0.0
0.0
0.0
0.0
0.0
0.0
0.0
0.0
0.0
0.0
0.0
0.0
0.0
0.0
0.0
0.0
0.0
0.0
0.0
0.0
0.0
0.0
0.0
0.0
0.0
0.0
0.0
0.0
0.0
0.0
0.0
0.0
0.0
0.0
0.0
0.0
0.0
0.0
0.0
0.0
0.0
0.0
0.0
0.0
0.0
0.0
0.0
0.0
0.0
0.0
0.0
0.0
0.0
0.0
0.0
0.0
0.0
0.0
0.0
0.0
0.0
0.0
0.0
0.0
0.0
0.0
0.0
0.0
0.0
0.0
0.0
0.0
0.0
0.0
0.0
0.0
0.0
0.0
0.0
0.0
0.0
0.0
0.0
0.0
0.0
0.0
0.0
0.0
0.0
0.0
0.0
0.0
0.0
0.0
0.0
0.0
0.0
0.0
0.0
0.0
0.0
0.0
0.0
0.0
0.0
0.0
0.0
0.0
0.0
0.0
0.0
0.0
0.0
0.0
0.0
0.0
0.0
0.0
0.0
0.0
0.0
0.0
0.0
0.0
0.0
0.0
0.0
0.0
0.0
0.0
0.0
0.0
0.0
0.0
0.0
0.0
0.0
0.0
0.0
0.0
0.0
0.0
0.0
0.0
0.0
0.0
0.0
0.0
0.0
0.0
0.0
0.0
0.0
0.0
0.0
0.0
0.0
0.0
0.0
0.0
0.0
0.0
0.0
0.0
0.0
0.0
0.0
0.0
0.0
0.0
0.0
0.0
0.0
0.0
0.0
0.0
0.0
0.0
0.0
0.0
0.0
0.0
0.0
0.0
0.0
0.0
0.0
0.0
0.0
0.0
0.0
0.0
0.0
0.0
0.0
0.0
0.0
0.0
0.0
0.0
0.0
0.0
0.0
0.0
0.0
0.0
0.0
0.0
0.0
0.0
0.0
0.0
0.0
0.0
0.0
0.0
0.0
0.0
0.0
0.0
0.0
0.0
0.0
0.0
0.0
0.0
0.0
0.0
0.0
0.0
0.0
0.0
0.0
0.0
0.0
0.0
0.0
0.0
0.0
0.0
0.0
0.0
0.0
0.0
0.0
0.0
0.0
0.0
0.0
0.0
0.0
0.0
0.0
0.0
0.0
0.0
0.0
0.0
0.0
0.0
0.0
0.0
0.0
0.0
0.0
0.0
0.0
0.0
0.0
0.0
0.0
0.0
0.0
0.0
0.0
0.0
0.0
0.0
0.0
0.0
0.0
0.0
0.0
0.0
0.0
0.0
0.0
0.0
0.0
0.0
0.0
0.0
0.0
0.0
0.0
0.0
0.0
0.0
0.0
0.0
0.0
0.0
0.0
0.0
0.0
0.0
0.0
0.0
0.0
0.0
0.0
0.0
0.0
0.0
0.0
0.0
0.0
0.0
0.0
0.0
0.0
0.0
0.0
0.0
0.0
0.0
0.0
0.0
0.0
0.0
0.0
0.0
0.0
0.0
0.0
0.0
0.0
0.0
0.0
0.0
0.0
0.0
0.0
0.0
0.0
0.0
0.0
0.0
0.0
0.0
0.0
0.0
0.0
0.0
0.0
0.0
0.0
0.0
0.0
0.0
0.0
0.0
0.0
0.0
0.0
0.0
0.0
0.0
0.0
0.0
0.0
0.0
0.0
0.0
0.0
0.0
0.0
0.0
0.0
0.0
0.0
0.0
0.0
0.0
0.0
0.0
0.0
0.0
0.0
0.0
0.0
0.0
0.0
0.0
0.0
0.0
0.0
0.0
0.0
0.0
0.0
0.0
0.0
0.0
0.0
0.0
0.0
0.0
0.0
0.0
0.0
0.0
0.0
0.0
0.0
0.0
0.0
0.0
0.0
0.0
0.0
0.0
0.0
0.0
0.0
0.0
0.0
0.0
0.0
0.0
0.0
0.0
0.0
0.0
0.0
0.0
0.0
0.0
0.0
0.0
0.0
0.0
0.0
0.0
0.0
0.0
0.0
0.0
0.0
0.0
0.0
0.0
0.0
0.0
0.0
0.0
0.0
0.0
0.0
0.0
0.0
0.0
0.0
0.0
0.0
0.0
0.0
0.0
0.0
0.0
0.0
0.0
0.0
0.0
0.0
0.0
0.0
0.0
0.0
0.0
0.0
0.0
0.0
0.0
0.0
0.0
0.0
0.0
0.0
0.0
0.0
0.0
0.0
0.0
0.0
0.0
0.0
0.0
0.0
0.0
0.0
0.0
0.0
0.0
0.0
0.0
0.0
0.0
0.0
0.0
0.0
0.0
0.0
0.0
0.0
0.0
0.0
0.0
0.0
0.0
0.0
0.0
0.0
0.0
0.0
0.0
0.0
0.0
0.0
0.0
0.0
0.0
0.0
0.0
0.0
0.0
0.0
0.0
0.0
0.0
0.0
0.0
0.0
0.0
0.0
0.0
0.0
0.0
0.0
0.0
0.0
0.0
0.0
0.0
0.0
0.0
0.0
0.0
0.0
0.0
0.0
0.0
0.0
0.0
0.0
0.0
0.0
0.0
0.0
0.0
0.0
0.0
0.0
0.0
0.0
0.0
0.0
0.0
0.0
0.0
0.0
0.0
0.0
0.0
0.0
0.0
0.0
0.0
0.0
0.0
0.0
0.0
0.0
0.0
0.0
0.0
0.0
0.0
0.0
0.0
0.0
0.0
0.0
0.0
0.0
0.0
0.0
0.0
0.0
0.0
0.0
0.0
0.0
0.0
0.0
0.0
0.0
0.0
0.0
0.0
0.0
0.0
0.0
0.0
0.0
0.0
0.0
0.0
0.0
0.0
0.0
0.0
0.0
0.0
0.0
0.0
0.0
0.0
0.0
0.0
0.0
0.0
0.0
0.0
0.0
0.0
0.0
0.0
0.0
0.0
0.0
0.0
0.0
0.0
0.0
0.0
0.0
0.0
0.0
0.0
0.0
0.0
0.0
0.0
0.0
0.0
0.0
0.0
0.0
0.0
0.0
0.0
0.0
0.0
0.0
0.0
0.0
0.0
0.0
0.0
0.0
0.0
0.0
0.0
0.0
0.0
0.0
0.0
0.0
0.0
0.0
0.0
0.0
0.0
0.0
0.0
0.0
0.0
0.0
0.0
0.0
0.0
0.0
0.0
0.0
0.0
0.0
0.0
0.0
0.0
0.0
0.0
0.0
0.0
0.0
0.0
0.0
0.0
0.0
0.0
0.0
0.0
0.0
0.0
0.0
0.0
0.0
0.0
0.0
0.0
0.0
0.0
0.0
0.0
0.0
0.0
0.0
0.0
0.0
0.0
0.0
0.0
0.0
0.0
0.0
0.0
0.0
0.0
0.0
0.0
0.0
0.0
0.0
0.0
0.0
0.0
0.0
0.0
0.0
0.0
0.0
0.0
0.0
0.0
0.0
0.0
0.0
0.0
0.0
0.0
0.0
0.0
0.0
0.0
0.0
0.0
0.0
0.0
0.0
0.0
0.0
0.0
0.0
0.0
0.0
0.0
0.0
0.0
0.0
0.0
0.0
0.0
0.0
0.0
0.0
0.0
0.0
0.0
0.0
0.0
0.0
0.0
0.0
0.0
0.0
0.0
0.0
0.0
0.0
0.0
0.0
0.0
0.0
0.0
0.0
0.0
0.0
0.0
0.0
0.0
0.0
0.0
0.0
0.0
0.0
0.0
0.0
0.0
0.0
0.0
0.0
0.0
0.0
0.0
0.0
0.0
0.0
0.0
0.0
0.0
0.0
0.0
0.0
0.0
0.0
0.0
0.0
0.0
0.0
0.0
0.0
0.0
0.0
0.0
0.0
0.0
0.0
0.0
0.0
0.0
0.0
0.0
0.0
0.0
0.0
0.0
0.0
0.0
0.0
0.0
0.0
0.0
0.0
0.0
0.0
0.0
0.0
0.0
0.0
0.0
0.0
0.0
0.0
0.0
0.0
0.0
0.0
0.0
0.0
0.0
0.0
0.0
0.0
0.0
0.0
0.0
0.0
0.0
0.0
0.0
0.0
0.0
0.0
0.0
0.0
0.0
0.0
0.0
0.0
0.0
0.0
0.0
0.0
0.0
0.0
0.0
0.0
0.0
0.0
0.0
0.0
0.0
0.0
0.0
0.0
0.0
0.0
0.0
0.0
0.0
0.0
0.0
0.0
0.0
0.0
0.0
0.0
0.0
0.0
0.0
0.0
0.0
0.0
0.0
0.0
0.0
0.0
0.0
0.0
0.0
0.0
0.0
0.0
0.0
0.0
0.0
0.0
0.0
0.0
0.0
0.0
0.0
0.0
0.0
0.0
0.0
0.0
0.0
0.0
0.0
0.0
0.0
0.0
0.0
0.0
0.0
0.0
0.0
0.0
0.0
0.0
0.0
0.0
0.0
0.0
0.0
0.0
0.0
0.0
0.0
0.0
0.0
0.0
0.0
0.0
0.0
0.0
0.0
0.0
0.0
0.0
0.0
0.0
0.0
0.0
0.0
0.0
0.0
0.0
0.0
0.0
0.0
0.0
0.0
0.0
0.0
0.0
0.0
0.0
0.0
0.0
0.0
0.0
0.0
0.0
0.0
0.0
0.0
0.0
0.0
0.0
0.0
0.0
0.0
0.0
0.0
0.0
0.0
0.0
0.0
0.0
0.0
0.0
0.0
0.0
0.0
0.0
0.0
0.0
0.0
0.0
0.0
0.0
0.0
0.0
0.0
0.0
0.0
0.0
0.0
0.0
0.0
0.0
0.0
0.0
0.0
0.0
0.0
0.0
0.0
0.0
0.0
0.0
0.0
0.0
0.0
0.0
0.0
0.0
0.0
0.0
0.0
0.0
0.0
0.0
0.0
0.0
0.0
0.0
0.0
0.0
0.0
0.0
0.0
0.0
0.0
0.0
0.0
0.0
0.0
0.0
0.0
0.0
0.0
0.0
0.0
0.0
0.0
0.0
0.0
0.0
0.0
0.0
0.0
0.0
0.0
0.0
0.0
0.0
0.0
0.0
0.0
0.0
0.0
0.0
0.0
0.0
0.0
0.0
0.0
0.0
0.0
0.0
0.0
0.0
0.0
0.0
0.0
0.0
0.0
0.0
0.0
0.0
0.0
0.0
0.0
0.0
0.0
0.0
0.0
0.0
0.0
0.0
0.0
0.0
0.0
0.0
0.0
0.0
0.0
0.0
0.0
0.0
0.0
0.0
0.0
0.0
0.0
0.0
0.0
0.0
0.0
0.0
0.0
0.0
0.0
0.0
0.0
0.0
0.0
0.0
0.0
0.0
0.0
0.0
0.0
0.0
0.0
0.0
0.0
0.0
0.0
0.0
0.0
0.0
0.0
0.0
0.0
0.0
0.0
0.0
0.0
0.0
0.0
0.0
0.0
0.0
0.0
0.0
0.0
0.0
0.0
0.0
0.0
0.0
0.0
0.0
0.0
0.0
0.0
0.0
0.0
0.0
0.0
0.0
0.0
0.0
0.0
0.0
0.0
0.0
0.0
0.0
0.0
0.0
0.0
0.0
0.0
0.0
0.0
0.0
0.0
0.0
0.0
0.0
0.0
0.0
0.0
0.0
0.0
0.0
0.0
0.0
0.0
0.0
0.0
0.0
0.0
0.0
0.0
0.0
0.0
0.0
0.0
0.0
0.0
0.0
0.0
0.0
0.0
0.0
0.0
0.0
0.0
0.0
0.0
0.0
0.0
0.0
0.0
0.0
0.0
0.0
0.0
0.0
0.0
0.0
0.0
0.0
0.0
0.0
0.0
0.0
0.0
0.0
0.0
0.0
0.0
0.0
0.0
0.0
0.0
0.0
0.0
0.0
0.0
0.0
0.0
0.0
0.0
0.0
0.0
0.0
0.0
0.0
0.0
0.0
0.0
0.0
0.0
0.0
0.0
0.0
0.0
0.0
0.0
0.0
0.0
0.0
0.0
0.0
0.0
0.0
0.0
0.0
0.0
0.0
0.0
0.0
0.0
0.0
0.0
0.0
0.0
0.0
0.0
0.0
0.0
0.0
0.0
0.0
0.0
0.0
0.0
0.0
0.0
0.0
0.0
0.0
0.0
0.0
0.0
0.0
0.0
0.0
0.0
0.0
0.0
0.0
0.0
0.0
0.0
0.0
0.0
0.0
0.0
0.0
0.0
0.0
0.0
0.0
0.0
0.0
0.0
0.0
0.0
0.0
0.0
0.0
0.0
0.0
0.0
0.0
0.0
0.0
0.0
0.0
0.0
0.0
0.0
0.0
0.0
0.0
0.0
0.0
0.0
0.0
0.0
0.0
0.0
0.0
0.0
0.0
0.0
0.0
0.0
0.0
0.0
0.0
0.0
0.0
0.0
0.0
0.0
0.0
0.0
0.0
0.0
0.0
0.0
0.0
0.0
0.0
0.0
0.0
0.0
0.0
0.0
0.0
0.0
0.0
0.0
0.0
0.0
0.0
0.0
0.0
0.0
0.0
0.0
0.0
0.0
0.0
0.0
0.0
0.0
0.0
0.0
0.0
0.0
0.0
0.0
0.0
0.0
0.0
0.0
0.0
0.0
0.0
0.0
0.0
0.0
0.0
0.0
0.0
0.0
0.0
0.0
0.0
0.0
0.0
0.0
0.0
0.0
0.0
0.0
0.0
0.0
0.0
0.0
0.0
0.0
0.0
0.0
0.0
0.0
0.0
0.0
0.0
0.0
0.0
0.0
0.0
0.0
0.0
0.0
0.0
0.0
0.0
0.0
0.0
0.0
0.0
0.0
0.0
0.0
0.0
0.0
0.0
0.0
0.0
0.0
0.0
0.0
0.0
0.0
0.0
0.0
0.0
0.0
0.0
0.0
0.0
0.0
0.0
0.0
0.0
0.0
0.0
0.0
0.0
0.0
0.0
0.0
0.0
0.0
0.0
0.0
0.0
0.0
0.0
0.0
0.0
0.0
0.0
0.0
0.0
0.0
0.0
0.0
0.0
0.0
0.0
0.0
0.0
0.0
0.0
0.0
0.0
0.0
0.0
0.0
0.0
0.0
0.0
0.0
0.0
0.0
0.0
0.0
0.0
0.0
0.0
0.0
0.0
0.0
0.0
0.0
0.0
0.0
0.0
0.0
0.0
0.0
0.0
0.0
0.0
0.0
0.0
0.0
0.0
0.0
0.0
0.0
0.0
0.0
0.0
0.0
0.0
0.0
0.0
0.0
0.0
0.0
0.0
0.0
0.0
0.0
0.0
0.0
0.0
0.0
0.0
0.0
0.0
0.0
0.0
0.0
0.0
0.0
0.0
0.0
0.0
0.0
0.0
0.0
0.0
0.0
0.0
0.0
0.0
0.0
0.0
0.0
0.0
0.0
0.0
0.0
0.0
0.0
0.0
0.0
0.0
0.0
0.0
0.0
0.0
0.0
0.0
0.0
0.0
0.0
0.0
0.0
0.0
0.0
0.0
0.0
0.0
0.0
0.0
0.0
0.0
0.0
0.0
0.0
0.0
0.0
0.0
0.0
0.0
0.0
0.0
0.0
0.0
0.0
0.0
0.0
0.0
0.0
0.0
0.0
0.0
0.0
0.0
0.0
0.0
0.0
0.0
0.0
0.0
0.0
0.0
0.0
0.0
0.0
0.0
0.0
0.0
0.0
0.0
0.0
0.0
0.0
0.0
0.0
0.0
0.0
0.0
0.0
0.0
0.0
0.0
0.0
0.0
0.0
0.0
0.0
0.0
0.0
0.0
0.0
0.0
0.0
0.0
0.0
0.0
0.0
0.0
0.0
0.0
0.0
0.0
0.0
0.0
0.0
0.0
0.0
0.0
0.0
0.0
0.0
0.0
0.0
0.0
0.0
0.0
0.0
0.0
0.0
0.0
0.0
0.0
0.0
0.0
0.0
0.0
0.0
0.0
0.0
0.0
0.0
0.0
0.0
0.0
0.0
0.0
0.0
0.0
0.0
0.0
0.0
0.0
0.0
0.0
0.0
0.0
0.0
0.0
0.0
0.0
0.0
0.0
0.0
0.0
0.0
0.0
0.0
0.0
0.0
0.0
0.0
0.0
0.0
0.0
0.0
0.0
0.0
0.0
0.0
0.0
0.0
0.0
0.0
0.0
0.0
0.0
0.0
0.0
0.0
0.0
0.0
0.0
0.0
0.0
0.0
0.0
0.0
0.0
0.0
0.0
0.0
0.0
0.0
0.0
0.0
0.0
0.0
0.0
0.0
0.0
0.0
0.0
0.0
0.0
0.0
0.0
0.0
0.0
0.0
0.0
0.0
0.0
0.0
0.0
0.0
0.0
0.0
0.0
0.0
0.0
0.0
0.0
0.0
0.0
0.0
0.0
0.0
0.0
0.0
0.0
0.0
0.0
0.0
0.0
0.0
0.0
0.0
0.0
0.0
0.0
0.0
0.0
0.0
0.0
0.0
0.0
0.0
0.0
0.0
0.0
0.0
0.0
0.0
0.0
0.0
0.0
0.0
0.0
0.0
0.0
0.0
0.0
0.0
0.0
0.0
0.0
0.0
0.0
0.0
0.0
0.0
0.0
0.0
0.0
0.0
0.0
0.0
0.0
0.0
0.0
0.0
0.0
0.0
0.0
0.0
0.0
0.0
0.0
0.0
0.0
0.0
0.0
0.0
0.0
0.0
0.0
0.0
0.0
0.0
0.0
0.0
0.0
0.0
0.0
0.0
0.0
0.0
0.0
0.0
0.0
0.0
0.0
0.0
0.0
0.0
0.0
0.0
0.0
0.0
0.0
0.0
0.0
0.0
0.0
0.0
0.0
0.0
0.0
0.0
0.0
0.0
0.0
0.0
0.0
0.0
0.0
0.0
0.0
0.0
0.0
0.0
0.0
0.0
0.0
0.0
0.0
0.0
0.0
0.0
0.0
0.0
0.0
0.0
0.0
0.0
0.0
0.0
0.0
0.0
0.0
0.0
0.0
0.0
0.0
0.0
0.0
0.0
0.0
0.0
0.0
0.0
0.0
0.0
0.0
0.0
0.0
0.0
0.0
0.0
0.0
0.0
0.0
0.0
0.0
0.0
0.0
0.0
0.0
0.0
0.0
0.0
0.0
0.0
0.0
0.0
0.0
0.0
0.0
0.0
0.0
0.0
0.0
0.0
0.0
0.0
0.0
0.0
0.0
0.0
0.0
0.0
0.0
0.0
0.0
0.0
0.0
0.0
0.0
0.0
0.0
0.0
0.0
0.0
0.0
0.0
0.0
0.0
0.0
0.0
0.0
0.0
0.0
0.0
0.0
0.0
0.0
0.0
0.0
0.0
0.0
0.0
0.0
0.0
0.0
0.0
0.0
0.0
0.0
0.0
0.0
0.0
0.0
0.0
0.0
0.0
0.0
0.0
0.0
0.0
0.0
0.0
0.0
0.0
0.0
0.0
0.0
0.0
0.0
0.0
0.0
0.0
0.0
0.0
0.0
0.0
0.0
0.0
0.0
0.0
0.0
0.0
0.0
0.0
0.0
0.0
0.0
0.0
0.0
0.0
0.0
0.0
0.0
0.0
0.0
0.0
0.0
0.0
0.0
0.0
0.0
0.0
0.0
0.0
0.0
0.0
0.0
0.0
0.0
0.0
0.0
0.0
0.0
0.0
0.0
0.0
0.0
0.0
0.0
0.0
0.0
0.0
0.0
0.0
0.0
0.0
0.0
0.0
0.0
0.0
0.0
0.0
0.0
0.0
0.0
0.0
0.0
0.0
0.0
0.0
0.0
0.0
0.0
0.0
0.0
0.0
0.0
0.0
0.0
0.0
0.0
0.0
0.0
0.0
0.0
0.0
0.0
0.0
0.0
0.0
0.0
0.0
0.0
0.0
0.0
0.0
0.0
0.0
0.0
0.0
0.0
0.0
0.0
0.0
0.0
0.0
0.0
0.0
0.0
0.0
0.0
0.0
0.0
0.0
0.0
0.0
0.0
0.0
0.0
0.0
0.0
0.0
0.0
0.0
0.0
0.0
0.0
0.0
0.0
0.0
0.0
0.0
0.0
0.0
0.0
0.0
0.0
0.0
0.0
0.0
0.0
0.0
0.0
0.0
0.0
0.0
0.0
0.0
0.0
0.0
0.0
0.0
0.0
0.0
0.0
0.0
0.0
0.0
0.0
0.0
0.0
0.0
0.0
0.0
0.0
0.0
0.0
0.0
0.0
0.0
0.0
0.0
0.0
0.0
0.0
0.0
0.0
0.0
0.0
0.0
0.0
0.0
0.0
0.0
0.0
0.0
0.0
0.0
0.0
0.0
0.0
0.0
0.0
0.0
0.0
0.0
0.0
0.0
0.0
0.0
0.0
0.0
0.0
0.0
0.0
0.0
0.0
0.0
0.0
0.0
0.0
0.0
0.0
0.0
0.0
0.0
0.0
0.0
0.0
0.0
0.0
0.0
0.0
0.0
0.0
0.0
0.0
0.0
0.0
0.0
0.0
0.0
0.0
0.0
0.0
0.0
0.0
1.3330333724438718e-5
8.517052020054206e-8
0.0
0.0
0.0
0.0
0.0
0.0
0.0
0.0
0.0
0.0
0.0
0.0
0.0
0.0
0.0
0.0
0.0
0.0
0.0
0.0
0.0
0.0
6.606282535829176e-6
0.0
0.0
0.0
0.0
0.0
0.0
0.0
0.0
0.0
0.0
0.0
0.0
0.0
0.0
0.0
0.0
0.0
0.0
0.0
0.0
0.0
0.0
0.0
0.0
0.0
0.0
0.0
0.0
0.0
0.0
0.0
0.0
0.0
0.0
0.0
0.0
0.0
0.0
0.0
0.0
0.0
0.0
0.0
0.0
0.0
0.0
0.0
0.0
0.0
0.0
0.0
0.0
0.0
0.0
0.0
0.0
0.0
0.0
0.0
0.0
0.0
0.0
0.0
0.0
0.0
0.0
0.0
0.0
0.0
0.0
0.0
0.0
0.0
0.0
0.0
0.0
0.0
0.0
0.0
0.0
0.0
0.0
0.0
0.0
0.0
0.0
0.0
0.0
0.0
0.0
0.0
0.0
0.0
0.0
0.0
0.0
0.0
0.0
0.0
0.0
0.0
0.0
0.0
0.0
0.0
0.0
0.0
0.0
0.0
0.0
0.0
0.0
0.0
0.0
0.0
0.0
0.0
0.0
0.0
0.0
0.0
0.0
0.0
0.0
0.0
0.0
0.0
0.0
0.0
0.0
0.0
0.0
0.0
0.0
0.0
0.0
0.0
0.0
0.0
0.0
0.0
0.0
0.0
0.0
0.0
0.0
0.0
0.0
0.0
0.0
0.0
0.0
0.0
0.0
0.0
0.0
0.0
0.0
0.0
0.0
0.0
0.0
0.0
0.0
0.0
0.0
0.0
0.0
0.0
0.0
0.0
0.0
0.0
0.0
0.0
0.0
0.0
0.0
0.0
0.0
0.0
0.0
0.0
0.0
0.0
0.0
0.0
0.0
0.0
0.0
0.0
0.0
0.0
0.0
0.0
0.0
0.0
0.0
0.0
0.0
0.0
0.0
0.0
0.0
0.0
0.0
0.0
0.0
0.0
0.0
0.0
0.0
0.0
0.0
0.0
0.0
0.0
0.0
0.0
0.0
0.0
0.0
0.0
0.0
0.0
0.0
0.0
0.0
0.0
0.0
0.0
0.0
0.0
0.0
0.0
0.0
0.0
0.0
0.0
0.0
0.0
0.0
0.0
0.0
0.0
0.0
0.0
0.0
0.0
0.0
0.0
0.0
0.0
0.0
0.0
0.0
0.0
0.0
0.0
0.0
0.0
0.0
0.0
0.0
0.0
0.0
0.0
0.0
0.0
0.0
0.0
0.0
0.0
0.0
0.0
0.0
0.0
0.0
0.0
0.0
0.0
0.0
0.0
0.0
0.0
0.0
0.0
0.0
0.0
0.0
0.0
0.0
0.0
0.0
0.0
0.0
0.0
0.0
0.0
0.0
0.0
0.0
0.0
0.0
0.0
0.0
0.0
0.0
0.0
0.0
0.0
8.37779635842865e-5
5.196112460587586e-5
1.981294565703041e-5
0.0
0.0
0.0
0.0
0.0
0.0
0.0
0.0
0.0
0.0
0.0
0.0
0.0
0.0
0.0
0.0
0.0
0.0
0.0
0.0
0.0
5.772736388425632e-5
3.412501528562474e-5
1.1019338011628458e-5
0.0
0.0
0.0
0.0
0.0
0.0
0.0
0.0
0.0
0.0
0.0
0.0
0.0
0.0
0.0
0.0
0.0
0.0
0.0
0.0
0.0
6.671683529522368e-5
4.2057414849172254e-5
1.6287268680060383e-5
0.0
0.0
0.0
0.0
0.0
0.0
0.0
0.0
0.0
0.0
0.0
0.0
0.0
0.0
0.0
0.0
0.0
0.0
0.0
0.0
0.0
2.6276799376355806e-5
6.514981425761878e-6
0.0
0.0
0.0
0.0
0.0
0.0
0.0
0.0
0.0
0.0
0.0
0.0
0.0
0.0
0.0
0.0
0.0
0.0
0.0
0.0
0.0
0.0
1.0382846349252449e-5
0.0
0.0
0.0
0.0
0.0
0.0
0.0
0.0
0.0
0.0
0.0
0.0
0.0
0.0
0.0
0.0
0.0
0.0
0.0
0.0
0.0
0.0
0.0
0.0
5.918734250643924e-5
3.3831946695090086e-5
6.7381357977664065e-6
0.0
0.0
0.0
0.0
0.0
0.0
0.0
0.0
0.0
0.0
0.0
0.0
0.0
0.0
0.0
0.0
0.0
0.0
0.0
0.0
0.0
0.0
0.0
0.0
0.0
0.0
0.0
0.0
0.0
0.0
0.0
0.0
0.0
0.0
0.0
0.0
0.0
0.0
0.0
0.0
0.0
0.0
0.0
0.0
0.0
0.0
0.0
0.0
0.0
0.0
0.0
0.0
0.0
0.0
0.0
0.0
0.0
0.0
0.0
0.0
0.0
0.0
0.0
0.0
0.0
0.0
0.0
0.0
3.6304750026373626e-5
1.3291672133382451e-5
0.0
0.0
0.0
0.0
0.0
0.0
0.0
0.0
0.0
0.0
0.0
0.0
0.0
0.0
0.0
0.0
0.0
0.0
0.0
0.0
0.0
0.0
4.401797614798483e-5
2.1575314509448608e-5
1.2881510893490527e-6
0.0
0.0
0.0
0.0
0.0
0.0
0.0
0.0
0.0
0.0
0.0
0.0
0.0
0.0
0.0
0.0
0.0
0.0
0.0
0.0
0.0
5.0408385912745596e-5
2.557929687011801e-5
2.2754787965808573e-6
0.0
0.0
0.0
0.0
0.0
0.0
0.0
0.0
0.0
0.0
0.0
0.0
0.0
0.0
0.0
0.0
0.0
0.0
0.0
0.0
0.0
4.152591053580059e-7
0.0
0.0
0.0
0.0
0.0
0.0
0.0
0.0
0.0
0.0
0.0
0.0
0.0
0.0
0.0
0.0
0.0
0.0
0.0
0.0
0.0
0.0
0.0
0.0
0.0
0.0
0.0
0.0
0.0
0.0
0.0
0.0
0.0
0.0
0.0
0.0
0.0
0.0
0.0
0.0
0.0
0.0
0.0
0.0
0.0
0.0
0.0
0.0
0.0
0.0
0.0
0.0
0.0
0.0
0.0
0.0
0.0
0.0
0.0
0.0
0.0
0.0
0.0
0.0
0.0
4.645940886500179e-5
0.00011070289201888994
0.00016913362584562751
0.00021642196109338834
0.00025996826790082177
0.0003034221865050087
0.00046595600984399065
0.00040224611981938
0.0002189271079131913
4.9259224622816634e-5
1.5194956494133869e-5
0.0
0.0
0.0
0.0
0.0
0.0
0.0
0.0
0.0
0.0
0.0
0.0
6.29119577682006e-5
0.0001592660922463505
0.00014907953672602223
0.00024596095496949507
0.00020752352169274563
0.0003087211064764427
0.00024225034003975656
0.0004621707132932476
0.0003505628817121896
0.00014026451207204118
2.665359161088562e-5
8.479820368146052e-7
0.0
0.0
0.0
0.0
0.0
0.0
0.0
0.0
0.0
0.0
0.0
0.0
0.0
0.0
0.0
0.0
0.0
5.808627082178247e-5
0.00011608981445285961
0.00023580105401705735
0.0001680394530805091
5.01263776430583e-5
7.781501268477068e-6
0.0
0.0
0.0
0.0
0.0
0.0
0.0
0.0
0.0
0.0
0.0
0.0
0.0
0.0
0.0
0.0
0.0
0.0
0.0
0.0
0.00010877393501375283
6.796827093693119e-5
3.7465709159156814e-5
8.362264968238886e-6
0.0
0.0
0.0
0.0
0.0
0.0
0.0
0.0
0.0
0.0
0.0
0.0
0.0
0.0
0.0
0.0
0.0
0.0
0.0
0.0
7.91961625834141e-5
5.299734551486263e-5
2.7666342356689455e-5
2.9412525998509414e-6
0.0
0.0
0.0
0.0
0.0
0.0
0.0
0.0
0.0
0.0
0.0
0.0
0.0
0.0
0.0
0.0
0.0
0.0
0.0
0.0
0.0
6.516474920770354e-5
4.196546435171476e-5
2.2537550693394136e-5
4.288505418294231e-6
0.0
0.0
0.0
0.0
0.0
0.0
0.0
0.0
0.0
0.0
0.0
0.0
0.0
0.0
0.0
0.0
0.0
0.0
0.0
0.0
0.0
0.0
0.0
0.0
0.0
0.0
0.0
0.0
0.0
0.0
0.0
0.0
0.0
0.0
0.0
0.0
0.0
0.0
0.0
0.0
0.0
0.0
0.0
2.3765150657015784e-5
5.320855065623978e-6
0.0
0.0
0.0
0.0
0.0
0.0
0.0
0.0
0.0
0.0
0.0
0.0
0.0
0.0
0.0
0.0
0.0
0.0
0.0
0.0
0.0
0.0
4.346725531775555e-5
2.2145292741470427e-5
3.20686713581451e-6
0.0
0.0
0.0
0.0
0.0
0.0
0.0
0.0
0.0
0.0
0.0
0.0
0.0
0.0
0.0
0.0
0.0
0.0
0.0
0.0
0.0
2.840143349229476e-5
1.0219479417597316e-5
0.0
0.0
0.0
0.0
0.0
0.0
0.0
0.0
0.0
0.0
0.0
0.0
0.0
0.0
0.0
0.0
0.0
0.0
0.0
0.0
0.0
0.0
7.208107704554052e-5
4.559227675522368e-5
2.4385106948145324e-5
1.982344834759311e-6
0.0
0.0
0.0
0.0
0.0
0.0
0.0
0.0
0.0
0.0
0.0
0.0
0.0
0.0
0.0
0.0
0.0
0.0
0.0
0.0
7.404280942988567e-5
4.28529761776511e-5
1.761350846414862e-5
1.60291027041313e-7
0.0
0.0
0.0
0.0
0.0
0.0
0.0
0.0
0.0
0.0
0.0
0.0
0.0
0.0
0.0
0.0
0.0
0.0
0.0
0.0
0.0
0.0
0.0
0.0
0.0
0.0
0.0
0.0
0.0
0.0
0.0
0.0
0.0
0.0
0.0
0.0
0.0
0.0
0.0
0.0
0.0
0.0
0.0
0.0
0.0
0.0
0.0
0.0
0.0
0.0
0.0
0.0
0.0
0.0
0.0
0.0
0.0
0.0
0.0
0.0
0.0
0.0
0.0
0.0
0.0
0.0
0.0
0.0
0.0
0.0
0.0
0.0
0.0
0.0
0.0
0.0
0.0
0.0
0.0
0.0
0.0
0.0
0.0
0.0
0.0
0.0
0.0
0.0
0.0
0.0
0.0
0.0
0.0
0.0
0.0
0.0
0.0
0.0
0.0
0.0
0.0
0.0
0.0
0.0
0.0
0.0
0.0
0.0
0.0
0.0
0.0
0.0
0.0
0.0
0.0
0.0
0.00010272957131544116
7.338853637957808e-5
5.249097183471253e-5
2.3726249567467352e-5
9.5386498634988e-7
0.0
0.0
0.0
0.0
0.0
0.0
0.0
0.0
0.0
0.0
0.0
0.0
0.0
0.0
0.0
0.0
0.0
0.0
0.0
8.042165258168966e-5
5.313401974989053e-5
3.2626442858133976e-5
9.023067468117147e-6
0.0
0.0
0.0
0.0
0.0
0.0
0.0
0.0
0.0
0.0
0.0
0.0
0.0
0.0
0.0
0.0
0.0
0.0
0.0
0.0
3.5823893424726276e-5
1.5573055883561286e-5
1.8397052236562533e-7
0.0
0.0
0.0
0.0
0.0
0.0
0.0
0.0
0.0
0.0
0.0
0.0
0.0
0.0
0.0
0.0
0.0
0.0
0.0
0.0
0.0
0.0
1.855143147658587e-5
7.968524801008181e-6
0.0
0.0
7.3364815589553416e-6
4.673416745706066e-5
6.277134230908757e-5
6.598419984462855e-5
6.294901768147585e-5
0.0
0.0
0.0
7.20937469343838e-5
0.00014916788433069487
0.00019760198451123558
0.00019799616250175213
0.00022682615122476802
0.0002519402173847834
0.00030460414766926016
0.00033853037108117645
0.0003879316156492414
0.00040525569473014525
0.00045923520503671125
0.00048345532179582207
0.0005547031453667643
0.0004843200057085274
0.0004010569523119465
0.0002653867499199044
0.00015242931237234033
4.219672346405742e-5
0.0
0.0
0.0
0.0
0.0
0.0
9.653243017437552e-5
0.00026467663057765654
0.00024129873710533375
0.00039163545678367245
0.00033776542908388086
0.0005161898897534366
0.0004025390586853817
0.0005732674618789572
0.00044314936952460985
0.0006229435818588707
0.00047862923998019316
0.0006561907803852838
0.0007422176832635627
0.0005301721059464074
0.0002761984166784108
7.65416511474857e-5
3.251149479388455e-5
1.3209604040488298e-5
3.7342021835514372e-6
0.0
0.0
0.0
0.0
0.0
0.0
0.0
0.0
0.0
4.266930258900592e-5
5.047934794066403e-5
3.650450350259934e-5
4.703030191984667e-5
4.9739797917554945e-5
5.2270055615170095e-5
5.533158936355384e-5
6.635679576733262e-5
0.00013321889304573274
8.399194906055649e-5
5.8690437621883415e-5
3.328798789056446e-5
1.2826065443187767e-5
2.8916461037487674e-7
0.0
0.0
0.0
0.0
0.0
0.0
0.0
0.0
0.0
0.0
0.0
0.0
0.0
2.7479747894921604e-5
5.122474018797192e-5
7.389634003671428e-5
9.986324345558444e-5
0.0001651148548085446
0.0002989979548086328
0.00023500775603715345
0.000189785918937547
0.00015081805915237632
0.0001341612552679318
0.00010235852706862106
5.4789082024004945e-5
4.5501407308817123e-5
4.7555424021191715e-5
5.248355057179461e-5
6.356870460600539e-5
9.398708515909787e-5
0.00012352604651445507
0.00012321023871088437
0.00014862124311199
0.00017389489806924225
0.00021087828434521793
0.00022628243356767396
0.00024589314751402293
0.00022867234740322557
0.0002583181128942939
0.0002547518365217466
0.0002711217201690416
0.0002592306895352784
0.000368529969097879
0.0002805071061148221
0.0002040207993882366
0.00012797460225777183
7.238673560711822e-5
5.2229203101418744e-5
4.803773308355217e-5
3.9385584311849004e-5
3.26080676190119e-5
2.7600154406662085e-5
2.860399134048906e-5
0.0
0.00015318380021325486
0.00021849223798136872
0.00025892296119627413
0.0003030091815496132
0.0003188993090631708
0.00037854714259455543
0.0004054711268719427
0.00042387242799919375
0.0003951762168145619
0.0004797996320819764
0.0004979939974866396
0.000577550419894657
0.0008063264240503638
0.0006151129912399273
0.0003352425567628452
8.50157132678546e-5
2.817740948000022e-5
9.953573863742329e-6
1.7221670197177244e-6
0.0
0.0
0.0
0.0
0.0
0.0
4.3935785579518434e-5
0.00017730797144123017
0.0002344153058477345
0.000311411278238534
0.000341343124162706
0.00040839370967394163
0.0004037111658434708
0.00047871968131970926
0.0004690595910295868
0.000531059319987428
0.0004947853864281221
0.0005663377947983812
0.0004490304198738314
0.00030144189172293535
7.507560245671018e-5
0.0
0.0
0.0
0.0
0.0
0.0
0.0
0.0
0.0
0.0
0.0
5.9995846874159535e-5
0.00014610646106921762
0.00026901349696327866
0.0002499064013750843
0.00038530585189869044
0.0003348173504523931
0.0004572419863932787
0.0003627702398641591
0.000508905112617477
0.00041007864097197756
0.00046544201392149584
0.0002027862047948977
4.981401126366436e-5
0.0
0.0
0.0
0.0
0.0
0.0
0.0
0.0
0.0
0.0
0.0
5.41512923336508e-5
0.00012977157484656137
0.0002078570125194359
0.0002397199831668
0.00030153547799616974
0.0003281371953871127
0.00037391655788050933
0.0003769402822049452
0.00041107200250040956
0.0005371542252320535
0.0003776062239112717
0.00013631126821433737
3.227963419703648e-5
2.4825876797131357e-6
0.0
0.0
0.0
0.0
0.0
0.0
0.0
0.0
0.0
0.0
0.0
5.624888292716239e-5
0.00011871518225880452
0.00022508697718854017
0.0002148189434495372
0.00034865605315532024
0.0002832218319389533
0.000417560883780303
0.0003446384413545073
0.0005706666389344483
0.00036082259786623315
0.00013231059729442034
3.1701772999061496e-5
3.7081987575385465e-6
0.0
0.0
0.0
0.0
0.0
0.0
0.0
0.0
0.0
0.0
0.0
0.0
2.9626204190538823e-5
8.715722388037652e-5
0.00011267094466054543
0.0001974158673258196
0.00016663521641701063
0.00023235011398619555
0.000163668913858498
0.0002886633827797217
0.00017766914216545523
5.802805589210463e-5
1.5544173672210177e-5
0.0
0.0
0.0
0.0
0.0
0.0
0.0
0.0
0.0
0.0
0.0
0.0
0.0
0.0
0.0
0.0
0.0
0.0
0.0
0.0
6.432089663733967e-5
3.7284755225230746e-5
1.6869105982765174e-5
1.709330212402126e-6
0.0
0.0
0.0
0.0
0.0
0.0
0.0
0.0
0.0
0.0
0.0
0.0
0.0
0.0
0.0
0.0
0.0
0.0
0.0
0.0
0.00010307393532428736
6.671915072081025e-5
3.828549858542084e-5
1.911460695330398e-5
1.9934973838946527e-6
0.0
0.0
0.0
0.0
0.0
0.0
0.0
0.0
0.0
0.0
0.0
0.0
0.0
0.0
0.0
0.0
0.0
0.0
0.0
0.0
0.0001193850086712204
7.726602306169101e-5
4.5986965996616746e-5
1.888468061217251e-5
2.224122363528144e-6
0.0
0.0
0.0
0.0
0.0
0.0
0.0
0.0
0.0
0.0
0.0
0.0
0.0
0.0
0.0
0.0
0.0
0.0
0.0
0.0
0.0
0.0
0.0
0.0
0.0
0.0
0.0
0.0
0.0
0.0
0.0
0.0
0.0
0.0
0.0
0.0
0.0
0.0
0.0
0.0
0.0
0.0
4.570047378669886e-5
1.8519965018711727e-5
1.6928210551102067e-7
0.0
0.0
0.0
0.0
0.0
0.0
0.0
0.0
0.0
0.0
0.0
0.0
0.0
0.0
0.0
0.0
0.0
0.0
0.0
0.0
0.0
5.6449061762046216e-5
2.7427649156344554e-5
2.8081272946716213e-6
0.0
0.0
0.0
0.0
0.0
0.0
0.0
0.0
0.0
0.0
0.0
0.0
0.0
0.0
0.0
0.0
0.0
0.0
0.0
0.0
0.0
3.4678426814559785e-5
8.00085316827524e-6
0.0
0.0
0.0
0.0
0.0
0.0
0.0
0.0
0.0
0.0
0.0
0.0
0.0
0.0
0.0
0.0
0.0
0.0
0.0
0.0
0.0
0.0
0.0
0.0
0.0
0.0
0.0
0.0
0.0
0.0
0.0
0.0
0.0
0.0
0.0
0.0
0.00010948446051686178
0.00017491354793562044
0.00022401302553869262
0.0002839846544118337
0.0003021991139753818
0.00033951688333748497
0.00036880287613809187
0.00042023733349876924
0.0004147041191516769
0.00046992700963263033
0.0006717731869282861
0.0005328256300300763
0.00022593095237387936
4.326613435695768e-5
1.195235582362786e-5
0.0
0.0
0.0
0.0
0.0
0.0
0.0
0.0
0.0
0.0
0.0
0.0
0.0
0.0
0.0
0.0
0.0
0.0
0.0
0.0
4.441894217283877e-5
2.370744731676481e-5
7.517381810742786e-6
1.4772576637099808e-8
0.0
0.0
0.0
0.0
0.0
0.0
0.0
0.0
0.0
0.0
0.0
0.0
0.0
0.0
0.0
0.0
0.0
0.0
0.0
0.0
0.0
0.0
0.0
0.0
0.0
0.0
0.0
0.0
0.0
0.0
0.0
0.0
0.0
0.0
0.0
0.0
0.0
0.0
0.0
0.0
0.0
0.0
0.0
1.1893919400362712e-6
0.0
0.0
0.0
0.0
0.0
0.0
0.0
0.0
0.0
0.0
0.0
0.0
0.0
0.0
0.0
0.0
0.0
0.0
0.0
0.0
0.0
0.0
0.0
7.036967304090277e-5
5.0462495580730417e-5
3.919441539741548e-5
2.9161607943729823e-5
1.4720164406861705e-5
1.5306248477345057e-6
0.0
0.0
0.0
0.0
0.0
0.0
0.0
0.0
0.0
5.761452837426754e-5
0.0001173072287305375
0.00016048424486253906
0.00016884705180609556
0.00019035216799749886
0.00022799080529620514
0.0002803461240235266
0.0002904159022720833
0.00033823501655876623
0.00047876101831894377
0.00038553612668581214
0.0002614803082998481
0.00012826842356525022
5.124999365523081e-5
3.118575071324529e-5
2.1153260560908006e-5
8.964907664395653e-6
6.858465245487067e-6
8.050968822216083e-6
1.5862656324355278e-5
0.0
8.15697504849307e-5
0.00019246984621786495
0.0002989374755744731
0.0003614672256366341
0.0004195204732205139
0.0004627631626860774
0.0005476354859551117
0.0005545997805641836
0.000618608351069793
0.0006355592482769746
0.0007038977813297301
0.0007041307521726191
0.000960471933483968
0.0008270438750627909
0.0006243085087826188
0.000348358030656908
0.000135397776730615
4.309566913146435e-5
3.3302345273731156e-5
1.9692052763924757e-5
1.1602085534862862e-5
1.1307176359522433e-5
2.1074560765312364e-5
0.0
6.953176384163713e-5
0.0001313132697082384
0.0001953551883206952
0.00021947655224923695
0.00025120961435158665
0.0002545456474022812
0.0002687909817504604
0.00025660932733773166
0.0002932284263342502
0.00030792755657523983
0.0003492871343308427
0.00034341439300324795
0.00047329746807733977
0.0003236489246990913
0.00014759142745636921
5.2393273946987136e-5
2.7440708139127728e-5
3.1779806567373613e-6
0.0
0.0
0.0
0.0
0.0
0.0
0.0
0.0
0.0
0.0
0.0
0.0
0.0
0.0
0.0
0.0
0.0
0.0
0.0
7.22152987819146e-5
4.329162500861744e-5
1.8974145243850775e-5
3.363069160860457e-6
0.0
0.0
0.0
0.0
0.0
0.0
0.0
0.0
0.0
0.0
0.0
0.0
0.0
0.0
0.0
0.0
0.0
0.0
0.0
0.0
0.0
0.0
0.0
0.0
0.0
5.305586681270361e-5
0.00023977493447098545
0.0003260933318001029
0.0003770523698571837
0.0003802360540499682
0.0004104307369334006
0.0004345162520428867
0.0004863672886541962
0.0004886530878976884
0.0005085107699520813
0.0005121176837194967
0.0005697261225286537
0.0005643258877766563
0.0006021949019652906
0.000590580795172215
0.0006730440157703109
0.000696498622165812
0.0007835326235521935
0.0010631091051053652
0.0009756829004927301
0.0009119830200083013
0.000845621277343075
0.0006835729734598801
0.0005169493066088198
0.00037885816622346846
0.00022857266224478832
0.0001389688903903975
0.00011138149524987431
0.0002166669200046058
0.000346584985453523
0.0004138849748430856
0.000657508238963589
0.0005526206503953565
0.0007789168934323079
0.0006185695428426174
0.0008290817733924172
0.0006363733288678824
0.0008618850903738056
0.0007522388239730433
0.001023066587036082
0.0008387184583019643
0.0010764180706879824
0.0012400356214180962
0.0009475408452694505
0.0005810438428181559
0.0002403348533560928
6.052706085072346e-5
2.927796885829995e-5
1.7224552712543864e-5
2.014463176533858e-6
0.0
0.0
3.8441255390851233e-7
0.0
0.0
0.0
2.803733086218814e-5
2.026717468918287e-5
5.98544651560883e-5
5.911538745056405e-5
3.469063438301128e-5
9.948789932044245e-6
0.0
0.0
0.0
0.0
0.0001149930035440005
6.865162387018055e-5
4.2724223065193676e-5
2.4228500401220324e-5
1.0749097252674392e-5
1.1574554406314595e-6
0.0
0.0
0.0
0.0
0.0
0.0
0.0
0.0
0.0
0.0
0.0
9.265540987525872e-5
0.0001415345455596913
0.00016485859659975345
0.00018006455206741757
0.00016320357092890761
0.0001560010178579855
0.00015702115826203518
0.0002541427005790018
0.00019507124029683509
0.00016530325579496027
0.00012620525904285423
0.00010338426500461654
9.818995187746883e-5
0.00010869101769714699
0.00010929860082886844
0.00011793008357038052
0.00013539283654398444
0.00020123272842044273
0.0002454583893038199
0.00026447816239792384
0.00038044056196816396
0.00032004695157634516
0.00044612729017564907
0.0003904143775190904
0.0005199350858103567
0.0004294791744892371
0.0005763137448097682
0.00048546027479395853
0.000648173067404984
0.0005638404396155926
0.0007719139509096143
0.0009950191371226273
0.0009584204351879942
0.0009301363302071197
0.0008849541548201521
0.0008444223384755969
0.000766790285117866
0.0007472621035762757
0.0007361494061998145
0.0007971644674033797
0.000892446729189798
0.0009530248973244052
0.0008557495401667158
0.0008517075609048566
0.0011390565422160445
0.0009475867150597415
0.001140999562802378
0.0009596592606651253
0.0011754819326526293
0.0009543069524964432
0.001171190697877161
0.0010548528411756168
0.001312369221804746
0.001152010970689979
0.0014413978015397116
0.001300393465358171
0.0017954631657830947
0.0014502137125185412
0.0011737176033287478
0.0008922467110468479
0.000730016379985249
0.0006791518235675373
0.0006179942517795898
0.0005692419192371869
0.0005645366471268651
0.0004832571091220392
0.0005227196999798044
0.0007987245606450918
0.0009170660350623143
0.0013266786901378195
0.0012120797513691113
0.0014957915529087902
0.0013810475737879046
0.001682084538765383
0.001538299066521499
0.0018207334974304173
0.001693730935097982
0.0019325259435112362
0.0017846915750232971
0.002018296570337129
0.001750040055852981
0.001615380074399118
0.0009787610216953466
0.0007013785543995071
0.0004406359483348055
0.0005311184822606785
0.0003593255423036832
0.0004392317218875621
0.0003695909602432694
0.0004927998407299298
0.0004398500769549664
0.0006241867676655207
0.0005427739200785704
0.0007299992324093995
0.0006207628282209345
0.0007983327724417532
0.0006665579930503588
0.0007997259991885788
0.000716438829654809
0.001079177594690934
0.0010195759850336898
0.0011632274881196848
0.0009197399346999634
0.0013401305466761082
0.0010770470299493223
0.0008396559847106181
0.0006717699565603882
0.0005338108717267899
0.0004543745221791736
0.00040268038055969773
0.00027574373438109305
0.0001855006238091228
0.0001619444533006738
0.00025884366851933524
0.0003920811937838297
0.00046970838496091655
0.0007158092412872369
0.0006030402257759552
0.0009506244645299503
0.0009468776665323748
0.0012961585986205806
0.001123140007973376
0.0014060004475571054
0.0012004974828478412
0.0014791197717554656
0.001255900883403281
0.0015872364168368885
0.0018911644567298845
0.0017064795500442063
0.0011200540003396442
0.0006255608205130049
0.00038096784758555655
0.00020473620389993417
0.00012775591883761283
5.640303313189123e-5
4.004402511626356e-5
3.8281450100615045e-5
5.204733751111124e-5
0.00015909030232067397
0.0002819232935463649
0.00032136165614702695
0.00036742036470937975
0.000371222764625278
0.00041237672620811686
0.0004331593903845046
0.0005015781302001772
0.0005241857046988622
0.0005882209641252666
0.0005740779966526884
0.000615843955327128
0.0005513207615851172
0.0007085239326272085
0.0005592308876415241
0.00044559614010544475
0.0003058923084975083
0.00016832821827772988
8.875136568963556e-5
6.683114216500168e-5
5.6412625040329005e-5
5.3115513053654264e-5
5.938717737415499e-5
8.532372843867468e-5
0.0001154215017787724
0.00014891707630478303
0.0001592066758611811
0.00019510626197761163
0.00018810538138594224
0.0002002855945499493
0.00021224914705255307
0.00027736142559423455
0.0002832652022318342
0.000315576352619793
0.00029708531832072486
0.0003391956125856949
0.0003265353764106913
0.00048613732772317513
0.0004275275069283564
0.00037696284977294754
0.0003226486197018762
0.0002928601072386139
0.00026795792023391753
0.0002460341915778946
0.00019464626125324967
0.00026649809445726584
0.0003792337671391028
0.00042201395359483265
0.0003948550068026897
0.000391584589790887
0.0005207699701218794
0.0004191259021331972
0.000539541362755487
0.00041564935036913434
0.0005187088229414335
0.00041421278021430957
0.000532307863652282
0.00042997302706347077
0.0005434609612392106
0.0004182184855971757
0.0005153910250098405
0.0006350370616263325
0.0005425637402469228
0.00046151974467370836
0.00037091665117150175
0.00029236334333041186
0.00021047659135316253
0.0001400356264367148
7.477202705525578e-5
7.004394222663998e-5
8.637031717370012e-5
8.582011171669586e-5
0.00010670873869131501
0.00014374989988107123
0.00014245157248501744
0.00014368376121999364
0.00015686915858895172
0.000179278924901878
0.00014830900765201263
0.0001379998448633565
0.00014137124943684016
0.00015844018394049753
0.0001550400646205952
0.00018659321120263883
0.0002015538830693733
0.00023955698749743805
0.00036219609250391416
0.00021343567406630808
8.977934988737005e-5
6.417877150250234e-5
4.541866689473293e-5
3.376870612468728e-5
1.97512820183686e-5
1.1390918131893757e-5
1.3429949131543982e-5
0.0
0.0
0.0
0.0
7.265042555397378e-5
0.00013393876960856877
0.00018373976665775669
0.0002124331437974764
0.00028788766751245646
0.00031931894622016344
0.0003538860988393464
0.0003685066399907088
0.0004335885431964446
0.00044103379001776905
0.000502474858302967
0.0004829419886354481
0.0004523305837127896
0.0003250406930904446
0.00024134471801980236
0.0001092598420300458
6.414983916777434e-5
0.0
0.0
0.0
3.033445021414379e-5
0.00022277841262380473
0.0003479226795852765
0.0004603805067728513
0.00045489869612044224
0.00042555569781153993
0.0003964722796074129
0.0005154190892416953
0.0005113754449094956
0.0005966710660606753
0.000548956038684581
0.0005787863041657288
0.0005109846518450748
0.0005643876397610308
0.000735491145404619
0.0006202514749827381
0.00041189593052561995
0.0001400280813440232
5.0872020776099364e-5
2.8820635293436234e-5
1.7991758066380306e-5
2.0908910881024847e-6
0.0
0.0
0.0
0.0
0.0
0.0
0.0
0.0
0.0
0.0
0.0
0.0
0.0
0.0
0.0
0.0
8.830474724373804e-5
5.6368327617323623e-5
3.451414325979025e-5
1.39140015809012e-5
2.4437915726405713e-6
0.0
0.0
0.0
0.0
0.0
0.0
0.0
0.0
0.0
0.0
0.0
0.0
0.0
0.0
0.0
0.0
0.0
0.0
0.0
6.427327556585415e-5
3.8615237457593216e-5
2.000409050849908e-5
2.2190335990923904e-6
0.0
0.0
0.0
0.0
0.0
0.0
0.0
0.0
0.0
0.0
0.0
0.0
0.0
0.0
0.0
0.0
0.0001365477020888822
0.00022597409424483938
0.00028796126119191455
0.0003709083606705713
0.0005609192868901533
0.0005368816406112738
0.0004358628560235863
0.00027529673777444084
0.00015023692032885573
5.9043045491368956e-5
4.548277941155116e-5
3.531780092060941e-5
2.8534261815121864e-5
3.048419914467461e-5
4.397159395176326e-5
0.00021428000174231857
0.0004301665410565197
0.0005144484275150543
0.0006322191966334797
0.0006546732379454286
0.0007838113150240668
0.0007441981198384938
0.0008527759704852737
0.000890940892029145
0.0010945691938514606
0.0010209299138501983
0.0012555592269409995
0.0012192532023920003
0.0017036898082308008
0.001505994359344376
0.0009509355763811047
0.0005084604115814283
0.00024220277132408884
9.468802936831861e-5
4.9491412179655754e-5
3.3437167857339375e-5
2.7834334889995595e-5
3.0253759164890853e-5
3.947939954470194e-5
5.438597251731904e-5
0.00017305013714834163
0.000367718950396277
0.0003413787225341526
0.0004984918879709589
0.00039816622072632544
0.0004837709286000512
0.0003693230036059422
0.0004846815689321107
0.00043375361338293824
0.0005841045390327728
0.00048137229569863993
0.0006510695553425002
0.0005378878023306091
0.0008027570760302943
0.0005667296188482289
0.00040425695463219293
0.00024248417299118583
9.031882423388218e-5
6.918483607055629e-5
5.8160743397895765e-5
5.2892447457520615e-5
5.040173600695604e-5
0.0
0.0
0.0
0.0
3.410857285043566e-5
4.9383950320249635e-5
5.5579584235102406e-5
7.528940177011038e-5
8.27880254970326e-5
0.00016846885273549264
0.00015597928127180472
0.0003034512249653179
0.0003045361599855069
0.00043638237868117173
0.0003532098711764246
0.00047673921726245467
0.0003343303841916754
0.00036078987597798235
0.0002136459905129842
0.00021211937611830356
9.913760480541183e-5
6.022153886434485e-5
0.0
2.576886268884196e-5
7.829310872684926e-5
0.00019789152393330547
0.00048324744689469976
0.0004934167667165107
0.000707717053599948
0.0006123089721603027
0.0008248906202776045
0.0006928174613167392
0.0009062704992328341
0.0008650871180218076
0.0011496923659163822
0.000984507188800701
0.0012271479102674671
0.001092346608333319
0.0012593189824558232
0.0008683044867807554
0.000754029033679796
0.0004268792005095483
0.0003312767650736611
0.0001263466552787616
0.0
0.0
0.0
0.0
0.0
5.304631112915459e-5
0.00012882972967042438
0.0002486672568640236
0.00022496965873405715
0.00036820605904729406
0.00029707164148353056
0.00041497519762163893
0.00033319116919275463
0.0004800889211759254
0.0003727941035142887
0.0005161991465169305
0.00038120337647515356
0.00046927140008506604
0.0005337186414473301
0.000402420103638618
0.0002581258029456511
9.970072364862874e-5
4.389779353752218e-5
2.51342198838494e-5
1.8752868101741532e-5
1.1555749586612247e-5
9.969939428084444e-6
1.1075588094577251e-5
1.7404495173492855e-5
0.0
0.0
0.0
0.0
5.771397334118011e-5
0.00012039527519420999
0.00016604217563644206
0.00016852631456984698
0.00021635840085178462
0.00024007106228225258
0.00027952274743711224
0.00027964047832559544
0.00033615212926723265
0.0005125728284367799
0.0004782400876901457
0.00040894660483391536
0.00030370535182034595
0.00020926611668081066
0.00015087377631722542
0.00010763416313931555
5.215467169720133e-5
4.8890013964758645e-5
4.646693906147746e-5
5.3928831229146376e-5
7.099900279582752e-5
0.0001830345198916406
0.0002105345945892903
0.0004142845706152203
0.00034668047418064617
0.0004988191699831522
0.000419956548989068
0.000643129522941973
0.0005225346726477488
0.0007370304078416872
0.0005712134869875098
0.0007865276672839677
0.0006037276267957159
0.001055872308123337
0.0008420826089559826
0.0006290707025602343
0.00039698782290421066
0.0002401943473881499
0.0001039814617099441
5.182266533419075e-5
3.099181279539866e-5
2.605042247887287e-5
2.8649937005890558e-5
3.6159909737545527e-5
0.0
2.689631839982037e-5
5.5257856042028675e-5
0.00010167572121284242
0.00014686053872649618
0.00016885176116112325
0.00016017681120175303
0.00016474035995685848
0.0001500857297513087
0.0001638094477867179
0.000172569356342146
0.0001805084303663417
0.00017637188132253105
0.00024297891117333782
0.00013451680135626742
7.789208265909285e-5
5.5496793058378596e-5
4.2521700625384316e-5
3.70026627759916e-5
3.614636350113212e-5
2.8025711515033747e-5
2.4610127214582418e-5
2.2041666418692218e-5
2.148673850276978e-5
0.0
0.0
0.0
0.0
0.0
0.0
0.0
0.0
0.0
0.0
0.0
0.0
0.0
0.0
0.00011397840208276918
8.441582640151888e-5
6.754556103710629e-5
5.921948288465602e-5
5.190011056171741e-5
5.250082012534819e-5
4.577545542306866e-5
3.877144744255562e-5
3.7641597622903524e-5
0.0
0.0
0.0
0.0
0.0
0.0
0.0
0.0
0.0
7.77015349049152e-5
0.00020898097263817957
0.00019450026664708927
0.0003044556023250967
0.0002455109275405114
0.00039193738814473816
0.00038693863867419147
0.0005989020404584995
0.0004119626319171438
0.0004915672447786119
0.0003452704226756988
0.0004456830579322786
0.0003856041573853761
0.0005579563012887725
0.00042043881875967164
0.0006038568249824113
0.0004785339233163129
0.000676921115031321
0.0005331906307347204
0.0007320163228363184
0.0005637068088089186
0.0007846422679692945
0.000614299938647237
