0.0009833173691854936
0.0
0.0
0.0
0.0
0.0
5.240890090055874e-6
8.186996578090488e-6
0.0
7.174429091965819e-5
0.0
0.0
0.0
0.0
0.0
0.0
0.0
0.0
0.0
0.0
0.0
6.911635777893169e-5
0.001020665052822241
0.002749629402697102
0.0066417897932289985
0.0
0.0
0.0
0.0
0.012359325222222436
0.011614153090037903
0.008608730497185134
0.006442630327142919
0.0036052358850744756
0.001075681088632303
5.252567391866714e-6
0.0
0.0
2.8506952741593536e-5
0.0
0.0
0.0
0.0
4.0688518087609944e-5
2.670695137475293e-5
0.002114708056321741
0.004885249372526939
0.007823918568226939
0.01175719391534878
0.0
0.0
0.0
0.0
0.017674175271889032
0.01755396902686893
0.012902789038232573
0.007987695803012056
0.004251050728049875
0.001273802807525015
4.090822868934962e-6
0.0
0.0
0.0
0.0
0.0
8.41819574640744e-6
0.0
3.5600017273611406e-5
1.2866471198991175e-5
0.0028583229591724155
0.0047172796892135955
0.00552735600241487
0.008456410792849268
0.0
0.0
0.0
0.0
0.009059644938652479
0.006867990608016693
0.0034740751220687627
0.0018562295604684386
0.00034507259059306987
0.0
0.0
0.0
0.0
0.0
0.0
0.0
0.0
0.0
0.0
0.0
0.0
0.0
2.139975490767564e-5
5.766373691143875e-5
0.0
0.0
0.0
0.0
0.0
0.0
0.0
0.0
0.0
0.0
0.0
0.0
0.0
0.0
0.0
0.0
0.0
0.0
0.0
0.0
0.0
0.0
0.0
4.359297896176533e-5
0.0
0.0
0.0
0.0
2.298525806908416e-6
0.0
0.0
0.0
0.0
0.0
0.0
0.0
0.0
0.0
0.0
0.0
0.0
0.0
0.0
0.0
0.0
1.0224378319173519e-5
6.0403862299110667e-5
0.00011610680546075861
0.0
0.0
0.0
0.0
0.0005327043334392567
0.0
0.0
0.0
3.538130566053585e-6
0.0
0.0
0.0
0.0
0.0
0.0
0.0
0.0
0.0
0.0
0.0
0.0
0.0
0.0
0.00011225822160187611
0.0
0.0
0.0
0.0
3.439063324184029e-5
0.0
0.0
0.0
0.0
0.0
0.0
0.0
0.0
0.0
0.0
0.0
0.0
0.0
0.0
0.0
0.0
5.201000380686794e-5
4.192077136106664e-5
0.001928959816505783
0.0
0.0
0.0
0.0
0.008786018734216387
0.007676735937048938
0.004424712585183543
0.0008923477129197238
8.167474516403961e-6
0.0
0.0
0.0
0.0
0.0
0.0
0.0
0.0
0.0
0.0
0.0
0.0
0.0
0.0
4.425560290251207e-5
0.0
0.0
0.0
0.0
0.0
0.0
0.0
0.0
0.0
0.0
0.0
0.0
0.0
0.0
0.0
0.0
0.0
0.0
0.0
0.0
0.0
0.0
0.0
7.427645154637071e-5
0.0
0.0
0.0
0.0
0.00012375443724000192
0.0
1.1759549125616162e-5
0.0
1.9902053384132584e-5
0.0
0.0
0.0
0.0
0.0
0.0
0.0
0.0
0.0
0.0
0.0
0.0
0.0
5.57807686277558e-5
0.00012905960957615306
0.0
0.0
0.0
0.0
0.0030955193357637364
0.003050952806143371
0.002813648287575742
0.004699545126686351
0.006292198038163445
0.008371840660455251
0.006342354380203173
0.0029029112002178377
0.00289438180689623
0.0039687386025842215
0.004158544279281285
0.003088737468347839
0.0020451769320130953
0.0010984861468678036
0.001853422440449759
0.002824390683339393
0.005775860585015539
0.006678149462471867
0.008368286937931032
0.01255042511916501
0.0
0.0
0.0
0.0
0.018273233003210154
0.016866038242458213
0.014376417663767103
0.01197071286547901
0.006764809924329599
0.002595341514077332
3.5338490282875757e-6
0.0
0.0
0.0
0.0
0.0
0.0
0.0
0.0
0.0
0.0
0.0
0.0
7.584930751318192e-5
0.0
0.0
0.0
0.0
0.0
5.921391358888556e-6
0.0
0.0
0.0
0.0
0.0
0.0
0.0
0.0
0.0
0.0
0.0
0.0
0.0
0.0
0.0
0.0
0.0
4.1241851838202576e-5
0.0
0.0
0.0
0.0
0.0
0.0
0.0
0.0
0.0
0.0
0.0
0.0
0.0
0.0
0.0
0.0
0.0
0.0
0.0
0.0
0.0
0.0
0.0
4.065687354182291e-5
0.0
0.0
0.0
0.0
6.742887271944527e-5
0.0
0.0
0.0
0.0
0.0
0.0
0.0
0.0
0.0
0.0
0.0
0.0
0.0
0.0
0.0
0.0
0.0
0.0
0.00012813529676020168
0.0
0.0
0.0
0.0
0.00012837161058757045
0.00015759392396767115
9.55271188223684e-6
3.1586342065633166e-6
0.0
0.0
0.0
0.0
0.0
0.0
0.0
0.0
0.0
0.0
0.0
0.0
0.0
0.0
0.0
4.801587645968259e-5
0.0
0.0
0.0
0.0
0.00011226087241082055
0.0
1.1790443496410715e-5
0.0
0.0
0.0
0.0
0.0
0.0
0.0
0.0
0.0
0.0
0.0
0.0
0.0
0.0
0.0
0.0
5.143781541550114e-5
0.0
0.0
0.0
0.0
2.2031761272498203e-6
0.0
0.0
0.0
0.0
0.0
0.0
0.0
0.0
0.0
0.0
0.0
0.0
0.0
0.0
0.0
0.0
0.0
0.0
4.53396202141494e-5
0.0
0.0
0.0
0.0
1.4178039464732413e-5
0.0
0.0
0.0
0.0
0.0
0.0
0.0
0.0
0.0
0.0
0.0
0.0
0.0
0.0
0.0
0.0
0.0
0.0
3.999372144807266e-5
0.0
0.0
0.0
0.0
2.3431382628769126e-6
0.0
0.0
0.0
0.0
0.0
0.0
0.0
0.0
0.0
0.0
0.0
0.0
0.0
0.0
0.0
0.0
0.0
0.0
3.873603273717722e-5
0.0
0.0
0.0
0.0
2.8228885167822345e-6
0.0
0.0
0.0
0.0
0.0
0.0
0.0
0.0
0.0
0.0
0.0
0.0
0.0
0.0
0.0
0.0
0.0
0.0
4.0230284396339065e-5
0.0
0.0
0.0
0.0
0.0
0.0
0.0
0.0
0.0
0.0
0.0
0.0
0.0
0.0
0.0
0.0
0.0
0.0
0.0
0.0
0.0
0.0
0.0
4.179106290735268e-5
0.0
0.0
0.0
0.0
0.0
0.0
0.0
0.0
0.0
0.0
0.0
0.0
0.0
0.0
0.0
0.0
0.0
0.0
0.0
0.0
0.0
0.0
0.0
4.0897924581409106e-5
0.0
0.0
0.0
0.0
3.838356089513035e-6
0.0
0.0
0.0
0.0
0.0
0.0
0.0
0.0
0.0
0.0
0.0
0.0
0.0
0.0
0.0
0.0
0.0
0.0
4.771248265549911e-5
0.0
0.0
0.0
0.0
2.074818706170753e-6
5.436986998974178e-6
0.0
0.0
0.0
0.0
0.0
0.0
0.0
0.0
0.0
0.0
0.0
0.0
0.0
0.0
0.0
0.0
0.0
4.148653938590347e-5
0.0
0.0
0.0
0.0
2.2702526087779825e-6
0.0
0.0
0.0
0.0
0.0
0.0
0.0
0.0
0.0
0.0
0.0
0.0
0.0
0.0
0.0
0.0
0.0
0.0
6.644555823739642e-5
0.0
0.0
0.0
0.0
0.0
0.0
0.0
0.0
0.0
0.0
0.0
0.0
0.0
0.0
0.0
0.0
0.0
0.0
0.0
0.0
0.0
1.3232516892270576e-5
4.400489949161656e-5
0.0010172432043011523
0.0
0.0
0.0
0.0
0.005219748714963061
0.004662597660844846
0.001416803824223946
8.56792179371236e-5
1.8354933061827154e-5
4.185272311818773e-6
0.0
0.0
0.0
0.0
0.0
0.0
0.0
0.0
0.0
0.0
7.591891253322105e-5
0.00014977208716911893
0.0013915185084371932
0.004665986730715064
0.0
0.0
0.0
0.0
0.006827478998387514
0.0061606358245196976
0.003336403141209779
0.00039022592762312974
6.6921081174198085e-6
0.0
0.0
0.0
0.0
0.0
0.0
0.0
0.0
0.0
0.0
0.0
3.921737841018366e-5
4.452800228263384e-5
0.0001463266239185183
0.004185058287946652
0.0
0.0
0.0
0.0
0.010841769494177035
0.00899985832588143
0.004572145853695216
0.000672131683683719
5.456107983420423e-6
0.0
0.0
0.0
0.0
0.0
0.0
0.0
0.0
0.0
0.0
0.0
4.6687373644765785e-5
7.726521036643974e-5
4.893100647169332e-5
0.0021159896046764135
0.0
0.0
0.0
0.0
0.002619702227704263
0.0019433421550132575
0.0
6.717229507654093e-6
0.0
0.0
0.0
0.0
0.0
0.0
0.0
0.0
0.0
0.0
0.0
0.0
0.0
0.0
1.621219723919736e-5
0.00013468692546715456
0.0
0.0
0.0
0.0
0.0010267091800210452
0.0010295481270777554
5.4903635460828946e-6
3.718634317836901e-6
0.0
0.0
0.0
0.0
0.0
0.0
0.0
0.0
0.0
0.0
0.0
0.0
0.0
0.0
0.0
7.732726674126235e-5
0.0
0.0
0.0
0.0
0.0
0.0
0.0
0.0
0.0
0.0
0.0
0.0
0.0
0.0
0.0
0.0
0.0
0.0
0.0
0.0
0.0
0.0
0.0
0.0001139125099310501
0.0
0.0
0.0
0.0
2.107272853123923e-5
0.0
0.0
0.0
3.3530478132017085e-5
3.288136335961358e-5
0.0
0.0
0.0
0.0
0.0
0.0
0.0
0.0
0.0
0.0
0.0
0.0
6.2855493941818e-5
0.0001473115627438145
0.0
0.0
0.0
0.0
0.0003095958512178992
0.0
2.2463108119810378e-5
0.0
0.0
0.0
0.0
0.0
0.0
0.0
0.0
0.0
0.0
0.0
0.0
0.0
0.0
0.0
1.8439222602352547e-5
0.0001020459817189223
0.0
0.0
0.0
0.0
2.3951788912943924e-6
5.307628933361615e-6
0.0
0.0
0.0
0.0
0.0
0.0
0.0
0.0
0.0
0.0
0.0
0.0
0.0
0.0
0.0
0.0
0.0
4.52440477200163e-5
0.0
0.0
0.0
0.0
0.0
0.0
0.0
0.0
0.0
0.0
0.0
0.0
0.0
0.0
0.0
0.0
0.0
0.0
0.0
0.0
0.0
0.0
0.0
4.614232639383179e-5
0.0
0.0
0.0
0.0
1.315956279373327e-5
0.0
0.0
0.0
0.0
0.0
0.0
0.0
0.0
0.0
0.0
0.0
0.0
0.0
0.0
0.0
2.1608637069102313e-5
9.173953232241064e-5
0.00026549643265495873
0.003387415822943275
0.0
0.0
0.0
0.0
0.00647210190754996
0.005494233848456665
0.0023023109163002827
0.0001898923010370203
3.0454308938209353e-6
0.0
0.0
0.0
0.0
0.0
0.0
0.0
0.0
0.0
0.0
0.0
6.087377614781867e-5
8.2014296853005e-5
0.001932159413012276
0.006136799608694639
0.0
0.0
0.0
0.0
0.010608995241181338
0.00945911188142923
0.006890248863842757
0.003885687137934574
0.000826901070045488
0.0
0.0
0.0
0.0
0.0
0.0
0.0
0.0
0.0
2.1416684509724855e-5
1.9728704068008215e-5
0.0011129257137013958
0.0018655484694656457
0.0027734833375847425
0.005441393795931222
0.0
0.0
0.0
0.0
0.007976100376930084
0.00659986995887572
0.0030586113980919827
0.0021413485593842116
0.0009274708565965087
5.91170797744727e-5
6.595182315603903e-6
0.0
0.0
0.0
0.0
0.0
0.0
0.0
0.0
5.64475497537881e-5
1.4051453695465367e-5
0.00034848844726185726
0.002806629918373185
0.007071523712709122
0.0
0.0
0.0
0.0
0.011758940408502479
0.0105988056812731
0.006775018993876566
0.0033463404189436096
0.000768528123679973
8.293793487462e-6
0.0
0.0
0.0
0.0
0.0
0.0
0.0
0.0
0.0
0.0
4.090748871583584e-5
5.729497163785656e-5
0.00010819874056501209
0.0029412977260329263
0.0
0.0
0.0
0.0
0.007071589262921032
0.005892629416972762
0.0016353422146156242
7.69991537616088e-6
2.1628677499825903e-6
0.0
0.0
0.0
0.0
0.0
0.0
0.0
0.0
0.0
0.0
0.0
0.0
0.0
3.304477378073496e-5
0.00011612082969742881
0.0
0.0
0.0
0.0
0.00167855208542651
0.0004429671383759246
1.8989437583660364e-5
0.0
0.0
0.0
0.0
0.0
0.0
0.0
0.0
0.0
0.0
0.0
0.0
0.0
0.0
0.0
0.0
7.622949370847839e-5
0.0
0.0
0.0
0.0
5.4661205102546394e-5
0.0
1.0045484479680908e-5
0.0
0.0
0.0
0.0
0.0
0.0
0.0
0.0
0.0
0.0
0.0
0.0
0.0
0.0
0.0
0.0
9.74424343170872e-5
0.0
0.0
0.0
0.0
4.432591615725595e-5
0.0
1.2199197518783364e-5
0.0
0.0
0.0
0.0
0.0
0.0
0.0
0.0
0.0
0.0
0.0
0.0
0.0
0.0
0.0
0.0
4.722820212341771e-5
0.0
0.0
0.0
0.0
0.0
0.0
0.0
0.0
0.0
0.0
0.0
0.0
0.0
0.0
0.0
0.0
0.0
0.0
0.0
0.0
0.0
0.0
0.0
4.460690148785478e-5
0.0
0.0
0.0
0.0
0.0
0.0
0.0
0.0
0.0
0.0
0.0
0.0
0.0
0.0
0.0
0.0
0.0
0.0
0.0
0.0
0.0
0.0
0.0
3.5577241806753963e-5
0.0
0.0
0.0
0.0
7.0174878475768445e-6
0.0
0.0
0.0
0.0
0.0
0.0
0.0
0.0
0.0
0.0
0.0
0.0
0.0
0.0
0.0
0.0
0.0
0.0
3.136778909145961e-5
0.0
0.0
0.0
0.0
6.953203329584718e-6
0.0
0.0
0.0
0.0
0.0
0.0
0.0
0.0
0.0
0.0
0.0
0.0
0.0
0.0
0.0
0.0
0.0
0.0
3.152611096773914e-5
0.0
0.0
0.0
0.0
3.0022077713286036e-6
0.0
0.0
0.0
0.0
0.0
0.0
0.0
0.0
0.0
0.0
0.0
0.0
0.0
0.0
0.0
0.0
0.0
0.0
3.448293655199026e-5
0.0
0.0
0.0
0.0
6.993135008388607e-6
0.0
0.0
0.0
0.0
0.0
0.0
0.0
0.0
0.0
0.0
0.0
0.0
0.0
0.0
0.0
0.0
0.0
0.0
3.568859255380916e-5
0.0
0.0
0.0
0.0
7.836709468967147e-6
0.0
0.0
0.0
0.0
0.0
0.0
0.0
0.0
0.0
0.0
0.0
0.0
0.0
0.0
0.0
0.0
0.0
0.0
4.0664176295953546e-5
0.0
0.0
0.0
0.0
3.471707471511677e-6
0.0
0.0
0.0
0.0
0.0
0.0
0.0
0.0
0.0
0.0
0.0
0.0
0.0
0.0
0.0
0.0
0.0
0.0
3.671076461790624e-5
0.0
0.0
0.0
0.0
1.0796453375656863e-5
0.0
0.0
0.0
0.0
0.0
0.0
0.0
0.0
0.0
0.0
0.0
0.0
0.0
0.0
0.0
0.0
0.0
7.125539976034872e-5
0.002500525427685712
0.0
0.0
0.0
0.0
0.007968896494428158
0.007566824630454907
0.002549176495459133
9.010548664168861e-5
1.4831687585208706e-5
4.053417677317662e-6
0.0
0.0
0.0
0.0
0.0
0.0
0.0
0.0
0.0
0.0
2.040023797237526e-5
3.737755735550581e-5
3.950301166052034e-5
0.0012788579088474188
0.0
0.0
0.0
0.0
0.0052921901076625625
0.003960621871286354
0.00013387429473756007
7.056397044380743e-6
0.0
0.0
0.0
0.0
0.0
0.0
0.0
0.0
0.0
0.0
0.0
0.0
0.0
0.0
0.0
3.9124788828422884e-5
0.0
0.0
0.0
0.0
0.0
0.0
0.0
0.0
0.0
0.0
0.0
0.0
0.0
0.0
0.0
0.0
0.0
0.0
0.0
0.0
0.0
0.0
0.0
0.00010662717126068678
0.0
0.0
0.0
0.0
0.00364146761753356
0.003652501131201233
0.00019060463839050778
5.40228831795055e-6
0.0
0.0
0.0
0.0
0.0
0.0
0.0
0.0
0.0
0.0
0.0
0.0
0.0
2.9063629772778322e-5
3.901891550342659e-5
0.00012834454594641152
0.0
0.0
0.0
0.0
0.003008035316014142
0.0014279364450602648
1.269072952976384e-5
1.9590412247666604e-6
0.0
0.0
0.0
0.0
0.0
0.0
0.0
0.0
0.0
0.0
0.0
0.0
0.0
0.0
0.0
4.7408766074953986e-5
0.0
0.0
0.0
0.0
0.0
0.0
0.0
0.0
0.0
0.0
0.0
0.0
0.0
0.0
0.0
0.0
0.0
0.0
0.0
0.0
0.0
0.0
0.0
3.655227912408801e-5
0.0
0.0
0.0
0.0
4.0599021334231e-6
0.0
0.0
0.0
0.0
0.0
0.0
0.0
0.0
0.0
0.0
0.0
0.0
0.0
0.0
0.0
0.0
0.0
0.0
3.420957992655235e-5
0.0
0.0
0.0
0.0
1.0585976790068653e-5
0.0
0.0
0.0
0.0
0.0
0.0
0.0
0.0
0.0
0.0
0.0
0.0
0.0
0.0
0.0
0.0
0.0
0.0
3.627661453816592e-5
0.0
0.0
0.0
0.0
3.6046884390659585e-6
0.0
0.0
0.0
0.0
0.0
0.0
0.0
0.0
0.0
0.0
0.0
0.0
0.0
0.0
0.0
0.0
0.0
0.0
4.4107694427853e-5
0.0
0.0
0.0
0.0
2.289049512333735e-6
0.0
0.0
0.0
0.0
0.0
0.0
0.0
0.0
0.0
0.0
0.0
0.0
0.0
0.0
0.0
0.0
0.0
0.0
4.22029075760148e-5
0.0
0.0
0.0
0.0
0.0
0.0
0.0
0.0
0.0
0.0
0.0
0.0
0.0
0.0
0.0
0.0
0.0
0.0
0.0
0.0
0.0
0.0
0.0
4.226628754346401e-5
0.0
0.0
0.0
0.0
4.4189519094184354e-6
0.0
0.0
0.0
0.0
0.0
0.0
0.0
0.0
0.0
0.0
0.0
0.0
0.0
0.0
0.0
0.0
0.0
0.0
3.551896395723372e-5
0.0
0.0
0.0
0.0
7.2433414379031735e-6
0.0
0.0
0.0
0.0
0.0
0.0
0.0
0.0
0.0
0.0
0.0
0.0
0.0
0.0
0.0
0.0
0.0
8.104573490655217e-5
0.00021804151520064542
0.0
0.0
0.0
0.0
0.005353270669690038
0.004362750516138629
0.00013526832822008644
0.0
5.108236693164337e-6
0.0
0.0
0.0
0.0
0.0
0.0
0.0
0.0
0.0
0.0
0.0
0.0
0.0
0.0
0.0
0.0
0.0
0.0
2.097795106709454e-6
0.0
0.0
0.0
0.0
0.0
0.0
0.0
0.0
0.0
0.0
0.0
0.0
0.0
0.0
0.0
0.0
0.0
0.0
4.020768117298109e-5
0.0
0.0
0.0
0.0
0.0
0.0
0.0
0.0
0.0
0.0
0.0
0.0
0.0
0.0
0.0
0.0
0.0
0.0
0.0
0.0
0.0
0.0
0.0
4.1922822307308254e-5
0.0
0.0
0.0
0.0
1.2968428251151057e-5
0.0
0.0
0.0
0.0
0.0
0.0
0.0
0.0
0.0
0.0
0.0
0.0
0.0
0.0
0.0
0.0
0.0
6.779238012727195e-5
0.0012392859483622066
0.0
0.0
0.0
0.0
0.006579622809956726
0.005713467232112519
0.003885580965355698
0.0024585396137918832
0.0012549661827985627
0.0007676185640928456
3.416492006639988e-6
0.0
6.665209944699313e-6
6.098088381234988e-6
0.0
0.0
0.0
0.0
0.0
0.0
5.894767872207663e-5
0.0001554092943193383
0.002905259745256549
0.007594913255082427
0.0
0.0
0.0
0.0
0.014081257437594443
0.013201290796172457
0.010574518615232563
0.007978086033708011
0.00470438410554673
0.0019459601892456266
3.020836025929084e-6
0.0
0.0
0.0
0.0
0.0
0.0
0.0
0.0
0.0
3.055630614244409e-5
7.169931643644946e-5
4.796935581042703e-5
0.0013584628547282187
0.0
0.0
0.0
0.0
0.004484923033551606
0.0037991284182992517
0.0012300767277121716
0.0
6.170556214276663e-6
0.0
0.0
0.0
0.0
0.0
0.0
0.0
0.0
0.0
0.0
0.0
0.0
0.0
0.0
0.000114490715327862
0.0
0.0
0.0
0.0
2.0995450841210892e-5
0.0
0.0
0.0
0.0
0.0
0.0
0.0
0.0
0.0
0.0
0.0
0.0
0.0
0.0
0.0
0.0
0.0
0.0
3.610988905397882e-5
0.0
0.0
0.0
0.0
1.028853763232998e-5
0.0
0.0
0.0
0.0
0.0
0.0
0.0
3.189726664078204e-5
4.207097108784208e-5
0.0
0.0
0.0
0.0
0.0
0.0
4.315265350551593e-5
7.67470732298645e-5
6.584679779055655e-5
0.003052910874814301
0.0
0.0
0.0
0.0
0.006885649622095142
0.006843485944041573
0.00547995679629922
0.003680418409586759
0.0018019815794162713
0.0004164891882746882
6.970329352244046e-6
0.0
0.0
0.0
0.0
0.0
0.0
0.0
0.0
0.0
2.252649353855168e-5
6.342476561619899e-5
6.551025484458021e-5
0.00359432464341581
0.0
0.0
0.0
0.0
0.007314042405556349
0.007115982565130972
0.005005400255421929
0.0024697416322549365
0.00017341028441499154
3.81052781922612e-6
0.0
0.0
0.0
0.0
0.0
0.0
0.0
0.0
0.0
0.0
0.0
0.0
2.2238488771336866e-5
0.00010912427842494248
0.0
0.0
0.0
0.0
0.004110773528221495
0.003387105118987904
0.0010858614798138545
5.2055217871213145e-6
5.913389827887395e-6
0.0
0.0
0.0
0.0
0.0
0.0
0.0
0.0
0.0
0.0
0.0
0.0
0.0
0.0
4.8120630717914474e-5
0.0
0.0
0.0
0.0
0.0
0.0
0.0
0.0
0.0
0.0
0.0
0.0
0.0
0.0
0.0
0.0
0.0
0.0
0.0
0.0
0.0
0.0
0.0
3.9273716820744934e-5
0.0
0.0
0.0
0.0
2.404539119037496e-6
0.0
0.0
0.0
0.0
0.0
0.0
0.0
0.0
0.0
0.0
0.0
0.0
0.0
0.0
0.0
0.0
0.0
0.0
3.970541328336695e-5
0.0
0.0
0.0
0.0
0.0
0.0
0.0
0.0
0.0
0.0
0.0
0.0
0.0
0.0
0.0
0.0
0.0
0.0
0.0
0.0
0.0
0.0
0.0
3.468270225453701e-5
0.0
0.0
0.0
0.0
6.333186786312793e-6
0.0
0.0
0.0
0.0
0.0
0.0
0.0
0.0
0.0
0.0
0.0
0.0
0.0
0.0
0.0
0.0
0.0
0.0
3.806906584182388e-5
0.0
0.0
0.0
0.0
2.2407677388770665e-6
0.0
0.0
0.0
0.0
0.0
0.0
0.0
0.0
0.0
0.0
0.0
0.0
0.0
0.0
0.0
0.0
0.0
0.0
3.243094960199436e-5
0.0
0.0
0.0
0.0
3.768648720677098e-6
0.0
0.0
0.0
0.0
0.0
0.0
0.0
0.0
0.0
0.0
0.0
0.0
0.0
0.0
0.0
0.0
0.0
0.0
3.3698422704725404e-5
0.0
0.0
0.0
0.0
4.219359297999798e-6
0.0
0.0
0.0
0.0
0.0
0.0
0.0
0.0
0.0
0.0
0.0
0.0
0.0
0.0
0.0
0.0
0.0
0.0
3.3886256300882685e-5
0.0
0.0
0.0
0.0
4.280827146758971e-6
0.0
0.0
0.0
0.0
0.0
0.0
0.0
0.0
0.0
0.0
0.0
0.0
0.0
0.0
0.0
0.0
0.0
0.0
3.3364840330276895e-5
0.0
0.0
0.0
0.0
4.644884637223444e-6
0.0
0.0
0.0
0.0
0.0
0.0
0.0
0.0
0.0
0.0
0.0
0.0
0.0
0.0
0.0
0.0
0.0
0.0
3.6938927550445994e-5
0.0
0.0
0.0
0.0
2.771839452400567e-6
0.0
0.0
0.0
0.0
0.0
0.0
0.0
0.0
0.0
0.0
0.0
0.0
0.0
0.0
0.0
0.0
0.0
0.0
1.650539255816344e-5
0.0
0.0
0.0
0.0
1.574837048285032e-5
0.0
0.0
0.0
0.0
0.0
0.0
0.0
0.0
0.0
0.0
0.0
0.0
0.0
0.0
0.0
0.0
0.0
0.0
1.2328729183628585e-5
0.0
0.0
0.0
0.0
1.5485506562728675e-5
0.0
0.0
0.0
0.0
0.0
0.0
0.0
0.0
0.0
0.0
0.0
0.0
0.0
0.0
0.0
0.0
0.0
0.0
1.2976411794463826e-5
0.0
0.0
0.0
0.0
1.539167071476211e-5
0.0
0.0
0.0
0.0
0.0
0.0
0.0
0.0
0.0
0.0
0.0
0.0
0.0
0.0
0.0
0.0
0.0
0.0
1.3278988259324785e-5
0.0
0.0
0.0
0.0
1.8185270016551815e-5
0.0
0.0
0.0
0.0
0.0
0.0
0.0
0.0
0.0
0.0
0.0
0.0
0.0
0.0
0.0
0.0
0.0
0.0
5.2153777106227173e-5
0.0
0.0
0.0
0.0
6.091089522458918e-5
0.0
9.221967732470065e-6
0.0
7.461655438302403e-6
0.0
0.0
0.0
0.0
0.0
0.0
0.0
0.0
0.0
0.0
0.0
0.0
0.0
3.949165004130158e-5
0.0001226729468937209
0.0
0.0
0.0
0.0
0.0021901431804752986
0.0017645680470069636
0.0
0.0
4.868983988362095e-6
0.0
0.0
0.0
0.0
0.0
0.0
0.0
0.0
0.0
0.0
0.0
0.0
0.0
0.0
4.508413209704796e-5
0.0
0.0
0.0
0.0
2.119377565381997e-5
0.0
0.0
0.0
0.0
0.0
0.0
0.0
0.0
0.0
0.0
0.0
0.0
0.0
0.0
0.0
0.0
0.0
0.0
4.683787130198484e-5
0.0
0.0
0.0
0.0
4.565227107643431e-5
0.0
1.6221013459499865e-5
0.0
0.0
0.0
0.0
0.0
0.0
0.0
0.0
0.0
0.0
0.0
0.0
0.0
0.0
0.0
0.0
0.00011603687562406211
0.0
0.0
0.0
0.0
0.005021886145927484
0.004118579303481121
0.0015411507407382488
5.51720621015511e-6
2.445641790526256e-6
0.0
0.0
0.0
0.0
0.0
0.0
0.0
0.0
0.0
0.0
0.0
0.0
0.0
0.0
3.7555627206990164e-5
0.0
0.0
0.0
0.0
3.941860082874587e-6
0.0
0.0
0.0
0.0
0.0
0.0
0.0
0.0
0.0
0.0
0.0
0.0
0.0
0.0
0.0
0.0
0.0
0.0
3.048077671014955e-5
0.0
0.0
0.0
0.0
1.419087473678454e-5
0.0
0.0
0.0
0.0
0.0
0.0
0.0
0.0
0.0
0.0
0.0
0.0
0.0
0.0
0.0
0.0
0.0
0.0
2.5521865067401266e-5
0.0
0.0
0.0
0.0
1.6324756747253635e-5
0.0
0.0
0.0
0.0
0.0
0.0
0.0
0.0
0.0
0.0
0.0
0.0
0.0
0.0
0.0
0.0
0.0
0.0
2.7963951127405683e-5
0.0
0.0
0.0
0.0
1.470014685138888e-5
0.0
0.0
0.0
0.0
0.0
0.0
0.0
0.0
0.0
0.0
0.0
0.0
0.0
0.0
0.0
0.0
0.0
0.0
2.5138916697674348e-5
0.0
0.0
0.0
0.0
1.4492955669741066e-5
0.0
0.0
0.0
0.0
0.0
0.0
0.0
0.0
0.0
0.0
0.0
0.0
0.0
0.0
0.0
0.0
0.0
0.0
1.6804393164473035e-5
0.0
0.0
0.0
0.0
1.1740028340099172e-5
0.0
0.0
0.0
0.0
0.0
0.0
0.0
0.0
0.0
0.0
0.0
0.0
0.0
0.0
0.0
0.0
0.0
0.0
4.037298591022746e-5
0.0
0.0
0.0
0.0
3.0034422652642957e-6
0.0
0.0
0.0
0.0
0.0
0.0
0.0
0.0
0.0
0.0
0.0
0.0
0.0
0.0
0.0
0.0
0.0
0.0
3.734729726460362e-5
0.0
0.0
0.0
0.0
3.9699026393573605e-6
0.0
0.0
0.0
0.0
0.0
0.0
0.0
0.0
0.0
0.0
0.0
0.0
0.0
0.0
0.0
0.0
0.0
0.0
5.198772576253646e-5
0.0
0.0
0.0
0.0
4.264301086847861e-6
0.0
0.0
0.0
0.0
0.0
0.0
0.0
0.0
0.0
0.0
0.0
0.0
0.0
0.0
0.0
0.0
0.0
0.0
3.5707317954846204e-5
0.0
0.0
0.0
0.0
2.153990453151384e-5
5.120191484648967e-6
0.0
0.0
0.0
0.0
0.0
0.0
0.0
0.0
0.0
0.0
0.0
0.0
0.0
0.0
0.0
0.0
0.0
4.6071331625167526e-5
0.0
0.0
0.0
0.0
1.1755875915810905e-5
0.0
0.0
0.0
0.0
0.0
0.0
0.0
0.0
0.0
0.0
0.0
0.0
0.0
0.0
0.0
0.0
0.0
0.0
3.65622435739921e-5
0.0
0.0
0.0
0.0
4.543420403926092e-6
0.0
0.0
0.0
0.0
0.0
0.0
0.0
0.0
0.0
0.0
0.0
0.0
0.0
0.0
0.0
0.0
0.0
0.0
2.703906776126288e-5
0.0
0.0
0.0
0.0
1.631737634372102e-5
0.0
0.0
0.0
0.0
0.0
0.0
0.0
0.0
0.0
0.0
0.0
0.0
0.0
0.0
0.0
0.0
0.0
0.0
4.0753055918952975e-5
0.0
0.0
0.0
0.0
7.451897552192961e-6
0.0
0.0
0.0
0.0
0.0
0.0
0.0
0.0
0.0
0.0
0.0
0.0
0.0
0.0
0.0
0.0
0.0
0.0
2.1056592289129397e-5
0.0
0.0
0.0
0.0
4.167829441471843e-5
0.0
0.0
0.0
0.0
0.0
0.0
0.0
0.0
0.0
0.0
0.0
0.0
0.0
0.0
0.0
0.0
0.0
0.0
4.049423614858183e-5
0.0
0.0
0.0
0.0
0.0
0.0
0.0
0.0
0.0
0.0
0.0
0.0
0.0
0.0
0.0
0.0
0.0
0.0
0.0
0.0
0.0
0.0
0.0
3.624678733657463e-5
0.0
0.0
0.0
0.0
7.645886169955204e-5
0.0
0.0
0.0
0.0
0.0
0.0
0.0
0.0
0.0
0.0
0.0
0.0
0.0
0.0
0.0
0.0
0.0
0.0
3.2096213664816016e-5
0.0
0.0
0.0
0.0
4.450486731409143e-6
0.0
0.0
0.0
0.0
0.0
0.0
0.0
0.0
0.0
0.0
0.0
0.0
0.0
0.0
0.0
0.0
0.0
0.0
4.51847009367127e-5
0.0
0.0
0.0
0.0
7.339918394049751e-6
0.0
0.0
0.0
0.0
0.0
0.0
0.0
0.0
0.0
0.0
0.0
0.0
0.0
0.0
0.0
0.0
0.0
0.0
3.983402206494243e-5
0.0
0.0
0.0
0.0
0.00012045670550188468
0.0
1.917612725925764e-5
0.0
0.0
0.0
0.0
0.0
0.0
0.0
0.0
0.0
0.0
0.0
0.0
0.0
0.0
0.0
0.0
3.673992449311626e-5
0.0
0.0
0.0
0.0
1.836032438183031e-5
0.0
0.0
0.0
0.0
0.0
0.0
0.0
0.0
0.0
0.0
0.0
0.0
0.0
0.0
0.0
0.0
0.0
0.0
3.28999995705797e-5
0.0
0.0
0.0
0.0
3.1674489403646384e-6
0.0
0.0
0.0
0.0
0.0
0.0
0.0
0.0
0.0
0.0
0.0
0.0
0.0
0.0
0.0
0.0
0.0
0.0
3.5232419230377224e-5
0.0
0.0
0.0
0.0
6.940432819985527e-6
0.0
0.0
0.0
0.0
0.0
0.0
0.0
0.0
0.0
0.0
0.0
0.0
0.0
0.0
0.0
0.0
0.0
0.0
4.37538605111537e-5
0.0
0.0
0.0
0.0
1.294690777099124e-5
0.0
0.0
0.0
0.0
0.0
0.0
0.0
0.0
0.0
0.0
0.0
0.0
0.0
0.0
0.0
0.0
0.0
0.0
3.53804886520721e-5
0.0
0.0
0.0
0.0
0.0
0.0
0.0
0.0
0.0
0.0
0.0
0.0
0.0
0.0
0.0
0.0
0.0
0.0
0.0
0.0
0.0
0.0
0.0
3.8741435519073436e-5
0.0
0.0
0.0
0.0
4.149579283606881e-5
0.0
0.0
0.0
0.0
0.0
0.0
0.0
0.0
0.0
0.0
0.0
0.0
0.0
0.0
0.0
0.0
0.0
0.0
3.620899741214022e-5
0.0
0.0
0.0
0.0
3.4836225875156276e-5
0.0
0.0
0.0
0.0
0.0
0.0
0.0
0.0
0.0
0.0
0.0
0.0
0.0
0.0
0.0
0.0
0.0
0.0
2.053081503276572e-5
0.0
0.0
0.0
0.0
0.0
0.0
0.0
0.0
0.0
0.0
0.0
0.0
0.0
0.0
0.0
0.0
0.0
0.0
0.0
0.0
0.0
0.0
0.0
1.4259113428272783e-5
0.0
0.0
0.0
0.0
1.3167395063690438e-5
0.0
0.0
0.0
0.0
0.0
0.0
0.0
0.0
0.0
0.0
0.0
0.0
0.0
0.0
0.0
0.0
0.0
0.0
3.752862765835518e-5
0.0
0.0
0.0
0.0
1.0416784698617784e-5
0.0
0.0
0.0
0.0
0.0
0.0
0.0
0.0
0.0
0.0
0.0
0.0
0.0
0.0
0.0
0.0
0.0
0.0
2.999617620612846e-5
0.0
0.0
0.0
0.0
1.2547124322414283e-5
0.0
0.0
0.0
0.0
0.0
0.0
0.0
0.0
0.0
0.0
0.0
0.0
0.0
0.0
0.0
0.0
0.0
0.0
2.600753918449401e-5
0.0
0.0
0.0
0.0
1.3721516951380469e-5
0.0
0.0
0.0
0.0
0.0
0.0
0.0
0.0
0.0
0.0
0.0
0.0
0.0
0.0
0.0
0.0
0.0
0.0
2.8016356682804163e-5
0.0
0.0
0.0
0.0
7.629576089133985e-6
0.0
0.0
0.0
0.0
0.0
0.0
0.0
0.0
0.0
0.0
0.0
0.0
0.0
0.0
0.0
0.0
0.0
0.0
1.5802847489856493e-5
0.0
0.0
0.0
0.0
3.456426993243805e-5
0.0
0.0
0.0
0.0
0.0
0.0
0.0
0.0
0.0
0.0
0.0
0.0
0.0
0.0
0.0
0.0
0.0
0.0
0.0
0.0
0.0
0.0
0.0
1.8542884884851116e-5
0.0
0.0
0.0
0.0
0.0
0.0
0.0
0.0
0.0
0.0
0.0
0.0
0.0
0.0
0.0
0.0
0.0
0.0
0.0
0.0
0.0
0.0
0.0
3.3752037911292606e-5
0.0
0.0
0.0
0.0
0.0
0.0
0.0
0.0
0.0
0.0
0.0
0.0
0.0
0.0
0.0
0.0
0.0
0.0
1.1712448173713076e-5
0.0
0.0
0.0
0.0
3.311450340848843e-5
0.0
0.0
0.0
0.0
0.0
0.0
0.0
0.0
0.0
0.0
0.0
0.0
0.0
0.0
0.0
0.0
0.0
0.0
1.1912199357861959e-5
0.0
0.0
0.0
0.0
1.983275856782189e-5
0.0
0.0
0.0
0.0
0.0
0.0
0.0
0.0
0.0
0.0
0.0
0.0
0.0
0.0
0.0
0.0
0.0
0.0
1.2879317925058773e-5
0.0
0.0
0.0
0.0
1.8785193479229187e-5
0.0
0.0
0.0
0.0
0.0
0.0
0.0
0.0
0.0
0.0
0.0
0.0
0.0
0.0
0.0
0.0
0.0
0.0
1.172328033224843e-5
0.0
0.0
0.0
0.0
3.741698483390553e-5
0.0
0.0
0.0
0.0
0.0
0.0
0.0
0.0
0.0
0.0
0.0
0.0
0.0
0.0
0.0
0.0
0.0
0.0
1.5061534691289786e-5
0.0
0.0
0.0
0.0
1.542718485866639e-5
0.0
0.0
0.0
0.0
0.0
0.0
0.0
0.0
0.0
0.0
0.0
0.0
0.0
0.0
0.0
0.0
0.0
0.0
2.9310585853626796e-5
0.0
0.0
0.0
0.0
1.7793686839536303e-5
0.0
0.0
0.0
0.0
0.0
0.0
0.0
0.0
0.0
0.0
0.0
0.0
0.0
0.0
0.0
0.0
0.0
0.0
3.182962455067448e-5
0.0
0.0
0.0
0.0
1.2040296702679337e-5
0.0
0.0
0.0
0.0
0.0
0.0
0.0
0.0
0.0
0.0
0.0
0.0
0.0
0.0
0.0
0.0
0.0
0.0
2.65567792589295e-5
0.0
0.0
0.0
0.0
7.266482706154076e-6
0.0
0.0
0.0
0.0
0.0
0.0
0.0
0.0
0.0
0.0
0.0
0.0
0.0
0.0
0.0
0.0
0.0
0.0
5.015983733416903e-5
0.0
0.0
0.0
0.0
7.694472372867021e-6
0.0
0.0
0.0
0.0
0.0
0.0
0.0
0.0
0.0
0.0
0.0
0.0
0.0
0.0
0.0
0.0
0.0
0.0
5.169411001660645e-5
0.0
0.0
0.0
0.0
1.4695203065135923e-5
0.0
0.0
0.0
0.0
0.0
0.0
0.0
0.0
0.0
0.0
0.0
0.0
0.0
0.0
0.0
0.0
0.0
0.0
3.5613717331709006e-5
0.0
0.0
0.0
0.0
0.0
0.0
0.0
0.0
0.0
0.0
0.0
0.0
0.0
0.0
0.0
0.0
0.0
0.0
0.0
0.0
0.0
0.0
0.0
1.1886479618209835e-5
0.0
0.0
0.0
0.0
1.5002828545093458e-5
0.0
0.0
0.0
0.0
0.0
0.0
0.0
0.0
0.0
0.0
0.0
0.0
0.0
0.0
0.0
0.0
0.0
0.0
1.181827198018031e-5
0.0
0.0
0.0
0.0
1.4015711826197145e-5
0.0
0.0
0.0
0.0
0.0
0.0
0.0
0.0
0.0
0.0
0.0
0.0
0.0
0.0
0.0
0.0
0.0
0.0
0.0
0.0
0.0
0.0
0.0
1.536630822380428e-5
0.0
0.0
0.0
0.0
0.0
0.0
0.0
0.0
0.0
0.0
0.0
0.0
0.0
0.0
0.0
0.0
0.0
0.0
2.232632433010372e-5
0.0
0.0
0.0
0.0
1.519478097842948e-5
0.0
0.0
0.0
0.0
0.0
0.0
0.0
0.0
0.0
0.0
0.0
0.0
0.0
0.0
0.0
0.0
0.0
0.0
1.3010654006974982e-5
0.0
0.0
0.0
0.0
1.7704862887463503e-5
0.0
0.0
0.0
0.0
0.0
0.0
0.0
0.0
0.0
0.0
0.0
0.0
0.0
0.0
0.0
0.0
0.0
0.0
1.2976469489931016e-5
0.0
0.0
0.0
0.0
1.546399230586474e-5
0.0
0.0
0.0
0.0
0.0
0.0
0.0
0.0
0.0
0.0
0.0
0.0
0.0
0.0
0.0
0.0
0.0
0.0
1.3849074531627078e-5
0.0
0.0
0.0
0.0
1.5148900556646526e-5
0.0
0.0
0.0
0.0
0.0
0.0
0.0
0.0
0.0
0.0
0.0
0.0
0.0
0.0
0.0
0.0
0.0
0.0
1.5164995149939449e-5
0.0
0.0
0.0
0.0
3.406011173639209e-5
0.0
0.0
0.0
0.0
0.0
0.0
0.0
0.0
0.0
0.0
0.0
0.0
0.0
0.0
0.0
0.0
0.0
0.0
2.026004101997795e-5
0.0
0.0
0.0
0.0
1.5804968200032764e-5
0.0
0.0
0.0
0.0
0.0
0.0
0.0
0.0
0.0
0.0
0.0
0.0
0.0
0.0
0.0
0.0
0.0
0.0
3.1984988069028876e-5
0.0
0.0
0.0
0.0
1.2666713760036046e-5
0.0
0.0
0.0
0.0
0.0
0.0
0.0
0.0
0.0
0.0
0.0
0.0
0.0
0.0
0.0
0.0
0.0
0.0
1.3362918991393113e-5
0.0
0.0
0.0
0.0
1.2377825387213892e-5
0.0
0.0
0.0
0.0
0.0
0.0
0.0
0.0
0.0
0.0
0.0
0.0
0.0
0.0
0.0
0.0
0.0
0.0
1.2559140088806706e-5
0.0
0.0
0.0
0.0
1.2582604600560313e-5
0.0
0.0
0.0
0.0
0.0
0.0
0.0
0.0
0.0
0.0
0.0
0.0
0.0
0.0
0.0
0.0
0.0
0.0
0.0
0.0
0.0
0.0
0.0
1.5212777820580264e-5
0.0
0.0
0.0
0.0
0.0
0.0
0.0
0.0
0.0
0.0
0.0
0.0
0.0
0.0
0.0
0.0
0.0
0.0
1.1189014555437463e-5
0.0
0.0
0.0
0.0
1.454929934253228e-5
0.0
0.0
0.0
0.0
0.0
0.0
0.0
0.0
0.0
0.0
0.0
0.0
0.0
0.0
0.0
0.0
0.0
0.0
1.530040306345648e-5
0.0
0.0
0.0
0.0
6.726584689013215e-6
0.0
0.0
0.0
0.0
0.0
0.0
0.0
0.0
0.0
0.0
0.0
0.0
0.0
0.0
0.0
0.0
0.0
0.0
2.7864593671979398e-5
0.0
0.0
0.0
0.0
1.4043950826922797e-5
0.0
0.0
0.0
0.0
0.0
0.0
0.0
0.0
0.0
0.0
0.0
0.0
0.0
0.0
0.0
0.0
0.0
0.0
1.389412834216439e-5
0.0
0.0
0.0
0.0
1.3186373571685534e-5
0.0
0.0
0.0
0.0
0.0
0.0
0.0
0.0
0.0
0.0
0.0
0.0
0.0
0.0
0.0
0.0
0.0
0.0
2.4793984646433112e-5
0.0
0.0
0.0
0.0
1.2559756321140993e-5
0.0
0.0
0.0
0.0
0.0
0.0
0.0
0.0
0.0
0.0
0.0
0.0
0.0
0.0
0.0
0.0
0.0
0.0
1.3140284125936658e-5
0.0
0.0
0.0
0.0
1.7098125498731068e-5
0.0
0.0
0.0
0.0
0.0
0.0
0.0
0.0
0.0
0.0
0.0
0.0
0.0
0.0
0.0
0.0
0.0
0.0
0.0
0.0
0.0
0.0
0.0
1.6991272713615596e-5
0.0
0.0
0.0
0.0
0.0
0.0
0.0
0.0
0.0
0.0
0.0
0.0
0.0
0.0
0.0
0.0
0.0
0.0
0.0
0.0
0.0
0.0
0.0
4.8296016690332696e-5
0.0
0.0
0.0
0.0
0.0
0.0
0.0
0.0
0.0
0.0
0.0
0.0
0.0
0.0
0.0
0.0
0.0
0.0
1.4418721785853667e-5
0.0
0.0
0.0
0.0
3.756715561053871e-5
0.0
0.0
0.0
0.0
0.0
0.0
0.0
0.0
0.0
0.0
0.0
0.0
0.0
0.0
0.0
0.0
0.0
0.0
0.0
0.0
0.0
0.0
0.0
1.7540228863962004e-5
0.0
0.0
0.0
0.0
0.0
0.0
0.0
0.0
0.0
0.0
0.0
0.0
0.0
0.0
0.0
0.0
0.0
0.0
0.0
0.0
0.0
0.0
0.0
2.234881923660289e-5
0.0
0.0
0.0
0.0
0.0
0.0
0.0
0.0
0.0
0.0
0.0
0.0
0.0
0.0
0.0
0.0
0.0
0.0
0.0
0.0
0.0
0.0
0.0
3.503656965099266e-5
0.0
0.0
0.0
0.0
0.0
0.0
0.0
0.0
0.0
0.0
0.0
0.0
0.0
0.0
0.0
0.0
0.0
0.0
1.2932059420271332e-5
0.0
0.0
0.0
0.0
1.8980010613826026e-5
0.0
0.0
0.0
0.0
0.0
0.0
0.0
0.0
0.0
0.0
0.0
0.0
0.0
0.0
0.0
0.0
0.0
0.0
0.0
0.0
0.0
0.0
0.0
2.0374025670670032e-5
0.0
0.0
0.0
0.0
0.0
0.0
0.0
0.0
0.0
0.0
0.0
0.0
0.0
0.0
0.0
0.0
0.0
0.0
2.7085437609818224e-5
0.0
0.0
0.0
0.0
3.2565991924449565e-5
0.0
0.0
0.0
0.0
0.0
0.0
0.0
0.0
0.0
0.0
0.0
0.0
0.0
0.0
0.0
0.0
0.0
0.0
2.8055099362328578e-5
0.0
0.0
0.0
0.0
3.248613619077313e-5
0.0
0.0
0.0
0.0
0.0
0.0
0.0
0.0
0.0
0.0
0.0
0.0
0.0
0.0
0.0
0.0
0.0
0.0
2.7896165168876865e-5
0.0
0.0
0.0
0.0
1.5589308065870552e-5
0.0
0.0
0.0
0.0
0.0
0.0
0.0
0.0
0.0
0.0
0.0
0.0
0.0
0.0
0.0
0.0
0.0
0.0
0.0
0.0
0.0
0.0
0.0
2.0498896173549075e-5
0.0
0.0
0.0
0.0
0.0
0.0
0.0
0.0
0.0
0.0
0.0
0.0
0.0
0.0
0.0
0.0
0.0
0.0
0.0
0.0
0.0
0.0
0.0
3.68520957147747e-5
0.0
0.0
0.0
0.0
0.0
0.0
0.0
0.0
0.0
0.0
0.0
0.0
0.0
0.0
0.0
0.0
0.0
0.0
1.1784272570739843e-5
0.0
0.0
0.0
0.0
1.9600991929451086e-5
0.0
0.0
0.0
0.0
0.0
0.0
0.0
0.0
0.0
0.0
0.0
0.0
0.0
0.0
0.0
0.0
0.0
0.0
1.2140764189274595e-5
0.0
0.0
0.0
0.0
1.5299121883773006e-5
0.0
0.0
0.0
0.0
0.0
0.0
0.0
0.0
0.0
0.0
0.0
0.0
0.0
0.0
0.0
0.0
0.0
0.0
1.2514939161276789e-5
0.0
0.0
0.0
0.0
3.922737961692143e-5
0.0
0.0
0.0
0.0
0.0
0.0
0.0
0.0
0.0
0.0
0.0
0.0
0.0
0.0
0.0
0.0
0.0
0.0
1.5908287090517376e-5
0.0
0.0
0.0
0.0
1.5821646696031723e-5
0.0
0.0
0.0
0.0
0.0
0.0
0.0
0.0
0.0
0.0
0.0
0.0
0.0
0.0
0.0
0.0
0.0
0.0
0.0
0.0
0.0
0.0
0.0
1.8680900958041785e-5
0.0
0.0
0.0
0.0
0.0
0.0
0.0
0.0
0.0
0.0
0.0
0.0
0.0
0.0
0.0
0.0
0.0
0.0
0.0
0.0
0.0
0.0
0.0
2.0127792744681262e-5
0.0
0.0
0.0
0.0
0.0
0.0
0.0
0.0
0.0
0.0
0.0
0.0
0.0
0.0
0.0
0.0
0.0
0.0
0.0
0.0
0.0
0.0
0.0
2.054098611972604e-5
0.0
0.0
0.0
0.0
0.0
0.0
0.0
0.0
0.0
0.0
0.0
0.0
0.0
0.0
0.0
0.0
0.0
0.0
3.4667963520478205e-5
0.0
0.0
0.0
0.0
1.392693928327493e-5
0.0
0.0
0.0
0.0
0.0
0.0
0.0
0.0
0.0
0.0
0.0
0.0
0.0
0.0
0.0
0.0
0.0
0.0
4.253136870574649e-5
0.0
0.0
0.0
0.0
1.4322834188131336e-5
0.0
0.0
0.0
0.0
0.0
0.0
0.0
0.0
0.0
0.0
0.0
0.0
0.0
0.0
0.0
0.0
0.0
0.0
2.692130425440966e-5
0.0
0.0
0.0
0.0
1.2145930856173804e-5
0.0
0.0
0.0
0.0
0.0
0.0
0.0
0.0
0.0
0.0
0.0
0.0
0.0
0.0
0.0
0.0
0.0
0.0
3.0939099071570436e-5
0.0
0.0
0.0
0.0
2.9891005089480787e-5
0.0
0.0
0.0
0.0
0.0
0.0
0.0
0.0
0.0
0.0
0.0
0.0
0.0
0.0
0.0
0.0
0.0
0.0
0.0
0.0
0.0
0.0
0.0
1.551846942315717e-5
0.0
0.0
0.0
0.0
0.0
0.0
0.0
0.0
0.0
0.0
0.0
0.0
0.0
0.0
0.0
0.0
0.0
0.0
1.3672730534011324e-5
0.0
0.0
0.0
0.0
1.5737115187460158e-5
0.0
0.0
0.0
0.0
0.0
0.0
0.0
0.0
0.0
0.0
0.0
0.0
0.0
0.0
0.0
0.0
0.0
0.0
0.0
0.0
0.0
0.0
0.0
1.9721459568653637e-5
0.0
0.0
0.0
0.0
0.0
0.0
0.0
0.0
0.0
0.0
0.0
0.0
0.0
0.0
0.0
0.0
0.0
0.0
0.0
0.0
0.0
0.0
0.0
3.6660672883918694e-5
0.0
0.0
0.0
0.0
0.0
0.0
0.0
0.0
0.0
0.0
0.0
0.0
0.0
0.0
0.0
0.0
0.0
0.0
0.0
0.0
0.0
0.0
0.0
3.1686694886032295e-5
0.0
0.0
0.0
0.0
0.0
0.0
0.0
0.0
0.0
0.0
0.0
0.0
0.0
0.0
0.0
0.0
0.0
0.0
0.0
0.0
0.0
0.0
0.0
4.264942599943114e-5
0.0
0.0
0.0
0.0
0.0
0.0
0.0
0.0
0.0
0.0
0.0
0.0
0.0
0.0
0.0
0.0
0.0
0.0
1.544655836476577e-5
0.0
0.0
0.0
0.0
1.812904954926399e-5
0.0
0.0
0.0
0.0
0.0
0.0
0.0
0.0
0.0
0.0
0.0
0.0
0.0
0.0
0.0
0.0
0.0
0.0
0.0
0.0
0.0
0.0
0.0
4.056590040208696e-5
0.0
0.0
0.0
0.0
0.0
0.0
0.0
0.0
0.0
0.0
0.0
0.0
0.0
0.0
0.0
0.0
0.0
0.0
0.0
0.0
0.0
0.0
0.0
3.6169557613190165e-5
0.0
0.0
0.0
0.0
0.0
0.0
0.0
0.0
0.0
0.0
0.0
0.0
0.0
0.0
0.0
0.0
0.0
0.0
0.0
0.0
0.0
0.0
0.0
3.345994577787003e-5
0.0
0.0
0.0
0.0
0.0
0.0
0.0
0.0
0.0
0.0
0.0
0.0
0.0
0.0
0.0
0.0
0.0
0.0
0.0
0.0
0.0
0.0
0.0
3.603236506322996e-5
0.0
0.0
0.0
0.0
0.0
0.0
0.0
0.0
0.0
0.0
0.0
0.0
0.0
0.0
0.0
0.0
0.0
0.0
0.0
0.0
0.0
0.0
0.0
3.6117355535934427e-5
0.0
0.0
0.0
0.0
0.0
0.0
0.0
0.0
0.0
0.0
0.0
0.0
0.0
0.0
0.0
0.0
0.0
0.0
0.0
0.0
0.0
0.0
0.0
4.214950955459649e-5
0.0
0.0
0.0
0.0
0.0
0.0
0.0
0.0
0.0
0.0
0.0
0.0
0.0
0.0
0.0
0.0
0.0
0.0
0.0
0.0
0.0
0.0
0.0
3.673980322549994e-5
0.0
0.0
0.0
0.0
0.0
0.0
0.0
0.0
0.0
0.0
0.0
0.0
0.0
0.0
0.0
0.0
0.0
0.0
2.723242461917371e-5
0.0
0.0
0.0
0.0
1.4421051898120168e-5
0.0
0.0
0.0
0.0
0.0
0.0
0.0
0.0
0.0
0.0
0.0
0.0
0.0
0.0
0.0
0.0
0.0
0.0
2.990929875133504e-5
0.0
0.0
0.0
0.0
1.5900999453481433e-5
0.0
0.0
0.0
0.0
0.0
0.0
0.0
0.0
0.0
0.0
0.0
0.0
0.0
0.0
0.0
0.0
0.0
0.0
2.472927331905385e-5
0.0
0.0
0.0
0.0
1.5213825232788472e-5
0.0
0.0
0.0
0.0
0.0
0.0
0.0
0.0
0.0
0.0
0.0
0.0
0.0
0.0
0.0
0.0
0.0
0.0
0.0
0.0
0.0
0.0
0.0
1.9608786505141393e-5
0.0
0.0
0.0
0.0
0.0
0.0
0.0
0.0
0.0
0.0
0.0
0.0
0.0
0.0
0.0
0.0
0.0
0.0
0.0
0.0
0.0
0.0
0.0
3.632740483317804e-5
0.0
0.0
0.0
0.0
0.0
0.0
0.0
0.0
0.0
0.0
0.0
0.0
0.0
0.0
0.0
0.0
0.0
0.0
0.0
0.0
0.0
0.0
0.0
3.624096377322294e-5
0.0
0.0
0.0
0.0
0.0
0.0
0.0
0.0
0.0
0.0
0.0
0.0
0.0
0.0
0.0
0.0
0.0
0.0
0.0
0.0
0.0
0.0
0.0
2.0188906266544174e-5
0.0
0.0
0.0
0.0
0.0
0.0
0.0
0.0
0.0
0.0
0.0
0.0
0.0
0.0
0.0
0.0
0.0
0.0
0.0
0.0
0.0
0.0
0.0
2.2934782791007793e-5
0.0
0.0
0.0
0.0
0.0
0.0
0.0
0.0
0.0
0.0
0.0
0.0
0.0
0.0
0.0
0.0
0.0
0.0
1.2045977240511871e-5
0.0
0.0
0.0
0.0
1.894198463741533e-5
0.0
0.0
0.0
0.0
0.0
0.0
0.0
0.0
0.0
0.0
0.0
0.0
0.0
0.0
0.0
0.0
0.0
0.0
2.6705285114850643e-5
0.0
0.0
0.0
0.0
1.5313731677443094e-5
0.0
0.0
0.0
0.0
0.0
0.0
0.0
0.0
0.0
0.0
0.0
0.0
0.0
0.0
0.0
0.0
0.0
0.0
3.616958937563196e-5
0.0
0.0
0.0
0.0
7.279021318417805e-6
0.0
0.0
0.0
0.0
0.0
0.0
0.0
0.0
0.0
0.0
0.0
0.0
0.0
0.0
0.0
0.0
0.0
0.0
1.2034182755614988e-5
0.0
0.0
0.0
0.0
1.9029878655775573e-5
0.0
0.0
0.0
0.0
0.0
0.0
0.0
0.0
0.0
0.0
0.0
0.0
0.0
0.0
0.0
0.0
0.0
0.0
0.0
0.0
0.0
0.0
0.0
1.739571639460314e-5
0.0
0.0
0.0
0.0
0.0
0.0
0.0
0.0
0.0
0.0
0.0
0.0
0.0
0.0
0.0
0.0
0.0
0.0
1.548604700477216e-5
0.0
0.0
0.0
0.0
1.5709802150141837e-5
0.0
0.0
0.0
0.0
0.0
0.0
0.0
0.0
0.0
0.0
0.0
0.0
0.0
0.0
0.0
0.0
0.0
0.0
0.0
0.0
0.0
0.0
0.0
3.345391309602134e-5
0.0
0.0
0.0
0.0
0.0
0.0
0.0
0.0
0.0
0.0
0.0
0.0
0.0
0.0
0.0
0.0
0.0
0.0
0.0
0.0
0.0
0.0
0.0
3.548751030907863e-5
0.0
0.0
0.0
0.0
0.0
0.0
0.0
0.0
0.0
0.0
0.0
0.0
0.0
0.0
0.0
0.0
0.0
0.0
0.0
0.0
0.0
0.0
0.0
3.587726803585857e-5
0.0
0.0
0.0
0.0
0.0
0.0
0.0
0.0
0.0
0.0
0.0
0.0
0.0
0.0
0.0
0.0
0.0
0.0
0.0
0.0
0.0
0.0
0.0
3.651228233227845e-5
0.0
0.0
0.0
0.0
0.0
0.0
0.0
0.0
0.0
0.0
0.0
0.0
0.0
0.0
0.0
0.0
0.0
0.0
0.0
0.0
0.0
0.0
0.0
3.310272581314394e-5
0.0
0.0
0.0
0.0
0.0
0.0
0.0
0.0
0.0
0.0
0.0
0.0
0.0
0.0
0.0
0.0
0.0
0.0
1.2728900209620301e-5
0.0
0.0
0.0
0.0
3.200394970322677e-5
0.0
0.0
0.0
0.0
0.0
0.0
0.0
0.0
0.0
0.0
0.0
0.0
0.0
0.0
0.0
0.0
0.0
0.0
1.618226066515024e-5
0.0
0.0
0.0
0.0
1.5663087357687353e-5
0.0
0.0
0.0
0.0
0.0
0.0
0.0
0.0
0.0
0.0
0.0
0.0
0.0
0.0
0.0
0.0
0.0
0.0
0.0
0.0
0.0
0.0
0.0
3.196382866607196e-5
0.0
0.0
0.0
0.0
0.0
0.0
0.0
0.0
0.0
0.0
0.0
0.0
0.0
0.0
0.0
0.0
0.0
0.0
0.0
0.0
0.0
0.0
0.0
3.137598721243906e-5
0.0
0.0
0.0
0.0
0.0
0.0
0.0
0.0
0.0
0.0
0.0
0.0
0.0
0.0
0.0
0.0
0.0
0.0
0.0
0.0
0.0
0.0
0.0
3.732966172022826e-5
0.0
0.0
0.0
0.0
0.0
0.0
0.0
0.0
0.0
0.0
0.0
0.0
0.0
0.0
0.0
0.0
0.0
0.0
0.0
0.0
0.0
0.0
0.0
2.982364303981057e-5
0.0
0.0
0.0
0.0
0.0
0.0
0.0
0.0
0.0
0.0
0.0
0.0
0.0
0.0
0.0
0.0
0.0
0.0
0.0
0.0
0.0
0.0
0.0
1.5926483858017935e-5
0.0
0.0
0.0
0.0
0.0
0.0
0.0
0.0
0.0
0.0
0.0
0.0
0.0
0.0
0.0
0.0
0.0
0.0
0.0
0.0
0.0
0.0
0.0
3.659185404733472e-5
0.0
0.0
0.0
0.0
0.0
0.0
0.0
0.0
0.0
0.0
0.0
0.0
0.0
0.0
0.0
0.0
0.0
0.0
3.107628738338736e-5
0.0
0.0
0.0
0.0
1.4631908758597456e-5
0.0
0.0
0.0
0.0
0.0
0.0
0.0
0.0
0.0
0.0
0.0
0.0
0.0
0.0
0.0
0.0
0.0
0.0
0.0
0.0
0.0
0.0
0.0
1.527518121898571e-5
0.0
0.0
0.0
0.0
0.0
0.0
0.0
0.0
0.0
0.0
0.0
0.0
0.0
0.0
0.0
0.0
0.0
0.0
0.0
0.0
0.0
0.0
0.0
3.653749559017641e-5
0.0
0.0
0.0
0.0
0.0
0.0
0.0
0.0
0.0
0.0
0.0
0.0
0.0
0.0
0.0
0.0
0.0
0.0
2.339603430812868e-5
0.0
0.0
0.0
0.0
1.826066399369093e-5
0.0
0.0
0.0
0.0
0.0
0.0
0.0
0.0
0.0
0.0
0.0
0.0
0.0
0.0
0.0
0.0
0.0
0.0
4.8060473425158645e-5
0.0
0.0
0.0
0.0
1.3191291629730426e-5
0.0
0.0
0.0
0.0
0.0
0.0
0.0
0.0
0.0
0.0
0.0
0.0
0.0
0.0
0.0
0.0
0.0
0.0
1.5252980674382011e-5
0.0
0.0
0.0
0.0
7.71721815854187e-6
0.0
0.0
0.0
0.0
0.0
0.0
0.0
0.0
0.0
0.0
0.0
0.0
0.0
0.0
0.0
0.0
0.0
0.0
0.0
0.0
0.0
0.0
0.0
2.099760599220947e-5
0.0
0.0
0.0
0.0
0.0
0.0
0.0
0.0
0.0
0.0
0.0
0.0
0.0
0.0
0.0
0.0
0.0
0.0
0.0
0.0
0.0
0.0
0.0
1.7252077337250512e-5
0.0
0.0
0.0
0.0
0.0
0.0
0.0
0.0
0.0
0.0
0.0
0.0
0.0
0.0
0.0
0.0
0.0
0.0
0.0
0.0
0.0
0.0
0.0
2.2567620859018703e-5
0.0
0.0
0.0
0.0
0.0
0.0
0.0
0.0
0.0
0.0
0.0
0.0
0.0
0.0
0.0
0.0
0.0
0.0
0.0
0.0
0.0
0.0
0.0
3.502876567733781e-5
0.0
0.0
0.0
0.0
0.0
0.0
0.0
0.0
0.0
0.0
0.0
0.0
0.0
0.0
0.0
0.0
0.0
0.0
0.0
0.0
0.0
0.0
0.0
2.0522005595067972e-5
0.0
0.0
0.0
0.0
0.0
0.0
0.0
0.0
0.0
0.0
0.0
0.0
0.0
0.0
0.0
0.0
0.0
0.0
1.4279297483212344e-5
0.0
0.0
0.0
0.0
1.4101544815000917e-5
0.0
0.0
0.0
0.0
0.0
0.0
0.0
0.0
0.0
0.0
0.0
0.0
0.0
0.0
0.0
0.0
0.0
0.0
0.0
0.0
0.0
0.0
0.0
2.150356002663121e-5
0.0
0.0
0.0
0.0
0.0
0.0
0.0
0.0
0.0
0.0
0.0
0.0
0.0
0.0
0.0
0.0
0.0
0.0
0.0
0.0
0.0
0.0
0.0
2.0897733996254737e-5
0.0
0.0
0.0
0.0
0.0
0.0
0.0
0.0
0.0
0.0
0.0
0.0
0.0
0.0
0.0
0.0
0.0
0.0
1.546662316875199e-5
0.0
0.0
0.0
0.0
3.18566978650597e-5
0.0
0.0
0.0
0.0
0.0
0.0
0.0
0.0
0.0
0.0
0.0
0.0
0.0
0.0
0.0
0.0
0.0
0.0
0.0
0.0
0.0
0.0
0.0
4.095556537024782e-5
0.0
0.0
0.0
0.0
0.0
0.0
0.0
0.0
0.0
0.0
0.0
0.0
0.0
0.0
0.0
0.0
0.0
0.0
0.0
0.0
0.0
0.0
0.0
2.1667907565826962e-5
0.0
0.0
0.0
0.0
0.0
0.0
0.0
0.0
0.0
0.0
0.0
0.0
0.0
0.0
0.0
0.0
0.0
0.0
1.2567280443420658e-5
0.0
0.0
0.0
0.0
1.7534854638328564e-5
0.0
0.0
0.0
0.0
0.0
0.0
0.0
0.0
0.0
0.0
0.0
0.0
0.0
0.0
0.0
0.0
0.0
0.0
1.427852714159015e-5
0.0
0.0
0.0
0.0
2.7143700310733422e-5
0.0
0.0
0.0
0.0
0.0
0.0
0.0
0.0
0.0
0.0
0.0
0.0
0.0
0.0
0.0
0.0
0.0
0.0
4.384212129433664e-5
0.0
0.0
0.0
0.0
7.27252504671553e-6
0.0
0.0
0.0
0.0
0.0
0.0
0.0
0.0
0.0
0.0
0.0
0.0
0.0
0.0
0.0
0.0
0.0
0.0
1.2989733271354146e-5
0.0
0.0
0.0
0.0
3.5777635053853864e-5
0.0
0.0
0.0
0.0
0.0
0.0
0.0
0.0
0.0
0.0
0.0
0.0
0.0
0.0
0.0
0.0
0.0
0.0
1.4612984298745505e-5
0.0
0.0
0.0
0.0
1.7358245748880527e-5
0.0
0.0
0.0
0.0
0.0
0.0
0.0
0.0
0.0
0.0
0.0
0.0
0.0
0.0
0.0
0.0
0.0
0.0
1.6772970750961232e-5
0.0
0.0
0.0
0.0
1.5134354193328953e-5
0.0
0.0
0.0
0.0
0.0
0.0
0.0
0.0
0.0
0.0
0.0
0.0
0.0
0.0
0.0
0.0
0.0
0.0
0.0
0.0
0.0
0.0
0.0
5.153067845203424e-5
0.0
0.0
0.0
0.0
0.0
0.0
0.0
0.0
0.0
0.0
0.0
0.0
0.0
0.0
0.0
0.0
0.0
0.0
0.0
0.0
0.0
0.0
0.0
3.462539029992644e-5
0.0
0.0
0.0
0.0
0.0
0.0
0.0
0.0
0.0
0.0
0.0
0.0
0.0
0.0
0.0
0.0
0.0
0.0
0.0
0.0
0.0
0.0
0.0
1.5412715152174487e-5
0.0
0.0
0.0
0.0
0.0
0.0
0.0
0.0
0.0
0.0
0.0
0.0
0.0
0.0
0.0
0.0
0.0
0.0
4.3652977891334804e-5
0.0
0.0
0.0
0.0
1.1335656368810946e-5
0.0
0.0
0.0
0.0
0.0
0.0
0.0
0.0
0.0
0.0
0.0
0.0
0.0
0.0
0.0
0.0
0.0
0.0
3.13148968979555e-5
0.0
0.0
0.0
0.0
1.508735108109032e-5
0.0
0.0
0.0
0.0
0.0
0.0
0.0
0.0
0.0
0.0
0.0
0.0
0.0
0.0
0.0
0.0
0.0
0.0
1.645017138676575e-5
0.0
0.0
0.0
0.0
1.3856215117695513e-5
0.0
0.0
0.0
0.0
0.0
0.0
0.0
0.0
0.0
0.0
0.0
0.0
0.0
0.0
0.0
0.0
0.0
0.0
2.6554986949713924e-5
0.0
0.0
0.0
0.0
1.575726784232705e-5
0.0
0.0
0.0
0.0
0.0
0.0
0.0
0.0
0.0
0.0
0.0
0.0
0.0
0.0
0.0
0.0
0.0
0.0
3.516296353792904e-5
0.0
0.0
0.0
0.0
1.568482592104128e-5
0.0
0.0
0.0
0.0
0.0
0.0
0.0
0.0
0.0
0.0
0.0
0.0
0.0
0.0
0.0
0.0
0.0
0.0
3.1600564352786795e-5
0.0
0.0
0.0
0.0
7.25630589376154e-6
0.0
0.0
0.0
0.0
0.0
0.0
0.0
0.0
0.0
0.0
0.0
0.0
0.0
0.0
0.0
0.0
0.0
0.0
3.595049780277092e-5
0.0
0.0
0.0
0.0
1.5232058457774306e-5
0.0
0.0
0.0
0.0
0.0
0.0
0.0
0.0
0.0
0.0
0.0
0.0
0.0
0.0
0.0
0.0
0.0
0.0
4.248385999404376e-5
0.0
0.0
0.0
0.0
1.248034899562722e-5
0.0
0.0
0.0
0.0
0.0
0.0
0.0
0.0
0.0
0.0
0.0
0.0
0.0
0.0
0.0
0.0
0.0
0.0
1.3365611827278771e-5
0.0
0.0
0.0
0.0
1.577316653571855e-5
0.0
0.0
0.0
0.0
0.0
0.0
0.0
0.0
0.0
0.0
0.0
0.0
0.0
0.0
0.0
0.0
0.0
0.0
3.5414046979508354e-5
0.0
0.0
0.0
0.0
1.4807527931304478e-5
0.0
0.0
0.0
0.0
0.0
0.0
0.0
0.0
0.0
0.0
0.0
0.0
0.0
0.0
0.0
0.0
0.0
0.0
2.7168578708047105e-5
0.0
0.0
0.0
0.0
1.3603508853243697e-5
0.0
0.0
0.0
0.0
0.0
0.0
0.0
0.0
0.0
0.0
0.0
0.0
0.0
0.0
0.0
0.0
0.0
0.0
2.3825359088443188e-5
0.0
0.0
0.0
0.0
1.2754220689392095e-5
0.0
0.0
0.0
0.0
0.0
0.0
0.0
0.0
0.0
0.0
0.0
0.0
0.0
0.0
0.0
0.0
0.0
0.0
1.397703042644325e-5
0.0
0.0
0.0
0.0
1.365592822593457e-5
0.0
0.0
0.0
0.0
0.0
0.0
0.0
0.0
0.0
0.0
0.0
0.0
0.0
0.0
0.0
0.0
0.0
0.0
2.4498344296921537e-5
0.0
0.0
0.0
0.0
1.3989006237700556e-5
0.0
0.0
0.0
0.0
0.0
0.0
0.0
0.0
0.0
0.0
0.0
0.0
0.0
0.0
0.0
0.0
0.0
0.0
3.518853639204305e-5
0.0
0.0
0.0
0.0
4.379605795492014e-6
0.0
0.0
0.0
0.0
0.0
0.0
0.0
0.0
0.0
0.0
0.0
0.0
0.0
0.0
0.0
0.0
0.0
0.0
4.362695618791311e-5
0.0
0.0
0.0
0.0
1.240058412994833e-5
0.0
0.0
0.0
0.0
0.0
0.0
0.0
0.0
0.0
0.0
0.0
0.0
0.0
0.0
0.0
0.0
0.0
0.0
2.8360283640249227e-5
0.0
0.0
0.0
0.0
3.201232655096203e-5
0.0
0.0
0.0
0.0
0.0
0.0
0.0
0.0
0.0
0.0
0.0
0.0
0.0
0.0
0.0
0.0
0.0
0.0
2.6411402673120286e-5
0.0
0.0
0.0
0.0
1.509145162650571e-5
0.0
0.0
0.0
0.0
0.0
0.0
0.0
0.0
0.0
0.0
0.0
0.0
0.0
0.0
0.0
0.0
0.0
0.0
4.620267081873169e-5
0.0
0.0
0.0
0.0
7.318442803547254e-6
0.0
0.0
0.0
0.0
0.0
0.0
0.0
0.0
0.0
0.0
0.0
0.0
0.0
0.0
0.0
0.0
0.0
0.0
4.40587478748398e-5
0.0
0.0
0.0
0.0
1.402000915380401e-5
0.0
0.0
0.0
0.0
0.0
0.0
0.0
0.0
0.0
0.0
0.0
0.0
0.0
0.0
0.0
0.0
0.0
0.0
2.513479329937115e-5
0.0
0.0
0.0
0.0
1.3403723803336559e-5
0.0
0.0
0.0
0.0
0.0
0.0
0.0
0.0
0.0
0.0
0.0
0.0
0.0
0.0
0.0
0.0
0.0
0.0
2.3188413600900787e-5
0.0
0.0
0.0
0.0
1.728643534245312e-5
0.0
0.0
0.0
0.0
0.0
0.0
0.0
0.0
0.0
0.0
0.0
0.0
0.0
0.0
0.0
0.0
0.0
0.0
1.108615627550201e-5
0.0
0.0
0.0
0.0
4.3103859667457274e-5
0.0
0.0
0.0
0.0
0.0
0.0
0.0
0.0
0.0
0.0
0.0
0.0
0.0
0.0
0.0
0.0
0.0
0.0
1.5122725248102678e-5
0.0
0.0
0.0
0.0
3.540346254753726e-5
0.0
0.0
0.0
0.0
0.0
0.0
0.0
0.0
0.0
0.0
0.0
0.0
0.0
0.0
0.0
0.0
0.0
0.0
1.1821284866781555e-5
0.0
0.0
0.0
0.0
1.2542298967845343e-5
0.0
0.0
0.0
0.0
0.0
0.0
0.0
0.0
0.0
0.0
0.0
0.0
0.0
0.0
0.0
0.0
0.0
0.0
3.2209561026376454e-5
0.0
0.0
0.0
0.0
7.731652619121797e-6
0.0
0.0
0.0
0.0
0.0
0.0
0.0
0.0
0.0
0.0
0.0
0.0
0.0
0.0
0.0
0.0
0.0
0.0
2.8372309261506404e-5
0.0
0.0
0.0
0.0
4.552896069869111e-6
0.0
0.0
0.0
0.0
0.0
0.0
0.0
0.0
0.0
0.0
0.0
0.0
0.0
0.0
0.0
0.0
0.0
0.0
2.404671120657581e-5
0.0
0.0
0.0
0.0
7.492870415182617e-6
0.0
0.0
0.0
0.0
0.0
0.0
0.0
0.0
0.0
0.0
0.0
0.0
0.0
0.0
0.0
0.0
0.0
0.0
1.3884681607457416e-5
0.0
0.0
0.0
0.0
1.545722211618786e-5
0.0
0.0
0.0
0.0
0.0
0.0
0.0
0.0
0.0
0.0
0.0
0.0
0.0
0.0
0.0
0.0
0.0
0.0
2.4533581181177654e-5
0.0
0.0
0.0
0.0
1.4147899184092441e-5
0.0
0.0
0.0
0.0
0.0
0.0
0.0
0.0
0.0
0.0
0.0
0.0
0.0
0.0
0.0
0.0
0.0
0.0
3.621362443263251e-5
0.0
0.0
0.0
0.0
1.3175899685931136e-5
0.0
0.0
0.0
0.0
0.0
0.0
0.0
0.0
0.0
0.0
0.0
0.0
0.0
0.0
0.0
0.0
0.0
0.0
3.761333196185749e-5
0.0
0.0
0.0
0.0
1.0708302153991904e-5
0.0
0.0
0.0
0.0
0.0
0.0
0.0
0.0
0.0
0.0
0.0
0.0
0.0
0.0
0.0
0.0
0.0
0.0
4.535983044631963e-5
0.0
0.0
0.0
0.0
1.0709203736259012e-5
0.0
0.0
0.0
0.0
0.0
0.0
0.0
0.0
0.0
0.0
0.0
0.0
0.0
0.0
0.0
0.0
0.0
0.0
5.059308476029004e-5
0.0
0.0
0.0
0.0
3.673976137186571e-6
0.0
0.0
0.0
0.0
0.0
0.0
0.0
0.0
0.0
0.0
0.0
0.0
0.0
0.0
0.0
0.0
0.0
0.0
4.045577776339322e-5
0.0
0.0
0.0
0.0
4.119475086266672e-6
0.0
0.0
0.0
0.0
0.0
0.0
0.0
0.0
0.0
0.0
0.0
0.0
0.0
0.0
0.0
0.0
0.0
0.0
5.1080905229113625e-5
0.0
0.0
0.0
0.0
1.1247338378571385e-5
0.0
0.0
0.0
0.0
0.0
0.0
0.0
0.0
0.0
0.0
0.0
0.0
0.0
0.0
0.0
0.0
0.0
0.0
2.9869655718447515e-5
0.0
0.0
0.0
0.0
1.444069084748312e-5
0.0
0.0
0.0
0.0
0.0
0.0
0.0
0.0
0.0
0.0
0.0
0.0
0.0
0.0
0.0
0.0
0.0
0.0
1.6014671489902632e-5
0.0
0.0
0.0
0.0
1.5358521580846833e-5
0.0
0.0
0.0
0.0
0.0
0.0
0.0
0.0
0.0
0.0
0.0
0.0
0.0
0.0
0.0
0.0
0.0
0.0
3.588941859568888e-5
0.0
0.0
0.0
0.0
1.2558109928520008e-5
0.0
0.0
0.0
0.0
0.0
0.0
0.0
0.0
0.0
0.0
0.0
0.0
0.0
0.0
0.0
0.0
0.0
0.0
7.729355903896961e-5
0.0
0.0
0.0
0.0
4.2977612012219066e-5
0.0
1.1310107360161058e-5
0.0
0.0
0.0
0.0
0.0
0.0
0.0
0.0
0.0
0.0
0.0
0.0
0.0
0.0
0.0
0.0
7.505497566040608e-5
0.0
0.0
0.0
0.0
4.4522796345949813e-5
0.0
1.0668541492934518e-5
0.0
0.0
0.0
0.0
0.0
0.0
0.0
0.0
0.0
0.0
0.0
0.0
0.0
0.0
0.0
0.0
4.2202241273720194e-5
0.0
0.0
0.0
0.0
2.0888771363069495e-5
0.0
0.0
0.0
0.0
0.0
0.0
0.0
0.0
0.0
0.0
0.0
0.0
0.0
0.0
0.0
0.0
0.0
0.0
4.844550574035056e-5
0.0
0.0
0.0
0.0
1.8255741295745688e-5
0.0
0.0
0.0
0.0
0.0
0.0
0.0
0.0
0.0
0.0
0.0
0.0
0.0
0.0
0.0
0.0
0.0
0.0
6.110449454683434e-5
0.0
0.0
0.0
0.0
2.31899444450356e-5
0.0
0.0
0.0
0.0
0.0
0.0
0.0
0.0
0.0
0.0
0.0
0.0
0.0
0.0
0.0
0.0
0.0
0.0
4.267839997140109e-5
0.0
0.0
0.0
0.0
1.0904805006137666e-5
0.0
0.0
0.0
0.0
0.0
0.0
0.0
0.0
0.0
0.0
0.0
0.0
0.0
0.0
0.0
0.0
0.0
0.0
2.6538351284170337e-5
0.0
0.0
0.0
0.0
6.851990954647446e-6
0.0
0.0
0.0
0.0
0.0
0.0
0.0
0.0
0.0
0.0
0.0
0.0
0.0
0.0
0.0
0.0
0.0
0.0
3.699659461104646e-5
0.0
0.0
0.0
0.0
1.622830838330631e-5
0.0
0.0
0.0
0.0
0.0
0.0
0.0
0.0
0.0
0.0
0.0
0.0
0.0
0.0
0.0
0.0
0.0
0.0
3.5971268958717946e-5
0.0
0.0
0.0
0.0
1.5012301417643162e-5
0.0
0.0
0.0
0.0
0.0
0.0
0.0
0.0
0.0
0.0
0.0
0.0
0.0
0.0
0.0
0.0
0.0
0.0
1.2203241463716536e-5
0.0
0.0
0.0
0.0
3.486533996581477e-5
0.0
0.0
0.0
0.0
0.0
0.0
0.0
0.0
0.0
0.0
0.0
0.0
0.0
0.0
0.0
0.0
0.0
0.0
2.866677860730448e-5
0.0
0.0
0.0
0.0
1.2183175257519348e-5
0.0
0.0
0.0
0.0
0.0
0.0
0.0
0.0
0.0
0.0
0.0
0.0
0.0
0.0
0.0
0.0
0.0
0.0
1.6545835237306955e-5
0.0
0.0
0.0
0.0
3.2570427259550925e-6
0.0
0.0
0.0
0.0
0.0
0.0
0.0
0.0
0.0
0.0
0.0
0.0
0.0
0.0
0.0
0.0
0.0
0.0
3.569105190581279e-5
0.0
0.0
0.0
0.0
4.207108888144133e-6
0.0
0.0
0.0
0.0
0.0
0.0
0.0
0.0
0.0
0.0
0.0
0.0
0.0
0.0
0.0
0.0
0.0
0.0
3.27019187111694e-5
0.0
0.0
0.0
0.0
0.0
1.32266438419002e-5
0.0
0.0
0.0
0.0
0.0
0.0
0.0
0.0
0.0
0.0
0.0
0.0
0.0
0.0
0.0
0.0
0.0
0.0
4.4543726054145364e-5
0.0
0.0
0.0
0.0
6.63718471576291e-6
0.0
0.0
0.0
0.0
0.0
0.0
0.0
0.0
0.0
0.0
0.0
0.0
0.0
0.0
0.0
0.0
0.0
0.0
4.228312816813722e-5
0.0
0.0
0.0
0.0
0.0
0.0
0.0
0.0
0.0
0.0
0.0
0.0
0.0
0.0
0.0
0.0
0.0
0.0
0.0
0.0
0.0
0.0
0.0
3.0132239574499052e-5
0.0
0.0
0.0
0.0
1.200472733687104e-5
0.0
0.0
0.0
0.0
0.0
0.0
0.0
0.0
0.0
0.0
0.0
0.0
0.0
0.0
0.0
0.0
0.0
0.0
4.232069628327758e-5
0.0
0.0
0.0
0.0
0.0
0.0
0.0
0.0
0.0
0.0
0.0
0.0
0.0
0.0
0.0
0.0
0.0
0.0
0.0
0.0
0.0
3.6936240977244175e-5
9.091579111903559e-5
0.0005245421194591112
0.0
0.0
0.0
0.0
0.0028977458551781863
0.0015162221718433256
1.1593313265141193e-5
2.7859885362638686e-6
0.0
0.0
0.0
0.0
0.0
0.0
0.0
0.0
0.0
0.0
0.0
0.0
0.0
0.0
3.376017205836585e-5
0.00011993486221142394
0.0
0.0
0.0
0.0
0.0015003931061041836
0.000316519726447133
1.7619739307125358e-5
0.0
0.0
0.0
0.0
0.0
0.0
0.0
0.0
0.0
0.0
0.0
0.0
0.0
0.0
0.0
1.8886303162694484e-5
0.00011097514814583185
0.0
0.0
0.0
0.0
0.0005711813449524605
0.0
1.5537477787217346e-5
0.0
0.0
0.0
0.0
0.0
0.0
0.0
0.0
0.0
0.0
0.0
0.0
0.0
0.0
0.0
0.0
0.00010249461620473695
0.0
0.0
0.0
0.0
1.7687301935985303e-5
0.0
0.0
0.0
0.0
0.0
0.0
0.0
0.0
0.0
0.0
0.0
0.0
0.0
0.0
0.0
0.0
0.0
0.0
4.2122141894070964e-5
0.0
0.0
0.0
0.0
1.3141534638163309e-5
0.0
0.0
0.0
0.0
0.0
0.0
0.0
0.0
0.0
0.0
0.0
0.0
0.0
0.0
0.0
0.0
0.0
0.0
3.0054558331303975e-5
0.0
0.0
0.0
0.0
1.5647837698913784e-5
0.0
0.0
0.0
0.0
0.0
0.0
0.0
0.0
0.0
0.0
0.0
0.0
0.0
0.0
0.0
0.0
0.0
0.0
3.22993871102717e-5
0.0
0.0
0.0
0.0
1.159977820609359e-5
0.0
0.0
0.0
0.0
0.0
0.0
0.0
0.0
0.0
0.0
0.0
0.0
0.0
0.0
0.0
0.0
0.0
0.0
4.233514497236007e-5
0.0
0.0
0.0
0.0
1.2806368639728792e-5
0.0
0.0
0.0
0.0
0.0
0.0
0.0
0.0
0.0
0.0
0.0
0.0
0.0
0.0
0.0
0.0
0.0
0.0
4.70470740576808e-5
0.0
0.0
0.0
0.0
1.104152771301355e-5
0.0
0.0
0.0
0.0
0.0
0.0
0.0
0.0
0.0
0.0
0.0
0.0
0.0
0.0
0.0
0.0
0.0
0.0
4.599596507779586e-5
0.0
0.0
0.0
0.0
1.731056209954263e-5
0.0
0.0
0.0
0.0
0.0
0.0
0.0
0.0
0.0
0.0
0.0
0.0
0.0
0.0
0.0
0.0
0.0
0.0
0.00010054976400242578
0.0
0.0
0.0
0.0
4.011802478024625e-5
5.754601281616696e-6
0.0
0.0
0.0
0.0
0.0
0.0
0.0
0.0
0.0
0.0
0.0
0.0
0.0
0.0
0.0
0.0
9.319684341098526e-5
0.00013023961895023014
0.0
0.0
0.0
0.0
0.003744829666181269
0.003156331041955768
5.9304340748632435e-5
3.275004986274714e-6
0.0
0.0
0.0
0.0
0.0
0.0
0.0
0.0
0.0
0.0
0.0
0.0
0.0
0.0
0.0
4.2754817302589374e-5
0.0
0.0
0.0
0.0
2.101778924363488e-6
0.0
0.0
0.0
0.0
0.0
0.0
0.0
0.0
0.0
0.0
0.0
0.0
0.0
0.0
0.0
0.0
0.0
0.0
3.736971984695148e-5
0.0
0.0
0.0
0.0
2.1980720218049776e-6
0.0
0.0
0.0
0.0
0.0
0.0
0.0
0.0
0.0
0.0
0.0
0.0
0.0
0.0
0.0
0.0
0.0
0.0
4.739720834313888e-5
0.0
0.0
0.0
0.0
2.1735288600488434e-6
0.0
0.0
0.0
0.0
0.0
0.0
0.0
0.0
0.0
0.0
0.0
0.0
0.0
0.0
0.0
0.0
0.0
7.422947512340608e-5
0.00014314578631645155
0.0
0.0
0.0
0.0
0.004035048899494292
0.0026238386870512348
9.682069791085366e-6
5.40396705674273e-6
0.0
0.0
0.0
0.0
0.0
0.0
0.0
0.0
0.0
0.0
0.0
0.0
0.0
0.0
0.0
4.352684851810641e-5
0.0
0.0
0.0
0.0
4.636812893265011e-5
0.0
1.5373199775628555e-5
0.0
0.0
0.0
0.0
0.0
0.0
0.0
0.0
0.0
0.0
0.0
0.0
0.0
0.0
0.0
0.0
0.00016217623236350513
0.0
0.0
0.0
0.0
5.6244792040252875e-5
0.0
1.1907833203753615e-5
0.0
0.0
0.0
0.0
0.0
0.0
0.0
0.0
0.0
0.0
0.0
0.0
0.0
0.0
0.0
0.0
4.1653494683015805e-5
0.0
0.0
0.0
0.0
2.675894260831952e-6
0.0
0.0
0.0
0.0
0.0
0.0
0.0
0.0
0.0
0.0
0.0
0.0
0.0
0.0
0.0
0.0
0.0
0.0
3.976955736126487e-5
0.0
0.0
0.0
0.0
3.1929846933942845e-6
0.0
0.0
0.0
0.0
0.0
0.0
0.0
0.0
0.0
0.0
0.0
0.0
0.0
0.0
0.0
0.0
0.0
1.047381885790409e-5
0.00013528388228468242
0.0
0.0
0.0
0.0
0.005516388103555342
0.006165513103433589
0.002826048586694494
0.00039837411067065374
4.7588721978971715e-6
2.105346468906649e-6
0.0
0.0
0.0
0.0
0.0
0.0
0.0
0.0
0.0
0.0
4.808332569851595e-5
0.00019297815877602941
0.0017418988527737932
0.004970380420820153
0.0
0.0
0.0
0.0
0.00038732535347297165
1.2006191260881092e-5
0.0
0.0
0.0
0.0
0.0
0.0
0.0
0.0
0.0
0.0
0.0
0.0
0.0
0.0
0.0
0.0
0.0
4.791262845962798e-5
0.0
0.0
0.0
0.0
0.0
0.0
0.0
0.0
0.0
0.0
0.0
0.0
0.0
0.0
0.0
0.0
0.0
0.0
0.0
0.0
0.0
0.0
0.0
5.208938501817175e-5
0.0
0.0
0.0
0.0
0.0
0.0
0.0
0.0
0.0
0.0
0.0
0.0
0.0
0.0
0.0
0.0
0.0
0.0
0.0
0.0
0.0
0.0
0.0
4.636259183784899e-5
0.0
0.0
0.0
0.0
2.1800299221134342e-5
0.0
0.0
0.0
0.0
0.0
0.0
0.0
0.0
0.0
0.0
0.0
0.0
0.0
0.0
0.0
0.0
0.0
0.0
9.27673996790658e-5
0.0
0.0
0.0
0.0
0.0006329708362517777
0.0005714896263126616
1.4122774517568588e-5
3.365148841111066e-6
0.0
0.0
0.0
0.0
0.0
0.0
0.0
0.0
0.0
0.0
0.0
0.0
0.0
0.0
0.0
0.00011712301666299258
0.0
0.0
0.0
0.0
0.0015281005916710315
0.0007974920794521369
9.070198474716643e-6
0.0
5.363694719448519e-6
0.0
0.0
0.0
0.0
0.0
0.0
0.0
0.0
0.0
0.0
0.0
3.246990083282931e-5
4.4966171390491015e-5
4.595970955028923e-5
0.0016492115597532694
0.0
0.0
0.0
0.0
0.004751143294521416
0.004151420473266734
0.00037551150467277176
5.696936616591267e-6
2.6454126174451353e-6
0.0
0.0
0.0
0.0
0.0
0.0
0.0
0.0
0.0
0.0
0.0
0.0
0.0
0.0
0.00011131490016190411
0.0
0.0
0.0
0.0
0.004228691060860169
0.0030229864369819195
3.576069998475738e-6
6.299204744594405e-6
0.0
0.0
0.0
0.0
0.0
0.0
0.0
0.0
0.0
0.0
0.0
0.0
0.0
0.0
0.0
4.875426868124451e-5
0.0
0.0
0.0
0.0
0.00017184603102824933
0.0
0.0
0.0
0.0
0.0
0.0
0.0
0.0
0.0
0.0
0.0
0.0
0.0
0.0
0.0
0.0
0.0
1.0916562994161324e-5
0.00013000567367776577
0.0
0.0
0.0
0.0
1.2763714020042329e-5
0.0
0.0
0.0
0.0
0.0
0.0
0.0
0.0
0.0
0.0
0.0
0.0
0.0
0.0
0.0
0.0
0.0
2.0619287723112415e-5
0.00011657390793161067
0.0
0.0
0.0
0.0
0.00011557266060495001
0.0
1.7607654706353868e-5
0.0
0.0
0.0
0.0
0.0
0.0
0.0
0.0
0.0
0.0
0.0
0.0
0.0
0.0
0.0
0.0
3.8774464322805565e-5
0.0
0.0
0.0
0.0
4.125139622351185e-6
0.0
0.0
0.0
0.0
0.0
0.0
0.0
0.0
0.0
0.0
0.0
0.0
0.0
0.0
0.0
0.0
0.0
0.0
6.398655261926969e-5
0.0
0.0
0.0
0.0
3.842706842933456e-5
0.0
0.0
0.0
0.0
0.0
0.0
0.0
0.0
0.0
0.0
0.0
0.0
0.0
0.0
0.0
0.0
0.0
0.0
4.8780657039202644e-5
0.0
0.0
0.0
0.0
0.0
0.0
0.0
0.0
0.0
0.0
0.0
0.0
0.0
0.0
0.0
0.0
0.0
0.0
0.0
0.0
0.0
0.0
0.0
4.450927225745162e-5
0.0
0.0
0.0
0.0
0.0
0.0
0.0
0.0
0.0
0.0
0.0
0.0
0.0
0.0
0.0
0.0
0.0
0.0
0.0
0.0
0.0
0.0
0.0
6.628521217504758e-5
0.0
0.0
0.0
0.0
2.275285214067392e-5
0.0
5.364560462621149e-6
0.0
0.0
0.0
0.0
0.0
0.0
0.0
0.0
0.0
0.0
0.0
0.0
0.0
0.0
0.0
0.0
4.133922339264565e-5
0.0
0.0
0.0
0.0
1.815545819989326e-5
5.171675436098282e-6
0.0
0.0
0.0
0.0
0.0
0.0
0.0
0.0
0.0
0.0
0.0
0.0
0.0
0.0
0.0
0.0
0.0
4.6771508800287624e-5
0.0
0.0
0.0
0.0
0.0
0.0
0.0
0.0
0.0
0.0
0.0
0.0
0.0
0.0
0.0
0.0
0.0
0.0
0.0
0.0
0.0
0.0
0.0
4.045074216383195e-5
0.0
0.0
0.0
0.0
2.203746341855937e-5
0.0
0.0
0.0
0.0
0.0
0.0
0.0
0.0
0.0
0.0
0.0
0.0
0.0
0.0
0.0
4.739572819129399e-5
7.949940713279436e-5
0.0014848971214018022
0.004910203324591493
0.0
0.0
0.0
0.0
0.00882314023728454
0.008209774376714482
0.0033447753403793427
8.042677850173465e-5
5.838362562791117e-6
0.0
0.0
0.0
0.0
0.0
0.0
0.0
0.0
0.0
0.0
0.0
2.019776433260333e-5
5.9650005722944653e-5
0.0004025040916453831
0.004388196982202988
0.0
0.0
0.0
0.0
0.006525794488591257
0.005904967190874061
0.0017543874092568535
5.168555220487989e-6
2.4527205918706754e-6
0.0
0.0
0.0
0.0
0.0
0.0
0.0
0.0
0.0
0.0
0.0
4.803027284944687e-5
4.250663505126652e-5
0.0003563166288287305
0.0029590176000063575
0.0
0.0
0.0
0.0
0.005649319165003159
0.00429307688701951
8.222877589226128e-6
1.112206684335432e-5
0.0
0.0
0.0
0.0
0.0
0.0
0.0
0.0
0.0
0.0
0.0
0.0
0.0
0.0
0.0
6.696560339710278e-5
0.0
0.0
0.0
0.0
1.3926384622181979e-5
5.341894954312213e-6
0.0
0.0
0.0
0.0
0.0
0.0
0.0
0.0
0.0
0.0
0.0
0.0
0.0
0.0
0.0
0.0
0.0
6.43673660361381e-5
0.0
0.0
0.0
0.0
0.0008645771317979264
0.0003754721150698235
1.8173056908659043e-5
3.32460894542044e-6
0.0
0.0
0.0
0.0
0.0
0.0
0.0
0.0
0.0
0.0
0.0
0.0
0.0
0.0
0.0
0.00010524210846224233
0.0
0.0
0.0
0.0
4.1536962955480854e-5
0.0
9.820072685068416e-6
0.0
1.1475381453583373e-5
0.0
0.0
0.0
0.0
0.0
0.0
0.0
0.0
0.0
0.0
0.0
6.728604240696477e-5
0.00024790283786287894
0.0020553611020744404
0.005616923024681973
0.0
0.0
0.0
0.0
0.008053509110663593
0.006941936688889826
0.0018044419027267097
8.576176381255002e-6
2.4657268123465163e-6
0.0
0.0
0.0
0.0
0.0
0.0
0.0
0.0
0.0
0.0
0.0
0.0
0.0
1.3868741635495729e-5
0.00013245195156081778
0.0
0.0
0.0
0.0
4.3666038304901445e-5
0.0
2.124639398291709e-5
0.0
0.0
0.0
0.0
0.0
0.0
0.0
0.0
0.0
0.0
0.0
0.0
0.0
0.0
0.0
0.0
4.7171800503076436e-5
0.0
0.0
0.0
0.0
0.0
0.0
0.0
0.0
0.0
0.0
0.0
0.0
0.0
0.0
0.0
0.0
0.0
0.0
0.0
0.0
0.0
0.0
0.0
6.766618603964391e-5
0.0
0.0
0.0
0.0
0.0
0.0
0.0
0.0
0.0
0.0
0.0
0.0
0.0
0.0
0.0
0.0
0.0
0.0
0.0
0.0
0.0
0.0
0.0
4.4481632355302585e-5
0.0
0.0
0.0
0.0
0.0
0.0
0.0
0.0
0.0
0.0
0.0
0.0
0.0
0.0
0.0
0.0
0.0
0.0
0.0
0.0
0.0
0.0
0.0
