0.00016168403639865242
0.00011054505135923538
0.00014245922117875966
0.00010350003502743002
0.00015727004223378907
0.00012196689604149344
0.00017989708377354072
0.00013704606984751933
0.00016478389476293746
9.797932470151007e-5
9.769702293434101e-5
9.665742851534158e-5
0.00018320262681418518
0.00013268807700658137
0.00018279985836466958
0.00011989680448037071
0.00013859772104223077
0.00010910533369871743
0.0001536527307283581
0.00010292521224780567
0.00015728517597725396
0.00013078060304413686
0.00018621409667760418
0.00014803440858101924
0.0002476807423805953
0.0002058611352279676
0.00027745282287801993
0.00019769154787695098
0.0002830349668744739
0.00022968582454489027
0.00218857737724523
0.001842813103969691
0.0010395628390542234
0.0007364469466132533
0.0004686700169068484
0.0003475473298138821
0.0003333752207160155
0.00015636059319210625
7.003736175242221e-5
4.981673136428072e-5
6.108489150858343e-5
0.00036153872488581067
0.000655103884079953
0.0007816095584904986
0.0009043365948900144
0.0009415551186538272
0.0
0.0
8.892726038468736e-6
8.495232052270561e-5
0.00017523267818460268
0.00026263464023240624
0.00035282816960028484
0.00041964582580899384
0.0019886177387929975
0.0018720119892330414
0.0009078721923367602
0.0005031684569883462
0.00036489186556433494
0.00031045188818253517
0.00030702076433377593
0.00020079342528475744
0.0001414683290985924
0.000129588659663687
0.00014086742527020976
0.0004134198092082726
0.0007356758608344569
0.0008665788886205338
0.0010109672345023529
0.0011254760533496737
0.0
0.00011179300432481825
0.0002446349990457744
0.00048645690110028073
0.00045918653405340354
0.0007031927318301018
0.0006442669231010539
0.0009024734670899968
0.0023432748505711853
0.00227148833327435
0.0011805734501823028
0.0006958121479187443
0.0005230719134085389
0.0004348856762681709
0.00041194629244935597
0.0002447265426486422
0.00015441751193479632
0.0001091115594499515
9.203542419896038e-5
0.0003077051554222216
0.0005646148999629202
0.00071406732359573
0.0008757332881316152
0.0009409310063322401
0.0
0.0
0.0
3.283380677087836e-5
7.701217732216537e-5
9.801397928411268e-5
0.00012171642115732
0.00012364699240440498
0.001723935591782455
0.001549435661544496
0.0008084740348772976
0.0005093788272562967
0.0003191821680325226
0.0001740778119365815
0.00011889076024980387
3.292475072402168e-5
2.0469683354138385e-5
8.814828705906024e-6
0.0
0.0001552741657680604
0.00032247991983404826
0.0004291448736979143
0.0005202194985473224
0.000600670862547305
0.0
0.0
0.0
0.0
1.027113126003076e-6
1.6505625154814755e-6
7.732718577998355e-5
0.00015663288732799925
0.0016563629777758455
0.001427668069525007
0.0005217496705365201
0.00020658497930202763
9.880372651732556e-5
4.1656721601571305e-5
4.529055368152001e-5
2.755300020461021e-6
0.0
0.0
0.0
7.369239533421354e-5
0.0002001530411452275
0.00028025377194976453
0.00037245883305665376
0.00048303348186848203
0.0
0.0
0.0
0.0
0.0
2.5328512239244916e-5
7.183442471904364e-5
0.0001226506011867516
0.0015798672405998525
0.001573955399477414
0.001247902190272572
0.0010452470416150027
0.0008763385013521108
0.0008159653196279609
0.0008222126508016951
0.0006544163138509253
0.0005379861366464761
0.0005066775946855648
0.0005952989787748339
0.0009082694010592962
0.0
3.3662063130301937e-6
8.09390822062636e-5
0.0001602505628963033
0.00024639658104607645
0.00036120885552350877
0.0004503492126189062
0.0006004252984799232
0.0006228755815563556
0.0007532102869060651
0.0007516908621563106
0.00071466194954181
0.0008749128993781767
0.0009009712289390147
0.0007442429016325891
0.000576641418082313
0.00041418802964089766
0.00036189653093502056
0.0003019456599523682
0.00021954175449480335
0.00015536048283138008
0.0001195119233202757
0.0001515895199643023
0.0002430715148873404
0.0003351461786391245
0.00037899737859152163
0.0004622825298539161
0.0004935202057735534
0.0005661372939265487
0.0005659878127436143
0.0006456000942140407
0.0006474213845853553
0.0007075085689995832
0.0006479607932333637
0.0007115686963745704
0.0008288831620063321
0.0027614857957772355
0.0024322641954211137
0.001303370891573204
0.0008188023765317171
0.0005735650475802928
0.0004167676252426693
0.0003463553959875079
0.00016623700504620002
7.868661300482566e-5
4.4599483592985864e-5
3.8203057847685294e-5
0.0002079940561435363
0.00041846539631681836
0.0005846259549965283
0.0007054259505552121
0.0007604159733828554
0.0
0.0
6.149482119796412e-6
5.083938390908751e-5
0.00011431091250331283
0.00013004813738098502
0.00020918644144381056
0.0003234801414909904
0.0018893753112325458
0.0017312337137219262
0.0007422194798902714
0.0003883824969771347
0.000284593493650954
0.00020515374443354852
0.0001661593370289831
5.133417046595232e-5
1.4263651326788155e-5
0.0
0.0
9.109353083118721e-5
0.00025997174382843776
0.00038264493775260145
0.0005729798008439726
0.0007277787463419042
0.0
0.0
7.671002772981107e-5
0.000155643678649664
0.0002783652254876824
0.00034672801940003565
0.0004706674557269003
0.0004340115138462551
0.0019478346496689261
0.0018553260343233467
0.0010497881218150674
0.0007688696276822544
0.0006148519307823852
0.0004148248401178781
0.00039579301516607746
0.00025201180800160346
0.00020334456685519028
0.00027864122147727737
0.0002951643120477168
0.0005261577268871997
0.0007126786014494149
0.000795792928030679
0.0008913122030935066
0.0009435574028803135
0.0
0.0
3.868007737376968e-6
4.6434894603226204e-5
0.00011550689298471978
0.00017107351402849308
0.0002109510311153325
0.00022483125474399092
0.0018624486237890031
0.0016490318245920227
0.0008550544641290025
0.00047776831646351256
0.00037697774955427647
0.0002901102785665673
0.00033611764493882406
0.00022393262972496492
0.00019501599324310705
0.00024280495026048667
0.00028229298793772134
0.0005949509794583555
0.0008086242735932476
0.0008712690049501472
0.0009471756419856892
0.0010095398514383546
0.0
7.1438275863426045e-6
0.0001148660604391123
0.00022102283212128548
0.000279718590322836
0.0003516563565257291
0.000388977471121063
0.00046191426406405264
0.002062193604074636
0.0019492368765888096
0.0010966057849005435
0.0007412437098739307
0.00045366096596210733
0.00038354998043706894
0.000376043140730918
0.0001993117063519045
0.00012682434931062943
0.00010691726205682445
9.087808057474328e-5
0.0003013497008183023
0.0005909582773426311
0.0007042486653619208
0.0008042111651963787
0.0008994654890878327
0.0
2.855369156708295e-6
8.131412935192038e-5
0.00017525985839031985
0.00031646135530411456
0.0003578670083759547
0.000492909933713833
0.000545346928501278
0.0021125401202183253
0.002059911793452302
0.0014751393565075473
0.0011279078498117358
0.000939550699661174
0.0008329307967700303
0.0008345212736025777
0.0007311815329337951
0.0006051987504534312
0.0005065065502168686
0.000543058070871639
0.0008039546674097742
0.0
0.0
1.6356271665607362e-5
7.622497625011038e-5
0.00014476377131189728
0.00015854226231045278
0.0002771631582054855
0.0003743100877263876
0.0004378220462542875
0.0004740621897231124
0.0006145739001691134
0.000608760891357431
0.0006567708447940763
0.0005965661108460464
0.0003262422867721778
0.00019360250772160317
0.00015391290906921143
0.00011284738897881986
6.642039450049655e-5
2.9538383643811737e-5
3.3092268511678054e-6
2.41409332744948e-6
2.722489576056556e-6
3.4953089418776016e-5
7.58902034995298e-5
9.179233071473905e-5
0.00010377424648661713
0.00016710625540228226
0.0002175975328840616
0.0002663025955919347
0.0003076709575288171
0.00039766205159213943
0.0004898194501328779
0.0005817541850243256
0.0005250693033625617
0.0005140392996558067
0.0006440390888561487
0.0006918979178526756
0.000483435501594015
0.0002885476176802016
0.00020986741070500514
0.00016322923594083212
9.927705538725994e-5
5.8011036226540326e-5
3.244842279468329e-5
1.683697831327206e-5
2.995917162780868e-5
8.366671632554801e-5
0.00014130870034785204
0.00016087340071296524
0.0001786553306580052
0.0002339224763959956
0.0002643346714151825
0.00032069355136223705
0.00039810536004441664
0.00043393609910080384
0.00046305956435957897
0.0004743052541725855
0.000522935080638448
0.0005621632858060719
0.0023918522172731013
0.002059915981906471
0.0009610348857845901
0.0004838513177553795
0.00026203978595268373
0.00016401074661858415
0.00012984213873491054
3.14277373814594e-5
2.081566779714269e-6
0.0
0.0
6.77807646205696e-5
0.00022084560292252392
0.0003337607872714726
0.0004546335914604338
0.0005379758348986788
0.0
0.0
0.0
0.0
1.2955142920587468e-5
5.6806859180929464e-5
7.677163602518177e-5
8.797429184916354e-5
0.0016366541387529481
0.0013977241861493498
0.000408444823212619
0.00016835098075568833
8.384109201116792e-5
2.2221929931272462e-5
3.3507345809917757e-6
0.0
0.0
0.0
0.0
9.975512331975464e-6
3.07209822617656e-5
7.262397999422303e-5
0.00013121402436482135
0.0002162188496169855
0.0
0.0
0.0
0.0
0.0
6.319556838858795e-6
4.7903778490065305e-5
6.509825341444425e-5
0.00143646502761949
0.0013468069071165317
0.0005206588543294991
0.00021741915263831564
8.459469400684826e-5
2.604223000112602e-5
1.6490919795503325e-5
0.0
0.0
0.0
0.0
1.53766820832171e-5
5.789440793790794e-5
9.572225580430323e-5
0.00018961298941393357
0.00026887134753698574
0.0
0.0
0.0
0.0
0.0
0.0
0.0
0.0
0.001266412887072971
0.0011135704731739821
0.0002602393594036118
9.50911490885665e-5
2.7025536714974083e-5
8.09132822576941e-7
0.0
0.0
0.0
0.0
0.0
7.258900230417707e-6
5.3298779115501434e-5
0.00011355431469135506
0.00021183427762248795
0.0003043193669771523
0.0
0.0
0.0
0.0
0.0
0.0
1.2839949949941853e-5
2.279130625230488e-5
0.0014230265632804225
0.0013717042416213042
0.0007879651167429907
0.00046245785371580415
0.0003400689879870179
0.0002343026240813498
0.00024977510861278997
0.00017080132286186942
0.0001089977629367474
9.20475835351659e-5
0.00010257253796434308
0.00018318753301815126
0.0
0.0
0.0
0.0
0.0
0.0
0.0
1.0484491253455026e-5
6.946152446582566e-5
0.00013192616500300538
0.00020399162374959873
0.0002895484840181192
0.00033847520250795515
0.00032902881751665364
0.0002107779684577225
0.0001428827395466528
0.0001372675282151073
0.00010871246465208433
0.00011992515440296318
7.290659161145986e-5
7.494992135210896e-5
7.680921597371049e-5
0.00011027808158260069
0.00016345911057253775
0.00027149503936130644
0.00035268583775844697
0.00046343321658827934
0.0005187470601279981
0.0005936353725054328
0.0006377102966971687
0.0006780244305923857
0.000761477421544664
0.0008245602381669842
0.0008620064688610703
0.0008353506186445377
0.0008625845875119211
0.0027959212087612173
0.0024720314553415136
0.0013326590888177179
0.000852554403796497
0.0005826152574860948
0.00047163429684599154
0.0004298913752623532
0.00023274781638220346
0.0001235328911468662
7.409360997548273e-5
5.6311564592666425e-5
0.00023881812127171846
0.0004819012962948123
0.0005913940959255194
0.000697922631175326
0.0007640778340748205
0.0
0.0
0.0
5.098417003080076e-5
0.00015770538013272508
0.00026164649856463314
0.0003440402070186245
0.0003661339278287216
0.0018551814125711778
0.0017602712475207512
0.0008419488659765126
0.00038841132859167825
0.00023190791627796358
0.00015214597323664247
0.0001233115961189108
3.496152573330465e-5
1.6939459375914497e-6
0.0
0.0
2.1033420734824232e-5
0.00010000867474776207
0.00013710652786286126
0.00019855172808447272
0.00023936603874443046
0.0
0.0
0.0
0.0
0.0
0.0
6.206518590565185e-6
6.644092829078226e-6
0.001295777926915158
0.0012403265329540244
0.00040788564047672924
0.00013342299960108375
3.952680364592371e-5
3.047715274119875e-6
0.0
0.0
0.0
0.0
0.0
1.804655672267612e-6
1.963752968127913e-5
5.539462550629058e-5
0.0001041141460506031
0.0001974668342210451
0.0
0.0
0.0
0.0
0.0
0.0
1.4360848488176512e-5
5.6683590152337175e-5
0.0013657314422093338
0.0012150800105707033
0.00033547486601326126
0.00014505198152980672
6.033535014844094e-5
1.8301135599483898e-5
5.5896628019825244e-6
0.0
0.0
0.0
0.0
4.263058378295456e-6
1.451575058350704e-5
4.035598644390206e-5
6.990733382887956e-5
9.463798271474897e-5
0.0
0.0
0.0
0.0
0.0
0.0
0.0
0.0
0.0009960261075571536
0.0009593318257845321
0.000181758362794183
3.1633970211952126e-5
0.0
0.0
0.0
0.0
0.0
0.0
0.0
4.330397696894934e-6
1.4807405128953936e-5
4.8212664122092686e-5
0.00010195485185427441
0.00017911939189926525
0.0
0.0
0.0
0.0
0.0
0.0
2.7729815882818132e-5
4.9847476817948636e-5
0.001370124564181182
0.001394999395770001
0.0010315577961573417
0.0006607011743541179
0.0004248864453473866
0.00031709540167306486
0.00032725506086294677
0.00029634960403848026
0.00028290511230481287
0.00025801601928593035
0.00027703748902217106
0.0004076487379677832
0.0
0.0
0.0
0.0
0.0
0.0
0.0
4.303897250511712e-6
3.0798272454734445e-5
0.00010294187694423967
0.00018224265196383014
0.00021297271697414126
0.0002373571611101021
0.00016546573372988444
0.00016021113077188152
0.00019744865873161802
0.0001889822636998325
9.303032743507196e-5
4.812368848383522e-5
1.856275155699949e-5
1.2107107623931849e-5
2.0095217900488207e-5
1.7994552975198086e-5
6.564211090900893e-5
0.0001493354686868253
0.0002000840432106101
0.0002305830615933865
0.00029180616599773024
0.0003256918674902553
0.00031274626964563094
0.0003200907154850126
0.0003307234653284154
0.00034746962252853777
0.00037887341511749106
0.00042065504692310194
0.00046525203736251926
0.002324182093187213
0.0020794979605544216
0.00120944769189977
0.0007410593499601374
0.00044961444832404237
0.00028495636138808124
0.00023501835867353754
9.169333688313108e-5
3.3729420875557856e-5
2.6688322240677095e-6
0.0
7.556826176296782e-5
0.000201778837467068
0.00031324320144308503
0.00044456714674100556
0.0005435974819300793
0.0
0.0
1.1662850953751768e-5
6.326967952862683e-5
0.00012614736043950256
0.0002003376024834778
0.00029054051524650236
0.0003231225620223816
0.001843657607998912
0.0017505818927442125
0.0007627666496070943
0.0003555574771290653
0.00021431096905850084
0.00016343492920709441
0.00016124461441724983
5.873904177984487e-5
2.9550758910891937e-5
6.458397667475317e-6
0.0
0.00012608643116280584
0.0004285177266425307
0.0006423540098017481
0.000750068681131753
0.0008057575247698798
0.0
0.0
2.862984120940282e-5
0.00010265076991306595
0.00019569351701099165
0.00026478068524860287
0.00035060926095213673
0.00033521114832564395
0.0018817819291315158
0.0017640243978437112
0.000896699153599435
0.0005485794851313339
0.0003461096901429027
0.00023388253553895913
0.00017498681154227497
4.21225801047024e-5
1.4391474178438456e-5
3.9953036072514995e-7
1.2329878250382809e-5
0.00020775965954153498
0.000413133318417196
0.0004895851817877681
0.0005869525919831555
0.000699585514534279
0.0
0.0
0.0
5.907425813755218e-5
7.862167910226384e-5
0.0001529434857639615
0.0001996457897408669
0.00034374533296443473
0.0018307981460626915
0.001661372146764052
0.0007123292154771876
0.0003184223405047384
0.00021017332865706957
0.00013495723772598677
0.0001228394018831107
4.305591229757309e-5
1.713507007276342e-5
0.0
6.434740349654746e-7
0.00013774694973660734
0.00031426951624477116
0.00045153543941899715
0.000571541830724689
0.000655923237881574
0.0
0.0
0.0
1.92771031419559e-5
7.427152796612405e-5
0.00010900874192826413
0.00022303317223040326
0.0002205758512664019
0.0017622665881693756
0.0016219175143863777
0.000809771413486595
0.00034740970160125525
0.00020956454990375415
0.00016970145763043677
0.00015925227653132957
5.801994080034037e-5
2.8227192689832107e-5
6.348388313159094e-6
1.4914105036929443e-5
0.00020298272324484993
0.000440191327726053
0.0005818757669916119
0.0006987453056756223
0.00077684255902413
0.0
0.0
2.7765015179210305e-5
0.00012049675471996992
0.00015995989940651724
0.00033919743847331133
0.0003712522608963148
0.0005695563456748252
0.0019907659150692784
0.0019751485173425364
0.0013975356837987243
0.001079716974394616
0.0008544063947436197
0.0007232950306964979
0.0007287773957398391
0.0006453167705113866
0.0005077748062067495
0.000390721269173735
0.00035475084931236976
0.000614155420261339
0.0
0.0
0.0
3.2063447671569134e-5
5.505172622551005e-5
8.003876635689261e-5
0.00012756657777091254
0.0002414674107874569
0.0003259533430379199
0.0003428426794562675
0.00042624265624525596
0.0004928649313880093
0.0005623610691961386
0.0006461975598680612
0.000634509592610252
0.00040661135424355645
0.0002851093094295177
0.0002249033845089855
0.00016127393138321854
0.00014027625958681366
0.00011115220541569267
0.0001313988013709901
9.459140970765543e-5
0.0001664071965287763
0.00031493277858259236
0.00037690731015945346
0.00042551449127474896
0.0004773237620370591
0.0005439792086674761
0.0005828690770636976
0.0005041706541038178
0.0006197239054357114
0.0005098321948792671
0.0006759054457423961
0.0005258102977474371
0.0006954412124659562
0.0027030251388345905
0.0023657613405264686
0.001306102996298671
0.0008363910392938627
0.0005397458700646201
0.00039104264636522656
0.00031846562813694093
0.00013893764411888453
6.728925002782902e-5
4.52027766195819e-5
3.9772780927076895e-5
0.00020697234557361376
0.0004595616415255976
0.0006090172701563502
0.0007293212884486231
0.0008103623280248972
0.0
0.0
1.8818061710645395e-5
0.00011023654475667206
0.00015674093986957252
0.0002540463604611713
0.00029277127094844325
0.00039205446570582224
0.0019378248043015846
0.0016575838433592533
0.0006949882833224662
0.0003750782700303622
0.00025674117843428406
0.0001925881761192878
0.00014993634716184667
3.4778521336862255e-5
1.3179870949241563e-6
0.0
0.0
5.082413632749662e-5
0.00016723727578830147
0.00031006342297312036
0.0004447756120697235
0.0005254026860389628
0.0
0.0
0.0
0.0
0.0
1.3964424803875743e-5
4.305171854045378e-5
6.330837835583022e-5
0.0015409899204739841
0.0012693427607259132
0.000354972583192327
0.00017030047398105522
9.210951701971661e-5
3.712842878670734e-5
2.3395269707671993e-5
0.0
0.0
0.0
0.0
6.321773285798554e-6
6.818207096781712e-5
0.00010318679352577972
0.00016896288614599576
0.00027697262145031325
0.0
0.0
0.0
0.0
0.0
1.4597257849045837e-5
8.15783166355032e-5
0.00017665194940012275
0.0015794585588787325
0.001372702562104846
0.00044116168676097705
0.0002134136790243283
0.00012719068362138948
5.8798888159041736e-5
4.166694573346047e-5
0.0
0.0
0.0
0.0
3.7116654440306626e-6
5.276682130979768e-5
8.802797740539725e-5
0.00014024253703058526
0.00019818043584393332
0.0
0.0
0.0
0.0
0.0
0.0
7.851834931996586e-6
4.742929596549748e-5
0.0013706815350170828
0.0011748383824678617
0.00030610727659148573
0.00014347022651649345
6.015534198462332e-5
1.7406365851578147e-5
5.484534055172012e-6
0.0
0.0
0.0
0.0
1.2712969599032707e-6
1.973842686882381e-5
6.074218753852807e-5
9.899219838694373e-5
0.00015351885726745763
0.0
0.0
0.0
0.0
0.0
5.477110461704645e-6
4.2634335335380285e-5
0.00013702518189904442
0.0014551989900197715
0.001460020887073286
0.0009895740855719697
0.0007066601289541549
0.0005196447910959093
0.00033610950403368465
0.0003035556010227289
0.0001955778536620858
0.00010831112212644488
7.86447336346071e-5
5.336543485532803e-5
0.00011348365090723265
0.0
0.0
0.0
0.0
0.0
0.0
0.0
0.0
1.9556735176078652e-5
4.257921300832676e-5
9.926747633078056e-5
9.818676967248002e-5
0.00022147047233886635
0.00013842401712207595
7.707310561277632e-5
1.5467668321910335e-5
0.0
0.0
0.0
0.0
0.0
0.0
0.0
0.0
0.0
0.0
0.0
0.0
0.0
0.0
0.0
2.967054333143796e-6
1.8030819122187415e-5
4.309099067793458e-5
5.4604448843673337e-5
7.650063359593261e-5
0.001613640643574964
0.0013632056581855598
0.0003516055623702443
0.00011974360424201558
2.8781475412047756e-5
0.0
0.0
0.0
0.0
0.0
0.0
1.8440896836192777e-7
8.395305203819958e-7
0.0
0.0
3.4180780104733396e-5
0.0
0.0
0.0
0.0
0.0
0.0
0.0
0.0
0.0010132897912851176
0.0008133904248067081
0.00013436333661870044
2.8847304768157576e-5
0.0
0.0
0.0
0.0
0.0
0.0
0.0
0.0
4.941848153236918e-7
0.0
0.0
0.0
0.0
0.0
0.0
0.0
0.0
0.0
0.0
0.0
0.0003468832091431646
0.00040596991683292637
2.653012331433004e-5
0.0
0.0
0.0
0.0
0.0
0.0
0.0
0.0
0.0
1.7422706073196506e-6
0.0
0.0
2.3658597255925363e-5
0.0
0.0
0.0
0.0
0.0
0.0
0.0
0.0
0.0007788409865595326
0.0008440828908260782
0.0003418207422180917
0.00026253878173725825
0.00019751131276001088
0.00015127679267352113
0.00020207979095927388
0.00010686702116120607
0.00011913858624459327
0.0001256627750935106
0.00012250971065172825
0.0003774524729467329
0.0005652381473777057
0.0006420625370861379
0.0007274699877615525
0.0007940469434971185
0.0
0.0
0.0
0.0
4.240632793381072e-6
2.282075360072783e-5
2.9849769923659632e-5
4.247392372017598e-5
0.001596791776336505
0.0013901850867561942
0.0006108149777382081
0.00024093317733679654
9.702079687726708e-5
3.204756765837955e-5
2.2747878332964138e-5
0.0
0.0
0.0
0.0
6.234101912535268e-6
7.428588697485443e-5
0.000125312638315564
0.0002342346816748734
0.0003317696999395493
0.0
0.0
0.0
0.0
0.0
2.3699688875077015e-5
6.42173539448565e-5
0.0001483058612132134
0.0015720828626659333
0.001447149033325657
0.0009156335456057788
0.0006157821852700321
0.0004527873730595169
0.0003669173043999155
0.0003484505692761378
0.00024127980467924802
0.00013808899355509683
9.66158941217579e-5
8.317110222357648e-5
0.00013784916752091817
0.0
0.0
0.0
0.0
0.0
0.0
0.0
3.277594380463642e-6
2.5384994071818503e-5
4.938748576630212e-5
6.04995963883204e-5
0.00011919566976480196
0.00015941360349710178
0.0001273426134087278
3.485769984028999e-5
3.902383735405242e-6
0.0
0.0
0.0
0.0
0.0
0.0
0.0
0.0
0.0
0.0
0.0
0.0
0.0
0.0
0.0
0.0
0.0
0.0
0.0
4.486271700291597e-6
6.891685500630971e-6
7.902503771316732e-6
0.0
0.0
0.0
0.0
0.0
0.0
0.0
0.0
0.0
0.0
0.0
0.0
0.0
0.0
0.0
4.533864146977575e-6
2.948359132680208e-6
1.3637783737436805e-5
2.366201358300904e-5
3.1357733924206997e-5
4.720565865509923e-5
5.333809001711025e-5
0.0016196481330467121
0.0014099593286859677
0.0007200107017138551
0.0004110784475503916
0.00021696565743775724
8.283518905382502e-5
2.316563780646149e-5
0.0
0.0
0.0
0.0
1.3347367389236264e-5
9.620019881068503e-5
0.00021120428882125307
0.0004266446829829545
0.0006211773297106021
0.0
0.0
0.0
0.0
0.0
2.5567552735571483e-6
2.020299291150326e-5
5.328659935636356e-5
0.0015252943309650806
0.0014118431303223658
0.0007060867816437393
0.0004566418027198993
0.00022812303897345489
0.00016379365525243198
0.0001043831655270707
5.309941621321888e-6
0.0
0.0
0.0
5.4887060110301866e-5
0.00019269016140648272
0.0003108574238517294
0.0004540367104457207
0.000513854799060441
0.0
0.0
0.0
0.0
4.936808268772052e-6
2.164314221464034e-5
4.582594580489483e-5
0.0001598929642538042
0.0016175154698720555
0.0014379429697122953
0.0006267429791213772
0.0003489198810297871
0.00018894939691267742
0.00010026238861696838
8.225118430351178e-5
1.0910028686782602e-5
0.0
0.0
0.0
8.296226115234722e-5
0.0003180348556837275
0.0004575146426912077
0.0005578852141883776
0.000615345696806198
0.0
0.0
0.0
0.0
7.686888538337786e-6
4.0194212934658785e-5
8.579841679560589e-5
0.00012617629388383858
0.0016315407599994864
0.00148565873628698
0.000665851324904022
0.00030884488192261107
0.00015723376006181004
9.860159900301344e-5
8.26215632533069e-5
1.5713643015136153e-5
0.0
0.0
0.0
6.342717281198368e-5
0.00019291506921172385
0.0003199768613624854
0.0004537955357748787
0.0005323522739843282
0.0
0.0
0.0
1.214262456266081e-5
4.5679285068358656e-5
7.695276935671007e-5
0.00011217625616440847
0.00020162304314378564
0.0016974602794111997
0.0015827301719564377
0.001122071977395832
0.0008205657133264623
0.0005430391240001692
0.00043335621623291246
0.00044514077059370236
0.00032033694154465366
0.00018467789795119748
0.0001263765173979713
9.947193703363331e-5
0.00015189538032895668
0.0
0.0
0.0
0.0
0.0
0.0
0.0
1.9085923862049113e-5
6.364488392209737e-5
9.025393899927785e-5
0.00015685603540836833
0.0001675838750820905
0.0002286877880540554
0.00018427914528127288
0.00018733627564990977
0.0001485209752801425
5.470943194123028e-5
0.0
0.0
0.0
0.0
0.0
0.0
0.0
0.0
0.0
0.0
0.0
5.51453090318754e-6
4.977935128438479e-5
0.00010746475226952083
0.00014044484212799143
0.00010835475182085095
0.00014231292334370669
0.00017813527199333698
0.0002019999605216619
0.0019085331897219881
0.0015445902544527431
0.0005297155831388835
0.0001824578628643837
7.270407238004651e-5
2.329241530637614e-5
2.073516034808914e-5
0.0
0.0
0.0
0.0
2.4057123630118028e-5
9.847547781988658e-5
0.00018868273466333063
0.0002762302384375176
0.0003494062956744818
0.0
0.0
0.0
0.0
0.0
1.2012267089247637e-5
0.00010151162770137564
0.00012739190404634134
0.0015520238389413194
0.0012717328681104009
0.00035586993747546697
0.00013454917384239594
6.531240100773558e-5
2.380082796918732e-5
7.839725610062233e-6
0.0
0.0
0.0
0.0
2.5756361846529293e-6
2.4257594103958207e-5
6.979490955265868e-5
0.0001314706273339098
0.0001875984990231233
0.0
0.0
0.0
0.0
0.0
0.0
0.0
0.0
0.001155560834579302
0.0008341434688570569
0.00011176133201624822
9.231643294470454e-6
0.0
0.0
0.0
0.0
0.0
0.0
0.0
0.0
4.467182359147056e-7
0.0
0.0
1.4895464430557706e-5
0.0
0.0
0.0
0.0
0.0
0.0
0.0
0.0
0.0007127259480298531
0.0005807631341843463
5.140349908991714e-5
0.0
0.0
0.0
0.0
0.0
0.0
0.0
0.0
0.0
4.32160728991617e-7
0.0
3.0056938900173887e-6
4.129580578839285e-6
0.0
0.0
0.0
0.0
0.0
0.0
0.0
0.0
0.0007603682089211731
0.0005738255517238907
4.5713398640471694e-5
0.0
0.0
0.0
0.0
0.0
0.0
0.0
0.0
5.432222868058153e-7
1.1506562404272236e-6
0.0
8.768237337895102e-7
2.215738128147169e-5
0.0
0.0
0.0
0.0
0.0
0.0
0.0
0.0
0.0011002431402650143
0.0010037591150232272
0.0005404020214091254
0.00035035033169710823
0.0002206088294812511
0.00012184384535420773
0.00012408926406417113
6.901276773617603e-5
4.483660904497217e-5
2.7112461207139463e-5
2.5621506178444382e-5
5.807382276295013e-5
0.0
0.0
0.0
0.0
0.0
0.0
0.0
0.0
0.0
6.161082834020184e-6
4.885583925692527e-6
1.3322852991943977e-5
2.377637878284388e-5
1.1697749557526214e-5
0.0
0.0
0.0
0.0
0.0
0.0
0.0
0.0
0.0
0.0
0.0
0.0
0.0
0.0
0.0
0.0
0.0
0.0
0.0
0.0
0.0
0.0
0.001019836275248843
0.0007403728997054354
7.620215469696939e-5
4.7002536859530064e-7
0.0
0.0
0.0
0.0
0.0
0.0
0.0
1.1123389948970584e-6
2.8612298896617074e-6
0.0
1.645327297721032e-5
4.70012880147485e-5
0.0
0.0
0.0
0.0
0.0
0.0
0.0
0.0
0.0008859001867250959
0.0006468896895386447
5.564754903869396e-5
0.0
0.0
0.0
0.0
0.0
0.0
0.0
0.0
0.0
1.0879474818626884e-6
2.767231814083923e-7
0.0
2.8910246229601247e-6
0.0
0.0
0.0
0.0
0.0
0.0
0.0
0.0
0.00045716538118492
0.0004860522518126453
6.360357012686107e-5
3.27683820824631e-5
2.0085329725835873e-5
9.749234847000234e-7
2.2350550776134035e-5
0.0
0.0
0.0
0.0
2.626094168153277e-5
0.00013812035728455411
0.00025201277743349857
0.000365584163746023
0.00039280324052669876
0.0
0.0
0.0
0.0
0.0
0.0
0.0
0.0
0.0012023479239653416
0.001028782008488836
0.0002735326874728595
5.2154293896574865e-5
1.2238862205603144e-6
0.0
0.0
0.0
0.0
0.0
0.0
9.758774486343682e-6
1.96456233682484e-5
3.615060306636685e-5
0.0001499498276338786
0.00024702712440004574
0.0
0.0
0.0
0.0
0.0
0.0
0.0
0.0
0.0011991512775118792
0.0009284454012923037
0.00014445353741572784
1.6763188770869614e-5
0.0
0.0
0.0
0.0
0.0
0.0
0.0
1.6513886410629013e-6
1.0474208870191385e-6
2.177294835434137e-6
3.4745347285375454e-6
2.5146296820998393e-5
0.0
0.0
0.0
0.0
0.0
0.0
0.0
0.0
0.0008630442634543756
0.0008912986965668969
0.0005564828007887149
0.00038399677021043975
0.00029119424805126376
0.00041670553711795386
0.0005905770142846851
0.000456241528366212
0.0003876772981637713
0.00039984274021251696
0.00037006790744009173
0.0005241372921083003
0.0
0.0
0.0
0.0
0.0
0.0
1.0756042389045537e-6
1.06418784098767e-5
9.92258038851865e-5
0.00015628847547927128
0.00019573454538917472
0.00019900093727410808
0.00024921554568604627
0.00016166094851469647
0.00010148252397098043
2.1435501464006645e-5
1.0212155756741446e-5
5.246005633195396e-6
0.0
0.0
0.0
0.0
6.003886640781006e-6
7.143394859029097e-5
0.00011799447635183082
0.00017763991028550124
0.00014614266663124398
0.00022286271327753512
0.0002361609991669971
0.0003285585904562625
0.00028863283609056173
0.0003656050128865439
0.0003358778698524111
0.0004286003608507346
0.00035836116554713033
0.002197681144318896
0.0019161373192815914
0.0010277579097506119
0.0005755925059195683
0.00025600157881297395
9.281017931254062e-5
6.0902861342987035e-5
1.8111405727634157e-6
0.0
0.0
0.0
6.364885819843319e-6
2.4729657190348456e-5
6.780895427135189e-5
0.00014735408417610433
0.00022908173020306954
0.0
0.0
0.0
0.0
0.0
0.0
2.3777471431636553e-5
8.834007456544655e-5
0.0014792520571559119
0.0013690100369935518
0.0005163088889500088
0.0002459519387484227
8.715028659322612e-5
1.5133996308217187e-5
3.1115615021439946e-6
0.0
0.0
0.0
0.0
8.481498355599466e-7
7.5379448904884e-7
1.5973264714944448e-6
1.1247940913192204e-5
2.882661202084276e-5
0.0
0.0
0.0
0.0
0.0
0.0
0.0
0.0
0.001035948988907127
0.0011310649268338085
0.0005541261142620303
0.0003779043103836898
0.0003165230474606033
0.0002786742240155761
0.0002826305954439006
9.41881932684096e-5
3.3082300017051295e-5
7.982629166909794e-6
0.0
4.132200597822738e-5
0.0001176975766802143
0.00022118939800746073
0.0004174243579395294
0.0005065924669950972
0.0
0.0
0.0
0.0
6.0847405521719825e-6
6.244091570754349e-5
9.706215438897334e-5
0.00018590736840406484
0.001655375404093487
0.0015083599847704834
0.0005755596861358358
0.00025758725888598566
0.0001047893421958535
4.2284232150089554e-5
2.5753194517063707e-5
0.0
0.0
0.0
0.0
7.93346150515058e-7
3.585270597993185e-7
0.0
2.8321938222820154e-6
3.661054178972752e-5
0.0
0.0
0.0
0.0
0.0
0.0
0.0
0.0
0.000698223702450001
0.0007812855949055489
0.00024005099650350925
8.747013973434908e-5
4.123315912277389e-5
1.7447248335081873e-5
2.3553034493315915e-5
0.0
0.0
0.0
0.0
5.6436871707192365e-6
1.4077842986641049e-5
6.01223338585052e-5
0.00011948569267134683
0.00019775766876384585
0.0
0.0
0.0
0.0
0.0
0.0
0.0
1.511168126571099e-5
0.0013505628962709117
0.0012748247315540694
0.0008243015113882376
0.0005370446749651481
0.0003442934207012929
0.00019279149094662829
0.00019538203372221515
0.00011182344172528583
5.303454270293335e-5
2.536699235262042e-5
5.895870847338125e-6
3.7596099649778586e-6
0.0
0.0
0.0
0.0
0.0
0.0
0.0
0.0
0.0
0.0
0.0
0.0
2.224486736045011e-6
6.396994701461417e-6
0.0
0.0
0.0
0.0
0.0
0.0
0.0
0.0
0.0
0.0
0.0
0.0
0.0
0.0
0.0
0.0
0.0
0.0
0.0
0.0
0.0
0.0
0.0007434666673903262
0.0007027222762169377
7.047616344203782e-5
0.0
0.0
0.0
0.0
0.0
0.0
0.0
0.0
0.0
0.0
0.0
0.0
0.0
0.0
0.0
0.0
0.0
0.0
0.0
0.0
0.0
0.0002640542634586398
0.0002520621345332943
1.6104054488367287e-6
0.0
0.0
0.0
0.0
0.0
0.0
0.0
0.0
0.0
0.0
0.0
0.0
0.0
0.0
0.0
0.0
0.0
0.0
0.0
0.0
0.0
0.0005801058115890546
0.000588504906200038
3.357494727175454e-5
0.0
0.0
0.0
0.0
0.0
0.0
0.0
0.0
0.0
4.911315689716714e-7
0.0
0.0
0.0
0.0
0.0
0.0
0.0
0.0
0.0
0.0
0.0
0.0008694265415639128
0.000898702883208557
0.00023299809963703869
5.677437120410825e-5
1.2660508084236048e-5
0.0
2.8935670523311387e-6
0.0
0.0
0.0
0.0
3.5714884384925404e-5
0.00010953096892984219
0.000231604897155161
0.00035684844355117544
0.0004423840246800323
0.0
0.0
0.0
0.0
3.9509534982900777e-7
5.4154574111869776e-5
0.00016632261039662368
0.00027767693300559724
0.0017011003999793518
0.0015167872479081
0.000577462483728863
0.00028946991292162414
0.00013932601181537135
6.246822257050192e-5
4.045271832618939e-5
0.0
0.0
0.0
0.0
9.436023594079305e-7
2.555266082416799e-7
1.0698571843312683e-6
3.3628029847485104e-6
3.159878890614733e-5
0.0
0.0
0.0
0.0
0.0
0.0
0.0
0.0
0.0010284797972989895
0.0010523329668771328
0.0006169418653259163
0.0003670202177910546
0.00017941292123922184
7.315960654305932e-5
5.55015711775228e-5
1.2318093543507419e-5
0.0
0.0
0.0
0.0
0.0
0.0
0.0
0.0
0.0
0.0
0.0
0.0
0.0
0.0
0.0
0.0
0.0
0.0
0.0
0.0
0.0
0.0
0.0
0.0
0.0
0.0
0.0
0.0
0.0
0.0
1.162394519535002e-6
2.5124440558192234e-5
9.320630726313953e-5
0.00018678294794082377
0.0002768020500836653
0.00028316229027148106
0.00032038816760571377
0.0003212081474622455
0.0003679944059066604
0.0003786833339339531
0.0021236746985420774
0.0019943773076714594
0.0011572757308957746
0.0007413453360944205
0.0005121991553242167
0.0003973920382945882
0.00039289090684024636
0.00017985555687420905
0.00011149920782135204
7.100654055222268e-5
4.9220318740317214e-5
0.00024819506018528123
0.0004891464695909162
0.0006910988219783627
0.0008213704899314377
0.0008741146140663818
0.0
0.0
2.261261828205388e-5
8.606896071687642e-5
0.00017045554243563216
0.00021079583560907998
0.00030461326721684345
0.0003102327781672959
0.0019150138491723808
0.0017846849054123683
0.0009913857966676748
0.0006531191692726551
0.000443521734087159
0.00028440029884675645
0.0002471716512688487
0.00010548809200816032
3.0333245857400528e-5
5.122977838439095e-6
0.0
8.64552875444764e-5
0.0002274811806137582
0.00035234617941295787
0.0004947912416488372
0.0005805642551434037
0.0
0.0
0.0
0.0
3.5987468210910045e-5
0.00014137857517569164
0.00020296960346108647
0.00028854061274589043
0.0017608176836734787
0.0017098811562460698
0.0009309125574759592
0.0006111590739080057
0.0004336886579643412
0.00030710580305739246
0.00026503011301923414
0.00014401433132137385
6.379056242953617e-5
2.8504715972922314e-5
2.524819910168294e-5
0.00019419915551607077
0.0003378435019275305
0.0004943132871819472
0.0006301789996530318
0.0006841968479522493
0.0
0.0
0.0
4.767869364955561e-7
0.00010455134375116216
0.00026021097481462564
0.000433236313679289
0.00041960551900456467
0.0019133935257143184
0.0017180141361044495
0.0008136329122864298
0.0005109665921337954
0.00032721742525535354
0.00018353199336038702
0.00013933586430248338
3.585810116206282e-5
1.1563889143636305e-6
0.0
0.0
4.827163069363606e-6
2.258974190254305e-5
7.962112177334612e-5
0.0001778407319373602
0.0002575980742749136
0.0
0.0
0.0
0.0
0.0
1.0116250231875274e-5
7.11663447604943e-5
0.00013761300170570816
0.001557925504315811
0.0013921885516560645
0.0004964179553810692
0.00020372081159108067
5.8001115962465144e-5
1.1555689255227615e-5
2.627585408160765e-7
0.0
0.0
0.0
0.0
1.062448644011287e-6
0.0
0.0
0.0
2.307086851976245e-6
0.0
0.0
0.0
0.0
0.0
0.0
0.0
0.0
0.00032981165612326743
0.0003446463811249383
0.00023768681309527018
0.00013330557391965677
1.7511247014160193e-5
0.0
0.0
0.0
0.0
0.0
0.0
0.0
0.0
0.0
0.0
0.0
0.0
0.0
0.0
0.0
0.0
0.0
0.0
0.0
0.0
0.0
0.0
0.0
0.0
0.0
0.0
0.0
0.0
0.0
0.0
0.0
0.0
0.0
0.0
0.0
0.0
0.0
0.0
0.0
0.0
0.0
0.0
0.0
0.0004680749399908678
0.00035809520856825246
3.9296696319885055e-6
0.0
0.0
0.0
0.0
0.0
0.0
0.0
0.0
0.0
0.0
0.0
0.0
0.0
0.0
0.0
0.0
0.0
0.0
0.0
0.0
0.0
0.0001147827577523959
0.00011413704331517993
1.7324981340572206e-6
0.0
0.0
0.0
0.0
0.0
0.0
0.0
0.0
0.0
1.0084667253912484e-6
0.0
0.0
0.0
0.0
0.0
0.0
0.0
0.0
0.0
0.0
0.0
0.0007598525612154538
0.0007735769601932137
0.0001784958930106907
3.089383911231505e-5
0.0
0.0
0.0
0.0
0.0
0.0
0.0
1.4252227003590224e-6
1.738881243984903e-6
5.609931543364808e-7
0.0
1.4877070325911373e-5
0.0
0.0
0.0
0.0
0.0
0.0
0.0
0.0
0.0008618190439735162
0.0006799381945550316
0.00011591460772820241
5.846868863330487e-6
0.0
0.0
0.0
0.0
0.0
0.0
0.0
0.0
0.0
0.0
0.0
0.0
0.0
0.0
0.0
0.0
0.0
0.0
0.0
0.0
3.2796729244015355e-5
4.853671588502484e-5
2.9510239177671565e-6
0.0
0.0
0.0
0.0
0.0
0.0
0.0
0.0
0.0
0.0
0.0
0.0
0.0
0.0
0.0
0.0
0.0
0.0
0.0
0.0
0.0
0.00044175177430199805
0.0004707941414550976
0.00026322701702636767
0.0001371232380945457
3.623677381646855e-5
3.2565620383510884e-6
0.0
0.0
0.0
0.0
0.0
0.0
0.0
0.0
0.0
0.0
0.0
0.0
0.0
0.0
0.0
0.0
0.0
0.0
0.0
0.0
0.0
0.0
0.0
0.0
0.0
0.0
0.0
0.0
0.0
0.0
0.0
0.0
0.0
0.0
0.0
0.0
0.0
0.0
0.0
0.0
0.0
0.0
0.0011038782103208879
0.0008854370695623697
0.00019005667382785243
4.159493381667411e-5
0.0
0.0
0.0
0.0
0.0
0.0
0.0
4.31185743023043e-6
4.064478450041953e-6
6.856679260114458e-6
8.20596894893005e-5
0.00018093958795639779
0.0
0.0
0.0
0.0
0.0
0.0
0.0
1.227670311187494e-5
0.0013202012482283717
0.001149996755893623
0.00043779622614574184
0.00024664576821177526
8.935279242741261e-5
8.271891299503627e-6
3.75241697534168e-7
0.0
0.0
0.0
0.0
2.8593826989802024e-6
1.509706033725607e-6
9.687071313017687e-7
1.7316350683873774e-5
5.901240055969418e-5
0.0
0.0
0.0
0.0
0.0
0.0
0.0
0.0
0.0009927869393314512
0.0007038195843745297
0.00010045289151652854
1.3441607207032046e-6
0.0
0.0
0.0
0.0
0.0
0.0
0.0
1.6283359800913105e-7
5.679519141944599e-7
0.0
0.0
0.0
0.0
0.0
0.0
0.0
0.0
0.0
0.0
0.0
0.0002383768279405325
0.0002624604650508966
1.3559514834601186e-6
0.0
0.0
0.0
0.0
0.0
0.0
0.0
0.0
0.0
0.0
0.0
0.0
0.0
0.0
0.0
0.0
0.0
0.0
0.0
0.0
0.0
0.00011541131304785052
9.50345365448434e-5
2.0168314463433247e-6
0.0
0.0
0.0
0.0
0.0
0.0
0.0
0.0
0.0
0.0
0.0
0.0
0.0
0.0
0.0
0.0
0.0
0.0
0.0
0.0
0.0
0.000585518012465073
0.0005910348427406324
0.0003471797661171
0.00020944080332477102
8.157748593492198e-5
1.9874842781008382e-5
1.761236517257356e-5
1.0890137570239966e-6
0.0
0.0
0.0
0.0
0.0
0.0
0.0
0.0
0.0
0.0
0.0
0.0
0.0
0.0
0.0
0.0
0.0
0.0
0.0
0.0
0.0
0.0
0.0
0.0
0.0
0.0
0.0
0.0
0.0
0.0
0.0
0.0
0.0
0.0
0.0
0.0
0.0
0.0
0.0
0.0
0.00027709637784632823
0.0001663223768695959
1.1755782334314828e-6
0.0
0.0
0.0
0.0
0.0
0.0
0.0
0.0
0.0
0.0
0.0
0.0
0.0
0.0
0.0
0.0
0.0
0.0
0.0
0.0
0.0
3.095806752527777e-5
2.0127358043217107e-5
2.00532885335289e-6
0.0
0.0
0.0
0.0
0.0
0.0
0.0
0.0
0.0
0.0
0.0
0.0
0.0
0.0
0.0
0.0
0.0
0.0
0.0
0.0
0.0
0.00017059035265611872
0.00019980938744307975
1.3253367269173946e-6
0.0
0.0
0.0
0.0
0.0
0.0
0.0
0.0
0.0
0.0
0.0
0.0
0.0
0.0
0.0
0.0
0.0
0.0
0.0
0.0
0.0
2.86813804074833e-5
3.356034114992556e-6
2.009790597692148e-6
0.0
0.0
0.0
0.0
0.0
0.0
0.0
0.0
0.0
0.0
0.0
0.0
0.0
0.0
0.0
0.0
0.0
0.0
0.0
0.0
0.0
1.642134355882312e-5
3.7651168903503682e-6
1.843968417856834e-6
0.0
0.0
0.0
0.0
0.0
0.0
0.0
0.0
0.0
0.0
0.0
0.0
0.0
0.0
0.0
0.0
0.0
0.0
0.0
0.0
0.0
3.485595896061299e-5
2.874369257088979e-5
0.0
0.0
0.0
0.0
0.0
0.0
0.0
0.0
0.0
0.0
0.0
0.0
0.0
0.0
0.0
0.0
0.0
0.0
0.0
0.0
0.0
0.0
0.0
0.0
0.0
0.0
0.0
0.0
0.0
0.0
0.0
0.0
0.0
0.0
0.0
0.0
0.0
0.0
0.0
0.0
0.0
0.0
0.0
0.0
0.0
0.0
6.190553754276083e-5
5.350844061010671e-5
1.6202789522855717e-6
0.0
0.0
0.0
0.0
0.0
0.0
0.0
0.0
0.0
0.0
0.0
0.0
0.0
0.0
0.0
0.0
0.0
0.0
0.0
0.0
0.0
4.24781377687495e-5
0.00011639796200087003
3.0453349572524856e-6
0.0
0.0
0.0
0.0
0.0
0.0
0.0
0.0
8.532521478012996e-7
1.9705715677240905e-6
0.0
0.0
0.0
0.0
0.0
0.0
0.0
0.0
0.0
0.0
0.0
0.0006329927755095826
0.0006417953424600305
0.00021343567816000866
9.751061029671841e-5
4.682610067095959e-6
5.4342466754695786e-6
2.064264105277708e-5
0.0
0.0
0.0
0.0
3.811586077949495e-5
0.0001824723582159091
0.00025858480080001513
0.00034148485028205426
0.0004079598473766547
0.0
0.0
0.0
0.0
0.0
0.0
0.0
0.0
0.0012521751259172195
0.0010325264556186268
0.0003350910262035849
0.00012641561458192024
1.1338515702111945e-5
0.0
0.0
0.0
0.0
0.0
0.0
7.0795972647560635e-6
2.0153808573937713e-6
2.326016331084061e-5
0.00018610819588478646
0.00026252597774199023
0.0
0.0
0.0
0.0
0.0
0.0
0.0
0.0
0.0010400083348639094
0.0008530806050305849
0.00019118445536708676
3.226153111658465e-5
0.0
0.0
0.0
0.0
0.0
0.0
0.0
0.0
0.0
0.0
0.0
0.0
0.0
0.0
0.0
0.0
0.0
0.0
0.0
0.0
0.00048188844255699445
0.0004358127211561413
0.00023694661042771787
0.0001301946827016579
4.436679508878732e-5
1.4660045906219047e-6
0.0
0.0
0.0
0.0
0.0
0.0
0.0
0.0
0.0
0.0
0.0
0.0
0.0
0.0
0.0
0.0
0.0
0.0
0.0
0.0
0.0
0.0
0.0
0.0
0.0
0.0
0.0
0.0
0.0
0.0
0.0
0.0
0.0
0.0
0.0
0.0
0.0
0.0
0.0
0.0
0.0
0.0
3.732342416164165e-5
1.4754943793844017e-5
1.8139414304578773e-6
0.0
0.0
0.0
0.0
0.0
0.0
0.0
0.0
0.0
0.0
0.0
0.0
0.0
0.0
0.0
0.0
0.0
0.0
0.0
0.0
0.0
5.627948939135627e-6
6.7719273231147395e-6
1.3861972550277444e-6
0.0
0.0
0.0
0.0
0.0
0.0
0.0
0.0
0.0
0.0
0.0
0.0
0.0
0.0
0.0
0.0
0.0
0.0
0.0
0.0
0.0
5.555824089230862e-6
3.6127328089067294e-6
1.3069570734678571e-6
0.0
0.0
0.0
0.0
0.0
0.0
0.0
0.0
0.0
0.0
0.0
0.0
0.0
0.0
0.0
0.0
0.0
0.0
0.0
0.0
0.0
4.235797903003818e-6
4.6027497751888736e-5
6.410417136866428e-7
0.0
0.0
0.0
0.0
0.0
0.0
0.0
0.0
0.0
0.0
0.0
0.0
0.0
0.0
0.0
0.0
0.0
0.0
0.0
0.0
0.0
2.6306403238464597e-5
7.476875723279105e-6
2.362044642946416e-6
0.0
0.0
0.0
0.0
0.0
0.0
0.0
0.0
0.0
0.0
0.0
0.0
0.0
0.0
0.0
0.0
0.0
0.0
0.0
0.0
0.0
0.00020784772673182505
0.0002557397807056915
6.530831287136072e-5
2.051729200330952e-6
0.0
0.0
0.0
0.0
0.0
0.0
0.0
0.0
0.0
0.0
0.0
0.0
0.0
0.0
0.0
0.0
0.0
0.0
0.0
0.0
0.0
0.0
0.0
0.0
0.0
0.0
0.0
0.0
0.0
0.0
0.0
0.0
0.0
0.0
0.0
0.0
0.0
0.0
0.0
0.0
0.0
0.0
0.0
0.0
0.000489519886035548
0.00038106391989319754
6.428749801794234e-6
0.0
0.0
0.0
0.0
0.0
0.0
0.0
0.0
0.0
0.0
0.0
0.0
0.0
0.0
0.0
0.0
0.0
0.0
0.0
0.0
0.0
5.162936348602518e-5
6.718864212717646e-5
2.2318225350076793e-6
0.0
0.0
0.0
0.0
0.0
0.0
0.0
0.0
0.0
0.0
0.0
0.0
0.0
0.0
0.0
0.0
0.0
0.0
0.0
0.0
0.0
6.073767032335712e-6
3.2794186610853277e-6
8.9637505831725e-7
0.0
0.0
0.0
0.0
0.0
0.0
0.0
0.0
0.0
0.0
0.0
0.0
0.0
0.0
0.0
0.0
0.0
0.0
0.0
0.0
0.0
2.0934469554713572e-6
9.648955959349246e-7
0.0
0.0
0.0
0.0
0.0
0.0
0.0
0.0
0.0
0.0
0.0
0.0
0.0
0.0
0.0
0.0
0.0
0.0
0.0
0.0
0.0
0.0
5.292006145175772e-6
0.0
0.0
0.0
0.0
0.0
0.0
0.0
0.0
0.0
0.0
0.0
0.0
0.0
0.0
0.0
0.0
0.0
0.0
0.0
0.0
0.0
0.0
0.0
2.3608567053970472e-5
9.821319175352997e-5
0.0
0.0
0.0
0.0
0.0
0.0
0.0
0.0
0.0
0.0
0.0
0.0
0.0
0.0
0.0
0.0
0.0
0.0
0.0
0.0
0.0
0.0
0.0
0.0
0.0
0.0
0.0
0.0
0.0
0.0
0.0
0.0
0.0
0.0
0.0
0.0
0.0
0.0
0.0
0.0
0.0
0.0
0.0
0.0
0.0
0.0
8.311645543091619e-5
2.0141398256985986e-5
1.6128235547028338e-6
0.0
0.0
0.0
0.0
0.0
0.0
0.0
0.0
0.0
0.0
0.0
0.0
0.0
0.0
0.0
0.0
0.0
0.0
0.0
0.0
0.0
5.719163612271316e-6
4.69577331971233e-6
1.1215452607675718e-6
0.0
0.0
0.0
0.0
0.0
0.0
0.0
0.0
0.0
0.0
0.0
0.0
0.0
0.0
0.0
0.0
0.0
0.0
0.0
0.0
0.0
5.7279597122520326e-6
1.926342470772369e-6
0.0
0.0
0.0
0.0
0.0
0.0
0.0
0.0
0.0
0.0
0.0
0.0
0.0
0.0
0.0
0.0
0.0
0.0
0.0
0.0
0.0
0.0
3.1388575773238977e-6
1.7684414372167932e-6
0.0
0.0
0.0
0.0
0.0
0.0
0.0
0.0
0.0
0.0
0.0
0.0
0.0
0.0
0.0
0.0
0.0
0.0
0.0
0.0
0.0
0.0
3.131319935365538e-6
2.852643343867549e-6
0.0
0.0
0.0
0.0
0.0
0.0
0.0
0.0
0.0
0.0
0.0
0.0
0.0
0.0
0.0
0.0
0.0
0.0
0.0
0.0
0.0
0.0
2.187005021163392e-6
0.0
0.0
0.0
0.0
0.0
0.0
0.0
0.0
0.0
0.0
0.0
0.0
0.0
0.0
0.0
0.0
0.0
0.0
0.0
0.0
0.0
0.0
0.0
0.0
0.0
0.0
0.0
0.0
0.0
0.0
0.0
0.0
0.0
0.0
0.0
0.0
0.0
0.0
0.0
0.0
0.0
0.0
0.0
0.0
0.0
0.0
0.0
5.974951695403269e-6
4.109097118372214e-6
9.08468750353595e-7
0.0
0.0
0.0
0.0
0.0
0.0
0.0
0.0
0.0
0.0
0.0
0.0
0.0
0.0
0.0
0.0
0.0
0.0
0.0
0.0
0.0
2.1547183154081055e-6
1.1271567103571386e-6
0.0
0.0
0.0
0.0
0.0
0.0
0.0
0.0
0.0
0.0
0.0
0.0
0.0
0.0
0.0
0.0
0.0
0.0
0.0
0.0
0.0
0.0
2.2058809056320835e-6
9.608612814371872e-7
0.0
0.0
0.0
0.0
0.0
0.0
0.0
0.0
0.0
0.0
0.0
0.0
0.0
0.0
0.0
0.0
0.0
0.0
0.0
0.0
0.0
0.0
1.078134142575622e-5
2.8165190573710526e-6
1.2993219915518742e-6
0.0
0.0
0.0
0.0
0.0
0.0
0.0
0.0
0.0
0.0
0.0
0.0
0.0
0.0
0.0
0.0
0.0
0.0
0.0
0.0
0.0
5.499204283533752e-6
3.0846847391282716e-5
3.531703266871619e-7
0.0
0.0
0.0
0.0
0.0
0.0
0.0
0.0
0.0
0.0
0.0
0.0
0.0
0.0
0.0
0.0
0.0
0.0
0.0
0.0
0.0
5.9097675155031305e-6
4.768594966322148e-6
0.0
0.0
0.0
0.0
0.0
0.0
0.0
0.0
0.0
0.0
0.0
0.0
0.0
0.0
0.0
0.0
0.0
0.0
0.0
0.0
0.0
0.0
0.0
0.0
0.0
0.0
0.0
0.0
0.0
0.0
0.0
0.0
0.0
0.0
0.0
0.0
0.0
0.0
0.0
0.0
0.0
0.0
0.0
0.0
0.0
0.0
0.0
0.0
0.0
0.0
0.0
0.0
0.0
0.0
0.0
0.0
0.0
0.0
0.0
0.0
0.0
0.0
0.0
0.0
0.0
0.0
0.0
0.0
0.0
0.0
0.0
0.0
0.0
0.0
0.0
0.0
0.0
0.0
0.0
0.0
0.0
0.0
0.0
0.0
0.0
0.0
0.0
0.0
0.0
0.0
0.0
0.0
0.0
0.0
0.0
0.0
0.0
0.0
0.0
0.0
0.0
0.0
0.0
0.0
0.0
0.0
0.0
0.0
0.0
0.0
0.0
0.0
0.0
0.0
0.0
0.0
0.0
0.0
2.2010297185436992e-6
5.685287467703122e-7
0.0
0.0
0.0
0.0
0.0
0.0
0.0
0.0
0.0
0.0
0.0
0.0
0.0
0.0
0.0
0.0
0.0
0.0
0.0
0.0
0.0
0.0
9.297027137021043e-7
0.0
0.0
0.0
0.0
0.0
0.0
0.0
0.0
0.0
0.0
0.0
0.0
0.0
0.0
0.0
0.0
0.0
0.0
0.0
0.0
0.0
0.0
0.0
1.1315377591328528e-6
0.0
0.0
0.0
0.0
0.0
0.0
0.0
0.0
0.0
0.0
0.0
0.0
0.0
0.0
0.0
0.0
0.0
0.0
0.0
0.0
0.0
0.0
0.0
0.0
0.0
0.0
0.0
0.0
0.0
0.0
0.0
0.0
0.0
0.0
0.0
0.0
0.0
0.0
0.0
0.0
0.0
0.0
0.0
0.0
0.0
0.0
0.0
2.1457394194456562e-6
0.0
0.0
0.0
0.0
0.0
0.0
0.0
0.0
0.0
0.0
0.0
0.0
0.0
0.0
0.0
0.0
0.0
0.0
0.0
0.0
0.0
0.0
0.0
1.032006291420866e-6
0.0
0.0
0.0
0.0
0.0
0.0
0.0
0.0
0.0
0.0
0.0
0.0
0.0
0.0
0.0
0.0
0.0
0.0
0.0
0.0
0.0
0.0
0.0
1.6077023087378218e-6
1.4725094050106413e-5
0.0
0.0
0.0
0.0
0.0
0.0
0.0
0.0
0.0
0.0
0.0
0.0
0.0
0.0
0.0
0.0
0.0
0.0
0.0
0.0
0.0
0.0
5.6014813316004615e-6
3.54506545900886e-7
0.0
0.0
0.0
0.0
0.0
0.0
0.0
0.0
0.0
0.0
0.0
0.0
0.0
0.0
0.0
0.0
0.0
0.0
0.0
0.0
0.0
0.0
4.860017938028493e-6
5.613028525470239e-7
0.0
0.0
0.0
0.0
0.0
0.0
0.0
0.0
0.0
0.0
0.0
0.0
0.0
0.0
0.0
0.0
0.0
0.0
0.0
0.0
0.0
0.0
9.52732958095031e-7
0.0
0.0
0.0
0.0
0.0
0.0
0.0
0.0
0.0
0.0
0.0
0.0
0.0
0.0
0.0
0.0
0.0
0.0
0.0
0.0
0.0
0.0
0.0
0.0
0.0
0.0
0.0
0.0
0.0
0.0
0.0
0.0
0.0
0.0
0.0
0.0
0.0
0.0
0.0
0.0
0.0
0.0
0.0
0.0
0.0
0.0
0.0
0.0
0.0
0.0
0.0
0.0
0.0
0.0
0.0
0.0
0.0
0.0
0.0
0.0
0.0
0.0
0.0
0.0
0.0
0.0
0.0
0.0
0.0
0.0
0.0
5.778607197336605e-6
1.100920592815592e-6
6.322857633940195e-7
0.0
0.0
0.0
0.0
0.0
0.0
0.0
0.0
0.0
0.0
0.0
0.0
0.0
0.0
0.0
0.0
0.0
0.0
0.0
0.0
0.0
0.0
0.0
0.0
0.0
0.0
0.0
0.0
0.0
0.0
0.0
0.0
0.0
0.0
0.0
0.0
0.0
0.0
0.0
0.0
0.0
0.0
0.0
0.0
0.0
2.11147787551833e-6
0.0
0.0
0.0
0.0
0.0
0.0
0.0
0.0
0.0
0.0
0.0
0.0
0.0
0.0
0.0
0.0
0.0
0.0
0.0
0.0
0.0
0.0
0.0
0.0
0.0
0.0
0.0
0.0
0.0
0.0
0.0
0.0
0.0
0.0
0.0
0.0
0.0
0.0
0.0
0.0
0.0
0.0
0.0
0.0
0.0
0.0
0.0
0.0
0.0
0.0
0.0
0.0
0.0
0.0
0.0
0.0
0.0
0.0
0.0
0.0
0.0
0.0
0.0
0.0
0.0
0.0
0.0
0.0
0.0
0.0
0.0
0.0
0.0
0.0
0.0
0.0
0.0
0.0
0.0
0.0
0.0
0.0
0.0
0.0
0.0
0.0
0.0
0.0
0.0
0.0
0.0
0.0
0.0
0.0
0.0
0.0
0.0
0.0
0.0
0.0
0.0
0.0
0.0
0.0
0.0
0.0
0.0
0.0
0.0
0.0
0.0
0.0
0.0
0.0
0.0
0.0
0.0
0.0
0.0
0.0
0.0
0.0
0.0
0.0
0.0
0.0
0.0
0.0
0.0
0.0
0.0
0.0
0.0
0.0
0.0
0.0
0.0
0.0
0.0
0.0
0.0
0.0
0.0
0.0
0.0
0.0
0.0
0.0
0.0
0.0
0.0
0.0
0.0
0.0
0.0
0.0
0.0
0.0
0.0
0.0
0.0
0.0
0.0
0.0
0.0
0.0
0.0
0.0
0.0
0.0
0.0
0.0
0.0
0.0
0.0
0.0
0.0
0.0
0.0
0.0
0.0
0.0
0.0
0.0
0.0
0.0
0.0
0.0
0.0
0.0
0.0
1.0668656741809018e-6
0.0
0.0
0.0
0.0
0.0
0.0
0.0
0.0
0.0
0.0
0.0
0.0
0.0
0.0
0.0
0.0
0.0
0.0
0.0
0.0
0.0
0.0
0.0
3.553755265515485e-6
5.533613836965757e-7
0.0
0.0
0.0
0.0
0.0
0.0
0.0
0.0
0.0
0.0
0.0
0.0
0.0
0.0
0.0
0.0
0.0
0.0
0.0
0.0
0.0
0.0
0.0
0.0
0.0
0.0
0.0
0.0
0.0
0.0
0.0
0.0
0.0
0.0
0.0
0.0
0.0
0.0
0.0
0.0
0.0
0.0
0.0
0.0
0.0
0.0
1.0833441748285075e-6
0.0
0.0
0.0
0.0
0.0
0.0
0.0
0.0
0.0
0.0
0.0
0.0
0.0
0.0
0.0
0.0
0.0
0.0
0.0
0.0
0.0
0.0
0.0
1.0650334286156076e-6
0.0
0.0
0.0
0.0
0.0
0.0
0.0
0.0
0.0
0.0
0.0
0.0
0.0
0.0
0.0
0.0
0.0
0.0
0.0
0.0
0.0
0.0
0.0
0.0
0.0
0.0
0.0
0.0
0.0
0.0
0.0
0.0
0.0
0.0
0.0
0.0
0.0
0.0
0.0
0.0
0.0
0.0
0.0
0.0
0.0
0.0
0.0
0.0
0.0
0.0
0.0
0.0
0.0
0.0
0.0
0.0
0.0
0.0
0.0
0.0
0.0
0.0
0.0
0.0
0.0
0.0
0.0
0.0
0.0
0.0
0.0
0.0
0.0
0.0
0.0
0.0
0.0
0.0
0.0
0.0
0.0
0.0
0.0
0.0
0.0
0.0
0.0
0.0
0.0
0.0
0.0
0.0
0.0
0.0
0.0
0.0
0.0
0.0
0.0
0.0
0.0
0.0
0.0
0.0
0.0
0.0
0.0
0.0
0.0
0.0
0.0
0.0
0.0
0.0
0.0
0.0
0.0
0.0
0.0
0.0
0.0
0.0
0.0
0.0
0.0
0.0
0.0
0.0
0.0
0.0
0.0
0.0
0.0
0.0
0.0
0.0
0.0
0.0
0.0
0.0
0.0
0.0
0.0
0.0
0.0
0.0
0.0
0.0
0.0
0.0
0.0
0.0
0.0
0.0
0.0
0.0
0.0
0.0
0.0
0.0
0.0
0.0
0.0
0.0
0.0
0.0
0.0
0.0
0.0
0.0
0.0
0.0
0.0
0.0
0.0
0.0
0.0
0.0
0.0
0.0
0.0
0.0
0.0
0.0
0.0
0.0
0.0
0.0
0.0
0.0
0.0
2.012718416342307e-6
0.0
0.0
0.0
0.0
0.0
0.0
0.0
0.0
0.0
0.0
0.0
0.0
0.0
0.0
0.0
0.0
0.0
0.0
0.0
0.0
0.0
0.0
0.0
0.0
0.0
0.0
0.0
0.0
0.0
0.0
0.0
0.0
0.0
0.0
0.0
0.0
0.0
0.0
0.0
0.0
0.0
0.0
0.0
0.0
0.0
0.0
0.0
0.0
0.0
0.0
0.0
0.0
0.0
0.0
0.0
0.0
0.0
0.0
0.0
0.0
0.0
0.0
0.0
0.0
0.0
0.0
0.0
0.0
0.0
0.0
0.0
0.0
0.0
0.0
0.0
0.0
0.0
0.0
0.0
0.0
0.0
0.0
0.0
0.0
0.0
0.0
0.0
0.0
0.0
0.0
0.0
0.0
0.0
0.0
0.0
0.0
0.0
0.0
0.0
0.0
0.0
0.0
0.0
0.0
0.0
0.0
0.0
0.0
0.0
0.0
0.0
0.0
0.0
0.0
0.0
0.0
0.0
0.0
0.0
0.0
0.0
0.0
0.0
0.0
0.0
0.0
0.0
0.0
0.0
0.0
0.0
0.0
0.0
0.0
0.0
0.0
0.0
0.0
0.0
0.0
0.0
0.0
0.0
0.0
0.0
0.0
0.0
0.0
0.0
0.0
0.0
0.0
0.0
0.0
0.0
0.0
0.0
0.0
0.0
0.0
0.0
0.0
0.0
0.0
0.0
0.0
0.0
0.0
0.0
0.0
0.0
0.0
0.0
0.0
0.0
0.0
0.0
0.0
0.0
0.0
0.0
0.0
0.0
0.0
0.0
0.0
0.0
0.0
0.0
0.0
0.0
0.0
0.0
0.0
0.0
0.0
0.0
0.0
0.0
0.0
0.0
0.0
0.0
0.0
0.0
0.0
0.0
0.0
0.0
0.0
0.0
0.0
0.0
0.0
0.0
0.0
0.0
0.0
0.0
0.0
0.0
0.0
0.0
0.0
0.0
0.0
0.0
0.0
0.0
0.0
0.0
0.0
0.0
0.0
0.0
0.0
0.0
0.0
0.0
0.0
0.0
0.0
0.0
0.0
0.0
0.0
0.0
0.0
0.0
0.0
0.0
0.0
0.0
0.0
0.0
0.0
0.0
0.0
0.0
0.0
0.0
0.0
0.0
0.0
0.0
0.0
0.0
0.0
0.0
0.0
0.0
0.0
0.0
0.0
0.0
0.0
0.0
0.0
0.0
0.0
0.0
0.0
0.0
0.0
0.0
0.0
0.0
0.0
0.0
0.0
0.0
0.0
0.0
0.0
0.0
0.0
0.0
0.0
0.0
0.0
0.0
0.0
0.0
0.0
0.0
0.0
0.0
0.0
0.0
0.0
0.0
0.0
0.0
0.0
0.0
0.0
0.0
0.0
0.0
0.0
0.0
0.0
0.0
0.0
0.0
0.0
0.0
0.0
0.0
0.0
0.0
0.0
0.0
0.0
0.0
0.0
0.0
0.0
0.0
0.0
0.0
0.0
0.0
0.0
0.0
0.0
0.0
0.0
0.0
0.0
0.0
0.0
0.0
0.0
0.0
0.0
0.0
0.0
0.0
0.0
0.0
0.0
0.0
0.0
0.0
0.0
0.0
0.0
0.0
0.0
0.0
0.0
0.0
0.0
0.0
0.0
0.0
0.0
0.0
0.0
0.0
0.0
0.0
0.0
0.0
0.0
0.0
0.0
0.0
0.0
0.0
0.0
0.0
0.0
0.0
0.0
0.0
0.0
0.0
0.0
0.0
0.0
0.0
0.0
0.0
0.0
0.0
0.0
0.0
0.0
0.0
0.0
0.0
0.0
0.0
0.0
0.0
0.0
0.0
0.0
0.0
0.0
0.0
0.0
0.0
0.0
0.0
0.0
0.0
0.0
0.0
0.0
0.0
0.0
0.0
0.0
0.0
0.0
0.0
0.0
0.0
0.0
0.0
0.0
0.0
0.0
0.0
0.0
0.0
0.0
0.0
0.0
0.0
0.0
0.0
0.0
0.0
0.0
0.0
0.0
0.0
0.0
0.0
0.0
0.0
0.0
0.0
0.0
0.0
0.0
0.0
0.0
0.0
0.0
0.0
0.0
0.0
0.0
0.0
0.0
0.0
0.0
0.0
0.0
0.0
0.0
0.0
0.0
0.0
0.0
0.0
0.0
0.0
0.0
0.0
0.0
0.0
0.0
0.0
0.0
0.0
0.0
0.0
0.0
0.0
0.0
0.0
0.0
0.0
0.0
0.0
0.0
0.0
0.0
0.0
0.0
0.0
0.0
0.0
0.0
0.0
0.0
0.0
0.0
0.0
0.0
0.0
0.0
0.0
0.0
0.0
0.0
0.0
0.0
0.0
0.0
0.0
0.0
0.0
0.0
0.0
0.0
0.0
0.0
0.0
0.0
0.0
0.0
0.0
0.0
0.0
0.0
0.0
0.0
0.0
0.0
0.0
0.0
0.0
0.0
0.0
0.0
0.0
0.0
0.0
0.0
0.0
0.0
0.0
0.0
0.0
0.0
0.0
0.0
0.0
0.0
0.0
0.0
0.0
0.0
0.0
0.0
0.0
0.0
0.0
0.0
0.0
0.0
0.0
0.0
0.0
0.0
0.0
0.0
0.0
0.0
0.0
0.0
0.0
0.0
0.0
0.0
0.0
0.0
0.0
0.0
0.0
0.0
0.0
0.0
0.0
0.0
0.0
0.0
0.0
0.0
0.0
0.0
0.0
0.0
0.0
0.0
0.0
0.0
0.0
0.0
0.0
0.0
0.0
0.0
0.0
0.0
0.0
0.0
0.0
0.0
0.0
0.0
0.0
0.0
0.0
0.0
0.0
0.0
0.0
0.0
0.0
0.0
0.0
0.0
0.0
0.0
0.0
0.0
0.0
0.0
0.0
0.0
0.0
0.0
0.0
0.0
0.0
0.0
0.0
0.0
0.0
0.0
0.0
0.0
0.0
0.0
0.0
0.0
0.0
0.0
0.0
0.0
0.0
0.0
0.0
0.0
0.0
0.0
0.0
0.0
0.0
0.0
0.0
0.0
0.0
0.0
0.0
0.0
0.0
0.0
0.0
0.0
0.0
0.0
0.0
0.0
0.0
0.0
0.0
0.0
0.0
0.0
0.0
0.0
0.0
0.0
0.0
0.0
0.0
0.0
0.0
0.0
0.0
0.0
0.0
0.0
0.0
0.0
0.0
0.0
0.0
0.0
0.0
0.0
0.0
0.0
0.0
0.0
0.0
0.0
0.0
0.0
0.0
0.0
0.0
0.0
0.0
0.0
0.0
0.0
0.0
0.0
0.0
0.0
0.0
0.0
0.0
0.0
0.0
0.0
0.0
0.0
0.0
0.0
0.0
0.0
0.0
0.0
0.0
0.0
0.0
0.0
0.0
0.0
0.0
0.0
0.0
0.0
0.0
0.0
0.0
0.0
0.0
0.0
0.0
0.0
0.0
0.0
0.0
0.0
0.0
0.0
0.0
0.0
0.0
0.0
0.0
0.0
0.0
0.0
0.0
0.0
0.0
0.0
0.0
0.0
0.0
0.0
0.0
0.0
0.0
0.0
0.0
0.0
0.0
0.0
0.0
0.0
0.0
0.0
0.0
0.0
0.0
0.0
0.0
0.0
0.0
0.0
0.0
0.0
0.0
0.0
0.0
0.0
0.0
0.0
0.0
0.0
0.0
0.0
0.0
0.0
0.0
0.0
0.0
0.0
0.0
0.0
0.0
0.0
0.0
0.0
0.0
0.0
0.0
0.0
0.0
0.0
0.0
0.0
0.0
0.0
0.0
0.0
0.0
0.0
0.0
4.252805400110027e-6
9.653221516661763e-7
0.0
0.0
0.0
0.0
0.0
0.0
0.0
0.0
0.0
0.0
0.0
0.0
0.0
0.0
0.0
0.0
0.0
0.0
0.0
0.0
0.0
0.0
0.0
0.0
0.0
0.0
0.0
0.0
0.0
0.0
0.0
0.0
0.0
0.0
0.0
0.0
0.0
0.0
0.0
0.0
0.0
0.0
0.0
0.0
0.0
0.0
0.0
0.0
0.0
0.0
0.0
0.0
0.0
0.0
0.0
0.0
0.0
0.0
0.0
0.0
0.0
0.0
0.0
0.0
0.0
0.0
0.0
0.0
0.0
0.0
0.0
0.0
0.0
0.0
0.0
0.0
0.0
0.0
0.0
0.0
0.0
0.0
0.0
0.0
0.0
0.0
0.0
0.0
0.0
0.0
0.0
0.0
0.0
0.0
0.0
0.0
0.0
0.0
0.0
0.0
0.0
0.0
0.0
0.0
0.0
0.0
0.0
0.0
0.0
0.0
0.0
0.0
0.0
0.0
0.0
0.0
0.0
0.0
0.0
0.0
0.0
0.0
0.0
0.0
0.0
0.0
0.0
0.0
0.0
0.0
0.0
0.0
0.0
0.0
0.0
0.0
0.0
0.0
0.0
0.0
0.0
0.0
0.0
0.0
0.0
0.0
0.0
0.0
0.0
0.0
0.0
0.0
0.0
0.0
0.0
0.0
0.0
0.0
0.0
0.0
0.0
0.0
0.0
0.0
0.0
0.0
0.0
0.0
0.0
0.0
0.0
0.0
0.0
0.0
0.0
0.0
0.0
0.0
0.0
0.0
0.0
0.0
0.0
0.0
0.0
0.0
0.0
0.0
0.0
0.0
0.0
0.0
0.0
0.0
0.0
0.0
0.0
0.0
0.0
0.0
0.0
0.0
0.0
0.0
0.0
0.0
0.0
0.0
0.0
0.0
0.0
0.0
0.0
0.0
0.0
0.0
0.0
0.0
0.0
0.0
0.0
0.0
0.0
0.0
0.0
0.0
0.0
0.0
0.0
0.0
0.0
0.0
0.0
0.0
0.0
0.0
0.0
0.0
0.0
0.0
0.0
0.0
0.0
0.0
0.0
0.0
0.0
0.0
0.0
0.0
0.0
0.0
0.0
0.0
0.0
0.0
0.0
0.0
0.0
0.0
0.0
0.0
0.0
0.0
0.0
0.0
0.0
0.0
0.0
0.0
0.0
0.0
0.0
0.0
0.0
0.0
0.0
0.0
0.0
0.0
0.0
0.0
0.0
0.0
0.0
0.0
0.0
0.0
0.0
0.0
0.0
0.0
0.0
0.0
0.0
0.0
0.0
0.0
0.0
0.0
0.0
0.0
0.0
0.0
0.0
0.0
0.0
0.0
0.0
0.0
2.1925005563685242e-6
7.222188830634057e-6
0.0
0.0
0.0
0.0
0.0
0.0
0.0
0.0
0.0
0.0
0.0
0.0
0.0
0.0
0.0
0.0
0.0
0.0
0.0
0.0
0.0
0.0
4.319869447383399e-6
1.340262142229031e-6
0.0
0.0
0.0
0.0
0.0
0.0
0.0
0.0
0.0
0.0
0.0
0.0
0.0
0.0
0.0
0.0
0.0
0.0
0.0
0.0
0.0
0.0
1.997842984842767e-6
9.626592348831016e-7
0.0
0.0
0.0
0.0
0.0
0.0
0.0
0.0
0.0
0.0
0.0
0.0
0.0
0.0
0.0
0.0
0.0
0.0
0.0
0.0
0.0
0.0
1.0261675893770096e-6
0.0
0.0
0.0
0.0
0.0
0.0
0.0
0.0
0.0
0.0
0.0
0.0
0.0
0.0
0.0
0.0
0.0
0.0
0.0
0.0
0.0
0.0
0.0
0.0
0.0
0.0
0.0
0.0
0.0
0.0
0.0
0.0
0.0
0.0
0.0
0.0
0.0
0.0
0.0
0.0
0.0
0.0
0.0
0.0
0.0
0.0
0.0
0.0
0.0
0.0
0.0
0.0
0.0
0.0
0.0
0.0
0.0
0.0
0.0
0.0
0.0
0.0
0.0
0.0
0.0
0.0
0.0
0.0
0.0
0.0
0.0
0.0
0.0
0.0
0.0
0.0
0.0
0.0
0.0
0.0
0.0
0.0
0.0
0.0
0.0
0.0
0.0
0.0
0.0
0.0
0.0
0.0
0.0
0.0
0.0
0.0
0.0
0.0
0.0
0.0
0.0
0.0
0.0
0.0
0.0
0.0
0.0
0.0
0.0
0.0
0.0
0.0
0.0
0.0
0.0
0.0
0.0
0.0
0.0
7.881830640535203e-7
1.067340532338416e-6
0.0
0.0
0.0
0.0
0.0
0.0
0.0
0.0
0.0
0.0
0.0
0.0
0.0
0.0
0.0
0.0
0.0
0.0
0.0
0.0
0.0
0.0
0.0
1.7942777638058191e-6
0.0
0.0
0.0
0.0
0.0
0.0
0.0
0.0
0.0
0.0
0.0
0.0
0.0
0.0
0.0
0.0
0.0
0.0
0.0
0.0
0.0
0.0
1.004412458214537e-6
4.820979910461684e-6
0.0
0.0
0.0
0.0
0.0
0.0
0.0
0.0
0.0
0.0
0.0
0.0
0.0
0.0
0.0
0.0
0.0
0.0
0.0
0.0
0.0
0.0
0.0
0.0
0.0
0.0
0.0
0.0
0.0
0.0
0.0
0.0
0.0
0.0
0.0
0.0
0.0
0.0
0.0
0.0
0.0
0.0
0.0
0.0
0.0
0.0
0.0
0.0
0.0
0.0
0.0
0.0
0.0
0.0
0.0
0.0
0.0
0.0
0.0
0.0
0.0
0.0
0.0
0.0
0.0
0.0
0.0
0.0
0.0
0.0
1.4990255292813798e-6
1.832336324630231e-5
0.0
0.0
0.0
0.0
0.0
0.0
0.0
0.0
0.0
0.0
0.0
0.0
0.0
0.0
0.0
0.0
0.0
0.0
0.0
0.0
0.0
0.0
3.3123430378417925e-6
2.0386910094690508e-5
0.0
0.0
0.0
0.0
0.0
0.0
0.0
0.0
0.0
0.0
0.0
0.0
0.0
0.0
0.0
0.0
0.0
0.0
0.0
0.0
0.0
0.0
0.0
0.0
0.0
0.0
0.0
0.0
0.0
0.0
0.0
0.0
0.0
0.0
0.0
0.0
0.0
0.0
0.0
0.0
0.0
0.0
0.0
0.0
0.0
0.0
3.252723318132967e-6
3.854410861204675e-5
0.0
0.0
0.0
0.0
0.0
0.0
0.0
0.0
0.0
0.0
0.0
0.0
0.0
0.0
0.0
0.0
0.0
0.0
0.0
0.0
0.0
0.0
8.942214611986948e-6
5.5384872657669254e-5
0.0
0.0
0.0
0.0
0.0
0.0
0.0
0.0
0.0
0.0
0.0
0.0
0.0
0.0
0.0
0.0
0.0
0.0
0.0
0.0
0.0
0.0
0.0
0.0
0.0
0.0
0.0
0.0
0.0
0.0
0.0
0.0
0.0
0.0
0.0
0.0
0.0
0.0
0.0
0.0
0.0
0.0
0.0
0.0
0.0
0.0
2.8913861702188165e-6
4.961029647385343e-7
0.0
0.0
0.0
0.0
0.0
0.0
0.0
0.0
0.0
0.0
0.0
0.0
0.0
0.0
0.0
0.0
0.0
0.0
0.0
0.0
0.0
0.0
0.0
9.831459790158482e-7
0.0
0.0
0.0
0.0
0.0
0.0
0.0
0.0
0.0
0.0
0.0
0.0
0.0
0.0
0.0
0.0
0.0
0.0
0.0
0.0
0.0
0.0
9.68875295523442e-7
8.830170888184854e-6
0.0
0.0
0.0
0.0
0.0
0.0
0.0
0.0
0.0
0.0
0.0
0.0
0.0
0.0
0.0
0.0
0.0
0.0
0.0
0.0
0.0
0.0
0.0
2.9511264860282695e-6
0.0
0.0
0.0
0.0
0.0
0.0
0.0
0.0
0.0
0.0
0.0
0.0
0.0
0.0
0.0
0.0
0.0
0.0
0.0
0.0
0.0
0.0
0.0
0.0
0.0
0.0
0.0
0.0
0.0
0.0
0.0
0.0
0.0
0.0
0.0
0.0
0.0
0.0
0.0
0.0
0.0
0.0
0.0
0.0
0.0
0.0
4.440538553420604e-6
3.8796572738037775e-5
0.0
0.0
0.0
0.0
0.0
0.0
0.0
0.0
0.0
0.0
0.0
0.0
0.0
0.0
0.0
0.0
0.0
0.0
0.0
0.0
0.0
0.0
0.0
0.0
0.0
0.0
0.0
0.0
0.0
0.0
0.0
0.0
0.0
0.0
0.0
0.0
0.0
0.0
0.0
0.0
0.0
0.0
0.0
0.0
0.0
0.0
4.132865925243332e-6
3.96150588279911e-5
4.4479658348488206e-7
0.0
0.0
0.0
0.0
0.0
0.0
0.0
0.0
0.0
0.0
0.0
0.0
0.0
0.0
0.0
0.0
0.0
0.0
0.0
0.0
0.0
4.312820651976418e-6
3.4679563924689414e-5
0.0
0.0
0.0
0.0
0.0
0.0
0.0
0.0
0.0
0.0
0.0
0.0
0.0
0.0
0.0
0.0
0.0
0.0
0.0
0.0
0.0
0.0
3.9201196299790734e-6
3.462596012592409e-5
0.0
0.0
0.0
0.0
0.0
0.0
0.0
0.0
0.0
0.0
0.0
0.0
0.0
0.0
0.0
0.0
0.0
0.0
0.0
0.0
0.0
0.0
2.8674133224763486e-6
1.5363133271057437e-5
0.0
0.0
0.0
0.0
0.0
0.0
0.0
0.0
0.0
0.0
0.0
0.0
0.0
0.0
0.0
0.0
0.0
0.0
0.0
0.0
0.0
0.0
9.612370309607944e-7
3.7735812469675243e-6
0.0
0.0
0.0
0.0
0.0
0.0
0.0
0.0
0.0
0.0
0.0
0.0
0.0
0.0
0.0
0.0
0.0
0.0
0.0
0.0
0.0
0.0
2.9860350536517832e-6
1.7312686384701222e-5
0.0
0.0
0.0
0.0
0.0
0.0
0.0
0.0
0.0
0.0
0.0
0.0
0.0
0.0
0.0
0.0
0.0
0.0
0.0
0.0
0.0
0.0
0.0
0.0
0.0
0.0
0.0
0.0
0.0
0.0
0.0
0.0
0.0
0.0
0.0
0.0
0.0
0.0
0.0
0.0
0.0
0.0
0.0
0.0
0.0
0.0
5.598405640182853e-6
5.291827203474691e-5
3.330341426261212e-7
0.0
0.0
0.0
0.0
0.0
0.0
0.0
0.0
0.0
0.0
0.0
0.0
0.0
0.0
0.0
0.0
0.0
0.0
0.0
0.0
0.0
2.2680721727296056e-6
2.8465837327497143e-5
0.0
0.0
0.0
0.0
0.0
0.0
0.0
0.0
0.0
0.0
0.0
0.0
0.0
0.0
0.0
0.0
0.0
0.0
0.0
0.0
0.0
0.0
4.371065099749083e-6
3.9714098655022844e-5
3.2407384139294983e-7
0.0
0.0
0.0
0.0
0.0
0.0
0.0
0.0
0.0
0.0
0.0
0.0
0.0
0.0
0.0
0.0
0.0
0.0
0.0
0.0
0.0
9.35185682229948e-7
9.60734934703371e-6
0.0
0.0
0.0
0.0
0.0
0.0
0.0
0.0
0.0
0.0
0.0
0.0
0.0
0.0
0.0
0.0
0.0
0.0
0.0
0.0
0.0
0.0
9.477669049409698e-7
1.1054642175552512e-5
0.0
0.0
0.0
0.0
0.0
0.0
0.0
0.0
0.0
0.0
0.0
0.0
0.0
0.0
0.0
0.0
0.0
0.0
0.0
0.0
0.0
0.0
0.0
6.462381541712803e-6
0.0
0.0
0.0
0.0
0.0
0.0
0.0
0.0
0.0
0.0
0.0
0.0
0.0
0.0
0.0
0.0
0.0
0.0
0.0
0.0
0.0
0.0
0.0
0.0
0.0
0.0
0.0
0.0
0.0
0.0
0.0
0.0
0.0
0.0
0.0
0.0
0.0
0.0
0.0
0.0
0.0
0.0
0.0
0.0
0.0
0.0
7.263424867527683e-6
2.176943121861189e-6
9.041113008021004e-7
0.0
0.0
0.0
0.0
0.0
0.0
0.0
0.0
0.0
0.0
0.0
0.0
0.0
0.0
0.0
0.0
0.0
0.0
0.0
0.0
0.0
5.2815964626194424e-6
3.8816156730492045e-5
0.0
0.0
0.0
0.0
0.0
0.0
0.0
0.0
0.0
0.0
0.0
0.0
0.0
0.0
0.0
0.0
0.0
0.0
0.0
0.0
0.0
0.0
5.157767782133558e-6
4.8068682010905326e-5
0.0
0.0
0.0
0.0
0.0
0.0
0.0
0.0
0.0
0.0
1.2562232870315985e-5
0.0
0.0
0.0
0.0
0.0
0.0
0.0
0.0
0.0
0.0
0.0
0.0001936084496554343
0.00020755827520721207
0.0
0.0
0.0
0.0
1.7372808747397259e-6
0.0
0.0
0.0
0.0
1.7191878470654525e-5
1.6465921322123572e-5
4.865260073071177e-6
6.216609405847049e-5
0.0001177565428354104
0.0
0.0
0.0
0.0
0.0
0.0
0.0
0.0
0.0006497914595274852
0.0005197327644108322
2.7109107507459865e-5
0.0
0.0
0.0
0.0
0.0
0.0
0.0
0.0
0.0
0.0
0.0
0.0
0.0
0.0
0.0
0.0
0.0
0.0
0.0
0.0
0.0
0.0001490007639542511
0.00023734164406413475
7.20374060521705e-5
3.0353416505159886e-5
1.7444467325541293e-6
0.0
0.0
0.0
0.0
0.0
0.0
0.0
0.0
0.0
0.0
0.0
0.0
0.0
0.0
0.0
0.0
0.0
0.0
0.0
0.0
0.0
0.0
0.0
0.0
0.0
0.0
0.0
0.0
0.0
0.0
0.0
0.0
0.0
0.0
0.0
0.0
0.0
0.0
0.0
0.0
0.0
0.0
0.0
0.0
0.0
0.0
0.0
0.0
0.0
0.0
0.0
0.0
0.0
0.0
0.0
0.0
0.0
0.0
0.0
0.0
0.0
0.0
0.0
0.0
0.0
0.0
0.0
0.00014704810410063517
0.00015793861249610547
2.314734087509136e-6
0.0
0.0
0.0
0.0
0.0
0.0
0.0
0.0
0.0
0.0
0.0
0.0
0.0
0.0
0.0
0.0
0.0
0.0
0.0
0.0
0.0
2.666973323069642e-5
8.450985865794734e-5
2.2545793001210726e-6
0.0
0.0
0.0
0.0
0.0
0.0
0.0
0.0
0.0
0.0
0.0
0.0
0.0
0.0
0.0
0.0
0.0
0.0
0.0
0.0
0.0
1.0539926139025281e-5
6.217860380573923e-5
2.052632686752915e-6
0.0
0.0
0.0
0.0
0.0
0.0
0.0
0.0
0.0
0.0
0.0
0.0
0.0
0.0
0.0
0.0
0.0
0.0
0.0
0.0
0.0
8.960215434942615e-6
6.494397301771641e-5
2.3320821107163275e-6
0.0
0.0
0.0
0.0
0.0
0.0
0.0
0.0
0.0
0.0
0.0
0.0
0.0
0.0
0.0
0.0
0.0
0.0
0.0
0.0
0.0
9.969132455532647e-6
6.290177977380806e-5
0.0
0.0
0.0
0.0
0.0
0.0
0.0
0.0
0.0
0.0
0.0
0.0
0.0
0.0
0.0
0.0
0.0
0.0
0.0
0.0
0.0
0.0
0.0
0.0
0.0
0.0
0.0
0.0
0.0
0.0
0.0
0.0
0.0
0.0
0.0
0.0
0.0
0.0
0.0
0.0
0.0
0.0
0.0
0.0
0.0
0.0
1.969944551270291e-5
8.400664676497565e-5
3.0196833948724263e-6
0.0
0.0
0.0
0.0
0.0
0.0
0.0
0.0
0.0
0.0
0.0
0.0
0.0
0.0
0.0
0.0
0.0
0.0
0.0
0.0
0.0
6.294116318559184e-5
0.00015927267647690424
0.0
0.0
0.0
0.0
1.5701222392492285e-6
0.0
0.0
0.0
0.0
4.1813852180662116e-6
1.2761617192573177e-5
1.315991150571899e-6
2.6457646030790567e-5
8.200715403779141e-5
0.0
0.0
0.0
0.0
0.0
0.0
0.0
0.0
0.0008659247261014989
0.0008273158673932813
0.0002444504151809421
5.954715411582541e-5
3.8265925790955176e-6
0.0
0.0
0.0
0.0
0.0
0.0
1.5608117278952412e-6
4.139059392028696e-6
1.0484230201485991e-5
6.181599210030874e-5
0.00010278354180657569
0.0
0.0
0.0
0.0
0.0
0.0
0.0
0.0
0.0009649225298821505
0.0009150251688029439
0.00020159416091017153
5.185705976657196e-5
7.852655304972653e-6
0.0
0.0
0.0
0.0
0.0
0.0
8.955373532399755e-7
3.8450788498935454e-7
0.0
3.2986937742185103e-6
2.477294561141966e-5
0.0
0.0
0.0
0.0
0.0
0.0
0.0
0.0
0.0006488123175360083
0.0006811078244356517
0.0001039412686456432
1.4276092968398427e-5
0.0
0.0
0.0
0.0
0.0
0.0
0.0
1.3823189818129964e-6
5.800743116263675e-6
0.0
0.0
8.027818925728795e-6
0.0
0.0
0.0
0.0
0.0
0.0
0.0
0.0
0.0005230857376739027
0.0005662666924863151
0.00022199721307144556
9.020463451263722e-5
4.0900320721901997e-5
9.055443727045774e-6
8.03955242407354e-6
0.0
0.0
0.0
0.0
0.0
0.0
0.0
0.0
0.0
0.0
0.0
0.0
0.0
0.0
0.0
0.0
0.0
0.0
0.0
0.0
0.0
0.0
0.0
0.0
0.0
0.0
0.0
0.0
0.0
0.0
0.0
0.0
0.0
0.0
0.0
0.0
0.0
0.0
0.0
0.0
0.0
0.0004340106653742167
0.00044183697627759515
2.6622717098562558e-5
0.0
0.0
0.0
0.0
0.0
0.0
0.0
0.0
0.0
0.0
0.0
0.0
0.0
0.0
0.0
0.0
0.0
0.0
0.0
0.0
0.0
0.00014660997365057232
0.00021544751714143795
3.964399729040816e-6
0.0
0.0
0.0
0.0
0.0
0.0
0.0
0.0
0.0
0.0
0.0
0.0
0.0
0.0
0.0
0.0
0.0
0.0
0.0
0.0
0.0
7.843271294070945e-5
0.00015064963726927783
2.4015760092331963e-6
0.0
0.0
0.0
0.0
0.0
0.0
0.0
0.0
0.0
0.0
0.0
0.0
0.0
0.0
0.0
0.0
0.0
0.0
0.0
0.0
0.0
1.1878680362372667e-5
3.583621422103213e-5
3.250693289615866e-6
0.0
0.0
0.0
0.0
0.0
0.0
0.0
0.0
0.0
2.3123024087199777e-7
0.0
0.0
0.0
0.0
0.0
0.0
0.0
0.0
0.0
0.0
0.0
0.0004838601307327664
0.0005811813114733489
6.943418046030252e-5
5.384695384703918e-6
0.0
0.0
0.0
0.0
0.0
0.0
0.0
0.0
4.2137065047544483e-7
0.0
0.0
0.0
0.0
0.0
0.0
0.0
0.0
0.0
0.0
0.0
0.000527024373582366
0.0006451582508661152
0.0002759068553284021
0.00011563081346540996
5.89148470707279e-5
2.997737155025024e-5
2.735223754259441e-5
4.206531330401515e-6
0.0
0.0
0.0
0.0
0.0
0.0
0.0
0.0
0.0
0.0
0.0
0.0
0.0
0.0
0.0
0.0
0.0
0.0
0.0
0.0
0.0
0.0
0.0
0.0
0.0
0.0
0.0
0.0
0.0
0.0
0.0
0.0
0.0
0.0
0.0
1.3560277254219814e-5
3.1838480021877135e-5
4.6963815746787865e-5
9.035657124640207e-5
0.00011610557737503576
0.001617703022731632
0.001442477195301349
0.0005349885454146174
0.00023230141096315993
0.00014153744249289913
6.850191549712418e-5
5.062312771377215e-5
1.782520404376294e-6
0.0
0.0
0.0
1.6272943597042762e-6
2.053456094462778e-5
5.358315269273811e-5
9.710034958929503e-5
0.00013713710217586235
0.0
0.0
0.0
0.0
0.0
0.0
5.1029991070785025e-6
3.378447796755822e-5
0.001263918761662131
0.0012018463275438476
0.0004143979830826353
0.00015250349283888736
5.618199250371424e-5
1.20120383020056e-5
3.6027928713244057e-6
0.0
0.0
0.0
0.0
1.5960301499691122e-6
5.153463162676006e-6
4.400156203863583e-5
8.346327365766327e-5
0.00010144735013751461
0.0
0.0
0.0
0.0
0.0
0.0
0.0
0.0
0.0007169261039694063
0.0007914195968006055
0.00017473365544701662
4.5412759227545936e-5
6.412537742841454e-7
0.0
0.0
0.0
0.0
0.0
0.0
0.0
2.1101147775781832e-7
0.0
0.0
0.0
0.0
0.0
0.0
0.0
0.0
0.0
0.0
0.0
0.00040196771958757977
0.0004964232754234631
4.276093823237132e-5
0.0
0.0
0.0
0.0
0.0
0.0
0.0
0.0
2.1695919660367115e-6
4.6157245013503e-6
0.0
1.1313269109826096e-5
3.520103926594045e-5
0.0
0.0
0.0
0.0
0.0
0.0
0.0
0.0
0.0006787436883595305
0.0007119427868636214
0.00014435174960864683
3.7421575087117636e-5
1.4674013408213195e-6
0.0
0.0
0.0
0.0
0.0
0.0
1.2593810072007358e-6
1.1219864362067234e-6
0.0
0.0
2.0070666253257435e-5
0.0
0.0
0.0
0.0
0.0
0.0
0.0
0.0
0.000836046281350936
0.001022443683071583
0.0006803090309609806
0.00040813622174860274
0.00025350301864564793
0.0001574752602943534
0.00016534585216893173
0.00011213698816848795
7.381905871113293e-5
5.3341002213312815e-5
3.992401160150418e-5
5.8907665933842883e-5
0.0
0.0
0.0
0.0
0.0
0.0
0.0
0.0
0.0
0.0
0.0
0.0
1.7524143898709477e-5
3.476302756251952e-5
3.6906471437797365e-5
1.8232770214795483e-6
0.0
0.0
0.0
0.0
0.0
0.0
0.0
0.0
0.0
0.0
0.0
0.0
0.0
0.0
0.0
3.106638219036663e-6
1.0027743773235959e-5
3.193758580709162e-5
3.346351313523037e-5
3.6731850983771735e-5
3.2230628415102996e-5
0.001549689458551691
0.001141855438789467
0.0002955941540742063
0.00010275389123682824
2.0638046730080086e-5
0.0
0.0
0.0
0.0
0.0
0.0
1.695337316252879e-6
2.5741598564538647e-6
1.3442639588452632e-6
4.166282277730078e-5
7.98314866319878e-5
0.0
0.0
0.0
0.0
0.0
0.0
0.0
0.0
0.0008900114032047837
0.0007431283054189536
0.00013124476835031708
2.6800574894144748e-5
0.0
0.0
0.0
0.0
0.0
0.0
0.0
4.347111336053576e-7
6.232272537137011e-7
0.0
0.0
0.0
0.0
0.0
0.0
0.0
0.0
0.0
0.0
0.0
0.00047088409000942003
0.00045302926209473017
5.0021377166392466e-5
3.138780156441693e-7
0.0
0.0
0.0
0.0
0.0
0.0
0.0
0.0
7.233256412098039e-7
0.0
0.0
0.0
0.0
0.0
0.0
0.0
0.0
0.0
0.0
0.0
0.0002931051034990941
0.00041367890807005665
1.910062220042973e-5
4.968029096868167e-7
0.0
0.0
0.0
0.0
0.0
0.0
0.0
0.0
4.88352558774809e-7
0.0
0.0
0.0
0.0
0.0
0.0
0.0
0.0
0.0
0.0
0.0
0.0001410128045773073
0.0001614786857643321
2.2900747027364166e-6
0.0
0.0
0.0
0.0
0.0
0.0
0.0
0.0
0.0
9.252165082996472e-7
0.0
0.0
0.0
0.0
0.0
0.0
0.0
0.0
0.0
0.0
0.0
0.0
0.0
0.0
0.0
0.0
0.0
0.0
0.0
0.0
0.0
0.0
0.0
0.0
0.0
0.0
0.0
0.0
3.100801467689626e-5
4.400599026504261e-5
9.115796209295312e-5
0.00013538708437612297
0.00023241031975589286
0.00023395860920884728
0.0003066109251670706
0.000286340579532775
0.00022768140007398265
9.804309559257996e-5
7.243239884272272e-5
2.8011003416872254e-5
6.131598976318741e-6
0.0
0.0
0.0
0.0
0.0
0.0
0.0
0.0
2.491495228599048e-6
1.7787412178824357e-5
2.9971023809247625e-5
7.685405664720387e-5
8.523145557397358e-5
0.00017155987106386473
0.00015553358403398794
0.0002074771412737528
0.0002227571926755714
0.00032504299586930087
0.0019065945663174848
0.001475465814013021
0.0004842611759864101
0.00021208240360648723
0.00010078869952570894
2.447197463262579e-5
8.185186612434398e-7
0.0
0.0
0.0
0.0
3.202015401328674e-6
5.0293154198898e-6
3.155054161303705e-5
6.0468044491781676e-5
8.451425125378763e-5
0.0
0.0
0.0
0.0
0.0
0.0
0.0
0.0
0.0008554546389975903
0.0006394220903494902
9.405507105148874e-5
1.2698136298377178e-5
0.0
0.0
0.0
0.0
0.0
0.0
0.0
4.73473769981855e-6
7.5822954640057944e-6
2.5314510609917285e-5
8.369489729877536e-5
0.00012683928809397742
0.0
0.0
0.0
0.0
0.0
0.0
0.0
0.0
0.0008918862645491633
0.0008045288780930802
0.00020980515645770397
6.316292463212515e-5
1.3401026384701426e-5
0.0
0.0
0.0
0.0
0.0
0.0
7.423513618523135e-6
1.6293347333569487e-5
2.6836837804581392e-5
7.451879706348617e-5
0.0001404016648935711
0.0
0.0
0.0
0.0
0.0
0.0
0.0
0.0
0.0008486163113308684
0.0008310821037320449
0.00025374423648513446
2.8680665955460028e-5
0.0
0.0
4.779852864534606e-6
0.0
0.0
0.0
0.0
3.1816323309687746e-5
0.00015768871872324367
0.00024025693504217663
0.000311169313802285
0.00035535624484917097
0.0
0.0
0.0
0.0
0.0
0.0
0.0
0.0
0.0013325577211708351
0.0010805303904258797
0.00026876163124955714
0.00011483601089905486
3.928042658367886e-5
2.34485188004227e-6
0.0
0.0
0.0
0.0
0.0
4.760275798785184e-6
1.2172030068176806e-5
3.172208499731626e-5
5.1710120931930415e-5
7.62444292246329e-5
0.0
0.0
0.0
0.0
0.0
0.0
0.0
0.0
0.0007421421313210239
0.0007740573947754267
0.0005273331192340374
0.0004885631102227949
0.00035915029976367805
0.00044773611595768736
0.0006491838744419733
0.0005738716959370573
0.0007360393370960806
0.0007554828934036497
0.0007180775885567377
0.0008688426418207796
0.0
0.0
0.0
1.4986366069664196e-6
5.146709564101962e-5
0.00012432622205687757
0.0001930462054518667
0.00023844725309189412
0.0002980369686206084
0.0003433945829068667
0.00041133717673957015
0.0004227785029051866
0.0004688629169809603
0.000453303314399671
0.00043167990589160313
0.00038727093330599395
0.00035252004408700926
0.000263649001044774
0.0002585460119103098
0.00024094055632631675
0.00022559230874336583
0.00021743175812355794
0.0002655236908102264
0.00031257321093236404
0.00036830119867021035
0.0003766833089395732
0.0004201517829209746
0.00044262143754315647
0.0005020403535907102
0.000510962040580926
0.0005637300271154304
0.0005731368871587679
0.000613627638003037
0.0006022842606153098
0.0006620617669789709
0.000660724765251391
0.002602941110500609
0.0021134528131754697
0.0010721526724017487
0.0006512175786486327
0.000454392761043097
0.0003248451855262227
0.00027679993701138563
0.000120664569823448
6.365349293311709e-5
4.5397614812441543e-5
4.8050066880607764e-5
0.00022772606165238386
0.00046011148055081607
0.0005834224833090385
0.00070321036370139
0.0007922720837421097
0.0
0.0
0.0
2.9441615802262666e-5
7.745113290690303e-5
0.00020003439221342342
0.00025986178518303535
0.000327517566541565
0.0018571704335055487
0.0016630773947789094
0.0007571481118137499
0.0004159736780509531
0.00030059446582073024
0.000219685864578013
0.00018693359307750987
6.854222379163848e-5
4.287999649934271e-5
2.4577980279232366e-5
2.289838388372861e-5
0.00017369267421887732
0.0003442163942534029
0.0005057914140691892
0.0006628322514645663
0.0007677662960744062
0.0
0.0
2.261296737833602e-5
0.00014502701971033137
0.00024618169301192307
0.000391640264533849
0.00041249174865194005
0.0005170789051544199
0.0019352582164861441
0.001732135434612068
0.0008445318182143082
0.0005308072248092746
0.0003851587986844119
0.0002756015377491917
0.00022103412368008418
7.793647655286635e-5
4.1663228080472854e-5
1.7786419069913776e-5
1.6504192830146175e-5
0.0001618585452277668
0.00033564296077066895
0.0004868449056980672
0.0006165911728995844
0.0006919256676215442
0.0
0.0
6.249382015235462e-6
6.061694331436241e-5
0.00011425630539512729
0.0001723682046994092
0.0002627704207393956
0.00035225998784548955
0.0004474822672357712
0.00036092156797511507
0.00026627183059185517
0.0001559069202112366
0.00014896532414057862
7.44807455906464e-5
5.0845964979900706e-5
1.1294467830635992e-5
0.0
0.0
2.5234301624927587e-6
1.2614063561929445e-5
3.645058769641604e-5
3.586645760364258e-5
6.436473248610763e-5
7.988189226967187e-5
0.0001380881062970174
0.00021030884592297948
0.0002881037554859716
0.0003227991754071834
0.00032591458241600703
0.0003692368615097116
0.00038706649690467765
0.0005432823981572199
0.002322629045322504
0.0019329506736264642
0.0008716023363500874
0.0004851979421463435
0.00033350761040267364
0.0002288846670938889
0.000184706450591115
6.380454072150014e-5
2.489690617101889e-5
6.339023519973753e-7
3.056186235320513e-7
7.901021397316135e-5
0.00016931388224292448
0.00021805459843830393
0.00030510412845105356
0.00042095671182142163
0.0
0.0
0.0
4.363149537125339e-6
2.2142643966406806e-5
4.941856186549141e-5
8.431648243587769e-5
0.0001884664863786146
0.001695997785338357
0.0015446583443338275
0.0010116817325429618
0.0007262331524092351
0.0005751317352027584
0.0004487562701336275
0.00045941191973773076
0.0003417748390481178
0.0002299609161842522
0.00018994281600202525
0.00015611247660879147
0.00022112613271544417
0.0
0.0
0.0
0.0
0.0
0.0
0.0
9.53307830551466e-6
3.260218472941655e-5
4.907009363235098e-5
8.45665359327242e-5
0.00014092537058557153
0.00021088558346207492
0.00016690890455326848
0.00011650653865799638
5.3135249957207356e-5
3.94654700740537e-5
5.713702699852998e-6
0.0
0.0
0.0
0.0
0.0
0.0
0.0
0.0
4.434416816706794e-6
2.1503209635664856e-5
2.417868524021108e-5
1.1628730376047026e-5
3.180133868430711e-6
3.723773435844852e-6
4.202684898992528e-6
1.0752777448043409e-5
1.1959076946896668e-5
1.264695393625662e-5
0.0016736944402200452
0.0012786859741907295
0.0004606007066356588
0.00022561708491575675
6.453759825525523e-5
1.0668872199362496e-5
4.2056141785835655e-6
0.0
0.0
0.0
0.0
2.1596493467393034e-5
9.429145097879293e-5
0.00015227708659959507
0.00030558348118759157
0.0004064994150996305
0.0
0.0
0.0
0.0
1.4820348133831195e-6
3.953113392114217e-5
9.338283577125283e-5
0.00013134726938229235
0.001599298925311049
0.0013763547280395995
0.00045435936889134677
0.0001839578578893271
9.008819373369577e-5
4.016264515118235e-5
2.9609033469341984e-5
0.0
0.0
0.0
0.0
5.265236400955019e-6
4.1509255364424056e-5
8.817809511766461e-5
0.00016060472513939464
0.0001917896714581875
0.0
0.0
0.0
0.0
0.0
0.0
0.0
1.0619094233769687e-5
0.0012774534681932836
0.0010458142418857434
0.00024023215426805205
0.00011765958472313015
5.7628393503098146e-5
1.4445782590282188e-5
4.0475020387424004e-6
0.0
0.0
0.0
0.0
4.717570472153721e-6
1.360485086938605e-5
3.96323416906494e-5
0.00010831726991116263
0.0001892223294843359
0.0
0.0
0.0
0.0
0.0
0.0
0.0
7.716457230095262e-6
0.0012311318761619337
0.0010941840338039735
0.00032783612791030504
0.0001702980583776557
8.715317350180648e-5
3.719845341193467e-5
2.0166838619511873e-5
0.0
0.0
0.0
0.0
7.375299911494801e-6
8.257240586875291e-5
0.00016096261667128585
0.00027798128356334436
0.00041563384067611086
0.0
0.0
0.0
0.0
5.8310423047558514e-5
0.0001051824579830639
0.00022090863374525307
0.00033252476861731834
0.0017466640056146496
0.0017307631680462607
0.0009310556269099668
0.0005455764956276087
0.00033511727843683604
0.0002559647305401003
0.00020410208365527688
5.6830018282192366e-5
2.196381632258213e-5
2.0934999157286243e-6
2.55989307742292e-6
0.00015441379699902285
0.0003433255411243013
0.00048154767760412047
0.0006164967518983858
0.0007123659828910267
0.0
0.0
0.0
4.2824098035121574e-5
0.00014549769789401425
0.0002566199847656682
0.0003329316843683561
0.000410133265696079
0.0018956630585566666
0.0017480623955651651
0.0011433348630787773
0.0008362091342954224
0.0006498422457942837
0.0005147911061426574
0.0004633863943863506
0.00030797024113952276
0.00019057699075934517
0.00015420480323788752
0.0001906033333618806
0.00037360911834453606
0.0
0.0
0.0
0.0
0.0
5.303260206418862e-6
3.176305414461298e-5
6.21832014635975e-5
0.00011065234864674672
0.00014850765017140484
0.00022443702115184372
0.00029628167675198596
0.0003434876713774698
0.00026321723505534606
0.00014858419922229505
0.0001053292306512936
4.417403683572479e-5
9.76740253977563e-6
0.0
0.0
0.0
0.0
0.0
0.0
1.0247226423720775e-5
3.096521969315361e-5
4.4799488963029147e-5
5.961209809837528e-5
7.69425611117586e-5
0.00010399065445149183
0.00012202504094061881
0.00013265823929966427
0.00018654386096698703
0.00030782544298756293
0.00039037487695796157
0.0004468908263467881
0.0020940211113721196
0.0017532001567140928
0.0007042690140091214
0.0003420353278526033
0.00020856575417068816
0.00011526853319436947
7.282097714522095e-5
4.971936106814093e-6
0.0
0.0
5.659750652839315e-7
5.337984766051644e-5
0.0001320871215073034
0.0002020857827671329
0.00030661261794767415
0.0004859692514379185
0.0
0.0
0.0
0.0
0.0
4.4847689493760046e-5
0.00012285179544756051
0.00017149404850079033
0.001623525078551728
0.0013573214184808616
0.00041685770943857014
0.00017465191447914598
8.070146594651085e-5
3.287479507015239e-5
1.166418420747683e-5
0.0
0.0
0.0
0.0
1.216518694616098e-5
7.222084167488468e-5
0.0001000914414420699
0.00016786890657576525
0.0002772934201381423
0.0
0.0
0.0
0.0
0.0
0.0
7.910199918896034e-6
3.917245625974733e-5
0.0014068603018768716
0.0012236712845366527
0.0003667809364049264
0.00017175245302670128
8.935593065639093e-5
3.984702113478899e-5
2.2105317069404406e-5
0.0
0.0
0.0
0.0
1.72294639697506e-5
0.00011723647187753928
0.00018534346553846195
0.0002621927030967655
0.00037754985308181745
0.0
0.0
0.0
0.0
0.0
5.5482004277222206e-6
3.397473482775765e-5
5.3861235634295826e-5
0.0014535745059370724
0.0012494141043355707
0.00037011243556821623
0.00017463720863117424
8.608015991230625e-5
3.0862313007397945e-5
1.0895140340627055e-5
0.0
0.0
0.0
0.0
1.650327813696879e-5
6.753732953431813e-5
9.338890740823467e-5
0.0001823490624096094
0.0002585868632532243
0.0
0.0
0.0
0.0
0.0
0.0
0.0
5.278225979759722e-6
0.0012924539022821447
0.0011117251017111925
0.0002944975920548609
0.0001243510230348043
4.845140780659693e-5
5.170376335198293e-6
0.0
0.0
0.0
0.0
0.0
7.909032928000114e-6
5.880990670355511e-5
8.641052981175436e-5
0.0001318073172105673
0.00020276429181002425
0.0
0.0
0.0
0.0
0.0
0.0
6.672918141438e-6
5.645907465584873e-5
0.001416289017744755
0.0013739615324535523
0.0008481701719358573
0.0005353857030798226
0.00042506547820662043
0.0003156923773384737
0.000288063313039964
0.0001698140772831219
0.0001034710871862415
7.488850323981735e-5
0.0001127444011272473
0.00024552638992032604
0.0
0.0
0.0
0.0
0.0
0.0
0.0
1.0994745451197896e-5
4.801097449560969e-5
9.48729244688002e-5
0.00011686878362716562
0.00016867652192450837
0.00023739607797182985
0.00021227033860717607
0.00012087333888850169
6.360259471271213e-5
1.4870810017848664e-5
0.0
0.0
0.0
0.0
0.0
0.0
0.0
0.0
0.0
6.625814648677187e-6
2.8459213285256593e-5
4.4322387460346204e-5
7.941474957606196e-5
7.627102207382839e-5
0.00013477197054752906
0.0001459058291382209
0.00018120628774274356
0.00021076844839108632
0.00027350559356060535
0.0019115820499644215
0.001617639882562945
0.0006156362316446582
0.0002419859994392578
0.00013409923273606232
5.698039402024105e-5
4.290634839299755e-5
0.0
0.0
0.0
1.9714218993011918e-7
3.6080525455463144e-5
0.00013059611033745743
0.00018047431056457833
0.0003095754319059451
0.0005087272528837611
0.0
0.0
0.0
0.0
1.1732564966338339e-5
4.24604172812183e-5
0.00012115883281258516
0.00016558557832357658
0.0016905107552327152
0.001478623802616623
0.0005072052176362294
0.00021931656033024924
0.00012245267498954982
4.8753190377820746e-5
3.041009857888758e-5
0.0
0.0
0.0
0.0
2.8798664377425966e-5
0.00010190520122960902
0.00013260986727765828
0.0001762249641518145
0.00021801089945493643
0.0
0.0
0.0
0.0
0.0
0.0
0.0
0.0
0.0011910790532476197
0.0009440705354098817
0.0002018283980949704
7.642355549906036e-5
1.7969369580054772e-5
0.0
3.8942102127392346e-5
2.4398869935568642e-5
0.0
7.875592276168237e-7
0.0
8.279020671267336e-5
0.00024999478069692867
0.00034544486715997364
0.0004867171449172304
0.0006022251303096995
0.0
0.0
0.0
1.880543635029622e-5
5.784221612633964e-5
0.00011614102840817323
0.00018028550960526302
0.0002503128273288871
0.0017713244742052151
0.0015455798897117906
0.0006484645347201429
0.00045757099902792996
0.00037663428688981544
0.00030585641833907076
0.0003027677563872623
0.00021936384358206668
0.00018450440176644883
0.00017804919086747694
0.00018107634162049533
0.0005172545478507128
0.0008142140678623789
0.0009559328428542227
0.0010709955355706778
0.001141652578153241
0.0
1.3091175021887546e-5
0.00013473212812376728
0.0002442221731347809
0.0003824137911359677
0.00046414181126196803
0.0005715725762221829
0.0006447844678167
0.0023179459595654324
0.0020816978951589587
0.0010384475646326955
0.0006580327492958286
0.0004797850369859421
0.0003762476347634703
0.000336539274623737
0.00018081645770294546
0.00011077695270401851
7.327495550590277e-5
7.782480141697549e-5
0.0002951973110799327
0.0005414163568023927
0.0006676378829234349
0.0008065384359074724
0.0009187128274713071
0.0
9.165897210018517e-6
0.00011667595564688133
0.0002375648467736565
0.00037218814812511544
0.00045306450041820653
0.0005469515780161675
0.000627012175063375
0.0021877010662519464
0.0021528968273813735
0.001544824501980486
0.001185402815849579
0.0009453781469601013
0.000793038778590455
0.0007506659206434327
0.000608119037599468
0.00045940449670304535
0.0004068204940549536
0.0005373587627913611
0.0008810404947563508
0.0
7.92198969644368e-6
5.8499895421730655e-5
0.0001245962973463554
0.00021334080724073437
0.0002842604574193599
0.00037336777472432884
0.0003551697707674472
0.0004607317666404137
0.0004455341734633553
0.0005379666320887103
0.000582341634238037
0.0007323522575887705
0.0005470900156956616
0.00036288734577180105
0.00020326491281736934
0.00018943997115209704
0.00010892232932418805
6.77825087433732e-5
3.766910911286158e-5
1.7421964091849324e-5
1.0316278352013345e-5
2.9930923315878472e-5
7.765676784071267e-5
0.0001237405025252912
0.0001703137858324173
0.00019972343417967695
0.0002524704741922106
0.0003151780849528881
0.00033396363695119014
0.00048312708222717453
0.0004720972413341396
0.0006121243771715272
0.0005716272421887335
0.0007198295494275667
0.0006830381465317275
0.0026134134664783522
0.002351674881525407
0.001258779837151103
0.0007899053448377672
0.0005532961604764435
0.00039064343566940976
0.00032667230476019795
0.00015703551045038268
7.600773508657045e-5
4.591305432258136e-5
6.112650820746092e-5
0.00027261120367047574
0.0005620260152138911
0.0006861294294995617
0.0007776969999494065
0.0008703208177254816
0.0
0.0
8.802219968771941e-5
0.00014025370039823145
0.00023347769122546768
0.0002749118204827073
0.0004287280532629568
0.000465175773487639
0.0021343616927455736
0.0019056184680441416
0.0008814424741619316
0.0004844648717277342
0.00036409647540041495
0.0002733984985083327
0.00021185320080598582
6.840221269174733e-5
2.396033481781119e-5
0.0
5.524012595747453e-7
0.00015223484218041767
0.00030369554916652073
0.00041420762908202935
0.0005851397289201193
0.0007272450142610847
0.0
0.0
2.0061166556962327e-5
6.938767847329877e-5
0.0001415504243999564
0.000163606830737732
0.0002815015478143398
0.0003148494749317032
0.001894651045285866
0.0017086566195748368
0.0007723623450789236
0.0004274046649975123
0.0003016258745224694
0.00020151710676422744
0.0001635224378126549
6.392861139401242e-5
3.856061632362323e-5
2.367685325377877e-5
2.9236977538228945e-5
0.0002035209660984132
0.00038620095878906784
0.0004974537028602777
0.0006101603920788048
0.0007676465309154024
0.0
0.0
7.831049707365226e-7
2.8867507277444402e-5
5.744855729072902e-5
9.228224879076208e-5
0.00011980541343593091
0.00019026681335493494
0.0017719955583946406
0.0016369213178208128
0.0009230446716618275
0.0006735432027318587
0.0005360880238374647
0.0004328549772127343
0.0005544691000992302
0.00040871915600418406
0.0003090033787783444
0.0002999187739811104
0.00030857271983456165
0.000603518438137732
0.0008042303226519469
0.0008617427932464466
0.0009326144630982543
0.0009690933269799589
0.0
0.0
3.660566520106923e-6
4.6756541697354586e-5
0.00013478799628228517
0.0001647342650432908
0.00020885826652750156
0.0002323525535356233
0.001871904504129057
0.001608440484451253
0.0006887560276473963
0.00034772298587711585
0.00023330540604171932
0.00018955551636792544
0.00019017343830588865
6.181351691541459e-5
2.5203388821544866e-5
4.238129636520061e-6
1.3600055001710396e-5
0.00015106555234600344
0.0003105746282527975
0.00043350257744041205
0.0005571299390899835
0.0006205962872058235
0.0
0.0
0.0
0.0
0.0
1.330518108557261e-5
1.7622025806834553e-5
8.029670643639719e-5
0.0015645683621688567
0.0014846616413985083
0.001139761798535543
0.001002793299433356
0.0009106578608039965
0.0008779595865066621
0.0009921212575773654
0.000978584929482916
0.0008524824968868906
0.000910273806904139
0.0009775417407812178
0.0011246149824218157
0.0
0.0
1.2654216072419586e-5
8.884267745183526e-5
0.00014159831694322603
0.00021158173748023911
0.00025538961397265
0.00030807952749354754
0.00032053651895346474
0.0003527759918568738
0.00041098630528388515
0.0004403256113548154
0.0004063707905076429
0.0004265603042794258
0.00040104580760483364
0.0002951754353145409
0.00021646925475202417
0.0001867548074628528
0.00015449502995740834
0.00011723577107732593
0.0001018331182927329
0.0001462378646242178
0.00017081368149696936
0.0002915773984774089
0.0003529868154645372
0.0003873918710305652
0.0004055236731319521
0.00044777032064412725
0.0004679639152771631
0.0005250840170773067
0.0005233840299396957
0.0005490356723022688
0.0005671184768964776
0.0005707090970536993
0.0006109215762415037
0.000597673193524234
0.0006699100307815626
0.0006510807482889739
0.00045787948172339117
0.00028440643383427196
0.0002485923846085498
0.0002354494065733813
0.0001638871940574581
0.0001213339451262021
5.606104952001884e-5
3.97843497951123e-5
7.356240023637112e-5
0.0001345631964863074
0.0002230992868720882
0.00026870192879505935
0.0003432162023981646
0.00036241059301479197
0.00046723498598060496
0.0004258600367715254
0.0005408415402241523
0.0005258530377733318
0.0006453268678107303
0.0005957704099555379
0.0007055230348645601
0.0006144218882517854
0.0026502819321976906
0.0023254887488916086
0.001317927028056177
0.0008999984835764826
0.0005663028112748356
0.00039826609049402594
0.0003355968866791584
0.00016923197710272655
0.00010618185023229287
6.660030118513002e-5
7.317236782985617e-5
0.0003031281299847352
0.0005613346086728859
0.0006322502154396054
0.0007103514045851902
0.000775287170191759
0.0
0.0
1.0199738212876541e-5
5.134912318597945e-5
0.00010207647287055797
0.0001538789929772123
0.0002300534222068495
0.00030981731173769105
0.001881823291485999
0.001715401544319154
0.0008901126575613662
0.0005101895061325413
0.0002873723563732086
0.00019162980514842421
0.00016798554836281642
6.867348885841138e-5
3.7640227755768196e-5
2.337251027793567e-5
1.6096186227183166e-5
0.0002260578505814807
0.0004921175861723958
0.0006194591907057968
0.0007061542261864574
0.0007342046464762915
0.0
0.0
0.0
0.0
1.4349593642447395e-5
4.439431172506248e-5
0.00013357120478900785
0.0001854051486667875
0.0017814764432407283
0.0016528702768139397
0.0007422781837685608
0.00039825086269988983
0.00041258868219972756
0.0004350053110447203
0.0005602836000917548
0.00044196370364052575
0.00037047539227219454
0.000365328121531053
0.00040040166897653366
0.0007855326479895509
0.001065350921286483
0.0011542963559553815
0.001224605664368978
0.0013081328172994957
0.0
0.0001108882602052144
0.0002897018711964268
0.00042983556828498026
0.0004767434146131962
0.0005800946199536158
0.0006938240856788898
0.0007051288345801997
0.0023883917551808334
0.0022086268609185357
0.0011635270914351708
0.000747845140290831
0.0005643386215145295
0.00048165616347561527
0.0004529827637672003
0.00027977845077019017
0.0001686884255796255
0.00012222482400309933
0.0001310007765857685
0.0004189429370659375
0.0007662008531113358
0.0008445420007552901
0.0008980371477675783
0.0010097632217824606
0.0
3.33478859866295e-5
0.00013642834631001673
0.00023030906100316703
0.0003518266176040489
0.0004783064223826293
0.0005678589442732816
0.000654400108955338
0.0022047690259752303
0.0021489270427758936
0.001505080296526691
0.0010998067865662382
0.0008868848291031008
0.0008053575166593554
0.0008242060734038958
0.0007209408567164022
0.0005948499560649778
0.0004976938101480362
0.0005535607321143537
0.0008559375637751147
0.0
8.087454275993019e-7
6.787676842093674e-5
9.995388078727609e-5
0.0001397319579153838
0.00015599040790955997
0.00025502829899194435
0.000295273600154783
0.0004305306351764322
0.0004543503264846665
0.0005513601228080077
0.0005458363728397752
0.0006270771234942674
0.0005366871816146982
0.0005117740059704293
0.0003525510409268142
0.00024866176253680405
0.00024318559800090068
0.00026781537828694807
0.00017096299121054163
0.00017579203940202003
0.00027765896104427695
0.00040128732061266614
0.00040371109778683615
0.00046356140445382777
0.0004878180498775184
0.0005959228380010686
0.0006114341600691132
0.0005993552902169501
0.0006976754256038016
